<?xml version="1.0"?>
<!DOCTYPE Section SYSTEM "section.dtd">

<Section index="34" thickness="0.085" alignLocked="true">
<Transform dim="0"
 xcoef=" 0 1 0 0 0 0"
 ycoef=" 0 0 1 0 0 0">
<Image mag="0.00855" contrast="1" brightness="0" red="true" green="true" blue="true"
 src="Aligned 633034.tif" />
<Contour name="domain1" hidden="false" closed="true" simplified="false" border="1 0 1" fill="1 0 1" mode="11"
 points="0 0,
	15991 0,
	15991 12171,
	0 12171,
	"/>
</Transform>

<Transform dim="0"
 xcoef=" 0 1 0 0 0 0"
 ycoef=" 0 0 1 0 0 0">
<Contour name="TB2 NF_15" hidden="true" closed="true" simplified="false" border="1 1 0" fill="1 1 0" mode="-9"
 points="78.4926 1.77384,
	78.6193 1.64714,
	78.8727 1.74217,
	79.1261 1.9639,
	79.2212 2.21731,
	79.1578 2.31233,
	79.0311 2.24898,
	78.5243 1.8372,
	78.5243 1.80552,
	"/>
</Transform>

<Transform dim="0"
 xcoef=" 0 1 0 0 0 0"
 ycoef=" 0 0 1 0 0 0">
<Contour name="TB2 NF_17" hidden="true" closed="true" simplified="true" border="1 0.501961 0.501961" fill="1 0.501961 0.501961" mode="-9"
 points="80.927 2.21526,
	81.2354 1.79464,
	81.6841 1.51423,
	81.9084 1.37402,
	82.1327 1.37402,
	82.2449 1.4301,
	82.329 1.54227,
	82.301 1.7666,
	82.1608 1.99093,
	82.1047 2.10309,
	81.6841 2.46763,
	81.5719 2.52371,
	81.3476 2.55175,
	81.1232 2.52371,
	80.927 2.32742,
	80.927 2.2433,
	"/>
</Transform>

<Transform dim="0"
 xcoef=" 0 1 0 0 0 0"
 ycoef=" 0 0 1 0 0 0">
<Contour name="TB2 NF_19_cw" hidden="false" closed="true" simplified="true" border="1 1 0" fill="1 0.502 0" mode="15"
 points="89.8149 1.07152,
	89.8578 0.957226,
	89.9078 0.914365,
	89.9363 0.892934,
	89.9935 0.871504,
	90.0506 0.86436,
	90.1078 0.871504,
	90.1649 0.907221,
	90.2435 1.02152,
	90.2792 1.07866,
	90.3221 1.19296,
	90.3149 1.25011,
	90.2864 1.27868,
	90.2578 1.29297,
	90.2435 1.29297,
	90.2292 1.30726,
	90.1149 1.3144,
	90.0578 1.30726,
	90.0006 1.28583,
	89.9435 1.25011,
	89.8435 1.14296,
	89.8149 1.08581,
	89.8149 1.07866,
	"/>
</Transform>

<Transform dim="0"
 xcoef=" 0 1 0 0 0 0"
 ycoef=" 0 0 1 0 0 0">
<Contour name="TB2 NF_23_cw" hidden="false" closed="true" simplified="true" border="0.973 0.757 0.016" fill="0.902 0.8 0.102" mode="15"
 points="81.0486 2.32006,
	81.0625 2.24567,
	81.0857 2.17128,
	81.0997 2.13408,
	81.1276 2.09688,
	81.1369 2.07829,
	81.1555 2.05969,
	81.1787 2.02249,
	81.188 2.0039,
	81.1973 1.9946,
	81.1973 1.9853,
	81.2857 1.83652,
	81.3089 1.79932,
	81.3461 1.76678,
	81.374 1.72958,
	81.5135 1.60405,
	81.5507 1.5715,
	81.5879 1.54825,
	81.5972 1.53896,
	81.6065 1.53896,
	81.6437 1.51106,
	81.653 1.50176,
	81.6623 1.50176,
	81.6995 1.46921,
	81.7088 1.46921,
	81.7832 1.41807,
	81.8204 1.39947,
	81.8297 1.39017,
	81.839 1.39017,
	81.8761 1.36693,
	81.9505 1.33438,
	82.0249 1.31578,
	82.0621 1.30648,
	82.1365 1.31578,
	82.1737 1.33438,
	82.2435 1.38552,
	82.276 1.41807,
	82.3178 1.49246,
	82.3225 1.52966,
	82.3178 1.56685,
	82.3039 1.60405,
	82.3039 1.62264,
	82.2992 1.63194,
	82.3039 1.70633,
	82.3039 1.74353,
	82.2853 1.81792,
	82.2295 1.9667,
	82.1923 2.04109,
	82.1412 2.11548,
	82.1086 2.15268,
	82.0714 2.18057,
	82.0528 2.18987,
	82.0342 2.20847,
	81.9598 2.25032,
	81.8111 2.29216,
	81.7739 2.30611,
	81.7367 2.31076,
	81.4391 2.39445,
	81.3647 2.41769,
	81.2903 2.45024,
	81.2531 2.46419,
	81.1787 2.47349,
	81.1043 2.45954,
	81.0718 2.42234,
	81.0579 2.38515,
	81.0532 2.34795,
	81.0532 2.32936,
	81.0486 2.32471,
	"/>
</Transform>

<Transform dim="0"
 xcoef=" 0 1 0 0 0 0"
 ycoef=" 0 0 1 0 0 0">
<Image mag="0.00855" contrast="1" brightness="0" red="true" green="true" blue="true"
 src="..\TF21_robdata\Rob's_latest_seg_files_TF21_TB2\Aligned 633034.tif" />
<Contour name="domain1" hidden="false" closed="true" simplified="false" border="1 0 1" fill="1 0 1" mode="11"
 points="0 0,
	15991 0,
	15991 12171,
	0 12171,
	"/>
</Transform>

<Transform dim="0"
 xcoef=" 0 1 0 0 0 0"
 ycoef=" 0 0 1 0 0 0">
<Contour name="TB2 NF_15" hidden="true" closed="true" simplified="false" border="1 1 0" fill="1 1 0" mode="-9"
 points="78.4926 1.77384,
	78.6193 1.64714,
	78.8727 1.74217,
	79.1261 1.9639,
	79.2212 2.21731,
	79.1578 2.31233,
	79.0311 2.24898,
	78.5243 1.8372,
	78.5243 1.80552,
	"/>
</Transform>

<Transform dim="0"
 xcoef=" 0 1 0 0 0 0"
 ycoef=" 0 0 1 0 0 0">
<Contour name="TB2 NF_10_rsl" hidden="false" closed="true" simplified="true" border="0.502 0.502 0.753" fill="0.502 0.502 0.753" mode="-9"
 points="78.7139 1.9691,
	78.7239 1.94906,
	78.7189 1.90898,
	78.734 1.86889,
	78.759 1.82881,
	78.7991 1.79374,
	78.8091 1.78371,
	78.8492 1.77369,
	78.8692 1.76367,
	78.8893 1.76367,
	78.8993 1.76367,
	78.9194 1.78371,
	78.9544 1.86388,
	78.9594 1.88392,
	78.9945 1.90898,
	79.0747 1.92401,
	79.1148 1.94906,
	79.1548 1.98914,
	79.1749 2.00918,
	79.1849 2.02923,
	79.22 2.06931,
	79.245 2.10939,
	79.2601 2.18956,
	79.235 2.26973,
	79.1999 2.3048,
	79.1899 2.31482,
	79.1097 2.31983,
	78.9494 2.29979,
	78.8692 2.28977,
	78.8292 2.27474,
	78.7891 2.23966,
	78.769 2.21962,
	78.759 2.2096,
	78.759 2.19958,
	78.7139 2.12442,
	78.7189 2.04426,
	78.7139 2.00417,
	78.7139 1.98413,
	78.7139 1.97411,
	"/>
</Transform>

<Transform dim="0"
 xcoef=" 0 1 0 0 0 0"
 ycoef=" 0 0 1 0 0 0">
<Contour name="TB2 NF_17" hidden="true" closed="true" simplified="true" border="1 0.501961 0.501961" fill="1 0.501961 0.501961" mode="-9"
 points="81.2784 1.76888,
	81.8216 1.42942,
	81.8895 1.38698,
	81.9064 1.37425,
	82.0422 1.37425,
	82.1101 1.37425,
	82.1441 1.3785,
	82.212 1.41244,
	82.2459 1.42942,
	82.2968 1.49731,
	82.3223 1.53125,
	82.3308 1.54823,
	82.3138 1.68401,
	82.3011 1.7519,
	82.2883 1.78585,
	82.2035 1.92163,
	82.161 1.98952,
	82.1271 2.05742,
	82.1101 2.09136,
	82.1016 2.10834,
	81.9659 2.22715,
	81.9319 2.25685,
	81.9149 2.26958,
	81.9107 2.27382,
	81.8852 2.28655,
	81.7494 2.31625,
	81.6816 2.32898,
	81.6137 2.35444,
	81.6052 2.36293,
	81.5967 2.36293,
	81.5882 2.37142,
	81.5712 2.37566,
	81.5627 2.38415,
	81.4949 2.40112,
	81.3591 2.42234,
	81.2912 2.43082,
	81.2742 2.43082,
	81.2657 2.43931,
	81.1299 2.43507,
	81.096 2.42658,
	81.079 2.40961,
	81.0493 2.34171,
	81.0366 2.30777,
	81.0323 2.23988,
	81.0451 2.17198,
	81.0578 2.13804,
	81.062 2.12107,
	81.0875 2.09561,
	81.1554 2.04893,
	81.2021 1.98528,
	81.2275 1.91739,
	81.2403 1.88344,
	81.2403 1.86647,
	81.253 1.83252,
	81.2615 1.81555,
	81.2657 1.78585,
	"/>
</Transform>

<Transform dim="0"
 xcoef=" 0 1 0 0 0 0"
 ycoef=" 0 0 1 0 0 0">
<Contour name="TB2 NF_10_rsl" hidden="false" closed="true" simplified="true" border="0.502 0.502 0.753" fill="0.502 0.502 0.753" mode="-9"
 points="78.5298 1.4427,
	78.5383 1.40876,
	78.5765 1.34087,
	78.5807 1.32389,
	78.6232 1.256,
	78.6529 1.22206,
	78.6868 1.20933,
	78.7038 1.20084,
	78.7717 1.20084,
	78.8396 1.21781,
	78.8735 1.23903,
	78.8905 1.24752,
	78.9117 1.28146,
	78.9244 1.34935,
	78.8863 1.48514,
	78.8778 1.55303,
	78.8735 1.58698,
	78.8396 1.61243,
	78.8311 1.64214,
	78.8269 1.65911,
	78.8184 1.6676,
	78.8099 1.70154,
	78.7759 1.76944,
	78.7674 1.77792,
	78.7674 1.78641,
	78.759 1.79065,
	78.759 1.79914,
	78.7377 1.83308,
	78.708 1.86279,
	78.6911 1.86279,
	78.6826 1.86279,
	78.6189 1.81611,
	78.5977 1.78641,
	78.585 1.76944,
	78.5468 1.63365,
	78.5298 1.49787,
	78.5298 1.46392,
	78.5298 1.44695,
	"/>
</Transform>

<Transform dim="0"
 xcoef=" 0 1 0 0 0 0"
 ycoef=" 0 0 1 0 0 0">
<Image mag="0.00855" contrast="1" brightness="0" red="true" green="true" blue="true"
 src="..\TF21_robdata\Rob's_latest_seg_files_TF21_TB2\Aligned 633034.tif" />
<Contour name="domain1" hidden="false" closed="true" simplified="false" border="1 0 1" fill="1 0 1" mode="11"
 points="0 0,
	15991 0,
	15991 12171,
	0 12171,
	"/>
</Transform>

<Transform dim="0"
 xcoef=" 0 1 0 0 0 0"
 ycoef=" 0 0 1 0 0 0">
<Contour name="TB2 NF_15" hidden="true" closed="true" simplified="false" border="1 1 0" fill="1 1 0" mode="-9"
 points="78.4926 1.77384,
	78.6193 1.64714,
	78.8727 1.74217,
	79.1261 1.9639,
	79.2212 2.21731,
	79.1578 2.31233,
	79.0311 2.24898,
	78.5243 1.8372,
	78.5243 1.80552,
	"/>
</Transform>

<Transform dim="0"
 xcoef=" 0 1 0 0 0 0"
 ycoef=" 0 0 1 0 0 0">
<Contour name="TB2 NF_10_rsl" hidden="false" closed="true" simplified="true" border="0.502 0.502 0.753" fill="0.502 0.502 0.753" mode="-9"
 points="78.7139 1.9691,
	78.7239 1.94906,
	78.7189 1.90898,
	78.734 1.86889,
	78.759 1.82881,
	78.7991 1.79374,
	78.8091 1.78371,
	78.8492 1.77369,
	78.8692 1.76367,
	78.8893 1.76367,
	78.8993 1.76367,
	78.9194 1.78371,
	78.9544 1.86388,
	78.9594 1.88392,
	78.9945 1.90898,
	79.0747 1.92401,
	79.1148 1.94906,
	79.1548 1.98914,
	79.1749 2.00918,
	79.1849 2.02923,
	79.22 2.06931,
	79.245 2.10939,
	79.2601 2.18956,
	79.235 2.26973,
	79.1999 2.3048,
	79.1899 2.31482,
	79.1097 2.31983,
	78.9494 2.29979,
	78.8692 2.28977,
	78.8292 2.27474,
	78.7891 2.23966,
	78.769 2.21962,
	78.759 2.2096,
	78.759 2.19958,
	78.7139 2.12442,
	78.7189 2.04426,
	78.7139 2.00417,
	78.7139 1.98413,
	78.7139 1.97411,
	"/>
</Transform>

<Transform dim="0"
 xcoef=" 0 1 0 0 0 0"
 ycoef=" 0 0 1 0 0 0">
<Contour name="TB2 NF_17" hidden="true" closed="true" simplified="true" border="1 0.501961 0.501961" fill="1 0.501961 0.501961" mode="-9"
 points="81.2784 1.76888,
	81.8216 1.42942,
	81.8895 1.38698,
	81.9064 1.37425,
	82.0422 1.37425,
	82.1101 1.37425,
	82.1441 1.3785,
	82.212 1.41244,
	82.2459 1.42942,
	82.2968 1.49731,
	82.3223 1.53125,
	82.3308 1.54823,
	82.3138 1.68401,
	82.3011 1.7519,
	82.2883 1.78585,
	82.2035 1.92163,
	82.161 1.98952,
	82.1271 2.05742,
	82.1101 2.09136,
	82.1016 2.10834,
	81.9659 2.22715,
	81.9319 2.25685,
	81.9149 2.26958,
	81.9107 2.27382,
	81.8852 2.28655,
	81.7494 2.31625,
	81.6816 2.32898,
	81.6137 2.35444,
	81.6052 2.36293,
	81.5967 2.36293,
	81.5882 2.37142,
	81.5712 2.37566,
	81.5627 2.38415,
	81.4949 2.40112,
	81.3591 2.42234,
	81.2912 2.43082,
	81.2742 2.43082,
	81.2657 2.43931,
	81.1299 2.43507,
	81.096 2.42658,
	81.079 2.40961,
	81.0493 2.34171,
	81.0366 2.30777,
	81.0323 2.23988,
	81.0451 2.17198,
	81.0578 2.13804,
	81.062 2.12107,
	81.0875 2.09561,
	81.1554 2.04893,
	81.2021 1.98528,
	81.2275 1.91739,
	81.2403 1.88344,
	81.2403 1.86647,
	81.253 1.83252,
	81.2615 1.81555,
	81.2657 1.78585,
	"/>
</Transform>

<Transform dim="0"
 xcoef=" 0 1 0 0 0 0"
 ycoef=" 0 0 1 0 0 0">
<Contour name="TB2 NF_10_rsl" hidden="false" closed="true" simplified="true" border="0.502 0.502 0.753" fill="0.502 0.502 0.753" mode="-9"
 points="78.5298 1.4427,
	78.5383 1.40876,
	78.5765 1.34087,
	78.5807 1.32389,
	78.6232 1.256,
	78.6529 1.22206,
	78.6868 1.20933,
	78.7038 1.20084,
	78.7717 1.20084,
	78.8396 1.21781,
	78.8735 1.23903,
	78.8905 1.24752,
	78.9117 1.28146,
	78.9244 1.34935,
	78.8863 1.48514,
	78.8778 1.55303,
	78.8735 1.58698,
	78.8396 1.61243,
	78.8311 1.64214,
	78.8269 1.65911,
	78.8184 1.6676,
	78.8099 1.70154,
	78.7759 1.76944,
	78.7674 1.77792,
	78.7674 1.78641,
	78.759 1.79065,
	78.759 1.79914,
	78.7377 1.83308,
	78.708 1.86279,
	78.6911 1.86279,
	78.6826 1.86279,
	78.6189 1.81611,
	78.5977 1.78641,
	78.585 1.76944,
	78.5468 1.63365,
	78.5298 1.49787,
	78.5298 1.46392,
	78.5298 1.44695,
	"/>
</Transform>

<Transform dim="0"
 xcoef=" 0 1 0 0 0 0"
 ycoef=" 0 0 1 0 0 0">
<Image mag="0.00855" contrast="1" brightness="0" red="true" green="true" blue="true"
 src="Aligned 633034.tif" />
<Contour name="a1" hidden="false" closed="true" simplified="false" border="1 0.5 0" fill="1 0.5 0" mode="11"
 points="0 0,
	15991 0,
	15991 12171,
	0 12171,
	"/>
</Transform>

<Transform dim="0"
 xcoef=" 0 1 0 0 0 0"
 ycoef=" 0 0 1 0 0 0">
<Contour name="EP_NF01_cw" hidden="false" closed="true" simplified="true" border="0.972549 0.756863 0.0156863" fill="0.972549 0.623529 0.262745" mode="15"
 points="128.2 78.1555,
	128.219 78.0571,
	128.225 77.9588,
	128.231 77.9096,
	128.243 77.8851,
	128.292 77.8359,
	128.317 77.8113,
	128.366 77.7929,
	128.465 77.799,
	128.514 77.8113,
	128.538 77.8175,
	128.637 77.7867,
	128.735 77.7683,
	128.833 77.7806,
	128.882 77.7867,
	129.079 77.8482,
	129.177 77.9158,
	129.319 78.1063,
	129.337 78.1555,
	129.343 78.2538,
	129.337 78.3521,
	129.337 78.3767,
	129.307 78.4197,
	129.282 78.4382,
	129.184 78.4628,
	129.085 78.4689,
	128.692 78.4505,
	128.643 78.4382,
	128.63 78.4259,
	128.434 78.3521,
	128.335 78.3275,
	128.286 78.3091,
	128.262 78.2968,
	128.213 78.2477,
	128.206 78.1985,
	128.206 78.1739,
	128.2 78.1616,
	"/>
<Contour name="EP_NF01_cw" hidden="false" closed="true" simplified="true" border="0.972549 0.756863 0.0156863" fill="0.972549 0.623529 0.262745" mode="15"
 points="127.721 74.3328,
	127.733 74.2836,
	127.782 74.1853,
	127.807 74.1361,
	127.967 73.9518,
	128.059 73.8534,
	128.127 73.7551,
	128.17 73.7059,
	128.268 73.6691,
	128.465 73.6199,
	128.489 73.6199,
	128.501 73.6138,
	128.514 73.6199,
	128.612 73.5892,
	128.637 73.5892,
	128.686 73.6076,
	128.784 73.6261,
	128.833 73.6629,
	128.882 73.6814,
	128.932 73.7121,
	129.024 73.8104,
	129.073 73.8596,
	129.122 73.8903,
	129.171 73.9088,
	129.22 73.9395,
	129.319 74.0255,
	129.368 74.0747,
	129.417 74.1116,
	129.448 74.1546,
	129.454 74.2529,
	129.442 74.3021,
	129.411 74.3513,
	129.368 74.4004,
	129.343 74.425,
	129.251 74.4865,
	129.227 74.5049,
	129.202 74.511,
	129.104 74.5664,
	129.061 74.6094,
	128.999 74.7077,
	128.975 74.7569,
	128.932 74.7999,
	128.919 74.8245,
	128.827 74.9044,
	128.729 74.9412,
	128.68 74.9412,
	128.63 74.9535,
	128.532 74.9474,
	128.434 74.929,
	128.237 74.8613,
	128.188 74.8368,
	128.176 74.8368,
	128.163 74.8245,
	127.967 74.763,
	127.918 74.7323,
	127.893 74.72,
	127.881 74.72,
	127.856 74.6954,
	127.832 74.6831,
	127.782 74.634,
	127.746 74.5848,
	127.727 74.5356,
	127.721 74.339,
	"/>
</Transform>

<Transform dim="0"
 xcoef=" 0 1 0 0 0 0"
 ycoef=" 0 0 1 0 0 0">
<Contour name="EP_NF01_cw" hidden="false" closed="true" simplified="true" border="0.972549 0.756863 0.0156863" fill="0.972549 0.623529 0.262745" mode="15"
 points="130.739 74.8521,
	130.77 74.8284,
	130.834 74.8205,
	130.96 74.8599,
	130.991 74.8836,
	131.023 74.9466,
	131.03 74.9624,
	130.999 75.0254,
	130.936 75.0411,
	130.873 75.0411,
	130.763 74.9151,
	130.739 74.8599,
	"/>
</Transform>

</Section>