<?xml version="1.0"?>
<!DOCTYPE Section SYSTEM "section.dtd">

<Section index="557" thickness="0.085" alignLocked="true">
<Transform dim="0"
 xcoef=" 0 1 0 0 0 0"
 ycoef=" 0 0 1 0 0 0">
<Image mag="0.00855" contrast="1" brightness="0" red="true" green="true" blue="true"
 src="Aligned 633557.tif" />
<Contour name="domain1" hidden="false" closed="true" simplified="false" border="1 0 1" fill="1 0 1" mode="11"
 points="0 0,
	15991 0,
	15991 12171,
	0 12171,
	"/>
</Transform>

<Transform dim="0"
 xcoef=" 0 1 0 0 0 0"
 ycoef=" 0 0 1 0 0 0">
<Contour name="TB2 Nucleus_72" hidden="false" closed="true" simplified="true" border="1 0 0" fill="1 0 0" mode="9"
 points="75.2549 47.9094,
	75.4737 47.4718,
	75.583 47.0343,
	75.5283 46.5968,
	75.6377 46.1593,
	76.0206 45.2842,
	76.0753 44.8467,
	76.4581 43.9716,
	77.1144 43.1512,
	77.9348 42.3309,
	78.3176 41.948,
	78.5364 41.7293,
	78.7004 41.6199,
	78.7004 41.5105,
	78.8098 41.4558,
	79.0286 41.5652,
	79.138 41.5652,
	79.7396 42.4403,
	79.8489 42.5496,
	80.013 43.4247,
	79.8489 44.2998,
	80.1224 44.7373,
	80.4505 45.6123,
	80.5599 46.4874,
	80.5052 46.9249,
	80.724 48.675,
	80.8334 49.5501,
	80.8881 49.9876,
	80.7787 50.4252,
	80.2318 51.3002,
	79.3567 52.0659,
	79.2473 52.1753,
	78.3723 52.23,
	77.4972 51.8471,
	77.0597 51.5737,
	76.1846 50.7533,
	75.9659 50.5892,
	75.8565 50.1517,
	75.9112 49.7142,
	75.9112 49.4954,
	75.4737 48.6203,
	75.3096 48.1828,
	75.2549 47.9641,
	"/>
</Transform>

<Transform dim="0"
 xcoef=" 0 1 0 0 0 0"
 ycoef=" 0 0 1 0 0 0">
<Contour name="TB2 Nucleus_73" hidden="false" closed="true" simplified="true" border="1 0 0" fill="1 0 0" mode="9"
 points="77.603 23.4029,
	77.6809 23.1953,
	77.8625 23.0137,
	77.9144 22.9618,
	78.0182 22.9358,
	78.2257 22.9618,
	78.6409 23.0915,
	78.8484 23.1175,
	79.056 23.0656,
	79.4452 22.7283,
	79.6008 22.5207,
	79.8084 22.4948,
	80.016 22.5467,
	80.4311 22.7802,
	80.6387 22.7802,
	80.8462 22.858,
	81.0538 22.9877,
	81.1057 22.9877,
	81.2095 23.0656,
	81.6246 23.1434,
	81.7284 23.1434,
	81.9359 23.2212,
	82.1435 23.3769,
	82.2473 23.4547,
	82.3251 23.6623,
	82.377 24.0774,
	82.403 24.285,
	82.403 24.3888,
	82.377 24.4407,
	82.403 24.5445,
	82.5327 24.752,
	82.7143 24.9596,
	82.7662 25.0634,
	83.1554 25.3747,
	83.3111 25.5563,
	83.4408 25.9715,
	83.3629 26.179,
	83.337 26.2828,
	83.2073 26.4904,
	83.2332 27.3206,
	83.2332 27.4244,
	83.1813 27.5282,
	83.1554 27.5541,
	83.0516 27.5022,
	82.9997 27.5022,
	83.1294 27.9174,
	83.1813 28.1249,
	83.2332 28.2287,
	83.2073 28.3325,
	83.1035 28.4103,
	82.8959 28.3844,
	82.4808 28.1509,
	82.2732 27.9952,
	81.8581 27.8655,
	81.7803 27.8395,
	81.5727 27.9174,
	81.4689 27.9433,
	81.3651 27.9174,
	81.2614 27.9433,
	81.1576 27.9174,
	81.1057 27.8914,
	81.0538 27.9174,
	80.95 27.8655,
	80.7424 27.8395,
	80.6387 27.8136,
	80.2495 27.4763,
	79.9381 27.139,
	79.7565 27.0093,
	79.3414 26.9314,
	79.1338 26.8017,
	78.7965 26.4125,
	78.5111 26.0234,
	78.096 25.6342,
	77.8106 25.245,
	77.7068 25.0374,
	77.6549 24.8299,
	77.629 24.4147,
	77.6809 23.5845,
	77.7068 23.4807,
	77.629 23.5326,
	77.603 23.4288,
	"/>
</Transform>

<Transform dim="0"
 xcoef=" 0 1 0 0 0 0"
 ycoef=" 0 0 1 0 0 0">
<Contour name="TB2 Nucleus_75" hidden="false" closed="true" simplified="true" border="1 0 0" fill="1 0 0" mode="9"
 points="72.7556 66.5194,
	72.9883 66.3178,
	73.0659 66.1937,
	73.159 65.9454,
	73.19 65.8213,
	73.1745 65.7128,
	73.1434 65.6972,
	73.1434 65.449,
	73.0659 65.2008,
	73.0504 65.0767,
	73.0659 65.0147,
	73.2986 64.813,
	73.3606 64.6889,
	73.3761 64.6268,
	73.6088 64.4252,
	73.7329 64.3631,
	73.795 64.3476,
	73.9191 64.2701,
	73.9811 64.2235,
	74.1052 64.1925,
	74.1673 64.1615,
	74.1983 64.1615,
	74.2293 64.1304,
	74.3535 64.1149,
	74.4155 64.1149,
	74.5396 64.1615,
	74.6637 64.2856,
	74.7103 64.3476,
	74.7258 64.4097,
	74.7103 64.4717,
	74.6327 64.5803,
	74.5241 64.6889,
	74.5086 64.751,
	74.5706 64.813,
	74.6327 64.844,
	74.7568 64.844,
	75.005 64.751,
	75.1136 64.6268,
	75.1601 64.5027,
	75.1912 64.2545,
	75.2067 64.1304,
	75.0981 63.8822,
	75.0826 63.8202,
	75.1291 63.6961,
	75.2067 63.572,
	75.3308 63.4789,
	75.3773 63.4479,
	75.4704 63.3238,
	75.5169 63.0756,
	75.5014 62.8273,
	75.5169 62.7032,
	75.5945 62.455,
	75.61 62.393,
	75.7031 62.2689,
	75.9513 62.1448,
	76.0133 62.1293,
	76.1374 62.0207,
	76.1995 61.9897,
	76.3546 61.757,
	76.4632 61.7104,
	76.5873 61.6329,
	76.6183 61.6018,
	76.8665 61.5553,
	76.9907 61.5398,
	77.1148 61.5863,
	77.363 61.6018,
	77.4871 61.5863,
	77.7353 61.6018,
	77.8594 61.5863,
	77.9835 61.6173,
	78.0145 61.6794,
	78.0145 61.8035,
	77.9059 62.0517,
	77.8283 62.2999,
	77.7198 62.5481,
	77.7042 62.6722,
	77.7042 62.7343,
	77.7353 62.7963,
	77.7663 63.0445,
	77.7818 63.1686,
	77.7508 63.4168,
	77.5957 63.9133,
	77.3785 64.4097,
	77.3009 64.5338,
	77.0527 64.7354,
	76.8355 64.9371,
	76.8045 65.0612,
	76.82 65.1853,
	76.6339 65.418,
	76.5253 65.5266,
	76.4012 65.6042,
	76.2771 65.6507,
	76.0444 65.8058,
	75.8117 65.992,
	75.7031 66.1006,
	75.61 66.3488,
	75.5635 66.4108,
	75.5324 66.4419,
	75.4083 66.4263,
	75.2842 66.3798,
	75.1601 66.3643,
	75.0515 66.4574,
	75.005 66.5815,
	74.9429 66.6435,
	74.7103 66.7831,
	74.5861 66.8297,
	74.462 66.8297,
	74.3379 66.7987,
	73.8415 66.8297,
	73.7174 66.8297,
	73.6554 66.8297,
	73.6243 66.8452,
	73.1279 66.7521,
	73.0038 66.7056,
	72.8797 66.6901,
	72.8177 66.6746,
	72.7556 66.6125,
	72.7556 66.5505,
	72.7556 66.5349,
	"/>
</Transform>

<Transform dim="0"
 xcoef=" 0 1 0 0 0 0"
 ycoef=" 0 0 1 0 0 0">
<Contour name="TB2 Nucleus_41" hidden="false" closed="true" simplified="true" border="1 0 0" fill="1 0 0" mode="9"
 points="63.1488 60.8778,
	63.2587 60.2917,
	63.4418 59.7057,
	63.5517 59.4126,
	63.6616 59.2661,
	63.4785 58.9731,
	63.5517 58.68,
	63.8814 58.094,
	64.0645 57.8009,
	64.211 57.691,
	64.3576 57.6544,
	64.5041 57.691,
	64.6506 57.8009,
	64.7971 57.8376,
	65.3832 57.691,
	65.6762 57.5445,
	65.9693 57.6544,
	66.2623 57.9108,
	66.4454 58.1672,
	67.0315 58.2771,
	67.3245 58.2771,
	67.4711 58.2405,
	68.0571 58.3137,
	68.3502 58.3504,
	68.4967 58.3504,
	68.7897 58.4969,
	69.0827 58.5335,
	69.3758 58.68,
	69.5223 58.7167,
	69.7787 58.9731,
	69.8153 59.1196,
	69.9252 59.2661,
	70.2182 59.3027,
	70.5113 59.4126,
	70.7677 59.669,
	70.8409 59.8155,
	70.8409 59.8888,
	70.9142 59.9621,
	70.9508 60.1086,
	71.1706 60.4016,
	71.427 60.5848,
	71.5369 60.7313,
	71.6468 61.0243,
	71.72 61.6104,
	71.6102 62.1964,
	71.427 62.7825,
	71.3171 63.0755,
	71.2439 63.6616,
	71.2072 63.8081,
	71.0241 63.9913,
	70.8776 64.0279,
	70.5845 64.2477,
	70.4014 64.5407,
	70.3281 64.8337,
	70.1816 64.9436,
	69.5955 65.0902,
	69.0095 65.0902,
	68.9362 65.0535,
	68.6432 65.1634,
	68.4967 65.1634,
	68.4234 65.1634,
	68.1304 65.3466,
	67.8373 65.3832,
	67.5443 65.2733,
	67.3612 65.0169,
	67.3245 64.8704,
	67.0315 64.6872,
	66.885 64.5773,
	66.5919 64.5041,
	66.2989 64.5041,
	66.1524 64.5407,
	65.603 64.1012,
	65.3099 63.9546,
	65.0169 63.8814,
	64.7239 63.7349,
	64.1378 63.3319,
	64.0279 63.1854,
	63.8814 62.5994,
	63.7349 62.3063,
	63.4785 62.0499,
	63.2953 61.7569,
	63.1854 61.4639,
	63.1488 60.9144,
	"/>
</Transform>

<Transform dim="0"
 xcoef=" 0 1 0 0 0 0"
 ycoef=" 0 0 1 0 0 0">
<Contour name="TB2 Nucleus_53" hidden="false" closed="true" simplified="true" border="1 0 0" fill="1 0 0" mode="9"
 points="64.7841 49.4227,
	64.842 49.1139,
	64.8613 48.9596,
	65.0736 48.342,
	65.1508 48.1876,
	65.6332 47.5894,
	66.1929 47.0104,
	66.5016 46.7403,
	66.656 46.6052,
	66.9648 46.528,
	67.042 46.5087,
	67.1964 46.5859,
	67.3507 46.6245,
	67.5051 46.6052,
	67.5823 46.6631,
	67.9297 47.2806,
	68.0069 47.435,
	68.0069 47.4736,
	68.1227 47.628,
	68.142 47.7052,
	68.1613 47.7438,
	67.949 48.0525,
	67.8911 48.2069,
	67.8911 48.3613,
	68.0455 48.5157,
	68.0648 48.6701,
	68.0262 48.8245,
	67.8332 49.1332,
	67.7946 49.2876,
	67.7946 49.3648,
	67.8718 49.5192,
	67.8911 49.6736,
	67.8718 49.828,
	67.7367 49.9824,
	67.6788 50.0596,
	67.5244 50.156,
	67.4472 50.2332,
	67.4086 50.2718,
	67.37 50.2718,
	67.0613 50.4841,
	66.9069 50.5806,
	66.8297 50.6578,
	66.7911 50.6578,
	66.6367 50.8122,
	66.5788 50.8894,
	66.5402 51.0438,
	66.5788 51.1981,
	66.656 51.3525,
	66.7718 51.5069,
	66.7718 51.5455,
	66.9648 51.8543,
	66.9455 52.0087,
	66.7911 52.1438,
	66.6367 52.2402,
	66.4823 52.2595,
	66.3279 52.2402,
	65.7104 52.0087,
	65.6718 51.9701,
	65.6332 51.9701,
	65.3437 51.7578,
	65.2086 51.6227,
	65.1315 51.5455,
	64.9964 50.928,
	64.9385 50.7736,
	64.842 50.156,
	64.8034 50.0017,
	64.7841 49.6929,
	64.7841 49.5385,
	64.7841 49.4613,
	64.7841 49.442,
	"/>
</Transform>

<Transform dim="0"
 xcoef=" 0 1 0 0 0 0"
 ycoef=" 0 0 1 0 0 0">
<Contour name="TB2 Nucleus_44" hidden="false" closed="true" simplified="true" border="1 0 0" fill="1 0 1" mode="9"
 points="81.2454 43.0462,
	81.2857 42.9388,
	81.3797 42.8448,
	81.4334 42.7911,
	81.5274 42.724,
	81.5811 42.6703,
	81.608 42.6166,
	81.5945 42.4018,
	81.5811 42.3615,
	81.6214 42.1467,
	81.6482 42.0392,
	81.7019 41.9318,
	81.7825 41.8647,
	81.8362 41.905,
	81.8765 41.811,
	81.8899 41.7573,
	81.9705 41.6633,
	82.0779 41.623,
	82.1316 41.6364,
	82.2122 41.7304,
	82.2524 41.7841,
	82.3867 42.2138,
	82.5075 43.0731,
	82.5478 43.2879,
	82.5613 43.3953,
	82.6955 43.825,
	82.7224 43.9324,
	82.7224 44.1472,
	82.6821 44.3621,
	82.6015 44.5769,
	82.5613 44.7917,
	82.521 44.8991,
	82.4404 45.0066,
	82.333 45.1005,
	82.2793 45.1274,
	82.1987 45.2214,
	81.9973 45.3422,
	81.9436 45.3422,
	81.9168 45.3154,
	81.9033 45.208,
	81.7959 44.9931,
	81.6885 44.9529,
	81.4871 44.7783,
	81.4334 44.7514,
	81.3394 44.644,
	81.3394 44.6172,
	81.2991 44.5635,
	81.2857 44.4561,
	81.2991 44.3486,
	81.3394 44.2412,
	81.3663 44.1875,
	81.4737 44.0935,
	81.5274 44.0801,
	81.5542 44.0264,
	81.5811 43.9995,
	81.5945 43.9458,
	81.5677 43.8384,
	81.5005 43.731,
	81.4066 43.6236,
	81.3394 43.5162,
	81.2991 43.4088,
	81.2589 43.1939,
	81.2454 43.0865,
	81.2454 43.0597,
	"/>
<Contour name="TB2 Nucleus_44" hidden="false" closed="true" simplified="true" border="1 0 0" fill="1 0 1" mode="9"
 points="81.5811 46.0673,
	81.6482 45.8524,
	81.7154 45.745,
	81.9033 45.5705,
	82.1182 45.4631,
	82.2122 45.4094,
	82.3061 45.3154,
	82.3464 45.2617,
	82.4136 45.0468,
	82.5075 44.9394,
	82.5613 44.8857,
	82.6821 44.6709,
	82.7761 44.2412,
	82.7895 44.0264,
	82.8029 43.919,
	82.7761 43.7042,
	82.6687 43.2745,
	82.6552 42.8448,
	82.6552 42.63,
	82.6015 42.2004,
	82.5881 41.9855,
	82.5881 41.8781,
	82.5344 41.6633,
	82.5344 41.6096,
	82.5613 41.5559,
	82.6687 41.5156,
	82.7224 41.5022,
	82.9372 41.5156,
	82.9506 41.5022,
	82.9641 41.529,
	82.9909 41.529,
	83.058 41.7439,
	83.0715 41.8513,
	83.0715 41.905,
	83.152 42.1198,
	83.2192 42.2272,
	83.4206 42.4286,
	83.4474 42.4286,
	83.6622 42.6032,
	83.7562 42.7106,
	83.7562 42.7374,
	83.7965 42.7911,
	83.8099 42.8448,
	83.9308 43.0597,
	84.2396 43.4893,
	84.2396 43.5162,
	84.2665 43.543,
	84.3336 43.7579,
	84.3604 43.9727,
	84.347 44.1875,
	84.3067 44.4024,
	84.2262 44.6172,
	84.1322 45.0468,
	84.0919 45.1543,
	84.0651 45.208,
	84.0651 45.3154,
	84.1053 45.5302,
	84.1322 45.6376,
	84.1188 46.0673,
	84.0516 46.2821,
	84.0113 46.3895,
	83.8771 46.6043,
	83.8771 46.8192,
	83.8368 47.034,
	83.8368 47.0609,
	83.8099 47.0877,
	83.8099 47.1146,
	83.6085 47.316,
	83.4071 47.4368,
	83.1923 47.4637,
	83.1386 47.4771,
	83.1118 47.4771,
	83.0043 47.5442,
	82.9506 47.5979,
	82.8432 47.6516,
	82.7358 47.6382,
	82.6821 47.6248,
	82.6552 47.5979,
	82.6284 47.5979,
	82.6015 47.5711,
	82.5747 47.5711,
	82.4673 47.5039,
	82.4136 47.4771,
	82.3599 47.4234,
	82.2524 47.3562,
	82.0376 47.2757,
	81.9839 47.2623,
	81.8765 47.1817,
	81.8094 47.0743,
	81.7154 46.9669,
	81.6751 46.8595,
	81.6482 46.8057,
	81.5811 46.3761,
	81.5811 46.1613,
	81.5811 46.1076,
	81.5811 46.0807,
	"/>
</Transform>

<Transform dim="0"
 xcoef=" 0 1 0 0 0 0"
 ycoef=" 0 0 1 0 0 0">
<Contour name="TB2 Nucleus_44" hidden="false" closed="true" simplified="true" border="1 0 0" fill="1 0 1" mode="9"
 points="81.9223 39.2402,
	81.979 38.9377,
	81.979 38.8998,
	82.0546 38.8431,
	82.1114 38.6918,
	82.187 38.6351,
	82.2248 38.5973,
	82.2626 38.5973,
	82.3005 38.5594,
	82.4518 38.5405,
	82.603 38.5594,
	82.7543 38.654,
	82.83 38.7296,
	82.8678 38.8053,
	82.8678 38.8809,
	82.7922 39.0322,
	82.7922 39.07,
	82.9434 39.1268,
	82.9813 39.1646,
	83.1326 39.2024,
	83.2082 39.2591,
	83.2271 39.4104,
	83.2082 39.4861,
	83.0758 39.6374,
	82.9624 39.7508,
	82.9056 39.8265,
	82.8678 39.8643,
	82.8678 39.9021,
	82.83 39.9399,
	82.9434 40.2425,
	83.0002 40.3182,
	83.0569 40.4694,
	83.0758 40.6207,
	83.038 40.6964,
	82.8867 40.7531,
	82.7354 40.772,
	82.5841 40.8287,
	82.5085 40.8287,
	82.4328 40.772,
	82.3383 40.4694,
	82.187 40.1669,
	82.187 40.129,
	82.0925 39.9778,
	81.979 39.6752,
	81.9223 39.3726,
	81.9223 39.297,
	81.9223 39.2591,
	"/>
</Transform>

<Transform dim="0"
 xcoef=" 0 1 0 0 0 0"
 ycoef=" 0 0 1 0 0 0">
<Contour name="TB2 Nucleus_93" hidden="false" closed="true" simplified="true" border="1 0 0" fill="1 0 1" mode="9"
 points="69.395 34.3811,
	69.4717 33.7675,
	69.5292 33.4607,
	69.6251 33.1539,
	69.7018 33.0005,
	69.721 32.9238,
	70.0853 32.3102,
	70.277 32.0034,
	70.3921 31.85,
	70.4688 31.6966,
	70.8906 31.083,
	70.929 31.0063,
	71.0057 30.9296,
	71.044 30.8529,
	71.2933 30.5461,
	71.5809 30.2584,
	72.1754 29.7791,
	73.3834 28.6094,
	73.5176 28.456,
	73.7861 28.2259,
	74.0929 28.0149,
	74.1696 27.9574,
	74.7832 27.8615,
	75.09 27.7465,
	75.2434 27.689,
	75.3968 27.689,
	75.5502 27.7273,
	75.7036 27.7273,
	76.0104 27.804,
	76.3172 27.9382,
	76.4706 27.9958,
	76.5473 28.0149,
	76.624 28.1683,
	76.7007 28.2259,
	76.7774 28.3793,
	76.8158 28.456,
	76.8925 29.0696,
	76.8925 29.3764,
	76.7582 30.6036,
	76.3939 31.8308,
	76.3556 31.9842,
	76.1446 32.2718,
	75.9912 32.3869,
	75.9145 32.4061,
	75.8762 32.4444,
	75.2626 32.6937,
	75.1859 32.7129,
	75.1092 32.7704,
	74.9558 32.8087,
	74.8791 32.8279,
	74.8407 32.8663,
	74.6873 32.9238,
	74.3805 33.1155,
	74.0737 33.3648,
	73.9395 33.5182,
	73.882 33.5949,
	73.882 33.6333,
	73.7477 33.7867,
	73.4985 34.0168,
	73.1917 34.266,
	72.8849 34.4578,
	72.7315 34.5537,
	72.1562 35.0714,
	72.0028 35.2248,
	71.7535 35.5124,
	71.6385 35.6658,
	71.6001 35.7425,
	71.5618 35.7809,
	71.5618 35.8192,
	71.37 36.126,
	71.2166 36.2603,
	71.0632 36.3561,
	70.9098 36.4137,
	70.603 36.4328,
	70.5263 36.4137,
	70.488 36.4137,
	70.3346 36.2986,
	70.1045 35.9918,
	69.9894 35.8384,
	69.9511 35.7617,
	69.8168 35.6083,
	69.6059 35.3015,
	69.4909 35.1481,
	69.4525 34.9947,
	69.4142 34.918,
	69.395 34.6112,
	69.395 34.4578,
	69.395 34.4003,
	"/>
</Transform>

<Transform dim="0"
 xcoef=" 0 1 0 0 0 0"
 ycoef=" 0 0 1 0 0 0">
<Contour name="TB2_T2C-02_AM_09" hidden="false" closed="true" simplified="true" border="1 0.5 0" fill="1 0.5 0" mode="13"
 points="73.1318 53.4574,
	73.1439 53.409,
	73.1439 53.3969,
	73.1681 53.3787,
	73.1923 53.3848,
	73.2407 53.4271,
	73.3133 53.5239,
	73.4343 53.7175,
	73.5251 53.9111,
	73.5553 54.0079,
	73.5735 54.1047,
	73.5795 54.2015,
	73.5735 54.2983,
	73.5674 54.3467,
	73.5069 54.5403,
	73.4646 54.6371,
	73.4525 54.6613,
	73.4525 54.6734,
	73.4404 54.6855,
	73.4343 54.7097,
	73.4101 54.7339,
	73.398 54.746,
	73.3738 54.74,
	73.3496 54.7218,
	73.3073 54.625,
	73.2831 54.5282,
	73.2226 54.141,
	73.1802 53.7538,
	73.1379 53.5602,
	73.1318 53.4634,
	"/>
</Transform>

<Transform dim="0"
 xcoef=" 0 1 0 0 0 0"
 ycoef=" 0 0 1 0 0 0">
<Contour name="TB2_T2C-02_AM_36" hidden="false" closed="true" simplified="true" border="1 0.5 0" fill="1 0.5 0" mode="13"
 points="72.3135 44.1016,
	72.3291 44.0704,
	72.3603 44.0471,
	72.4226 44.0471,
	72.4849 44.0704,
	72.5161 44.086,
	72.5628 44.1483,
	72.6017 44.273,
	72.6251 44.3353,
	72.6251 44.3664,
	72.6095 44.3976,
	72.5472 44.3898,
	72.4849 44.3664,
	72.4537 44.3509,
	72.3914 44.2963,
	72.3525 44.234,
	72.3291 44.2029,
	72.3135 44.1405,
	72.3135 44.1094,
	"/>
</Transform>

<Transform dim="0"
 xcoef=" 0 1 0 0 0 0"
 ycoef=" 0 0 1 0 0 0">
<Contour name="TB2 NF_24" hidden="true" closed="true" simplified="true" border="1 0.501961 0.25098" fill="1 0.501961 0.25098" mode="-9"
 points="97.833 14.5557,
	97.8998 14.3774,
	97.9444 14.2882,
	98.0336 14.2436,
	98.1227 14.3328,
	98.1673 14.5111,
	98.1673 14.6894,
	98.1227 14.7786,
	98.0336 14.8678,
	97.8553 14.8455,
	97.833 14.6671,
	97.833 14.578,
	"/>
</Transform>

<Transform dim="0"
 xcoef=" 0 1 0 0 0 0"
 ycoef=" 0 0 1 0 0 0">
<Contour name="TB2 NF_24_cw" hidden="false" closed="true" simplified="true" border="1 0.5 0" fill="1 0.682353 0.368627" mode="15"
 points="97.7304 14.757,
	97.7459 14.6335,
	97.7381 14.6026,
	97.742 14.5718,
	97.7536 14.5409,
	97.796 14.4792,
	97.823 14.4174,
	97.8308 14.3557,
	97.8423 14.3248,
	97.8694 14.2939,
	97.9272 14.2553,
	97.9543 14.2245,
	97.9851 14.2167,
	98.016 14.2167,
	98.0777 14.236,
	98.1395 14.263,
	98.1704 14.2823,
	98.1858 14.2901,
	98.2128 14.3209,
	98.2282 14.3518,
	98.2244 14.3827,
	98.2012 14.4444,
	98.1897 14.4753,
	98.1858 14.5062,
	98.1897 14.537,
	98.1819 14.5988,
	98.1742 14.6142,
	98.1742 14.6219,
	98.1511 14.6528,
	98.1433 14.6837,
	98.1472 14.7146,
	98.1511 14.7223,
	98.1318 14.784,
	98.1125 14.8149,
	98.0584 14.8728,
	98.0276 14.8959,
	97.9967 14.9075,
	97.9658 14.9114,
	97.9504 14.9075,
	97.935 14.9114,
	97.9311 14.9152,
	97.9388 14.9268,
	97.935 14.9307,
	97.9195 14.9152,
	97.8887 14.9114,
	97.8578 14.9152,
	97.7999 14.8805,
	97.796 14.8651,
	97.7729 14.8342,
	97.7574 14.8265,
	97.7381 14.7956,
	97.7304 14.7647,
	97.7304 14.7609,
	"/>
</Transform>

<Transform dim="0"
 xcoef=" 0 1 0 0 0 0"
 ycoef=" 0 0 1 0 0 0">
<Contour name="TB2 NF_01_cw" hidden="false" closed="true" simplified="true" border="0.502 0 0.502" fill="0.91 0 0.91" mode="15"
 points="80.3241 31.1136,
	80.3651 31.0479,
	80.4226 30.9823,
	80.4472 30.9494,
	80.4718 30.8838,
	80.5129 30.8181,
	80.6442 30.7114,
	80.7098 30.6868,
	80.7755 30.6868,
	80.8083 30.6868,
	80.8412 30.7032,
	80.9478 30.8345,
	80.9889 30.9659,
	80.9807 31.0315,
	80.9314 31.1628,
	80.8658 31.2285,
	80.8001 31.2613,
	80.7673 31.2531,
	80.7509 31.2531,
	80.7263 31.2203,
	80.7345 31.1875,
	80.7263 31.1546,
	80.6934 31.1464,
	80.4308 31.3106,
	80.398 31.3188,
	80.3651 31.3024,
	80.3405 31.2695,
	80.3241 31.2039,
	80.3323 31.1875,
	80.3241 31.1218,
	"/>
</Transform>

<Transform dim="0"
 xcoef=" 0 1 0 0 0 0"
 ycoef=" 0 0 1 0 0 0">
<Contour name="TB2 NF_01_cw" hidden="false" closed="true" simplified="true" border="0.502 0 0.502" fill="0.91 0 0.91" mode="15"
 points="74.5955 37.5152,
	74.7596 36.99,
	74.776 36.9243,
	74.7924 36.8915,
	74.7924 36.8586,
	74.8335 36.7273,
	74.8499 36.6617,
	74.8663 36.399,
	74.8909 36.2677,
	74.932 36.1364,
	74.9566 36.0707,
	75.0469 35.9394,
	75.1535 35.8163,
	75.1782 35.7835,
	75.2356 35.6522,
	75.2602 35.5865,
	75.3013 35.5209,
	75.3669 35.4552,
	75.3998 35.4388,
	75.4408 35.3731,
	75.4654 35.3075,
	75.5065 35.2418,
	75.5639 35.1844,
	75.5803 35.1926,
	75.5803 35.209,
	75.6132 35.2336,
	75.6296 35.2664,
	75.6296 35.2829,
	75.6952 35.3075,
	75.8265 35.2664,
	75.8922 35.2418,
	75.925 35.2336,
	76.0563 35.1433,
	76.1795 35.0366,
	76.2369 34.971,
	76.2369 34.9546,
	76.2944 34.8889,
	76.36 34.8479,
	76.6226 34.7248,
	76.6391 34.7083,
	76.6555 34.7083,
	76.7786 34.6345,
	76.9099 34.577,
	77.1725 34.5032,
	77.3038 34.495,
	77.4352 34.5114,
	77.5008 34.5524,
	77.5254 34.6181,
	77.5336 34.6837,
	77.4844 34.815,
	77.4516 34.8807,
	77.4352 34.9464,
	77.4105 34.9792,
	77.3531 35.1105,
	77.3367 35.1433,
	77.0822 35.3813,
	76.9509 35.406,
	76.9181 35.4142,
	76.8853 35.406,
	76.8524 35.4142,
	76.8114 35.4716,
	76.7868 35.5373,
	76.7868 35.6029,
	76.7868 35.6358,
	76.7622 35.6686,
	76.7457 35.685,
	76.6801 35.685,
	76.6144 35.6686,
	76.5488 35.6358,
	76.4831 35.5865,
	76.4175 35.5783,
	76.3518 35.6029,
	76.3354 35.6194,
	76.3108 35.685,
	76.3108 35.7014,
	76.1548 35.9641,
	76.0563 36.0872,
	75.9907 36.1446,
	75.884 36.2677,
	75.8265 36.3334,
	75.7527 36.4647,
	75.7198 36.5304,
	75.6296 36.6617,
	75.5147 36.7848,
	75.449 36.8422,
	75.4326 36.8668,
	75.3095 36.9735,
	75.0961 37.2362,
	74.9976 37.3675,
	74.8745 37.4988,
	74.8171 37.548,
	74.7842 37.5727,
	74.7678 37.5891,
	74.776 37.5973,
	74.6529 37.7122,
	74.6201 37.704,
	74.6037 37.6876,
	74.5955 37.5563,
	74.5955 37.5234,
	"/>
</Transform>

<Transform dim="0"
 xcoef=" 0 1 0 0 0 0"
 ycoef=" 0 0 1 0 0 0">
<Contour name="TB2 NF_01_cw" hidden="false" closed="true" simplified="true" border="0.502 0 0.502" fill="0.91 0 0.91" mode="15"
 points="76.6507 33.4129,
	76.6665 33.2866,
	76.6744 33.2235,
	76.7296 33.0972,
	76.7612 33.0341,
	76.7612 33.0183,
	76.8322 32.892,
	76.8796 32.8289,
	76.9033 32.7973,
	76.9585 32.7579,
	77.0216 32.7026,
	77.0532 32.6947,
	77.069 32.6947,
	77.0926 32.6632,
	77.1558 32.6395,
	77.282 32.7184,
	77.3452 32.7579,
	77.4083 32.7815,
	77.4714 32.8289,
	77.503 32.8368,
	77.5188 32.8368,
	77.5504 32.8605,
	77.5661 32.892,
	77.5504 33.0183,
	77.5267 33.0814,
	77.3767 33.3339,
	77.3452 33.3971,
	77.3294 33.4286,
	77.3294 33.4444,
	77.3057 33.476,
	77.2031 33.7285,
	77.1321 33.9811,
	77.1005 34.0442,
	76.998 34.1626,
	76.8717 34.2809,
	76.8086 34.3283,
	76.777 34.3283,
	76.7612 34.3283,
	76.7217 34.2652,
	76.6981 34.1389,
	76.6981 34.1073,
	76.6902 34.0994,
	76.6981 33.9732,
	76.6586 33.4681,
	76.6507 33.4365,
	76.6507 33.4208,
	"/>
</Transform>

<Transform dim="0"
 xcoef=" 0 1 0 0 0 0"
 ycoef=" 0 0 1 0 0 0">
<Contour name="TB2 NF_09_cw" hidden="false" closed="true" simplified="true" border="0.768627 0 0.384314" fill="0.501961 0 0.25098" mode="15"
 points="70.0533 5.29278,
	70.1154 4.49855,
	70.134 4.3,
	70.1402 4.20072,
	70.1464 4.15108,
	70.1464 4.13867,
	70.2395 4.0456,
	70.3326 3.96493,
	70.3822 3.93391,
	70.3946 3.9215,
	70.4008 3.87186,
	70.407 3.84704,
	70.4318 3.82222,
	70.6304 3.74776,
	70.7297 3.72294,
	70.7793 3.71053,
	70.8289 3.71674,
	70.8538 3.71674,
	71.0523 3.77258,
	71.2509 3.81601,
	71.3005 3.83463,
	71.3502 3.87806,
	71.3998 3.90909,
	71.4494 3.9215,
	71.4991 3.95252,
	71.5921 4.0456,
	71.6046 4.07042,
	71.6046 4.09523,
	71.6046 4.10764,
	71.5611 4.14487,
	71.5611 4.16969,
	71.6604 4.1821,
	71.6914 4.22554,
	71.6976 4.27518,
	71.6914 4.32482,
	71.6976 4.34964,
	71.6604 4.44891,
	71.6108 4.48614,
	71.5611 4.51096,
	71.5487 4.51096,
	71.5239 4.5606,
	71.4867 4.61024,
	71.437 4.64747,
	71.3874 4.66609,
	71.2881 4.67229,
	71.2695 4.6847,
	71.2137 4.78398,
	71.1206 4.87085,
	71.0213 4.94531,
	70.9282 5.04458,
	70.8848 5.09422,
	70.8352 5.13145,
	70.8103 5.15627,
	70.7111 5.21832,
	70.3139 5.36103,
	70.2147 5.36103,
	70.1898 5.34862,
	70.0906 5.34242,
	70.0657 5.34242,
	70.0533 5.33621,
	70.0533 5.3114,
	70.0533 5.29899,
	"/>
</Transform>

<Transform dim="0"
 xcoef=" 0 1 0 0 0 0"
 ycoef=" 0 0 1 0 0 0">
<Contour name="TB2 NF_10_cw" hidden="false" closed="true" simplified="true" border="0.807843 0 0.807843" fill="0.443137 0 0.443137" mode="15"
 points="72.549 4.31911,
	72.5709 4.23153,
	72.5928 4.18773,
	72.6093 4.16584,
	72.6202 4.15489,
	72.6257 4.16036,
	72.6421 4.13847,
	72.6859 4.12204,
	72.7297 4.09467,
	72.7516 4.07825,
	72.7735 4.07278,
	72.7954 4.05635,
	72.883 4.0454,
	72.9268 4.03446,
	72.9706 4.03446,
	72.9925 4.03446,
	73.0144 4.02351,
	73.1019 4.01803,
	73.1457 4.01803,
	73.1676 4.01256,
	73.2114 4.01803,
	73.299 4.0454,
	73.3428 4.06183,
	73.4304 4.07278,
	73.4742 4.07825,
	73.4961 4.08372,
	73.507 4.0892,
	73.5289 4.08372,
	73.7041 4.13299,
	73.7917 4.16584,
	73.8793 4.18773,
	74.0544 4.2589,
	74.0982 4.28627,
	74.1092 4.28627,
	74.1968 4.36291,
	74.2406 4.40122,
	74.2625 4.44502,
	74.2625 4.46691,
	74.2789 4.51071,
	74.2844 4.5545,
	74.3063 4.59829,
	74.3829 4.68588,
	74.4157 4.77347,
	74.4322 4.86105,
	74.4376 4.90485,
	74.4431 4.9158,
	74.4376 4.92674,
	74.4541 5.01433,
	74.4431 5.05812,
	74.4486 5.08002,
	74.4267 5.12381,
	74.3829 5.16213,
	74.2077 5.18403,
	74.1858 5.19498,
	74.0982 5.19498,
	74.0106 5.16761,
	73.9669 5.15666,
	73.9231 5.16213,
	73.8355 5.14571,
	73.7479 5.11834,
	73.3975 4.98149,
	73.31 4.94864,
	73.2662 4.92674,
	73.2224 4.8939,
	73.1457 4.81179,
	73.1129 4.76799,
	73.0636 4.68041,
	73.0417 4.63661,
	73.0198 4.61472,
	72.976 4.60924,
	72.8884 4.62019,
	72.8665 4.63114,
	72.779 4.62567,
	72.7352 4.61472,
	72.6914 4.58735,
	72.6202 4.51071,
	72.5874 4.46691,
	72.549 4.37933,
	72.549 4.33553,
	72.549 4.32459,
	"/>
</Transform>

<Transform dim="0"
 xcoef=" 0 1 0 0 0 0"
 ycoef=" 0 0 1 0 0 0">
<Contour name="TB2 NF_10_cw" hidden="false" closed="true" simplified="true" border="0.808 0 0.808" fill="0.443 0 0.443" mode="15"
 points="80.8387 31.5205,
	80.8644 31.3557,
	80.8799 31.3145,
	80.9057 31.2733,
	80.9829 31.196,
	81.0035 31.1909,
	81.0447 31.1651,
	81.086 31.1291,
	81.1066 31.0878,
	81.1375 31.0466,
	81.1529 31.026,
	81.1581 31.0054,
	81.1684 30.9951,
	81.2096 30.9951,
	81.2456 31.026,
	81.2765 31.0672,
	81.3487 31.1342,
	81.4208 31.2166,
	81.4774 31.299,
	81.5135 31.3815,
	81.5341 31.4639,
	81.529 31.5463,
	81.4826 31.7111,
	81.4671 31.7524,
	81.4156 31.8348,
	81.3538 31.9172,
	81.3435 31.9378,
	81.3229 31.9533,
	81.3023 31.9584,
	81.2611 31.943,
	81.2405 31.9223,
	81.2147 31.8811,
	81.1735 31.8708,
	81.0911 31.8811,
	81.0087 31.876,
	80.9881 31.876,
	80.9469 31.8554,
	80.9366 31.8554,
	80.916 31.8348,
	80.8644 31.7524,
	80.8541 31.7317,
	80.8387 31.5669,
	80.8387 31.5257,
	"/>
</Transform>

<Transform dim="0"
 xcoef=" 0 1 0 0 0 0"
 ycoef=" 0 0 1 0 0 0">
<Contour name="TB2 NF_10_cw" hidden="false" closed="true" simplified="true" border="0.808 0 0.808" fill="0.443 0 0.443" mode="15"
 points="73.6629 39.8287,
	73.6887 39.6911,
	73.6887 39.6223,
	73.6973 39.5879,
	73.7489 39.5191,
	73.8177 39.4761,
	73.8435 39.4417,
	73.8607 39.3041,
	73.8865 39.2353,
	73.9983 39.0976,
	74.1273 38.9686,
	74.1875 38.917,
	74.2305 38.8482,
	74.3423 38.7192,
	74.3853 38.6504,
	74.4111 38.616,
	74.4627 38.4784,
	74.5315 38.3408,
	74.5401 38.3064,
	74.5659 38.272,
	74.5917 38.2032,
	74.6003 38.1688,
	74.6175 38.1516,
	74.7293 37.8764,
	74.7637 37.8076,
	74.8153 37.7388,
	74.8325 37.7044,
	74.8927 37.6442,
	74.9099 37.6184,
	74.9701 37.5496,
	75.0647 37.412,
	75.2969 37.1367,
	75.4259 37.0077,
	75.4861 36.9561,
	75.555 36.8873,
	75.7528 36.6121,
	75.8302 36.4745,
	75.9248 36.3369,
	76.0366 36.1993,
	76.071 36.1305,
	76.1226 36.0617,
	76.1398 36.0359,
	76.2 35.9671,
	76.243 35.8983,
	76.3634 35.7779,
	76.372 35.7435,
	76.4322 35.6747,
	76.4666 35.6489,
	76.501 35.6489,
	76.6386 35.6919,
	76.7074 35.7005,
	76.7676 35.6317,
	76.7848 35.5973,
	76.7934 35.5285,
	76.7934 35.4941,
	76.8278 35.4597,
	76.9654 35.4167,
	77.0342 35.4081,
	77.0514 35.4081,
	77.0686 35.4253,
	77.06 35.5629,
	76.9912 35.8381,
	76.8966 36.1133,
	76.7332 36.3885,
	76.544 36.6637,
	76.4666 36.8013,
	76.3634 37.0765,
	76.243 37.3518,
	76.1656 37.627,
	76.071 37.9022,
	75.9936 38.0398,
	75.9592 38.1086,
	75.9334 38.143,
	75.9334 38.1602,
	75.9162 38.1774,
	75.8904 38.2462,
	75.8044 38.3838,
	75.5636 38.6504,
	75.4947 38.7106,
	75.3571 38.7966,
	75.2883 38.8138,
	75.0131 39.0288,
	74.9701 39.0976,
	74.9443 39.132,
	74.6691 39.3213,
	74.6003 39.3471,
	74.5315 39.3901,
	74.4885 39.4589,
	74.4283 39.5277,
	74.3595 39.5449,
	74.2907 39.5793,
	74.2563 39.6481,
	74.1273 39.7685,
	74.0585 39.8201,
	73.9209 39.8631,
	73.8521 39.8975,
	73.8177 39.8975,
	73.7489 39.9233,
	73.6801 39.9147,
	73.6629 39.8803,
	73.6629 39.8459,
	73.6629 39.8373,
	"/>
</Transform>

<Transform dim="0"
 xcoef=" 0 1 0 0 0 0"
 ycoef=" 0 0 1 0 0 0">
<Contour name="TB2 NF_13_cw" hidden="false" closed="true" simplified="true" border="1 0.501961 0.752941" fill="0.607843 0 0.305882" mode="15"
 points="81.2942 37.8669,
	81.3182 37.7389,
	81.4382 37.4829,
	81.5182 37.3629,
	81.5502 37.2348,
	81.5742 37.1708,
	81.6222 37.1068,
	81.6862 37.0588,
	81.8143 37.0028,
	81.8783 36.9708,
	81.9103 36.9548,
	81.9263 36.9628,
	81.9423 36.9548,
	82.0063 36.9788,
	82.0383 36.9868,
	82.1583 37.1068,
	82.1823 37.1388,
	82.1983 37.3949,
	82.1903 37.5229,
	82.1503 37.7789,
	82.0783 38.0349,
	82.0463 38.0989,
	82.0463 38.1149,
	82.0303 38.1309,
	82.0303 38.1469,
	81.9823 38.2109,
	81.9103 38.3389,
	81.8623 38.4029,
	81.7983 38.4589,
	81.7342 38.4829,
	81.7022 38.4829,
	81.6382 38.5229,
	81.5742 38.5789,
	81.5102 38.611,
	81.4462 38.603,
	81.4302 38.603,
	81.3742 38.5389,
	81.3262 38.2829,
	81.3022 38.0269,
	81.2942 37.8989,
	81.2942 37.8749,
	"/>
</Transform>

<Transform dim="0"
 xcoef=" 0 1 0 0 0 0"
 ycoef=" 0 0 1 0 0 0">
<Contour name="TB2 NF_15_cw" hidden="false" closed="true" simplified="true" border="1 0.282 0.282" fill="0.835 0 0" mode="15"
 points="62.7517 66.9696,
	62.8034 66.8869,
	62.824 66.8662,
	62.8757 66.7008,
	62.8344 66.6284,
	62.855 66.5871,
	62.8964 66.5664,
	62.9791 66.5767,
	63.0618 66.6077,
	63.2169 66.7628,
	63.2789 66.8455,
	63.3203 66.9282,
	63.3616 66.9592,
	63.3823 66.9799,
	63.5477 67.0006,
	63.6304 67.0316,
	63.6407 67.0729,
	63.6304 67.1556,
	63.589 67.2384,
	63.5684 67.2797,
	63.527 67.3211,
	63.4753 67.4038,
	63.3099 67.5175,
	63.2272 67.5278,
	63.1445 67.5071,
	62.9791 67.4038,
	62.9067 67.3211,
	62.8137 67.1556,
	62.7723 67.0729,
	62.7517 66.9902,
	62.7517 66.9799,
	"/>
</Transform>

<Transform dim="0"
 xcoef=" 0 1 0 0 0 0"
 ycoef=" 0 0 1 0 0 0">
<Contour name="TB2 NF_01_cw" hidden="false" closed="true" simplified="true" border="0.424 0 0" fill="0.749 0 0" mode="15"
 points="75.5447 57.2565,
	75.5557 57.2125,
	75.5667 57.1905,
	75.5722 57.1466,
	75.5777 57.1246,
	75.5667 57.0806,
	75.5777 56.9926,
	75.6107 56.9046,
	75.6162 56.8166,
	75.6162 56.7946,
	75.6327 56.7727,
	75.6767 56.8056,
	75.7097 56.8496,
	75.7262 56.8716,
	75.7317 56.8936,
	75.7427 56.9046,
	75.7427 56.9156,
	75.7592 56.9376,
	75.7757 56.9816,
	75.7867 57.0696,
	75.7812 57.1136,
	75.7537 57.1576,
	75.7317 57.174,
	75.7207 57.185,
	75.7097 57.185,
	75.6712 57.2235,
	75.6492 57.2455,
	75.5942 57.3335,
	75.5832 57.3445,
	75.5722 57.3445,
	75.5722 57.3555,
	75.5612 57.361,
	75.5502 57.35,
	75.5447 57.262,
	"/>
</Transform>

<Transform dim="0"
 xcoef=" 0 1 0 0 0 0"
 ycoef=" 0 0 1 0 0 0">
<Contour name="TB2 NF_01_cw" hidden="false" closed="true" simplified="true" border="0.424 0 0" fill="0.749 0 0" mode="15"
 points="73.3508 56.2173,
	73.3728 56.1293,
	73.4278 56.0468,
	73.4938 55.9644,
	73.5158 55.9479,
	73.5268 55.9369,
	73.5488 55.9369,
	73.5598 55.9314,
	73.6038 55.9534,
	73.6477 55.9864,
	73.6697 56.0084,
	73.7577 56.0523,
	73.8457 56.0798,
	73.9337 56.0963,
	73.9557 56.1018,
	73.9777 56.0963,
	74.0656 56.1073,
	74.1096 56.1128,
	74.1536 56.1348,
	74.1756 56.1513,
	74.1866 56.1513,
	74.2306 56.1953,
	74.2801 56.2833,
	74.2856 56.3713,
	74.2911 56.3933,
	74.3296 56.4372,
	74.3406 56.4812,
	74.3406 56.5032,
	74.2966 56.5912,
	74.2581 56.6297,
	74.1701 56.6572,
	74.1481 56.6682,
	74.0766 56.7507,
	74.0381 56.7782,
	73.9941 56.7946,
	73.9722 56.8001,
	73.8842 56.7782,
	73.8402 56.7617,
	73.7522 56.7452,
	73.7082 56.7397,
	73.6862 56.7232,
	73.6587 56.6352,
	73.6422 56.6132,
	73.5983 56.5857,
	73.5763 56.5747,
	73.4883 56.4922,
	73.4498 56.4482,
	73.3893 56.3603,
	73.3673 56.3163,
	73.3508 56.2283,
	73.3508 56.2228,
	"/>
</Transform>

<Transform dim="0"
 xcoef=" 0 1 0 0 0 0"
 ycoef=" 0 0 1 0 0 0">
<Contour name="TB2 NF_17_cw" hidden="false" closed="true" simplified="true" border="0.682 0 0" fill="1 0 0" mode="-15"
 points="63.0699 66.4972,
	63.0913 66.4401,
	63.127 66.383,
	63.1485 66.3544,
	63.2056 66.333,
	63.2627 66.3259,
	63.2913 66.3187,
	63.3198 66.3259,
	63.4341 66.3187,
	63.5483 66.3401,
	63.6554 66.433,
	63.7125 66.483,
	63.7554 66.5329,
	63.7768 66.5615,
	63.8553 66.79,
	63.8768 66.9042,
	63.8696 67.0185,
	63.8482 67.0756,
	63.8054 67.1256,
	63.7768 67.147,
	63.7197 67.1613,
	63.6911 67.1541,
	63.6626 67.1327,
	63.634 67.0756,
	63.6126 67.047,
	63.584 67.0328,
	63.5269 67.0256,
	63.4698 66.9899,
	63.4412 66.9685,
	63.327 66.9328,
	63.2698 66.8971,
	63.177 66.7828,
	63.1199 66.6686,
	63.0913 66.6115,
	63.0699 66.5044,
	"/>
</Transform>

<Transform dim="0"
 xcoef=" 0 1 0 0 0 0"
 ycoef=" 0 0 1 0 0 0">
<Image mag="0.00855" contrast="1" brightness="0" red="true" green="true" blue="true"
 src="..\TF21_robdata\Rob's_latest_seg_files_TF21_TB2\Aligned 633557.tif" />
<Contour name="domain1" hidden="false" closed="true" simplified="false" border="1 0 1" fill="1 0 1" mode="11"
 points="0 0,
	15991 0,
	15991 12171,
	0 12171,
	"/>
</Transform>

<Transform dim="0"
 xcoef=" 0 1 0 0 0 0"
 ycoef=" 0 0 1 0 0 0">
<Contour name="TB2 Nucleus_72" hidden="false" closed="true" simplified="true" border="1 0 0" fill="1 0 0" mode="9"
 points="75.2549 47.9094,
	75.4737 47.4718,
	75.583 47.0343,
	75.5283 46.5968,
	75.6377 46.1593,
	76.0206 45.2842,
	76.0753 44.8467,
	76.4581 43.9716,
	77.1144 43.1512,
	77.9348 42.3309,
	78.3176 41.948,
	78.5364 41.7293,
	78.7004 41.6199,
	78.7004 41.5105,
	78.8098 41.4558,
	79.0286 41.5652,
	79.138 41.5652,
	79.7396 42.4403,
	79.8489 42.5496,
	80.013 43.4247,
	79.8489 44.2998,
	80.1224 44.7373,
	80.4505 45.6123,
	80.5599 46.4874,
	80.5052 46.9249,
	80.724 48.675,
	80.8334 49.5501,
	80.8881 49.9876,
	80.7787 50.4252,
	80.2318 51.3002,
	79.3567 52.0659,
	79.2473 52.1753,
	78.3723 52.23,
	77.4972 51.8471,
	77.0597 51.5737,
	76.1846 50.7533,
	75.9659 50.5892,
	75.8565 50.1517,
	75.9112 49.7142,
	75.9112 49.4954,
	75.4737 48.6203,
	75.3096 48.1828,
	75.2549 47.9641,
	"/>
</Transform>

<Transform dim="0"
 xcoef=" 0 1 0 0 0 0"
 ycoef=" 0 0 1 0 0 0">
<Contour name="TB2 Nucleus_73" hidden="false" closed="true" simplified="true" border="1 0 0" fill="1 0 0" mode="9"
 points="77.603 23.4029,
	77.6809 23.1953,
	77.8625 23.0137,
	77.9144 22.9618,
	78.0182 22.9358,
	78.2257 22.9618,
	78.6409 23.0915,
	78.8484 23.1175,
	79.056 23.0656,
	79.4452 22.7283,
	79.6008 22.5207,
	79.8084 22.4948,
	80.016 22.5467,
	80.4311 22.7802,
	80.6387 22.7802,
	80.8462 22.858,
	81.0538 22.9877,
	81.1057 22.9877,
	81.2095 23.0656,
	81.6246 23.1434,
	81.7284 23.1434,
	81.9359 23.2212,
	82.1435 23.3769,
	82.2473 23.4547,
	82.3251 23.6623,
	82.377 24.0774,
	82.403 24.285,
	82.403 24.3888,
	82.377 24.4407,
	82.403 24.5445,
	82.5327 24.752,
	82.7143 24.9596,
	82.7662 25.0634,
	83.1554 25.3747,
	83.3111 25.5563,
	83.4408 25.9715,
	83.3629 26.179,
	83.337 26.2828,
	83.2073 26.4904,
	83.2332 27.3206,
	83.2332 27.4244,
	83.1813 27.5282,
	83.1554 27.5541,
	83.0516 27.5022,
	82.9997 27.5022,
	83.1294 27.9174,
	83.1813 28.1249,
	83.2332 28.2287,
	83.2073 28.3325,
	83.1035 28.4103,
	82.8959 28.3844,
	82.4808 28.1509,
	82.2732 27.9952,
	81.8581 27.8655,
	81.7803 27.8395,
	81.5727 27.9174,
	81.4689 27.9433,
	81.3651 27.9174,
	81.2614 27.9433,
	81.1576 27.9174,
	81.1057 27.8914,
	81.0538 27.9174,
	80.95 27.8655,
	80.7424 27.8395,
	80.6387 27.8136,
	80.2495 27.4763,
	79.9381 27.139,
	79.7565 27.0093,
	79.3414 26.9314,
	79.1338 26.8017,
	78.7965 26.4125,
	78.5111 26.0234,
	78.096 25.6342,
	77.8106 25.245,
	77.7068 25.0374,
	77.6549 24.8299,
	77.629 24.4147,
	77.6809 23.5845,
	77.7068 23.4807,
	77.629 23.5326,
	77.603 23.4288,
	"/>
</Transform>

<Transform dim="0"
 xcoef=" 0 1 0 0 0 0"
 ycoef=" 0 0 1 0 0 0">
<Contour name="TB2 Nucleus_75" hidden="false" closed="true" simplified="true" border="1 0 0" fill="1 0 0" mode="9"
 points="72.7556 66.5194,
	72.9883 66.3178,
	73.0659 66.1937,
	73.159 65.9454,
	73.19 65.8213,
	73.1745 65.7128,
	73.1434 65.6972,
	73.1434 65.449,
	73.0659 65.2008,
	73.0504 65.0767,
	73.0659 65.0147,
	73.2986 64.813,
	73.3606 64.6889,
	73.3761 64.6268,
	73.6088 64.4252,
	73.7329 64.3631,
	73.795 64.3476,
	73.9191 64.2701,
	73.9811 64.2235,
	74.1052 64.1925,
	74.1673 64.1615,
	74.1983 64.1615,
	74.2293 64.1304,
	74.3535 64.1149,
	74.4155 64.1149,
	74.5396 64.1615,
	74.6637 64.2856,
	74.7103 64.3476,
	74.7258 64.4097,
	74.7103 64.4717,
	74.6327 64.5803,
	74.5241 64.6889,
	74.5086 64.751,
	74.5706 64.813,
	74.6327 64.844,
	74.7568 64.844,
	75.005 64.751,
	75.1136 64.6268,
	75.1601 64.5027,
	75.1912 64.2545,
	75.2067 64.1304,
	75.0981 63.8822,
	75.0826 63.8202,
	75.1291 63.6961,
	75.2067 63.572,
	75.3308 63.4789,
	75.3773 63.4479,
	75.4704 63.3238,
	75.5169 63.0756,
	75.5014 62.8273,
	75.5169 62.7032,
	75.5945 62.455,
	75.61 62.393,
	75.7031 62.2689,
	75.9513 62.1448,
	76.0133 62.1293,
	76.1374 62.0207,
	76.1995 61.9897,
	76.3546 61.757,
	76.4632 61.7104,
	76.5873 61.6329,
	76.6183 61.6018,
	76.8665 61.5553,
	76.9907 61.5398,
	77.1148 61.5863,
	77.363 61.6018,
	77.4871 61.5863,
	77.7353 61.6018,
	77.8594 61.5863,
	77.9835 61.6173,
	78.0145 61.6794,
	78.0145 61.8035,
	77.9059 62.0517,
	77.8283 62.2999,
	77.7198 62.5481,
	77.7042 62.6722,
	77.7042 62.7343,
	77.7353 62.7963,
	77.7663 63.0445,
	77.7818 63.1686,
	77.7508 63.4168,
	77.5957 63.9133,
	77.3785 64.4097,
	77.3009 64.5338,
	77.0527 64.7354,
	76.8355 64.9371,
	76.8045 65.0612,
	76.82 65.1853,
	76.6339 65.418,
	76.5253 65.5266,
	76.4012 65.6042,
	76.2771 65.6507,
	76.0444 65.8058,
	75.8117 65.992,
	75.7031 66.1006,
	75.61 66.3488,
	75.5635 66.4108,
	75.5324 66.4419,
	75.4083 66.4263,
	75.2842 66.3798,
	75.1601 66.3643,
	75.0515 66.4574,
	75.005 66.5815,
	74.9429 66.6435,
	74.7103 66.7831,
	74.5861 66.8297,
	74.462 66.8297,
	74.3379 66.7987,
	73.8415 66.8297,
	73.7174 66.8297,
	73.6554 66.8297,
	73.6243 66.8452,
	73.1279 66.7521,
	73.0038 66.7056,
	72.8797 66.6901,
	72.8177 66.6746,
	72.7556 66.6125,
	72.7556 66.5505,
	72.7556 66.5349,
	"/>
</Transform>

<Transform dim="0"
 xcoef=" 0 1 0 0 0 0"
 ycoef=" 0 0 1 0 0 0">
<Contour name="TB2 Nucleus_76" hidden="false" closed="true" simplified="true" border="1 0 0" fill="1 0 0" mode="9"
 points="61.842 37.4243,
	61.9348 37.1275,
	61.9904 36.979,
	62.0461 36.9048,
	62.1574 36.6079,
	62.2317 36.4595,
	62.2317 36.3853,
	62.2873 36.2369,
	62.3244 36.1998,
	62.51 35.606,
	62.7512 35.0123,
	62.8068 34.8638,
	63.0109 34.567,
	63.1408 34.4371,
	63.2336 34.3072,
	63.4934 34.0103,
	63.6418 33.9176,
	63.7902 33.8619,
	63.9387 33.9547,
	64.1057 34.233,
	64.1613 34.3072,
	64.1799 34.3814,
	64.217 34.3629,
	64.2541 34.3814,
	64.2912 34.6783,
	64.2726 35.272,
	64.2541 35.5689,
	64.0871 36.1626,
	64.0685 36.2369,
	64.0314 36.274,
	63.9387 36.5708,
	63.883 36.7193,
	63.8644 36.7935,
	63.8088 36.8677,
	63.7531 37.0161,
	63.6604 37.1646,
	63.6604 37.2017,
	63.4934 37.48,
	63.3635 37.6284,
	63.2336 37.7212,
	63.1223 37.8697,
	63.0481 37.9439,
	62.8996 38.0181,
	62.8254 38.0366,
	62.677 38.0181,
	62.5285 38.0366,
	62.2317 38.2778,
	62.1574 38.315,
	62.1203 38.3521,
	62.0461 38.3706,
	62.009 38.3706,
	61.9533 38.2964,
	61.8791 37.9995,
	61.8606 37.7027,
	61.842 37.5542,
	61.842 37.48,
	61.842 37.4429,
	"/>
</Transform>

<Transform dim="0"
 xcoef=" 0 1 0 0 0 0"
 ycoef=" 0 0 1 0 0 0">
<Contour name="TB2 Nucleus_41" hidden="false" closed="true" simplified="true" border="1 0 0" fill="1 0 0" mode="9"
 points="63.1488 60.8778,
	63.2587 60.2917,
	63.4418 59.7057,
	63.5517 59.4126,
	63.6616 59.2661,
	63.4785 58.9731,
	63.5517 58.68,
	63.8814 58.094,
	64.0645 57.8009,
	64.211 57.691,
	64.3576 57.6544,
	64.5041 57.691,
	64.6506 57.8009,
	64.7971 57.8376,
	65.3832 57.691,
	65.6762 57.5445,
	65.9693 57.6544,
	66.2623 57.9108,
	66.4454 58.1672,
	67.0315 58.2771,
	67.3245 58.2771,
	67.4711 58.2405,
	68.0571 58.3137,
	68.3502 58.3504,
	68.4967 58.3504,
	68.7897 58.4969,
	69.0827 58.5335,
	69.3758 58.68,
	69.5223 58.7167,
	69.7787 58.9731,
	69.8153 59.1196,
	69.9252 59.2661,
	70.2182 59.3027,
	70.5113 59.4126,
	70.7677 59.669,
	70.8409 59.8155,
	70.8409 59.8888,
	70.9142 59.9621,
	70.9508 60.1086,
	71.1706 60.4016,
	71.427 60.5848,
	71.5369 60.7313,
	71.6468 61.0243,
	71.72 61.6104,
	71.6102 62.1964,
	71.427 62.7825,
	71.3171 63.0755,
	71.2439 63.6616,
	71.2072 63.8081,
	71.0241 63.9913,
	70.8776 64.0279,
	70.5845 64.2477,
	70.4014 64.5407,
	70.3281 64.8337,
	70.1816 64.9436,
	69.5955 65.0902,
	69.0095 65.0902,
	68.9362 65.0535,
	68.6432 65.1634,
	68.4967 65.1634,
	68.4234 65.1634,
	68.1304 65.3466,
	67.8373 65.3832,
	67.5443 65.2733,
	67.3612 65.0169,
	67.3245 64.8704,
	67.0315 64.6872,
	66.885 64.5773,
	66.5919 64.5041,
	66.2989 64.5041,
	66.1524 64.5407,
	65.603 64.1012,
	65.3099 63.9546,
	65.0169 63.8814,
	64.7239 63.7349,
	64.1378 63.3319,
	64.0279 63.1854,
	63.8814 62.5994,
	63.7349 62.3063,
	63.4785 62.0499,
	63.2953 61.7569,
	63.1854 61.4639,
	63.1488 60.9144,
	"/>
</Transform>

<Transform dim="0"
 xcoef=" 0 1 0 0 0 0"
 ycoef=" 0 0 1 0 0 0">
<Contour name="TB2 Nucleus_53" hidden="false" closed="true" simplified="true" border="1 0 0" fill="1 0 0" mode="9"
 points="64.7841 49.4227,
	64.842 49.1139,
	64.8613 48.9596,
	65.0736 48.342,
	65.1508 48.1876,
	65.6332 47.5894,
	66.1929 47.0104,
	66.5016 46.7403,
	66.656 46.6052,
	66.9648 46.528,
	67.042 46.5087,
	67.1964 46.5859,
	67.3507 46.6245,
	67.5051 46.6052,
	67.5823 46.6631,
	67.9297 47.2806,
	68.0069 47.435,
	68.0069 47.4736,
	68.1227 47.628,
	68.142 47.7052,
	68.1613 47.7438,
	67.949 48.0525,
	67.8911 48.2069,
	67.8911 48.3613,
	68.0455 48.5157,
	68.0648 48.6701,
	68.0262 48.8245,
	67.8332 49.1332,
	67.7946 49.2876,
	67.7946 49.3648,
	67.8718 49.5192,
	67.8911 49.6736,
	67.8718 49.828,
	67.7367 49.9824,
	67.6788 50.0596,
	67.5244 50.156,
	67.4472 50.2332,
	67.4086 50.2718,
	67.37 50.2718,
	67.0613 50.4841,
	66.9069 50.5806,
	66.8297 50.6578,
	66.7911 50.6578,
	66.6367 50.8122,
	66.5788 50.8894,
	66.5402 51.0438,
	66.5788 51.1981,
	66.656 51.3525,
	66.7718 51.5069,
	66.7718 51.5455,
	66.9648 51.8543,
	66.9455 52.0087,
	66.7911 52.1438,
	66.6367 52.2402,
	66.4823 52.2595,
	66.3279 52.2402,
	65.7104 52.0087,
	65.6718 51.9701,
	65.6332 51.9701,
	65.3437 51.7578,
	65.2086 51.6227,
	65.1315 51.5455,
	64.9964 50.928,
	64.9385 50.7736,
	64.842 50.156,
	64.8034 50.0017,
	64.7841 49.6929,
	64.7841 49.5385,
	64.7841 49.4613,
	64.7841 49.442,
	"/>
</Transform>

<Transform dim="0"
 xcoef=" 0 1 0 0 0 0"
 ycoef=" 0 0 1 0 0 0">
<Contour name="TB2 Nucleus_44" hidden="false" closed="true" simplified="true" border="1 0 0" fill="1 0 1" mode="9"
 points="81.2454 43.0462,
	81.2857 42.9388,
	81.3797 42.8448,
	81.4334 42.7911,
	81.5274 42.724,
	81.5811 42.6703,
	81.608 42.6166,
	81.5945 42.4018,
	81.5811 42.3615,
	81.6214 42.1467,
	81.6482 42.0392,
	81.7019 41.9318,
	81.7825 41.8647,
	81.8362 41.905,
	81.8765 41.811,
	81.8899 41.7573,
	81.9705 41.6633,
	82.0779 41.623,
	82.1316 41.6364,
	82.2122 41.7304,
	82.2524 41.7841,
	82.3867 42.2138,
	82.5075 43.0731,
	82.5478 43.2879,
	82.5613 43.3953,
	82.6955 43.825,
	82.7224 43.9324,
	82.7224 44.1472,
	82.6821 44.3621,
	82.6015 44.5769,
	82.5613 44.7917,
	82.521 44.8991,
	82.4404 45.0066,
	82.333 45.1005,
	82.2793 45.1274,
	82.1987 45.2214,
	81.9973 45.3422,
	81.9436 45.3422,
	81.9168 45.3154,
	81.9033 45.208,
	81.7959 44.9931,
	81.6885 44.9529,
	81.4871 44.7783,
	81.4334 44.7514,
	81.3394 44.644,
	81.3394 44.6172,
	81.2991 44.5635,
	81.2857 44.4561,
	81.2991 44.3486,
	81.3394 44.2412,
	81.3663 44.1875,
	81.4737 44.0935,
	81.5274 44.0801,
	81.5542 44.0264,
	81.5811 43.9995,
	81.5945 43.9458,
	81.5677 43.8384,
	81.5005 43.731,
	81.4066 43.6236,
	81.3394 43.5162,
	81.2991 43.4088,
	81.2589 43.1939,
	81.2454 43.0865,
	81.2454 43.0597,
	"/>
<Contour name="TB2 Nucleus_44" hidden="false" closed="true" simplified="true" border="1 0 0" fill="1 0 1" mode="9"
 points="81.5811 46.0673,
	81.6482 45.8524,
	81.7154 45.745,
	81.9033 45.5705,
	82.1182 45.4631,
	82.2122 45.4094,
	82.3061 45.3154,
	82.3464 45.2617,
	82.4136 45.0468,
	82.5075 44.9394,
	82.5613 44.8857,
	82.6821 44.6709,
	82.7761 44.2412,
	82.7895 44.0264,
	82.8029 43.919,
	82.7761 43.7042,
	82.6687 43.2745,
	82.6552 42.8448,
	82.6552 42.63,
	82.6015 42.2004,
	82.5881 41.9855,
	82.5881 41.8781,
	82.5344 41.6633,
	82.5344 41.6096,
	82.5613 41.5559,
	82.6687 41.5156,
	82.7224 41.5022,
	82.9372 41.5156,
	82.9506 41.5022,
	82.9641 41.529,
	82.9909 41.529,
	83.058 41.7439,
	83.0715 41.8513,
	83.0715 41.905,
	83.152 42.1198,
	83.2192 42.2272,
	83.4206 42.4286,
	83.4474 42.4286,
	83.6622 42.6032,
	83.7562 42.7106,
	83.7562 42.7374,
	83.7965 42.7911,
	83.8099 42.8448,
	83.9308 43.0597,
	84.2396 43.4893,
	84.2396 43.5162,
	84.2665 43.543,
	84.3336 43.7579,
	84.3604 43.9727,
	84.347 44.1875,
	84.3067 44.4024,
	84.2262 44.6172,
	84.1322 45.0468,
	84.0919 45.1543,
	84.0651 45.208,
	84.0651 45.3154,
	84.1053 45.5302,
	84.1322 45.6376,
	84.1188 46.0673,
	84.0516 46.2821,
	84.0113 46.3895,
	83.8771 46.6043,
	83.8771 46.8192,
	83.8368 47.034,
	83.8368 47.0609,
	83.8099 47.0877,
	83.8099 47.1146,
	83.6085 47.316,
	83.4071 47.4368,
	83.1923 47.4637,
	83.1386 47.4771,
	83.1118 47.4771,
	83.0043 47.5442,
	82.9506 47.5979,
	82.8432 47.6516,
	82.7358 47.6382,
	82.6821 47.6248,
	82.6552 47.5979,
	82.6284 47.5979,
	82.6015 47.5711,
	82.5747 47.5711,
	82.4673 47.5039,
	82.4136 47.4771,
	82.3599 47.4234,
	82.2524 47.3562,
	82.0376 47.2757,
	81.9839 47.2623,
	81.8765 47.1817,
	81.8094 47.0743,
	81.7154 46.9669,
	81.6751 46.8595,
	81.6482 46.8057,
	81.5811 46.3761,
	81.5811 46.1613,
	81.5811 46.1076,
	81.5811 46.0807,
	"/>
</Transform>

<Transform dim="0"
 xcoef=" 0 1 0 0 0 0"
 ycoef=" 0 0 1 0 0 0">
<Contour name="TB2 Nucleus_44" hidden="false" closed="true" simplified="true" border="1 0 0" fill="1 0 1" mode="9"
 points="81.9223 39.2402,
	81.979 38.9377,
	81.979 38.8998,
	82.0546 38.8431,
	82.1114 38.6918,
	82.187 38.6351,
	82.2248 38.5973,
	82.2626 38.5973,
	82.3005 38.5594,
	82.4518 38.5405,
	82.603 38.5594,
	82.7543 38.654,
	82.83 38.7296,
	82.8678 38.8053,
	82.8678 38.8809,
	82.7922 39.0322,
	82.7922 39.07,
	82.9434 39.1268,
	82.9813 39.1646,
	83.1326 39.2024,
	83.2082 39.2591,
	83.2271 39.4104,
	83.2082 39.4861,
	83.0758 39.6374,
	82.9624 39.7508,
	82.9056 39.8265,
	82.8678 39.8643,
	82.8678 39.9021,
	82.83 39.9399,
	82.9434 40.2425,
	83.0002 40.3182,
	83.0569 40.4694,
	83.0758 40.6207,
	83.038 40.6964,
	82.8867 40.7531,
	82.7354 40.772,
	82.5841 40.8287,
	82.5085 40.8287,
	82.4328 40.772,
	82.3383 40.4694,
	82.187 40.1669,
	82.187 40.129,
	82.0925 39.9778,
	81.979 39.6752,
	81.9223 39.3726,
	81.9223 39.297,
	81.9223 39.2591,
	"/>
</Transform>

<Transform dim="0"
 xcoef=" 0 1 0 0 0 0"
 ycoef=" 0 0 1 0 0 0">
<Contour name="TB2 Nucleus_93" hidden="false" closed="true" simplified="true" border="1 0 0" fill="1 0 1" mode="9"
 points="69.395 34.3811,
	69.4717 33.7675,
	69.5292 33.4607,
	69.6251 33.1539,
	69.7018 33.0005,
	69.721 32.9238,
	70.0853 32.3102,
	70.277 32.0034,
	70.3921 31.85,
	70.4688 31.6966,
	70.8906 31.083,
	70.929 31.0063,
	71.0057 30.9296,
	71.044 30.8529,
	71.2933 30.5461,
	71.5809 30.2584,
	72.1754 29.7791,
	73.3834 28.6094,
	73.5176 28.456,
	73.7861 28.2259,
	74.0929 28.0149,
	74.1696 27.9574,
	74.7832 27.8615,
	75.09 27.7465,
	75.2434 27.689,
	75.3968 27.689,
	75.5502 27.7273,
	75.7036 27.7273,
	76.0104 27.804,
	76.3172 27.9382,
	76.4706 27.9958,
	76.5473 28.0149,
	76.624 28.1683,
	76.7007 28.2259,
	76.7774 28.3793,
	76.8158 28.456,
	76.8925 29.0696,
	76.8925 29.3764,
	76.7582 30.6036,
	76.3939 31.8308,
	76.3556 31.9842,
	76.1446 32.2718,
	75.9912 32.3869,
	75.9145 32.4061,
	75.8762 32.4444,
	75.2626 32.6937,
	75.1859 32.7129,
	75.1092 32.7704,
	74.9558 32.8087,
	74.8791 32.8279,
	74.8407 32.8663,
	74.6873 32.9238,
	74.3805 33.1155,
	74.0737 33.3648,
	73.9395 33.5182,
	73.882 33.5949,
	73.882 33.6333,
	73.7477 33.7867,
	73.4985 34.0168,
	73.1917 34.266,
	72.8849 34.4578,
	72.7315 34.5537,
	72.1562 35.0714,
	72.0028 35.2248,
	71.7535 35.5124,
	71.6385 35.6658,
	71.6001 35.7425,
	71.5618 35.7809,
	71.5618 35.8192,
	71.37 36.126,
	71.2166 36.2603,
	71.0632 36.3561,
	70.9098 36.4137,
	70.603 36.4328,
	70.5263 36.4137,
	70.488 36.4137,
	70.3346 36.2986,
	70.1045 35.9918,
	69.9894 35.8384,
	69.9511 35.7617,
	69.8168 35.6083,
	69.6059 35.3015,
	69.4909 35.1481,
	69.4525 34.9947,
	69.4142 34.918,
	69.395 34.6112,
	69.395 34.4578,
	69.395 34.4003,
	"/>
</Transform>

<Transform dim="0"
 xcoef=" 0 1 0 0 0 0"
 ycoef=" 0 0 1 0 0 0">
<Contour name="TB2_T2C-02_AM_09" hidden="false" closed="true" simplified="true" border="1 0.5 0" fill="1 0.5 0" mode="13"
 points="73.1318 53.4574,
	73.1439 53.409,
	73.1439 53.3969,
	73.1681 53.3787,
	73.1923 53.3848,
	73.2407 53.4271,
	73.3133 53.5239,
	73.4343 53.7175,
	73.5251 53.9111,
	73.5553 54.0079,
	73.5735 54.1047,
	73.5795 54.2015,
	73.5735 54.2983,
	73.5674 54.3467,
	73.5069 54.5403,
	73.4646 54.6371,
	73.4525 54.6613,
	73.4525 54.6734,
	73.4404 54.6855,
	73.4343 54.7097,
	73.4101 54.7339,
	73.398 54.746,
	73.3738 54.74,
	73.3496 54.7218,
	73.3073 54.625,
	73.2831 54.5282,
	73.2226 54.141,
	73.1802 53.7538,
	73.1379 53.5602,
	73.1318 53.4634,
	"/>
</Transform>

<Transform dim="0"
 xcoef=" 0 1 0 0 0 0"
 ycoef=" 0 0 1 0 0 0">
<Contour name="TB2_T2C-02_AM_36" hidden="false" closed="true" simplified="true" border="1 0.5 0" fill="1 0.5 0" mode="13"
 points="72.3135 44.1016,
	72.3291 44.0704,
	72.3603 44.0471,
	72.4226 44.0471,
	72.4849 44.0704,
	72.5161 44.086,
	72.5628 44.1483,
	72.6017 44.273,
	72.6251 44.3353,
	72.6251 44.3664,
	72.6095 44.3976,
	72.5472 44.3898,
	72.4849 44.3664,
	72.4537 44.3509,
	72.3914 44.2963,
	72.3525 44.234,
	72.3291 44.2029,
	72.3135 44.1405,
	72.3135 44.1094,
	"/>
</Transform>

<Transform dim="0"
 xcoef=" 0 1 0 0 0 0"
 ycoef=" 0 0 1 0 0 0">
<Contour name="TB2 NF_24" hidden="true" closed="true" simplified="true" border="1 0.501961 0.25098" fill="1 0.501961 0.25098" mode="-9"
 points="97.833 14.5557,
	97.8998 14.3774,
	97.9444 14.2882,
	98.0336 14.2436,
	98.1227 14.3328,
	98.1673 14.5111,
	98.1673 14.6894,
	98.1227 14.7786,
	98.0336 14.8678,
	97.8553 14.8455,
	97.833 14.6671,
	97.833 14.578,
	"/>
</Transform>

<Transform dim="0"
 xcoef=" 0 1 0 0 0 0"
 ycoef=" 0 0 1 0 0 0">
<Contour name="TB2 NF_24_cw" hidden="false" closed="true" simplified="true" border="1 0.5 0" fill="1 0.682353 0.368627" mode="15"
 points="97.7304 14.757,
	97.7459 14.6335,
	97.7381 14.6026,
	97.742 14.5718,
	97.7536 14.5409,
	97.796 14.4792,
	97.823 14.4174,
	97.8308 14.3557,
	97.8423 14.3248,
	97.8694 14.2939,
	97.9272 14.2553,
	97.9543 14.2245,
	97.9851 14.2167,
	98.016 14.2167,
	98.0777 14.236,
	98.1395 14.263,
	98.1704 14.2823,
	98.1858 14.2901,
	98.2128 14.3209,
	98.2282 14.3518,
	98.2244 14.3827,
	98.2012 14.4444,
	98.1897 14.4753,
	98.1858 14.5062,
	98.1897 14.537,
	98.1819 14.5988,
	98.1742 14.6142,
	98.1742 14.6219,
	98.1511 14.6528,
	98.1433 14.6837,
	98.1472 14.7146,
	98.1511 14.7223,
	98.1318 14.784,
	98.1125 14.8149,
	98.0584 14.8728,
	98.0276 14.8959,
	97.9967 14.9075,
	97.9658 14.9114,
	97.9504 14.9075,
	97.935 14.9114,
	97.9311 14.9152,
	97.9388 14.9268,
	97.935 14.9307,
	97.9195 14.9152,
	97.8887 14.9114,
	97.8578 14.9152,
	97.7999 14.8805,
	97.796 14.8651,
	97.7729 14.8342,
	97.7574 14.8265,
	97.7381 14.7956,
	97.7304 14.7647,
	97.7304 14.7609,
	"/>
</Transform>

<Transform dim="0"
 xcoef=" 0 1 0 0 0 0"
 ycoef=" 0 0 1 0 0 0">
<Contour name="TB2 NF_02_rsl" hidden="false" closed="true" simplified="true" border="0.502 1 1" fill="0.502 1 1" mode="-9"
 points="76.678 33.5639,
	76.7079 33.325,
	76.8049 33.086,
	76.8273 33.0263,
	76.8423 33.0188,
	76.8497 32.9889,
	76.8721 32.9591,
	76.8796 32.9292,
	76.9543 32.8097,
	77.014 32.7575,
	77.1335 32.7127,
	77.1932 32.7127,
	77.253 32.7276,
	77.3724 32.7799,
	77.4322 32.8023,
	77.4546 32.8172,
	77.5068 32.8769,
	77.5218 32.9367,
	77.5068 33.0561,
	77.4172 33.2951,
	77.4023 33.325,
	77.4023 33.3399,
	77.3799 33.3698,
	77.3724 33.3996,
	77.3351 33.4594,
	77.2978 33.5042,
	77.2604 33.5639,
	77.238 33.5938,
	77.0812 34.0716,
	77.0439 34.1314,
	76.9319 34.221,
	76.8721 34.2285,
	76.8124 34.2509,
	76.7825 34.2658,
	76.7676 34.2807,
	76.7527 34.2807,
	76.7153 34.1613,
	76.6929 33.9223,
	76.678 33.8626,
	76.678 33.6236,
	76.678 33.5714,
	"/>
</Transform>

<Transform dim="0"
 xcoef=" 0 1 0 0 0 0"
 ycoef=" 0 0 1 0 0 0">
<Contour name="TB2 NF_33-rsl" hidden="false" closed="true" simplified="true" border="0 1 0.501961" fill="0 1 0.501961" mode="-9"
 points="70.7405 55.5916,
	70.8313 55.3009,
	70.8767 55.1556,
	70.8858 54.5744,
	70.904 54.2837,
	70.9312 54.1384,
	71.0221 53.8478,
	71.131 53.5572,
	71.2764 53.2665,
	71.458 52.985,
	71.4853 52.9487,
	71.4853 52.9305,
	71.6033 52.7943,
	71.8667 52.5218,
	71.9303 52.4582,
	72.0029 52.431,
	72.2936 52.4219,
	72.3662 52.4219,
	72.6568 52.3311,
	72.6932 52.322,
	72.7113 52.3129,
	72.784 52.3765,
	72.8203 52.4037,
	72.8385 52.4401,
	72.8748 52.4764,
	72.9293 52.6217,
	72.9566 52.767,
	72.9838 52.8397,
	72.9838 52.8579,
	73.0292 52.9305,
	73.0565 52.9668,
	73.0565 52.985,
	73.0746 53.0032,
	73.0837 53.0395,
	73.1019 53.0577,
	73.1291 53.1303,
	73.1382 53.203,
	73.1473 53.2393,
	73.1382 53.312,
	73.0928 53.4573,
	73.1019 53.6026,
	73.1927 53.8932,
	73.229 54.0385,
	73.2653 54.3292,
	73.2926 54.4745,
	73.3017 54.6198,
	73.3108 54.6561,
	73.2653 54.9467,
	73.2381 55.0921,
	73.2653 55.1011,
	73.229 55.2464,
	73.1836 55.8277,
	73.1654 55.973,
	73.1291 56.1183,
	73.1109 56.191,
	73.1019 56.2273,
	73.0746 56.2636,
	73.0474 56.3363,
	73.0201 56.3726,
	73.011 56.409,
	72.9838 56.4453,
	72.9747 56.4816,
	72.9566 56.4998,
	72.9566 56.5179,
	72.9293 56.5543,
	72.8748 56.6996,
	72.8385 56.8449,
	72.8294 57.1355,
	72.8476 57.7168,
	72.8385 57.8621,
	72.8294 57.8984,
	72.8022 57.9257,
	72.7295 57.9257,
	72.5842 57.8712,
	72.5115 57.8167,
	72.457 57.7713,
	72.4207 57.7531,
	72.2936 57.626,
	72.23 57.5533,
	72.0302 57.2718,
	71.9757 57.2082,
	71.903 57.1446,
	71.8667 57.1083,
	71.7214 57.0447,
	71.5761 57.0538,
	71.5397 57.0538,
	71.3944 57.1537,
	71.3581 57.1719,
	71.2854 57.1628,
	71.2491 57.1537,
	71.231 57.1355,
	71.2128 57.1355,
	71.1492 57.0719,
	71.1038 56.9993,
	71.0766 56.854,
	71.0947 56.7087,
	71.0947 56.5634,
	71.0766 56.418,
	71.0402 56.2727,
	70.904 55.9821,
	70.7405 55.6915,
	70.7405 55.6188,
	70.7405 55.6006,
	"/>
</Transform>

<Transform dim="0"
 xcoef=" 0 1 0 0 0 0"
 ycoef=" 0 0 1 0 0 0">
<Contour name="TB2 NF_09_rsl" hidden="false" closed="true" simplified="true" border="1 0.501961 1" fill="1 0.501961 1" mode="-9"
 points="73.5492 55.5393,
	73.6579 55.1528,
	73.7183 54.9596,
	73.8874 54.573,
	73.9357 54.4764,
	73.9478 54.4281,
	74.0806 54.2348,
	74.1894 54.0415,
	74.2618 53.957,
	74.3705 53.7637,
	74.443 53.6671,
	74.4913 53.6188,
	74.5517 53.5463,
	74.6846 53.3651,
	74.7812 53.2685,
	74.8779 53.2081,
	74.9262 53.1598,
	75.0107 53.0994,
	75.1074 53.0027,
	75.204 52.9303,
	75.3973 52.894,
	75.5905 52.9182,
	75.6872 53.0027,
	75.7959 53.196,
	75.8321 53.2926,
	75.8442 53.4859,
	75.8079 53.8724,
	75.7959 54.6455,
	75.7959 54.7421,
	75.7717 54.8388,
	75.7596 54.8871,
	75.7355 54.9112,
	75.7355 54.9354,
	75.6509 55.0199,
	75.6388 55.032,
	75.6268 55.0079,
	75.5784 55.0924,
	75.4818 55.1891,
	75.361 55.3823,
	75.2885 55.5756,
	75.2402 55.7688,
	75.2281 55.8655,
	75.2765 56.252,
	75.2523 56.3003,
	75.1557 56.3366,
	74.9745 56.2278,
	74.9262 56.1916,
	74.8295 56.1795,
	74.6363 56.2037,
	74.6121 56.2399,
	74.6121 56.4332,
	74.5517 56.5298,
	74.4551 56.5298,
	74.4068 56.5298,
	74.3101 56.4453,
	74.2739 56.397,
	74.2497 56.3849,
	74.2497 56.3607,
	74.0806 56.2037,
	73.8874 56.095,
	73.7907 56.0587,
	73.6941 55.9983,
	73.5612 55.8051,
	73.5492 55.6118,
	73.5492 55.5635,
	73.5492 55.5514,
	"/>
</Transform>

<Transform dim="0"
 xcoef=" 0 1 0 0 0 0"
 ycoef=" 0 0 1 0 0 0">
<Contour name="TB2_T2C-02_AM_07" hidden="false" closed="true" simplified="true" border="1 0.502 0" fill="1 0.502 0" mode="9"
 points="73.5424 44.8321,
	73.5724 44.8021,
	73.6249 44.7721,
	73.685 44.7721,
	73.7 44.7721,
	73.7375 44.8246,
	73.76 44.8847,
	73.7675 44.9147,
	73.8125 44.9747,
	73.7975 45.0047,
	73.7375 45.0197,
	73.6775 45.0197,
	73.6174 44.9972,
	73.5649 44.9372,
	73.5424 44.8772,
	73.5424 44.8471,
	73.5424 44.8396,
	"/>
</Transform>

<Transform dim="0"
 xcoef=" 0 1 0 0 0 0"
 ycoef=" 0 0 1 0 0 0">
<Image mag="0.00855" contrast="1" brightness="0" red="true" green="true" blue="true"
 src="Aligned 633557.tif" />
<Contour name="a1" hidden="false" closed="true" simplified="false" border="1 0.5 0" fill="1 0.5 0" mode="11"
 points="0 0,
	15991 0,
	15991 12171,
	0 12171,
	"/>
</Transform>

<Transform dim="0"
 xcoef=" 0 1 0 0 0 0"
 ycoef=" 0 0 1 0 0 0">
<Contour name="TB2 NF_10_cw" hidden="false" closed="true" simplified="true" border="1 1 0.501961" fill="1 1 0.501961" mode="15"
 points="70.9603 40.222,
	70.9786 40.1244,
	71.0091 40.0817,
	71.0335 40.0756,
	71.0823 40.0451,
	71.1311 40.0269,
	71.1799 40.033,
	71.2043 40.0451,
	71.2957 40.1427,
	71.3689 40.2342,
	71.3994 40.283,
	71.4421 40.3806,
	71.4665 40.4782,
	71.4543 40.5758,
	71.4421 40.6001,
	71.4177 40.6245,
	71.3689 40.6306,
	71.3445 40.6367,
	71.3201 40.6306,
	71.125 40.4782,
	71.0396 40.3928,
	70.9786 40.2952,
	70.9664 40.2464,
	70.9603 40.2281,
	"/>
</Transform>

<Transform dim="0"
 xcoef=" 0 1 0 0 0 0"
 ycoef=" 0 0 1 0 0 0">
<Contour name="TB2 NF_26_cw" hidden="false" closed="true" simplified="true" border="0.992 0.867 0.443" fill="0.992 0.867 0.443" mode="15"
 points="65.2818 12.2566,
	65.2989 12.1884,
	65.35 12.1202,
	65.3799 12.0946,
	65.3969 12.0775,
	65.431 12.0562,
	65.5675 12.0093,
	65.6357 12.0008,
	65.6698 11.9923,
	65.8062 11.9838,
	66.3519 12.0051,
	66.4883 12.0008,
	66.6247 12.0051,
	66.7612 12.0264,
	66.7953 12.0307,
	66.8294 12.0477,
	66.9658 12.0775,
	67.034 12.0903,
	67.0511 12.0946,
	67.0852 12.1202,
	67.1193 12.1372,
	67.1278 12.1458,
	67.1448 12.15,
	67.1619 12.1628,
	67.1789 12.1671,
	67.1875 12.1756,
	67.2557 12.2012,
	67.2898 12.2097,
	67.3068 12.2225,
	67.3751 12.2481,
	67.4092 12.2651,
	67.4731 12.3163,
	67.5413 12.3802,
	67.601 12.4442,
	67.6777 12.5763,
	67.7332 12.6445,
	67.7971 12.6914,
	67.8142 12.7042,
	67.8227 12.7042,
	67.8568 12.7255,
	67.9932 12.7682,
	68.0273 12.7895,
	68.0913 12.8534,
	68.1467 12.9217,
	68.1637 12.9387,
	68.1723 12.9558,
	68.1893 12.9728,
	68.2064 13.0069,
	68.2149 13.024,
	68.2234 13.0922,
	68.2106 13.1263,
	68.1978 13.1433,
	68.1808 13.1519,
	68.1126 13.1604,
	68.0785 13.1647,
	68.0103 13.1902,
	67.9762 13.1988,
	67.9421 13.1988,
	67.9079 13.1902,
	67.8909 13.186,
	67.8312 13.1305,
	67.8142 13.1178,
	67.7459 13.1007,
	67.7118 13.0964,
	67.6436 13.105,
	67.5754 13.1263,
	67.5413 13.1391,
	67.4049 13.1604,
	67.3367 13.1647,
	67.2685 13.1561,
	67.2344 13.1519,
	67.2003 13.1391,
	67.1662 13.1135,
	67.1491 13.105,
	67.0937 13.0368,
	67.0638 13.0154,
	67.0468 13.0027,
	66.9786 12.9813,
	66.9445 12.9685,
	66.9359 12.96,
	66.9018 12.9515,
	66.8848 12.9472,
	66.8166 12.9046,
	66.8081 12.9003,
	66.7398 12.9131,
	66.7228 12.9174,
	66.6887 12.9131,
	66.6546 12.8918,
	66.6205 12.862,
	66.6034 12.8577,
	66.5352 12.8833,
	66.5011 12.9046,
	66.4841 12.9131,
	66.4755 12.9217,
	66.4073 12.9387,
	66.3903 12.9472,
	66.3562 12.9472,
	66.3391 12.943,
	66.3221 12.9259,
	66.3093 12.8918,
	66.305 12.8236,
	66.2965 12.8065,
	66.2794 12.798,
	66.2453 12.8065,
	66.1771 12.8364,
	66.1601 12.8449,
	66.0236 12.8407,
	65.9895 12.8279,
	65.9554 12.8065,
	65.9213 12.7724,
	65.8957 12.7383,
	65.8872 12.7213,
	65.8702 12.7085,
	65.8361 12.717,
	65.819 12.7255,
	65.8019 12.7213,
	65.738 12.6573,
	65.7167 12.6232,
	65.6868 12.5934,
	65.5504 12.5337,
	65.5163 12.5209,
	65.4993 12.5167,
	65.4907 12.5081,
	65.4566 12.4953,
	65.3884 12.4527,
	65.3543 12.4229,
	65.3373 12.4101,
	65.2989 12.3461,
	65.2861 12.312,
	65.2818 12.2779,
	65.2818 12.2609,
	"/>
</Transform>

<Transform dim="0"
 xcoef=" 0 1 0 0 0 0"
 ycoef=" 0 0 1 0 0 0">
<Contour name="TB2 NF_26_cw" hidden="false" closed="true" simplified="true" border="0.992 0.867 0.443" fill="0.992 0.867 0.443" mode="15"
 points="52.4428 12.641,
	52.4732 12.4464,
	52.4793 12.3492,
	52.4976 12.2519,
	52.5097 12.2032,
	52.5645 12.1059,
	52.6374 12.0087,
	52.6496 11.9843,
	52.6617 11.9722,
	52.6617 11.96,
	52.6982 11.9114,
	52.7165 11.8627,
	52.7165 11.8384,
	52.7286 11.8141,
	52.7286 11.8019,
	52.7408 11.7898,
	52.7469 11.7654,
	52.7469 11.7533,
	52.8259 11.6621,
	52.8502 11.6438,
	52.9475 11.6378,
	52.9718 11.6438,
	53.0691 11.6317,
	53.1178 11.6134,
	53.209 11.5405,
	53.2515 11.4918,
	53.2819 11.4432,
	53.3184 11.3459,
	53.3731 11.2486,
	53.4218 11.206,
	53.4704 11.1878,
	53.5191 11.1878,
	53.5677 11.1696,
	53.6589 11.0723,
	53.6711 11.0601,
	53.6832 11.0601,
	53.6954 11.048,
	53.89 11.0297,
	53.9873 11.0054,
	54.0359 10.9811,
	54.0602 10.9689,
	54.1028 10.9203,
	54.1271 10.8716,
	54.1697 10.823,
	54.2183 10.7987,
	54.2669 10.7865,
	54.2913 10.7865,
	54.4858 10.7135,
	54.5345 10.6892,
	54.5831 10.6771,
	54.7777 10.6831,
	54.9723 10.6771,
	55.0695 10.6588,
	55.1182 10.6406,
	55.1668 10.6102,
	55.2641 10.5919,
	55.3614 10.5859,
	55.4587 10.5433,
	55.5499 10.4703,
	55.5925 10.4217,
	55.6046 10.3974,
	55.6289 10.373,
	55.6593 10.3244,
	55.7505 10.2332,
	55.8478 10.1542,
	55.8965 10.1298,
	55.9208 10.1177,
	55.933 10.1055,
	56.1275 10.0265,
	56.2248 9.99606,
	56.3221 9.97782,
	56.5167 9.9839,
	56.541 9.9839,
	56.5653 10.0082,
	56.5836 10.0569,
	56.5896 10.1055,
	56.5714 10.1542,
	56.5106 10.2514,
	56.4619 10.3001,
	56.389 10.3913,
	56.2978 10.4825,
	56.2613 10.5251,
	56.0667 10.7075,
	56.0181 10.7439,
	55.8235 10.8473,
	55.7749 10.8595,
	55.7505 10.8655,
	55.7019 10.8473,
	55.6593 10.8047,
	55.6472 10.7804,
	55.635 10.7683,
	55.6107 10.7683,
	55.5621 10.7926,
	55.5377 10.8169,
	55.4465 11.0115,
	55.3979 11.1088,
	55.3614 11.1574,
	55.2641 11.2364,
	55.2155 11.2669,
	55.1182 11.2851,
	55.0209 11.2729,
	54.9723 11.2547,
	54.9479 11.2425,
	54.8689 11.1452,
	54.8446 11.1209,
	54.7959 11.0966,
	54.7473 11.0844,
	54.6986 11.1027,
	54.6865 11.1148,
	54.6682 11.2121,
	54.6378 11.3094,
	54.6135 11.352,
	54.5649 11.3885,
	54.4676 11.4371,
	54.419 11.4614,
	54.3703 11.4979,
	54.1818 11.6013,
	54.0845 11.656,
	54.0724 11.656,
	53.8778 11.7837,
	53.7866 11.8627,
	53.7501 11.9053,
	53.7319 11.9296,
	53.7197 12.0269,
	53.7197 12.0755,
	53.6893 12.1728,
	53.6468 12.2154,
	53.6224 12.2275,
	53.6042 12.2519,
	53.5981 12.3005,
	53.6042 12.3978,
	53.592 12.4951,
	53.5677 12.5437,
	53.4765 12.6349,
	53.3853 12.714,
	53.3367 12.7383,
	53.3123 12.7505,
	53.3002 12.7626,
	53.2515 12.7748,
	53.2029 12.7687,
	53.1786 12.7626,
	53.1542 12.7687,
	53.1056 12.8113,
	53.0813 12.8295,
	53.057 12.8356,
	53.0083 12.8173,
	52.9597 12.8113,
	52.8624 12.8417,
	52.7651 12.8842,
	52.7408 12.8903,
	52.6921 12.9207,
	52.5949 12.945,
	52.5462 12.9511,
	52.5036 12.9085,
	52.4732 12.8599,
	52.455 12.8113,
	52.4428 12.714,
	52.4428 12.6653,
	52.4428 12.6471,
	"/>
</Transform>

<Transform dim="0"
 xcoef=" 0 1 0 0 0 0"
 ycoef=" 0 0 1 0 0 0">
<Contour name="TB2_T2C-02_AM_10" hidden="false" closed="true" simplified="true" border="1 0.5 0" fill="1 0.5 0" mode="15"
 points="77.7834 34.8007,
	77.8551 34.6571,
	77.9269 34.6033,
	77.9987 34.5764,
	78.1422 34.5495,
	78.214 34.5495,
	78.2499 34.5584,
	78.2678 34.5674,
	78.2589 34.7109,
	78.214 34.7827,
	78.0705 34.9173,
	77.9987 34.9621,
	77.9269 34.9891,
	77.891 34.9891,
	77.8193 34.9442,
	77.7834 34.8724,
	77.7834 34.8096,
	"/>
</Transform>

<Transform dim="0"
 xcoef=" 0 1 0 0 0 0"
 ycoef=" 0 0 1 0 0 0">
<Contour name="TB2_T2C-02_AM_10" hidden="false" closed="true" simplified="true" border="1 0.5 0" fill="1 0.5 0" mode="15"
 points="78.4562 34.5225,
	78.4921 34.4508,
	78.519 34.4149,
	78.537 34.3969,
	78.6088 34.388,
	78.6805 34.4149,
	78.7433 34.4777,
	78.7613 34.5495,
	78.7613 34.6212,
	78.7164 34.693,
	78.6805 34.7289,
	78.6536 34.7468,
	78.5818 34.7558,
	78.546 34.7558,
	78.4832 34.693,
	78.4652 34.6571,
	78.4562 34.5853,
	78.4562 34.5495,
	78.4562 34.5315,
	"/>
</Transform>

</Section>