<?xml version="1.0"?>
<!DOCTYPE Section SYSTEM "section.dtd">

<Section index="621" thickness="0.085" alignLocked="true">
<Transform dim="0"
 xcoef=" 0 1 0 0 0 0"
 ycoef=" 0 0 1 0 0 0">
<Image mag="0.00855" contrast="1" brightness="0" red="true" green="true" blue="true"
 src="Aligned 633621.tif" />
<Contour name="domain1" hidden="false" closed="true" simplified="false" border="1 0 1" fill="1 0 1" mode="11"
 points="0 0,
	15991 0,
	15991 12171,
	0 12171,
	"/>
</Transform>

<Transform dim="0"
 xcoef=" 0 1 0 0 0 0"
 ycoef=" 0 0 1 0 0 0">
<Contour name="TB2 NF_24" hidden="true" closed="true" simplified="true" border="1 0.501961 0.25098" fill="1 0.501961 0.25098" mode="-9"
 points="100.909 14.5334,
	100.954 14.4442,
	101.132 14.3105,
	101.31 14.3105,
	101.399 14.3328,
	101.444 14.3328,
	101.511 14.4219,
	101.533 14.5111,
	101.489 14.6894,
	101.444 14.7786,
	101.399 14.8232,
	101.221 14.8678,
	101.043 14.8455,
	100.931 14.734,
	100.909 14.5557,
	"/>
</Transform>

<Transform dim="0"
 xcoef=" 0 1 0 0 0 0"
 ycoef=" 0 0 1 0 0 0">
<Contour name="TB2 NF_24_cw" hidden="false" closed="true" simplified="true" border="1 0.5 0" fill="1 0.682353 0.368627" mode="15"
 points="100.86 14.5641,
	100.918 14.4406,
	100.968 14.3788,
	100.984 14.3711,
	100.999 14.3557,
	101.03 14.3364,
	101.061 14.3094,
	101.092 14.2939,
	101.153 14.2785,
	101.277 14.2669,
	101.339 14.2669,
	101.4 14.2901,
	101.408 14.2978,
	101.424 14.3016,
	101.481 14.3634,
	101.516 14.4251,
	101.528 14.456,
	101.532 14.4869,
	101.52 14.5177,
	101.47 14.5795,
	101.443 14.6104,
	101.319 14.6953,
	101.261 14.7454,
	101.231 14.7686,
	101.215 14.7763,
	101.184 14.7802,
	101.123 14.8033,
	101.092 14.8149,
	101.096 14.8188,
	101.08 14.8265,
	101.018 14.8072,
	100.987 14.7763,
	100.976 14.7609,
	100.968 14.73,
	100.953 14.6991,
	100.926 14.6682,
	100.914 14.6528,
	100.883 14.6335,
	100.864 14.6026,
	100.86 14.5718,
	100.86 14.5679,
	"/>
</Transform>

<Transform dim="0"
 xcoef=" 0 1 0 0 0 0"
 ycoef=" 0 0 1 0 0 0">
<Image mag="0.00855" contrast="1" brightness="0" red="true" green="true" blue="true"
 src="..\TF21_robdata\Rob's_latest_seg_files_TF21_TB2\Aligned 633621.tif" />
<Contour name="domain1" hidden="false" closed="true" simplified="false" border="1 0 1" fill="1 0 1" mode="11"
 points="0 0,
	15991 0,
	15991 12171,
	0 12171,
	"/>
</Transform>

<Transform dim="0"
 xcoef=" 0 1 0 0 0 0"
 ycoef=" 0 0 1 0 0 0">
<Contour name="TB2 NF_24" hidden="true" closed="true" simplified="true" border="1 0.501961 0.25098" fill="1 0.501961 0.25098" mode="-9"
 points="100.909 14.5334,
	100.954 14.4442,
	101.132 14.3105,
	101.31 14.3105,
	101.399 14.3328,
	101.444 14.3328,
	101.511 14.4219,
	101.533 14.5111,
	101.489 14.6894,
	101.444 14.7786,
	101.399 14.8232,
	101.221 14.8678,
	101.043 14.8455,
	100.931 14.734,
	100.909 14.5557,
	"/>
</Transform>

<Transform dim="0"
 xcoef=" 0 1 0 0 0 0"
 ycoef=" 0 0 1 0 0 0">
<Contour name="TB2 NF_24_cw" hidden="false" closed="true" simplified="true" border="1 0.5 0" fill="1 0.682353 0.368627" mode="15"
 points="100.86 14.5641,
	100.918 14.4406,
	100.968 14.3788,
	100.984 14.3711,
	100.999 14.3557,
	101.03 14.3364,
	101.061 14.3094,
	101.092 14.2939,
	101.153 14.2785,
	101.277 14.2669,
	101.339 14.2669,
	101.4 14.2901,
	101.408 14.2978,
	101.424 14.3016,
	101.481 14.3634,
	101.516 14.4251,
	101.528 14.456,
	101.532 14.4869,
	101.52 14.5177,
	101.47 14.5795,
	101.443 14.6104,
	101.319 14.6953,
	101.261 14.7454,
	101.231 14.7686,
	101.215 14.7763,
	101.184 14.7802,
	101.123 14.8033,
	101.092 14.8149,
	101.096 14.8188,
	101.08 14.8265,
	101.018 14.8072,
	100.987 14.7763,
	100.976 14.7609,
	100.968 14.73,
	100.953 14.6991,
	100.926 14.6682,
	100.914 14.6528,
	100.883 14.6335,
	100.864 14.6026,
	100.86 14.5718,
	100.86 14.5679,
	"/>
</Transform>

<Transform dim="0"
 xcoef=" 0 1 0 0 0 0"
 ycoef=" 0 0 1 0 0 0">
<Image mag="0.00855" contrast="1" brightness="0" red="true" green="true" blue="true"
 src="Aligned 633621.tif" />
<Contour name="a1" hidden="false" closed="true" simplified="false" border="1 0.5 0" fill="1 0.5 0" mode="11"
 points="0 0,
	15991 0,
	15991 12171,
	0 12171,
	"/>
</Transform>

<Transform dim="0"
 xcoef=" 0 1 0 0 0 0"
 ycoef=" 0 0 1 0 0 0">
<Contour name="TB3_nucleus02_cw" hidden="false" closed="true" simplified="true" border="1 1 1" fill="1 1 1" mode="15"
 points="97.2476 64.9874,
	97.3105 64.9156,
	97.3464 64.8797,
	97.3913 64.8078,
	97.4093 64.736,
	97.4003 64.6641,
	97.3644 64.5923,
	97.3375 64.5563,
	97.3375 64.5384,
	97.2925 64.4665,
	97.2746 64.3947,
	97.2746 64.3228,
	97.2836 64.2869,
	97.4183 64.1522,
	97.4632 64.0803,
	97.4362 63.9366,
	97.4362 63.8648,
	97.4632 63.7929,
	97.5171 63.7211,
	97.535 63.6852,
	97.553 63.6672,
	97.5799 63.5954,
	97.5889 63.5594,
	97.544 63.4876,
	97.5171 63.4517,
	97.4991 63.3798,
	97.4991 63.3439,
	97.5979 63.2002,
	97.6518 63.0565,
	97.6967 62.9846,
	97.7326 62.9487,
	97.8135 62.805,
	97.8763 62.6613,
	97.8763 62.6434,
	97.9751 62.4997,
	98.1098 62.3739,
	98.1547 62.3021,
	98.1817 62.2662,
	98.2086 62.1943,
	98.2535 62.1225,
	98.2805 62.0865,
	98.3523 62.0416,
	98.4152 61.9788,
	98.4511 61.9069,
	98.4691 61.871,
	98.505 61.862,
	98.5409 61.8351,
	98.5679 61.6914,
	98.5858 61.6554,
	98.6577 61.5926,
	98.8014 61.5477,
	98.8373 61.5207,
	98.8463 61.4489,
	98.8463 61.4309,
	98.8732 61.395,
	98.9451 61.368,
	98.963 61.3591,
	98.999 61.377,
	99.0349 61.4129,
	99.0708 61.4129,
	99.1427 61.3591,
	99.2145 61.2872,
	99.2864 61.2513,
	99.3223 61.2333,
	99.466 61.1166,
	99.5288 61.0447,
	99.6276 60.901,
	99.6546 60.8292,
	99.6725 60.7932,
	99.7444 60.7483,
	99.8162 60.7394,
	99.8791 60.7573,
	100.167 60.6945,
	100.31 60.7214,
	100.382 60.7304,
	100.454 60.7124,
	100.49 60.7124,
	100.634 60.7573,
	100.696 60.8022,
	100.705 60.8382,
	100.705 60.8561,
	100.777 60.901,
	100.849 60.928,
	100.885 60.9369,
	100.957 60.9908,
	100.993 61.0268,
	101.065 61.0447,
	101.136 61.0447,
	101.424 60.9998,
	101.46 60.9908,
	101.603 61.0178,
	101.675 61.0447,
	101.747 61.0986,
	101.891 61.1525,
	101.963 61.1974,
	101.999 61.2064,
	102.017 61.2154,
	102.053 61.2064,
	102.196 61.2692,
	102.313 61.404,
	102.331 61.4399,
	102.475 61.5746,
	102.618 61.5926,
	102.672 61.6554,
	102.96 61.8351,
	103.103 61.88,
	103.175 61.9069,
	103.238 61.9698,
	103.265 62.0057,
	103.301 62.0237,
	103.319 62.0416,
	103.391 62.0686,
	103.463 62.1135,
	103.597 62.2572,
	103.669 62.2931,
	103.813 62.329,
	103.885 62.3649,
	103.921 62.3829,
	103.957 62.4188,
	103.966 62.4548,
	103.948 62.5985,
	103.975 62.7422,
	104.073 62.8859,
	104.136 63.0295,
	104.163 63.1732,
	104.172 63.4606,
	104.163 63.6043,
	104.19 63.8917,
	104.199 64.0354,
	104.262 64.3228,
	104.172 64.8976,
	104.181 65.0413,
	104.136 65.3287,
	104.127 65.4006,
	104.073 65.5443,
	104.037 65.6161,
	104.001 65.652,
	103.966 65.67,
	103.93 65.67,
	103.867 65.7329,
	103.84 65.8047,
	103.822 65.8406,
	103.822 65.8586,
	103.723 66.0023,
	103.696 66.0742,
	103.705 66.146,
	103.687 66.2897,
	103.66 66.3615,
	103.615 66.4334,
	103.597 66.5052,
	103.543 66.5681,
	103.472 66.613,
	103.409 66.6759,
	103.364 66.7477,
	103.346 66.7657,
	103.346 66.7837,
	103.247 66.9274,
	103.211 66.9992,
	103.193 67.0172,
	103.184 67.0531,
	103.139 67.1249,
	103.023 67.2686,
	102.969 67.3405,
	102.897 67.3854,
	102.753 67.4303,
	102.681 67.4752,
	102.627 67.5471,
	102.591 67.574,
	102.573 67.592,
	102.43 67.6369,
	102.358 67.6458,
	102.322 67.6548,
	102.259 67.7177,
	102.223 67.7446,
	102.205 67.7626,
	102.133 67.7895,
	102.097 67.7985,
	101.81 67.9871,
	101.675 68.1039,
	101.639 68.1308,
	101.568 68.1398,
	101.505 68.1757,
	101.469 68.2117,
	101.433 68.2835,
	101.37 68.3464,
	101.334 68.3733,
	101.262 68.4003,
	101.226 68.4003,
	101.154 68.4542,
	101.047 68.5978,
	100.975 68.6697,
	100.939 68.6877,
	100.867 68.6877,
	100.831 68.6966,
	100.696 68.8224,
	100.553 68.8763,
	100.517 68.8942,
	100.481 68.8942,
	100.409 68.9212,
	100.265 69.011,
	100.193 69.0469,
	100.122 69.0649,
	99.9779 69.0469,
	99.9061 69.0379,
	99.8701 69.0289,
	99.8522 69.0289,
	99.7803 68.9571,
	99.7444 68.9301,
	99.6007 68.9032,
	99.5288 68.8673,
	99.457 68.8493,
	99.3852 68.7954,
	99.3492 68.7685,
	99.3313 68.7505,
	99.2594 68.7505,
	99.1876 68.7236,
	99.0528 68.5978,
	98.981 68.5529,
	98.9451 68.535,
	98.9271 68.535,
	98.8553 68.4721,
	98.8283 68.4362,
	98.6846 68.3823,
	98.6667 68.3643,
	98.6667 68.3464,
	98.6128 68.2835,
	98.5409 68.2476,
	98.487 68.1847,
	98.4152 68.1218,
	98.3433 68.1129,
	98.2715 68.0769,
	98.1996 68.0141,
	98.1637 67.9422,
	98.0919 67.8973,
	98.02 67.8794,
	97.9841 67.8614,
	97.9482 67.8255,
	97.9302 67.7536,
	97.9482 67.6818,
	97.9482 67.6458,
	97.8943 67.574,
	97.8584 67.5022,
	97.8314 67.4662,
	97.8224 67.3944,
	97.7955 67.3225,
	97.7865 67.1788,
	97.7596 67.0351,
	97.6428 66.9094,
	97.5979 66.8375,
	97.4812 66.7118,
	97.4452 66.6759,
	97.4183 66.604,
	97.4542 66.5322,
	97.4632 66.4963,
	97.4093 66.3526,
	97.4183 66.2807,
	97.4542 66.2089,
	97.4452 66.0652,
	97.4183 65.9215,
	97.4093 65.8496,
	97.3824 65.7778,
	97.3375 65.7059,
	97.3105 65.67,
	97.2925 65.5982,
	97.2836 65.5622,
	97.2925 65.5263,
	97.2925 65.5083,
	97.3195 65.4724,
	97.3195 65.4006,
	97.2925 65.3287,
	97.3015 65.2569,
	97.2746 65.1132,
	97.2476 65.0413,
	97.2476 65.0054,
	97.2476 64.9964,
	"/>
</Transform>

</Section>