<?xml version="1.0"?>
<!DOCTYPE Section SYSTEM "section.dtd">

<Section index="131" thickness="0.085" alignLocked="true">
<Transform dim="0"
 xcoef=" 0 1 0 0 0 0"
 ycoef=" 0 0 1 0 0 0">
<Image mag="0.00855" contrast="1" brightness="0" red="true" green="true" blue="true"
 src="Aligned 633131.tif" />
<Contour name="domain1" hidden="false" closed="true" simplified="false" border="1 0 1" fill="1 0 1" mode="11"
 points="0 0,
	15991 0,
	15991 12171,
	0 12171,
	"/>
</Transform>

<Transform dim="0"
 xcoef=" 0 1 0 0 0 0"
 ycoef=" 0 0 1 0 0 0">
<Contour name="TB2 NF_15" hidden="true" closed="true" simplified="false" border="1 1 0" fill="1 1 0" mode="-9"
 points="79.3532 3.83098,
	79.433 3.77112,
	79.5128 3.77112,
	79.5527 3.77112,
	79.6126 3.85093,
	79.5926 4.01056,
	79.433 4.07042,
	79.3731 3.9906,
	79.3532 3.85093,
	"/>
</Transform>

<Transform dim="0"
 xcoef=" 0 1 0 0 0 0"
 ycoef=" 0 0 1 0 0 0">
<Contour name="TB2 NF_15" hidden="true" closed="true" simplified="false" border="1 1 0" fill="1 1 0" mode="-9"
 points="79.0215 4.3541,
	79.0314 4.34414,
	79.0514 4.3541,
	79.1909 4.19468,
	79.2706 4.17476,
	79.3503 4.18472,
	79.3702 4.18472,
	79.4399 4.25447,
	79.4898 4.41388,
	79.4698 4.49359,
	79.3901 4.55337,
	79.3104 4.56334,
	79.2307 4.55337,
	79.1909 4.54341,
	79.1709 4.54341,
	79.0912 4.49359,
	79.0414 4.41388,
	79.0215 4.40392,
	79.0215 4.36407,
	"/>
</Transform>

<Transform dim="0"
 xcoef=" 0 1 0 0 0 0"
 ycoef=" 0 0 1 0 0 0">
<Contour name="TB2 NF_15" hidden="true" closed="true" simplified="false" border="1 1 0" fill="1 1 0" mode="-9"
 points="79.1012 2.70014,
	79.141 2.62043,
	79.1809 2.58058,
	79.2008 2.56065,
	79.2805 2.54072,
	79.2905 2.53076,
	79.3702 2.56065,
	79.4101 2.64036,
	79.42 2.68021,
	79.4101 2.72007,
	79.4101 2.74,
	79.3403 2.80974,
	79.2606 2.8197,
	79.2407 2.82967,
	79.161 2.77985,
	79.1211 2.74996,
	79.1012 2.7101,
	"/>
</Transform>

<Transform dim="0"
 xcoef=" 0 1 0 0 0 0"
 ycoef=" 0 0 1 0 0 0">
<Contour name="TB2 NF_18" hidden="true" closed="true" simplified="true" border="0.501961 0.501961 1" fill="0.501961 0.501961 1" mode="-9"
 points="87.4011 8.00014,
	87.4894 7.71758,
	87.613 7.57629,
	87.7543 7.48799,
	87.8956 7.43501,
	88.0369 7.45267,
	88.1075 7.48799,
	88.1782 7.55863,
	88.3195 7.8412,
	88.4254 8.12376,
	88.4607 8.40633,
	88.4607 8.54761,
	88.4254 8.6889,
	88.3901 8.75954,
	88.2488 8.88316,
	88.1075 8.93614,
	88.0369 8.93614,
	87.9662 8.88316,
	87.9486 8.74188,
	87.8779 8.6889,
	87.8073 8.6889,
	87.7367 8.65358,
	87.666 8.58293,
	87.6307 8.54761,
	87.6307 8.47697,
	87.666 8.40633,
	87.666 8.33569,
	87.6307 8.26505,
	87.5601 8.24739,
	87.4188 8.14143,
	87.4011 8.0178,
	"/>
</Transform>

<Transform dim="0"
 xcoef=" 0 1 0 0 0 0"
 ycoef=" 0 0 1 0 0 0">
<Contour name="TB2 NF_18" hidden="true" closed="true" simplified="true" border="0.501961 0.501961 1" fill="0.501961 0.501961 1" mode="-9"
 points="87.8603 10.9671,
	87.9133 10.8258,
	87.9486 10.7552,
	88.0899 10.6315,
	88.2312 10.5609,
	88.3724 10.5432,
	88.5137 10.6669,
	88.602 10.8081,
	88.6197 10.9494,
	88.602 11.0907,
	88.5844 11.1613,
	88.4607 11.3026,
	88.3195 11.3909,
	88.1782 11.4263,
	88.1075 11.4086,
	88.0369 11.3556,
	87.9662 11.338,
	87.9133 11.285,
	87.8603 11.0024,
	87.8603 10.9847,
	"/>
</Transform>

<Transform dim="0"
 xcoef=" 0 1 0 0 0 0"
 ycoef=" 0 0 1 0 0 0">
<Contour name="TB2 NF_18" hidden="true" closed="true" simplified="true" border="0.501961 0.501961 1" fill="0.501961 0.501961 1" mode="-9"
 points="91.4003 4.02948,
	91.4361 3.99374,
	91.4807 3.9312,
	91.5969 3.80611,
	91.6326 3.77037,
	91.7756 3.68103,
	91.9185 3.62742,
	92.0615 3.60955,
	92.1329 3.62742,
	92.2044 3.67209,
	92.267 3.73464,
	92.3027 3.77037,
	92.3295 3.84185,
	92.3384 3.91333,
	92.3206 3.94907,
	92.1776 4.02948,
	91.8917 4.14563,
	91.8202 4.16349,
	91.6773 4.17243,
	91.6058 4.16349,
	91.5343 4.13669,
	91.4986 4.11882,
	91.4629 4.08308,
	91.445 4.04735,
	91.4361 4.02948,
	91.4092 4.03841,
	"/>
</Transform>

<Transform dim="0"
 xcoef=" 0 1 0 0 0 0"
 ycoef=" 0 0 1 0 0 0">
<Contour name="TB2 NF_18" hidden="true" closed="true" simplified="true" border="0.501961 0.501961 1" fill="0.501961 0.501961 1" mode="-9"
 points="92.6601 0.0357381,
	92.678 0,
	92.7137 -0.0268036,
	92.7316 -0.0446727,
	92.8745 -0.0804108,
	93.0175 -0.0893454,
	93.1604 -0.0714763,
	93.2319 -0.0625418,
	93.3748 -0.00893454,
	93.4463 0.0178691,
	93.5178 0.0625418,
	93.5893 0.0893454,
	93.7322 0.169756,
	93.8037 0.205494,
	93.8394 0.232298,
	93.8573 0.250167,
	93.8752 0.250167,
	93.8931 0.268036,
	93.9288 0.276971,
	94.0003 0.330578,
	94.0985 0.446727,
	94.1164 0.482465,
	94.1343 0.500334,
	94.1343 0.518203,
	94.1611 0.553941,
	94.17 0.625418,
	94.179 0.661156,
	94.2058 0.696894,
	94.2147 0.76837,
	94.2326 0.804108,
	94.2326 0.839846,
	94.1968 0.86665,
	94.0539 0.893454,
	93.9109 0.884519,
	93.625 0.795174,
	93.4821 0.723698,
	93.3391 0.679025,
	93.3034 0.67009,
	93.2855 0.652221,
	93.2676 0.652221,
	92.9817 0.446727,
	92.9192 0.375251,
	92.8566 0.321643,
	92.7226 0.187625,
	92.669 0.116149,
	92.6601 0.0446727,
	"/>
</Transform>

<Transform dim="0"
 xcoef=" 0 1 0 0 0 0"
 ycoef=" 0 0 1 0 0 0">
<Contour name="TB2 NF_18" hidden="true" closed="true" simplified="true" border="0.501961 0.501961 1" fill="0.501961 0.501961 1" mode="-9"
 points="92.7153 3.61323,
	92.7275 3.60107,
	92.7396 3.61323,
	92.764 3.51591,
	92.8248 3.43075,
	92.9221 3.34559,
	93.1168 3.26042,
	93.3114 3.26042,
	93.4087 3.27259,
	93.4574 3.29692,
	93.5061 3.29692,
	93.6034 3.33342,
	93.6521 3.35775,
	93.7129 3.45508,
	93.725 3.5524,
	93.7129 3.60107,
	93.6642 3.64973,
	93.5669 3.68623,
	93.4696 3.69839,
	93.3722 3.73489,
	92.9829 3.78355,
	92.7883 3.73489,
	92.7396 3.71056,
	92.7153 3.6254,
	"/>
</Transform>

<Transform dim="0"
 xcoef=" 0 1 0 0 0 0"
 ycoef=" 0 0 1 0 0 0">
<Contour name="TB2 NF_18" hidden="true" closed="true" simplified="true" border="0.501961 0.501961 1" fill="0.501961 0.501961 1" mode="-9"
 points="95.8297 2.45748,
	95.9027 2.36016,
	96.0974 2.275,
	96.292 2.29933,
	96.4867 2.36016,
	96.5353 2.37232,
	96.6205 2.44532,
	96.584 2.49398,
	96.3893 2.56698,
	96.1947 2.60347,
	96.0974 2.62781,
	95.9027 2.62781,
	95.8541 2.61564,
	95.8297 2.60347,
	95.8662 2.56698,
	95.8297 2.46965,
	"/>
<Contour name="TB2 NF_18" hidden="true" closed="true" simplified="true" border="0.501961 0.501961 1" fill="0.501961 0.501961 1" mode="-9"
 points="91.9245 4.13636,
	91.9488 4.09986,
	91.961 4.12419,
	92.1557 4.0877,
	92.3503 3.9782,
	92.545 3.89304,
	92.7396 3.83222,
	92.8369 3.80788,
	93.0316 3.79572,
	93.1289 3.80788,
	93.3236 3.79572,
	93.5182 3.75922,
	93.5669 3.75922,
	93.6034 3.79572,
	93.5426 3.85655,
	93.5182 3.85655,
	93.4209 3.91738,
	93.3236 3.94171,
	93.2263 3.99037,
	93.0316 4.02687,
	92.6423 4.14853,
	92.4476 4.19719,
	92.253 4.22152,
	92.1557 4.23369,
	92.107 4.22152,
	92.0097 4.23369,
	91.961 4.19719,
	91.9488 4.14853,
	91.9367 4.14853,
	"/>
<Contour name="TB2 NF_18" hidden="true" closed="true" simplified="true" border="0.501961 0.501961 1" fill="0.501961 0.501961 1" mode="-9"
 points="92.2287 3.41858,
	92.2773 3.36992,
	92.472 3.33342,
	92.6666 3.34559,
	92.691 3.34559,
	92.764 3.44291,
	92.764 3.49157,
	92.7275 3.54024,
	92.6301 3.56457,
	92.5328 3.5524,
	92.4841 3.57673,
	92.2895 3.49157,
	92.2408 3.47941,
	92.2287 3.43075,
	"/>
</Transform>

<Transform dim="0"
 xcoef=" 0 1 0 0 0 0"
 ycoef=" 0 0 1 0 0 0">
<Contour name="TB2 NF_18" hidden="true" closed="true" simplified="true" border="0.501961 0.501961 1" fill="0.501961 0.501961 1" mode="-9"
 points="87.2321 9.39656,
	87.2422 9.31556,
	87.3232 9.26493,
	87.4042 9.23455,
	87.5662 9.23455,
	87.5966 9.26493,
	87.6067 9.30543,
	87.5966 9.34593,
	87.5358 9.41681,
	87.4751 9.57882,
	87.4245 9.6497,
	87.2827 9.77121,
	87.2928 9.79146,
	87.2726 9.80158,
	87.2523 9.77121,
	87.2625 9.6902,
	87.2321 9.52819,
	87.2321 9.44719,
	87.2321 9.40669,
	"/>
</Transform>

<Transform dim="0"
 xcoef=" 0 1 0 0 0 0"
 ycoef=" 0 0 1 0 0 0">
<Contour name="TB2 NF_15" hidden="true" closed="true" simplified="false" border="1 1 0" fill="1 1 0" mode="-9"
 points="78.556 4.94142,
	78.651 4.81472,
	78.7777 4.78305,
	78.8727 4.87807,
	78.9044 5.00478,
	78.9044 5.06813,
	78.8411 5.13148,
	78.7144 5.16316,
	78.6827 5.25818,
	78.5877 5.16316,
	78.5877 5.03645,
	78.556 4.9731,
	"/>
</Transform>

<Transform dim="0"
 xcoef=" 0 1 0 0 0 0"
 ycoef=" 0 0 1 0 0 0">
<Contour name="TB2 NF_17" hidden="true" closed="true" simplified="true" border="1 0.501961 0.501961" fill="1 0.501961 0.501961" mode="-9"
 points="87.4537 12.4342,
	87.5746 12.3133,
	87.6437 12.2788,
	87.92 12.296,
	88.0582 12.3133,
	88.1963 12.3651,
	88.3172 12.4687,
	88.4208 12.6069,
	88.4726 12.676,
	88.6281 13.2286,
	88.6453 13.7812,
	88.559 14.3338,
	88.4726 14.6102,
	88.3863 14.7483,
	88.3172 14.7656,
	88.1445 14.5238,
	88.11 14.4547,
	87.9891 14.3511,
	87.9373 14.3166,
	87.8337 14.1784,
	87.8164 14.1093,
	87.7646 14.0403,
	87.6092 13.4876,
	87.4883 12.935,
	87.4537 12.6587,
	87.4537 12.5205,
	87.4537 12.4514,
	"/>
</Transform>

<Transform dim="0"
 xcoef=" 0 1 0 0 0 0"
 ycoef=" 0 0 1 0 0 0">
<Contour name="TB2 NF_17" hidden="true" closed="true" simplified="true" border="1 0.501961 0.501961" fill="1 0.501961 0.501961" mode="-9"
 points="89.0425 14.0403,
	89.1289 13.7639,
	89.2498 13.6258,
	89.3879 13.5222,
	89.6642 13.5222,
	89.8024 13.5394,
	89.9406 13.6085,
	90.0787 13.7121,
	90.2687 13.9885,
	90.3378 14.2648,
	90.355 14.4029,
	90.355 14.472,
	90.3723 14.5065,
	90.3205 14.7829,
	90.1996 15.0592,
	90.0787 15.1973,
	89.9406 15.2837,
	89.8024 15.3009,
	89.6642 15.2837,
	89.5952 15.2837,
	89.457 15.2146,
	89.3189 15.0937,
	89.1634 14.8174,
	89.0771 14.5411,
	89.0425 14.2648,
	89.0425 14.1266,
	89.0425 14.0575,
	"/>
</Transform>

<Transform dim="0"
 xcoef=" 0 1 0 0 0 0"
 ycoef=" 0 0 1 0 0 0">
<Contour name="TB2 NF_15" hidden="true" closed="true" simplified="false" border="1 1 0" fill="1 1 0" mode="-9"
 points="78.8802 5.14582,
	78.9693 4.96761,
	79.0584 4.90078,
	79.1475 4.8785,
	79.3258 4.92305,
	79.504 5.05671,
	79.6822 5.12354,
	79.8604 5.23492,
	79.9272 5.32403,
	79.9272 5.50224,
	79.8827 5.54679,
	79.8604 5.63589,
	79.7713 5.725,
	79.5931 5.79183,
	79.4149 5.8141,
	79.2367 5.74727,
	78.9471 5.41313,
	78.8802 5.23492,
	78.8802 5.16809,
	"/>
</Transform>

<Transform dim="0"
 xcoef=" 0 1 0 0 0 0"
 ycoef=" 0 0 1 0 0 0">
<Contour name="TB2 NF_24" hidden="true" closed="true" simplified="true" border="1 0.501961 0.25098" fill="1 0.501961 0.25098" mode="-9"
 points="84.6172 70.0258,
	84.6647 69.9625,
	84.7915 69.9149,
	84.9182 69.8991,
	85.0449 69.9466,
	85.1083 69.9783,
	85.3301 70.2159,
	85.3618 70.3427,
	85.3618 70.5962,
	85.2509 70.7229,
	84.9974 70.7546,
	84.8707 70.7388,
	84.7756 70.612,
	84.7598 70.5487,
	84.7122 70.4853,
	84.7122 70.4536,
	84.6806 70.4219,
	84.6172 70.1684,
	84.6172 70.0417,
	"/>
</Transform>

<Transform dim="0"
 xcoef=" 0 1 0 0 0 0"
 ycoef=" 0 0 1 0 0 0">
<Contour name="TB2 NF_24" hidden="true" closed="true" simplified="true" border="1 0.501961 0.25098" fill="1 0.501961 0.25098" mode="-9"
 points="83.223 69.9783,
	83.2705 69.8674,
	83.3339 69.9149,
	83.3656 69.9308,
	83.4765 69.4238,
	83.6825 68.9168,
	83.825 68.6792,
	83.8884 68.6317,
	83.9201 68.6158,
	83.9676 68.6633,
	83.9835 68.7901,
	83.9676 68.9168,
	83.7775 69.4238,
	83.7775 69.5505,
	83.825 69.804,
	83.8409 69.9308,
	83.7934 70.0575,
	83.6983 70.1843,
	83.6666 70.1843,
	83.6349 70.2159,
	83.5082 70.2318,
	83.3814 70.2159,
	83.2547 70.1367,
	83.223 70.105,
	83.223 69.9941,
	"/>
</Transform>

<Transform dim="0"
 xcoef=" 0 1 0 0 0 0"
 ycoef=" 0 0 1 0 0 0">
<Contour name="TB2 NF_17" hidden="true" closed="true" simplified="true" border="1 0.501961 0.501961" fill="1 0.501961 0.501961" mode="-9"
 points="80.1749 5.03514,
	80.3105 4.88021,
	80.4654 4.78338,
	80.6204 4.74465,
	80.9302 4.74465,
	81.0851 4.78338,
	81.1626 4.84148,
	81.2013 4.88021,
	81.2401 5.03514,
	81.2401 5.19007,
	81.182 5.345,
	81.0464 5.49992,
	80.969 5.57739,
	80.814 5.65485,
	80.6591 5.69358,
	80.5816 5.69358,
	80.4267 5.59675,
	80.3105 5.44183,
	80.233 5.36436,
	80.1749 5.05451,
	"/>
</Transform>

<Transform dim="0"
 xcoef=" 0 1 0 0 0 0"
 ycoef=" 0 0 1 0 0 0">
<Contour name="TB2 NF_28-FR" hidden="false" closed="true" simplified="true" border="1 0.501961 0.501961" fill="1 0.501961 0.501961" mode="-9"
 points="103.236 5.52254,
	103.334 5.42467,
	103.39 5.39671,
	103.502 5.41069,
	103.614 5.36874,
	103.726 5.35476,
	103.838 5.39671,
	103.922 5.49457,
	103.95 5.60642,
	103.964 5.66235,
	103.936 5.7742,
	103.838 5.99789,
	103.796 6.10974,
	103.698 6.22159,
	103.586 6.27752,
	103.558 6.27752,
	103.53 6.24955,
	103.516 6.13771,
	103.418 5.91401,
	103.348 5.80216,
	103.306 5.69031,
	103.236 5.57846,
	103.236 5.53652,
	"/>
</Transform>

<Transform dim="0"
 xcoef=" 0 1 0 0 0 0"
 ycoef=" 0 0 1 0 0 0">
<Contour name="TB2 NF_24" hidden="true" closed="true" simplified="true" border="1 0.501961 0.25098" fill="1 0.501961 0.25098" mode="-9"
 points="79.5046 53.6254,
	79.5455 53.4074,
	79.5864 53.2984,
	79.6137 53.2438,
	79.6137 53.2166,
	79.7363 52.9985,
	79.8044 52.8895,
	79.8453 52.835,
	79.8317 52.8214,
	79.8862 52.7805,
	79.9952 52.7805,
	80.2133 52.8486,
	80.3223 52.9304,
	80.3632 53.0394,
	80.3087 53.4755,
	80.3223 53.5845,
	80.3632 53.6936,
	80.4041 54.1297,
	80.2814 55.0018,
	80.2133 55.4379,
	80.1724 55.874,
	80.1588 56.7462,
	80.1588 57.1823,
	80.1588 57.2913,
	80.1588 57.3458,
	80.1315 57.4003,
	80.1043 57.414,
	80.0497 57.3049,
	79.9816 56.8688,
	79.9544 56.4328,
	79.9544 55.9967,
	79.9271 55.7786,
	79.9271 55.7241,
	79.8862 55.6151,
	79.8453 55.397,
	79.8181 55.288,
	79.7908 55.2335,
	79.7772 55.1245,
	79.7499 55.07,
	79.7091 54.8519,
	79.6409 54.6339,
	79.5455 54.1978,
	79.5046 53.7617,
	79.5046 53.6527,
	79.5046 53.6391,
	"/>
</Transform>

<Transform dim="0"
 xcoef=" 0 1 0 0 0 0"
 ycoef=" 0 0 1 0 0 0">
<Contour name="TB2 NF_24_cw" hidden="false" closed="true" simplified="true" border="1 0.5 0" fill="1 0.682353 0.368627" mode="15"
 points="83.2289 69.9275,
	83.264 69.8341,
	83.3107 69.7407,
	83.334 69.694,
	83.3457 69.6473,
	83.3515 69.624,
	83.369 69.6006,
	83.3749 69.5773,
	83.4974 69.3905,
	83.5616 69.2971,
	83.6608 69.1104,
	83.6959 69.017,
	83.7134 68.9294,
	83.7075 68.9236,
	83.7192 68.8302,
	83.7484 68.7368,
	83.8359 68.6493,
	83.8826 68.6318,
	83.9293 68.6318,
	83.941 68.6376,
	83.9527 68.6318,
	83.9819 68.6785,
	84.0052 68.7719,
	84.011 68.8652,
	83.9819 68.9586,
	83.9819 68.982,
	83.8943 69.1687,
	83.8768 69.2154,
	83.8476 69.2621,
	83.8126 69.3555,
	83.7717 69.5423,
	83.7601 69.6357,
	83.7659 69.729,
	83.7717 69.7757,
	83.8068 69.8691,
	83.8243 69.9158,
	83.8243 69.9392,
	83.8243 69.9508,
	83.7834 69.9975,
	83.7367 70.0325,
	83.7134 70.0442,
	83.7017 70.0559,
	83.6083 70.0967,
	83.5616 70.1084,
	83.55 70.1026,
	83.4566 70.1143,
	83.4099 70.1084,
	83.3865 70.0967,
	83.3398 70.0909,
	83.2931 70.0734,
	83.2698 70.0617,
	83.2465 70.0384,
	83.2289 69.9917,
	83.2289 69.945,
	83.2289 69.9333,
	"/>
<Contour name="TB2 NF_24_cw" hidden="false" closed="true" simplified="true" border="1 0.5 0" fill="1 0.682353 0.368627" mode="15"
 points="84.618 70.1551,
	84.6355 70.1318,
	84.6355 70.1084,
	84.6414 70.1026,
	84.6531 70.1084,
	84.6589 70.0851,
	84.6589 70.0734,
	84.6706 70.0617,
	84.6764 70.0384,
	84.7114 69.9917,
	84.8048 69.9508,
	84.8982 69.945,
	84.9449 69.9625,
	84.9916 69.9683,
	85.0149 69.9683,
	85.1083 70.0325,
	85.155 70.0792,
	85.2484 70.1551,
	85.2951 70.2018,
	85.3651 70.2952,
	85.3885 70.3419,
	85.406 70.4353,
	85.4176 70.482,
	85.4118 70.5753,
	85.406 70.622,
	85.3651 70.7154,
	85.3418 70.7621,
	85.2542 70.8438,
	85.2075 70.873,
	85.1608 70.8905,
	85.1141 70.8847,
	85.0675 70.8672,
	85.0208 70.838,
	84.9507 70.7563,
	84.8865 70.6629,
	84.8515 70.6162,
	84.799 70.5287,
	84.7348 70.4353,
	84.6706 70.3536,
	84.6472 70.3069,
	84.618 70.2135,
	84.618 70.1668,
	84.618 70.161,
	"/>
</Transform>

<Transform dim="0"
 xcoef=" 0 1 0 0 0 0"
 ycoef=" 0 0 1 0 0 0">
<Contour name="TB2 NF_19_cw" hidden="false" closed="true" simplified="true" border="1 1 0" fill="1 0.501961 0" mode="15"
 points="79.5201 53.6408,
	79.5779 53.3766,
	79.6192 53.2445,
	79.7347 52.9804,
	79.7595 52.9143,
	79.8503 52.7905,
	79.9163 52.7492,
	79.9494 52.741,
	79.9659 52.7327,
	79.9989 52.741,
	80.131 52.6997,
	80.197 52.741,
	80.23 52.7658,
	80.3374 53.0299,
	80.3621 53.096,
	80.3539 53.3601,
	80.3951 53.8884,
	80.4034 54.1526,
	80.3869 54.4168,
	80.2796 54.9451,
	80.2383 55.2092,
	80.1805 56.2659,
	80.164 56.7942,
	80.1557 57.0583,
	80.2053 57.3225,
	80.2465 57.8508,
	80.3043 58.115,
	80.4612 58.6433,
	80.519 58.9075,
	80.5437 59.0395,
	80.5685 59.3037,
	80.5602 59.4358,
	80.5602 59.5018,
	80.5272 59.6339,
	80.4942 59.6999,
	80.4282 59.766,
	80.3621 59.7907,
	80.23 59.7742,
	80.164 59.7495,
	80.098 59.6917,
	80.0567 59.6256,
	80.0402 59.5596,
	80.0072 59.4936,
	79.9411 59.2294,
	79.9329 58.9652,
	79.9741 58.7011,
	79.9989 58.4369,
	79.9906 58.1728,
	79.9989 57.9086,
	80.0072 57.8426,
	79.9824 57.5784,
	79.9659 57.4463,
	79.9576 57.1822,
	79.9246 56.918,
	79.8833 55.8614,
	79.8586 55.5972,
	79.8503 55.4651,
	79.809 55.201,
	79.7843 55.0689,
	79.743 54.9368,
	79.7182 54.8047,
	79.6357 54.5406,
	79.6109 54.4745,
	79.5614 53.9462,
	79.5201 53.6821,
	79.5201 53.649,
	"/>
</Transform>

<Transform dim="0"
 xcoef=" 0 1 0 0 0 0"
 ycoef=" 0 0 1 0 0 0">
<Contour name="TB2 NF_19_cw" hidden="false" closed="true" simplified="true" border="1 1 0" fill="1 0.502 0" mode="15"
 points="86.3003 2.29306,
	86.3075 2.28591,
	86.3146 2.29306,
	86.3217 2.26448,
	86.3432 2.23591,
	86.3575 2.22162,
	86.586 2.20019,
	86.7003 2.1859,
	86.7289 2.17876,
	86.8432 2.20019,
	86.9004 2.19305,
	86.9289 2.1859,
	86.9861 2.20019,
	87.0147 2.20733,
	87.0718 2.25019,
	87.1147 2.3002,
	87.1504 2.41449,
	87.1575 2.52879,
	87.1504 2.64309,
	87.129 2.75738,
	87.0932 2.87168,
	87.0718 2.92882,
	87.0289 2.97883,
	87.0004 2.98597,
	86.9432 2.97169,
	86.9146 2.96454,
	86.8575 2.91454,
	86.7432 2.85025,
	86.6289 2.77167,
	86.586 2.72881,
	86.5432 2.67166,
	86.5218 2.61451,
	86.4718 2.55736,
	86.4503 2.52879,
	86.3932 2.49307,
	86.3432 2.43592,
	86.3003 2.32163,
	86.3003 2.3002,
	"/>
</Transform>

<Transform dim="0"
 xcoef=" 0 1 0 0 0 0"
 ycoef=" 0 0 1 0 0 0">
<Contour name="TB2 NF_01_cw" hidden="false" closed="true" simplified="true" border="0.501961 0 0.501961" fill="0.909804 0 0.909804" mode="15"
 points="88.1473 2.38262,
	88.1763 2.30545,
	88.1859 2.26687,
	88.2341 2.1897,
	88.3113 2.12217,
	88.3885 2.09323,
	88.4271 2.11253,
	88.456 2.15111,
	88.4849 2.30545,
	88.4753 2.38262,
	88.4464 2.45979,
	88.3788 2.53696,
	88.3402 2.5659,
	88.2631 2.57555,
	88.1859 2.52731,
	88.1473 2.45014,
	88.1473 2.41156,
	88.1473 2.39227,
	"/>
</Transform>

<Transform dim="0"
 xcoef=" 0 1 0 0 0 0"
 ycoef=" 0 0 1 0 0 0">
<Contour name="TB2 NF_09_cw" hidden="false" closed="true" simplified="true" border="0.768627 0 0.384314" fill="0.501961 0 0.25098" mode="15"
 points="87.9129 1.92299,
	87.9269 1.84849,
	87.9688 1.774,
	87.9781 1.75537,
	88.0386 1.69019,
	88.1131 1.68087,
	88.1504 1.67622,
	88.1876 1.68087,
	88.2249 1.70415,
	88.2575 1.7414,
	88.2714 1.77865,
	88.2854 1.85315,
	88.2808 1.92765,
	88.2482 2.00215,
	88.2109 2.03474,
	88.1737 2.05337,
	88.155 2.06733,
	88.0805 2.0813,
	88.006 2.0813,
	87.9688 2.06733,
	87.9362 2.03474,
	87.9222 1.99749,
	87.9129 1.92765,
	"/>
</Transform>

<Transform dim="0"
 xcoef=" 0 1 0 0 0 0"
 ycoef=" 0 0 1 0 0 0">
<Contour name="TB2 NF_12_cw" hidden="false" closed="true" simplified="true" border="1 0.756863 1" fill="0.25098 0 0.25098" mode="15"
 points="90.0489 2.06463,
	90.1063 1.99908,
	90.139 1.96631,
	90.2701 1.88438,
	90.4012 1.868,
	90.434 1.868,
	90.4504 1.8598,
	90.5159 1.87619,
	90.5814 1.90896,
	90.606 1.93354,
	90.6142 1.95812,
	90.606 1.99089,
	90.5405 2.04824,
	90.4749 2.08101,
	90.4585 2.0974,
	90.4258 2.10559,
	90.393 2.13017,
	90.2619 2.15475,
	90.1308 2.15475,
	90.0653 2.13017,
	90.0489 2.0974,
	90.0489 2.07282,
	"/>
</Transform>

<Transform dim="0"
 xcoef=" 0 1 0 0 0 0"
 ycoef=" 0 0 1 0 0 0">
<Contour name="TB2 NF_02_cw" hidden="false" closed="true" simplified="true" border="1 0 0" fill="1 0 0" mode="15"
 points="101.548 6.49888,
	101.581 6.36776,
	101.622 6.3022,
	101.745 6.18746,
	101.81 6.13829,
	101.876 6.1137,
	101.941 6.10551,
	102.007 6.05634,
	102.138 5.99897,
	102.171 5.99077,
	102.237 5.9498,
	102.368 5.95799,
	102.433 5.9498,
	102.466 5.92521,
	102.532 5.90882,
	102.663 5.91702,
	102.794 5.90882,
	102.859 5.90882,
	102.892 5.89243,
	102.925 5.89243,
	102.941 5.89243,
	102.974 5.91702,
	103.007 5.92521,
	103.064 5.98258,
	103.105 6.04814,
	103.163 6.10551,
	103.154 6.17107,
	103.113 6.3022,
	103.097 6.36776,
	103.064 6.43332,
	103.048 6.4661,
	102.917 6.58903,
	102.851 6.62181,
	102.728 6.72835,
	102.695 6.75294,
	102.63 6.77752,
	102.564 6.8185,
	102.433 6.93323,
	102.302 7.01519,
	102.04 7.13812,
	101.974 7.1627,
	101.909 7.14631,
	101.778 7.03977,
	101.745 6.97421,
	101.687 6.90865,
	101.614 6.77752,
	101.581 6.71196,
	101.548 6.58084,
	101.548 6.51527,
	101.548 6.50708,
	"/>
</Transform>

<Transform dim="0"
 xcoef=" 0 1 0 0 0 0"
 ycoef=" 0 0 1 0 0 0">
<Contour name="TB2 NF_16_cw" hidden="false" closed="true" simplified="true" border="0.651 0.094 0" fill="0.831 0 0" mode="15"
 points="79.4864 4.08017,
	79.5573 3.98555,
	79.581 3.93825,
	79.6756 3.87912,
	79.7229 3.86729,
	79.9121 3.93825,
	80.1014 4.05651,
	80.1605 4.15113,
	80.1841 4.19843,
	80.1841 4.29305,
	80.1723 4.34035,
	80.1487 4.364,
	80.125 4.45862,
	80.0895 4.50592,
	80.0659 4.50592,
	80.0186 4.5414,
	79.8294 4.51775,
	79.6401 4.38766,
	79.581 4.29305,
	79.5337 4.24574,
	79.4982 4.15113,
	79.4864 4.10382,
	79.4864 4.09199,
	"/>
</Transform>

<Transform dim="0"
 xcoef=" 0 1 0 0 0 0"
 ycoef=" 0 0 1 0 0 0">
<Contour name="TB2 NF_06_cw" hidden="false" closed="true" simplified="true" border="1 1 0" fill="0.906 0.886 0.255" mode="15"
 points="78.5024 5.31929,
	78.5406 5.24303,
	78.5692 5.2049,
	78.5882 5.19537,
	78.6645 5.2335,
	78.7026 5.25256,
	78.7789 5.24303,
	78.817 5.22396,
	78.817 5.2049,
	78.941 5.07144,
	79.0172 5.02378,
	79.0935 4.99518,
	79.1697 4.93798,
	79.246 4.90938,
	79.3985 4.91891,
	79.4367 4.93798,
	79.4748 4.93798,
	79.4939 4.95705,
	79.6464 5.00471,
	79.7989 5.0905,
	79.8752 5.15723,
	79.9133 5.19537,
	79.9324 5.21443,
	79.9896 5.36696,
	80.0086 5.44322,
	80.0086 5.48135,
	79.9228 5.63387,
	79.8752 5.71014,
	79.837 5.74827,
	79.7608 5.77686,
	79.7226 5.7864,
	79.5701 5.77686,
	79.4939 5.76733,
	79.1888 5.672,
	79.0363 5.59574,
	78.8838 5.53855,
	78.8075 5.49088,
	78.655 5.44322,
	78.5787 5.43368,
	78.5406 5.42415,
	78.5024 5.38602,
	78.5024 5.34789,
	78.5024 5.32882,
	"/>
</Transform>

<Transform dim="0"
 xcoef=" 0 1 0 0 0 0"
 ycoef=" 0 0 1 0 0 0">
<Contour name="TB2 NF_07_cw" hidden="false" closed="true" simplified="true" border="1 0.502 0.251" fill="0.925 0.302 0" mode="15"
 points="78.5492 4.04611,
	78.581 3.99521,
	78.6319 3.97613,
	78.6828 3.96977,
	78.7083 3.96341,
	78.7337 3.94432,
	78.8355 3.91887,
	78.8864 3.91887,
	78.9118 3.92523,
	78.9246 3.92523,
	78.9691 3.96977,
	78.9818 3.99521,
	78.9818 4.02066,
	78.9882 4.03338,
	78.9818 4.05883,
	78.95 4.10973,
	78.9436 4.16062,
	78.9309 4.18607,
	78.9246 4.19243,
	78.9436 4.19879,
	78.9055 4.24969,
	78.8991 4.24332,
	78.7973 4.27513,
	78.7719 4.2815,
	78.6701 4.23696,
	78.6446 4.22424,
	78.6192 4.19879,
	78.5683 4.097,
	78.5492 4.05247,
	"/>
</Transform>

<Transform dim="0"
 xcoef=" 0 1 0 0 0 0"
 ycoef=" 0 0 1 0 0 0">
<Contour name="TB2 NF_07_cw" hidden="false" closed="true" simplified="true" border="1 0.502 0.251" fill="0.925 0.302 0" mode="15"
 points="80.5277 2.97096,
	80.5405 2.94552,
	80.5914 2.92007,
	80.6423 2.90735,
	80.6931 2.90735,
	80.744 2.92643,
	80.8458 2.93915,
	80.8967 2.95824,
	80.9476 3.00277,
	80.9922 3.10456,
	80.9985 3.15546,
	80.9922 3.1809,
	80.9731 3.19999,
	80.9222 3.21271,
	80.7186 3.18726,
	80.6168 3.16182,
	80.6041 3.14273,
	80.5595 3.09184,
	80.5341 3.04094,
	80.5277 2.99005,
	80.5277 2.97733,
	"/>
</Transform>

<Transform dim="0"
 xcoef=" 0 1 0 0 0 0"
 ycoef=" 0 0 1 0 0 0">
<Contour name="TB2_TCdying-02_cw" hidden="false" closed="true" simplified="true" border="0 0.502 0.753" fill="0 0.502 0.753" mode="15"
 points="76.2248 68.3953,
	76.2408 68.267,
	76.2328 68.1386,
	76.2729 68.0744,
	76.305 68.0504,
	76.3691 68.0504,
	76.4333 68.1065,
	76.4654 68.1306,
	76.5296 68.1466,
	76.5617 68.1627,
	76.5777 68.1948,
	76.5857 68.2108,
	76.5777 68.2429,
	76.5857 68.267,
	76.6178 68.283,
	76.6499 68.283,
	76.666 68.283,
	76.698 68.3071,
	76.7141 68.3392,
	76.7061 68.4033,
	76.7061 68.4194,
	76.5938 68.5397,
	76.5617 68.5557,
	76.5456 68.5718,
	76.5135 68.5718,
	76.5055 68.5798,
	76.5216 68.5878,
	76.4895 68.5959,
	76.3611 68.5638,
	76.2408 68.4755,
	76.2248 68.4595,
	76.2248 68.4033,
	"/>
</Transform>

<Transform dim="0"
 xcoef=" 0 1 0 0 0 0"
 ycoef=" 0 0 1 0 0 0">
<Contour name="TB2 NF_08_cw" hidden="false" closed="true" simplified="true" border="0.996 0.647 0.263" fill="0.996 0.647 0.263" mode="15"
 points="87.3872 7.92689,
	87.4046 7.83411,
	87.4625 7.74713,
	87.4973 7.70654,
	87.5147 7.68334,
	87.5553 7.65435,
	87.6017 7.60796,
	87.6945 7.54997,
	87.8801 7.46879,
	87.9264 7.45139,
	88.0192 7.44559,
	88.0656 7.46879,
	88.1004 7.50938,
	88.112 7.53258,
	88.112 7.57897,
	88.1294 7.62536,
	88.2164 7.70654,
	88.2628 7.74713,
	88.286 7.77032,
	88.344 7.8631,
	88.3671 7.90949,
	88.3961 8.00227,
	88.4367 8.09505,
	88.4599 8.18783,
	88.4773 8.23422,
	88.5295 8.327,
	88.5469 8.41978,
	88.5469 8.51256,
	88.5353 8.60534,
	88.5237 8.62854,
	88.5005 8.65173,
	88.4541 8.67493,
	88.4019 8.76191,
	88.3903 8.78511,
	88.344 8.8257,
	88.2976 8.84309,
	88.2744 8.84309,
	88.228 8.8257,
	88.1816 8.83729,
	88.1584 8.84889,
	88.112 8.85469,
	88.0656 8.83729,
	88.0192 8.7967,
	87.9786 8.70392,
	87.967 8.69233,
	87.9206 8.68653,
	87.8975 8.68073,
	87.8511 8.65173,
	87.8105 8.61114,
	87.7931 8.58795,
	87.7873 8.56475,
	87.7641 8.54736,
	87.7177 8.53576,
	87.6945 8.52996,
	87.6539 8.48937,
	87.6307 8.44298,
	87.6191 8.39659,
	87.6249 8.30381,
	87.6365 8.28061,
	87.6365 8.23422,
	87.6249 8.21103,
	87.5321 8.19363,
	87.4857 8.17624,
	87.4625 8.16464,
	87.4393 8.14144,
	87.4104 8.09505,
	87.393 8.04866,
	87.3872 7.95588,
	87.3872 7.93269,
	"/>
</Transform>

<Transform dim="0"
 xcoef=" 0 1 0 0 0 0"
 ycoef=" 0 0 1 0 0 0">
<Contour name="TB2 NF_08_cw" hidden="false" closed="true" simplified="true" border="0.996 0.647 0.263" fill="0.996 0.647 0.263" mode="15"
 points="91.3651 4.00114,
	91.4289 3.91416,
	91.4637 3.87357,
	91.5101 3.85037,
	91.5333 3.83877,
	91.626 3.75179,
	91.6608 3.7054,
	91.684 3.68221,
	91.7246 3.65901,
	91.771 3.64741,
	91.8638 3.60682,
	91.9102 3.60682,
	91.9334 3.61262,
	91.9798 3.60102,
	92.003 3.58943,
	92.0146 3.57783,
	92.0378 3.57203,
	92.0842 3.57783,
	92.1769 3.61842,
	92.2697 3.64162,
	92.2929 3.64741,
	92.3045 3.64741,
	92.3277 3.67061,
	92.3451 3.717,
	92.3451 3.74019,
	92.3741 3.78658,
	92.3973 3.79818,
	92.4263 3.84457,
	92.4089 3.89096,
	92.3219 3.96635,
	92.2291 4.01853,
	92.1363 4.04753,
	92.0899 4.07072,
	91.9972 4.09392,
	91.9044 4.10552,
	91.8812 4.11131,
	91.8406 4.14611,
	91.7942 4.15191,
	91.7478 4.14611,
	91.7246 4.14611,
	91.6782 4.1693,
	91.6724 4.1751,
	91.6898 4.1809,
	91.6434 4.19829,
	91.6202 4.19829,
	91.5739 4.1751,
	91.4811 4.14611,
	91.4347 4.11711,
	91.3941 4.07652,
	91.3651 4.03013,
	91.3651 4.00694,
	"/>
</Transform>

<Transform dim="0"
 xcoef=" 0 1 0 0 0 0"
 ycoef=" 0 0 1 0 0 0">
<Contour name="TB2 NF_08_cw" hidden="false" closed="true" simplified="true" border="0.996 0.647 0.263" fill="0.996 0.647 0.263" mode="15"
 points="92.4379 -0.00579875,
	92.6234 -0.0115975,
	93.3657 0,
	93.4121 0,
	93.4237 -0.00579875,
	93.5164 0.0405913,
	93.6092 0.104378,
	93.6556 0.13917,
	93.7484 0.18556,
	93.7716 0.191359,
	93.7832 0.202956,
	93.876 0.243548,
	93.9224 0.272541,
	94.0151 0.347925,
	94.0905 0.440705,
	94.1137 0.487095,
	94.1427 0.579875,
	94.1427 0.60307,
	94.1543 0.626265,
	94.1601 0.672655,
	94.1659 0.684253,
	94.1601 0.69585,
	94.1717 0.74224,
	94.1659 0.78863,
	94.1485 0.83502,
	94.1137 0.875611,
	94.0673 0.893008,
	93.9745 0.893008,
	93.8818 0.88141,
	93.789 0.852416,
	93.7426 0.840819,
	93.6962 0.811825,
	93.6034 0.777033,
	93.5106 0.759636,
	93.3251 0.684253,
	93.2787 0.655259,
	93.2555 0.637863,
	93.1627 0.60307,
	93.1395 0.597271,
	93.0525 0.527686,
	92.9656 0.440705,
	92.8902 0.376919,
	92.8554 0.336328,
	92.838 0.32473,
	92.7916 0.284139,
	92.7046 0.226151,
	92.6582 0.197158,
	92.6118 0.150768,
	92.5191 0.0811825,
	92.4727 0.0405913,
	92.4495 0.0173963,
	92.4437 0,
	"/>
</Transform>

<Transform dim="0"
 xcoef=" 0 1 0 0 0 0"
 ycoef=" 0 0 1 0 0 0">
<Contour name="TB2 NF_22_cw" hidden="false" closed="true" simplified="true" border="0.941 0.894 0.059" fill="0.91 0.847 0.09" mode="15"
 points="77.795 4.48145,
	77.8094 4.4431,
	77.8238 4.42393,
	77.8334 4.38559,
	77.8669 4.3089,
	77.8861 4.27055,
	77.8909 4.25138,
	77.9005 4.2418,
	77.9101 4.20345,
	77.934 4.16511,
	77.9532 4.15073,
	77.9915 4.14114,
	78.0682 4.14114,
	78.1449 4.13156,
	78.1833 4.13156,
	78.2216 4.14594,
	78.375 4.237,
	78.5283 4.33766,
	78.5619 4.376,
	78.5859 4.41434,
	78.6146 4.49103,
	78.6242 4.52938,
	78.629 4.54855,
	78.6146 4.62524,
	78.5811 4.70192,
	78.5667 4.74027,
	78.514 4.81695,
	78.4517 4.88406,
	78.375 4.93678,
	78.2983 4.95116,
	78.2791 4.94637,
	78.2695 4.94637,
	78.236 4.90802,
	78.2072 4.83613,
	78.2024 4.79778,
	78.188 4.75944,
	78.1785 4.74027,
	78.1401 4.70672,
	77.9867 4.61086,
	77.9101 4.57731,
	77.8334 4.55813,
	77.8142 4.54375,
	77.8046 4.53417,
	77.795 4.49582,
	77.795 4.48624,
	"/>
</Transform>

<Transform dim="0"
 xcoef=" 0 1 0 0 0 0"
 ycoef=" 0 0 1 0 0 0">
<Contour name="TB2 NF_22_cw" hidden="false" closed="true" simplified="true" border="0.941 0.894 0.059" fill="0.91 0.847 0.09" mode="15"
 points="78.4708 2.19519,
	78.4852 2.15685,
	78.5475 2.09454,
	78.5859 2.06578,
	78.6242 2.0514,
	78.7776 2.03702,
	78.7968 2.04661,
	78.8063 2.04661,
	78.8447 2.07536,
	78.8734 2.10412,
	78.8974 2.14247,
	78.9597 2.21436,
	78.9741 2.23353,
	78.9789 2.27188,
	78.9789 2.29105,
	78.9837 2.30064,
	78.9693 2.37732,
	78.9645 2.39649,
	78.9262 2.43484,
	78.8495 2.4636,
	78.8303 2.47318,
	78.792 2.47798,
	78.7153 2.44442,
	78.6769 2.43484,
	78.6386 2.43963,
	78.6002 2.43484,
	78.5619 2.41087,
	78.5236 2.37732,
	78.5092 2.36294,
	78.5044 2.3246,
	78.5092 2.28626,
	78.4804 2.25271,
	78.4708 2.21436,
	78.4708 2.19998,
	"/>
</Transform>

<Transform dim="0"
 xcoef=" 0 1 0 0 0 0"
 ycoef=" 0 0 1 0 0 0">
<Contour name="TB2 NF_23_cw" hidden="false" closed="true" simplified="true" border="0.973 0.757 0.016" fill="0.902 0.8 0.102" mode="15"
 points="87.435 12.7764,
	87.4561 12.692,
	87.4666 12.6498,
	87.4666 12.6076,
	87.4508 12.5231,
	87.4402 12.3543,
	87.4402 12.312,
	87.4666 12.2276,
	87.4877 12.2065,
	87.53 12.1854,
	87.6144 12.1801,
	87.6566 12.1801,
	87.6777 12.1854,
	87.6988 12.2012,
	87.7094 12.2012,
	87.7516 12.2329,
	87.7727 12.2487,
	87.8149 12.254,
	87.8572 12.2487,
	87.8994 12.2329,
	87.9838 12.2382,
	88.0682 12.2276,
	88.1105 12.2276,
	88.1527 12.2434,
	88.1949 12.2487,
	88.216 12.2487,
	88.3005 12.2856,
	88.3427 12.312,
	88.3638 12.3226,
	88.3849 12.3437,
	88.464 12.4017,
	88.5274 12.4862,
	88.6171 12.6551,
	88.6488 12.7395,
	88.6593 12.8239,
	88.6593 12.9084,
	88.6488 12.9928,
	88.6435 13.035,
	88.6382 13.0561,
	88.6488 13.1406,
	88.6751 13.225,
	88.691 13.2672,
	88.6963 13.3517,
	88.691 13.3939,
	88.7015 13.415,
	88.7385 13.4414,
	88.7437 13.4836,
	88.7437 13.5047,
	88.7543 13.5258,
	88.7543 13.5364,
	88.7965 13.5575,
	88.8071 13.5575,
	88.881 13.6314,
	88.9073 13.6736,
	88.9232 13.7158,
	88.9232 13.758,
	88.8757 13.8372,
	88.8493 13.8794,
	88.8387 13.9005,
	88.8282 13.9111,
	88.8282 13.9216,
	88.8176 13.9322,
	88.7649 14.1011,
	88.7385 14.1855,
	88.7226 14.2277,
	88.6646 14.3121,
	88.5801 14.3808,
	88.5115 14.5496,
	88.4957 14.5918,
	88.4904 14.613,
	88.4799 14.6235,
	88.464 14.6657,
	88.4535 14.6868,
	88.4324 14.7079,
	88.3479 14.7343,
	88.2635 14.7132,
	88.1843 14.6605,
	88.1157 14.5813,
	88.0788 14.4969,
	88.0788 14.4546,
	88.0894 14.4124,
	88.0999 14.3913,
	88.0999 14.3491,
	88.063 14.3121,
	88.0419 14.2963,
	87.9574 14.2646,
	87.7885 14.2277,
	87.7463 14.2013,
	87.7199 14.1591,
	87.7199 14.1169,
	87.683 14.0799,
	87.6038 13.9111,
	87.588 13.89,
	87.5563 13.8055,
	87.5405 13.7211,
	87.5352 13.7,
	87.5458 13.6578,
	87.5827 13.5733,
	87.5511 13.4889,
	87.53 13.4678,
	87.5088 13.4256,
	87.4614 13.0878,
	87.4455 12.9189,
	87.4402 12.8345,
	87.4402 12.7923,
	87.435 12.7817,
	"/>
</Transform>

<Transform dim="0"
 xcoef=" 0 1 0 0 0 0"
 ycoef=" 0 0 1 0 0 0">
<Contour name="TB2 NF_23_cw" hidden="false" closed="true" simplified="true" border="0.973 0.757 0.016" fill="0.902 0.8 0.102" mode="15"
 points="88.9234 14.0678,
	88.9521 13.9758,
	88.9923 13.8839,
	89.0211 13.8379,
	89.1073 13.7459,
	89.1303 13.7344,
	89.1532 13.7115,
	89.2452 13.6597,
	89.2912 13.6253,
	89.4751 13.5563,
	89.567 13.5391,
	89.6589 13.5563,
	89.7049 13.5735,
	89.7969 13.5793,
	89.8428 13.5678,
	89.9348 13.5965,
	90.0267 13.6712,
	90.1129 13.7632,
	90.1589 13.8551,
	90.2796 14.039,
	90.337 14.131,
	90.3658 14.1769,
	90.3945 14.3608,
	90.3888 14.4011,
	90.3945 14.493,
	90.3773 14.539,
	90.3485 14.585,
	90.3428 14.6079,
	90.36 14.6539,
	90.36 14.6769,
	90.3141 14.7688,
	90.2853 14.8608,
	90.2681 14.9068,
	90.1934 14.9987,
	90.1532 15.0447,
	90.0727 15.1194,
	90.0267 15.1596,
	89.9348 15.2228,
	89.8888 15.2343,
	89.7969 15.2171,
	89.7049 15.1654,
	89.613 15.1251,
	89.4291 15.0677,
	89.3371 15.0217,
	89.2912 14.9815,
	89.2624 14.9412,
	89.182 14.8493,
	89.113 14.7574,
	89.067 14.6654,
	89.0326 14.5735,
	89.0153 14.4815,
	89.0038 14.4585,
	89.0038 14.4126,
	88.9866 14.3206,
	88.9808 14.2746,
	88.9464 14.1827,
	88.9291 14.1367,
	88.9291 14.0907,
	88.9234 14.0735,
	"/>
</Transform>

<Transform dim="0"
 xcoef=" 0 1 0 0 0 0"
 ycoef=" 0 0 1 0 0 0">
<Contour name="TB2 NF_23_cw" hidden="false" closed="true" simplified="true" border="0.973 0.757 0.016" fill="0.902 0.8 0.102" mode="15"
 points="80.1187 5.03996,
	80.1419 4.96557,
	80.1605 4.92838,
	80.221 4.85399,
	80.2582 4.82144,
	80.2582 4.81214,
	80.2953 4.78425,
	80.3139 4.7703,
	80.3883 4.7424,
	80.4627 4.72845,
	80.5371 4.7331,
	80.5557 4.71915,
	80.565 4.70985,
	80.6022 4.70056,
	80.6394 4.70056,
	80.6766 4.7238,
	80.7138 4.7145,
	80.7324 4.70521,
	80.7696 4.67266,
	80.8068 4.66336,
	80.8254 4.66336,
	80.8951 4.7145,
	80.9137 4.71915,
	80.9323 4.7145,
	80.9649 4.68661,
	81.0114 4.61687,
	81.03 4.60292,
	81.0486 4.59827,
	81.0672 4.60292,
	81.0857 4.61687,
	81.1043 4.65406,
	81.1136 4.66336,
	81.1322 4.73775,
	81.1322 4.75635,
	81.1415 4.77495,
	81.1415 4.79354,
	81.1648 4.86793,
	81.1694 4.90513,
	81.1648 4.94233,
	81.1648 4.96092,
	81.1601 4.97022,
	81.1694 5.00742,
	81.1601 5.08181,
	81.1043 5.23059,
	81.0718 5.30498,
	81.0393 5.33753,
	81.0021 5.36077,
	80.9974 5.39797,
	81.0021 5.40262,
	80.9788 5.43981,
	80.9463 5.47701,
	80.8765 5.53745,
	80.8579 5.55605,
	80.8207 5.57929,
	80.8021 5.58394,
	80.7649 5.60719,
	80.7463 5.62114,
	80.672 5.62579,
	80.6348 5.62114,
	80.5604 5.58859,
	80.5418 5.57465,
	80.5325 5.57465,
	80.4581 5.5142,
	80.3232 5.39332,
	80.286 5.37007,
	80.2256 5.30963,
	80.1931 5.27243,
	80.1512 5.19804,
	80.128 5.12365,
	80.1233 5.04926,
	80.1187 5.04461,
	"/>
</Transform>

<Transform dim="0"
 xcoef=" 0 1 0 0 0 0"
 ycoef=" 0 0 1 0 0 0">
<Image mag="0.00855" contrast="1" brightness="0" red="true" green="true" blue="true"
 src="..\TF21_robdata\Rob's_latest_seg_files_TF21_TB2\Aligned 633131.tif" />
<Contour name="domain1" hidden="false" closed="true" simplified="false" border="1 0 1" fill="1 0 1" mode="11"
 points="0 0,
	15991 0,
	15991 12171,
	0 12171,
	"/>
</Transform>

<Transform dim="0"
 xcoef=" 0 1 0 0 0 0"
 ycoef=" 0 0 1 0 0 0">
<Contour name="TB2 NF_15" hidden="true" closed="true" simplified="false" border="1 1 0" fill="1 1 0" mode="-9"
 points="79.3532 3.83098,
	79.433 3.77112,
	79.5128 3.77112,
	79.5527 3.77112,
	79.6126 3.85093,
	79.5926 4.01056,
	79.433 4.07042,
	79.3731 3.9906,
	79.3532 3.85093,
	"/>
</Transform>

<Transform dim="0"
 xcoef=" 0 1 0 0 0 0"
 ycoef=" 0 0 1 0 0 0">
<Contour name="TB2 NF_15" hidden="true" closed="true" simplified="false" border="1 1 0" fill="1 1 0" mode="-9"
 points="79.0215 4.3541,
	79.0314 4.34414,
	79.0514 4.3541,
	79.1909 4.19468,
	79.2706 4.17476,
	79.3503 4.18472,
	79.3702 4.18472,
	79.4399 4.25447,
	79.4898 4.41388,
	79.4698 4.49359,
	79.3901 4.55337,
	79.3104 4.56334,
	79.2307 4.55337,
	79.1909 4.54341,
	79.1709 4.54341,
	79.0912 4.49359,
	79.0414 4.41388,
	79.0215 4.40392,
	79.0215 4.36407,
	"/>
</Transform>

<Transform dim="0"
 xcoef=" 0 1 0 0 0 0"
 ycoef=" 0 0 1 0 0 0">
<Contour name="TB2 NF_15" hidden="true" closed="true" simplified="false" border="1 1 0" fill="1 1 0" mode="-9"
 points="79.1012 2.70014,
	79.141 2.62043,
	79.1809 2.58058,
	79.2008 2.56065,
	79.2805 2.54072,
	79.2905 2.53076,
	79.3702 2.56065,
	79.4101 2.64036,
	79.42 2.68021,
	79.4101 2.72007,
	79.4101 2.74,
	79.3403 2.80974,
	79.2606 2.8197,
	79.2407 2.82967,
	79.161 2.77985,
	79.1211 2.74996,
	79.1012 2.7101,
	"/>
</Transform>

<Transform dim="0"
 xcoef=" 0 1 0 0 0 0"
 ycoef=" 0 0 1 0 0 0">
<Contour name="TB2 NF_15" hidden="true" closed="true" simplified="false" border="1 1 0" fill="1 1 0" mode="-9"
 points="78.556 4.94142,
	78.651 4.81472,
	78.7777 4.78305,
	78.8727 4.87807,
	78.9044 5.00478,
	78.9044 5.06813,
	78.8411 5.13148,
	78.7144 5.16316,
	78.6827 5.25818,
	78.5877 5.16316,
	78.5877 5.03645,
	78.556 4.9731,
	"/>
</Transform>

<Transform dim="0"
 xcoef=" 0 1 0 0 0 0"
 ycoef=" 0 0 1 0 0 0">
<Contour name="TB2 NF_17" hidden="true" closed="true" simplified="true" border="1 0.501961 0.501961" fill="1 0.501961 0.501961" mode="-9"
 points="87.4537 12.4342,
	87.5746 12.3133,
	87.6437 12.2788,
	87.92 12.296,
	88.0582 12.3133,
	88.1963 12.3651,
	88.3172 12.4687,
	88.4208 12.6069,
	88.4726 12.676,
	88.6281 13.2286,
	88.6453 13.7812,
	88.559 14.3338,
	88.4726 14.6102,
	88.3863 14.7483,
	88.3172 14.7656,
	88.1445 14.5238,
	88.11 14.4547,
	87.9891 14.3511,
	87.9373 14.3166,
	87.8337 14.1784,
	87.8164 14.1093,
	87.7646 14.0403,
	87.6092 13.4876,
	87.4883 12.935,
	87.4537 12.6587,
	87.4537 12.5205,
	87.4537 12.4514,
	"/>
</Transform>

<Transform dim="0"
 xcoef=" 0 1 0 0 0 0"
 ycoef=" 0 0 1 0 0 0">
<Contour name="TB2 NF_15" hidden="true" closed="true" simplified="false" border="1 1 0" fill="1 1 0" mode="-9"
 points="78.8802 5.14582,
	78.9693 4.96761,
	79.0584 4.90078,
	79.1475 4.8785,
	79.3258 4.92305,
	79.504 5.05671,
	79.6822 5.12354,
	79.8604 5.23492,
	79.9272 5.32403,
	79.9272 5.50224,
	79.8827 5.54679,
	79.8604 5.63589,
	79.7713 5.725,
	79.5931 5.79183,
	79.4149 5.8141,
	79.2367 5.74727,
	78.9471 5.41313,
	78.8802 5.23492,
	78.8802 5.16809,
	"/>
</Transform>

<Transform dim="0"
 xcoef=" 0 1 0 0 0 0"
 ycoef=" 0 0 1 0 0 0">
<Contour name="TB2 NF_24" hidden="true" closed="true" simplified="true" border="1 0.501961 0.25098" fill="1 0.501961 0.25098" mode="-9"
 points="84.6172 70.0258,
	84.6647 69.9625,
	84.7915 69.9149,
	84.9182 69.8991,
	85.0449 69.9466,
	85.1083 69.9783,
	85.3301 70.2159,
	85.3618 70.3427,
	85.3618 70.5962,
	85.2509 70.7229,
	84.9974 70.7546,
	84.8707 70.7388,
	84.7756 70.612,
	84.7598 70.5487,
	84.7122 70.4853,
	84.7122 70.4536,
	84.6806 70.4219,
	84.6172 70.1684,
	84.6172 70.0417,
	"/>
</Transform>

<Transform dim="0"
 xcoef=" 0 1 0 0 0 0"
 ycoef=" 0 0 1 0 0 0">
<Contour name="TB2 NF_24" hidden="true" closed="true" simplified="true" border="1 0.501961 0.25098" fill="1 0.501961 0.25098" mode="-9"
 points="83.223 69.9783,
	83.2705 69.8674,
	83.3339 69.9149,
	83.3656 69.9308,
	83.4765 69.4238,
	83.6825 68.9168,
	83.825 68.6792,
	83.8884 68.6317,
	83.9201 68.6158,
	83.9676 68.6633,
	83.9835 68.7901,
	83.9676 68.9168,
	83.7775 69.4238,
	83.7775 69.5505,
	83.825 69.804,
	83.8409 69.9308,
	83.7934 70.0575,
	83.6983 70.1843,
	83.6666 70.1843,
	83.6349 70.2159,
	83.5082 70.2318,
	83.3814 70.2159,
	83.2547 70.1367,
	83.223 70.105,
	83.223 69.9941,
	"/>
</Transform>

<Transform dim="0"
 xcoef=" 0 1 0 0 0 0"
 ycoef=" 0 0 1 0 0 0">
<Contour name="TB2 NF_17" hidden="true" closed="true" simplified="true" border="1 0.501961 0.501961" fill="1 0.501961 0.501961" mode="-9"
 points="80.1749 5.03514,
	80.3105 4.88021,
	80.4654 4.78338,
	80.6204 4.74465,
	80.9302 4.74465,
	81.0851 4.78338,
	81.1626 4.84148,
	81.2013 4.88021,
	81.2401 5.03514,
	81.2401 5.19007,
	81.182 5.345,
	81.0464 5.49992,
	80.969 5.57739,
	80.814 5.65485,
	80.6591 5.69358,
	80.5816 5.69358,
	80.4267 5.59675,
	80.3105 5.44183,
	80.233 5.36436,
	80.1749 5.05451,
	"/>
</Transform>

<Transform dim="0"
 xcoef=" 0 1 0 0 0 0"
 ycoef=" 0 0 1 0 0 0">
<Contour name="TB2 NF_28-FR" hidden="false" closed="true" simplified="true" border="1 0.501961 0.501961" fill="1 0.501961 0.501961" mode="-9"
 points="103.236 5.52254,
	103.334 5.42467,
	103.39 5.39671,
	103.502 5.41069,
	103.614 5.36874,
	103.726 5.35476,
	103.838 5.39671,
	103.922 5.49457,
	103.95 5.60642,
	103.964 5.66235,
	103.936 5.7742,
	103.838 5.99789,
	103.796 6.10974,
	103.698 6.22159,
	103.586 6.27752,
	103.558 6.27752,
	103.53 6.24955,
	103.516 6.13771,
	103.418 5.91401,
	103.348 5.80216,
	103.306 5.69031,
	103.236 5.57846,
	103.236 5.53652,
	"/>
</Transform>

<Transform dim="0"
 xcoef=" 0 1 0 0 0 0"
 ycoef=" 0 0 1 0 0 0">
<Contour name="TB2 NF_24" hidden="true" closed="true" simplified="true" border="1 0.501961 0.25098" fill="1 0.501961 0.25098" mode="-9"
 points="79.5046 53.6254,
	79.5455 53.4074,
	79.5864 53.2984,
	79.6137 53.2438,
	79.6137 53.2166,
	79.7363 52.9985,
	79.8044 52.8895,
	79.8453 52.835,
	79.8317 52.8214,
	79.8862 52.7805,
	79.9952 52.7805,
	80.2133 52.8486,
	80.3223 52.9304,
	80.3632 53.0394,
	80.3087 53.4755,
	80.3223 53.5845,
	80.3632 53.6936,
	80.4041 54.1297,
	80.2814 55.0018,
	80.2133 55.4379,
	80.1724 55.874,
	80.1588 56.7462,
	80.1588 57.1823,
	80.1588 57.2913,
	80.1588 57.3458,
	80.1315 57.4003,
	80.1043 57.414,
	80.0497 57.3049,
	79.9816 56.8688,
	79.9544 56.4328,
	79.9544 55.9967,
	79.9271 55.7786,
	79.9271 55.7241,
	79.8862 55.6151,
	79.8453 55.397,
	79.8181 55.288,
	79.7908 55.2335,
	79.7772 55.1245,
	79.7499 55.07,
	79.7091 54.8519,
	79.6409 54.6339,
	79.5455 54.1978,
	79.5046 53.7617,
	79.5046 53.6527,
	79.5046 53.6391,
	"/>
</Transform>

<Transform dim="0"
 xcoef=" 0 1 0 0 0 0"
 ycoef=" 0 0 1 0 0 0">
<Contour name="TB2 NF_24_cw" hidden="false" closed="true" simplified="true" border="1 0.5 0" fill="1 0.682353 0.368627" mode="15"
 points="83.2289 69.9275,
	83.264 69.8341,
	83.3107 69.7407,
	83.334 69.694,
	83.3457 69.6473,
	83.3515 69.624,
	83.369 69.6006,
	83.3749 69.5773,
	83.4974 69.3905,
	83.5616 69.2971,
	83.6608 69.1104,
	83.6959 69.017,
	83.7134 68.9294,
	83.7075 68.9236,
	83.7192 68.8302,
	83.7484 68.7368,
	83.8359 68.6493,
	83.8826 68.6318,
	83.9293 68.6318,
	83.941 68.6376,
	83.9527 68.6318,
	83.9819 68.6785,
	84.0052 68.7719,
	84.011 68.8652,
	83.9819 68.9586,
	83.9819 68.982,
	83.8943 69.1687,
	83.8768 69.2154,
	83.8476 69.2621,
	83.8126 69.3555,
	83.7717 69.5423,
	83.7601 69.6357,
	83.7659 69.729,
	83.7717 69.7757,
	83.8068 69.8691,
	83.8243 69.9158,
	83.8243 69.9392,
	83.8243 69.9508,
	83.7834 69.9975,
	83.7367 70.0325,
	83.7134 70.0442,
	83.7017 70.0559,
	83.6083 70.0967,
	83.5616 70.1084,
	83.55 70.1026,
	83.4566 70.1143,
	83.4099 70.1084,
	83.3865 70.0967,
	83.3398 70.0909,
	83.2931 70.0734,
	83.2698 70.0617,
	83.2465 70.0384,
	83.2289 69.9917,
	83.2289 69.945,
	83.2289 69.9333,
	"/>
<Contour name="TB2 NF_24_cw" hidden="false" closed="true" simplified="true" border="1 0.5 0" fill="1 0.682353 0.368627" mode="15"
 points="84.618 70.1551,
	84.6355 70.1318,
	84.6355 70.1084,
	84.6414 70.1026,
	84.6531 70.1084,
	84.6589 70.0851,
	84.6589 70.0734,
	84.6706 70.0617,
	84.6764 70.0384,
	84.7114 69.9917,
	84.8048 69.9508,
	84.8982 69.945,
	84.9449 69.9625,
	84.9916 69.9683,
	85.0149 69.9683,
	85.1083 70.0325,
	85.155 70.0792,
	85.2484 70.1551,
	85.2951 70.2018,
	85.3651 70.2952,
	85.3885 70.3419,
	85.406 70.4353,
	85.4176 70.482,
	85.4118 70.5753,
	85.406 70.622,
	85.3651 70.7154,
	85.3418 70.7621,
	85.2542 70.8438,
	85.2075 70.873,
	85.1608 70.8905,
	85.1141 70.8847,
	85.0675 70.8672,
	85.0208 70.838,
	84.9507 70.7563,
	84.8865 70.6629,
	84.8515 70.6162,
	84.799 70.5287,
	84.7348 70.4353,
	84.6706 70.3536,
	84.6472 70.3069,
	84.618 70.2135,
	84.618 70.1668,
	84.618 70.161,
	"/>
</Transform>

<Transform dim="0"
 xcoef=" 0 1 0 0 0 0"
 ycoef=" 0 0 1 0 0 0">
<Contour name="TB2 NF_01_rsl" hidden="false" closed="true" simplified="true" border="0 1 0" fill="0 1 0" mode="-9"
 points="88.1425 2.35713,
	88.1731 2.2755,
	88.2445 2.21428,
	88.3261 2.18366,
	88.367 2.18366,
	88.4486 2.22448,
	88.4792 2.2653,
	88.4996 2.24489,
	88.52 2.2857,
	88.5098 2.44897,
	88.4282 2.51019,
	88.3568 2.59183,
	88.3159 2.59183,
	88.2343 2.55101,
	88.1935 2.5204,
	88.1629 2.43876,
	88.1425 2.39795,
	88.1425 2.36734,
	"/>
</Transform>

<Transform dim="0"
 xcoef=" 0 1 0 0 0 0"
 ycoef=" 0 0 1 0 0 0">
<Contour name="TB2 NF_06_cw" hidden="false" closed="true" simplified="true" border="0.843137 0.843137 0" fill="0.843137 0.843137 0" mode="-9"
 points="78.5024 5.31929,
	78.5406 5.24303,
	78.5692 5.2049,
	78.5882 5.19537,
	78.6645 5.2335,
	78.7026 5.25256,
	78.7789 5.24303,
	78.817 5.22396,
	78.817 5.2049,
	78.941 5.07144,
	79.0172 5.02378,
	79.0935 4.99518,
	79.1697 4.93798,
	79.246 4.90938,
	79.3985 4.91891,
	79.4367 4.93798,
	79.4748 4.93798,
	79.4939 4.95705,
	79.6464 5.00471,
	79.7989 5.0905,
	79.8752 5.15723,
	79.9133 5.19537,
	79.9324 5.21443,
	79.9896 5.36696,
	80.0086 5.44322,
	80.0086 5.48135,
	79.9228 5.63387,
	79.8752 5.71014,
	79.837 5.74827,
	79.7608 5.77686,
	79.7226 5.7864,
	79.5701 5.77686,
	79.4939 5.76733,
	79.1888 5.672,
	79.0363 5.59574,
	78.8838 5.53855,
	78.8075 5.49088,
	78.655 5.44322,
	78.5787 5.43368,
	78.5406 5.42415,
	78.5024 5.38602,
	78.5024 5.34789,
	78.5024 5.32882,
	"/>
</Transform>

<Transform dim="0"
 xcoef=" 0 1 0 0 0 0"
 ycoef=" 0 0 1 0 0 0">
<Contour name="TB2 NF_07_cw" hidden="false" closed="true" simplified="true" border="0.25098 0.501961 0.501961" fill="0.25098 0.501961 0.501961" mode="-9"
 points="78.5492 4.04611,
	78.581 3.99521,
	78.6319 3.97613,
	78.6828 3.96977,
	78.7083 3.96341,
	78.7337 3.94432,
	78.8355 3.91887,
	78.8864 3.91887,
	78.9118 3.92523,
	78.9246 3.92523,
	78.9691 3.96977,
	78.9818 3.99521,
	78.9818 4.02066,
	78.9882 4.03338,
	78.9818 4.05883,
	78.95 4.10973,
	78.9436 4.16062,
	78.9309 4.18607,
	78.9246 4.19243,
	78.9436 4.19879,
	78.9055 4.24969,
	78.8991 4.24332,
	78.7973 4.27513,
	78.7719 4.2815,
	78.6701 4.23696,
	78.6446 4.22424,
	78.6192 4.19879,
	78.5683 4.097,
	78.5492 4.05247,
	"/>
</Transform>

<Transform dim="0"
 xcoef=" 0 1 0 0 0 0"
 ycoef=" 0 0 1 0 0 0">
<Contour name="TB2 NF_07_cw" hidden="false" closed="true" simplified="true" border="0.25098 0.501961 0.501961" fill="0.25098 0.501961 0.501961" mode="-9"
 points="80.5277 2.97096,
	80.5405 2.94552,
	80.5914 2.92007,
	80.6423 2.90735,
	80.6931 2.90735,
	80.744 2.92643,
	80.8458 2.93915,
	80.8967 2.95824,
	80.9476 3.00277,
	80.9922 3.10456,
	80.9985 3.15546,
	80.9922 3.1809,
	80.9731 3.19999,
	80.9222 3.21271,
	80.7186 3.18726,
	80.6168 3.16182,
	80.6041 3.14273,
	80.5595 3.09184,
	80.5341 3.04094,
	80.5277 2.99005,
	80.5277 2.97733,
	"/>
</Transform>

<Transform dim="0"
 xcoef=" 0 1 0 0 0 0"
 ycoef=" 0 0 1 0 0 0">
<Contour name="TB2_TCdying-02_cw" hidden="false" closed="true" simplified="true" border="0 0.502 0.753" fill="0 0.502 0.753" mode="15"
 points="76.2248 68.3953,
	76.2408 68.267,
	76.2328 68.1386,
	76.2729 68.0744,
	76.305 68.0504,
	76.3691 68.0504,
	76.4333 68.1065,
	76.4654 68.1306,
	76.5296 68.1466,
	76.5617 68.1627,
	76.5777 68.1948,
	76.5857 68.2108,
	76.5777 68.2429,
	76.5857 68.267,
	76.6178 68.283,
	76.6499 68.283,
	76.666 68.283,
	76.698 68.3071,
	76.7141 68.3392,
	76.7061 68.4033,
	76.7061 68.4194,
	76.5938 68.5397,
	76.5617 68.5557,
	76.5456 68.5718,
	76.5135 68.5718,
	76.5055 68.5798,
	76.5216 68.5878,
	76.4895 68.5959,
	76.3611 68.5638,
	76.2408 68.4755,
	76.2248 68.4595,
	76.2248 68.4033,
	"/>
</Transform>

<Transform dim="0"
 xcoef=" 0 1 0 0 0 0"
 ycoef=" 0 0 1 0 0 0">
<Contour name="TB2 NF_08_cw" hidden="false" closed="true" simplified="true" border="1 0.501961 0.752941" fill="1 0.501961 0.752941" mode="-9"
 points="87.3872 7.92689,
	87.4046 7.83411,
	87.4625 7.74713,
	87.4973 7.70654,
	87.5147 7.68334,
	87.5553 7.65435,
	87.6017 7.60796,
	87.6945 7.54997,
	87.8801 7.46879,
	87.9264 7.45139,
	88.0192 7.44559,
	88.0656 7.46879,
	88.1004 7.50938,
	88.112 7.53258,
	88.112 7.57897,
	88.1294 7.62536,
	88.2164 7.70654,
	88.2628 7.74713,
	88.286 7.77032,
	88.344 7.8631,
	88.3671 7.90949,
	88.3961 8.00227,
	88.4367 8.09505,
	88.4599 8.18783,
	88.4773 8.23422,
	88.5295 8.327,
	88.5469 8.41978,
	88.5469 8.51256,
	88.5353 8.60534,
	88.5237 8.62854,
	88.5005 8.65173,
	88.4541 8.67493,
	88.4019 8.76191,
	88.3903 8.78511,
	88.344 8.8257,
	88.2976 8.84309,
	88.2744 8.84309,
	88.228 8.8257,
	88.1816 8.83729,
	88.1584 8.84889,
	88.112 8.85469,
	88.0656 8.83729,
	88.0192 8.7967,
	87.9786 8.70392,
	87.967 8.69233,
	87.9206 8.68653,
	87.8975 8.68073,
	87.8511 8.65173,
	87.8105 8.61114,
	87.7931 8.58795,
	87.7873 8.56475,
	87.7641 8.54736,
	87.7177 8.53576,
	87.6945 8.52996,
	87.6539 8.48937,
	87.6307 8.44298,
	87.6191 8.39659,
	87.6249 8.30381,
	87.6365 8.28061,
	87.6365 8.23422,
	87.6249 8.21103,
	87.5321 8.19363,
	87.4857 8.17624,
	87.4625 8.16464,
	87.4393 8.14144,
	87.4104 8.09505,
	87.393 8.04866,
	87.3872 7.95588,
	87.3872 7.93269,
	"/>
</Transform>

<Transform dim="0"
 xcoef=" 0 1 0 0 0 0"
 ycoef=" 0 0 1 0 0 0">
<Contour name="TB2 NF_08_cw" hidden="false" closed="true" simplified="true" border="1 0.501961 0.752941" fill="1 0.501961 0.752941" mode="-9"
 points="91.3651 4.00114,
	91.4289 3.91416,
	91.4637 3.87357,
	91.5101 3.85037,
	91.5333 3.83877,
	91.626 3.75179,
	91.6608 3.7054,
	91.684 3.68221,
	91.7246 3.65901,
	91.771 3.64741,
	91.8638 3.60682,
	91.9102 3.60682,
	91.9334 3.61262,
	91.9798 3.60102,
	92.003 3.58943,
	92.0146 3.57783,
	92.0378 3.57203,
	92.0842 3.57783,
	92.1769 3.61842,
	92.2697 3.64162,
	92.2929 3.64741,
	92.3045 3.64741,
	92.3277 3.67061,
	92.3451 3.717,
	92.3451 3.74019,
	92.3741 3.78658,
	92.3973 3.79818,
	92.4263 3.84457,
	92.4089 3.89096,
	92.3219 3.96635,
	92.2291 4.01853,
	92.1363 4.04753,
	92.0899 4.07072,
	91.9972 4.09392,
	91.9044 4.10552,
	91.8812 4.11131,
	91.8406 4.14611,
	91.7942 4.15191,
	91.7478 4.14611,
	91.7246 4.14611,
	91.6782 4.1693,
	91.6724 4.1751,
	91.6898 4.1809,
	91.6434 4.19829,
	91.6202 4.19829,
	91.5739 4.1751,
	91.4811 4.14611,
	91.4347 4.11711,
	91.3941 4.07652,
	91.3651 4.03013,
	91.3651 4.00694,
	"/>
</Transform>

<Transform dim="0"
 xcoef=" 0 1 0 0 0 0"
 ycoef=" 0 0 1 0 0 0">
<Contour name="TB2 NF_08_cw" hidden="false" closed="true" simplified="true" border="1 0.501961 0.752941" fill="1 0.501961 0.752941" mode="-9"
 points="92.4379 -0.00579875,
	92.6234 -0.0115975,
	93.3657 0,
	93.4121 0,
	93.4237 -0.00579875,
	93.5164 0.0405913,
	93.6092 0.104378,
	93.6556 0.13917,
	93.7484 0.18556,
	93.7716 0.191359,
	93.7832 0.202956,
	93.876 0.243548,
	93.9224 0.272541,
	94.0151 0.347925,
	94.0905 0.440705,
	94.1137 0.487095,
	94.1427 0.579875,
	94.1427 0.60307,
	94.1543 0.626265,
	94.1601 0.672655,
	94.1659 0.684253,
	94.1601 0.69585,
	94.1717 0.74224,
	94.1659 0.78863,
	94.1485 0.83502,
	94.1137 0.875611,
	94.0673 0.893008,
	93.9745 0.893008,
	93.8818 0.88141,
	93.789 0.852416,
	93.7426 0.840819,
	93.6962 0.811825,
	93.6034 0.777033,
	93.5106 0.759636,
	93.3251 0.684253,
	93.2787 0.655259,
	93.2555 0.637863,
	93.1627 0.60307,
	93.1395 0.597271,
	93.0525 0.527686,
	92.9656 0.440705,
	92.8902 0.376919,
	92.8554 0.336328,
	92.838 0.32473,
	92.7916 0.284139,
	92.7046 0.226151,
	92.6582 0.197158,
	92.6118 0.150768,
	92.5191 0.0811825,
	92.4727 0.0405913,
	92.4495 0.0173963,
	92.4437 0,
	"/>
</Transform>

<Transform dim="0"
 xcoef=" 0 1 0 0 0 0"
 ycoef=" 0 0 1 0 0 0">
<Contour name="TB2 NF_17" hidden="true" closed="true" simplified="true" border="1 0.501961 0.501961" fill="1 0.501961 0.501961" mode="-9"
 points="89.0425 14.0403,
	89.1289 13.7639,
	89.2498 13.6258,
	89.3879 13.5222,
	89.6642 13.5222,
	89.8024 13.5394,
	89.9406 13.6085,
	90.0787 13.7121,
	90.2687 13.9885,
	90.3378 14.2648,
	90.355 14.4029,
	90.355 14.472,
	90.3723 14.5065,
	90.3205 14.7829,
	90.1996 15.0592,
	90.0787 15.1973,
	89.9406 15.2837,
	89.8024 15.3009,
	89.6642 15.2837,
	89.5952 15.2837,
	89.457 15.2146,
	89.3189 15.0937,
	89.1634 14.8174,
	89.0771 14.5411,
	89.0425 14.2648,
	89.0425 14.1266,
	89.0425 14.0575,
	"/>
</Transform>

<Transform dim="0"
 xcoef=" 0 1 0 0 0 0"
 ycoef=" 0 0 1 0 0 0">
<Contour name="TB2 NF_10_rsl" hidden="false" closed="true" simplified="true" border="0.502 0.502 0.753" fill="0.502 0.502 0.753" mode="-9"
 points="78.6087 5.02046,
	78.6738 4.86012,
	78.7039 4.82004,
	78.744 4.78998,
	78.8242 4.76492,
	78.8642 4.76492,
	78.9444 4.78998,
	78.9795 4.83006,
	78.9995 4.8501,
	79.0095 4.86012,
	79.0146 4.94029,
	78.9995 4.98037,
	78.9695 5.01544,
	78.9294 5.0405,
	78.8542 5.11064,
	78.8242 5.14572,
	78.7841 5.18079,
	78.764 5.19582,
	78.7239 5.20584,
	78.6839 5.20083,
	78.6638 5.19582,
	78.6438 5.18079,
	78.6338 5.17077,
	78.6087 5.0906,
	78.6087 5.05052,
	78.6087 5.03048,
	78.6087 5.02547,
	"/>
</Transform>

<Transform dim="0"
 xcoef=" 0 1 0 0 0 0"
 ycoef=" 0 0 1 0 0 0">
<Contour name="TB2 NF_10_rsl" hidden="false" closed="true" simplified="true" border="0.502 0.502 0.753" fill="0.502 0.502 0.753" mode="-9"
 points="79.1518 0.935284,
	79.1785 0.828394,
	79.1985 0.77495,
	79.2119 0.748227,
	79.2119 0.734866,
	79.2252 0.721505,
	79.2453 0.66806,
	79.2787 0.614615,
	79.3254 0.56117,
	79.3789 0.527767,
	79.4323 0.514406,
	79.4858 0.514406,
	79.5392 0.534448,
	79.5659 0.547809,
	79.5994 0.601254,
	79.6795 0.815033,
	79.7062 0.921923,
	79.7062 0.948645,
	79.6394 1.16242,
	79.6261 1.21587,
	79.5927 1.24927,
	79.5659 1.25595,
	79.5125 1.28936,
	79.4591 1.3094,
	79.3522 1.30272,
	79.2987 1.28268,
	79.272 1.27599,
	79.2186 1.23591,
	79.1852 1.18247,
	79.1651 1.07558,
	79.1518 1.02213,
	79.1518 0.968687,
	79.1518 0.941965,
	"/>
</Transform>

<Transform dim="0"
 xcoef=" 0 1 0 0 0 0"
 ycoef=" 0 0 1 0 0 0">
<Contour name="TB2 NF_13_rsl" hidden="false" closed="true" simplified="true" border="1 0.501961 0.752941" fill="1 0.501961 0.752941" mode="-9"
 points="77.8243 4.4066,
	77.8532 4.32946,
	77.8821 4.29089,
	77.8821 4.27161,
	77.9303 4.19447,
	77.9689 4.1559,
	78.0075 4.13661,
	78.0846 4.1559,
	78.1232 4.16554,
	78.1425 4.18483,
	78.2871 4.23304,
	78.3257 4.2234,
	78.3642 4.23304,
	78.4028 4.2234,
	78.4703 4.27161,
	78.5378 4.3391,
	78.5474 4.37767,
	78.5957 4.45481,
	78.6149 4.49338,
	78.6053 4.64766,
	78.5378 4.80194,
	78.4799 4.87908,
	78.4414 4.91765,
	78.3642 4.93694,
	78.2871 4.92729,
	78.2196 4.8598,
	78.1617 4.70552,
	78.1425 4.67659,
	78.1039 4.65731,
	77.9496 4.62838,
	77.8725 4.58017,
	77.8435 4.5416,
	77.8243 4.46446,
	77.8243 4.42589,
	77.8243 4.41624,
	"/>
</Transform>

<Transform dim="0"
 xcoef=" 0 1 0 0 0 0"
 ycoef=" 0 0 1 0 0 0">
<Contour name="TB2 NF_13_rsl" hidden="false" closed="true" simplified="true" border="1 0.502 0.753" fill="1 0.502 0.753" mode="-9"
 points="78.4721 2.21787,
	78.5198 2.12248,
	78.5675 2.08671,
	78.7583 2.05094,
	78.9372 2.2298,
	78.961 2.25364,
	78.9729 2.34904,
	78.9729 2.39673,
	78.8895 2.45635,
	78.8418 2.4802,
	78.651 2.46828,
	78.5556 2.40866,
	78.4841 2.33711,
	78.4721 2.24172,
	78.4721 2.2298,
	"/>
</Transform>

<Transform dim="0"
 xcoef=" 0 1 0 0 0 0"
 ycoef=" 0 0 1 0 0 0">
<Image mag="0.00855" contrast="1" brightness="0" red="true" green="true" blue="true"
 src="..\TF21_robdata\Rob's_latest_seg_files_TF21_TB2\Aligned 633131.tif" />
<Contour name="domain1" hidden="false" closed="true" simplified="false" border="1 0 1" fill="1 0 1" mode="11"
 points="0 0,
	15991 0,
	15991 12171,
	0 12171,
	"/>
</Transform>

<Transform dim="0"
 xcoef=" 0 1 0 0 0 0"
 ycoef=" 0 0 1 0 0 0">
<Contour name="TB2 NF_15" hidden="true" closed="true" simplified="false" border="1 1 0" fill="1 1 0" mode="-9"
 points="79.3532 3.83098,
	79.433 3.77112,
	79.5128 3.77112,
	79.5527 3.77112,
	79.6126 3.85093,
	79.5926 4.01056,
	79.433 4.07042,
	79.3731 3.9906,
	79.3532 3.85093,
	"/>
</Transform>

<Transform dim="0"
 xcoef=" 0 1 0 0 0 0"
 ycoef=" 0 0 1 0 0 0">
<Contour name="TB2 NF_15" hidden="true" closed="true" simplified="false" border="1 1 0" fill="1 1 0" mode="-9"
 points="79.0215 4.3541,
	79.0314 4.34414,
	79.0514 4.3541,
	79.1909 4.19468,
	79.2706 4.17476,
	79.3503 4.18472,
	79.3702 4.18472,
	79.4399 4.25447,
	79.4898 4.41388,
	79.4698 4.49359,
	79.3901 4.55337,
	79.3104 4.56334,
	79.2307 4.55337,
	79.1909 4.54341,
	79.1709 4.54341,
	79.0912 4.49359,
	79.0414 4.41388,
	79.0215 4.40392,
	79.0215 4.36407,
	"/>
</Transform>

<Transform dim="0"
 xcoef=" 0 1 0 0 0 0"
 ycoef=" 0 0 1 0 0 0">
<Contour name="TB2 NF_15" hidden="true" closed="true" simplified="false" border="1 1 0" fill="1 1 0" mode="-9"
 points="79.1012 2.70014,
	79.141 2.62043,
	79.1809 2.58058,
	79.2008 2.56065,
	79.2805 2.54072,
	79.2905 2.53076,
	79.3702 2.56065,
	79.4101 2.64036,
	79.42 2.68021,
	79.4101 2.72007,
	79.4101 2.74,
	79.3403 2.80974,
	79.2606 2.8197,
	79.2407 2.82967,
	79.161 2.77985,
	79.1211 2.74996,
	79.1012 2.7101,
	"/>
</Transform>

<Transform dim="0"
 xcoef=" 0 1 0 0 0 0"
 ycoef=" 0 0 1 0 0 0">
<Contour name="TB2 NF_15" hidden="true" closed="true" simplified="false" border="1 1 0" fill="1 1 0" mode="-9"
 points="78.556 4.94142,
	78.651 4.81472,
	78.7777 4.78305,
	78.8727 4.87807,
	78.9044 5.00478,
	78.9044 5.06813,
	78.8411 5.13148,
	78.7144 5.16316,
	78.6827 5.25818,
	78.5877 5.16316,
	78.5877 5.03645,
	78.556 4.9731,
	"/>
</Transform>

<Transform dim="0"
 xcoef=" 0 1 0 0 0 0"
 ycoef=" 0 0 1 0 0 0">
<Contour name="TB2 NF_17" hidden="true" closed="true" simplified="true" border="1 0.501961 0.501961" fill="1 0.501961 0.501961" mode="-9"
 points="87.4537 12.4342,
	87.5746 12.3133,
	87.6437 12.2788,
	87.92 12.296,
	88.0582 12.3133,
	88.1963 12.3651,
	88.3172 12.4687,
	88.4208 12.6069,
	88.4726 12.676,
	88.6281 13.2286,
	88.6453 13.7812,
	88.559 14.3338,
	88.4726 14.6102,
	88.3863 14.7483,
	88.3172 14.7656,
	88.1445 14.5238,
	88.11 14.4547,
	87.9891 14.3511,
	87.9373 14.3166,
	87.8337 14.1784,
	87.8164 14.1093,
	87.7646 14.0403,
	87.6092 13.4876,
	87.4883 12.935,
	87.4537 12.6587,
	87.4537 12.5205,
	87.4537 12.4514,
	"/>
</Transform>

<Transform dim="0"
 xcoef=" 0 1 0 0 0 0"
 ycoef=" 0 0 1 0 0 0">
<Contour name="TB2 NF_15" hidden="true" closed="true" simplified="false" border="1 1 0" fill="1 1 0" mode="-9"
 points="78.8802 5.14582,
	78.9693 4.96761,
	79.0584 4.90078,
	79.1475 4.8785,
	79.3258 4.92305,
	79.504 5.05671,
	79.6822 5.12354,
	79.8604 5.23492,
	79.9272 5.32403,
	79.9272 5.50224,
	79.8827 5.54679,
	79.8604 5.63589,
	79.7713 5.725,
	79.5931 5.79183,
	79.4149 5.8141,
	79.2367 5.74727,
	78.9471 5.41313,
	78.8802 5.23492,
	78.8802 5.16809,
	"/>
</Transform>

<Transform dim="0"
 xcoef=" 0 1 0 0 0 0"
 ycoef=" 0 0 1 0 0 0">
<Contour name="TB2 NF_24" hidden="true" closed="true" simplified="true" border="1 0.501961 0.25098" fill="1 0.501961 0.25098" mode="-9"
 points="84.6172 70.0258,
	84.6647 69.9625,
	84.7915 69.9149,
	84.9182 69.8991,
	85.0449 69.9466,
	85.1083 69.9783,
	85.3301 70.2159,
	85.3618 70.3427,
	85.3618 70.5962,
	85.2509 70.7229,
	84.9974 70.7546,
	84.8707 70.7388,
	84.7756 70.612,
	84.7598 70.5487,
	84.7122 70.4853,
	84.7122 70.4536,
	84.6806 70.4219,
	84.6172 70.1684,
	84.6172 70.0417,
	"/>
</Transform>

<Transform dim="0"
 xcoef=" 0 1 0 0 0 0"
 ycoef=" 0 0 1 0 0 0">
<Contour name="TB2 NF_24" hidden="true" closed="true" simplified="true" border="1 0.501961 0.25098" fill="1 0.501961 0.25098" mode="-9"
 points="83.223 69.9783,
	83.2705 69.8674,
	83.3339 69.9149,
	83.3656 69.9308,
	83.4765 69.4238,
	83.6825 68.9168,
	83.825 68.6792,
	83.8884 68.6317,
	83.9201 68.6158,
	83.9676 68.6633,
	83.9835 68.7901,
	83.9676 68.9168,
	83.7775 69.4238,
	83.7775 69.5505,
	83.825 69.804,
	83.8409 69.9308,
	83.7934 70.0575,
	83.6983 70.1843,
	83.6666 70.1843,
	83.6349 70.2159,
	83.5082 70.2318,
	83.3814 70.2159,
	83.2547 70.1367,
	83.223 70.105,
	83.223 69.9941,
	"/>
</Transform>

<Transform dim="0"
 xcoef=" 0 1 0 0 0 0"
 ycoef=" 0 0 1 0 0 0">
<Contour name="TB2 NF_17" hidden="true" closed="true" simplified="true" border="1 0.501961 0.501961" fill="1 0.501961 0.501961" mode="-9"
 points="80.1749 5.03514,
	80.3105 4.88021,
	80.4654 4.78338,
	80.6204 4.74465,
	80.9302 4.74465,
	81.0851 4.78338,
	81.1626 4.84148,
	81.2013 4.88021,
	81.2401 5.03514,
	81.2401 5.19007,
	81.182 5.345,
	81.0464 5.49992,
	80.969 5.57739,
	80.814 5.65485,
	80.6591 5.69358,
	80.5816 5.69358,
	80.4267 5.59675,
	80.3105 5.44183,
	80.233 5.36436,
	80.1749 5.05451,
	"/>
</Transform>

<Transform dim="0"
 xcoef=" 0 1 0 0 0 0"
 ycoef=" 0 0 1 0 0 0">
<Contour name="TB2 NF_28-FR" hidden="false" closed="true" simplified="true" border="1 0.501961 0.501961" fill="1 0.501961 0.501961" mode="-9"
 points="103.236 5.52254,
	103.334 5.42467,
	103.39 5.39671,
	103.502 5.41069,
	103.614 5.36874,
	103.726 5.35476,
	103.838 5.39671,
	103.922 5.49457,
	103.95 5.60642,
	103.964 5.66235,
	103.936 5.7742,
	103.838 5.99789,
	103.796 6.10974,
	103.698 6.22159,
	103.586 6.27752,
	103.558 6.27752,
	103.53 6.24955,
	103.516 6.13771,
	103.418 5.91401,
	103.348 5.80216,
	103.306 5.69031,
	103.236 5.57846,
	103.236 5.53652,
	"/>
</Transform>

<Transform dim="0"
 xcoef=" 0 1 0 0 0 0"
 ycoef=" 0 0 1 0 0 0">
<Contour name="TB2 NF_24" hidden="true" closed="true" simplified="true" border="1 0.501961 0.25098" fill="1 0.501961 0.25098" mode="-9"
 points="79.5046 53.6254,
	79.5455 53.4074,
	79.5864 53.2984,
	79.6137 53.2438,
	79.6137 53.2166,
	79.7363 52.9985,
	79.8044 52.8895,
	79.8453 52.835,
	79.8317 52.8214,
	79.8862 52.7805,
	79.9952 52.7805,
	80.2133 52.8486,
	80.3223 52.9304,
	80.3632 53.0394,
	80.3087 53.4755,
	80.3223 53.5845,
	80.3632 53.6936,
	80.4041 54.1297,
	80.2814 55.0018,
	80.2133 55.4379,
	80.1724 55.874,
	80.1588 56.7462,
	80.1588 57.1823,
	80.1588 57.2913,
	80.1588 57.3458,
	80.1315 57.4003,
	80.1043 57.414,
	80.0497 57.3049,
	79.9816 56.8688,
	79.9544 56.4328,
	79.9544 55.9967,
	79.9271 55.7786,
	79.9271 55.7241,
	79.8862 55.6151,
	79.8453 55.397,
	79.8181 55.288,
	79.7908 55.2335,
	79.7772 55.1245,
	79.7499 55.07,
	79.7091 54.8519,
	79.6409 54.6339,
	79.5455 54.1978,
	79.5046 53.7617,
	79.5046 53.6527,
	79.5046 53.6391,
	"/>
</Transform>

<Transform dim="0"
 xcoef=" 0 1 0 0 0 0"
 ycoef=" 0 0 1 0 0 0">
<Contour name="TB2 NF_24_cw" hidden="false" closed="true" simplified="true" border="1 0.5 0" fill="1 0.682353 0.368627" mode="15"
 points="83.2289 69.9275,
	83.264 69.8341,
	83.3107 69.7407,
	83.334 69.694,
	83.3457 69.6473,
	83.3515 69.624,
	83.369 69.6006,
	83.3749 69.5773,
	83.4974 69.3905,
	83.5616 69.2971,
	83.6608 69.1104,
	83.6959 69.017,
	83.7134 68.9294,
	83.7075 68.9236,
	83.7192 68.8302,
	83.7484 68.7368,
	83.8359 68.6493,
	83.8826 68.6318,
	83.9293 68.6318,
	83.941 68.6376,
	83.9527 68.6318,
	83.9819 68.6785,
	84.0052 68.7719,
	84.011 68.8652,
	83.9819 68.9586,
	83.9819 68.982,
	83.8943 69.1687,
	83.8768 69.2154,
	83.8476 69.2621,
	83.8126 69.3555,
	83.7717 69.5423,
	83.7601 69.6357,
	83.7659 69.729,
	83.7717 69.7757,
	83.8068 69.8691,
	83.8243 69.9158,
	83.8243 69.9392,
	83.8243 69.9508,
	83.7834 69.9975,
	83.7367 70.0325,
	83.7134 70.0442,
	83.7017 70.0559,
	83.6083 70.0967,
	83.5616 70.1084,
	83.55 70.1026,
	83.4566 70.1143,
	83.4099 70.1084,
	83.3865 70.0967,
	83.3398 70.0909,
	83.2931 70.0734,
	83.2698 70.0617,
	83.2465 70.0384,
	83.2289 69.9917,
	83.2289 69.945,
	83.2289 69.9333,
	"/>
<Contour name="TB2 NF_24_cw" hidden="false" closed="true" simplified="true" border="1 0.5 0" fill="1 0.682353 0.368627" mode="15"
 points="84.618 70.1551,
	84.6355 70.1318,
	84.6355 70.1084,
	84.6414 70.1026,
	84.6531 70.1084,
	84.6589 70.0851,
	84.6589 70.0734,
	84.6706 70.0617,
	84.6764 70.0384,
	84.7114 69.9917,
	84.8048 69.9508,
	84.8982 69.945,
	84.9449 69.9625,
	84.9916 69.9683,
	85.0149 69.9683,
	85.1083 70.0325,
	85.155 70.0792,
	85.2484 70.1551,
	85.2951 70.2018,
	85.3651 70.2952,
	85.3885 70.3419,
	85.406 70.4353,
	85.4176 70.482,
	85.4118 70.5753,
	85.406 70.622,
	85.3651 70.7154,
	85.3418 70.7621,
	85.2542 70.8438,
	85.2075 70.873,
	85.1608 70.8905,
	85.1141 70.8847,
	85.0675 70.8672,
	85.0208 70.838,
	84.9507 70.7563,
	84.8865 70.6629,
	84.8515 70.6162,
	84.799 70.5287,
	84.7348 70.4353,
	84.6706 70.3536,
	84.6472 70.3069,
	84.618 70.2135,
	84.618 70.1668,
	84.618 70.161,
	"/>
</Transform>

<Transform dim="0"
 xcoef=" 0 1 0 0 0 0"
 ycoef=" 0 0 1 0 0 0">
<Contour name="TB2 NF_01_rsl" hidden="false" closed="true" simplified="true" border="0 1 0" fill="0 1 0" mode="-9"
 points="88.1425 2.35713,
	88.1731 2.2755,
	88.2445 2.21428,
	88.3261 2.18366,
	88.367 2.18366,
	88.4486 2.22448,
	88.4792 2.2653,
	88.4996 2.24489,
	88.52 2.2857,
	88.5098 2.44897,
	88.4282 2.51019,
	88.3568 2.59183,
	88.3159 2.59183,
	88.2343 2.55101,
	88.1935 2.5204,
	88.1629 2.43876,
	88.1425 2.39795,
	88.1425 2.36734,
	"/>
</Transform>

<Transform dim="0"
 xcoef=" 0 1 0 0 0 0"
 ycoef=" 0 0 1 0 0 0">
<Contour name="TB2 NF_06_cw" hidden="false" closed="true" simplified="true" border="0.843137 0.843137 0" fill="0.843137 0.843137 0" mode="-9"
 points="78.5024 5.31929,
	78.5406 5.24303,
	78.5692 5.2049,
	78.5882 5.19537,
	78.6645 5.2335,
	78.7026 5.25256,
	78.7789 5.24303,
	78.817 5.22396,
	78.817 5.2049,
	78.941 5.07144,
	79.0172 5.02378,
	79.0935 4.99518,
	79.1697 4.93798,
	79.246 4.90938,
	79.3985 4.91891,
	79.4367 4.93798,
	79.4748 4.93798,
	79.4939 4.95705,
	79.6464 5.00471,
	79.7989 5.0905,
	79.8752 5.15723,
	79.9133 5.19537,
	79.9324 5.21443,
	79.9896 5.36696,
	80.0086 5.44322,
	80.0086 5.48135,
	79.9228 5.63387,
	79.8752 5.71014,
	79.837 5.74827,
	79.7608 5.77686,
	79.7226 5.7864,
	79.5701 5.77686,
	79.4939 5.76733,
	79.1888 5.672,
	79.0363 5.59574,
	78.8838 5.53855,
	78.8075 5.49088,
	78.655 5.44322,
	78.5787 5.43368,
	78.5406 5.42415,
	78.5024 5.38602,
	78.5024 5.34789,
	78.5024 5.32882,
	"/>
</Transform>

<Transform dim="0"
 xcoef=" 0 1 0 0 0 0"
 ycoef=" 0 0 1 0 0 0">
<Contour name="TB2 NF_07_cw" hidden="false" closed="true" simplified="true" border="0.25098 0.501961 0.501961" fill="0.25098 0.501961 0.501961" mode="-9"
 points="78.5492 4.04611,
	78.581 3.99521,
	78.6319 3.97613,
	78.6828 3.96977,
	78.7083 3.96341,
	78.7337 3.94432,
	78.8355 3.91887,
	78.8864 3.91887,
	78.9118 3.92523,
	78.9246 3.92523,
	78.9691 3.96977,
	78.9818 3.99521,
	78.9818 4.02066,
	78.9882 4.03338,
	78.9818 4.05883,
	78.95 4.10973,
	78.9436 4.16062,
	78.9309 4.18607,
	78.9246 4.19243,
	78.9436 4.19879,
	78.9055 4.24969,
	78.8991 4.24332,
	78.7973 4.27513,
	78.7719 4.2815,
	78.6701 4.23696,
	78.6446 4.22424,
	78.6192 4.19879,
	78.5683 4.097,
	78.5492 4.05247,
	"/>
</Transform>

<Transform dim="0"
 xcoef=" 0 1 0 0 0 0"
 ycoef=" 0 0 1 0 0 0">
<Contour name="TB2 NF_07_cw" hidden="false" closed="true" simplified="true" border="0.25098 0.501961 0.501961" fill="0.25098 0.501961 0.501961" mode="-9"
 points="80.5277 2.97096,
	80.5405 2.94552,
	80.5914 2.92007,
	80.6423 2.90735,
	80.6931 2.90735,
	80.744 2.92643,
	80.8458 2.93915,
	80.8967 2.95824,
	80.9476 3.00277,
	80.9922 3.10456,
	80.9985 3.15546,
	80.9922 3.1809,
	80.9731 3.19999,
	80.9222 3.21271,
	80.7186 3.18726,
	80.6168 3.16182,
	80.6041 3.14273,
	80.5595 3.09184,
	80.5341 3.04094,
	80.5277 2.99005,
	80.5277 2.97733,
	"/>
</Transform>

<Transform dim="0"
 xcoef=" 0 1 0 0 0 0"
 ycoef=" 0 0 1 0 0 0">
<Contour name="TB2_TCdying-02_cw" hidden="false" closed="true" simplified="true" border="0 0.502 0.753" fill="0 0.502 0.753" mode="15"
 points="76.2248 68.3953,
	76.2408 68.267,
	76.2328 68.1386,
	76.2729 68.0744,
	76.305 68.0504,
	76.3691 68.0504,
	76.4333 68.1065,
	76.4654 68.1306,
	76.5296 68.1466,
	76.5617 68.1627,
	76.5777 68.1948,
	76.5857 68.2108,
	76.5777 68.2429,
	76.5857 68.267,
	76.6178 68.283,
	76.6499 68.283,
	76.666 68.283,
	76.698 68.3071,
	76.7141 68.3392,
	76.7061 68.4033,
	76.7061 68.4194,
	76.5938 68.5397,
	76.5617 68.5557,
	76.5456 68.5718,
	76.5135 68.5718,
	76.5055 68.5798,
	76.5216 68.5878,
	76.4895 68.5959,
	76.3611 68.5638,
	76.2408 68.4755,
	76.2248 68.4595,
	76.2248 68.4033,
	"/>
</Transform>

<Transform dim="0"
 xcoef=" 0 1 0 0 0 0"
 ycoef=" 0 0 1 0 0 0">
<Contour name="TB2 NF_08_cw" hidden="false" closed="true" simplified="true" border="1 0.501961 0.752941" fill="1 0.501961 0.752941" mode="-9"
 points="87.3872 7.92689,
	87.4046 7.83411,
	87.4625 7.74713,
	87.4973 7.70654,
	87.5147 7.68334,
	87.5553 7.65435,
	87.6017 7.60796,
	87.6945 7.54997,
	87.8801 7.46879,
	87.9264 7.45139,
	88.0192 7.44559,
	88.0656 7.46879,
	88.1004 7.50938,
	88.112 7.53258,
	88.112 7.57897,
	88.1294 7.62536,
	88.2164 7.70654,
	88.2628 7.74713,
	88.286 7.77032,
	88.344 7.8631,
	88.3671 7.90949,
	88.3961 8.00227,
	88.4367 8.09505,
	88.4599 8.18783,
	88.4773 8.23422,
	88.5295 8.327,
	88.5469 8.41978,
	88.5469 8.51256,
	88.5353 8.60534,
	88.5237 8.62854,
	88.5005 8.65173,
	88.4541 8.67493,
	88.4019 8.76191,
	88.3903 8.78511,
	88.344 8.8257,
	88.2976 8.84309,
	88.2744 8.84309,
	88.228 8.8257,
	88.1816 8.83729,
	88.1584 8.84889,
	88.112 8.85469,
	88.0656 8.83729,
	88.0192 8.7967,
	87.9786 8.70392,
	87.967 8.69233,
	87.9206 8.68653,
	87.8975 8.68073,
	87.8511 8.65173,
	87.8105 8.61114,
	87.7931 8.58795,
	87.7873 8.56475,
	87.7641 8.54736,
	87.7177 8.53576,
	87.6945 8.52996,
	87.6539 8.48937,
	87.6307 8.44298,
	87.6191 8.39659,
	87.6249 8.30381,
	87.6365 8.28061,
	87.6365 8.23422,
	87.6249 8.21103,
	87.5321 8.19363,
	87.4857 8.17624,
	87.4625 8.16464,
	87.4393 8.14144,
	87.4104 8.09505,
	87.393 8.04866,
	87.3872 7.95588,
	87.3872 7.93269,
	"/>
</Transform>

<Transform dim="0"
 xcoef=" 0 1 0 0 0 0"
 ycoef=" 0 0 1 0 0 0">
<Contour name="TB2 NF_08_cw" hidden="false" closed="true" simplified="true" border="1 0.501961 0.752941" fill="1 0.501961 0.752941" mode="-9"
 points="91.3651 4.00114,
	91.4289 3.91416,
	91.4637 3.87357,
	91.5101 3.85037,
	91.5333 3.83877,
	91.626 3.75179,
	91.6608 3.7054,
	91.684 3.68221,
	91.7246 3.65901,
	91.771 3.64741,
	91.8638 3.60682,
	91.9102 3.60682,
	91.9334 3.61262,
	91.9798 3.60102,
	92.003 3.58943,
	92.0146 3.57783,
	92.0378 3.57203,
	92.0842 3.57783,
	92.1769 3.61842,
	92.2697 3.64162,
	92.2929 3.64741,
	92.3045 3.64741,
	92.3277 3.67061,
	92.3451 3.717,
	92.3451 3.74019,
	92.3741 3.78658,
	92.3973 3.79818,
	92.4263 3.84457,
	92.4089 3.89096,
	92.3219 3.96635,
	92.2291 4.01853,
	92.1363 4.04753,
	92.0899 4.07072,
	91.9972 4.09392,
	91.9044 4.10552,
	91.8812 4.11131,
	91.8406 4.14611,
	91.7942 4.15191,
	91.7478 4.14611,
	91.7246 4.14611,
	91.6782 4.1693,
	91.6724 4.1751,
	91.6898 4.1809,
	91.6434 4.19829,
	91.6202 4.19829,
	91.5739 4.1751,
	91.4811 4.14611,
	91.4347 4.11711,
	91.3941 4.07652,
	91.3651 4.03013,
	91.3651 4.00694,
	"/>
</Transform>

<Transform dim="0"
 xcoef=" 0 1 0 0 0 0"
 ycoef=" 0 0 1 0 0 0">
<Contour name="TB2 NF_08_cw" hidden="false" closed="true" simplified="true" border="1 0.501961 0.752941" fill="1 0.501961 0.752941" mode="-9"
 points="92.4379 -0.00579875,
	92.6234 -0.0115975,
	93.3657 0,
	93.4121 0,
	93.4237 -0.00579875,
	93.5164 0.0405913,
	93.6092 0.104378,
	93.6556 0.13917,
	93.7484 0.18556,
	93.7716 0.191359,
	93.7832 0.202956,
	93.876 0.243548,
	93.9224 0.272541,
	94.0151 0.347925,
	94.0905 0.440705,
	94.1137 0.487095,
	94.1427 0.579875,
	94.1427 0.60307,
	94.1543 0.626265,
	94.1601 0.672655,
	94.1659 0.684253,
	94.1601 0.69585,
	94.1717 0.74224,
	94.1659 0.78863,
	94.1485 0.83502,
	94.1137 0.875611,
	94.0673 0.893008,
	93.9745 0.893008,
	93.8818 0.88141,
	93.789 0.852416,
	93.7426 0.840819,
	93.6962 0.811825,
	93.6034 0.777033,
	93.5106 0.759636,
	93.3251 0.684253,
	93.2787 0.655259,
	93.2555 0.637863,
	93.1627 0.60307,
	93.1395 0.597271,
	93.0525 0.527686,
	92.9656 0.440705,
	92.8902 0.376919,
	92.8554 0.336328,
	92.838 0.32473,
	92.7916 0.284139,
	92.7046 0.226151,
	92.6582 0.197158,
	92.6118 0.150768,
	92.5191 0.0811825,
	92.4727 0.0405913,
	92.4495 0.0173963,
	92.4437 0,
	"/>
</Transform>

<Transform dim="0"
 xcoef=" 0 1 0 0 0 0"
 ycoef=" 0 0 1 0 0 0">
<Contour name="TB2 NF_17" hidden="true" closed="true" simplified="true" border="1 0.501961 0.501961" fill="1 0.501961 0.501961" mode="-9"
 points="89.0425 14.0403,
	89.1289 13.7639,
	89.2498 13.6258,
	89.3879 13.5222,
	89.6642 13.5222,
	89.8024 13.5394,
	89.9406 13.6085,
	90.0787 13.7121,
	90.2687 13.9885,
	90.3378 14.2648,
	90.355 14.4029,
	90.355 14.472,
	90.3723 14.5065,
	90.3205 14.7829,
	90.1996 15.0592,
	90.0787 15.1973,
	89.9406 15.2837,
	89.8024 15.3009,
	89.6642 15.2837,
	89.5952 15.2837,
	89.457 15.2146,
	89.3189 15.0937,
	89.1634 14.8174,
	89.0771 14.5411,
	89.0425 14.2648,
	89.0425 14.1266,
	89.0425 14.0575,
	"/>
</Transform>

<Transform dim="0"
 xcoef=" 0 1 0 0 0 0"
 ycoef=" 0 0 1 0 0 0">
<Contour name="TB2 NF_10_rsl" hidden="false" closed="true" simplified="true" border="0.502 0.502 0.753" fill="0.502 0.502 0.753" mode="-9"
 points="78.6087 5.02046,
	78.6738 4.86012,
	78.7039 4.82004,
	78.744 4.78998,
	78.8242 4.76492,
	78.8642 4.76492,
	78.9444 4.78998,
	78.9795 4.83006,
	78.9995 4.8501,
	79.0095 4.86012,
	79.0146 4.94029,
	78.9995 4.98037,
	78.9695 5.01544,
	78.9294 5.0405,
	78.8542 5.11064,
	78.8242 5.14572,
	78.7841 5.18079,
	78.764 5.19582,
	78.7239 5.20584,
	78.6839 5.20083,
	78.6638 5.19582,
	78.6438 5.18079,
	78.6338 5.17077,
	78.6087 5.0906,
	78.6087 5.05052,
	78.6087 5.03048,
	78.6087 5.02547,
	"/>
</Transform>

<Transform dim="0"
 xcoef=" 0 1 0 0 0 0"
 ycoef=" 0 0 1 0 0 0">
<Contour name="TB2 NF_10_rsl" hidden="false" closed="true" simplified="true" border="0.502 0.502 0.753" fill="0.502 0.502 0.753" mode="-9"
 points="79.1518 0.935284,
	79.1785 0.828394,
	79.1985 0.77495,
	79.2119 0.748227,
	79.2119 0.734866,
	79.2252 0.721505,
	79.2453 0.66806,
	79.2787 0.614615,
	79.3254 0.56117,
	79.3789 0.527767,
	79.4323 0.514406,
	79.4858 0.514406,
	79.5392 0.534448,
	79.5659 0.547809,
	79.5994 0.601254,
	79.6795 0.815033,
	79.7062 0.921923,
	79.7062 0.948645,
	79.6394 1.16242,
	79.6261 1.21587,
	79.5927 1.24927,
	79.5659 1.25595,
	79.5125 1.28936,
	79.4591 1.3094,
	79.3522 1.30272,
	79.2987 1.28268,
	79.272 1.27599,
	79.2186 1.23591,
	79.1852 1.18247,
	79.1651 1.07558,
	79.1518 1.02213,
	79.1518 0.968687,
	79.1518 0.941965,
	"/>
</Transform>

<Transform dim="0"
 xcoef=" 0 1 0 0 0 0"
 ycoef=" 0 0 1 0 0 0">
<Contour name="TB2 NF_13_rsl" hidden="false" closed="true" simplified="true" border="1 0.501961 0.752941" fill="1 0.501961 0.752941" mode="-9"
 points="77.8243 4.4066,
	77.8532 4.32946,
	77.8821 4.29089,
	77.8821 4.27161,
	77.9303 4.19447,
	77.9689 4.1559,
	78.0075 4.13661,
	78.0846 4.1559,
	78.1232 4.16554,
	78.1425 4.18483,
	78.2871 4.23304,
	78.3257 4.2234,
	78.3642 4.23304,
	78.4028 4.2234,
	78.4703 4.27161,
	78.5378 4.3391,
	78.5474 4.37767,
	78.5957 4.45481,
	78.6149 4.49338,
	78.6053 4.64766,
	78.5378 4.80194,
	78.4799 4.87908,
	78.4414 4.91765,
	78.3642 4.93694,
	78.2871 4.92729,
	78.2196 4.8598,
	78.1617 4.70552,
	78.1425 4.67659,
	78.1039 4.65731,
	77.9496 4.62838,
	77.8725 4.58017,
	77.8435 4.5416,
	77.8243 4.46446,
	77.8243 4.42589,
	77.8243 4.41624,
	"/>
</Transform>

<Transform dim="0"
 xcoef=" 0 1 0 0 0 0"
 ycoef=" 0 0 1 0 0 0">
<Contour name="TB2 NF_13_rsl" hidden="false" closed="true" simplified="true" border="1 0.502 0.753" fill="1 0.502 0.753" mode="-9"
 points="78.4721 2.21787,
	78.5198 2.12248,
	78.5675 2.08671,
	78.7583 2.05094,
	78.9372 2.2298,
	78.961 2.25364,
	78.9729 2.34904,
	78.9729 2.39673,
	78.8895 2.45635,
	78.8418 2.4802,
	78.651 2.46828,
	78.5556 2.40866,
	78.4841 2.33711,
	78.4721 2.24172,
	78.4721 2.2298,
	"/>
</Transform>

<Transform dim="0"
 xcoef=" 0 1 0 0 0 0"
 ycoef=" 0 0 1 0 0 0">
<Image mag="0.00855" contrast="1" brightness="0" red="true" green="true" blue="true"
 src="Aligned 633131.tif" />
<Contour name="a1" hidden="false" closed="true" simplified="false" border="1 0.5 0" fill="1 0.5 0" mode="11"
 points="0 0,
	15991 0,
	15991 12171,
	0 12171,
	"/>
</Transform>

<Transform dim="0"
 xcoef=" 0 1 0 0 0 0"
 ycoef=" 0 0 1 0 0 0">
<Contour name="TB2 Nucleus_98_cw" hidden="false" closed="true" simplified="true" border="1 0 0" fill="1 0 0" mode="15"
 points="89.1429 11.5086,
	89.2279 11.1201,
	89.2522 11.0715,
	89.2522 11.0473,
	89.2765 11.023,
	89.2886 10.9744,
	89.3614 10.8894,
	89.41 10.8652,
	89.5071 10.768,
	89.6042 10.6952,
	89.6528 10.5981,
	89.6407 10.501,
	89.6407 10.4524,
	89.6164 10.4039,
	89.6164 10.3067,
	89.6649 10.2096,
	89.6892 10.1611,
	89.7378 10.1246,
	89.7621 10.1004,
	89.9563 10.0275,
	90.1505 10.0275,
	90.3448 9.96682,
	90.539 9.85756,
	90.7333 9.82114,
	91.1217 9.85756,
	91.2188 9.85756,
	91.2674 9.84542,
	91.4616 9.73616,
	91.6437 9.57834,
	91.7287 9.48122,
	91.8258 9.42052,
	91.923 9.40839,
	92.0201 9.4448,
	92.1172 9.5055,
	92.1658 9.52978,
	92.2143 9.57834,
	92.2629 9.67546,
	92.2872 9.77258,
	92.2872 9.8697,
	92.275 9.91826,
	92.3114 10.1125,
	92.3964 10.3067,
	92.4086 10.3553,
	92.4328 10.3796,
	92.4814 10.5738,
	92.5057 10.768,
	92.5178 10.8652,
	92.6999 11.0473,
	92.7849 11.1444,
	92.8941 11.3386,
	92.9063 11.4357,
	92.882 11.5329,
	92.8334 11.63,
	92.797 11.8242,
	92.797 11.9213,
	92.8456 12.0185,
	93.0277 12.152,
	93.0762 12.2006,
	93.1127 12.2977,
	93.1248 12.3462,
	93.1005 12.5405,
	93.1248 12.6376,
	93.1855 12.7226,
	93.3676 12.8561,
	93.4526 12.9532,
	93.5133 13.0503,
	93.574 13.2446,
	93.7075 13.4267,
	93.7682 13.5238,
	93.8046 13.5724,
	93.8653 13.9608,
	93.9746 14.3493,
	94.096 14.5435,
	94.1688 14.6164,
	94.2659 14.6649,
	94.3145 14.6771,
	94.3388 14.7014,
	94.4359 14.7256,
	94.6301 14.8349,
	94.8244 14.9684,
	94.8608 15.017,
	94.8851 15.1141,
	94.8608 15.3084,
	94.8365 15.4055,
	94.6908 15.5876,
	94.618 15.6847,
	94.5816 15.7818,
	94.5937 15.976,
	94.6666 16.0732,
	95.055 16.3038,
	95.14 16.3888,
	95.1643 16.4131,
	95.1886 16.5102,
	95.1764 16.8987,
	95.1522 16.9837,
	95.2129 17.1779,
	95.225 17.2264,
	95.2007 17.4207,
	95.2007 17.6149,
	95.1522 17.8092,
	95.1036 17.9063,
	95.0915 18.1005,
	95.055 18.2948,
	94.8729 18.6832,
	94.7394 18.8775,
	94.5573 19.0353,
	94.5087 19.0838,
	94.4602 19.1081,
	94.3024 19.2902,
	94.1203 19.4359,
	93.926 19.5209,
	93.5376 19.6423,
	93.489 19.6544,
	93.4404 19.6908,
	93.3919 19.703,
	93.3433 19.7394,
	92.9548 19.8972,
	92.8577 19.9215,
	92.6635 20.0186,
	92.6392 20.0186,
	92.6149 20.0429,
	92.4207 20.1157,
	92.2265 20.1643,
	92.0322 20.1522,
	91.9351 20.1279,
	91.5466 19.9215,
	91.4495 19.8729,
	91.4009 19.8365,
	91.3767 19.8365,
	91.2795 19.7637,
	91.231 19.7273,
	91.2067 19.703,
	91.1581 19.6908,
	90.9639 19.5694,
	90.8668 19.5209,
	90.4783 19.2174,
	90.2962 19.0231,
	90.2112 18.926,
	90.0898 18.7318,
	89.9927 18.5376,
	89.9442 18.3433,
	89.932 18.2948,
	89.9077 18.2705,
	89.9077 18.2462,
	89.7742 18.052,
	89.7378 17.9548,
	89.6285 17.1779,
	89.6407 17.0808,
	89.6771 16.9837,
	89.7499 16.8865,
	89.847 16.8258,
	89.8956 16.8016,
	89.9199 16.7773,
	90.1141 16.7773,
	90.1627 16.7894,
	90.2598 16.7651,
	90.3084 16.753,
	90.4055 16.6802,
	90.4662 16.583,
	90.4905 16.4859,
	90.4419 16.2917,
	90.4419 16.2431,
	90.4298 16.2188,
	90.4662 16.0246,
	90.5026 15.9275,
	90.5147 15.8789,
	90.5026 15.8304,
	90.4298 15.7454,
	90.2355 15.6361,
	90.1384 15.5633,
	90.0898 15.5269,
	90.0656 15.5026,
	90.0656 15.454,
	90.1141 15.3569,
	90.2598 15.1627,
	90.3084 15.1141,
	90.4055 15.0777,
	90.5026 15.0777,
	90.5512 15.102,
	90.5997 15.102,
	90.6483 15.0777,
	90.6847 14.9806,
	90.6847 14.8835,
	90.6483 14.7863,
	90.624 14.7378,
	90.5754 14.6892,
	90.5512 14.6407,
	90.539 14.5435,
	90.5512 14.4464,
	90.709 14.2643,
	90.7211 14.1672,
	90.709 14.1186,
	90.709 14.0944,
	90.6361 13.9972,
	90.539 13.9001,
	90.4419 13.7059,
	90.4055 13.5117,
	90.4419 13.1232,
	90.454 12.9289,
	90.4419 12.8318,
	90.3691 12.6376,
	90.2598 12.4433,
	90.1748 12.3462,
	89.9806 12.237,
	89.7863 12.2127,
	89.5921 12.2248,
	89.495 12.2006,
	89.3979 12.152,
	89.3736 12.152,
	89.2765 12.067,
	89.1672 11.8728,
	89.1429 11.7757,
	89.1429 11.5814,
	89.1429 11.5329,
	89.1429 11.5207,
	"/>
</Transform>

<Transform dim="0"
 xcoef=" 0 1 0 0 0 0"
 ycoef=" 0 0 1 0 0 0">
<Contour name="TB2 Nucleus_99_cw" hidden="false" closed="true" simplified="true" border="1 0 0" fill="1 0 0" mode="15"
 points="86.0528 50.8531,
	86.2137 49.8235,
	86.2459 49.5661,
	86.2459 48.5364,
	86.2459 48.0216,
	86.262 47.7642,
	86.3424 47.5068,
	86.3907 46.992,
	86.4068 46.7346,
	86.455 46.4772,
	86.4872 46.3485,
	86.6963 45.8337,
	87.002 44.8041,
	87.1307 44.2893,
	87.2112 44.0319,
	87.372 43.7745,
	87.5812 43.5171,
	87.726 43.2597,
	87.8225 43.0023,
	87.9673 42.7449,
	88.0477 42.6162,
	88.096 42.5518,
	88.1442 42.4231,
	88.2247 41.9083,
	88.3212 41.6509,
	88.4499 41.3935,
	88.643 41.1361,
	88.8843 40.9109,
	89.1417 40.7983,
	89.206 40.7983,
	89.2382 40.7983,
	89.3508 40.8787,
	89.7208 41.3613,
	89.8656 41.6188,
	89.9782 41.8762,
	90.0104 41.9405,
	90.1391 42.0531,
	90.2195 42.1818,
	90.3322 42.4392,
	90.4126 42.5679,
	90.5252 42.8253,
	90.5896 42.954,
	90.7665 43.2114,
	90.8791 43.3401,
	91.0239 43.5975,
	91.1205 43.8549,
	91.2331 44.3697,
	91.2652 44.6271,
	91.2974 44.7558,
	91.3618 44.8845,
	91.41 44.9489,
	91.4905 45.2063,
	91.5226 45.335,
	91.5387 45.8498,
	91.5387 46.1072,
	91.5066 46.3646,
	91.4422 46.622,
	91.3296 46.8794,
	91.2974 46.9438,
	91.1848 47.0725,
	91.0722 47.169,
	90.8148 47.3138,
	90.7826 47.3781,
	90.7826 47.5068,
	90.9113 47.6194,
	91.04 47.6999,
	91.1205 47.9573,
	91.1205 48.2147,
	91.1044 48.3434,
	90.9918 48.6008,
	90.9757 48.6651,
	91.0078 48.7938,
	91.1044 48.9225,
	91.1365 49.0512,
	91.1205 49.3086,
	91.1687 49.5661,
	91.2009 49.6948,
	91.3135 49.9522,
	91.3618 50.2096,
	91.3135 50.7244,
	91.1687 51.754,
	91.0722 52.2688,
	91.04 52.5262,
	90.8952 53.041,
	90.863 53.1697,
	90.7343 53.4271,
	90.6378 53.5558,
	90.5091 53.8132,
	90.4126 54.328,
	90.3161 54.5854,
	90.1713 54.8428,
	89.9943 55.0841,
	89.8817 55.2128,
	89.6404 55.422,
	89.5117 55.5507,
	89.2704 55.7276,
	89.1578 55.8241,
	89.0291 55.8724,
	88.9004 55.9528,
	88.643 56.0011,
	88.3856 56.0011,
	88.1281 55.9046,
	87.9994 55.8241,
	87.9351 55.792,
	87.6938 55.5507,
	87.5007 55.2933,
	87.3399 55.0359,
	87.2272 54.9232,
	87.1629 54.8911,
	87.0503 54.7624,
	86.8733 54.521,
	86.7285 54.2636,
	86.5194 53.7488,
	86.4711 53.6201,
	86.4389 53.3627,
	86.4389 53.1053,
	86.4711 52.8479,
	86.4389 52.5905,
	86.2942 52.0757,
	86.2459 51.947,
	86.2298 51.8827,
	86.1976 51.8505,
	86.085 51.3357,
	86.0689 51.0783,
	86.0528 50.9496,
	86.0528 50.8852,
	86.0528 50.8692,
	"/>
</Transform>

<Transform dim="0"
 xcoef=" 0 1 0 0 0 0"
 ycoef=" 0 0 1 0 0 0">
<Contour name="TB2 NF_30_cw" hidden="false" closed="true" simplified="true" border="1 1 0.502" fill="1 1 0" mode="15"
 points="87.8809 11.0162,
	87.9431 10.8741,
	87.9697 10.8385,
	87.9697 10.8208,
	88.0497 10.6786,
	88.0675 10.6431,
	88.1385 10.572,
	88.2096 10.5542,
	88.2451 10.5542,
	88.3873 10.6075,
	88.4584 10.6164,
	88.6005 10.6697,
	88.6716 10.723,
	88.716 10.7941,
	88.7249 10.8652,
	88.716 10.9362,
	88.636 11.0784,
	88.5117 11.2205,
	88.3695 11.3538,
	88.2984 11.3982,
	88.2629 11.4071,
	88.2451 11.4071,
	88.2274 11.4249,
	88.0852 11.3982,
	88.0497 11.3982,
	87.9875 11.336,
	87.952 11.3005,
	87.8987 11.1584,
	87.8809 11.0251,
	"/>
</Transform>

<Transform dim="0"
 xcoef=" 0 1 0 0 0 0"
 ycoef=" 0 0 1 0 0 0">
<Contour name="TB2 NF_30_cw" hidden="false" closed="true" simplified="true" border="1 1 0.502" fill="1 1 0" mode="15"
 points="92.696 3.70464,
	92.7138 3.5625,
	92.7493 3.49143,
	92.8648 3.36705,
	92.9981 3.28709,
	93.1402 3.26933,
	93.2113 3.26044,
	93.3535 3.27821,
	93.4245 3.30486,
	93.4956 3.31375,
	93.5667 3.29598,
	93.6377 3.25156,
	93.6733 3.24267,
	93.6911 3.24267,
	93.7355 3.31375,
	93.7621 3.45589,
	93.7799 3.52696,
	93.771 3.59803,
	93.7444 3.63357,
	93.6733 3.64246,
	93.6289 3.71353,
	93.5578 3.7313,
	93.4867 3.70464,
	93.4689 3.69576,
	93.3268 3.74018,
	93.2913 3.75795,
	93.2202 3.74018,
	93.1847 3.72241,
	93.1491 3.72241,
	93.1314 3.71353,
	93.0958 3.7313,
	93.0781 3.7313,
	93.007 3.77572,
	92.8648 3.7313,
	92.7227 3.74018,
	92.696 3.71353,
	"/>
</Transform>

<Transform dim="0"
 xcoef=" 0 1 0 0 0 0"
 ycoef=" 0 0 1 0 0 0">
<Contour name="EP_NF01_cw" hidden="false" closed="true" simplified="true" border="0.972549 0.756863 0.0156863" fill="0.972549 0.623529 0.262745" mode="15"
 points="124.141 78.123,
	124.158 78.0783,
	124.163 78.0336,
	124.158 78.0112,
	124.158 78,
	124.23 77.9105,
	124.264 77.8658,
	124.309 77.8378,
	124.398 77.8043,
	124.443 77.7987,
	124.488 77.8154,
	124.51 77.821,
	124.532 77.8154,
	124.555 77.821,
	124.644 77.8098,
	124.734 77.7819,
	124.778 77.7707,
	124.823 77.7707,
	125.002 77.8322,
	125.092 77.849,
	125.181 77.877,
	125.271 77.9217,
	125.315 77.9608,
	125.338 77.9832,
	125.36 77.9944,
	125.449 78.0112,
	125.494 78.0503,
	125.522 78.0951,
	125.545 78.1174,
	125.724 78.2069,
	125.813 78.2684,
	125.902 78.3132,
	125.947 78.3467,
	125.992 78.3915,
	126.014 78.4139,
	126.193 78.4866,
	126.283 78.5145,
	126.372 78.5649,
	126.551 78.6208,
	126.63 78.7103,
	126.669 78.7494,
	126.758 78.7997,
	126.803 78.8221,
	126.825 78.8333,
	126.853 78.8613,
	126.881 78.9507,
	126.932 79.0402,
	126.954 79.1241,
	126.948 79.1465,
	126.926 79.1633,
	126.747 79.1912,
	126.702 79.1968,
	126.657 79.1856,
	126.613 79.1577,
	126.579 79.1129,
	126.557 79.0962,
	126.467 79.0738,
	126.378 79.0682,
	126.288 79.0402,
	126.244 79.0067,
	126.21 78.9619,
	126.121 78.9004,
	126.031 78.8892,
	125.986 78.8892,
	125.807 78.934,
	125.785 78.9507,
	125.606 78.9675,
	125.517 78.9563,
	125.472 78.9396,
	125.382 78.9284,
	125.293 78.934,
	125.114 78.9172,
	125.024 78.906,
	124.667 78.7942,
	124.622 78.783,
	124.443 78.6879,
	124.353 78.6264,
	124.309 78.5984,
	124.219 78.5201,
	124.214 78.4977,
	124.225 78.453,
	124.186 78.425,
	124.163 78.4027,
	124.152 78.3915,
	124.146 78.3467,
	124.152 78.2573,
	124.146 78.2125,
	124.141 78.1901,
	124.146 78.1678,
	124.141 78.1286,
	"/>
</Transform>

</Section>