<?xml version="1.0"?>
<!DOCTYPE Section SYSTEM "section.dtd">

<Section index="606" thickness="0.085" alignLocked="true">
<Transform dim="0"
 xcoef=" 0 1 0 0 0 0"
 ycoef=" 0 0 1 0 0 0">
<Image mag="0.00855" contrast="1" brightness="0" red="true" green="true" blue="true"
 src="Aligned 633606.tif" />
<Contour name="domain1" hidden="false" closed="true" simplified="false" border="1 0 1" fill="1 0 1" mode="11"
 points="0 0,
	15991 0,
	15991 12171,
	0 12171,
	"/>
</Transform>

<Transform dim="0"
 xcoef=" 0 1 0 0 0 0"
 ycoef=" 0 0 1 0 0 0">
<Contour name="TB2 Nucleus_75" hidden="false" closed="true" simplified="true" border="1 0 0" fill="1 0 0" mode="9"
 points="71.5339 56.5498,
	71.5648 56.4261,
	71.5493 55.9313,
	71.6112 55.8076,
	71.6421 55.7457,
	71.704 55.6839,
	71.7658 55.5601,
	71.7813 55.4364,
	71.8741 55.189,
	71.9205 55.0653,
	71.9205 55.0344,
	71.9514 55.0035,
	72.0596 54.7561,
	72.106 54.5086,
	72.1215 54.2612,
	72.1215 54.1375,
	72.1679 54.0138,
	72.3225 53.7664,
	72.4308 53.519,
	72.5081 53.3953,
	72.6163 53.287,
	72.8637 53.1479,
	73.3586 53.0087,
	73.4823 52.9932,
	73.5132 52.9932,
	73.6369 53.0705,
	74.039 53.519,
	74.1472 53.6427,
	74.2245 53.7664,
	74.2709 53.8901,
	74.1936 54.1375,
	74.0854 54.3849,
	74.0235 54.4468,
	73.9616 54.4777,
	73.9307 54.4777,
	73.8843 54.5396,
	73.8843 54.6633,
	73.9153 54.787,
	73.9771 54.8334,
	74.039 54.8334,
	74.0699 54.8334,
	74.1627 54.9571,
	74.2091 54.988,
	74.2864 55.1117,
	74.2864 55.2354,
	74.2555 55.3591,
	74.24 55.421,
	74.1472 55.5447,
	74.039 55.7921,
	73.9616 55.9158,
	73.9153 56.0395,
	73.8998 56.1632,
	73.7915 56.4106,
	73.6215 56.6581,
	73.606 56.7818,
	73.6524 56.9055,
	73.6833 57.1529,
	73.7142 57.2766,
	73.6369 57.4003,
	73.606 57.524,
	73.606 57.5549,
	73.4977 57.6632,
	73.4359 57.6941,
	73.2039 57.9261,
	73.0957 58.0343,
	72.8483 58.2044,
	72.7246 58.3126,
	72.6627 58.3436,
	72.539 58.4518,
	72.4772 58.4827,
	72.4153 58.4827,
	72.2916 58.4209,
	72.0442 58.3436,
	71.9205 58.2972,
	71.8586 58.2508,
	71.8277 58.1889,
	71.8432 58.0652,
	71.9205 57.9415,
	71.9205 57.8178,
	71.8122 57.323,
	71.7504 57.2611,
	71.6267 57.2147,
	71.5648 57.2147,
	71.5339 57.1993,
	71.5493 56.9519,
	71.5339 56.7044,
	71.5339 56.5807,
	71.5339 56.5653,
	"/>
</Transform>

<Transform dim="0"
 xcoef=" 0 1 0 0 0 0"
 ycoef=" 0 0 1 0 0 0">
<Contour name="TB2 NF_24" hidden="true" closed="true" simplified="true" border="1 0.501961 0.25098" fill="1 0.501961 0.25098" mode="-9"
 points="99.6608 14.0207,
	99.7054 13.8424,
	99.7945 13.6641,
	99.9506 13.508,
	100.04 13.4189,
	100.218 13.352,
	100.396 13.4189,
	100.463 13.4857,
	100.642 13.4412,
	100.731 13.4635,
	100.82 13.5303,
	100.887 13.7087,
	100.887 13.887,
	100.82 14.0653,
	100.642 14.2213,
	100.552 14.2882,
	100.196 14.3997,
	100.017 14.4442,
	99.9283 14.4219,
	99.7722 14.2436,
	99.7054 14.0653,
	99.6831 14.043,
	"/>
</Transform>

<Transform dim="0"
 xcoef=" 0 1 0 0 0 0"
 ycoef=" 0 0 1 0 0 0">
<Contour name="TB2 NF_24_cw" hidden="false" closed="true" simplified="true" border="1 0.5 0" fill="1 0.682353 0.368627" mode="15"
 points="99.687 13.8617,
	99.6985 13.8,
	99.7333 13.7382,
	99.7757 13.6765,
	99.795 13.6456,
	99.8529 13.5877,
	99.8954 13.5337,
	99.9185 13.5028,
	99.9494 13.4835,
	99.9803 13.4719,
	100.011 13.4526,
	100.135 13.4141,
	100.165 13.4179,
	100.181 13.4218,
	100.196 13.4141,
	100.258 13.4102,
	100.289 13.4025,
	100.32 13.387,
	100.382 13.3677,
	100.412 13.3485,
	100.428 13.3407,
	100.459 13.3369,
	100.474 13.333,
	100.482 13.333,
	100.49 13.3253,
	100.505 13.3214,
	100.536 13.3021,
	100.548 13.2906,
	100.578 13.279,
	100.609 13.2828,
	100.625 13.2983,
	100.652 13.36,
	100.667 13.3909,
	100.69 13.4179,
	100.721 13.4295,
	100.737 13.4218,
	100.775 13.36,
	100.791 13.3485,
	100.798 13.3446,
	100.814 13.3485,
	100.829 13.3639,
	100.845 13.3948,
	100.868 13.5183,
	100.876 13.6417,
	100.864 13.7652,
	100.837 13.8887,
	100.825 13.9505,
	100.822 13.9813,
	100.795 14.0083,
	100.733 14.0161,
	100.717 14.0199,
	100.686 14.0431,
	100.663 14.0662,
	100.64 14.0971,
	100.629 14.1125,
	100.629 14.1203,
	100.605 14.1511,
	100.578 14.1743,
	100.474 14.2939,
	100.432 14.3557,
	100.405 14.3865,
	100.389 14.3981,
	100.328 14.4174,
	100.266 14.429,
	100.258 14.4328,
	100.243 14.4213,
	100.212 14.4097,
	100.181 14.3788,
	100.092 14.2553,
	100.042 14.1936,
	100.011 14.1743,
	99.9803 14.1627,
	99.9494 14.1589,
	99.8876 14.1627,
	99.8259 14.1434,
	99.795 14.1241,
	99.7796 14.1087,
	99.741 14.0469,
	99.7217 14.0161,
	99.7024 13.9543,
	99.6908 13.8926,
	99.687 13.8656,
	"/>
</Transform>

<Transform dim="0"
 xcoef=" 0 1 0 0 0 0"
 ycoef=" 0 0 1 0 0 0">
<Contour name="TB2 NF_10_cw" hidden="false" closed="true" simplified="true" border="0.808 0 0.808" fill="0.443 0 0.443" mode="15"
 points="70.1828 51.0168,
	70.2075 50.8585,
	70.2223 50.8189,
	70.2768 50.7398,
	70.3163 50.7002,
	70.3559 50.6755,
	70.3658 50.6656,
	70.3757 50.6656,
	70.3856 50.6557,
	70.4252 50.6408,
	70.5043 50.6359,
	70.5835 50.6507,
	70.6627 50.7002,
	70.6973 50.7398,
	70.722 50.8189,
	70.7616 51.1356,
	70.7616 51.4522,
	70.7863 51.6105,
	70.7962 51.6501,
	70.816 51.6897,
	70.8803 51.7639,
	70.8952 51.8035,
	70.9001 51.8826,
	70.8803 51.9618,
	70.816 52.1201,
	70.7666 52.2784,
	70.7517 52.3576,
	70.7715 52.4367,
	70.816 52.5159,
	70.8704 52.5901,
	70.9001 52.6198,
	70.9397 52.6494,
	71.0189 52.6742,
	71.098 52.6593,
	71.1376 52.6494,
	71.1772 52.6297,
	71.197 52.6198,
	71.2069 52.6198,
	71.286 52.5554,
	71.3256 52.5258,
	71.4493 52.3823,
	71.5235 52.318,
	71.6818 52.2537,
	71.7016 52.2586,
	71.7362 52.2932,
	71.7511 52.3328,
	71.756 52.412,
	71.7461 52.5703,
	71.7412 52.6494,
	71.7263 52.7286,
	71.667 52.8869,
	71.6521 52.9265,
	71.5433 53.0848,
	71.5037 53.1194,
	71.474 53.159,
	71.4344 53.1838,
	71.3949 53.1986,
	71.3553 53.2035,
	71.3157 53.1986,
	71.2761 53.1838,
	71.2365 53.1541,
	71.197 53.1392,
	71.1772 53.1293,
	71.098 53.1343,
	71.0189 53.1293,
	70.9991 53.1244,
	70.9793 53.1343,
	70.9397 53.1293,
	70.9298 53.1194,
	70.8507 53.0997,
	70.7715 53.0502,
	70.7319 53.0304,
	70.6676 52.9661,
	70.633 52.9265,
	70.6082 52.8869,
	70.539 52.7286,
	70.5241 52.5703,
	70.5489 52.412,
	70.5043 52.2537,
	70.4895 52.2141,
	70.4747 52.0558,
	70.4697 51.9766,
	70.4747 51.9568,
	70.4697 51.937,
	70.4747 51.9172,
	70.4697 51.8777,
	70.4697 51.8579,
	70.4499 51.8183,
	70.44 51.7985,
	70.4301 51.7886,
	70.4153 51.749,
	70.4103 51.7095,
	70.4054 51.6897,
	70.4103 51.6501,
	70.4202 51.6303,
	70.4202 51.6204,
	70.3856 51.5858,
	70.3361 51.5066,
	70.2718 51.3483,
	70.257 51.3285,
	70.2223 51.2494,
	70.1976 51.1702,
	70.1877 51.1306,
	70.1828 51.0515,
	70.1828 51.0317,
	70.1877 51.0218,
	"/>
</Transform>

<Transform dim="0"
 xcoef=" 0 1 0 0 0 0"
 ycoef=" 0 0 1 0 0 0">
<Contour name="TB2 NF_17_cw" hidden="false" closed="true" simplified="true" border="0.682 0 0" fill="1 0 0" mode="-15"
 points="67.7682 55.744,
	67.7896 55.6298,
	67.8325 55.5155,
	67.8682 55.4584,
	67.9181 55.4013,
	67.9681 55.287,
	67.9895 55.2299,
	68.0253 55.1728,
	68.1181 55.0657,
	68.1681 55.0228,
	68.218 54.9657,
	68.3323 54.8943,
	68.4465 54.8015,
	68.5393 54.7015,
	68.5965 54.6444,
	68.6893 54.5373,
	68.7678 54.4231,
	68.8035 54.3659,
	68.8464 54.2517,
	68.9106 54.1374,
	68.9321 54.1089,
	68.9463 54.0946,
	69.0035 54.0946,
	69.1106 54.0161,
	69.1463 53.9589,
	69.182 53.8447,
	69.2605 53.7305,
	69.2962 53.6733,
	69.3105 53.6448,
	69.3391 53.6162,
	69.389 53.5805,
	69.4462 53.5591,
	69.4747 53.5519,
	69.5033 53.5591,
	69.5318 53.5519,
	69.5461 53.5591,
	69.6032 53.5377,
	69.6247 53.5305,
	69.7318 53.6091,
	69.7889 53.6305,
	69.8175 53.6376,
	69.8746 53.6233,
	69.896 53.6019,
	69.9031 53.4877,
	69.9317 53.3734,
	69.996 53.2592,
	70.0245 53.2021,
	70.1173 53.095,
	70.1459 53.0664,
	70.1673 53.0521,
	70.1959 53.0236,
	70.2245 53.0093,
	70.2387 52.995,
	70.2959 52.9807,
	70.3244 52.9879,
	70.3673 53.045,
	70.3887 53.0664,
	70.403 53.0735,
	70.4601 53.0521,
	70.5172 53.0164,
	70.5458 53.0093,
	70.56 52.995,
	70.5886 52.9879,
	70.6457 52.995,
	70.7028 52.9879,
	70.76 53.0093,
	70.8171 53.0593,
	70.8457 53.0878,
	70.9599 53.1092,
	71.017 53.1235,
	71.0456 53.1235,
	71.0527 53.1307,
	71.1098 53.1235,
	71.1384 53.1307,
	71.1455 53.1235,
	71.2027 53.1378,
	71.2312 53.145,
	71.2598 53.1735,
	71.3169 53.1878,
	71.3455 53.1949,
	71.374 53.2164,
	71.3883 53.2306,
	71.3955 53.2592,
	71.3955 53.2735,
	71.3526 53.3306,
	71.2384 53.4306,
	71.1812 53.4663,
	71.1241 53.4805,
	71.067 53.4734,
	71.0099 53.4805,
	70.9813 53.4805,
	70.9242 53.5091,
	70.8742 53.5519,
	70.8028 53.6662,
	70.71 53.7804,
	70.6029 53.8947,
	70.5458 53.9447,
	70.4886 53.9732,
	70.3744 54.0018,
	70.3173 54.0089,
	70.203 53.9875,
	70.1459 53.9661,
	70.0888 53.9304,
	70.0317 53.9161,
	70.0031 53.909,
	69.946 53.9232,
	69.9174 53.9447,
	69.8603 54.0589,
	69.796 54.2874,
	69.7675 54.4016,
	69.7389 54.4588,
	69.6461 54.573,
	69.6104 54.6301,
	69.5675 54.7444,
	69.539 54.8586,
	69.5176 54.9157,
	69.5104 54.9443,
	69.4462 55.0585,
	69.3962 55.1728,
	69.3676 55.2299,
	69.3391 55.2585,
	69.3034 55.3156,
	69.2891 55.3442,
	69.2605 55.3727,
	69.2034 55.4013,
	69.1748 55.4227,
	69.1391 55.5369,
	69.0891 55.5941,
	69.0249 55.7083,
	69.0035 55.7654,
	68.9535 55.8225,
	68.8964 55.8368,
	68.8678 55.8225,
	68.8535 55.8154,
	68.8035 55.8582,
	68.775 55.9154,
	68.7607 55.9725,
	68.6536 56.201,
	68.625 56.2581,
	68.5465 56.3723,
	68.4465 56.6008,
	68.4394 56.6151,
	68.4608 56.6722,
	68.4751 56.7008,
	68.4679 56.7579,
	68.4608 56.7865,
	68.4108 56.8365,
	68.3537 56.8579,
	68.2466 56.9507,
	68.1895 56.9793,
	68.0752 57.0007,
	68.061 57.0007,
	67.9467 56.9079,
	67.8325 56.7936,
	67.7968 56.7365,
	67.7825 56.6223,
	67.7968 56.5651,
	67.8253 56.508,
	67.8396 56.4795,
	67.8396 56.4652,
	67.8753 56.408,
	67.8967 56.3509,
	67.8896 56.2938,
	67.8467 56.1796,
	67.8253 56.151,
	67.7896 56.0368,
	67.7682 55.8083,
	67.7682 55.7511,
	"/>
</Transform>

<Transform dim="0"
 xcoef=" 0 1 0 0 0 0"
 ycoef=" 0 0 1 0 0 0">
<Image mag="0.00855" contrast="1" brightness="0" red="true" green="true" blue="true"
 src="..\TF21_robdata\Rob's_latest_seg_files_TF21_TB2\Aligned 633606.tif" />
<Contour name="domain1" hidden="false" closed="true" simplified="false" border="1 0 1" fill="1 0 1" mode="11"
 points="0 0,
	15991 0,
	15991 12171,
	0 12171,
	"/>
</Transform>

<Transform dim="0"
 xcoef=" 0 1 0 0 0 0"
 ycoef=" 0 0 1 0 0 0">
<Contour name="TB2 Nucleus_75" hidden="false" closed="true" simplified="true" border="1 0 0" fill="1 0 0" mode="9"
 points="71.5339 56.5498,
	71.5648 56.4261,
	71.5493 55.9313,
	71.6112 55.8076,
	71.6421 55.7457,
	71.704 55.6839,
	71.7658 55.5601,
	71.7813 55.4364,
	71.8741 55.189,
	71.9205 55.0653,
	71.9205 55.0344,
	71.9514 55.0035,
	72.0596 54.7561,
	72.106 54.5086,
	72.1215 54.2612,
	72.1215 54.1375,
	72.1679 54.0138,
	72.3225 53.7664,
	72.4308 53.519,
	72.5081 53.3953,
	72.6163 53.287,
	72.8637 53.1479,
	73.3586 53.0087,
	73.4823 52.9932,
	73.5132 52.9932,
	73.6369 53.0705,
	74.039 53.519,
	74.1472 53.6427,
	74.2245 53.7664,
	74.2709 53.8901,
	74.1936 54.1375,
	74.0854 54.3849,
	74.0235 54.4468,
	73.9616 54.4777,
	73.9307 54.4777,
	73.8843 54.5396,
	73.8843 54.6633,
	73.9153 54.787,
	73.9771 54.8334,
	74.039 54.8334,
	74.0699 54.8334,
	74.1627 54.9571,
	74.2091 54.988,
	74.2864 55.1117,
	74.2864 55.2354,
	74.2555 55.3591,
	74.24 55.421,
	74.1472 55.5447,
	74.039 55.7921,
	73.9616 55.9158,
	73.9153 56.0395,
	73.8998 56.1632,
	73.7915 56.4106,
	73.6215 56.6581,
	73.606 56.7818,
	73.6524 56.9055,
	73.6833 57.1529,
	73.7142 57.2766,
	73.6369 57.4003,
	73.606 57.524,
	73.606 57.5549,
	73.4977 57.6632,
	73.4359 57.6941,
	73.2039 57.9261,
	73.0957 58.0343,
	72.8483 58.2044,
	72.7246 58.3126,
	72.6627 58.3436,
	72.539 58.4518,
	72.4772 58.4827,
	72.4153 58.4827,
	72.2916 58.4209,
	72.0442 58.3436,
	71.9205 58.2972,
	71.8586 58.2508,
	71.8277 58.1889,
	71.8432 58.0652,
	71.9205 57.9415,
	71.9205 57.8178,
	71.8122 57.323,
	71.7504 57.2611,
	71.6267 57.2147,
	71.5648 57.2147,
	71.5339 57.1993,
	71.5493 56.9519,
	71.5339 56.7044,
	71.5339 56.5807,
	71.5339 56.5653,
	"/>
</Transform>

<Transform dim="0"
 xcoef=" 0 1 0 0 0 0"
 ycoef=" 0 0 1 0 0 0">
<Contour name="TB2 NF_24" hidden="true" closed="true" simplified="true" border="1 0.501961 0.25098" fill="1 0.501961 0.25098" mode="-9"
 points="99.6608 14.0207,
	99.7054 13.8424,
	99.7945 13.6641,
	99.9506 13.508,
	100.04 13.4189,
	100.218 13.352,
	100.396 13.4189,
	100.463 13.4857,
	100.642 13.4412,
	100.731 13.4635,
	100.82 13.5303,
	100.887 13.7087,
	100.887 13.887,
	100.82 14.0653,
	100.642 14.2213,
	100.552 14.2882,
	100.196 14.3997,
	100.017 14.4442,
	99.9283 14.4219,
	99.7722 14.2436,
	99.7054 14.0653,
	99.6831 14.043,
	"/>
</Transform>

<Transform dim="0"
 xcoef=" 0 1 0 0 0 0"
 ycoef=" 0 0 1 0 0 0">
<Contour name="TB2 NF_24_cw" hidden="false" closed="true" simplified="true" border="1 0.5 0" fill="1 0.682353 0.368627" mode="15"
 points="99.687 13.8617,
	99.6985 13.8,
	99.7333 13.7382,
	99.7757 13.6765,
	99.795 13.6456,
	99.8529 13.5877,
	99.8954 13.5337,
	99.9185 13.5028,
	99.9494 13.4835,
	99.9803 13.4719,
	100.011 13.4526,
	100.135 13.4141,
	100.165 13.4179,
	100.181 13.4218,
	100.196 13.4141,
	100.258 13.4102,
	100.289 13.4025,
	100.32 13.387,
	100.382 13.3677,
	100.412 13.3485,
	100.428 13.3407,
	100.459 13.3369,
	100.474 13.333,
	100.482 13.333,
	100.49 13.3253,
	100.505 13.3214,
	100.536 13.3021,
	100.548 13.2906,
	100.578 13.279,
	100.609 13.2828,
	100.625 13.2983,
	100.652 13.36,
	100.667 13.3909,
	100.69 13.4179,
	100.721 13.4295,
	100.737 13.4218,
	100.775 13.36,
	100.791 13.3485,
	100.798 13.3446,
	100.814 13.3485,
	100.829 13.3639,
	100.845 13.3948,
	100.868 13.5183,
	100.876 13.6417,
	100.864 13.7652,
	100.837 13.8887,
	100.825 13.9505,
	100.822 13.9813,
	100.795 14.0083,
	100.733 14.0161,
	100.717 14.0199,
	100.686 14.0431,
	100.663 14.0662,
	100.64 14.0971,
	100.629 14.1125,
	100.629 14.1203,
	100.605 14.1511,
	100.578 14.1743,
	100.474 14.2939,
	100.432 14.3557,
	100.405 14.3865,
	100.389 14.3981,
	100.328 14.4174,
	100.266 14.429,
	100.258 14.4328,
	100.243 14.4213,
	100.212 14.4097,
	100.181 14.3788,
	100.092 14.2553,
	100.042 14.1936,
	100.011 14.1743,
	99.9803 14.1627,
	99.9494 14.1589,
	99.8876 14.1627,
	99.8259 14.1434,
	99.795 14.1241,
	99.7796 14.1087,
	99.741 14.0469,
	99.7217 14.0161,
	99.7024 13.9543,
	99.6908 13.8926,
	99.687 13.8656,
	"/>
</Transform>

<Transform dim="0"
 xcoef=" 0 1 0 0 0 0"
 ycoef=" 0 0 1 0 0 0">
<Image mag="0.00855" contrast="1" brightness="0" red="true" green="true" blue="true"
 src="Aligned 633606.tif" />
<Contour name="a1" hidden="false" closed="true" simplified="false" border="1 0.5 0" fill="1 0.5 0" mode="11"
 points="0 0,
	15991 0,
	15991 12171,
	0 12171,
	"/>
</Transform>

<Transform dim="0"
 xcoef=" 0 1 0 0 0 0"
 ycoef=" 0 0 1 0 0 0">
<Contour name="TB3_TC02_T2dying_cw" hidden="false" closed="true" simplified="true" border="0.322 0.773 1" fill="0.322 0.773 1" mode="15"
 points="103.962 47.8875,
	104.017 47.7112,
	104.028 47.623,
	104.039 47.579,
	104.116 47.5018,
	104.16 47.4798,
	104.182 47.4798,
	104.226 47.5128,
	104.27 47.601,
	104.281 47.6891,
	104.27 47.7773,
	104.292 47.8654,
	104.337 47.8765,
	104.37 47.9095,
	104.37 47.9536,
	104.314 48.0307,
	104.237 48.0748,
	104.215 48.0858,
	104.127 48.0638,
	104.083 48.0748,
	104.061 48.0858,
	103.973 48.0307,
	103.962 47.9426,
	103.962 47.8985,
	"/>
</Transform>

<Transform dim="0"
 xcoef=" 0 1 0 0 0 0"
 ycoef=" 0 0 1 0 0 0">
<Contour name="TB3_TC02_T2dying_cw" hidden="false" closed="true" simplified="true" border="0.322 0.773 1" fill="0.322 0.773 1" mode="15"
 points="104.766 42.0916,
	104.81 42.0475,
	104.854 42.0255,
	104.898 42.0365,
	104.943 42.0255,
	104.976 41.9814,
	104.954 41.8933,
	105.02 41.8051,
	104.987 41.6288,
	104.965 41.5407,
	104.976 41.4525,
	105.02 41.3644,
	105.053 41.3203,
	105.064 41.144,
	105.075 41.0559,
	105.119 40.9677,
	105.207 40.8796,
	105.229 40.8355,
	105.229 40.6592,
	105.229 40.571,
	105.317 40.2184,
	105.35 40.0421,
	105.405 39.8658,
	105.493 39.6895,
	105.571 39.6124,
	105.747 39.5573,
	105.835 39.5022,
	105.857 39.4581,
	105.879 39.1055,
	105.901 38.9292,
	105.901 38.7529,
	106.011 38.4003,
	106.188 38.0477,
	106.276 37.8714,
	106.331 37.7833,
	106.408 37.7062,
	106.496 37.6841,
	106.551 37.607,
	106.562 37.5188,
	106.562 37.4748,
	106.606 37.3866,
	106.684 37.2985,
	106.739 37.2103,
	106.904 37.045,
	107.069 36.9018,
	107.124 36.8247,
	107.212 36.7585,
	107.256 36.7365,
	107.29 36.6924,
	107.301 36.5161,
	107.334 36.428,
	107.345 36.3839,
	107.433 36.3288,
	107.609 36.2737,
	107.686 36.1966,
	107.719 36.1084,
	107.708 36.0644,
	107.675 36.0203,
	107.697 35.9762,
	107.874 35.9211,
	107.962 35.8991,
	108.006 35.9101,
	108.182 35.855,
	108.358 35.7007,
	108.436 35.6126,
	108.458 35.5685,
	108.469 35.4804,
	108.502 35.3922,
	108.469 35.3481,
	108.458 35.3371,
	108.413 35.3592,
	108.391 35.3592,
	108.358 35.271,
	108.38 35.0947,
	108.436 34.9184,
	108.458 34.8743,
	108.502 34.8413,
	108.546 34.8303,
	108.568 34.8303,
	108.601 34.7862,
	108.612 34.698,
	108.601 34.676,
	108.612 34.6319,
	108.579 34.5438,
	108.546 34.5217,
	108.557 34.4997,
	108.535 34.3234,
	108.557 34.2353,
	108.557 34.1912,
	108.579 34.1471,
	108.667 34.1251,
	108.711 34.1361,
	108.799 34.114,
	108.975 34.0039,
	109.064 34.0479,
	109.141 34.1361,
	109.185 34.1471,
	109.229 34.1251,
	109.251 34.103,
	109.339 34.092,
	109.405 34.1691,
	109.449 34.1802,
	109.526 34.1251,
	109.559 34.0369,
	109.57 33.8606,
	109.581 33.7725,
	109.648 33.5962,
	109.703 33.508,
	109.725 33.3317,
	109.736 33.2436,
	109.703 33.1554,
	109.692 33.0673,
	109.758 32.891,
	109.791 32.7147,
	109.945 32.3621,
	109.989 32.2739,
	110.132 32.0976,
	110.298 31.9323,
	110.474 31.7891,
	110.551 31.712,
	110.573 31.6899,
	110.54 31.6018,
	110.573 31.5136,
	110.639 31.4255,
	110.672 31.3814,
	110.661 31.3373,
	110.672 31.2932,
	110.838 31.1169,
	111.014 31.0288,
	111.102 30.9847,
	111.433 30.6652,
	111.455 30.6542,
	111.543 30.6872,
	111.565 30.6762,
	111.62 30.7643,
	111.653 30.8084,
	111.697 30.8194,
	111.785 30.7864,
	111.829 30.7643,
	111.917 30.6872,
	111.984 30.5991,
	112.028 30.566,
	112.38 30.533,
	112.468 30.6101,
	112.557 30.6431,
	112.645 30.6542,
	112.821 30.7533,
	112.997 30.8084,
	113.35 30.8745,
	113.702 30.7974,
	113.791 30.7643,
	113.967 30.6431,
	114.088 30.4668,
	114.132 30.2905,
	114.143 30.1142,
	114.022 29.7616,
	113.967 29.6735,
	113.879 29.5853,
	113.835 29.5413,
	113.747 29.4972,
	113.57 29.4641,
	113.482 29.4421,
	113.438 29.4311,
	113.361 29.3539,
	113.306 29.2658,
	113.152 29.1115,
	113.118 29.0675,
	113.107 28.8912,
	113.141 28.7149,
	113.129 28.6708,
	113.074 28.5937,
	113.085 28.4174,
	113.096 28.3292,
	113.129 28.2411,
	113.163 28.0648,
	113.262 27.8885,
	113.328 27.8003,
	113.339 27.7122,
	113.328 27.6681,
	113.251 27.5799,
	113.196 27.4918,
	113.196 27.4036,
	113.229 27.3155,
	113.306 27.2273,
	113.317 27.2053,
	113.405 27.2053,
	113.427 27.2163,
	113.471 27.1943,
	113.504 27.1502,
	113.559 26.9739,
	113.559 26.9519,
	113.603 26.9078,
	113.647 26.8857,
	113.736 26.8968,
	113.824 26.8086,
	113.868 26.7205,
	113.901 26.6764,
	113.912 26.5882,
	113.923 26.5442,
	113.868 26.3679,
	113.879 26.2797,
	113.879 26.2356,
	113.923 26.2026,
	114.011 26.2356,
	114.044 26.2577,
	114.187 26.6103,
	114.275 26.7866,
	114.342 26.9629,
	114.353 27.051,
	114.375 27.0951,
	114.397 27.1171,
	114.441 27.1171,
	114.463 27.1171,
	114.529 27.029,
	114.551 27.029,
	114.584 27.0731,
	114.617 27.2494,
	114.672 27.4257,
	114.694 27.4697,
	114.716 27.4918,
	114.716 27.5138,
	114.771 27.602,
	114.804 27.6901,
	114.948 27.8664,
	115.003 28.0427,
	115.014 28.1309,
	115.003 28.1749,
	115.036 28.3512,
	115.091 28.4394,
	115.179 28.5165,
	115.223 28.5496,
	115.311 28.5716,
	115.344 28.6157,
	115.421 28.9683,
	115.476 29.1446,
	115.51 29.2327,
	115.532 29.409,
	115.543 29.4531,
	115.697 29.6294,
	115.741 29.6625,
	115.818 29.8388,
	115.84 29.8828,
	115.928 29.971,
	115.983 30.1473,
	115.994 30.2354,
	116.005 30.2795,
	116.005 30.3016,
	116.071 30.3897,
	116.071 30.4338,
	116.049 30.4779,
	116.027 30.4999,
	116.049 30.544,
	116.06 30.566,
	116.027 30.6542,
	116.06 30.6982,
	116.083 30.7203,
	116.083 30.7643,
	115.994 30.8415,
	115.961 30.8745,
	115.95 30.8966,
	115.972 30.9847,
	115.939 31.0729,
	115.917 31.1169,
	115.906 31.2051,
	115.818 31.2932,
	115.774 31.3043,
	115.664 31.4695,
	115.499 31.6348,
	115.41 31.7009,
	115.322 31.734,
	115.278 31.745,
	115.19 31.7009,
	115.146 31.6679,
	115.124 31.6569,
	114.948 31.734,
	114.87 31.8111,
	114.848 31.8993,
	114.771 31.9874,
	114.595 32.0095,
	114.551 32.0535,
	114.507 32.1417,
	114.485 32.318,
	114.441 32.4061,
	114.43 32.4943,
	114.441 32.5384,
	114.452 32.5604,
	114.43 32.6045,
	114.342 32.6596,
	114.32 32.7036,
	114.32 32.7918,
	114.331 32.8138,
	114.297 32.902,
	114.187 33.0783,
	114.176 33.1224,
	114.176 33.1444,
	114.209 33.1885,
	114.297 33.1885,
	114.342 33.2105,
	114.375 33.2546,
	114.375 33.2766,
	114.419 33.3207,
	114.397 33.3648,
	114.308 33.4199,
	114.22 33.4529,
	114.132 33.4639,
	114.044 33.508,
	113.956 33.5741,
	113.78 33.6623,
	113.603 33.7835,
	113.438 33.9598,
	113.405 34.0479,
	113.405 34.092,
	113.383 34.1361,
	113.24 34.3124,
	113.174 34.4005,
	113.185 34.4887,
	113.174 34.5768,
	113.185 34.6209,
	113.251 34.687,
	113.273 34.7311,
	113.218 34.9074,
	113.218 34.9515,
	113.24 34.9955,
	113.185 35.1718,
	113.163 35.26,
	113.174 35.3041,
	113.163 35.3481,
	113.008 35.5134,
	112.92 35.5685,
	112.898 35.5685,
	112.854 35.6016,
	112.777 35.7779,
	112.744 35.866,
	112.634 36.0423,
	112.446 36.3949,
	112.336 36.5712,
	112.27 36.7475,
	112.182 36.9238,
	112.061 37.1001,
	111.752 37.4527,
	111.686 37.5409,
	111.653 37.585,
	111.631 37.607,
	111.587 37.7833,
	111.587 37.9596,
	111.554 38.1359,
	111.532 38.18,
	111.532 38.202,
	111.245 38.5546,
	111.179 38.6428,
	111.091 38.7309,
	110.738 38.9954,
	110.65 39.0615,
	110.474 39.1606,
	110.386 39.2047,
	110.21 39.37,
	110.121 39.4141,
	110.033 39.4802,
	110 39.5243,
	109.978 39.6124,
	109.989 39.6565,
	109.989 39.6785,
	110.077 39.7667,
	110.165 39.8218,
	110.21 39.8658,
	110.232 39.8879,
	110.276 40.2405,
	110.287 40.4168,
	110.232 40.5931,
	110.077 40.7694,
	109.901 40.9457,
	109.813 41.0008,
	109.725 41.0338,
	109.372 41.0779,
	109.284 41.0779,
	109.196 41.122,
	109.019 41.2762,
	108.843 41.3864,
	108.755 41.4415,
	108.667 41.5297,
	108.623 41.6178,
	108.601 41.706,
	108.612 41.8823,
	108.579 42.0586,
	108.557 42.1467,
	108.502 42.2349,
	108.424 42.323,
	108.336 42.3781,
	108.292 42.4001,
	108.116 42.4112,
	108.072 42.4001,
	108.05 42.3891,
	107.962 42.4332,
	107.896 42.5103,
	107.807 42.5875,
	107.598 42.9401,
	107.576 43.0282,
	107.521 43.1164,
	107.345 43.2816,
	107.245 43.4579,
	107.19 43.5461,
	107.025 43.7114,
	106.981 43.7334,
	106.937 43.7224,
	106.893 43.6783,
	106.871 43.6342,
	106.827 43.6122,
	106.65 43.6673,
	106.474 43.6453,
	106.298 43.6673,
	106.21 43.6342,
	106.166 43.6012,
	106.122 43.5902,
	105.945 43.6673,
	105.868 43.7554,
	105.824 43.7995,
	105.78 43.8877,
	105.769 43.9758,
	105.725 44.064,
	105.438 44.4166,
	105.273 44.5929,
	105.185 44.67,
	105.097 44.7031,
	105.053 44.692,
	104.976 44.6149,
	104.91 44.4386,
	104.876 44.2623,
	104.865 43.9097,
	104.865 43.7334,
	104.965 43.3808,
	104.998 43.3367,
	105.031 43.1604,
	105.031 43.1164,
	105.009 43.0723,
	104.987 43.0503,
	104.965 42.874,
	104.976 42.6977,
	104.965 42.6095,
	104.932 42.5654,
	104.921 42.5214,
	104.898 42.4993,
	104.876 42.4112,
	104.898 42.3671,
	104.843 42.2789,
	104.766 42.1908,
	104.766 42.1026,
	"/>
</Transform>

<Transform dim="0"
 xcoef=" 0 1 0 0 0 0"
 ycoef=" 0 0 1 0 0 0">
<Contour name="TB3_TC02_T2dying_cw" hidden="false" closed="true" simplified="true" border="0.322 0.773 1" fill="0.322 0.773 1" mode="15"
 points="96.359 65.6497,
	96.4912 65.4734,
	96.5793 65.4073,
	96.6014 65.3632,
	96.5903 65.3191,
	96.4251 65.1759,
	96.403 65.1318,
	96.392 65.1098,
	96.4471 65.0216,
	96.4912 64.9776,
	96.5132 64.9335,
	96.5022 64.8894,
	96.5353 64.8013,
	96.5573 64.7572,
	96.5683 64.4046,
	96.6234 64.052,
	96.954 63.3468,
	96.976 63.3027,
	96.9099 63.1264,
	96.8989 62.9501,
	96.9099 62.862,
	96.8768 62.7738,
	96.8658 62.5975,
	96.8768 62.5094,
	96.8658 62.4212,
	96.7887 62.2449,
	96.7777 62.2008,
	96.7666 62.1788,
	96.8438 61.8262,
	96.8107 61.6499,
	96.8768 61.4736,
	96.9209 61.3854,
	97.0421 61.2091,
	97.0752 61.121,
	97.0862 61.0328,
	97.0752 60.8565,
	97.0972 60.6802,
	97.1303 60.5921,
	97.1854 60.5039,
	97.3506 60.3276,
	97.5269 60.2064,
	97.6151 60.1183,
	97.6592 60.0742,
	97.7473 60.0301,
	97.7694 60.0191,
	97.8024 60.0412,
	97.8465 60.1293,
	97.8685 60.2175,
	97.8795 60.2615,
	97.9457 60.3497,
	98.0338 60.3607,
	98.2101 60.3166,
	98.2983 60.2836,
	98.3423 60.2615,
	98.3644 60.2395,
	98.3864 60.0632,
	98.4195 60.0191,
	98.4305 59.975,
	98.4195 59.931,
	98.4084 59.9089,
	98.4195 59.8649,
	98.4856 59.7767,
	98.5737 59.7216,
	98.6178 59.6886,
	98.7059 59.6775,
	98.75 59.6886,
	98.7941 59.7326,
	98.761 59.8208,
	98.6398 59.9971,
	98.6068 60.0412,
	98.5847 60.0632,
	98.6068 60.1073,
	98.6509 60.1403,
	98.7941 59.964,
	98.9704 59.8869,
	99.0585 59.8538,
	99.1467 59.8428,
	99.2348 59.8649,
	99.323 59.942,
	99.6756 60.1073,
	99.8519 60.1734,
	99.94 60.2064,
	100.028 60.2175,
	100.116 60.1844,
	100.204 60.1734,
	100.293 60.1844,
	100.381 60.2175,
	100.469 60.2726,
	100.513 60.2726,
	100.601 60.3056,
	100.777 60.4158,
	100.954 60.4709,
	101.13 60.4929,
	101.218 60.5039,
	101.306 60.4929,
	101.395 60.4599,
	101.483 60.4489,
	101.527 60.4378,
	101.879 60.5039,
	102.056 60.537,
	102.232 60.515,
	102.408 60.4599,
	102.496 60.4268,
	102.585 60.3717,
	102.662 60.2836,
	102.695 60.1954,
	102.706 60.1073,
	102.684 60.0191,
	102.695 59.931,
	102.684 59.8869,
	102.717 59.7987,
	102.827 59.6224,
	102.871 59.5343,
	102.893 59.4461,
	102.882 59.358,
	102.871 59.3139,
	102.893 59.1376,
	102.871 59.0495,
	102.794 58.9723,
	102.75 58.8842,
	102.728 58.796,
	102.761 58.4434,
	102.772 58.3553,
	102.739 58.2671,
	102.684 58.179,
	102.607 58.1129,
	102.551 58.0247,
	102.529 57.9807,
	102.507 57.8044,
	102.54 57.6281,
	102.574 57.5399,
	102.496 57.3636,
	102.474 57.1873,
	102.474 57.1432,
	102.518 57.0551,
	102.596 56.9779,
	102.64 56.9339,
	102.684 56.7576,
	102.706 56.6694,
	102.706 56.6474,
	102.849 56.4711,
	102.926 56.1185,
	102.959 55.9422,
	102.97 55.854,
	102.948 55.6777,
	102.937 55.6337,
	102.772 55.4574,
	102.684 55.2811,
	102.629 55.1048,
	102.596 54.9285,
	102.585 54.7522,
	102.64 54.047,
	102.673 53.8707,
	102.673 53.8266,
	102.706 53.7384,
	102.706 53.6944,
	102.849 53.3418,
	102.915 53.1655,
	102.97 53.0773,
	103.047 53.0002,
	103.08 52.9671,
	103.091 52.879,
	103.058 52.7027,
	103.08 52.6145,
	103.135 52.5264,
	103.169 52.3501,
	103.257 52.1738,
	103.323 52.0856,
	103.367 52.0415,
	103.411 51.9534,
	103.455 51.7771,
	103.444 51.6889,
	103.323 51.5126,
	103.246 51.4245,
	103.158 51.3584,
	103.124 51.3143,
	103.102 51.2923,
	103.058 51.116,
	103.047 50.9397,
	103.069 50.8515,
	103.047 50.7634,
	103.036 50.7193,
	103.025 50.6973,
	103.058 50.6091,
	103.091 50.565,
	103.036 50.3887,
	103.025 50.3006,
	103.069 50.2675,
	103.113 50.2675,
	103.135 50.2675,
	103.158 50.2235,
	103.169 50.0472,
	103.158 49.8709,
	103.169 49.7827,
	103.235 49.6064,
	103.257 49.4301,
	103.246 49.342,
	103.191 49.2538,
	103.147 49.2097,
	103.124 49.1657,
	103.08 49.1546,
	103.025 49.0995,
	103.014 49.0555,
	103.036 48.9673,
	103.091 48.8792,
	103.257 48.7469,
	103.268 48.6588,
	103.235 48.4825,
	103.246 48.3943,
	103.345 48.218,
	103.521 48.0968,
	103.609 48.0417,
	103.631 48.0307,
	103.719 48.0748,
	103.797 48.1629,
	103.852 48.3392,
	103.852 48.4274,
	103.885 48.5155,
	103.918 48.5596,
	104.006 48.5927,
	104.039 48.5596,
	104.039 48.5155,
	103.995 48.4274,
	103.984 48.3833,
	104.039 48.3062,
	104.127 48.2731,
	104.138 48.2621,
	104.193 48.3503,
	104.204 48.4384,
	104.215 48.4825,
	104.226 48.5045,
	104.314 48.5266,
	104.337 48.5706,
	104.359 48.5927,
	104.447 48.5486,
	104.469 48.5376,
	104.513 48.5706,
	104.535 48.7469,
	104.678 49.0995,
	104.733 49.2758,
	104.744 49.6284,
	104.777 49.7166,
	104.788 49.7607,
	104.722 49.8378,
	104.777 49.9259,
	104.799 49.948,
	104.81 50.1243,
	104.932 50.4769,
	104.921 50.565,
	104.976 50.6532,
	105.141 50.8185,
	105.163 50.9066,
	105.086 51.0829,
	105.075 51.127,
	105.174 51.4796,
	105.218 51.6559,
	105.185 51.8322,
	105.185 52.1848,
	105.174 52.3611,
	105.24 52.7137,
	105.251 53.0663,
	105.251 53.1544,
	105.273 53.2426,
	105.372 53.4189,
	105.416 53.507,
	105.438 53.6833,
	105.427 53.7715,
	105.427 53.8156,
	105.383 53.9037,
	105.35 54.08,
	105.306 54.1682,
	105.284 54.2563,
	105.317 54.3445,
	105.438 54.5208,
	105.482 54.5648,
	105.516 54.653,
	105.527 54.8293,
	105.516 54.9174,
	105.427 55.0937,
	105.438 55.1378,
	105.482 55.1709,
	105.659 55.1929,
	105.703 55.226,
	105.747 55.3141,
	105.769 55.4904,
	105.78 55.5345,
	105.747 55.7108,
	105.637 55.8871,
	105.593 55.9752,
	105.659 56.0634,
	105.747 56.1185,
	105.824 56.2066,
	106.011 56.5592,
	106.033 56.6033,
	106.055 56.7796,
	106.066 56.8678,
	106.044 57.0441,
	105.989 57.2204,
	105.824 57.573,
	105.747 57.7493,
	105.736 57.8374,
	105.725 57.8705,
	105.769 57.9586,
	105.945 58.1129,
	106.044 58.2892,
	106.111 58.4655,
	106.122 58.6418,
	106.077 58.9944,
	106.044 59.1707,
	105.945 59.347,
	105.791 59.6996,
	105.714 60.0522,
	105.703 60.1403,
	105.637 60.3166,
	105.615 60.3607,
	105.604 60.4489,
	105.571 60.537,
	105.516 60.6252,
	105.482 60.7133,
	105.516 60.8896,
	105.538 60.9337,
	105.46 61.11,
	105.405 61.1981,
	105.438 61.2863,
	105.449 61.3304,
	105.427 61.4185,
	105.405 61.4626,
	105.416 61.6389,
	105.405 61.8152,
	105.339 62.1678,
	105.317 62.3441,
	105.306 62.4322,
	105.35 62.5204,
	105.372 62.5645,
	105.361 62.6526,
	105.273 62.7408,
	105.229 62.8289,
	105.185 63.0052,
	105.207 63.0934,
	105.295 63.2697,
	105.339 63.3578,
	105.427 63.446,
	105.604 63.5561,
	105.692 63.6002,
	105.736 63.6333,
	105.78 63.7214,
	105.846 63.8096,
	105.89 63.8977,
	106.21 64.2503,
	106.265 64.3385,
	106.287 64.4266,
	106.265 64.5148,
	106.254 64.5588,
	106.276 64.647,
	106.276 64.7351,
	106.232 64.9114,
	106.243 65.264,
	106.21 65.6166,
	106.199 65.7048,
	106.276 65.8811,
	106.265 65.9252,
	106.298 66.0133,
	106.397 66.1896,
	106.441 66.3659,
	106.441 66.41,
	106.364 66.5863,
	106.397 66.7626,
	106.254 66.9389,
	106.232 66.972,
	106.276 67.0601,
	106.254 67.4127,
	106.309 67.7653,
	106.342 67.9416,
	106.353 68.1179,
	106.309 68.2942,
	106.287 68.3383,
	106.199 68.4154,
	106.155 68.4374,
	106.111 68.4815,
	106.077 68.6578,
	106.066 68.8341,
	106.011 69.0104,
	105.967 69.0545,
	105.923 69.0765,
	105.78 69.2528,
	105.703 69.341,
	105.615 69.3961,
	105.527 69.4291,
	105.438 69.4842,
	105.35 69.5724,
	105.284 69.6605,
	105.24 69.7487,
	105.185 70.1013,
	105.152 70.1894,
	105.13 70.2335,
	104.954 70.3437,
	104.887 70.4318,
	104.81 70.6081,
	104.689 70.9607,
	104.601 71.137,
	104.524 71.2252,
	104.348 71.3574,
	104.259 71.3905,
	104.083 71.3464,
	103.907 71.3354,
	103.819 71.3574,
	103.73 71.3574,
	103.642 71.4125,
	103.609 71.4345,
	103.675 71.5227,
	103.686 71.6108,
	103.686 71.6549,
	103.653 71.699,
	103.742 71.7321,
	103.83 71.7982,
	103.885 71.8863,
	103.896 71.9745,
	103.863 72.0626,
	103.786 72.1508,
	103.697 72.1948,
	103.521 72.1287,
	103.433 72.0847,
	103.356 71.9965,
	103.323 71.9524,
	103.323 71.9084,
	103.301 71.8643,
	103.29 71.8533,
	103.268 71.8753,
	103.29 72.0516,
	103.279 72.2279,
	103.224 72.4042,
	103.191 72.4923,
	103.113 72.5805,
	102.761 72.8009,
	102.673 72.8339,
	102.585 72.8229,
	102.54 72.8009,
	102.364 72.867,
	102.188 72.9,
	102.144 72.9111,
	102.056 72.878,
	101.967 72.9111,
	101.791 72.9331,
	101.747 72.9441,
	101.571 72.9,
	101.527 72.889,
	101.439 72.9221,
	101.395 72.9441,
	101.35 72.9441,
	101.306 72.9662,
	101.13 72.9551,
	101.086 72.9441,
	101.042 72.9,
	100.954 72.856,
	100.91 72.8449,
	100.733 72.9,
	100.689 72.9221,
	100.667 72.9221,
	100.623 72.9551,
	100.447 72.9882,
	100.359 72.9882,
	100.182 72.9441,
	100.006 72.8449,
	99.918 72.7899,
	99.8299 72.7568,
	99.7858 72.7458,
	99.7637 72.7458,
	99.6756 72.8229,
	99.5874 72.8229,
	99.5434 72.8229,
	99.4993 72.7788,
	99.4773 72.6907,
	99.4883 72.6025,
	99.4552 72.5144,
	99.4332 72.1618,
	99.3891 72.0736,
	99.345 71.8973,
	99.3561 71.721,
	99.3561 71.6329,
	99.323 71.5447,
	99.2348 71.4566,
	99.0585 71.104,
	99.0475 71.0158,
	99.0696 70.9277,
	98.9924 70.7514,
	98.9704 70.7073,
	98.8822 70.6302,
	98.7941 70.5751,
	98.6288 70.3988,
	98.5296 70.2225,
	98.4856 70.1343,
	98.4746 70.0462,
	98.4856 69.958,
	98.4635 69.8699,
	98.4856 69.7817,
	98.4856 69.7377,
	98.3093 69.5834,
	98.122 69.2308,
	97.9897 69.0545,
	97.9457 68.9663,
	97.8685 68.6137,
	97.7694 68.4374,
	97.5931 68.2722,
	97.5159 68.184,
	97.4718 68.1399,
	97.4168 68.0518,
	97.3837 67.9636,
	97.3506 67.611,
	97.2735 67.4347,
	97.1743 67.2584,
	97.1413 67.2144,
	97.0972 67.0381,
	96.9319 66.6855,
	96.8658 66.5092,
	96.8438 66.421,
	96.7446 66.2447,
	96.6234 66.0684,
	96.5353 66.0133,
	96.4912 65.9913,
	96.37 65.815,
	96.359 65.7268,
	96.359 65.6828,
	96.359 65.6607,
	"/>
</Transform>

<Transform dim="0"
 xcoef=" 0 1 0 0 0 0"
 ycoef=" 0 0 1 0 0 0">
<Contour name="TB3_nucleus02_cw" hidden="false" closed="true" simplified="true" border="1 1 1" fill="1 1 1" mode="15"
 points="97.536 64.3059,
	97.6161 64.1777,
	97.6321 64.0496,
	97.6402 64.0175,
	97.7603 63.9134,
	97.7923 63.8814,
	97.8244 63.8173,
	97.8324 63.6892,
	97.8324 63.6251,
	97.8083 63.4969,
	97.8003 63.4329,
	97.8244 63.3047,
	97.8964 63.1766,
	97.9525 63.0484,
	97.9685 63.0164,
	97.9685 62.9523,
	97.9205 62.8242,
	97.9205 62.7601,
	97.9765 62.696,
	98.0086 62.664,
	98.0246 62.6319,
	98.0166 62.5679,
	98.0086 62.5358,
	98.0246 62.4718,
	98.0887 62.4157,
	98.1207 62.4157,
	98.1848 62.3917,
	98.2969 62.2715,
	98.3289 62.2075,
	98.345 62.1434,
	98.345 62.0793,
	98.377 62.0152,
	98.4331 61.9592,
	98.4731 61.8951,
	98.4731 61.8631,
	98.5372 61.799,
	98.6333 61.6708,
	98.6573 61.6388,
	98.7855 61.5587,
	98.8495 61.5347,
	98.8816 61.5187,
	98.9136 61.4866,
	98.9216 61.4226,
	98.9457 61.3585,
	99.0738 61.3264,
	99.1058 61.3184,
	99.234 61.2463,
	99.3621 61.1903,
	99.4262 61.1743,
	99.4903 61.1743,
	99.5544 61.1502,
	99.6184 61.1102,
	99.6505 61.0782,
	99.6665 61.0461,
	99.6665 61.0301,
	99.6825 61.0141,
	99.6825 60.9981,
	99.7466 60.942,
	99.8106 60.918,
	99.8747 60.926,
	99.9068 60.942,
	99.9388 60.942,
	100.003 60.8859,
	100.035 60.8779,
	100.051 60.8699,
	100.179 60.902,
	100.307 60.966,
	100.371 61.0061,
	100.435 60.9981,
	100.499 61.0141,
	100.564 61.0621,
	100.62 61.1262,
	100.652 61.1422,
	100.684 61.1422,
	100.716 61.1582,
	100.772 61.2223,
	100.788 61.2544,
	100.852 61.3104,
	100.98 61.3985,
	101.012 61.4226,
	101.052 61.4866,
	101.084 61.5187,
	101.148 61.5347,
	101.212 61.5267,
	101.276 61.5347,
	101.404 61.5827,
	101.469 61.6228,
	101.589 61.7429,
	101.653 61.775,
	101.685 61.791,
	101.813 61.807,
	101.877 61.831,
	101.989 61.9512,
	102.053 61.9992,
	102.181 62.0232,
	102.245 62.0072,
	102.277 61.9832,
	102.342 61.9912,
	102.374 61.9992,
	102.406 62.0232,
	102.47 62.1514,
	102.598 62.2555,
	102.662 62.2635,
	102.694 62.2715,
	102.758 62.3196,
	102.846 62.4397,
	102.862 62.4718,
	102.846 62.5358,
	102.838 62.5438,
	102.854 62.672,
	102.95 62.9283,
	103.006 63.0564,
	103.046 63.1205,
	103.078 63.1525,
	103.11 63.1686,
	103.126 63.1686,
	103.191 63.2166,
	103.319 63.2727,
	103.383 63.3047,
	103.503 63.4249,
	103.519 63.4569,
	103.583 63.521,
	103.647 63.561,
	103.703 63.6251,
	103.719 63.6892,
	103.711 63.7212,
	103.687 63.7452,
	103.655 63.7532,
	103.647 63.7853,
	103.655 63.8493,
	103.687 63.9134,
	103.695 63.9775,
	103.671 64.1056,
	103.599 64.3619,
	103.583 64.426,
	103.575 64.458,
	103.583 64.4901,
	103.551 64.5541,
	103.495 64.6182,
	103.495 64.6823,
	103.455 64.7464,
	103.431 64.7784,
	103.447 64.9066,
	103.439 64.9386,
	103.367 65.0667,
	103.383 65.1308,
	103.327 65.259,
	103.239 65.3871,
	103.126 65.4992,
	103.046 65.6274,
	103.022 65.7555,
	103.014 65.8196,
	102.982 65.8837,
	102.878 66.0118,
	102.814 66.0519,
	102.79 66.1159,
	102.702 66.2361,
	102.59 66.3562,
	102.526 66.3722,
	102.494 66.3883,
	102.47 66.4523,
	102.438 66.4764,
	102.422 66.4764,
	102.39 66.5084,
	102.334 66.6365,
	102.269 66.7006,
	102.205 66.7487,
	102.141 66.7727,
	102.109 66.7887,
	102.093 66.8208,
	102.085 66.8848,
	102.085 66.9008,
	102.021 66.9489,
	101.957 66.9649,
	101.829 67.069,
	101.765 67.1091,
	101.637 67.1251,
	101.573 67.1491,
	101.541 67.1571,
	101.477 67.2132,
	101.437 67.3414,
	101.429 67.4054,
	101.364 67.4375,
	101.3 67.4375,
	101.268 67.4375,
	101.14 67.4935,
	101.012 67.5256,
	100.996 67.5256,
	100.9 67.6457,
	100.868 67.6777,
	100.804 67.7098,
	100.676 67.6857,
	100.644 67.6777,
	100.628 67.6697,
	100.564 67.7098,
	100.499 67.7178,
	100.435 67.7098,
	100.307 67.7498,
	100.243 67.7578,
	100.211 67.7658,
	100.147 67.8219,
	100.091 67.8619,
	100.059 67.878,
	99.9949 67.878,
	99.9308 67.8619,
	99.8026 67.7498,
	99.7706 67.7338,
	99.6425 67.7418,
	99.5784 67.7658,
	99.5624 67.7658,
	99.5463 67.7819,
	99.4182 67.8059,
	99.3541 67.8059,
	99.226 67.8459,
	99.1619 67.8459,
	98.9056 67.7578,
	98.8415 67.7338,
	98.7214 67.6297,
	98.6013 67.5576,
	98.5372 67.5496,
	98.4731 67.5176,
	98.417 67.4615,
	98.345 67.2052,
	98.3049 67.1411,
	98.2729 67.1251,
	98.2088 67.1171,
	98.1768 67.1091,
	98.1207 67.053,
	98.0086 66.7967,
	98.0006 66.7647,
	97.9845 66.7487,
	97.9205 66.4924,
	97.8964 66.4283,
	97.8804 66.3963,
	97.8164 66.3402,
	97.7843 66.2761,
	97.7683 66.2121,
	97.7683 66.148,
	97.7523 66.0839,
	97.7443 66.0519,
	97.7042 65.9878,
	97.6562 65.8596,
	97.6482 65.7956,
	97.6642 65.6674,
	97.6562 65.5393,
	97.6161 65.4111,
	97.6081 65.3471,
	97.6402 65.2189,
	97.6482 65.0908,
	97.6081 64.8345,
	97.6001 64.7704,
	97.5521 64.6423,
	97.536 64.5782,
	97.544 64.5141,
	97.5601 64.4821,
	97.5601 64.418,
	97.536 64.3539,
	97.536 64.3219,
	97.536 64.3139,
	"/>
</Transform>

<Transform dim="0"
 xcoef=" 0 1 0 0 0 0"
 ycoef=" 0 0 1 0 0 0">
<Contour name="TB3_TC02_T2dying_cw" hidden="false" closed="true" simplified="true" border="0.322 0.773 1" fill="0.322 0.773 1" mode="15"
 points="105.184 62.932,
	105.205 62.8904,
	105.205 62.8697,
	105.267 62.7969,
	105.288 62.7762,
	105.309 62.7762,
	105.351 62.745,
	105.392 62.7346,
	105.475 62.7658,
	105.61 62.9216,
	105.683 63.0878,
	105.704 63.1293,
	105.714 63.2124,
	105.714 63.254,
	105.683 63.337,
	105.621 63.4201,
	105.538 63.4928,
	105.496 63.4928,
	105.475 63.4721,
	105.486 63.4617,
	105.444 63.4513,
	105.371 63.389,
	105.351 63.3474,
	105.309 63.3059,
	105.288 63.2643,
	105.267 63.2436,
	105.205 63.0774,
	105.184 62.9943,
	105.184 62.9527,
	105.184 62.9424,
	"/>
<Contour name="TB3_TC02_T2dying_cw" hidden="false" closed="true" simplified="true" border="0.322 0.773 1" fill="0.322 0.773 1" mode="15"
 points="105.558 60.6781,
	105.683 60.0134,
	105.745 59.8472,
	105.932 59.5148,
	106.005 59.4421,
	106.088 59.3902,
	106.109 59.3902,
	106.181 59.4629,
	106.213 59.546,
	106.223 59.6291,
	106.13 59.7952,
	106.078 59.8783,
	105.963 60.2107,
	105.911 60.2938,
	105.891 60.3353,
	105.818 60.408,
	105.766 60.4911,
	105.745 60.5742,
	105.735 60.595,
	105.745 60.6781,
	105.724 60.7612,
	105.673 60.8443,
	105.631 60.8651,
	105.621 60.8962,
	105.579 60.8651,
	105.558 60.8339,
	105.569 60.8235,
	105.579 60.8339,
	105.558 60.7508,
	105.558 60.7093,
	105.558 60.6885,
	"/>
</Transform>

</Section>