<?xml version="1.0"?>
<!DOCTYPE Section SYSTEM "section.dtd">

<Section index="600" thickness="0.085" alignLocked="true">
<Transform dim="0"
 xcoef=" 0 1 0 0 0 0"
 ycoef=" 0 0 1 0 0 0">
<Image mag="0.00855" contrast="1" brightness="0" red="true" green="true" blue="true"
 src="Aligned 633600.tif" />
<Contour name="domain1" hidden="false" closed="true" simplified="false" border="1 0 1" fill="1 0 1" mode="11"
 points="0 0,
	15991 0,
	15991 12171,
	0 12171,
	"/>
</Transform>

<Transform dim="0"
 xcoef=" 0 1 0 0 0 0"
 ycoef=" 0 0 1 0 0 0">
<Contour name="TB2 Nucleus_75" hidden="false" closed="true" simplified="true" border="1 0 0" fill="1 0 0" mode="9"
 points="70.8226 56.8745,
	70.8535 56.7508,
	70.9617 56.5034,
	70.9927 56.3797,
	71.1318 56.1323,
	71.3329 55.9003,
	71.3329 55.8694,
	71.4256 55.7457,
	71.5184 55.6529,
	71.5803 55.5292,
	71.6731 55.0344,
	71.704 55.0035,
	71.7349 54.8798,
	71.7658 54.8488,
	71.8432 54.6014,
	71.9514 54.354,
	71.9978 54.2921,
	72.0133 54.2303,
	72.0442 54.1994,
	72.1524 53.952,
	72.1834 53.8901,
	72.1834 53.8592,
	72.3534 53.6272,
	72.4772 53.519,
	72.539 53.488,
	72.5699 53.488,
	72.6473 53.3643,
	72.6627 53.3025,
	72.8328 53.0705,
	72.9411 52.9623,
	73.0648 52.9314,
	73.1885 52.9314,
	73.2194 52.9468,
	73.2658 52.9004,
	73.2813 52.653,
	73.3276 52.5293,
	73.405 52.4211,
	73.4668 52.4056,
	73.5287 52.3592,
	73.7761 52.2664,
	73.8379 52.22,
	73.8689 52.22,
	74.1163 52.0654,
	74.1781 52.019,
	74.24 52.019,
	74.3637 52.1118,
	74.4719 52.3592,
	74.5183 52.4829,
	74.5802 52.5448,
	74.6575 52.7922,
	74.7194 52.9159,
	74.9668 53.1015,
	75.0132 53.1633,
	75.0596 53.4107,
	75.075 53.4726,
	75.0441 53.5963,
	75.0286 53.6581,
	74.8276 53.9056,
	74.7503 54.0293,
	74.7039 54.153,
	74.6884 54.4004,
	74.7194 54.8952,
	74.7657 55.1426,
	74.7967 55.2045,
	74.7967 55.2354,
	74.8276 55.2663,
	74.8276 55.2973,
	75.0596 55.5138,
	75.1678 55.6375,
	75.2451 55.7612,
	75.276 55.7921,
	75.3224 56.0395,
	75.2915 56.1632,
	75.2915 56.2251,
	75.2451 56.3488,
	75.2296 56.5962,
	75.1369 56.8436,
	75.0905 57.091,
	75.0596 57.2147,
	75.0596 57.3384,
	74.9977 57.5859,
	74.8431 57.8333,
	74.642 58.0498,
	74.5183 58.1116,
	74.4565 58.1735,
	74.3946 58.2972,
	74.3482 58.5446,
	74.3482 59.5343,
	74.3173 60.0291,
	74.3482 60.5239,
	74.3482 60.7713,
	74.3018 61.0187,
	74.3018 61.1425,
	74.2555 61.2662,
	74.1627 61.3899,
	74.1317 61.4517,
	74.0699 61.5136,
	74.039 61.5445,
	73.9153 61.5445,
	73.8534 61.529,
	73.7297 61.4517,
	73.6369 61.3435,
	73.5132 61.2352,
	73.3895 61.1579,
	73.2658 61.1425,
	73.1421 61.1579,
	73.0184 61.2352,
	72.9101 61.3589,
	72.8019 61.6064,
	72.7555 61.6527,
	72.6318 61.6682,
	72.3844 61.5909,
	72.1524 61.4517,
	72.106 61.3899,
	72.0133 61.1425,
	71.9514 61.0187,
	71.8895 60.7713,
	71.8432 60.6476,
	71.7349 60.5239,
	71.6112 60.4466,
	71.4875 60.4311,
	71.4256 60.4157,
	71.3947 60.4157,
	71.3638 60.3847,
	71.3019 60.1373,
	71.3019 60.0136,
	71.2092 59.5188,
	71.2246 59.024,
	71.1628 58.7765,
	71.1164 58.6528,
	70.9617 58.4054,
	70.8844 57.9106,
	70.838 57.6632,
	70.838 57.1683,
	70.8226 56.9209,
	70.8226 56.89,
	"/>
</Transform>

<Transform dim="0"
 xcoef=" 0 1 0 0 0 0"
 ycoef=" 0 0 1 0 0 0">
<Contour name="TB2 Nucleus_53" hidden="false" closed="true" simplified="true" border="1 0 0" fill="1 0 0" mode="9"
 points="70.0652 47.1287,
	70.1549 46.9493,
	70.2894 46.7699,
	70.4688 46.5906,
	70.6033 46.4336,
	71.3208 46.03,
	71.5001 45.9179,
	71.6795 45.8731,
	72.0382 45.8731,
	72.2176 45.9404,
	72.24 46.03,
	72.0831 46.1421,
	71.9261 46.2991,
	71.9261 46.3439,
	71.971 46.3888,
	72.1503 46.3664,
	72.3297 46.2991,
	73.0472 46.456,
	73.0696 46.4785,
	73.1593 46.456,
	73.249 46.4785,
	73.4283 46.5906,
	73.4956 46.6802,
	73.4732 46.8596,
	73.4059 46.9493,
	73.3611 46.9941,
	73.1817 47.0166,
	73.1144 47.1062,
	73.3387 47.465,
	73.3162 47.6443,
	73.1144 48.0031,
	72.9351 48.1152,
	72.2176 48.2721,
	71.8813 47.9807,
	71.7019 47.9582,
	71.5226 47.9807,
	71.4329 47.9807,
	71.2535 48.0479,
	71.0966 48.2049,
	71.0517 48.2945,
	70.962 48.3618,
	70.9396 48.4066,
	70.962 48.4515,
	70.8948 48.5188,
	70.8499 48.4515,
	70.6706 48.317,
	70.5585 48.1376,
	70.4239 47.7789,
	70.11 47.4201,
	70.0652 47.3304,
	70.0652 47.1511,
	"/>
</Transform>

<Transform dim="0"
 xcoef=" 0 1 0 0 0 0"
 ycoef=" 0 0 1 0 0 0">
<Contour name="TB2 NF_24" hidden="true" closed="true" simplified="true" border="1 0.501961 0.25098" fill="1 0.501961 0.25098" mode="-9"
 points="99.3041 13.9093,
	99.4602 13.5526,
	99.6385 13.4189,
	99.8168 13.352,
	99.906 13.3297,
	99.9951 13.352,
	100.151 13.508,
	100.173 13.6864,
	100.129 13.8647,
	100.04 14.043,
	99.8614 14.199,
	99.7722 14.2882,
	99.6831 14.3328,
	99.5047 14.3328,
	99.4156 14.3328,
	99.3041 14.1545,
	99.3041 13.9761,
	99.3041 13.9316,
	"/>
</Transform>

<Transform dim="0"
 xcoef=" 0 1 0 0 0 0"
 ycoef=" 0 0 1 0 0 0">
<Contour name="TB2 NF_24_cw" hidden="false" closed="true" simplified="true" border="1 0.5 0" fill="1 0.682353 0.368627" mode="15"
 points="99.1313 13.7459,
	99.1506 13.6842,
	99.166 13.6533,
	99.1737 13.6379,
	99.2007 13.6109,
	99.2239 13.5491,
	99.2393 13.5183,
	99.2432 13.5028,
	99.2663 13.4719,
	99.2972 13.4449,
	99.3589 13.4063,
	99.3898 13.3832,
	99.4516 13.3485,
	99.5751 13.2983,
	99.6059 13.2906,
	99.6214 13.2828,
	99.6368 13.2828,
	99.6985 13.2636,
	99.7294 13.2597,
	99.8529 13.2172,
	99.9147 13.2172,
	99.9455 13.2211,
	99.961 13.2211,
	100.023 13.1902,
	100.146 13.1478,
	100.177 13.1439,
	100.208 13.1478,
	100.223 13.1478,
	100.285 13.1671,
	100.301 13.1709,
	100.331 13.1902,
	100.362 13.2172,
	100.378 13.2481,
	100.389 13.2636,
	100.397 13.2944,
	100.393 13.306,
	100.397 13.3214,
	100.385 13.3523,
	100.347 13.4141,
	100.297 13.4719,
	100.266 13.4912,
	100.235 13.5183,
	100.223 13.5337,
	100.208 13.5414,
	100.177 13.5453,
	100.162 13.5491,
	100.146 13.5607,
	100.131 13.5916,
	100.104 13.6224,
	100.088 13.6302,
	100.027 13.6263,
	99.9957 13.6263,
	99.9803 13.6263,
	99.9494 13.6417,
	99.9378 13.6572,
	99.9339 13.688,
	99.9455 13.7498,
	100.05 13.8656,
	100.065 13.881,
	100.096 13.8771,
	100.111 13.8733,
	100.142 13.8501,
	100.173 13.8617,
	100.196 13.8887,
	100.204 13.9505,
	100.189 14.0122,
	100.185 14.0431,
	100.181 14.0585,
	100.185 14.0662,
	100.162 14.0932,
	100.146 14.1087,
	100.084 14.1473,
	100.023 14.1743,
	99.961 14.1859,
	99.9532 14.1936,
	99.9224 14.2052,
	99.8915 14.2245,
	99.8761 14.236,
	99.8606 14.2669,
	99.7564 14.3865,
	99.7256 14.4097,
	99.7178 14.4213,
	99.687 14.4483,
	99.6715 14.4599,
	99.6407 14.4676,
	99.6252 14.4676,
	99.6098 14.4599,
	99.5944 14.4599,
	99.5635 14.4483,
	99.5558 14.4483,
	99.5403 14.4367,
	99.5249 14.4328,
	99.4631 14.3865,
	99.4361 14.3557,
	99.413 14.3325,
	99.3628 14.2746,
	99.3049 14.2167,
	99.2702 14.155,
	99.2509 14.0932,
	99.2625 14.0624,
	99.2663 14.0547,
	99.2548 14.0238,
	99.2355 13.9929,
	99.2239 13.962,
	99.2277 13.9003,
	99.2277 13.8849,
	99.2084 13.854,
	99.1776 13.8347,
	99.1621 13.8193,
	99.1428 13.7884,
	99.1428 13.7807,
	99.1351 13.7729,
	99.1313 13.7575,
	99.1313 13.7498,
	"/>
</Transform>

<Transform dim="0"
 xcoef=" 0 1 0 0 0 0"
 ycoef=" 0 0 1 0 0 0">
<Contour name="TB2 NF_10_cw" hidden="false" closed="true" simplified="true" border="0.808 0 0.808" fill="0.443 0 0.443" mode="15"
 points="70.9249 52.5703,
	70.9397 52.4911,
	70.9941 52.3328,
	70.9991 52.313,
	71.009 52.3031,
	71.0139 52.2636,
	71.0288 52.224,
	71.0634 52.0657,
	71.0733 52.0261,
	71.0931 51.9865,
	71.1524 51.9123,
	71.192 51.8727,
	71.2118 51.8579,
	71.2217 51.8579,
	71.2415 51.843,
	71.3207 51.8183,
	71.3404 51.8133,
	71.38 51.8183,
	71.5383 51.8628,
	71.5779 51.8777,
	71.6571 51.942,
	71.7115 52.0211,
	71.7362 52.1003,
	71.7412 52.1399,
	71.7313 52.219,
	71.7164 52.2586,
	71.6818 52.4169,
	71.662 52.4961,
	71.6274 52.5752,
	71.6076 52.6148,
	71.5977 52.6247,
	71.5928 52.6445,
	71.5631 52.6841,
	71.5532 52.7039,
	71.5136 52.7434,
	71.4344 52.8078,
	71.3949 52.8325,
	71.3553 52.8473,
	71.3157 52.8523,
	71.2959 52.8572,
	71.2168 52.8523,
	71.1376 52.9215,
	71.1178 52.9265,
	71.098 52.9215,
	71.0584 52.8869,
	71.0436 52.8671,
	71.0387 52.788,
	71.0337 52.7484,
	71.0238 52.7286,
	71.004 52.7138,
	70.9941 52.7138,
	70.9546 52.6791,
	70.9397 52.6593,
	70.9249 52.5802,
	70.9249 52.5752,
	"/>
</Transform>

<Transform dim="0"
 xcoef=" 0 1 0 0 0 0"
 ycoef=" 0 0 1 0 0 0">
<Contour name="TB2 NF_17_cw" hidden="false" closed="true" simplified="true" border="0.682 0 0" fill="1 0 0" mode="-15"
 points="66.7114 58.5216,
	66.7257 58.5073,
	66.7471 58.4502,
	66.8185 58.3359,
	66.8614 58.2788,
	66.8685 58.2502,
	66.8828 58.236,
	66.8828 58.2217,
	66.9542 58.1074,
	67.0113 57.9932,
	67.047 57.9361,
	67.0756 57.9075,
	67.1827 57.8432,
	67.2041 57.8147,
	67.197 57.7576,
	67.1756 57.729,
	67.097 57.5005,
	67.0613 57.3863,
	67.0542 57.3291,
	67.0756 57.1007,
	67.0899 57.0435,
	67.1399 56.9293,
	67.1613 56.8722,
	67.2113 56.6437,
	67.2255 56.5866,
	67.2898 56.4723,
	67.3826 56.3652,
	67.4397 56.3366,
	67.454 56.3224,
	67.5683 56.2795,
	67.5968 56.2724,
	67.654 56.2295,
	67.6682 56.201,
	67.6825 56.1867,
	67.6825 56.1724,
	67.7254 56.1153,
	67.7896 56.0011,
	67.8325 55.8868,
	67.861 55.7726,
	67.8824 55.7154,
	67.8967 55.6869,
	67.911 55.5726,
	67.9538 55.5227,
	67.9824 55.5155,
	68.0324 55.4655,
	68.061 55.4084,
	68.0681 55.3799,
	68.1109 55.3299,
	68.2252 55.3156,
	68.2823 55.3013,
	68.2966 55.287,
	68.3251 55.287,
	68.3394 55.2799,
	68.368 55.287,
	68.3965 55.3156,
	68.4394 55.4298,
	68.4108 55.6583,
	68.4037 55.7726,
	68.368 55.8868,
	68.3608 56.0011,
	68.368 56.1153,
	68.3466 56.2295,
	68.3109 56.3438,
	68.2466 56.458,
	68.2252 56.5152,
	68.218 56.5723,
	68.1681 56.6865,
	68.1466 56.8008,
	68.1395 56.8579,
	68.0895 56.9721,
	68.0538 57.0293,
	68.0324 57.0864,
	68.0395 57.2006,
	68.0467 57.2577,
	68.0253 57.4862,
	68.0181 57.5434,
	67.9824 57.6005,
	67.9396 57.6433,
	67.911 57.6719,
	67.9039 57.729,
	67.7896 57.8004,
	67.6968 57.9004,
	67.6611 57.9575,
	67.654 58.0146,
	67.6682 58.1289,
	67.654 58.2431,
	67.6397 58.3002,
	67.6325 58.3288,
	67.5897 58.3859,
	67.5611 58.393,
	67.4469 58.3431,
	67.3326 58.3573,
	67.2184 58.3216,
	67.1613 58.3431,
	67.1327 58.3645,
	67.0756 58.3788,
	67.0256 58.4145,
	67.0042 58.443,
	66.9971 58.4716,
	66.9685 58.5001,
	66.9114 58.5216,
	66.8828 58.5358,
	66.8685 58.5358,
	66.84 58.5573,
	66.7828 58.5644,
	66.7543 58.5644,
	66.7257 58.543,
	66.7257 58.5287,
	66.7186 58.5287,
	"/>
</Transform>

<Transform dim="0"
 xcoef=" 0 1 0 0 0 0"
 ycoef=" 0 0 1 0 0 0">
<Contour name="TB2 NF_17_cw" hidden="false" closed="true" simplified="true" border="0.682 0 0" fill="1 0 0" mode="-15"
 points="70.5672 53.2592,
	70.6314 53.145,
	70.6457 53.1164,
	70.6957 53.0593,
	70.7171 53.0307,
	70.7457 53.0164,
	70.8171 52.9022,
	70.9313 52.8022,
	70.9885 52.7808,
	71.017 52.7879,
	71.0313 52.8022,
	71.0384 52.8593,
	71.0456 52.8879,
	71.067 52.9165,
	71.1027 52.9379,
	71.1313 52.9236,
	71.1455 52.9093,
	71.1598 52.9093,
	71.1884 52.8808,
	71.2455 52.8593,
	71.3026 52.8593,
	71.3312 52.8665,
	71.3598 52.8522,
	71.3883 52.8522,
	71.4454 52.8236,
	71.5026 52.8308,
	71.5168 52.8451,
	71.5097 52.9022,
	71.5097 52.9165,
	71.4383 53.0307,
	71.4026 53.0878,
	71.3955 53.1164,
	71.3312 53.2306,
	71.3312 53.2449,
	71.2669 53.3592,
	71.2526 53.3877,
	71.1598 53.502,
	71.1313 53.5234,
	71.117 53.5305,
	71.0599 53.5234,
	71.0027 53.5305,
	70.9456 53.5519,
	70.9171 53.5519,
	70.9028 53.5591,
	70.7885 53.5377,
	70.7314 53.5162,
	70.6314 53.4091,
	70.5672 53.2949,
	70.5672 53.2663,
	"/>
</Transform>

<Transform dim="0"
 xcoef=" 0 1 0 0 0 0"
 ycoef=" 0 0 1 0 0 0">
<Image mag="0.00855" contrast="1" brightness="0" red="true" green="true" blue="true"
 src="..\TF21_robdata\Rob's_latest_seg_files_TF21_TB2\Aligned 633600.tif" />
<Contour name="domain1" hidden="false" closed="true" simplified="false" border="1 0 1" fill="1 0 1" mode="11"
 points="0 0,
	15991 0,
	15991 12171,
	0 12171,
	"/>
</Transform>

<Transform dim="0"
 xcoef=" 0 1 0 0 0 0"
 ycoef=" 0 0 1 0 0 0">
<Contour name="TB2 Nucleus_75" hidden="false" closed="true" simplified="true" border="1 0 0" fill="1 0 0" mode="9"
 points="70.8226 56.8745,
	70.8535 56.7508,
	70.9617 56.5034,
	70.9927 56.3797,
	71.1318 56.1323,
	71.3329 55.9003,
	71.3329 55.8694,
	71.4256 55.7457,
	71.5184 55.6529,
	71.5803 55.5292,
	71.6731 55.0344,
	71.704 55.0035,
	71.7349 54.8798,
	71.7658 54.8488,
	71.8432 54.6014,
	71.9514 54.354,
	71.9978 54.2921,
	72.0133 54.2303,
	72.0442 54.1994,
	72.1524 53.952,
	72.1834 53.8901,
	72.1834 53.8592,
	72.3534 53.6272,
	72.4772 53.519,
	72.539 53.488,
	72.5699 53.488,
	72.6473 53.3643,
	72.6627 53.3025,
	72.8328 53.0705,
	72.9411 52.9623,
	73.0648 52.9314,
	73.1885 52.9314,
	73.2194 52.9468,
	73.2658 52.9004,
	73.2813 52.653,
	73.3276 52.5293,
	73.405 52.4211,
	73.4668 52.4056,
	73.5287 52.3592,
	73.7761 52.2664,
	73.8379 52.22,
	73.8689 52.22,
	74.1163 52.0654,
	74.1781 52.019,
	74.24 52.019,
	74.3637 52.1118,
	74.4719 52.3592,
	74.5183 52.4829,
	74.5802 52.5448,
	74.6575 52.7922,
	74.7194 52.9159,
	74.9668 53.1015,
	75.0132 53.1633,
	75.0596 53.4107,
	75.075 53.4726,
	75.0441 53.5963,
	75.0286 53.6581,
	74.8276 53.9056,
	74.7503 54.0293,
	74.7039 54.153,
	74.6884 54.4004,
	74.7194 54.8952,
	74.7657 55.1426,
	74.7967 55.2045,
	74.7967 55.2354,
	74.8276 55.2663,
	74.8276 55.2973,
	75.0596 55.5138,
	75.1678 55.6375,
	75.2451 55.7612,
	75.276 55.7921,
	75.3224 56.0395,
	75.2915 56.1632,
	75.2915 56.2251,
	75.2451 56.3488,
	75.2296 56.5962,
	75.1369 56.8436,
	75.0905 57.091,
	75.0596 57.2147,
	75.0596 57.3384,
	74.9977 57.5859,
	74.8431 57.8333,
	74.642 58.0498,
	74.5183 58.1116,
	74.4565 58.1735,
	74.3946 58.2972,
	74.3482 58.5446,
	74.3482 59.5343,
	74.3173 60.0291,
	74.3482 60.5239,
	74.3482 60.7713,
	74.3018 61.0187,
	74.3018 61.1425,
	74.2555 61.2662,
	74.1627 61.3899,
	74.1317 61.4517,
	74.0699 61.5136,
	74.039 61.5445,
	73.9153 61.5445,
	73.8534 61.529,
	73.7297 61.4517,
	73.6369 61.3435,
	73.5132 61.2352,
	73.3895 61.1579,
	73.2658 61.1425,
	73.1421 61.1579,
	73.0184 61.2352,
	72.9101 61.3589,
	72.8019 61.6064,
	72.7555 61.6527,
	72.6318 61.6682,
	72.3844 61.5909,
	72.1524 61.4517,
	72.106 61.3899,
	72.0133 61.1425,
	71.9514 61.0187,
	71.8895 60.7713,
	71.8432 60.6476,
	71.7349 60.5239,
	71.6112 60.4466,
	71.4875 60.4311,
	71.4256 60.4157,
	71.3947 60.4157,
	71.3638 60.3847,
	71.3019 60.1373,
	71.3019 60.0136,
	71.2092 59.5188,
	71.2246 59.024,
	71.1628 58.7765,
	71.1164 58.6528,
	70.9617 58.4054,
	70.8844 57.9106,
	70.838 57.6632,
	70.838 57.1683,
	70.8226 56.9209,
	70.8226 56.89,
	"/>
</Transform>

<Transform dim="0"
 xcoef=" 0 1 0 0 0 0"
 ycoef=" 0 0 1 0 0 0">
<Contour name="TB2 Nucleus_53" hidden="false" closed="true" simplified="true" border="1 0 0" fill="1 0 0" mode="9"
 points="70.0652 47.1287,
	70.1549 46.9493,
	70.2894 46.7699,
	70.4688 46.5906,
	70.6033 46.4336,
	71.3208 46.03,
	71.5001 45.9179,
	71.6795 45.8731,
	72.0382 45.8731,
	72.2176 45.9404,
	72.24 46.03,
	72.0831 46.1421,
	71.9261 46.2991,
	71.9261 46.3439,
	71.971 46.3888,
	72.1503 46.3664,
	72.3297 46.2991,
	73.0472 46.456,
	73.0696 46.4785,
	73.1593 46.456,
	73.249 46.4785,
	73.4283 46.5906,
	73.4956 46.6802,
	73.4732 46.8596,
	73.4059 46.9493,
	73.3611 46.9941,
	73.1817 47.0166,
	73.1144 47.1062,
	73.3387 47.465,
	73.3162 47.6443,
	73.1144 48.0031,
	72.9351 48.1152,
	72.2176 48.2721,
	71.8813 47.9807,
	71.7019 47.9582,
	71.5226 47.9807,
	71.4329 47.9807,
	71.2535 48.0479,
	71.0966 48.2049,
	71.0517 48.2945,
	70.962 48.3618,
	70.9396 48.4066,
	70.962 48.4515,
	70.8948 48.5188,
	70.8499 48.4515,
	70.6706 48.317,
	70.5585 48.1376,
	70.4239 47.7789,
	70.11 47.4201,
	70.0652 47.3304,
	70.0652 47.1511,
	"/>
</Transform>

<Transform dim="0"
 xcoef=" 0 1 0 0 0 0"
 ycoef=" 0 0 1 0 0 0">
<Contour name="TB2 NF_24" hidden="true" closed="true" simplified="true" border="1 0.501961 0.25098" fill="1 0.501961 0.25098" mode="-9"
 points="99.3041 13.9093,
	99.4602 13.5526,
	99.6385 13.4189,
	99.8168 13.352,
	99.906 13.3297,
	99.9951 13.352,
	100.151 13.508,
	100.173 13.6864,
	100.129 13.8647,
	100.04 14.043,
	99.8614 14.199,
	99.7722 14.2882,
	99.6831 14.3328,
	99.5047 14.3328,
	99.4156 14.3328,
	99.3041 14.1545,
	99.3041 13.9761,
	99.3041 13.9316,
	"/>
</Transform>

<Transform dim="0"
 xcoef=" 0 1 0 0 0 0"
 ycoef=" 0 0 1 0 0 0">
<Contour name="TB2 NF_24_cw" hidden="false" closed="true" simplified="true" border="1 0.5 0" fill="1 0.682353 0.368627" mode="15"
 points="99.1313 13.7459,
	99.1506 13.6842,
	99.166 13.6533,
	99.1737 13.6379,
	99.2007 13.6109,
	99.2239 13.5491,
	99.2393 13.5183,
	99.2432 13.5028,
	99.2663 13.4719,
	99.2972 13.4449,
	99.3589 13.4063,
	99.3898 13.3832,
	99.4516 13.3485,
	99.5751 13.2983,
	99.6059 13.2906,
	99.6214 13.2828,
	99.6368 13.2828,
	99.6985 13.2636,
	99.7294 13.2597,
	99.8529 13.2172,
	99.9147 13.2172,
	99.9455 13.2211,
	99.961 13.2211,
	100.023 13.1902,
	100.146 13.1478,
	100.177 13.1439,
	100.208 13.1478,
	100.223 13.1478,
	100.285 13.1671,
	100.301 13.1709,
	100.331 13.1902,
	100.362 13.2172,
	100.378 13.2481,
	100.389 13.2636,
	100.397 13.2944,
	100.393 13.306,
	100.397 13.3214,
	100.385 13.3523,
	100.347 13.4141,
	100.297 13.4719,
	100.266 13.4912,
	100.235 13.5183,
	100.223 13.5337,
	100.208 13.5414,
	100.177 13.5453,
	100.162 13.5491,
	100.146 13.5607,
	100.131 13.5916,
	100.104 13.6224,
	100.088 13.6302,
	100.027 13.6263,
	99.9957 13.6263,
	99.9803 13.6263,
	99.9494 13.6417,
	99.9378 13.6572,
	99.9339 13.688,
	99.9455 13.7498,
	100.05 13.8656,
	100.065 13.881,
	100.096 13.8771,
	100.111 13.8733,
	100.142 13.8501,
	100.173 13.8617,
	100.196 13.8887,
	100.204 13.9505,
	100.189 14.0122,
	100.185 14.0431,
	100.181 14.0585,
	100.185 14.0662,
	100.162 14.0932,
	100.146 14.1087,
	100.084 14.1473,
	100.023 14.1743,
	99.961 14.1859,
	99.9532 14.1936,
	99.9224 14.2052,
	99.8915 14.2245,
	99.8761 14.236,
	99.8606 14.2669,
	99.7564 14.3865,
	99.7256 14.4097,
	99.7178 14.4213,
	99.687 14.4483,
	99.6715 14.4599,
	99.6407 14.4676,
	99.6252 14.4676,
	99.6098 14.4599,
	99.5944 14.4599,
	99.5635 14.4483,
	99.5558 14.4483,
	99.5403 14.4367,
	99.5249 14.4328,
	99.4631 14.3865,
	99.4361 14.3557,
	99.413 14.3325,
	99.3628 14.2746,
	99.3049 14.2167,
	99.2702 14.155,
	99.2509 14.0932,
	99.2625 14.0624,
	99.2663 14.0547,
	99.2548 14.0238,
	99.2355 13.9929,
	99.2239 13.962,
	99.2277 13.9003,
	99.2277 13.8849,
	99.2084 13.854,
	99.1776 13.8347,
	99.1621 13.8193,
	99.1428 13.7884,
	99.1428 13.7807,
	99.1351 13.7729,
	99.1313 13.7575,
	99.1313 13.7498,
	"/>
</Transform>

<Transform dim="0"
 xcoef=" 0 1 0 0 0 0"
 ycoef=" 0 0 1 0 0 0">
<Image mag="0.00855" contrast="1" brightness="0" red="true" green="true" blue="true"
 src="Aligned 633600.tif" />
<Contour name="a1" hidden="false" closed="true" simplified="false" border="1 0.5 0" fill="1 0.5 0" mode="11"
 points="0 0,
	15991 0,
	15991 12171,
	0 12171,
	"/>
</Transform>

<Transform dim="0"
 xcoef=" 0 1 0 0 0 0"
 ycoef=" 0 0 1 0 0 0">
<Contour name="TB3_tastebud_outline_cw" hidden="false" closed="true" simplified="true" border="0.752941 0.752941 0.752941" fill="0.752941 0.752941 0.752941" mode="15"
 points="88.5214 65.3002,
	89.0146 62.6701,
	89.4255 61.3551,
	89.9187 60.6976,
	90.0831 60.3688,
	91.3981 59.136,
	92.0556 58.5606,
	92.7131 58.2319,
	94.0282 58.1497,
	95.3432 58.6428,
	96.0008 58.8894,
	96.6583 59.4647,
	97.3158 59.7935,
	98.6309 60.2044,
	99.2884 60.2866,
	99.9459 60.0401,
	100.603 59.3825,
	101.014 58.0675,
	101.097 57.41,
	100.85 56.0949,
	100.439 54.7799,
	100.275 53.4648,
	100.192 52.8073,
	100.357 51.4922,
	100.439 50.8347,
	100.521 50.506,
	100.439 50.1772,
	100.85 47.5471,
	101.672 44.917,
	102.001 44.2595,
	102.165 43.9307,
	102.823 43.1088,
	104.055 42.0404,
	104.713 41.6294,
	105.042 41.465,
	105.206 41.465,
	105.37 41.3006,
	105.699 41.2184,
	107.014 40.3965,
	108.329 39.3281,
	109.398 38.1774,
	110.055 37.5199,
	110.631 37.0267,
	111.864 35.7117,
	112.768 34.3966,
	113.343 33.7391,
	114.083 32.4241,
	115.151 31.109,
	115.398 30.7803,
	115.562 30.6159,
	115.809 30.6159,
	116.548 31.9309,
	118.685 34.561,
	119.178 35.2185,
	119.343 35.5473,
	120.576 36.8624,
	122.713 39.4924,
	123.535 40.8075,
	123.946 41.465,
	124.356 42.7801,
	124.767 45.4102,
	124.521 48.0403,
	123.946 49.3553,
	123.124 51.9854,
	121.973 54.6155,
	118.932 59.8757,
	117.124 62.5058,
	116.302 63.8208,
	112.192 69.081,
	110.138 71.7111,
	109.644 72.3686,
	108.329 73.4371,
	107.672 74.0124,
	105.042 75.574,
	103.727 76.0672,
	102.412 75.985,
	101.754 76.2316,
	99.124 76.3959,
	97.809 76.2316,
	95.1789 75.4919,
	93.8638 74.9165,
	93.2063 74.5056,
	91.8912 73.3549,
	89.8365 70.7248,
	89.179 69.4098,
	88.768 68.0947,
	88.5214 65.4646,
	88.5214 65.3824,
	"/>
</Transform>

<Transform dim="0"
 xcoef=" 0 1 0 0 0 0"
 ycoef=" 0 0 1 0 0 0">
<Contour name="TB3_nucleus02_cw" hidden="false" closed="true" simplified="true" border="1 1 1" fill="1 1 1" mode="15"
 points="97.7095 65.1866,
	97.7236 65.1303,
	97.8009 65.0178,
	97.8291 64.9616,
	97.8502 64.9335,
	97.8783 64.821,
	97.8853 64.7085,
	97.8712 64.596,
	97.8923 64.4835,
	97.8994 64.4554,
	97.9486 64.3992,
	97.9837 64.3499,
	98.0259 64.125,
	98.0329 64.0687,
	98.0189 64.0406,
	97.9697 63.9914,
	97.9556 63.9351,
	97.9697 63.7102,
	97.9767 63.6539,
	97.9978 63.5977,
	98.1033 63.4993,
	98.1314 63.443,
	98.1454 63.4149,
	98.1243 63.3024,
	98.0822 63.1899,
	98.0892 63.1337,
	98.1033 63.1055,
	98.1314 63.0774,
	98.1454 63.0634,
	98.1665 62.9509,
	98.1665 62.8946,
	98.2157 62.7821,
	98.3212 62.6697,
	98.3704 62.6204,
	98.3985 62.5923,
	98.4056 62.5642,
	98.3985 62.508,
	98.4056 62.4517,
	98.4337 62.3955,
	98.6024 62.1705,
	98.7008 62.0721,
	98.743 62.0158,
	98.7922 61.9033,
	98.8204 61.8752,
	98.8766 61.8471,
	98.9891 61.7698,
	99.0172 61.7416,
	99.0313 61.7135,
	99.1367 61.6151,
	99.1649 61.594,
	99.2211 61.5799,
	99.2773 61.5448,
	99.3055 61.5237,
	99.3406 61.4745,
	99.3898 61.4182,
	99.418 61.3971,
	99.4742 61.3901,
	99.5023 61.3831,
	99.6148 61.2917,
	99.6711 61.2636,
	99.7273 61.2565,
	99.9523 61.3128,
	100.009 61.3128,
	100.065 61.3339,
	100.177 61.3479,
	100.233 61.3831,
	100.283 61.4393,
	100.339 61.4815,
	100.451 61.4956,
	100.508 61.5096,
	100.536 61.5167,
	100.648 61.6081,
	100.698 61.6573,
	100.754 61.6784,
	100.81 61.6784,
	100.866 61.6995,
	100.979 61.7908,
	100.993 61.8049,
	101.105 61.8401,
	101.218 61.8963,
	101.436 62.0791,
	101.492 62.1283,
	101.52 62.1424,
	101.534 62.1564,
	101.548 62.1564,
	101.604 62.1916,
	101.633 62.1916,
	101.745 62.2549,
	101.794 62.3111,
	101.865 62.4236,
	101.893 62.4447,
	101.949 62.4517,
	101.977 62.4517,
	102.033 62.4869,
	102.061 62.508,
	102.09 62.515,
	102.118 62.5361,
	102.146 62.5923,
	102.167 62.6134,
	102.195 62.6204,
	102.307 62.5853,
	102.322 62.5853,
	102.336 62.5712,
	102.392 62.5642,
	102.448 62.5712,
	102.476 62.5783,
	102.49 62.5853,
	102.497 62.5783,
	102.61 62.6275,
	102.638 62.6345,
	102.659 62.6626,
	102.673 62.6767,
	102.701 62.7892,
	102.793 63.0142,
	102.835 63.0704,
	102.891 63.1196,
	103.003 63.1829,
	103.032 63.211,
	103.095 63.3235,
	103.109 63.3797,
	103.095 63.4922,
	103.102 63.6047,
	103.116 63.661,
	103.179 63.7734,
	103.2 63.8297,
	103.186 63.8859,
	103.151 63.9422,
	102.933 64.132,
	102.919 64.1882,
	102.94 64.2445,
	102.989 64.3007,
	103.025 64.357,
	103.046 64.3851,
	103.053 64.4413,
	103.06 64.4695,
	103.046 64.5257,
	103.003 64.5819,
	102.898 64.6944,
	102.863 64.7507,
	102.764 64.9757,
	102.729 65.0881,
	102.722 65.1444,
	102.701 65.2006,
	102.624 65.3131,
	102.406 65.5311,
	102.357 65.5803,
	102.343 65.6928,
	102.329 65.7209,
	102.3 65.742,
	102.244 65.7631,
	102.223 65.7842,
	102.202 65.8404,
	102.202 65.8966,
	102.209 65.9248,
	102.174 66.0373,
	102.146 66.0935,
	102.139 66.1146,
	102.153 66.1708,
	102.132 66.2833,
	102.118 66.3114,
	102.061 66.3607,
	101.949 66.3536,
	101.921 66.3607,
	101.907 66.3607,
	101.879 66.3888,
	101.865 66.445,
	101.858 66.4731,
	101.808 66.5294,
	101.78 66.5505,
	101.724 66.5716,
	101.689 66.6278,
	101.682 66.6841,
	101.675 66.7122,
	101.633 66.7614,
	101.604 66.7825,
	101.59 66.7965,
	101.534 66.8036,
	101.506 66.8106,
	101.492 66.8106,
	101.436 66.8669,
	101.379 66.902,
	101.323 66.9161,
	101.098 66.895,
	100.986 66.9301,
	100.93 66.9512,
	100.831 67.0567,
	100.782 67.1059,
	100.726 67.141,
	100.669 67.1551,
	100.444 67.1692,
	100.332 67.1692,
	100.276 67.1621,
	100.255 67.1832,
	100.248 67.2395,
	100.219 67.2606,
	100.163 67.2676,
	100.107 67.2535,
	100.079 67.2465,
	100.065 67.2465,
	99.9523 67.1832,
	99.896 67.1832,
	99.7835 67.2184,
	99.6711 67.2113,
	99.6148 67.1903,
	99.5867 67.1832,
	99.5304 67.1481,
	99.5164 67.1481,
	99.5023 67.134,
	99.4461 67.1199,
	99.418 67.1199,
	99.4039 67.1199,
	99.3476 67.0778,
	99.3336 67.0637,
	99.2211 67.0567,
	99.1649 67.0496,
	99.1508 67.0496,
	99.0805 66.9372,
	99.0735 66.909,
	99.0453 66.895,
	98.9891 66.8879,
	98.9329 66.8669,
	98.9047 66.8387,
	98.8907 66.8106,
	98.8625 66.7825,
	98.8344 66.7684,
	98.7782 66.7684,
	98.7219 66.7544,
	98.6657 66.7262,
	98.6376 66.7192,
	98.5813 66.7333,
	98.5251 66.7333,
	98.4688 66.7122,
	98.4196 66.6559,
	98.4056 66.6278,
	98.4056 66.5153,
	98.4196 66.4591,
	98.4126 66.431,
	98.3634 66.3817,
	98.3071 66.3747,
	98.1947 66.3817,
	98.1665 66.3747,
	98.1103 66.3185,
	98.0892 66.2622,
	98.0681 66.1497,
	98.054 66.1216,
	98.047 66.0654,
	98.0119 65.9529,
	98.0119 65.9248,
	97.9767 65.8123,
	97.9556 65.7842,
	97.9416 65.7701,
	97.9275 65.7701,
	97.8994 65.742,
	97.8783 65.6295,
	97.8572 65.5732,
	97.822 65.517,
	97.7658 65.5029,
	97.7447 65.4748,
	97.7306 65.4186,
	97.7236 65.3061,
	97.7095 65.2498,
	97.7095 65.1936,
	"/>
</Transform>

<Transform dim="0"
 xcoef=" 0 1 0 0 0 0"
 ycoef=" 0 0 1 0 0 0">
<Contour name="TB3_TC02_T2dying_cw" hidden="false" closed="true" simplified="true" border="0.322 0.773 1" fill="0.322 0.773 1" mode="15"
 points="96.5428 64.1576,
	96.5947 64.0745,
	96.6363 64.0433,
	96.7193 64.0329,
	96.7609 64.0329,
	96.792 63.9914,
	96.8128 63.8252,
	96.9063 63.4928,
	96.8959 63.3267,
	96.8648 63.1605,
	96.844 63.0774,
	96.8959 62.745,
	96.9271 62.6619,
	96.9375 62.5788,
	96.8959 62.4957,
	96.8751 62.3296,
	96.8959 62.2465,
	96.979 62.1738,
	97.0206 62.1634,
	97.0413 62.1426,
	96.9998 61.9764,
	96.979 61.8933,
	96.9582 61.8518,
	97.1244 61.5194,
	97.2179 61.3532,
	97.2594 61.2701,
	97.5399 60.9378,
	97.6957 60.7716,
	98.028 60.5119,
	98.1111 60.46,
	98.4435 60.3457,
	98.7759 60.325,
	98.9421 60.2938,
	99.2744 60.2938,
	99.6068 60.3146,
	99.773 60.3353,
	100.105 60.3042,
	100.272 60.2938,
	100.604 60.2003,
	100.687 60.1588,
	100.853 60.1276,
	100.936 60.1276,
	101.102 60.0861,
	101.269 59.9822,
	101.352 59.9407,
	101.393 59.9303,
	101.487 59.7641,
	101.559 59.5979,
	101.622 59.2655,
	101.663 59.0993,
	101.653 59.0162,
	101.715 58.6839,
	101.684 58.6008,
	101.663 58.58,
	101.726 58.2476,
	101.757 58.0815,
	101.767 57.9984,
	101.819 57.8322,
	101.861 57.7906,
	101.902 57.7803,
	101.923 57.7803,
	101.954 57.7387,
	101.965 57.6556,
	101.944 57.5725,
	101.996 57.4063,
	102.089 57.2402,
	102.131 57.074,
	102.141 56.9078,
	102.151 56.8247,
	102.11 56.4923,
	102.048 56.16,
	102.079 55.8276,
	102.131 55.4952,
	102.141 55.4121,
	102.203 55.2459,
	102.255 55.1628,
	102.287 55.1213,
	102.297 55.0382,
	102.37 54.872,
	102.401 54.7058,
	102.422 54.6227,
	102.422 54.5812,
	102.338 54.415,
	102.318 54.3319,
	102.318 54.2904,
	102.318 54.2696,
	102.338 54.2488,
	102.505 54.2384,
	102.546 54.2488,
	102.629 54.1969,
	102.65 54.1138,
	102.66 54.0723,
	102.66 54.0515,
	102.723 53.9684,
	102.764 53.9269,
	102.795 53.8438,
	102.775 53.8022,
	102.785 53.636,
	102.816 53.4698,
	102.837 53.3971,
	102.879 53.3868,
	102.92 53.3971,
	102.962 53.4283,
	102.993 53.3971,
	102.972 53.231,
	102.982 53.1479,
	103.014 53.0648,
	103.066 52.9817,
	103.19 52.6493,
	103.221 52.5662,
	103.232 52.4831,
	103.242 52.4624,
	103.169 52.4104,
	103.138 52.3689,
	103.117 52.2027,
	103.138 52.1196,
	103.138 52.0365,
	103.211 51.9846,
	103.252 51.9742,
	103.284 51.9326,
	103.294 51.8495,
	103.284 51.7665,
	103.284 51.7249,
	103.325 51.6937,
	103.491 51.673,
	103.574 51.621,
	103.616 51.5483,
	103.658 51.5276,
	103.824 51.5379,
	103.907 51.5483,
	103.99 51.5068,
	104.031 51.486,
	104.094 51.3198,
	104.166 51.2991,
	104.25 51.3302,
	104.291 51.3406,
	104.353 51.4237,
	104.437 51.5899,
	104.468 51.673,
	104.478 51.7145,
	104.447 51.7976,
	104.395 51.8807,
	104.405 51.9015,
	104.447 51.8703,
	104.468 51.8495,
	104.551 51.8392,
	104.623 51.9223,
	104.613 52.0053,
	104.551 52.0884,
	104.561 52.13,
	104.613 52.2131,
	104.623 52.2962,
	104.592 52.4624,
	104.613 52.6285,
	104.634 52.7116,
	104.634 52.7947,
	104.665 52.9609,
	104.655 53.1271,
	104.623 53.2933,
	104.561 53.4595,
	104.551 53.6256,
	104.582 53.7918,
	104.592 53.8749,
	104.644 54.0411,
	104.655 54.1242,
	104.644 54.2073,
	104.655 54.2904,
	104.644 54.3735,
	104.655 54.4566,
	104.644 54.5397,
	104.655 54.6227,
	104.686 54.7058,
	104.717 54.7474,
	104.748 54.9136,
	104.769 54.9551,
	104.769 54.9967,
	104.8 55.0278,
	104.842 55.0382,
	104.987 55.2044,
	105.091 55.3706,
	105.164 55.5368,
	105.267 55.8691,
	105.309 56.0353,
	105.319 56.1184,
	105.382 56.2846,
	105.413 56.3677,
	105.423 56.4092,
	105.371 56.5754,
	105.361 56.6585,
	105.413 56.8247,
	105.486 56.9909,
	105.538 57.1571,
	105.589 57.4894,
	105.61 57.6556,
	105.61 57.7387,
	105.621 57.7803,
	105.6 57.8633,
	105.621 58.1957,
	105.641 58.2788,
	105.631 58.445,
	105.662 58.6112,
	105.673 58.6943,
	105.631 58.7774,
	105.631 58.8605,
	105.652 58.9435,
	105.652 59.0266,
	105.631 59.1097,
	105.558 59.2759,
	105.538 59.359,
	105.454 59.5252,
	105.402 59.6083,
	105.33 59.681,
	105.278 59.7641,
	105.267 59.7849,
	105.299 59.8264,
	105.382 59.7745,
	105.465 59.7018,
	105.506 59.6602,
	105.517 59.6498,
	105.558 59.6706,
	105.631 59.7537,
	105.673 59.7952,
	105.714 59.8783,
	105.704 60.0445,
	105.662 60.1276,
	105.579 60.1795,
	105.538 60.1899,
	105.517 60.1899,
	105.351 60.3457,
	105.309 60.3561,
	105.257 60.4288,
	105.236 60.4704,
	105.309 60.6365,
	105.382 60.7196,
	105.465 60.782,
	105.506 60.8651,
	105.548 61.0312,
	105.579 61.1143,
	105.641 61.1974,
	105.673 61.3636,
	105.641 61.4467,
	105.589 61.5298,
	105.621 61.6129,
	105.61 61.696,
	105.579 61.7791,
	105.569 61.8622,
	105.61 62.0283,
	105.61 62.1114,
	105.589 62.1945,
	105.548 62.2672,
	105.569 62.3088,
	105.641 62.3919,
	105.652 62.4334,
	105.631 62.5165,
	105.61 62.5581,
	105.569 62.5996,
	105.548 62.6204,
	105.465 62.6308,
	105.444 62.6308,
	105.402 62.5892,
	105.351 62.5061,
	105.309 62.5373,
	105.278 62.6204,
	105.267 62.7035,
	105.299 62.7866,
	105.382 62.8281,
	105.444 62.9112,
	105.434 63.0774,
	105.392 63.1085,
	105.309 63.1293,
	105.226 63.1189,
	105.143 63.1501,
	105.101 63.1812,
	105.08 63.202,
	105.091 63.3682,
	105.132 63.5344,
	105.164 63.6175,
	105.226 63.7006,
	105.267 63.7421,
	105.434 63.8356,
	105.475 63.8668,
	105.641 63.8771,
	105.818 64.2095,
	105.901 64.5419,
	105.943 64.8743,
	105.963 65.2066,
	105.963 65.3728,
	105.943 65.4455,
	105.859 65.3832,
	105.839 65.3728,
	105.808 65.4144,
	105.797 65.4559,
	105.828 65.6221,
	105.891 65.7883,
	105.963 66.1206,
	105.974 66.1622,
	105.963 66.2453,
	105.995 66.5776,
	105.995 66.7438,
	106.057 67.4086,
	106.078 67.7409,
	106.067 68.0733,
	105.974 68.738,
	105.963 68.8211,
	105.963 68.8627,
	105.911 68.9458,
	105.839 69.0289,
	105.797 69.112,
	105.745 69.2781,
	105.735 69.3612,
	105.704 69.4443,
	105.673 69.4859,
	105.34 69.6728,
	105.267 69.7559,
	105.195 69.9221,
	105.164 70.0052,
	105.112 70.0883,
	105.039 70.161,
	105.008 70.2441,
	104.997 70.2856,
	105.029 70.3687,
	105.101 70.296,
	105.132 70.2545,
	105.143 70.2441,
	105.174 70.2752,
	105.184 70.3583,
	105.164 70.4414,
	105.153 70.483,
	105.267 70.6492,
	105.247 70.7323,
	105.174 70.805,
	105.091 70.7946,
	104.925 70.7115,
	104.852 70.6699,
	104.831 70.6907,
	104.842 70.7738,
	104.831 70.8569,
	104.79 70.94,
	104.759 70.9815,
	104.769 71.0231,
	104.759 71.0646,
	104.644 71.2308,
	104.499 71.397,
	104.416 71.4801,
	104.374 71.5216,
	104.208 71.5839,
	104.125 71.6047,
	104.083 71.6047,
	103.917 71.7605,
	103.751 71.7917,
	103.668 71.7501,
	103.502 71.6255,
	103.419 71.5736,
	103.336 71.6151,
	103.304 71.6982,
	103.294 71.7813,
	103.284 71.8228,
	103.304 71.9059,
	103.284 72.0721,
	103.128 72.4045,
	102.941 72.7369,
	102.868 72.8199,
	102.702 72.9134,
	102.536 72.9654,
	102.203 73.1315,
	102.037 73.2146,
	101.954 73.2146,
	101.622 73.0796,
	101.539 73.0588,
	101.497 73.0484,
	101.331 73.1212,
	101.248 73.1523,
	101.165 73.1523,
	101.082 73.1315,
	100.916 73.1523,
	100.749 73.2354,
	100.417 73.2873,
	100.251 73.225,
	100.168 73.2146,
	99.8353 73.0796,
	99.7938 73.0796,
	99.7211 73.1315,
	99.7003 73.1731,
	99.6172 73.2562,
	99.5341 73.2977,
	99.4925 73.2977,
	99.4302 73.225,
	99.4198 73.1835,
	99.4614 73.1004,
	99.5237 73.0173,
	99.5445 72.9757,
	99.5237 72.9342,
	99.4822 72.955,
	99.4406 72.955,
	99.3991 72.9134,
	99.3887 72.8719,
	99.4406 72.7888,
	99.4614 72.7472,
	99.3679 72.5811,
	99.3264 72.4149,
	99.316 72.3318,
	99.316 72.2902,
	99.2744 72.2071,
	99.2433 72.041,
	99.1602 71.8748,
	99.1186 71.7917,
	99.0979 71.7086,
	99.0148 71.5424,
	98.8486 71.397,
	98.7759 71.3139,
	98.7032 71.1477,
	98.6824 71.0646,
	98.6824 70.8984,
	98.5474 70.5661,
	98.4954 70.3999,
	98.4643 70.2337,
	98.4539 70.0675,
	98.4539 70.026,
	98.35 69.8598,
	98.2877 69.7767,
	98.215 69.6105,
	98.215 69.5274,
	98.1631 69.3612,
	98.0696 69.195,
	97.9553 69.0289,
	97.6334 68.6965,
	97.5607 68.6134,
	97.5087 68.4472,
	97.4776 68.3641,
	97.4464 68.3226,
	97.3218 67.9902,
	97.2179 67.6578,
	97.1556 67.4917,
	97.1348 67.4086,
	97.166 67.2424,
	97.0725 66.91,
	96.9998 66.7438,
	96.9686 66.6607,
	96.9375 66.6192,
	96.8648 66.2868,
	96.8232 66.1206,
	96.7609 65.9544,
	96.7297 65.8714,
	96.7193 65.7052,
	96.7609 65.3728,
	96.709 65.2066,
	96.6778 65.0404,
	96.657 64.7081,
	96.6466 64.625,
	96.6051 64.5938,
	96.5739 64.5107,
	96.5843 64.4276,
	96.6155 64.3445,
	96.6259 64.303,
	96.5532 64.2199,
	96.5428 64.1784,
	96.5428 64.168,
	"/>
</Transform>

<Transform dim="0"
 xcoef=" 0 1 0 0 0 0"
 ycoef=" 0 0 1 0 0 0">
<Contour name="TB3_TC02_T2dying_cw" hidden="false" closed="true" simplified="true" border="0.322 0.773 1" fill="0.322 0.773 1" mode="15"
 points="104.488 51.4445,
	104.53 51.3614,
	104.603 51.2991,
	104.644 51.2679,
	104.686 51.2575,
	104.727 51.2679,
	104.769 51.3094,
	104.79 51.3925,
	104.769 51.4756,
	104.707 51.5483,
	104.623 51.5795,
	104.54 51.5483,
	104.499 51.5379,
	104.488 51.4549,
	"/>
<Contour name="TB3_TC02_T2dying_cw" hidden="false" closed="true" simplified="true" border="0.322 0.773 1" fill="0.322 0.773 1" mode="15"
 points="102.982 48.4116,
	103.003 48.3285,
	103.055 48.2454,
	103.097 48.2039,
	103.18 48.1623,
	103.221 48.1416,
	103.304 48.1416,
	103.336 48.1727,
	103.336 48.1935,
	103.367 48.235,
	103.377 48.2766,
	103.429 48.3597,
	103.439 48.4428,
	103.419 48.6089,
	103.387 48.692,
	103.304 48.7647,
	103.221 48.7855,
	103.055 48.7647,
	103.003 48.6817,
	102.982 48.5155,
	102.982 48.4324,
	102.982 48.422,
	"/>
</Transform>

<Transform dim="0"
 xcoef=" 0 1 0 0 0 0"
 ycoef=" 0 0 1 0 0 0">
<Contour name="TB3_TC02_T2dying_cw" hidden="false" closed="true" simplified="true" border="0.322 0.773 1" fill="0.322 0.773 1" mode="15"
 points="104.385 40.9541,
	104.468 40.8814,
	104.52 40.7983,
	104.54 40.7152,
	104.499 40.549,
	104.488 40.4659,
	104.561 40.1335,
	104.613 39.9674,
	104.759 39.635,
	104.842 39.4688,
	104.873 39.4273,
	104.862 39.3442,
	104.873 39.3026,
	104.831 39.2195,
	104.821 39.0533,
	104.852 38.8872,
	104.904 38.8145,
	104.945 38.7833,
	105.029 38.7729,
	105.06 38.7417,
	105.039 38.7002,
	104.997 38.6587,
	104.977 38.6379,
	104.987 38.5963,
	105.07 38.534,
	105.112 38.5029,
	105.132 38.4198,
	105.132 38.399,
	105.112 38.3782,
	105.029 38.3574,
	104.966 38.2744,
	104.987 38.1913,
	105.153 37.8589,
	105.216 37.6927,
	105.288 37.6408,
	105.454 37.62,
	105.475 37.5992,
	105.496 37.433,
	105.548 37.2669,
	105.579 37.1838,
	105.6 37.1422,
	105.621 37.1214,
	105.652 37.0384,
	105.704 36.9553,
	105.756 36.7891,
	105.766 36.6229,
	105.766 36.5398,
	105.859 36.2074,
	105.943 36.0413,
	105.995 35.9582,
	106.15 35.792,
	106.213 35.6258,
	106.244 35.5427,
	106.316 35.4596,
	106.483 35.3661,
	106.566 35.3454,
	106.607 35.3246,
	106.68 35.2415,
	106.722 35.1584,
	106.732 35.0753,
	106.774 34.9922,
	106.836 34.9091,
	107.002 34.8156,
	107.168 34.7014,
	107.334 34.6079,
	107.417 34.5768,
	107.584 34.6287,
	107.667 34.6079,
	107.698 34.5768,
	107.698 34.4106,
	107.698 34.3275,
	107.76 34.1613,
	107.823 34.0782,
	107.864 33.9951,
	107.999 33.8289,
	108.165 33.6939,
	108.311 33.5381,
	108.352 33.455,
	108.435 33.4031,
	108.477 33.3927,
	108.518 33.4031,
	108.602 33.3823,
	108.685 33.3823,
	108.726 33.3823,
	108.809 33.4135,
	108.892 33.3823,
	108.955 33.3096,
	109.121 33.2577,
	109.142 33.2161,
	109.162 33.0499,
	109.131 32.9668,
	109.121 32.8007,
	109.121 32.7591,
	109.162 32.676,
	109.183 32.6345,
	109.194 32.5514,
	109.204 32.5098,
	109.183 32.4267,
	109.214 32.2606,
	109.37 31.9282,
	109.464 31.762,
	109.526 31.6789,
	109.567 31.5958,
	109.599 31.4296,
	109.671 31.3465,
	109.703 31.2634,
	109.703 31.1804,
	109.734 31.0973,
	109.827 30.9311,
	109.879 30.848,
	110.014 30.6818,
	110.128 30.5156,
	110.18 30.4325,
	110.211 30.3494,
	110.263 30.2663,
	110.43 30.1002,
	110.596 30.0067,
	110.918 29.7055,
	111.022 29.5393,
	111.084 29.3731,
	111.115 29.2069,
	111.136 29.1238,
	111.146 29.0823,
	111.167 29.0615,
	111.167 29.0407,
	111.229 28.9576,
	111.312 28.8849,
	111.447 28.7187,
	111.51 28.5526,
	111.551 28.4695,
	111.686 28.3033,
	111.759 28.2306,
	111.78 28.2098,
	111.821 28.1994,
	111.863 28.2306,
	111.884 28.241,
	111.925 28.2202,
	112.091 28.054,
	112.382 27.732,
	112.413 27.6905,
	112.424 27.6489,
	112.507 27.5658,
	112.673 27.4724,
	112.756 27.4308,
	112.839 27.3685,
	112.922 27.327,
	113.089 27.1919,
	113.234 27.0257,
	113.275 26.9842,
	113.379 26.818,
	113.462 26.6518,
	113.525 26.4856,
	113.566 26.3195,
	113.629 26.1533,
	113.795 25.8209,
	113.878 25.6547,
	113.93 25.5716,
	114.075 25.4158,
	114.117 25.3847,
	114.158 25.3951,
	114.325 25.3431,
	114.408 25.2912,
	114.563 25.1354,
	114.782 24.803,
	114.854 24.7199,
	114.937 24.6576,
	114.958 24.6368,
	115.041 24.6265,
	115.124 24.6368,
	115.207 24.7095,
	115.228 24.7926,
	115.176 24.9588,
	115.135 25.0419,
	115.124 25.0835,
	115.062 25.1666,
	115.041 25.2081,
	114.885 25.3743,
	114.802 25.5405,
	114.75 25.8728,
	114.75 26.039,
	114.73 26.2052,
	114.678 26.3714,
	114.667 26.4545,
	114.615 26.5376,
	114.532 26.5999,
	114.491 26.6311,
	114.47 26.6726,
	114.47 26.7557,
	114.46 26.7972,
	114.48 26.8803,
	114.522 26.9634,
	114.584 27.0465,
	114.615 27.0881,
	114.626 27.2542,
	114.615 27.2958,
	114.543 27.3685,
	114.501 27.3893,
	114.46 27.4308,
	114.449 27.4724,
	114.501 27.5555,
	114.543 27.5866,
	114.709 27.6282,
	114.73 27.6282,
	114.782 27.7113,
	114.792 27.7528,
	114.875 27.8359,
	114.927 27.9086,
	114.937 27.9501,
	114.927 27.9917,
	115.228 28.6564,
	115.342 28.9888,
	115.363 29.0719,
	115.384 29.1134,
	115.467 29.1965,
	115.509 29.2381,
	115.581 29.4043,
	115.612 29.5704,
	115.623 29.7366,
	115.612 29.9028,
	115.571 30.069,
	115.529 30.1521,
	115.446 30.2352,
	115.405 30.2663,
	115.384 30.2767,
	115.301 30.2248,
	115.28 30.2248,
	115.207 30.3079,
	115.124 30.4741,
	114.989 30.6403,
	114.906 30.7233,
	114.792 30.8895,
	114.709 30.9207,
	114.626 30.9311,
	114.584 30.9311,
	114.543 30.9622,
	114.511 31.0453,
	114.491 31.0869,
	114.48 31.2531,
	114.325 31.5854,
	114.21 31.7516,
	114.148 31.8347,
	114.106 31.8763,
	114.044 32.0424,
	114.034 32.084,
	114.034 32.1048,
	114.065 32.1463,
	114.065 32.1671,
	113.992 32.2502,
	113.919 32.4164,
	113.836 32.4891,
	113.795 32.5098,
	113.764 32.5514,
	113.774 32.6345,
	113.701 32.8007,
	113.649 32.8837,
	113.577 32.9565,
	113.494 32.9876,
	113.442 33.0707,
	113.41 33.1538,
	113.41 33.32,
	113.41 33.4031,
	113.39 33.4862,
	113.379 33.5277,
	113.224 33.6835,
	113.12 33.8497,
	112.86 34.5144,
	112.756 34.8468,
	112.632 35.1792,
	112.569 35.3454,
	112.476 35.5115,
	112.351 35.6777,
	112.289 35.7608,
	112.247 35.8024,
	112.164 35.8543,
	111.998 35.9893,
	111.676 36.3113,
	111.396 36.6437,
	111.26 36.8099,
	110.939 37.1422,
	110.835 37.3084,
	110.783 37.4746,
	110.7 37.6408,
	110.585 37.807,
	110.492 37.9731,
	110.471 38.0562,
	110.305 38.3886,
	110.191 38.5548,
	110.139 38.6379,
	109.993 38.7937,
	109.91 38.8456,
	109.869 38.8664,
	109.754 39.0326,
	109.671 39.1053,
	109.588 39.1572,
	109.256 39.4584,
	109.09 39.6142,
	109.017 39.6973,
	108.986 39.7389,
	109.017 39.8219,
	109.235 40.1543,
	109.277 40.2374,
	109.318 40.4036,
	109.277 40.4867,
	109.245 40.5282,
	109.162 40.5594,
	108.996 40.684,
	108.913 40.736,
	108.872 40.7671,
	108.83 40.7775,
	108.788 40.8087,
	108.705 40.8294,
	108.622 40.8814,
	108.581 40.9125,
	108.415 40.9437,
	108.248 40.9021,
	108.207 40.8918,
	107.874 40.9229,
	107.708 40.9229,
	107.542 40.9645,
	107.376 41.0268,
	107.044 41.0579,
	106.96 41.0787,
	106.888 41.1306,
	106.836 41.2137,
	106.794 41.3799,
	106.784 41.4215,
	106.774 41.4422,
	106.794 41.5253,
	106.815 41.5669,
	106.857 41.598,
	106.898 41.598,
	106.981 41.6604,
	107.012 41.7435,
	107.012 41.785,
	107.044 41.8265,
	107.044 41.8473,
	107.127 41.9096,
	107.147 41.9512,
	107.137 42.0343,
	107.106 42.0758,
	107.023 42.1278,
	106.981 42.1693,
	106.96 42.1901,
	106.95 42.2316,
	106.981 42.3147,
	106.96 42.3563,
	106.919 42.3978,
	106.753 42.4497,
	106.67 42.4601,
	106.628 42.4601,
	106.545 42.4082,
	106.213 42.3147,
	106.046 42.2836,
	105.963 42.2524,
	105.88 42.242,
	105.797 42.2524,
	105.756 42.2524,
	105.423 42.3874,
	105.402 42.4082,
	105.361 42.4186,
	105.278 42.4809,
	105.195 42.5121,
	105.153 42.5432,
	105.112 42.5536,
	105.07 42.5848,
	104.904 42.6367,
	104.821 42.6575,
	104.779 42.6367,
	104.748 42.5951,
	104.717 42.5121,
	104.665 42.429,
	104.509 42.2836,
	104.468 42.242,
	104.447 42.2005,
	104.478 42.1174,
	104.53 42.0343,
	104.499 41.9512,
	104.426 41.8681,
	104.395 41.785,
	104.395 41.7019,
	104.416 41.6604,
	104.499 41.5877,
	104.457 41.4215,
	104.426 41.3384,
	104.395 41.1722,
	104.385 41.006,
	104.385 40.9645,
	"/>
</Transform>

<Transform dim="0"
 xcoef=" 0 1 0 0 0 0"
 ycoef=" 0 0 1 0 0 0">
<Contour name="TB2 Nucleus_57_cw" hidden="false" closed="true" simplified="true" border="1 0 0" fill="1 0 0" mode="15"
 points="73.9913 33.3484,
	74.0363 32.9887,
	74.0587 32.8088,
	74.0925 32.7189,
	74.1037 32.629,
	74.1824 32.4492,
	74.2049 32.4042,
	74.2049 32.3817,
	74.4409 32.0221,
	74.5758 31.8422,
	74.7444 31.6624,
	74.7668 31.6174,
	74.9242 31.4601,
	75.104 31.3252,
	75.194 31.2578,
	75.2389 31.2353,
	75.4075 31.0779,
	75.4974 30.9992,
	75.5873 30.9543,
	75.6323 30.9206,
	75.6435 30.9093,
	75.6098 30.8981,
	75.7897 30.8194,
	75.8796 30.7744,
	76.0594 30.752,
	76.2393 30.752,
	76.4191 30.7857,
	76.509 30.8419,
	76.5315 30.8419,
	76.8912 31.0667,
	77.1946 31.4039,
	77.2845 31.4713,
	77.3745 31.4826,
	77.4644 31.4713,
	77.5543 31.505,
	77.5993 31.5275,
	77.6892 31.6062,
	77.8353 31.7748,
	77.9252 31.9546,
	77.9477 32.0445,
	77.9477 32.2244,
	77.869 32.4042,
	77.8128 32.4941,
	77.7791 32.5391,
	77.7341 32.5616,
	77.6667 32.6402,
	77.633 32.6852,
	77.6105 32.7751,
	77.6217 32.8201,
	77.6217 32.8426,
	77.7004 32.8988,
	77.7903 32.8988,
	77.8353 32.8988,
	77.9252 32.865,
	78.1051 32.8538,
	78.195 32.865,
	78.2174 32.865,
	78.2624 32.91,
	78.3074 32.9325,
	78.4647 33.1123,
	78.5771 33.2922,
	78.6108 33.472,
	78.6108 33.6518,
	78.6558 33.8317,
	78.7345 34.0115,
	78.7907 34.1014,
	78.9256 34.4611,
	78.9705 34.6409,
	78.9818 34.8208,
	78.9705 35.0006,
	78.948 35.0905,
	78.948 35.1804,
	78.8694 35.5401,
	78.8356 35.7199,
	78.7232 36.0796,
	78.7008 36.1695,
	78.6108 36.3494,
	78.5884 36.3943,
	78.5434 36.4393,
	78.3636 36.4955,
	78.2736 36.5292,
	78.1837 36.5854,
	78.15 36.6304,
	78.1388 36.6753,
	78.0826 36.7652,
	78.0039 36.8552,
	77.869 36.9788,
	77.6892 37.1249,
	77.5093 37.2148,
	77.4194 37.2598,
	77.0598 37.3272,
	76.7001 37.3272,
	76.3404 37.2935,
	76.2505 37.2823,
	76.1606 37.2485,
	75.9807 37.1024,
	75.9021 37.0238,
	75.8571 36.9788,
	75.8346 36.9451,
	75.6548 36.7765,
	75.4749 36.6753,
	75.385 36.6304,
	75.3626 36.6304,
	75.2726 36.5629,
	75.2502 36.5629,
	75.0816 36.4393,
	74.9242 36.2594,
	74.8455 36.1695,
	74.7893 36.0796,
	74.7893 36.0571,
	74.6657 35.8773,
	74.6095 35.7874,
	74.4634 35.4277,
	74.4072 35.2479,
	74.2611 34.8882,
	74.1824 34.7084,
	74.1599 34.6634,
	74.1599 34.6409,
	74.1374 34.6184,
	74.07 34.4386,
	74.0025 34.0789,
	73.9913 33.3596,
	"/>
</Transform>

</Section>