<?xml version="1.0"?>
<!DOCTYPE Section SYSTEM "section.dtd">

<Section index="633" thickness="0.085" alignLocked="true">
<Transform dim="0"
 xcoef=" 0 1 0 0 0 0"
 ycoef=" 0 0 1 0 0 0">
<Image mag="0.00855" contrast="1" brightness="0" red="true" green="true" blue="true"
 src="Aligned 633633.tif" />
<Contour name="domain1" hidden="false" closed="true" simplified="false" border="1 0 1" fill="1 0 1" mode="11"
 points="0 0,
	15991 0,
	15991 12171,
	0 12171,
	"/>
</Transform>

<Transform dim="0"
 xcoef=" 0 1 0 0 0 0"
 ycoef=" 0 0 1 0 0 0">
<Contour name="TB2 NF_24" hidden="true" closed="true" simplified="true" border="1 0.501961 0.25098" fill="1 0.501961 0.25098" mode="-9"
 points="101.087 14.5111,
	101.132 14.4219,
	101.221 14.3774,
	101.31 14.3774,
	101.466 14.5111,
	101.533 14.6003,
	101.533 14.7786,
	101.466 14.8678,
	101.377 14.89,
	101.288 14.8678,
	101.132 14.7117,
	101.087 14.6226,
	101.087 14.5334,
	"/>
<Contour name="TB2 NF_24" hidden="true" closed="true" simplified="true" border="1 0.501961 0.25098" fill="1 0.501961 0.25098" mode="-9"
 points="101.087 14.7563,
	101.154 14.6671,
	101.243 14.6226,
	101.221 14.5334,
	101.221 14.4888,
	101.31 14.4665,
	101.489 14.5334,
	101.578 14.578,
	101.622 14.6671,
	101.667 14.7117,
	101.645 15.0684,
	101.622 15.2467,
	101.511 15.425,
	101.466 15.4473,
	101.399 15.269,
	101.377 15.1798,
	101.132 14.8455,
	101.11 14.7786,
	"/>
</Transform>

<Transform dim="0"
 xcoef=" 0 1 0 0 0 0"
 ycoef=" 0 0 1 0 0 0">
<Contour name="TB2 NF_24_cw" hidden="false" closed="true" simplified="true" border="1 0.5 0" fill="1 0.682353 0.368627" mode="15"
 points="101.045 14.7416,
	101.065 14.7107,
	101.096 14.6837,
	101.099 14.6528,
	101.103 14.6374,
	101.13 14.6104,
	101.161 14.5949,
	101.165 14.5641,
	101.161 14.5332,
	101.173 14.5023,
	101.18 14.4869,
	101.196 14.4714,
	101.211 14.4637,
	101.242 14.4676,
	101.258 14.4753,
	101.288 14.4753,
	101.319 14.4483,
	101.37 14.3904,
	101.389 14.3711,
	101.404 14.3672,
	101.42 14.3711,
	101.427 14.3711,
	101.489 14.4135,
	101.551 14.4406,
	101.582 14.4483,
	101.632 14.51,
	101.636 14.5255,
	101.655 14.5563,
	101.667 14.5872,
	101.698 14.6142,
	101.728 14.6335,
	101.736 14.6335,
	101.748 14.649,
	101.752 14.6644,
	101.74 14.6953,
	101.713 14.7223,
	101.674 14.784,
	101.655 14.8149,
	101.613 14.9384,
	101.605 15.0001,
	101.601 15.031,
	101.578 15.0927,
	101.512 15.2162,
	101.493 15.2471,
	101.493 15.278,
	101.52 15.3088,
	101.532 15.3243,
	101.535 15.3397,
	101.532 15.3706,
	101.528 15.386,
	101.532 15.4478,
	101.524 15.5713,
	101.528 15.633,
	101.516 15.6948,
	101.501 15.7256,
	101.485 15.7372,
	101.454 15.7256,
	101.427 15.6986,
	101.416 15.6832,
	101.4 15.6755,
	101.37 15.6755,
	101.354 15.6755,
	101.339 15.6677,
	101.323 15.6523,
	101.308 15.6214,
	101.304 15.606,
	101.327 15.5481,
	101.312 15.5172,
	101.304 15.4864,
	101.3 15.4709,
	101.304 15.4555,
	101.339 15.3937,
	101.366 15.332,
	101.37 15.2703,
	101.366 15.2394,
	101.308 15.1815,
	101.296 15.1506,
	101.296 15.1198,
	101.296 15.1043,
	101.308 15.0734,
	101.312 15.058,
	101.296 14.9963,
	101.292 14.9808,
	101.285 14.9731,
	101.285 14.9654,
	101.265 14.9345,
	101.254 14.9191,
	101.227 14.8998,
	101.211 14.8844,
	101.204 14.8766,
	101.196 14.8766,
	101.134 14.838,
	101.119 14.8303,
	101.103 14.8149,
	101.096 14.8149,
	101.045 14.7609,
	101.045 14.7454,
	"/>
</Transform>

<Transform dim="0"
 xcoef=" 0 1 0 0 0 0"
 ycoef=" 0 0 1 0 0 0">
<Image mag="0.00855" contrast="1" brightness="0" red="true" green="true" blue="true"
 src="..\TF21_robdata\Rob's_latest_seg_files_TF21_TB2\Aligned 633633.tif" />
<Contour name="domain1" hidden="false" closed="true" simplified="false" border="1 0 1" fill="1 0 1" mode="11"
 points="0 0,
	15991 0,
	15991 12171,
	0 12171,
	"/>
</Transform>

<Transform dim="0"
 xcoef=" 0 1 0 0 0 0"
 ycoef=" 0 0 1 0 0 0">
<Contour name="TB2 NF_24" hidden="true" closed="true" simplified="true" border="1 0.501961 0.25098" fill="1 0.501961 0.25098" mode="-9"
 points="101.087 14.5111,
	101.132 14.4219,
	101.221 14.3774,
	101.31 14.3774,
	101.466 14.5111,
	101.533 14.6003,
	101.533 14.7786,
	101.466 14.8678,
	101.377 14.89,
	101.288 14.8678,
	101.132 14.7117,
	101.087 14.6226,
	101.087 14.5334,
	"/>
<Contour name="TB2 NF_24" hidden="true" closed="true" simplified="true" border="1 0.501961 0.25098" fill="1 0.501961 0.25098" mode="-9"
 points="101.087 14.7563,
	101.154 14.6671,
	101.243 14.6226,
	101.221 14.5334,
	101.221 14.4888,
	101.31 14.4665,
	101.489 14.5334,
	101.578 14.578,
	101.622 14.6671,
	101.667 14.7117,
	101.645 15.0684,
	101.622 15.2467,
	101.511 15.425,
	101.466 15.4473,
	101.399 15.269,
	101.377 15.1798,
	101.132 14.8455,
	101.11 14.7786,
	"/>
</Transform>

<Transform dim="0"
 xcoef=" 0 1 0 0 0 0"
 ycoef=" 0 0 1 0 0 0">
<Contour name="TB2 NF_24_cw" hidden="false" closed="true" simplified="true" border="1 0.5 0" fill="1 0.682353 0.368627" mode="15"
 points="101.045 14.7416,
	101.065 14.7107,
	101.096 14.6837,
	101.099 14.6528,
	101.103 14.6374,
	101.13 14.6104,
	101.161 14.5949,
	101.165 14.5641,
	101.161 14.5332,
	101.173 14.5023,
	101.18 14.4869,
	101.196 14.4714,
	101.211 14.4637,
	101.242 14.4676,
	101.258 14.4753,
	101.288 14.4753,
	101.319 14.4483,
	101.37 14.3904,
	101.389 14.3711,
	101.404 14.3672,
	101.42 14.3711,
	101.427 14.3711,
	101.489 14.4135,
	101.551 14.4406,
	101.582 14.4483,
	101.632 14.51,
	101.636 14.5255,
	101.655 14.5563,
	101.667 14.5872,
	101.698 14.6142,
	101.728 14.6335,
	101.736 14.6335,
	101.748 14.649,
	101.752 14.6644,
	101.74 14.6953,
	101.713 14.7223,
	101.674 14.784,
	101.655 14.8149,
	101.613 14.9384,
	101.605 15.0001,
	101.601 15.031,
	101.578 15.0927,
	101.512 15.2162,
	101.493 15.2471,
	101.493 15.278,
	101.52 15.3088,
	101.532 15.3243,
	101.535 15.3397,
	101.532 15.3706,
	101.528 15.386,
	101.532 15.4478,
	101.524 15.5713,
	101.528 15.633,
	101.516 15.6948,
	101.501 15.7256,
	101.485 15.7372,
	101.454 15.7256,
	101.427 15.6986,
	101.416 15.6832,
	101.4 15.6755,
	101.37 15.6755,
	101.354 15.6755,
	101.339 15.6677,
	101.323 15.6523,
	101.308 15.6214,
	101.304 15.606,
	101.327 15.5481,
	101.312 15.5172,
	101.304 15.4864,
	101.3 15.4709,
	101.304 15.4555,
	101.339 15.3937,
	101.366 15.332,
	101.37 15.2703,
	101.366 15.2394,
	101.308 15.1815,
	101.296 15.1506,
	101.296 15.1198,
	101.296 15.1043,
	101.308 15.0734,
	101.312 15.058,
	101.296 14.9963,
	101.292 14.9808,
	101.285 14.9731,
	101.285 14.9654,
	101.265 14.9345,
	101.254 14.9191,
	101.227 14.8998,
	101.211 14.8844,
	101.204 14.8766,
	101.196 14.8766,
	101.134 14.838,
	101.119 14.8303,
	101.103 14.8149,
	101.096 14.8149,
	101.045 14.7609,
	101.045 14.7454,
	"/>
</Transform>

<Transform dim="0"
 xcoef=" 0 1 0 0 0 0"
 ycoef=" 0 0 1 0 0 0">
<Image mag="0.00855" contrast="1" brightness="0" red="true" green="true" blue="true"
 src="Aligned 633633.tif" />
<Contour name="a1" hidden="false" closed="true" simplified="false" border="1 0.5 0" fill="1 0.5 0" mode="11"
 points="0 0,
	15991 0,
	15991 12171,
	0 12171,
	"/>
</Transform>

<Transform dim="0"
 xcoef=" 0 1 0 0 0 0"
 ycoef=" 0 0 1 0 0 0">
<Contour name="TB3_nucleus02_cw" hidden="false" closed="true" simplified="true" border="1 1 1" fill="1 1 1" mode="15"
 points="96.5872 65.0034,
	96.6246 64.8535,
	96.6527 64.7786,
	96.6527 64.7599,
	96.737 64.61,
	96.7558 64.5725,
	96.7558 64.5538,
	96.8026 64.4789,
	96.8213 64.4039,
	96.812 64.329,
	96.7745 64.2541,
	96.7464 64.1042,
	96.7651 64.0293,
	96.7651 63.9544,
	96.7839 63.8794,
	96.8026 63.842,
	96.8775 63.7764,
	96.9056 63.7389,
	96.915 63.5891,
	96.915 63.5516,
	97.0649 63.2519,
	97.1304 63.102,
	97.2335 62.8023,
	97.2428 62.6524,
	97.2522 62.5775,
	97.2803 62.54,
	97.299 62.5213,
	97.299 62.5025,
	97.3365 62.4651,
	97.3552 62.4276,
	97.4208 62.3527,
	97.4583 62.2778,
	97.4864 62.1279,
	97.4957 62.0904,
	97.4957 62.0717,
	97.5707 61.9968,
	97.6643 61.8469,
	97.7299 61.7907,
	97.7674 61.7626,
	97.8423 61.7345,
	97.9922 61.6408,
	98.0671 61.5753,
	98.1046 61.5378,
	98.142 61.4629,
	98.1233 61.3879,
	98.1327 61.313,
	98.1608 61.2755,
	98.3106 61.1819,
	98.4605 61.1257,
	98.5916 61.0039,
	98.6291 60.9945,
	98.704 61.0133,
	98.7415 61.032,
	98.8913 61.0507,
	98.9663 61.032,
	99.0412 60.9852,
	99.1817 60.854,
	99.266 60.7042,
	99.3128 60.6292,
	99.3503 60.6012,
	99.4252 60.5731,
	99.5751 60.47,
	99.65 60.4794,
	99.7999 60.47,
	99.8748 60.4419,
	100.175 60.4326,
	100.249 60.4138,
	100.287 60.4138,
	100.362 60.4513,
	100.512 60.4794,
	100.662 60.4888,
	100.699 60.5075,
	100.774 60.5731,
	100.793 60.5918,
	100.943 60.6292,
	101.018 60.6386,
	101.055 60.6386,
	101.13 60.6667,
	101.205 60.6761,
	101.317 60.8166,
	101.392 60.8634,
	101.43 60.8821,
	101.58 60.8915,
	101.617 60.8915,
	101.636 60.8821,
	101.711 60.9102,
	101.786 60.9664,
	101.907 61.1163,
	101.926 61.1538,
	101.964 61.1819,
	101.982 61.2006,
	102.057 61.2193,
	102.076 61.2193,
	102.095 61.2381,
	102.113 61.2381,
	102.245 61.3786,
	102.31 61.5284,
	102.376 61.594,
	102.451 61.5659,
	102.488 61.5659,
	102.526 61.5846,
	102.563 61.6221,
	102.769 61.9125,
	102.844 61.9593,
	102.91 62.1092,
	102.928 62.1279,
	102.966 62.1373,
	103.003 62.1279,
	103.041 62.1373,
	103.078 62.1747,
	103.078 62.1935,
	103.181 62.3433,
	103.191 62.4182,
	103.191 62.4557,
	103.209 62.4932,
	103.275 62.5494,
	103.303 62.6243,
	103.331 62.7742,
	103.387 62.8491,
	103.415 62.924,
	103.425 62.999,
	103.415 63.1488,
	103.406 63.1769,
	103.453 63.2425,
	103.49 63.2706,
	103.518 63.3455,
	103.537 63.383,
	103.537 63.5329,
	103.565 63.561,
	103.584 63.561,
	103.612 63.5984,
	103.631 63.6734,
	103.64 63.7108,
	103.612 63.8607,
	103.575 63.9356,
	103.565 64.0106,
	103.631 64.3103,
	103.64 64.3852,
	103.621 64.5351,
	103.603 64.61,
	103.584 64.6475,
	103.593 64.7973,
	103.584 64.8723,
	103.546 64.9097,
	103.537 64.9472,
	103.556 65.0221,
	103.556 65.172,
	103.537 65.3219,
	103.49 65.4717,
	103.472 65.5092,
	103.453 65.5279,
	103.453 65.5467,
	103.415 65.5841,
	103.378 65.6591,
	103.369 65.8089,
	103.35 65.8464,
	103.275 65.8932,
	103.2 65.9213,
	103.097 66.0618,
	102.975 66.2117,
	102.947 66.2491,
	102.9 66.399,
	102.797 66.5489,
	102.497 66.8486,
	102.404 66.9985,
	102.338 67.1483,
	102.273 67.2139,
	102.198 67.2607,
	102.16 67.2607,
	102.142 67.2607,
	102.01 67.4106,
	101.935 67.4855,
	101.636 67.6822,
	101.486 67.7571,
	101.411 67.7946,
	101.261 67.8227,
	101.186 67.8321,
	101.111 67.8695,
	100.961 68.01,
	100.886 68.085,
	100.737 68.188,
	100.699 68.188,
	100.68 68.188,
	100.671 68.1693,
	100.371 68.2817,
	100.221 68.3472,
	100.146 68.366,
	100.072 68.3379,
	99.9966 68.3285,
	99.8467 68.3472,
	99.7718 68.3191,
	99.7343 68.3285,
	99.7156 68.3191,
	99.4159 68.366,
	99.3409 68.366,
	99.266 68.4128,
	99.1911 68.4222,
	99.0412 68.4034,
	98.7415 68.3098,
	98.5916 68.2348,
	98.5541 68.2067,
	98.4043 68.1786,
	98.3293 68.1786,
	98.1795 68.1412,
	98.1046 68.1037,
	98.0671 68.085,
	98.0484 68.085,
	97.9734 68.01,
	97.8704 67.8695,
	97.7955 67.8321,
	97.6456 67.7852,
	97.5707 67.7665,
	97.5051 67.7009,
	97.477 67.626,
	97.4676 67.5885,
	97.3927 67.523,
	97.3178 67.4761,
	97.2335 67.3263,
	97.2147 67.2514,
	97.1773 67.1764,
	97.1492 67.139,
	97.1492 67.1202,
	97.1304 67.1015,
	97.1117 66.9516,
	97.1023 66.8767,
	97.093 66.8392,
	97.0274 66.7737,
	96.9431 66.4739,
	96.9056 66.399,
	96.8026 66.2491,
	96.7558 66.0993,
	96.7277 65.9494,
	96.6996 65.8745,
	96.6808 65.837,
	96.6715 65.6872,
	96.6434 65.5373,
	96.6527 65.3874,
	96.6715 65.35,
	96.6808 65.275,
	96.6153 65.1252,
	96.5872 65.0502,
	96.5872 65.0128,
	"/>
</Transform>

</Section>