<?xml version="1.0"?>
<!DOCTYPE Section SYSTEM "section.dtd">

<Section index="59" thickness="0.085" alignLocked="true">
<Transform dim="0"
 xcoef=" 0 1 0 0 0 0"
 ycoef=" 0 0 1 0 0 0">
<Image mag="0.00855" contrast="1" brightness="0" red="true" green="true" blue="true"
 src="Aligned 633059.tif" />
<Contour name="domain1" hidden="false" closed="true" simplified="false" border="1 0 1" fill="1 0 1" mode="11"
 points="0 0,
	15991 0,
	15991 12171,
	0 12171,
	"/>
</Transform>

<Transform dim="0"
 xcoef=" 0 1 0 0 0 0"
 ycoef=" 0 0 1 0 0 0">
<Contour name="TB2 NF_18" hidden="true" closed="true" simplified="true" border="0.501961 0.501961 1" fill="0.501961 0.501961 1" mode="-9"
 points="89.6659 20.4376,
	89.6763 20.3957,
	89.7182 20.3539,
	89.802 20.312,
	89.8857 20.3015,
	89.9276 20.3015,
	90.0637 20.4376,
	90.0742 20.5214,
	90.0428 20.6051,
	89.959 20.6575,
	89.8753 20.668,
	89.7915 20.6575,
	89.7496 20.6365,
	89.7077 20.5528,
	89.6763 20.5109,
	89.6659 20.469,
	89.6659 20.4481,
	"/>
</Transform>

<Transform dim="0"
 xcoef=" 0 1 0 0 0 0"
 ycoef=" 0 0 1 0 0 0">
<Contour name="TB2 NF_15" hidden="true" closed="true" simplified="false" border="1 1 0" fill="1 1 0" mode="-9"
 points="78.9678 2.28066,
	79.0311 2.21731,
	79.0628 2.28066,
	78.9994 2.31233,
	"/>
<Contour name="TB2 NF_15" hidden="true" closed="true" simplified="false" border="1 1 0" fill="1 1 0" mode="-9"
 points="78.9678 2.24898,
	79.0311 2.12228,
	79.1578 2.0906,
	79.3162 2.31233,
	79.3479 2.37568,
	79.2529 2.50239,
	79.1261 2.53406,
	79.0628 2.53406,
	78.9994 2.47071,
	78.9994 2.34401,
	78.9994 2.28066,
	"/>
</Transform>

<Transform dim="0"
 xcoef=" 0 1 0 0 0 0"
 ycoef=" 0 0 1 0 0 0">
<Contour name="TB2 NF_15" hidden="true" closed="true" simplified="false" border="1 1 0" fill="1 1 0" mode="-9"
 points="78.9249 2.9182,
	78.9695 2.87364,
	78.9918 2.78454,
	79.014 2.76226,
	79.0809 2.85137,
	79.1031 2.87364,
	79.2814 2.76226,
	79.3705 2.67316,
	79.4373 2.49495,
	79.415 2.31674,
	79.3259 2.13852,
	79.3036 1.96031,
	79.3036 1.91576,
	79.3927 1.84893,
	79.5709 1.87121,
	79.7492 1.96031,
	79.8605 2.11625,
	79.9051 2.20535,
	79.9051 2.38356,
	79.8383 2.56177,
	79.7269 2.71771,
	79.3705 2.98502,
	79.014 3.05185,
	78.9249 2.98502,
	78.9249 2.94047,
	"/>
</Transform>

<Transform dim="0"
 xcoef=" 0 1 0 0 0 0"
 ycoef=" 0 0 1 0 0 0">
<Contour name="TB2 NF_17" hidden="true" closed="true" simplified="true" border="1 0.501961 0.501961" fill="1 0.501961 0.501961" mode="-9"
 points="80.3101 3.11258,
	80.3381 3.08453,
	80.3661 3.11258,
	80.3661 3.00041,
	80.4222 2.88825,
	80.4222 2.83216,
	80.5905 2.60783,
	80.7026 2.49567,
	81.1513 2.46763,
	81.2915 2.60783,
	81.2915 2.83216,
	81.0952 3.28082,
	80.8989 3.47711,
	80.6746 3.53319,
	80.5624 3.56123,
	80.4503 3.53319,
	80.3381 3.44907,
	80.3101 3.22474,
	80.3101 3.14062,
	"/>
</Transform>

<Transform dim="0"
 xcoef=" 0 1 0 0 0 0"
 ycoef=" 0 0 1 0 0 0">
<Contour name="TB2 NF_19_cw" hidden="false" closed="true" simplified="true" border="1 1 0" fill="1 0.502 0" mode="15"
 points="88.9291 1.92159,
	88.9505 1.8073,
	88.9863 1.693,
	88.9934 1.66443,
	89.0148 1.63586,
	89.022 1.60728,
	89.1077 1.49299,
	89.1363 1.46441,
	89.1506 1.44298,
	89.1791 1.42869,
	89.4077 1.42869,
	89.522 1.42155,
	89.5792 1.41441,
	89.6935 1.42869,
	89.7506 1.45013,
	89.7578 1.46441,
	89.722 1.52156,
	89.7578 1.63586,
	89.7578 1.693,
	89.722 1.75015,
	89.6077 1.82873,
	89.3791 1.95731,
	89.3506 1.96446,
	89.2363 1.95017,
	89.2148 1.94302,
	89.1006 1.97874,
	89.072 2.00017,
	89.0148 2.01446,
	89.0005 2.0216,
	88.9863 2.01446,
	88.972 2.0216,
	88.9505 2.00017,
	88.9363 1.94302,
	88.9291 1.92874,
	"/>
</Transform>

<Transform dim="0"
 xcoef=" 0 1 0 0 0 0"
 ycoef=" 0 0 1 0 0 0">
<Contour name="TB2 NF_06_cw" hidden="false" closed="true" simplified="true" border="1 1 0" fill="0.906 0.886 0.255" mode="15"
 points="79.1255 2.90885,
	79.1349 2.87132,
	79.1396 2.85255,
	79.1396 2.84317,
	79.1912 2.7681,
	79.2146 2.73057,
	79.2897 2.66019,
	79.3648 2.5992,
	79.3976 2.56167,
	79.4211 2.52413,
	79.4492 2.44907,
	79.4633 2.41153,
	79.4727 2.33647,
	79.4774 2.29893,
	79.4633 2.22386,
	79.4211 2.1488,
	79.4023 2.11126,
	79.3929 2.10188,
	79.3929 2.0925,
	79.3413 2.01743,
	79.3272 1.9799,
	79.3178 1.96113,
	79.3225 1.9236,
	79.3554 1.84853,
	79.3882 1.811,
	79.4258 1.79223,
	79.4633 1.79223,
	79.4821 1.78754,
	79.5524 1.71716,
	79.59 1.70778,
	79.6275 1.72185,
	79.7026 1.78754,
	79.7401 1.8063,
	79.8152 1.8673,
	79.8433 1.90483,
	79.8809 1.9799,
	79.909 2.05496,
	79.9512 2.2051,
	79.97 2.28017,
	79.9747 2.29893,
	79.9606 2.374,
	79.9465 2.41153,
	79.8996 2.4866,
	79.7917 2.63673,
	79.7166 2.67896,
	79.7026 2.71649,
	79.7073 2.75403,
	79.712 2.76341,
	79.7073 2.77279,
	79.712 2.77749,
	79.6979 2.81502,
	79.6979 2.8244,
	79.665 2.86194,
	79.6416 2.89947,
	79.6369 2.937,
	79.6369 2.94639,
	79.651 2.96515,
	79.6603 3.00269,
	79.6603 3.04022,
	79.6463 3.07775,
	79.6181 3.11529,
	79.5477 3.1669,
	79.4727 3.20912,
	79.4539 3.2232,
	79.3788 3.24196,
	79.3413 3.23727,
	79.3038 3.20912,
	79.285 3.19035,
	79.2803 3.18566,
	79.2803 3.19505,
	79.3038 3.22789,
	79.2944 3.23258,
	79.2193 3.18097,
	79.1818 3.14813,
	79.163 3.12936,
	79.1489 3.09183,
	79.1489 3.0543,
	79.1536 3.03553,
	79.1443 2.998,
	79.1349 2.97923,
	79.1302 2.94169,
	79.1255 2.92293,
	79.1255 2.91354,
	"/>
</Transform>

<Transform dim="0"
 xcoef=" 0 1 0 0 0 0"
 ycoef=" 0 0 1 0 0 0">
<Contour name="TB2 NF_23_cw" hidden="false" closed="true" simplified="true" border="0.973 0.757 0.016" fill="0.902 0.8 0.102" mode="15"
 points="80.3986 3.1913,
	80.4265 3.1541,
	80.4637 3.12621,
	80.473 2.97742,
	80.4684 2.90303,
	80.4684 2.86584,
	80.4963 2.79145,
	80.5753 2.64267,
	80.6497 2.57293,
	80.6869 2.54968,
	80.7055 2.53573,
	80.7241 2.53108,
	80.7334 2.52178,
	80.7427 2.52178,
	80.752 2.51248,
	80.7613 2.51248,
	80.7985 2.48924,
	80.8729 2.46599,
	81.0216 2.44274,
	81.0588 2.44739,
	81.0681 2.44739,
	81.0774 2.45669,
	81.1518 2.46134,
	81.189 2.47994,
	81.2262 2.48459,
	81.2634 2.50318,
	81.3006 2.50783,
	81.4494 2.55433,
	81.5238 2.56828,
	81.561 2.59152,
	81.6075 2.66126,
	81.6261 2.73566,
	81.6261 2.75425,
	81.5982 2.7961,
	81.5284 2.87049,
	81.5005 2.90768,
	81.3517 3.03322,
	81.282 3.09366,
	81.2448 3.13086,
	81.2076 3.15875,
	81.0588 3.30288,
	80.9844 3.36333,
	80.91 3.40982,
	80.8729 3.44237,
	80.7241 3.5307,
	80.6869 3.54465,
	80.6125 3.55395,
	80.5939 3.55395,
	80.5195 3.52606,
	80.4451 3.47491,
	80.4358 3.46561,
	80.4126 3.31683,
	80.3986 3.24244,
	80.3986 3.20525,
	80.3986 3.19595,
	"/>
</Transform>

<Transform dim="0"
 xcoef=" 0 1 0 0 0 0"
 ycoef=" 0 0 1 0 0 0">
<Image mag="0.00855" contrast="1" brightness="0" red="true" green="true" blue="true"
 src="..\TF21_robdata\Rob's_latest_seg_files_TF21_TB2\Aligned 633059.tif" />
<Contour name="domain1" hidden="false" closed="true" simplified="false" border="1 0 1" fill="1 0 1" mode="11"
 points="0 0,
	15991 0,
	15991 12171,
	0 12171,
	"/>
</Transform>

<Transform dim="0"
 xcoef=" 0 1 0 0 0 0"
 ycoef=" 0 0 1 0 0 0">
<Contour name="TB2 NF_18" hidden="true" closed="true" simplified="true" border="0.501961 0.501961 1" fill="0.501961 0.501961 1" mode="-9"
 points="89.6659 20.4376,
	89.6763 20.3957,
	89.7182 20.3539,
	89.802 20.312,
	89.8857 20.3015,
	89.9276 20.3015,
	90.0637 20.4376,
	90.0742 20.5214,
	90.0428 20.6051,
	89.959 20.6575,
	89.8753 20.668,
	89.7915 20.6575,
	89.7496 20.6365,
	89.7077 20.5528,
	89.6763 20.5109,
	89.6659 20.469,
	89.6659 20.4481,
	"/>
</Transform>

<Transform dim="0"
 xcoef=" 0 1 0 0 0 0"
 ycoef=" 0 0 1 0 0 0">
<Contour name="TB2 NF_15" hidden="true" closed="true" simplified="false" border="1 1 0" fill="1 1 0" mode="-9"
 points="78.9678 2.28066,
	79.0311 2.21731,
	79.0628 2.28066,
	78.9994 2.31233,
	"/>
<Contour name="TB2 NF_15" hidden="true" closed="true" simplified="false" border="1 1 0" fill="1 1 0" mode="-9"
 points="78.9678 2.24898,
	79.0311 2.12228,
	79.1578 2.0906,
	79.3162 2.31233,
	79.3479 2.37568,
	79.2529 2.50239,
	79.1261 2.53406,
	79.0628 2.53406,
	78.9994 2.47071,
	78.9994 2.34401,
	78.9994 2.28066,
	"/>
</Transform>

<Transform dim="0"
 xcoef=" 0 1 0 0 0 0"
 ycoef=" 0 0 1 0 0 0">
<Contour name="TB2 NF_15" hidden="true" closed="true" simplified="false" border="1 1 0" fill="1 1 0" mode="-9"
 points="78.9249 2.9182,
	78.9695 2.87364,
	78.9918 2.78454,
	79.014 2.76226,
	79.0809 2.85137,
	79.1031 2.87364,
	79.2814 2.76226,
	79.3705 2.67316,
	79.4373 2.49495,
	79.415 2.31674,
	79.3259 2.13852,
	79.3036 1.96031,
	79.3036 1.91576,
	79.3927 1.84893,
	79.5709 1.87121,
	79.7492 1.96031,
	79.8605 2.11625,
	79.9051 2.20535,
	79.9051 2.38356,
	79.8383 2.56177,
	79.7269 2.71771,
	79.3705 2.98502,
	79.014 3.05185,
	78.9249 2.98502,
	78.9249 2.94047,
	"/>
</Transform>

<Transform dim="0"
 xcoef=" 0 1 0 0 0 0"
 ycoef=" 0 0 1 0 0 0">
<Contour name="TB2 NF_17" hidden="true" closed="true" simplified="true" border="1 0.501961 0.501961" fill="1 0.501961 0.501961" mode="-9"
 points="80.3101 3.11258,
	80.3381 3.08453,
	80.3661 3.11258,
	80.3661 3.00041,
	80.4222 2.88825,
	80.4222 2.83216,
	80.5905 2.60783,
	80.7026 2.49567,
	81.1513 2.46763,
	81.2915 2.60783,
	81.2915 2.83216,
	81.0952 3.28082,
	80.8989 3.47711,
	80.6746 3.53319,
	80.5624 3.56123,
	80.4503 3.53319,
	80.3381 3.44907,
	80.3101 3.22474,
	80.3101 3.14062,
	"/>
</Transform>

<Transform dim="0"
 xcoef=" 0 1 0 0 0 0"
 ycoef=" 0 0 1 0 0 0">
<Contour name="TB2 NF_06_cw" hidden="false" closed="true" simplified="true" border="0.843137 0.843137 0" fill="0.843137 0.843137 0" mode="-9"
 points="79.1255 2.90885,
	79.1349 2.87132,
	79.1396 2.85255,
	79.1396 2.84317,
	79.1912 2.7681,
	79.2146 2.73057,
	79.2897 2.66019,
	79.3648 2.5992,
	79.3976 2.56167,
	79.4211 2.52413,
	79.4492 2.44907,
	79.4633 2.41153,
	79.4727 2.33647,
	79.4774 2.29893,
	79.4633 2.22386,
	79.4211 2.1488,
	79.4023 2.11126,
	79.3929 2.10188,
	79.3929 2.0925,
	79.3413 2.01743,
	79.3272 1.9799,
	79.3178 1.96113,
	79.3225 1.9236,
	79.3554 1.84853,
	79.3882 1.811,
	79.4258 1.79223,
	79.4633 1.79223,
	79.4821 1.78754,
	79.5524 1.71716,
	79.59 1.70778,
	79.6275 1.72185,
	79.7026 1.78754,
	79.7401 1.8063,
	79.8152 1.8673,
	79.8433 1.90483,
	79.8809 1.9799,
	79.909 2.05496,
	79.9512 2.2051,
	79.97 2.28017,
	79.9747 2.29893,
	79.9606 2.374,
	79.9465 2.41153,
	79.8996 2.4866,
	79.7917 2.63673,
	79.7166 2.67896,
	79.7026 2.71649,
	79.7073 2.75403,
	79.712 2.76341,
	79.7073 2.77279,
	79.712 2.77749,
	79.6979 2.81502,
	79.6979 2.8244,
	79.665 2.86194,
	79.6416 2.89947,
	79.6369 2.937,
	79.6369 2.94639,
	79.651 2.96515,
	79.6603 3.00269,
	79.6603 3.04022,
	79.6463 3.07775,
	79.6181 3.11529,
	79.5477 3.1669,
	79.4727 3.20912,
	79.4539 3.2232,
	79.3788 3.24196,
	79.3413 3.23727,
	79.3038 3.20912,
	79.285 3.19035,
	79.2803 3.18566,
	79.2803 3.19505,
	79.3038 3.22789,
	79.2944 3.23258,
	79.2193 3.18097,
	79.1818 3.14813,
	79.163 3.12936,
	79.1489 3.09183,
	79.1489 3.0543,
	79.1536 3.03553,
	79.1443 2.998,
	79.1349 2.97923,
	79.1302 2.94169,
	79.1255 2.92293,
	79.1255 2.91354,
	"/>
</Transform>

<Transform dim="0"
 xcoef=" 0 1 0 0 0 0"
 ycoef=" 0 0 1 0 0 0">
<Contour name="TB2 NF_10_rsl" hidden="false" closed="true" simplified="true" border="0.502 0.502 0.753" fill="0.502 0.502 0.753" mode="-9"
 points="79.0897 2.20459,
	79.1097 2.16451,
	79.1248 2.14447,
	79.1448 2.13445,
	79.1849 2.14447,
	79.225 2.17453,
	79.2601 2.21461,
	79.2801 2.2547,
	79.2851 2.29478,
	79.2801 2.33486,
	79.2801 2.3549,
	79.2751 2.36493,
	79.3152 2.38998,
	79.3352 2.4,
	79.3452 2.41002,
	79.3052 2.43507,
	79.225 2.4501,
	79.2049 2.44509,
	79.1649 2.41002,
	79.1348 2.36994,
	79.1198 2.32985,
	79.0947 2.28977,
	79.0897 2.2096,
	"/>
</Transform>

<Transform dim="0"
 xcoef=" 0 1 0 0 0 0"
 ycoef=" 0 0 1 0 0 0">
<Contour name="TB2 NF_10_rsl" hidden="false" closed="true" simplified="true" border="0.502 0.502 0.753" fill="0.502 0.502 0.753" mode="-9"
 points="78.5518 1.40693,
	78.5639 1.37487,
	78.5959 1.34681,
	78.6601 1.33478,
	78.7883 1.33478,
	78.8204 1.3428,
	78.8364 1.34681,
	78.9006 1.3909,
	78.9286 1.42297,
	78.9487 1.45503,
	78.9647 1.51917,
	78.9647 1.5833,
	78.9406 1.64744,
	78.9406 1.65545,
	78.9326 1.66347,
	78.9326 1.67149,
	78.9046 1.69954,
	78.8885 1.71558,
	78.8565 1.73161,
	78.8244 1.73562,
	78.7923 1.73161,
	78.7282 1.70756,
	78.6961 1.69153,
	78.6721 1.67149,
	78.644 1.63942,
	78.628 1.62339,
	78.5839 1.56326,
	78.5679 1.53119,
	78.5518 1.46706,
	78.5518 1.43499,
	78.5518 1.41896,
	78.5518 1.41094,
	"/>
</Transform>

<Transform dim="0"
 xcoef=" 0 1 0 0 0 0"
 ycoef=" 0 0 1 0 0 0">
<Image mag="0.00855" contrast="1" brightness="0" red="true" green="true" blue="true"
 src="..\TF21_robdata\Rob's_latest_seg_files_TF21_TB2\Aligned 633059.tif" />
<Contour name="domain1" hidden="false" closed="true" simplified="false" border="1 0 1" fill="1 0 1" mode="11"
 points="0 0,
	15991 0,
	15991 12171,
	0 12171,
	"/>
</Transform>

<Transform dim="0"
 xcoef=" 0 1 0 0 0 0"
 ycoef=" 0 0 1 0 0 0">
<Contour name="TB2 NF_18" hidden="true" closed="true" simplified="true" border="0.501961 0.501961 1" fill="0.501961 0.501961 1" mode="-9"
 points="89.6659 20.4376,
	89.6763 20.3957,
	89.7182 20.3539,
	89.802 20.312,
	89.8857 20.3015,
	89.9276 20.3015,
	90.0637 20.4376,
	90.0742 20.5214,
	90.0428 20.6051,
	89.959 20.6575,
	89.8753 20.668,
	89.7915 20.6575,
	89.7496 20.6365,
	89.7077 20.5528,
	89.6763 20.5109,
	89.6659 20.469,
	89.6659 20.4481,
	"/>
</Transform>

<Transform dim="0"
 xcoef=" 0 1 0 0 0 0"
 ycoef=" 0 0 1 0 0 0">
<Contour name="TB2 NF_15" hidden="true" closed="true" simplified="false" border="1 1 0" fill="1 1 0" mode="-9"
 points="78.9678 2.28066,
	79.0311 2.21731,
	79.0628 2.28066,
	78.9994 2.31233,
	"/>
<Contour name="TB2 NF_15" hidden="true" closed="true" simplified="false" border="1 1 0" fill="1 1 0" mode="-9"
 points="78.9678 2.24898,
	79.0311 2.12228,
	79.1578 2.0906,
	79.3162 2.31233,
	79.3479 2.37568,
	79.2529 2.50239,
	79.1261 2.53406,
	79.0628 2.53406,
	78.9994 2.47071,
	78.9994 2.34401,
	78.9994 2.28066,
	"/>
</Transform>

<Transform dim="0"
 xcoef=" 0 1 0 0 0 0"
 ycoef=" 0 0 1 0 0 0">
<Contour name="TB2 NF_15" hidden="true" closed="true" simplified="false" border="1 1 0" fill="1 1 0" mode="-9"
 points="78.9249 2.9182,
	78.9695 2.87364,
	78.9918 2.78454,
	79.014 2.76226,
	79.0809 2.85137,
	79.1031 2.87364,
	79.2814 2.76226,
	79.3705 2.67316,
	79.4373 2.49495,
	79.415 2.31674,
	79.3259 2.13852,
	79.3036 1.96031,
	79.3036 1.91576,
	79.3927 1.84893,
	79.5709 1.87121,
	79.7492 1.96031,
	79.8605 2.11625,
	79.9051 2.20535,
	79.9051 2.38356,
	79.8383 2.56177,
	79.7269 2.71771,
	79.3705 2.98502,
	79.014 3.05185,
	78.9249 2.98502,
	78.9249 2.94047,
	"/>
</Transform>

<Transform dim="0"
 xcoef=" 0 1 0 0 0 0"
 ycoef=" 0 0 1 0 0 0">
<Contour name="TB2 NF_17" hidden="true" closed="true" simplified="true" border="1 0.501961 0.501961" fill="1 0.501961 0.501961" mode="-9"
 points="80.3101 3.11258,
	80.3381 3.08453,
	80.3661 3.11258,
	80.3661 3.00041,
	80.4222 2.88825,
	80.4222 2.83216,
	80.5905 2.60783,
	80.7026 2.49567,
	81.1513 2.46763,
	81.2915 2.60783,
	81.2915 2.83216,
	81.0952 3.28082,
	80.8989 3.47711,
	80.6746 3.53319,
	80.5624 3.56123,
	80.4503 3.53319,
	80.3381 3.44907,
	80.3101 3.22474,
	80.3101 3.14062,
	"/>
</Transform>

<Transform dim="0"
 xcoef=" 0 1 0 0 0 0"
 ycoef=" 0 0 1 0 0 0">
<Contour name="TB2 NF_06_cw" hidden="false" closed="true" simplified="true" border="0.843137 0.843137 0" fill="0.843137 0.843137 0" mode="-9"
 points="79.1255 2.90885,
	79.1349 2.87132,
	79.1396 2.85255,
	79.1396 2.84317,
	79.1912 2.7681,
	79.2146 2.73057,
	79.2897 2.66019,
	79.3648 2.5992,
	79.3976 2.56167,
	79.4211 2.52413,
	79.4492 2.44907,
	79.4633 2.41153,
	79.4727 2.33647,
	79.4774 2.29893,
	79.4633 2.22386,
	79.4211 2.1488,
	79.4023 2.11126,
	79.3929 2.10188,
	79.3929 2.0925,
	79.3413 2.01743,
	79.3272 1.9799,
	79.3178 1.96113,
	79.3225 1.9236,
	79.3554 1.84853,
	79.3882 1.811,
	79.4258 1.79223,
	79.4633 1.79223,
	79.4821 1.78754,
	79.5524 1.71716,
	79.59 1.70778,
	79.6275 1.72185,
	79.7026 1.78754,
	79.7401 1.8063,
	79.8152 1.8673,
	79.8433 1.90483,
	79.8809 1.9799,
	79.909 2.05496,
	79.9512 2.2051,
	79.97 2.28017,
	79.9747 2.29893,
	79.9606 2.374,
	79.9465 2.41153,
	79.8996 2.4866,
	79.7917 2.63673,
	79.7166 2.67896,
	79.7026 2.71649,
	79.7073 2.75403,
	79.712 2.76341,
	79.7073 2.77279,
	79.712 2.77749,
	79.6979 2.81502,
	79.6979 2.8244,
	79.665 2.86194,
	79.6416 2.89947,
	79.6369 2.937,
	79.6369 2.94639,
	79.651 2.96515,
	79.6603 3.00269,
	79.6603 3.04022,
	79.6463 3.07775,
	79.6181 3.11529,
	79.5477 3.1669,
	79.4727 3.20912,
	79.4539 3.2232,
	79.3788 3.24196,
	79.3413 3.23727,
	79.3038 3.20912,
	79.285 3.19035,
	79.2803 3.18566,
	79.2803 3.19505,
	79.3038 3.22789,
	79.2944 3.23258,
	79.2193 3.18097,
	79.1818 3.14813,
	79.163 3.12936,
	79.1489 3.09183,
	79.1489 3.0543,
	79.1536 3.03553,
	79.1443 2.998,
	79.1349 2.97923,
	79.1302 2.94169,
	79.1255 2.92293,
	79.1255 2.91354,
	"/>
</Transform>

<Transform dim="0"
 xcoef=" 0 1 0 0 0 0"
 ycoef=" 0 0 1 0 0 0">
<Contour name="TB2 NF_10_rsl" hidden="false" closed="true" simplified="true" border="0.502 0.502 0.753" fill="0.502 0.502 0.753" mode="-9"
 points="79.0897 2.20459,
	79.1097 2.16451,
	79.1248 2.14447,
	79.1448 2.13445,
	79.1849 2.14447,
	79.225 2.17453,
	79.2601 2.21461,
	79.2801 2.2547,
	79.2851 2.29478,
	79.2801 2.33486,
	79.2801 2.3549,
	79.2751 2.36493,
	79.3152 2.38998,
	79.3352 2.4,
	79.3452 2.41002,
	79.3052 2.43507,
	79.225 2.4501,
	79.2049 2.44509,
	79.1649 2.41002,
	79.1348 2.36994,
	79.1198 2.32985,
	79.0947 2.28977,
	79.0897 2.2096,
	"/>
</Transform>

<Transform dim="0"
 xcoef=" 0 1 0 0 0 0"
 ycoef=" 0 0 1 0 0 0">
<Contour name="TB2 NF_10_rsl" hidden="false" closed="true" simplified="true" border="0.502 0.502 0.753" fill="0.502 0.502 0.753" mode="-9"
 points="78.5518 1.40693,
	78.5639 1.37487,
	78.5959 1.34681,
	78.6601 1.33478,
	78.7883 1.33478,
	78.8204 1.3428,
	78.8364 1.34681,
	78.9006 1.3909,
	78.9286 1.42297,
	78.9487 1.45503,
	78.9647 1.51917,
	78.9647 1.5833,
	78.9406 1.64744,
	78.9406 1.65545,
	78.9326 1.66347,
	78.9326 1.67149,
	78.9046 1.69954,
	78.8885 1.71558,
	78.8565 1.73161,
	78.8244 1.73562,
	78.7923 1.73161,
	78.7282 1.70756,
	78.6961 1.69153,
	78.6721 1.67149,
	78.644 1.63942,
	78.628 1.62339,
	78.5839 1.56326,
	78.5679 1.53119,
	78.5518 1.46706,
	78.5518 1.43499,
	78.5518 1.41896,
	78.5518 1.41094,
	"/>
</Transform>

<Transform dim="0"
 xcoef=" 0 1 0 0 0 0"
 ycoef=" 0 0 1 0 0 0">
<Image mag="0.00855" contrast="1" brightness="0" red="true" green="true" blue="true"
 src="Aligned 633059.tif" />
<Contour name="a1" hidden="false" closed="true" simplified="false" border="1 0.5 0" fill="1 0.5 0" mode="11"
 points="0 0,
	15991 0,
	15991 12171,
	0 12171,
	"/>
</Transform>

<Transform dim="0"
 xcoef=" 0 1 0 0 0 0"
 ycoef=" 0 0 1 0 0 0">
<Contour name="EP_NF01_cw" hidden="false" closed="true" simplified="true" border="0.972549 0.756863 0.0156863" fill="0.972549 0.623529 0.262745" mode="15"
 points="128.446 74.9021,
	128.457 74.8574,
	128.485 74.8126,
	128.575 74.7511,
	128.664 74.7175,
	128.709 74.7008,
	128.798 74.6896,
	128.843 74.6896,
	128.865 74.684,
	128.955 74.6952,
	129 74.7008,
	129.022 74.7175,
	129.201 74.7679,
	129.246 74.7735,
	129.335 74.8126,
	129.358 74.8182,
	129.369 74.8294,
	129.413 74.8462,
	129.458 74.8741,
	129.481 74.8797,
	129.559 74.958,
	129.598 74.9916,
	129.626 75.0251,
	129.715 75.1034,
	129.755 75.1314,
	129.777 75.1538,
	129.805 75.2432,
	129.811 75.288,
	129.805 75.3327,
	129.799 75.3439,
	129.805 75.5229,
	129.794 75.5676,
	129.732 75.6571,
	129.693 75.7018,
	129.604 75.7634,
	129.592 75.7745,
	129.548 75.7857,
	129.458 75.7857,
	129.369 75.7578,
	129.19 75.7242,
	129.011 75.6627,
	128.966 75.6403,
	128.955 75.6291,
	128.944 75.6291,
	128.765 75.5005,
	128.742 75.4837,
	128.698 75.4669,
	128.658 75.4278,
	128.63 75.3887,
	128.586 75.3439,
	128.558 75.2992,
	128.541 75.2544,
	128.547 75.1649,
	128.552 75.1426,
	128.507 75.0978,
	128.457 75.0084,
	128.446 74.986,
	128.446 74.9412,
	128.446 74.9189,
	128.446 74.9077,
	"/>
<Contour name="EP_NF01_cw" hidden="false" closed="true" simplified="true" border="0.972549 0.756863 0.0156863" fill="0.972549 0.623529 0.262745" mode="15"
 points="127.104 76.0989,
	127.115 76.0765,
	127.16 76.0374,
	127.204 76.0206,
	127.227 76.015,
	127.316 76.0262,
	127.361 76.0318,
	127.383 76.043,
	127.473 76.0542,
	127.518 76.071,
	127.546 76.1157,
	127.557 76.1604,
	127.601 76.1884,
	127.607 76.194,
	127.629 76.1828,
	127.663 76.1437,
	127.708 76.1269,
	127.887 76.1101,
	127.976 76.1213,
	128.021 76.1269,
	128.066 76.1437,
	128.088 76.1548,
	128.099 76.1548,
	128.144 76.194,
	128.189 76.2164,
	128.278 76.2275,
	128.301 76.2275,
	128.323 76.2387,
	128.334 76.2499,
	128.379 76.2667,
	128.424 76.2947,
	128.446 76.3058,
	128.474 76.3506,
	128.479 76.3953,
	128.468 76.4401,
	128.463 76.4624,
	128.479 76.5519,
	128.519 76.6358,
	128.524 76.6806,
	128.507 76.7253,
	128.463 76.7533,
	128.418 76.7588,
	128.396 76.7644,
	128.351 76.7533,
	128.306 76.7309,
	128.233 76.6582,
	128.189 76.6302,
	128.099 76.5967,
	128.054 76.5631,
	128.01 76.5519,
	127.987 76.5463,
	127.943 76.5631,
	127.92 76.5743,
	127.875 76.619,
	127.831 76.647,
	127.786 76.6638,
	127.741 76.6917,
	127.697 76.7029,
	127.652 76.6973,
	127.562 76.7085,
	127.473 76.6973,
	127.428 76.6861,
	127.383 76.6582,
	127.367 76.6358,
	127.361 76.5911,
	127.367 76.5463,
	127.35 76.5016,
	127.344 76.4792,
	127.176 76.317,
	127.137 76.2723,
	127.109 76.1828,
	127.104 76.1381,
	127.104 76.1157,
	127.104 76.1045,
	"/>
<Contour name="EP_NF01_cw" hidden="false" closed="true" simplified="true" border="0.972549 0.756863 0.0156863" fill="0.972549 0.623529 0.262745" mode="15"
 points="128.06 78.0843,
	128.071 78.0396,
	128.094 77.9948,
	128.099 77.9501,
	128.127 77.9053,
	128.138 77.8886,
	128.133 77.883,
	128.217 77.7991,
	128.261 77.7823,
	128.306 77.7543,
	128.485 77.704,
	128.575 77.704,
	128.754 77.7208,
	128.843 77.7543,
	128.888 77.7767,
	128.96 77.8606,
	128.977 77.883,
	128.983 77.9053,
	129.011 77.9501,
	129.028 77.9948,
	129.033 78.0396,
	128.994 78.129,
	128.988 78.1514,
	128.949 78.1962,
	128.776 78.3248,
	128.731 78.3527,
	128.709 78.3583,
	128.664 78.3919,
	128.653 78.4031,
	128.608 78.4143,
	128.563 78.4366,
	128.474 78.4534,
	128.429 78.4366,
	128.25 78.3304,
	128.205 78.3024,
	128.116 78.2185,
	128.094 78.1962,
	128.071 78.1514,
	128.066 78.1067,
	128.06 78.0899,
	"/>
</Transform>

</Section>