<?xml version="1.0"?>
<!DOCTYPE Section SYSTEM "section.dtd">

<Section index="551" thickness="0.085" alignLocked="true">
<Transform dim="0"
 xcoef=" 0 1 0 0 0 0"
 ycoef=" 0 0 1 0 0 0">
<Image mag="0.00855" contrast="1" brightness="0" red="true" green="true" blue="true"
 src="Aligned 633551.tif" />
<Contour name="domain1" hidden="false" closed="true" simplified="false" border="1 0 1" fill="1 0 1" mode="11"
 points="0 0,
	15991 0,
	15991 12171,
	0 12171,
	"/>
</Transform>

<Transform dim="0"
 xcoef=" 0 1 0 0 0 0"
 ycoef=" 0 0 1 0 0 0">
<Contour name="TB2 Nucleus_68" hidden="false" closed="true" simplified="true" border="1 0 0" fill="1 0 0" mode="9"
 points="61.6915 51.3002,
	61.9103 50.4252,
	62.1837 50.0423,
	62.4025 49.8782,
	62.84 49.7142,
	63.0041 49.6048,
	63.0588 49.6595,
	63.0041 49.7142,
	63.3322 50.5892,
	63.4416 51.0268,
	63.6604 51.4643,
	63.7151 51.9018,
	63.551 52.7769,
	63.4416 52.9956,
	63.4963 53.4332,
	63.4963 53.6519,
	63.2776 54.0895,
	62.84 54.3629,
	62.6213 54.3082,
	62.4025 54.1441,
	62.2931 54.0348,
	62.2931 53.816,
	62.129 53.3785,
	62.0743 53.1597,
	61.8009 52.7222,
	61.6915 52.2847,
	61.6915 51.4096,
	61.6915 51.3549,
	"/>
</Transform>

<Transform dim="0"
 xcoef=" 0 1 0 0 0 0"
 ycoef=" 0 0 1 0 0 0">
<Contour name="TB2 Nucleus_72" hidden="false" closed="true" simplified="true" border="1 0 0" fill="1 0 0" mode="9"
 points="75.2549 47.8,
	75.419 47.5812,
	75.4737 47.3625,
	75.3643 47.1437,
	75.3643 47.0343,
	75.8018 46.8155,
	75.9112 46.5968,
	75.8565 46.1593,
	75.9112 45.7217,
	76.0206 45.6123,
	76.8956 45.4483,
	77.3332 45.4483,
	77.4425 45.4483,
	77.4972 45.2295,
	77.5519 45.1201,
	77.4972 44.9014,
	77.3878 44.792,
	76.9503 44.6279,
	76.8409 44.5185,
	76.8409 44.4091,
	76.6769 44.1904,
	76.5675 44.1357,
	76.4581 43.2606,
	76.6222 42.8231,
	77.2238 41.948,
	77.6066 41.5652,
	78.1535 40.6901,
	78.4817 40.2526,
	78.7004 40.0339,
	79.138 39.9792,
	79.4114 40.4167,
	79.4661 41.2917,
	79.4114 41.7293,
	79.302 41.8387,
	79.0833 41.784,
	78.9192 41.5652,
	78.8645 41.5105,
	78.7551 41.6746,
	78.8645 42.5496,
	79.0286 42.9872,
	79.2473 43.0419,
	79.4661 42.8778,
	79.6849 42.8231,
	79.9036 43.0419,
	80.2865 43.9169,
	80.3959 44.1357,
	80.7787 47.6359,
	80.724 48.511,
	80.724 48.9485,
	80.9975 49.8236,
	80.9428 50.6986,
	80.724 51.1361,
	80.724 51.2455,
	80.1224 52.1206,
	79.9036 52.3393,
	79.8489 52.4487,
	79.4114 52.6128,
	78.9739 52.8863,
	78.0988 53.0503,
	77.8801 53.105,
	77.005 52.8863,
	76.7862 52.7769,
	76.0753 51.9018,
	75.6924 51.4643,
	75.419 51.0268,
	75.3643 50.808,
	75.5283 50.3705,
	75.583 50.1517,
	75.4737 49.2766,
	75.3643 48.8391,
	75.2549 48.6203,
	75.2549 48.1828,
	75.2549 47.9641,
	75.2549 47.8547,
	"/>
</Transform>

<Transform dim="0"
 xcoef=" 0 1 0 0 0 0"
 ycoef=" 0 0 1 0 0 0">
<Contour name="TB2 Nucleus_72" hidden="false" closed="true" simplified="true" border="1 0 0" fill="1 0 0" mode="9"
 points="75.2002 45.8311,
	75.4737 44.956,
	75.7471 44.5185,
	75.9659 44.3544,
	76.0753 44.2451,
	76.5128 44.3544,
	76.7316 44.5732,
	76.7862 44.792,
	76.8409 44.8467,
	76.5675 45.2295,
	76.4581 45.2842,
	76.2393 45.2295,
	76.0206 45.3389,
	75.6377 45.7217,
	75.5283 46.1593,
	75.6377 46.3233,
	75.419 46.5421,
	75.3643 46.5968,
	75.2002 46.4327,
	75.2002 45.9952,
	75.2002 45.8858,
	"/>
</Transform>

<Transform dim="0"
 xcoef=" 0 1 0 0 0 0"
 ycoef=" 0 0 1 0 0 0">
<Contour name="TB2 Nucleus_73" hidden="false" closed="true" simplified="true" border="1 0 0" fill="1 0 0" mode="9"
 points="76.6267 23.1482,
	76.6635 23.1298,
	76.6819 23.2771,
	76.7187 23.3324,
	76.7924 23.185,
	76.8661 22.8904,
	76.9029 22.5957,
	76.995 22.4484,
	77.1423 22.3563,
	77.2159 22.3379,
	77.2896 22.3748,
	77.3633 22.3563,
	77.4001 22.3195,
	77.4369 22.0249,
	77.4369 21.8775,
	77.3817 21.8039,
	77.3817 21.7302,
	77.529 21.6381,
	77.6763 21.6013,
	77.8237 21.6381,
	78.1183 21.7855,
	78.2656 21.8775,
	78.413 21.9144,
	78.4866 21.9144,
	78.7444 21.675,
	78.8181 21.6566,
	78.8918 21.6013,
	79.0391 21.5645,
	79.1864 21.5645,
	79.2601 21.5645,
	79.2785 21.5829,
	79.5731 21.5461,
	79.6468 21.5461,
	79.7204 21.4724,
	79.7573 21.3987,
	79.8309 21.3251,
	79.9599 21.2883,
	80.1072 21.3251,
	80.1808 21.3619,
	80.4755 21.2514,
	80.6228 21.2514,
	80.7701 21.2883,
	81.0648 21.454,
	81.2121 21.5645,
	81.5067 21.7118,
	81.5804 21.7302,
	81.6172 21.7671,
	81.6541 21.7671,
	81.8014 21.8775,
	81.9119 21.988,
	82.2065 22.0433,
	82.2802 22.0617,
	82.8695 22.3932,
	82.9984 22.5405,
	83.0168 22.6142,
	82.9984 22.6878,
	82.9432 22.7615,
	82.7958 22.7799,
	82.7222 22.8351,
	82.7038 22.9088,
	82.7222 22.9825,
	83.3115 23.0193,
	83.6061 23.185,
	83.7534 23.2403,
	83.8271 23.2587,
	84.1217 23.4613,
	84.2691 23.5718,
	84.3427 23.6086,
	84.4716 23.7559,
	84.5637 23.9032,
	84.711 24.4925,
	84.8031 24.7872,
	84.8584 25.0818,
	84.9136 25.2292,
	85.0057 26.4077,
	85.0241 26.997,
	85.0057 27.0707,
	84.7479 27.3285,
	84.5821 27.6047,
	84.5085 27.7521,
	84.4532 27.8257,
	84.4164 28.1204,
	84.4164 28.2677,
	84.4164 28.3414,
	84.3796 28.415,
	84.3796 28.5624,
	84.3796 28.636,
	84.2506 28.7833,
	84.1033 28.8386,
	83.956 28.8202,
	83.8087 28.7465,
	83.2194 28.7833,
	83.0721 28.8202,
	82.9247 28.8202,
	82.6301 28.7281,
	82.0408 28.415,
	81.7461 28.2493,
	81.4515 28.194,
	81.1569 28.0835,
	81.0095 28.0467,
	80.8622 28.0835,
	80.7149 28.0099,
	79.5731 27.0891,
	79.2969 26.8497,
	79.168 26.7024,
	78.7997 26.1315,
	78.5787 25.8553,
	78.3025 25.579,
	78.0446 25.3396,
	77.7868 25.045,
	77.6948 24.8977,
	77.6763 24.824,
	77.6395 24.7872,
	77.5474 24.4925,
	77.4922 24.1979,
	77.4001 24.0506,
	77.2712 23.9217,
	77.1423 23.8296,
	76.8661 23.5534,
	76.7371 23.406,
	76.7187 23.3876,
	76.6819 23.4244,
	76.6635 23.4981,
	76.6267 23.4244,
	76.6451 23.2771,
	76.6267 23.2035,
	76.6267 23.1666,
	"/>
</Transform>

<Transform dim="0"
 xcoef=" 0 1 0 0 0 0"
 ycoef=" 0 0 1 0 0 0">
<Contour name="TB2 Nucleus_41" hidden="false" closed="true" simplified="true" border="1 0 0" fill="1 0 0" mode="9"
 points="62.5261 61.354,
	62.5627 60.7679,
	62.6726 60.1818,
	62.7825 59.8888,
	63.1854 59.3027,
	63.2953 59.0097,
	63.4785 58.7167,
	63.7349 58.4236,
	63.8814 58.2771,
	64.0279 58.3137,
	64.3209 58.5701,
	64.5041 58.8632,
	64.5773 59.0097,
	64.5773 59.083,
	64.7239 59.2295,
	65.0169 59.3027,
	65.1634 59.376,
	65.4198 59.6324,
	65.7128 59.8155,
	66.2989 59.9254,
	66.4454 59.9621,
	67.0315 59.8888,
	67.6176 59.9254,
	67.9106 59.9987,
	68.0571 60.0719,
	68.3502 60.365,
	68.6432 60.5848,
	68.7897 60.5848,
	68.9362 60.658,
	69.5223 60.7679,
	69.8153 60.8778,
	69.9618 60.8778,
	70.0351 60.8778,
	70.5479 61.3906,
	70.8409 61.5005,
	71.0241 61.7569,
	71.2072 62.343,
	71.3171 62.929,
	71.3537 63.5151,
	71.3537 63.8081,
	71.1706 64.3942,
	70.9875 64.6506,
	70.6944 64.907,
	70.4746 65.4931,
	70.2182 65.7861,
	70.0717 65.9326,
	69.9985 66.0059,
	69.7054 66.0425,
	69.1194 65.9326,
	68.9728 65.9693,
	68.8263 66.0791,
	68.7531 66.2257,
	68.46 66.4454,
	68.3868 66.4088,
	68.3135 66.5553,
	68.0205 66.5187,
	67.874 66.4821,
	67.8007 66.4088,
	67.6542 66.4088,
	67.5077 66.3355,
	67.2146 66.3355,
	67.0681 66.2989,
	66.8117 66.0425,
	66.4454 65.4564,
	66.189 65.2367,
	66.1158 65.1634,
	65.8227 65.0902,
	65.2367 65.1268,
	64.6506 65.0169,
	64.3576 64.907,
	64.211 64.8704,
	64.0645 64.7605,
	63.918 64.4675,
	63.8448 64.1744,
	63.5517 63.5884,
	63.1488 63.0389,
	62.8924 62.7459,
	62.7093 62.4895,
	62.5627 61.9034,
	62.5627 61.6104,
	62.5261 61.4639,
	62.5261 61.3906,
	"/>
</Transform>

<Transform dim="0"
 xcoef=" 0 1 0 0 0 0"
 ycoef=" 0 0 1 0 0 0">
<Contour name="TB2 Nucleus_53" hidden="false" closed="true" simplified="true" border="1 0 0" fill="1 0 0" mode="9"
 points="65.035 50.021,
	65.17 49.4034,
	65.2086 49.249,
	65.2279 49.1718,
	65.2279 49.1332,
	65.2858 49.056,
	65.3437 48.9017,
	65.556 48.6122,
	65.6718 48.4771,
	65.9806 48.2069,
	65.8262 48.2069,
	65.7683 48.1876,
	65.8262 48.1104,
	65.9806 48.0525,
	66.135 48.0332,
	66.2893 48.0718,
	66.3472 48.149,
	66.3858 48.1876,
	66.3858 48.342,
	66.1736 48.9596,
	66.1543 49.1139,
	66.0964 49.2683,
	66.0578 49.5771,
	66.0771 49.8859,
	66.0578 50.0403,
	66.0192 50.1174,
	65.7297 50.4069,
	65.5753 50.5034,
	65.4402 50.5613,
	65.2858 50.5034,
	65.2086 50.4648,
	65.0736 50.3104,
	65.035 50.2332,
	65.035 50.0788,
	65.035 50.0403,
	"/>
</Transform>

<Transform dim="0"
 xcoef=" 0 1 0 0 0 0"
 ycoef=" 0 0 1 0 0 0">
<Contour name="TB2 Nucleus_44" hidden="false" closed="true" simplified="true" border="1 0 0" fill="1 0 1" mode="9"
 points="81.1936 43.8776,
	81.2553 43.3835,
	81.3634 42.8895,
	81.4252 42.3954,
	81.456 42.1484,
	81.456 42.0249,
	81.5024 41.7779,
	81.6104 41.5308,
	81.6568 41.4691,
	81.7648 41.2221,
	81.7803 41.0986,
	81.7957 41.0368,
	81.7494 40.9133,
	81.6104 40.6663,
	81.6104 40.6354,
	81.5641 40.5736,
	81.5178 40.4501,
	81.4869 40.2031,
	81.5178 39.709,
	81.5024 39.5855,
	81.5332 39.5238,
	81.595 39.4929,
	81.8266 39.6627,
	81.8883 39.6936,
	82.0118 39.8017,
	82.0736 39.848,
	82.1662 40.095,
	82.2126 40.342,
	82.228 40.4656,
	82.3052 40.7126,
	82.3515 41.2066,
	82.3361 41.3301,
	82.3669 41.5772,
	82.3824 41.6389,
	82.475 41.7624,
	82.5677 42.2565,
	82.5831 42.5035,
	82.5677 42.7505,
	82.5213 42.874,
	82.5368 43.3681,
	82.5522 43.6151,
	82.5985 43.8621,
	82.6294 44.3562,
	82.614 44.6032,
	82.5831 44.7267,
	82.2897 45.2053,
	82.1971 45.3288,
	82.0736 45.3906,
	82.0427 45.3906,
	82.0118 45.4215,
	81.9501 45.4369,
	81.9192 45.4678,
	81.8575 45.4832,
	81.7339 45.5759,
	81.7185 45.6376,
	81.7648 45.6839,
	81.8266 45.6994,
	81.9501 45.6839,
	82.0118 45.7148,
	82.1354 45.6994,
	82.2589 45.5913,
	82.5059 45.4369,
	82.5677 45.3906,
	82.5985 45.3288,
	82.6603 45.2671,
	82.722 45.1436,
	82.7838 45.0818,
	82.9227 44.8348,
	83.0154 44.5878,
	82.9999 44.4643,
	82.9536 44.3407,
	82.9227 44.279,
	82.9227 44.2481,
	82.8456 44.1246,
	82.7992 44.0628,
	82.7529 43.8158,
	82.7684 43.3218,
	82.8147 42.8277,
	82.8301 42.5807,
	82.7684 42.0867,
	82.6448 41.5926,
	82.614 41.4691,
	82.614 41.4073,
	82.4596 40.9133,
	82.5368 40.6663,
	82.5677 40.5428,
	82.5213 40.2957,
	82.4441 40.0487,
	82.2897 39.8017,
	82.2434 39.7399,
	82.2434 39.709,
	82.2126 39.6782,
	82.1662 39.5547,
	82.0736 39.4311,
	82.0118 39.3694,
	81.8883 39.3231,
	81.6413 39.354,
	81.5796 39.3385,
	81.6104 38.8445,
	81.6104 38.3504,
	81.6259 38.1034,
	81.6259 38.0416,
	81.6876 37.9181,
	81.6876 37.8873,
	81.8575 37.6402,
	82.089 37.4395,
	82.1817 37.3469,
	82.3052 37.2543,
	82.4287 37.1307,
	82.6757 36.9764,
	82.7992 36.9455,
	82.9227 36.9609,
	83.0463 37.0227,
	83.108 37.0535,
	83.3087 37.3006,
	83.5249 37.7946,
	83.5712 37.9181,
	83.6021 38.1652,
	83.6947 38.4122,
	83.7565 38.5357,
	83.8028 38.7827,
	83.8336 39.2768,
	83.9108 39.7708,
	83.9417 39.8326,
	83.9417 39.8634,
	83.9726 39.8943,
	84.0189 40.0178,
	84.0344 40.2649,
	84.0344 40.3884,
	84.0807 40.5119,
	84.1733 40.6354,
	84.2814 40.728,
	84.3894 40.8515,
	84.513 40.9442,
	84.7445 41.1912,
	84.7754 41.2221,
	84.7909 41.4691,
	84.7754 41.5926,
	84.76 41.6544,
	84.6674 41.7779,
	84.621 41.9014,
	84.6519 42.0249,
	84.76 42.133,
	84.8835 42.1947,
	85.007 42.2102,
	85.0688 42.1947,
	85.1305 42.2256,
	85.1768 42.3491,
	85.1614 42.5961,
	85.2077 43.0902,
	85.2077 43.5842,
	85.2232 43.8313,
	85.1923 44.0783,
	85.1614 44.14,
	85.1614 44.2018,
	85.0842 44.4488,
	85.0533 44.5723,
	85.0533 44.6958,
	84.9761 45.1899,
	84.76 45.6839,
	84.6519 45.931,
	84.6056 46.0545,
	84.5593 46.3015,
	84.4666 46.5485,
	84.4049 46.7955,
	84.374 47.0426,
	84.3586 47.1043,
	84.3586 47.1352,
	84.3123 47.197,
	84.3123 47.2278,
	84.2196 47.3513,
	84.1887 47.4131,
	84.127 47.4749,
	83.8954 47.9689,
	83.8954 47.9998,
	83.7565 48.2468,
	83.5866 48.4938,
	83.5866 48.5247,
	83.5094 48.6482,
	83.494 48.71,
	83.4477 48.7717,
	83.4477 48.8026,
	83.4014 48.8644,
	83.3859 48.9261,
	83.2933 49.0496,
	83.2315 49.1114,
	83.108 49.1731,
	82.614 49.1886,
	82.3669 49.1886,
	82.1199 49.1423,
	81.8729 49.0496,
	81.7494 49.0033,
	81.6259 48.9261,
	81.5178 48.818,
	81.456 48.6945,
	81.348 48.2005,
	81.2708 47.7064,
	81.2553 47.4594,
	81.3017 46.9654,
	81.3171 46.4713,
	81.3017 46.2243,
	81.3634 45.7303,
	81.3943 45.6067,
	81.4097 45.1127,
	81.3017 44.8657,
	81.2245 44.6186,
	81.1936 44.3716,
	81.1936 43.893,
	"/>
</Transform>

<Transform dim="0"
 xcoef=" 0 1 0 0 0 0"
 ycoef=" 0 0 1 0 0 0">
<Contour name="TB2 Nucleus_93" hidden="false" closed="true" simplified="true" border="1 0 0" fill="1 0 1" mode="9"
 points="68.7814 33.1347,
	68.8581 32.8279,
	68.8964 32.5211,
	68.9539 32.4444,
	68.9731 32.3677,
	69.0882 32.2143,
	69.1265 32.1376,
	69.1649 32.0993,
	69.1649 32.0609,
	69.2608 31.9075,
	69.3375 31.6007,
	69.3566 31.4473,
	69.4717 31.1405,
	69.5676 30.9871,
	69.8168 30.3735,
	69.8744 30.2201,
	70.0853 29.9133,
	70.2195 29.7599,
	70.5263 29.549,
	70.5838 29.3956,
	70.9482 28.7819,
	71.0632 28.6285,
	71.1016 28.5902,
	71.1207 28.5135,
	71.6001 27.8999,
	71.8494 27.6314,
	72.4438 27.1712,
	72.7315 26.922,
	72.8849 26.8069,
	72.9616 26.7686,
	73.2492 26.5193,
	73.3834 26.3659,
	73.4793 26.2125,
	73.6135 26.0591,
	73.9203 25.829,
	74.0737 25.7139,
	74.2271 25.6372,
	74.3805 25.618,
	74.5339 25.5413,
	74.6106 25.5222,
	74.764 25.4263,
	74.8024 25.3879,
	75.1092 25.2729,
	75.416 25.3496,
	75.5694 25.3879,
	75.6077 25.3688,
	75.9145 25.5413,
	75.9337 25.618,
	75.9145 25.6372,
	75.8378 25.5797,
	75.7995 25.5605,
	75.9145 25.7139,
	75.9912 25.8673,
	76.0296 25.9057,
	76.0296 25.944,
	76.1255 26.0974,
	76.1638 26.1741,
	76.2022 26.2125,
	76.2597 26.3659,
	76.4514 26.6727,
	76.5665 26.8261,
	76.7007 27.1329,
	76.7391 27.2863,
	76.7582 27.5931,
	76.8349 27.8999,
	76.8541 28.0533,
	76.8925 28.13,
	76.9692 28.7436,
	76.95 29.3572,
	76.95 29.4339,
	76.9116 29.5106,
	76.9116 29.5873,
	76.6624 30.2009,
	76.5857 30.5077,
	76.5281 30.6611,
	76.4898 30.7378,
	76.4898 30.7762,
	76.4514 30.8145,
	76.3939 30.9679,
	76.3556 31.0063,
	76.3556 31.0446,
	76.2405 31.198,
	76.2405 31.2364,
	75.9721 31.4856,
	75.3585 31.6966,
	74.7449 31.8116,
	74.1312 32.1568,
	73.9778 32.2527,
	73.9011 32.2718,
	73.8244 32.2527,
	73.671 32.1376,
	73.0574 32.176,
	72.904 32.1951,
	72.7506 32.2527,
	72.4438 32.5019,
	72.1754 32.7704,
	71.8878 32.943,
	71.7343 33.0005,
	71.4467 33.2114,
	71.3125 33.3648,
	71.2166 33.5182,
	71.1591 33.5949,
	71.1207 33.6333,
	71.1207 33.6716,
	71.0632 33.7483,
	71.044 33.825,
	71.0057 33.8634,
	70.9098 34.1702,
	70.8715 34.3236,
	70.8715 34.3619,
	70.8331 34.4003,
	70.8139 34.477,
	70.8139 34.5153,
	70.7756 34.5537,
	70.6414 34.8605,
	70.4496 35.1673,
	70.2195 35.4549,
	69.9127 35.6658,
	69.7593 35.685,
	69.6826 35.6658,
	69.4333 35.359,
	69.3375 35.2056,
	69.3183 35.1289,
	69.2224 34.9755,
	69.1073 34.6687,
	69.0498 34.5153,
	69.0498 34.4386,
	68.8581 33.825,
	68.7814 33.5182,
	68.7814 33.2114,
	68.7814 33.1539,
	"/>
</Transform>

<Transform dim="0"
 xcoef=" 0 1 0 0 0 0"
 ycoef=" 0 0 1 0 0 0">
<Contour name="TB2_T2C-02_AM_09" hidden="false" closed="true" simplified="true" border="1 0.5 0" fill="1 0.5 0" mode="13"
 points="70.6937 54.9517,
	70.7058 54.7581,
	70.7119 54.7097,
	70.7058 54.5161,
	70.724 54.1289,
	70.7482 53.9353,
	70.7542 53.8385,
	70.7905 53.6449,
	70.851 53.4513,
	70.8873 53.3545,
	70.9054 53.3303,
	70.9115 53.3061,
	70.9417 53.2577,
	70.9538 53.2335,
	70.9659 53.2214,
	70.972 53.1972,
	70.9841 53.1851,
	70.9901 53.1609,
	71.0506 53.0641,
	71.1293 52.9673,
	71.2261 52.8766,
	71.3229 52.8161,
	71.3652 52.7858,
	71.4136 52.7677,
	71.462 52.7314,
	71.5588 52.683,
	71.6072 52.6648,
	71.8008 52.6406,
	71.8492 52.6346,
	72.0428 52.6588,
	72.1396 52.7011,
	72.188 52.7314,
	72.2122 52.7435,
	72.2606 52.7858,
	72.2788 52.7979,
	72.3272 52.8463,
	72.3877 52.9431,
	72.4119 52.9915,
	72.4603 53.1851,
	72.4663 53.2335,
	72.4966 53.3303,
	72.5389 53.4271,
	72.6478 53.6207,
	72.7083 53.7175,
	72.7325 53.7659,
	72.7386 53.7901,
	72.8051 53.8869,
	72.8051 53.899,
	72.8596 53.9958,
	72.9322 54.1894,
	72.9503 54.2862,
	72.9624 54.4798,
	72.9564 54.6734,
	72.9443 54.7702,
	72.8898 54.9638,
	72.7567 55.351,
	72.6357 55.7382,
	72.5934 55.9318,
	72.5692 56.0286,
	72.5268 56.1254,
	72.4482 56.2222,
	72.4058 56.2525,
	72.309 56.2767,
	72.1154 56.3553,
	72.0186 56.4279,
	71.9702 56.4582,
	71.8734 56.4945,
	71.6798 56.5005,
	71.583 56.4884,
	71.5346 56.4763,
	71.5104 56.4763,
	71.4862 56.4642,
	71.4741 56.4642,
	71.3773 56.4098,
	71.3652 56.4098,
	71.2684 56.3372,
	71.1716 56.2525,
	71.093 56.1617,
	71.0627 56.1133,
	71.0446 56.0891,
	70.9659 55.8955,
	70.9175 55.7019,
	70.8752 55.6051,
	70.8147 55.5083,
	70.7724 55.4115,
	70.7179 55.2179,
	70.6998 55.0243,
	70.6937 54.9759,
	70.6937 54.9578,
	"/>
</Transform>

<Transform dim="0"
 xcoef=" 0 1 0 0 0 0"
 ycoef=" 0 0 1 0 0 0">
<Contour name="TB2 Nucleus_75" hidden="false" closed="true" simplified="true" border="1 0 0" fill="1 0 0" mode="9"
 points="75.0205 66.1781,
	75.1136 66.054,
	75.1756 65.992,
	75.2997 65.9299,
	75.3618 65.9144,
	75.4859 65.8213,
	75.5479 65.6972,
	75.5635 65.449,
	75.579 65.3249,
	75.6876 65.0767,
	75.7186 65.0147,
	75.7341 64.9836,
	75.7496 65.0457,
	75.7651 65.0612,
	75.8582 64.9371,
	75.8892 64.9061,
	75.8892 64.844,
	75.8427 64.782,
	75.8272 64.5338,
	75.8582 64.4097,
	75.9203 64.2856,
	76.0133 64.177,
	76.2615 64.0374,
	76.5097 63.8357,
	76.6183 63.7116,
	77.0992 63.3548,
	77.1923 63.2307,
	77.2544 63.1686,
	77.3164 63.1376,
	77.3785 63.1531,
	77.4405 63.1997,
	77.4716 63.4479,
	77.3319 64.4407,
	77.3164 64.6889,
	77.2389 64.813,
	77.1148 64.8906,
	77.0527 64.9371,
	76.9286 64.9836,
	76.8045 65.0612,
	76.758 65.1233,
	76.6339 65.2008,
	76.4787 65.449,
	76.4012 65.5576,
	76.3391 65.6197,
	76.1064 65.7903,
	75.8737 65.992,
	75.8272 66.054,
	75.7806 66.1781,
	75.7806 66.3022,
	75.7341 66.4263,
	75.7031 66.4884,
	75.579 66.5505,
	75.3308 66.5039,
	75.0826 66.3953,
	75.0205 66.3488,
	75.0205 66.2247,
	75.0205 66.1937,
	"/>
</Transform>

<Transform dim="0"
 xcoef=" 0 1 0 0 0 0"
 ycoef=" 0 0 1 0 0 0">
<Contour name="TB2 NF_24" hidden="true" closed="true" simplified="true" border="1 0.501961 0.25098" fill="1 0.501961 0.25098" mode="-9"
 points="97.5655 14.578,
	97.5878 14.4888,
	97.7215 14.3328,
	97.8107 14.2882,
	97.8998 14.2882,
	98.0113 14.4665,
	98.0336 14.6449,
	98.0113 14.8232,
	98.0113 14.9123,
	97.8998 15.0907,
	97.8107 15.1352,
	97.7215 15.0684,
	97.6323 14.89,
	97.5878 14.8009,
	97.5655 14.6226,
	97.5655 14.6003,
	"/>
</Transform>

<Transform dim="0"
 xcoef=" 0 1 0 0 0 0"
 ycoef=" 0 0 1 0 0 0">
<Contour name="TB2_T2C-08_FR" hidden="false" closed="true" simplified="true" border="0 0 1" fill="0 0 1" mode="9"
 points="77.1931 58.4659,
	77.2206 58.3558,
	77.2619 58.3007,
	77.2619 58.2732,
	77.3995 58.0531,
	77.4821 57.943,
	77.5233 57.7228,
	77.5096 57.6127,
	77.5233 57.5027,
	77.5646 57.3926,
	77.6609 57.2825,
	77.716 57.255,
	77.8261 57.2412,
	77.9361 57.1449,
	77.9912 57.0348,
	78.0049 56.9248,
	78.0187 56.8697,
	78.1013 56.7596,
	78.1976 56.6771,
	78.2251 56.622,
	78.2389 56.512,
	78.2251 56.4707,
	78.1563 56.3744,
	78.1425 56.2643,
	78.1288 56.2092,
	78.2664 55.9891,
	78.3077 55.879,
	78.2664 55.6588,
	78.2389 55.5488,
	78.2389 55.3286,
	78.2389 55.2736,
	78.2664 55.2185,
	78.2664 55.191,
	78.3627 55.0947,
	78.4728 55.0396,
	78.5278 54.9433,
	78.5553 54.8332,
	78.5416 54.6131,
	78.5416 54.558,
	78.5691 54.5443,
	78.6792 54.6406,
	78.7893 54.7094,
	78.8168 54.7094,
	78.9131 54.7782,
	78.9681 54.7644,
	78.9957 54.7644,
	79.1745 54.5443,
	79.2846 54.4755,
	79.3947 54.4755,
	79.4497 54.4892,
	79.5598 54.4617,
	79.6699 54.4755,
	79.7249 54.5168,
	79.78 54.7369,
	79.78 54.847,
	79.7112 54.9571,
	79.6836 55.0672,
	79.6286 55.1772,
	79.6286 55.2873,
	79.6286 55.3424,
	79.5873 55.3836,
	79.5323 55.3974,
	79.4222 55.3699,
	79.2021 55.2323,
	79.147 55.2323,
	79.0782 55.3286,
	79.0094 55.7689,
	79.0094 55.7964,
	79.1195 55.8652,
	79.2296 55.879,
	79.2846 55.8377,
	79.3534 55.6176,
	79.4084 55.5763,
	79.5185 55.5488,
	79.6286 55.5625,
	79.7387 55.6451,
	79.78 55.7001,
	79.7937 55.7552,
	79.78 55.8102,
	79.6836 55.9065,
	79.5736 55.9753,
	79.5185 56.0166,
	79.491 56.1267,
	79.5185 56.2368,
	79.546 56.2918,
	79.7662 56.4156,
	79.8763 56.512,
	79.9588 56.7184,
	80.179 56.8147,
	80.2891 56.856,
	80.3441 56.8835,
	80.3579 56.911,
	80.1515 57.0624,
	80.0552 57.1724,
	80.0276 57.3926,
	80.0827 57.8329,
	80.0552 57.943,
	80.0001 58.0531,
	79.9864 58.1081,
	79.9726 58.1356,
	80.0139 58.3558,
	79.9726 58.4659,
	79.8625 58.5622,
	79.7937 58.6723,
	79.7524 58.7823,
	79.7249 58.8374,
	79.6974 59.2777,
	79.6699 59.3878,
	79.6424 59.4153,
	79.6424 59.4428,
	79.4635 59.663,
	79.3534 59.7593,
	79.2433 59.8143,
	79.1883 59.8281,
	79.1333 59.8006,
	79.092 59.7455,
	79.0782 59.6905,
	79.0369 59.6355,
	79.0094 59.5254,
	78.9544 59.4153,
	78.9544 59.3878,
	78.8718 59.2777,
	78.8168 59.2502,
	78.7617 59.2502,
	78.6517 59.2915,
	78.5416 59.2502,
	78.4315 59.1676,
	78.3765 59.1263,
	78.3214 59.0163,
	78.2939 58.9062,
	78.2113 58.8099,
	78.1013 58.7411,
	77.9912 58.7135,
	77.771 58.7273,
	77.3307 58.686,
	77.2757 58.6585,
	77.2206 58.6035,
	77.2069 58.4934,
	77.2069 58.4796,
	"/>
</Transform>

<Transform dim="0"
 xcoef=" 0 1 0 0 0 0"
 ycoef=" 0 0 1 0 0 0">
<Contour name="TB2 NF_24_cw" hidden="false" closed="true" simplified="true" border="1 0.5 0" fill="1 0.682353 0.368627" mode="15"
 points="97.4603 14.6837,
	97.4873 14.6219,
	97.4989 14.6065,
	97.5182 14.5448,
	97.522 14.5139,
	97.5336 14.483,
	97.5722 14.4213,
	97.6803 14.2978,
	97.7111 14.2708,
	97.7266 14.2669,
	97.7343 14.2592,
	97.7652 14.2553,
	97.8269 14.2746,
	97.8539 14.2939,
	97.9157 14.3518,
	97.9465 14.3788,
	97.9774 14.4406,
	97.9851 14.456,
	97.989 14.4869,
	97.989 14.5023,
	98.0044 14.5332,
	98.0121 14.5641,
	98.0083 14.6258,
	97.9967 14.6875,
	97.9465 14.811,
	97.9311 14.8419,
	97.9311 14.8573,
	97.9427 14.8882,
	97.9504 14.95,
	97.9311 14.9808,
	97.8732 15.0387,
	97.8462 15.0619,
	97.8308 15.0773,
	97.7999 15.0889,
	97.769 15.0773,
	97.7381 15.0734,
	97.7073 15.0619,
	97.6455 15.0194,
	97.6147 14.9924,
	97.5838 14.977,
	97.5529 14.9538,
	97.495 14.8921,
	97.4834 14.8612,
	97.4796 14.7995,
	97.468 14.7377,
	97.4603 14.7068,
	97.4603 14.6914,
	97.4603 14.6875,
	"/>
</Transform>

<Transform dim="0"
 xcoef=" 0 1 0 0 0 0"
 ycoef=" 0 0 1 0 0 0">
<Contour name="TB2 NF_01_cw" hidden="false" closed="true" simplified="true" border="0.502 0 0.502" fill="0.91 0 0.91" mode="15"
 points="80.4965 29.9974,
	80.5211 29.9317,
	80.5211 29.8989,
	80.5293 29.8825,
	80.5375 29.8907,
	80.5539 29.8579,
	80.6196 29.8168,
	80.7509 29.7922,
	80.8165 29.784,
	80.8494 29.7758,
	80.915 29.784,
	80.9478 29.7922,
	81.0135 29.8333,
	81.0627 29.8989,
	81.0874 29.9646,
	81.0956 30.0302,
	81.0874 30.0959,
	81.0792 30.1287,
	81.0545 30.1615,
	81.0463 30.1944,
	80.9971 30.26,
	80.9314 30.3011,
	80.8247 30.4324,
	80.7673 30.4898,
	80.7016 30.498,
	80.636 30.4734,
	80.6114 30.4406,
	80.5867 30.3093,
	80.5703 30.2436,
	80.5293 30.178,
	80.5047 30.1123,
	80.4965 30.0466,
	80.4965 30.0138,
	80.4965 30.0056,
	"/>
</Transform>

<Transform dim="0"
 xcoef=" 0 1 0 0 0 0"
 ycoef=" 0 0 1 0 0 0">
<Contour name="TB2 NF_01_cw" hidden="false" closed="true" simplified="true" border="0.502 0 0.502" fill="0.91 0 0.91" mode="15"
 points="75.2438 35.9558,
	75.2602 35.923,
	75.3177 35.8656,
	75.3259 35.7999,
	75.2602 35.7343,
	75.252 35.6686,
	75.2931 35.6029,
	75.3095 35.5701,
	75.3177 35.5619,
	75.3259 35.5701,
	75.449 35.4634,
	75.5803 35.3813,
	75.7116 35.3567,
	75.7773 35.3649,
	75.8101 35.3813,
	75.843 35.3813,
	75.9086 35.406,
	76.0235 35.5127,
	76.081 35.644,
	76.0892 35.7096,
	76.0646 35.8409,
	76.0563 35.8738,
	76.0153 35.9394,
	75.925 36.0461,
	75.8676 36.0954,
	75.6049 36.2185,
	75.5721 36.2349,
	75.5065 36.2431,
	75.4408 36.2267,
	75.4162 36.1939,
	75.408 36.161,
	75.3423 36.1036,
	75.2767 36.079,
	75.252 36.0461,
	75.2438 35.9805,
	75.2438 35.9641,
	"/>
</Transform>

<Transform dim="0"
 xcoef=" 0 1 0 0 0 0"
 ycoef=" 0 0 1 0 0 0">
<Contour name="TB2 NF_01_cw" hidden="false" closed="true" simplified="true" border="0.502 0 0.502" fill="0.91 0 0.91" mode="15"
 points="76.706 32.387,
	76.7375 32.2607,
	76.919 31.7556,
	76.9585 31.6294,
	76.9822 31.5031,
	77.0295 31.3768,
	77.0532 31.3137,
	77.069 31.2821,
	77.0848 31.2664,
	77.1084 31.2032,
	77.2347 31.1164,
	77.3531 30.998,
	77.5346 30.7455,
	77.7634 30.493,
	77.8897 30.3904,
	78.016 30.3194,
	78.0791 30.3036,
	78.087 30.2957,
	78.1501 30.3194,
	78.1659 30.3194,
	78.1975 30.3825,
	78.2054 30.4456,
	78.1659 30.5088,
	78.1264 30.635,
	78.1186 30.6982,
	78.1186 30.7297,
	78.1107 30.7376,
	78.1186 30.8639,
	78.1264 30.927,
	78.1186 30.9902,
	78.0949 31.0533,
	78.087 31.0849,
	78.016 31.2111,
	77.9765 31.2743,
	77.8029 31.7793,
	77.7003 32.0318,
	77.6135 32.2844,
	77.5661 32.4106,
	77.4951 32.6632,
	77.4162 32.7894,
	77.4004 32.821,
	77.3452 32.8841,
	77.282 32.9315,
	77.2505 32.9473,
	77.1873 32.9473,
	77.1558 32.9394,
	77.14 32.9394,
	77.0769 32.8762,
	76.998 32.75,
	76.9822 32.7184,
	76.919 32.6632,
	76.8875 32.6395,
	76.8559 32.6316,
	76.8243 32.6079,
	76.7612 32.5843,
	76.7217 32.5211,
	76.706 32.458,
	76.706 32.3949,
	"/>
</Transform>

<Transform dim="0"
 xcoef=" 0 1 0 0 0 0"
 ycoef=" 0 0 1 0 0 0">
<Contour name="TB2 NF_09_cw" hidden="false" closed="true" simplified="true" border="0.768627 0 0.384314" fill="0.501961 0 0.25098" mode="15"
 points="69.9913 4.48614,
	70.0223 4.08903,
	70.0285 3.98975,
	70.0719 3.95873,
	70.0968 3.95252,
	70.1154 3.93391,
	70.1216 3.90909,
	70.103 3.85945,
	70.0968 3.83463,
	70.1154 3.78499,
	70.134 3.76017,
	70.1464 3.75397,
	70.2457 3.78499,
	70.2829 3.75397,
	70.2953 3.70433,
	70.2953 3.65469,
	70.3263 3.60505,
	70.4256 3.53059,
	70.4567 3.48095,
	70.4691 3.43131,
	70.5187 3.39408,
	70.618 3.36306,
	70.7173 3.36926,
	70.8165 3.34444,
	70.8662 3.34444,
	70.9655 3.37547,
	71.164 3.34444,
	71.2137 3.31962,
	71.2633 3.31342,
	71.3626 3.35065,
	71.4618 3.36926,
	71.5115 3.38167,
	71.71 3.37547,
	71.7597 3.36926,
	71.859 3.33824,
	71.9086 3.33824,
	71.9334 3.34444,
	71.9831 3.33824,
	72.0823 3.30101,
	72.2809 3.26378,
	72.3305 3.25757,
	72.5291 3.2886,
	72.6284 3.30101,
	72.678 3.31962,
	72.7028 3.32583,
	72.7525 3.36926,
	72.8331 3.46233,
	72.8642 3.50577,
	72.9076 3.543,
	72.9572 3.56161,
	72.982 3.5492,
	72.9945 3.53679,
	73.0007 3.51197,
	73.0193 3.49336,
	73.0441 3.48715,
	73.0937 3.49956,
	73.1372 3.543,
	73.1496 3.56782,
	73.1496 3.59264,
	73.1558 3.60505,
	73.1434 3.70433,
	73.131 3.72915,
	73.1061 3.74776,
	73.0937 3.76017,
	73.0441 3.76017,
	72.9945 3.74776,
	72.9696 3.73535,
	72.9448 3.74156,
	72.9324 3.75397,
	72.9634 3.7974,
	73.0131 3.84704,
	73.0441 3.89668,
	73.0565 3.9215,
	73.0441 4.02078,
	73.0255 4.07042,
	73.0131 4.08282,
	73.0007 4.13246,
	72.951 4.1821,
	72.9076 4.21933,
	72.8579 4.23795,
	72.8455 4.25036,
	72.8207 4.25656,
	72.7711 4.28759,
	72.7214 4.3062,
	72.6718 4.34343,
	72.6222 4.36825,
	72.5973 4.38687,
	72.5477 4.40548,
	72.4484 4.46753,
	72.436 4.49235,
	72.4236 4.50476,
	72.4174 4.52958,
	72.3802 4.57301,
	72.2809 4.57922,
	72.2313 4.57922,
	72.2064 4.57922,
	72.1816 4.59163,
	72.1382 4.63506,
	72.1134 4.64747,
	72.0637 4.64127,
	72.0389 4.61645,
	71.9396 4.59783,
	71.89 4.60404,
	71.8403 4.62265,
	71.7907 4.65988,
	71.7783 4.67229,
	71.679 4.69091,
	71.6356 4.71572,
	71.5859 4.75295,
	71.5673 4.77777,
	71.5425 4.79018,
	71.4929 4.78398,
	71.4432 4.76536,
	71.3936 4.77157,
	71.344 4.79018,
	71.3191 4.8088,
	71.2943 4.815,
	71.2447 4.80259,
	71.195 4.77777,
	71.1702 4.76536,
	71.0709 4.76536,
	71.0213 4.77777,
	70.8227 4.78398,
	70.6242 4.83362,
	70.5249 4.86464,
	70.4753 4.87085,
	70.4256 4.85844,
	70.376 4.83362,
	70.3263 4.78398,
	70.3077 4.75916,
	70.2581 4.72813,
	70.2085 4.70952,
	70.1836 4.69091,
	70.1588 4.6847,
	70.134 4.66609,
	70.1092 4.65988,
	70.0161 4.56681,
	69.9975 4.54199,
	69.9913 4.49235,
	"/>
</Transform>

<Transform dim="0"
 xcoef=" 0 1 0 0 0 0"
 ycoef=" 0 0 1 0 0 0">
<Contour name="TB2 NF_10_cw" hidden="false" closed="true" simplified="true" border="0.807843 0 0.807843" fill="0.443137 0 0.443137" mode="15"
 points="73.091 4.58187,
	73.1238 4.49976,
	73.1348 4.50523,
	73.1622 4.46144,
	73.2005 4.42312,
	73.2881 4.36838,
	73.3319 4.34101,
	73.3537 4.33006,
	73.3647 4.31911,
	73.4523 4.29174,
	73.4742 4.27532,
	73.518 4.26437,
	73.5289 4.2589,
	73.5399 4.26437,
	73.6275 4.2589,
	73.715 4.28627,
	73.7972 4.34101,
	73.8081 4.34101,
	73.8957 4.39575,
	74.0654 4.5326,
	74.1147 4.62019,
	74.1475 4.66398,
	74.1858 4.75157,
	74.2077 4.83916,
	74.2022 4.92674,
	74.2077 4.94864,
	74.1968 5.03623,
	74.1803 5.08002,
	74.1201 5.16213,
	74.1092 5.16213,
	74.0216 5.22235,
	73.9778 5.24972,
	73.9559 5.25519,
	73.945 5.26614,
	73.8574 5.29351,
	73.8136 5.30994,
	73.7917 5.31541,
	73.7698 5.33183,
	73.726 5.34278,
	73.7041 5.34278,
	73.6931 5.33731,
	73.6712 5.34278,
	73.5837 5.30994,
	73.4961 5.29351,
	73.4523 5.28256,
	73.4085 5.25519,
	73.3319 5.17308,
	73.2935 5.08549,
	73.2662 4.99791,
	73.2443 4.95412,
	73.2333 4.93222,
	73.2333 4.92127,
	73.2224 4.91032,
	73.2224 4.89937,
	73.195 4.85558,
	73.1786 4.83916,
	73.1731 4.81726,
	73.1457 4.77347,
	73.1293 4.75157,
	73.1129 4.70778,
	73.1129 4.68588,
	73.1019 4.66398,
	73.0965 4.62019,
	73.091 4.59829,
	73.091 4.58735,
	"/>
</Transform>

<Transform dim="0"
 xcoef=" 0 1 0 0 0 0"
 ycoef=" 0 0 1 0 0 0">
<Contour name="TB2 NF_10_cw" hidden="false" closed="true" simplified="true" border="0.808 0 0.808" fill="0.443 0 0.443" mode="15"
 points="80.9469 30.5933,
	80.9623 30.5109,
	80.9932 30.4285,
	81.0344 30.3461,
	81.055 30.3049,
	81.0653 30.2842,
	81.086 30.2636,
	81.1838 30.0988,
	81.2405 30.0164,
	81.2714 29.9855,
	81.292 29.9649,
	81.3332 29.9443,
	81.3435 29.9391,
	81.3538 29.9443,
	81.3487 29.9494,
	81.3899 29.9391,
	81.4311 29.9546,
	81.5084 30.0061,
	81.5496 30.0318,
	81.5856 30.073,
	81.6114 30.1143,
	81.6474 30.2791,
	81.6577 30.3615,
	81.6577 30.4439,
	81.6629 30.4851,
	81.6577 30.5057,
	81.6474 30.5161,
	81.632 30.5985,
	81.6268 30.6809,
	81.5805 30.8457,
	81.5702 30.8869,
	81.5599 30.9075,
	81.5599 30.9282,
	81.5187 31.0106,
	81.4877 31.0518,
	81.4774 31.0672,
	81.4568 31.0878,
	81.4156 31.1084,
	81.3744 31.1187,
	81.292 31.1136,
	81.2508 31.1084,
	81.2096 31.093,
	81.1684 31.0672,
	81.1478 31.0569,
	81.1066 31.0157,
	81.0396 30.9488,
	81.0138 30.9075,
	80.9572 30.7427,
	80.9469 30.6603,
	80.9469 30.6191,
	80.9469 30.5985,
	"/>
</Transform>

<Transform dim="0"
 xcoef=" 0 1 0 0 0 0"
 ycoef=" 0 0 1 0 0 0">
<Contour name="TB2 NF_10_cw" hidden="false" closed="true" simplified="true" border="0.808 0 0.808" fill="0.443 0 0.443" mode="15"
 points="74.7809 37.971,
	74.8067 37.9022,
	74.8497 37.8334,
	74.9873 37.6958,
	75.0217 37.67,
	75.0389 37.6614,
	75.0561 37.67,
	75.0905 37.6442,
	75.2281 37.6614,
	75.2969 37.6528,
	75.3313 37.6442,
	75.4001 37.5926,
	75.4345 37.5582,
	75.5034 37.5324,
	75.5722 37.5582,
	75.6238 37.6184,
	75.6324 37.6872,
	75.6238 37.756,
	75.5378 37.8936,
	75.3141 38.1602,
	75.1765 38.2548,
	75.1077 38.272,
	75.0733 38.2892,
	75.0045 38.2806,
	74.9357 38.2548,
	74.9013 38.2376,
	74.8841 38.2032,
	74.8497 38.1688,
	74.7895 38.0312,
	74.7809 37.9968,
	74.7809 37.9796,
	"/>
</Transform>

<Transform dim="0"
 xcoef=" 0 1 0 0 0 0"
 ycoef=" 0 0 1 0 0 0">
<Contour name="TB2 NF_13_cw" hidden="false" closed="true" simplified="true" border="1 0.501961 0.752941" fill="0.607843 0 0.305882" mode="15"
 points="81.6942 37.1788,
	81.7422 36.9228,
	81.7502 36.7948,
	81.7582 36.7308,
	81.8623 36.4748,
	81.8943 36.4108,
	82.0143 36.2828,
	82.0623 36.2188,
	82.0943 36.1548,
	82.1423 36.0908,
	82.2703 36.0188,
	82.3983 36.0108,
	82.4143 36.0108,
	82.4223 36.0268,
	82.4383 36.0268,
	82.4943 36.0828,
	82.5263 36.1148,
	82.5343 36.1788,
	82.5183 36.3068,
	82.5103 36.3708,
	82.4383 36.6268,
	82.4223 36.6908,
	82.2383 36.9388,
	82.1903 37.0028,
	82.1583 37.0668,
	82.1343 37.0988,
	82.1343 37.1148,
	82.0463 37.2428,
	81.9903 37.2909,
	81.9583 37.3069,
	81.9263 37.3069,
	81.8623 37.3309,
	81.8463 37.3229,
	81.7823 37.3309,
	81.7502 37.3309,
	81.7182 37.3069,
	81.6942 37.2428,
	81.6942 37.1868,
	"/>
</Transform>

<Transform dim="0"
 xcoef=" 0 1 0 0 0 0"
 ycoef=" 0 0 1 0 0 0">
<Contour name="TB2 NF_15_cw" hidden="false" closed="true" simplified="true" border="1 0.282 0.282" fill="0.835 0 0" mode="15"
 points="62.6483 66.8352,
	62.6793 66.7525,
	62.7 66.7318,
	62.7827 66.7215,
	62.824 66.7215,
	62.8654 66.7008,
	62.9067 66.7008,
	62.9171 66.7835,
	62.8654 66.9489,
	62.8447 66.9902,
	62.8034 67.0316,
	62.7206 67.0626,
	62.6793 67.0316,
	62.6483 66.9489,
	62.6483 66.8662,
	62.6483 66.8455,
	"/>
</Transform>

<Transform dim="0"
 xcoef=" 0 1 0 0 0 0"
 ycoef=" 0 0 1 0 0 0">
<Contour name="TB2 NF_01_cw" hidden="false" closed="true" simplified="true" border="0.424 0 0" fill="0.749 0 0" mode="15"
 points="71.1776 60.8628,
	71.1841 60.8365,
	71.2696 60.7379,
	71.3748 60.6985,
	71.4011 60.6919,
	71.6115 60.7248,
	71.7166 60.7511,
	71.927 60.8431,
	71.9796 60.876,
	72.0322 60.9286,
	72.0585 60.9549,
	72.0914 61.0075,
	72.144 61.0601,
	72.2491 61.139,
	72.3017 61.1718,
	72.3543 61.2178,
	72.3741 61.2441,
	72.3675 61.2967,
	72.3675 61.3099,
	72.3412 61.3362,
	72.3215 61.3888,
	72.3609 61.4348,
	72.3741 61.4479,
	72.4792 61.4874,
	72.5318 61.5005,
	72.5581 61.5005,
	72.6107 61.5268,
	72.6304 61.5531,
	72.6436 61.6583,
	72.6567 61.7109,
	72.7028 61.7635,
	72.8079 61.7832,
	72.8605 61.8029,
	72.9657 61.8687,
	73.0183 61.9081,
	73.209 62.1185,
	73.2287 62.1448,
	73.2418 62.1974,
	73.2353 62.2237,
	73.1695 62.3289,
	73.1432 62.3815,
	73.0972 62.434,
	73.0578 62.4735,
	72.8474 62.5327,
	72.7948 62.5392,
	72.7422 62.5261,
	72.6896 62.4998,
	72.5976 62.4143,
	72.545 62.3617,
	72.5055 62.3091,
	72.4464 62.204,
	72.4135 62.1514,
	72.3675 62.1053,
	72.2623 62.0856,
	72.236 62.0856,
	72.0256 61.9476,
	71.9204 61.8818,
	71.8153 61.8029,
	71.7692 61.7503,
	71.7364 61.6977,
	71.7166 61.6452,
	71.6838 61.5926,
	71.6575 61.5728,
	71.6312 61.5663,
	71.5786 61.5926,
	71.4734 61.6123,
	71.4603 61.6123,
	71.4077 61.5728,
	71.3879 61.5465,
	71.3814 61.494,
	71.3879 61.3888,
	71.3814 61.2836,
	71.3616 61.231,
	71.3551 61.2047,
	71.2893 61.0995,
	71.2104 60.9943,
	71.1907 60.968,
	71.1776 60.9154,
	71.1776 60.8694,
	"/>
</Transform>

<Transform dim="0"
 xcoef=" 0 1 0 0 0 0"
 ycoef=" 0 0 1 0 0 0">
<Contour name="TB2 NF_01_cw" hidden="false" closed="true" simplified="true" border="0.424 0 0" fill="0.749 0 0" mode="15"
 points="74.3406 56.4262,
	74.379 56.3383,
	74.4175 56.2943,
	74.456 56.2613,
	74.478 56.2448,
	74.522 56.2393,
	74.5275 56.2338,
	74.5495 56.2393,
	74.7255 56.1678,
	74.8134 56.1513,
	74.8574 56.1403,
	74.8794 56.1348,
	74.9014 56.1403,
	74.9124 56.1348,
	74.9234 56.1403,
	74.9454 56.1348,
	75.0334 56.1458,
	75.0774 56.1403,
	75.0884 56.1348,
	75.1763 56.1623,
	75.2203 56.1733,
	75.2423 56.1788,
	75.3303 56.2393,
	75.3688 56.2668,
	75.4128 56.3053,
	75.5887 56.4207,
	75.6327 56.4537,
	75.6767 56.5417,
	75.6932 56.5857,
	75.7317 56.6242,
	75.7702 56.6517,
	75.7977 56.6902,
	75.8197 56.7782,
	75.8252 56.8661,
	75.8637 57.0421,
	75.8912 57.1301,
	75.9131 57.174,
	75.9241 57.185,
	75.9241 57.196,
	75.9516 57.24,
	75.9791 57.328,
	75.9901 57.416,
	75.9901 57.504,
	75.9791 57.5919,
	75.9626 57.6359,
	75.9461 57.7239,
	75.9076 57.8119,
	75.8582 57.8999,
	75.8307 57.9438,
	75.8087 57.9658,
	75.7537 58.0538,
	75.7537 58.0648,
	75.6932 58.1528,
	75.6602 58.1968,
	75.6382 58.2188,
	75.5502 58.2628,
	75.5282 58.2793,
	75.5173 58.3013,
	75.5118 58.3452,
	75.5063 58.3672,
	75.4348 58.4442,
	75.3908 58.4332,
	75.3028 58.3782,
	75.2148 58.3672,
	75.1708 58.3672,
	75.1269 58.3562,
	75.0829 58.3287,
	75.0334 58.2408,
	74.9674 58.0648,
	74.9564 58.0208,
	74.9179 57.9328,
	74.8959 57.8449,
	74.8904 57.8009,
	74.8299 57.6249,
	74.7859 57.449,
	74.7694 57.361,
	74.7694 57.339,
	74.8079 57.251,
	74.8794 56.8991,
	74.8739 56.8771,
	74.8024 56.7946,
	74.7804 56.7507,
	74.7584 56.6627,
	74.742 56.6187,
	74.7145 56.5747,
	74.6705 56.5472,
	74.6265 56.5362,
	74.5825 56.5637,
	74.5605 56.5637,
	74.4725 56.5197,
	74.3845 56.4922,
	74.3461 56.4537,
	74.3406 56.4317,
	"/>
</Transform>

<Transform dim="0"
 xcoef=" 0 1 0 0 0 0"
 ycoef=" 0 0 1 0 0 0">
<Contour name="TB2 NF_17_cw" hidden="false" closed="true" simplified="true" border="0.682 0 0" fill="1 0 0" mode="-15"
 points="62.5772 67.3826,
	62.6129 67.3255,
	62.6629 67.2684,
	62.6843 67.2398,
	62.7058 67.1827,
	62.72 67.1541,
	62.72 67.097,
	62.72 67.0827,
	62.7486 67.0542,
	62.7629 67.0542,
	62.8129 67.0185,
	62.8557 66.9614,
	62.8771 66.9328,
	62.8985 66.8757,
	62.9057 66.8185,
	62.9342 66.7614,
	62.9842 66.7114,
	63.0985 66.7186,
	63.1556 66.7186,
	63.2127 66.7329,
	63.2698 66.7686,
	63.2984 66.7828,
	63.4126 66.8828,
	63.4626 66.9399,
	63.4912 66.9971,
	63.4983 67.1113,
	63.484 67.2255,
	63.4483 67.2827,
	63.3912 67.3326,
	63.277 67.3969,
	63.2199 67.4255,
	63.2056 67.4397,
	63.0913 67.454,
	63.0342 67.4469,
	62.92 67.4826,
	62.8628 67.4969,
	62.8343 67.504,
	62.72 67.4683,
	62.6629 67.4612,
	62.6058 67.4397,
	62.5772 67.4112,
	62.5772 67.3898,
	"/>
</Transform>

<Transform dim="0"
 xcoef=" 0 1 0 0 0 0"
 ycoef=" 0 0 1 0 0 0">
<Contour name="TB2_T2C-12_cw" hidden="false" closed="true" simplified="true" border="0 0 1" fill="0 0 0.518" mode="15"
 points="71.4871 37.1695,
	71.5544 37.0619,
	71.6485 36.9543,
	71.7024 36.7391,
	71.7293 36.6314,
	71.7293 36.5238,
	71.7696 36.4162,
	71.9041 36.2009,
	71.9445 36.0933,
	71.958 35.9857,
	71.9714 35.9319,
	71.9445 35.7167,
	71.9714 35.5014,
	71.9849 35.4476,
	72.079 35.34,
	72.1328 35.3131,
	72.2405 35.2055,
	72.2943 35.0978,
	72.3077 34.9902,
	72.2808 34.775,
	72.2808 34.7212,
	72.3481 34.6135,
	72.4019 34.5732,
	72.4557 34.5597,
	72.4692 34.5328,
	72.4557 34.479,
	72.4961 34.2638,
	72.5633 34.0485,
	72.5768 33.9409,
	72.6709 33.7257,
	72.6844 33.6719,
	72.6709 33.618,
	72.7113 33.5104,
	72.7786 33.4028,
	72.8862 33.3355,
	72.9938 33.2952,
	73.0207 33.2817,
	73.236 33.3624,
	73.3436 33.4028,
	73.4512 33.3894,
	73.505 33.3894,
	73.6126 33.4566,
	73.7068 33.5642,
	73.7606 33.6719,
	73.8279 34.1023,
	73.8144 34.3176,
	73.8548 34.7481,
	73.8413 34.9633,
	73.8279 35.0709,
	73.7337 35.2862,
	73.6933 35.5014,
	73.7202 35.7167,
	73.7472 35.8243,
	73.7472 36.0395,
	73.6933 36.47,
	73.6395 36.6852,
	73.5454 36.9005,
	73.5185 37.0081,
	73.5588 37.1157,
	73.5857 37.1695,
	73.5723 37.2772,
	73.5319 37.3848,
	73.4377 37.4924,
	73.3301 37.5058,
	73.2898 37.5597,
	73.2763 37.6673,
	73.2898 37.7211,
	73.2898 37.748,
	73.3167 37.7614,
	73.357 37.7211,
	73.3839 37.748,
	73.3974 37.9632,
	73.3301 38.1785,
	73.2898 38.2861,
	73.2763 38.3937,
	73.2629 38.4206,
	73.3032 38.6359,
	73.3032 38.8511,
	73.2898 38.9587,
	73.2898 39.0125,
	73.1821 39.1202,
	73.0745 39.174,
	73.0207 39.2278,
	72.9938 39.2547,
	72.7786 39.2681,
	72.6709 39.2816,
	72.6171 39.2681,
	72.5633 39.2278,
	72.5364 39.1202,
	72.5095 39.0664,
	72.4557 39.0394,
	72.4153 38.9856,
	72.4153 38.878,
	72.4019 38.8242,
	72.4019 38.7973,
	72.3481 38.7569,
	72.1328 38.7031,
	72.0252 38.6493,
	71.9849 38.5955,
	71.9311 38.165,
	71.8369 37.9498,
	71.5813 37.5193,
	71.5409 37.3041,
	71.5006 37.2502,
	71.4871 37.1964,
	71.4871 37.183,
	"/>
</Transform>

<Transform dim="0"
 xcoef=" 0 1 0 0 0 0"
 ycoef=" 0 0 1 0 0 0">
<Image mag="0.00855" contrast="1" brightness="0" red="true" green="true" blue="true"
 src="..\TF21_robdata\Rob's_latest_seg_files_TF21_TB2\Aligned 633551.tif" />
<Contour name="domain1" hidden="false" closed="true" simplified="false" border="1 0 1" fill="1 0 1" mode="11"
 points="0 0,
	15991 0,
	15991 12171,
	0 12171,
	"/>
</Transform>

<Transform dim="0"
 xcoef=" 0 1 0 0 0 0"
 ycoef=" 0 0 1 0 0 0">
<Contour name="TB2 Nucleus_68" hidden="false" closed="true" simplified="true" border="1 0 0" fill="1 0 0" mode="9"
 points="61.6915 51.3002,
	61.9103 50.4252,
	62.1837 50.0423,
	62.4025 49.8782,
	62.84 49.7142,
	63.0041 49.6048,
	63.0588 49.6595,
	63.0041 49.7142,
	63.3322 50.5892,
	63.4416 51.0268,
	63.6604 51.4643,
	63.7151 51.9018,
	63.551 52.7769,
	63.4416 52.9956,
	63.4963 53.4332,
	63.4963 53.6519,
	63.2776 54.0895,
	62.84 54.3629,
	62.6213 54.3082,
	62.4025 54.1441,
	62.2931 54.0348,
	62.2931 53.816,
	62.129 53.3785,
	62.0743 53.1597,
	61.8009 52.7222,
	61.6915 52.2847,
	61.6915 51.4096,
	61.6915 51.3549,
	"/>
</Transform>

<Transform dim="0"
 xcoef=" 0 1 0 0 0 0"
 ycoef=" 0 0 1 0 0 0">
<Contour name="TB2 Nucleus_72" hidden="false" closed="true" simplified="true" border="1 0 0" fill="1 0 0" mode="9"
 points="75.2549 47.8,
	75.419 47.5812,
	75.4737 47.3625,
	75.3643 47.1437,
	75.3643 47.0343,
	75.8018 46.8155,
	75.9112 46.5968,
	75.8565 46.1593,
	75.9112 45.7217,
	76.0206 45.6123,
	76.8956 45.4483,
	77.3332 45.4483,
	77.4425 45.4483,
	77.4972 45.2295,
	77.5519 45.1201,
	77.4972 44.9014,
	77.3878 44.792,
	76.9503 44.6279,
	76.8409 44.5185,
	76.8409 44.4091,
	76.6769 44.1904,
	76.5675 44.1357,
	76.4581 43.2606,
	76.6222 42.8231,
	77.2238 41.948,
	77.6066 41.5652,
	78.1535 40.6901,
	78.4817 40.2526,
	78.7004 40.0339,
	79.138 39.9792,
	79.4114 40.4167,
	79.4661 41.2917,
	79.4114 41.7293,
	79.302 41.8387,
	79.0833 41.784,
	78.9192 41.5652,
	78.8645 41.5105,
	78.7551 41.6746,
	78.8645 42.5496,
	79.0286 42.9872,
	79.2473 43.0419,
	79.4661 42.8778,
	79.6849 42.8231,
	79.9036 43.0419,
	80.2865 43.9169,
	80.3959 44.1357,
	80.7787 47.6359,
	80.724 48.511,
	80.724 48.9485,
	80.9975 49.8236,
	80.9428 50.6986,
	80.724 51.1361,
	80.724 51.2455,
	80.1224 52.1206,
	79.9036 52.3393,
	79.8489 52.4487,
	79.4114 52.6128,
	78.9739 52.8863,
	78.0988 53.0503,
	77.8801 53.105,
	77.005 52.8863,
	76.7862 52.7769,
	76.0753 51.9018,
	75.6924 51.4643,
	75.419 51.0268,
	75.3643 50.808,
	75.5283 50.3705,
	75.583 50.1517,
	75.4737 49.2766,
	75.3643 48.8391,
	75.2549 48.6203,
	75.2549 48.1828,
	75.2549 47.9641,
	75.2549 47.8547,
	"/>
</Transform>

<Transform dim="0"
 xcoef=" 0 1 0 0 0 0"
 ycoef=" 0 0 1 0 0 0">
<Contour name="TB2 Nucleus_72" hidden="false" closed="true" simplified="true" border="1 0 0" fill="1 0 0" mode="9"
 points="75.2002 45.8311,
	75.4737 44.956,
	75.7471 44.5185,
	75.9659 44.3544,
	76.0753 44.2451,
	76.5128 44.3544,
	76.7316 44.5732,
	76.7862 44.792,
	76.8409 44.8467,
	76.5675 45.2295,
	76.4581 45.2842,
	76.2393 45.2295,
	76.0206 45.3389,
	75.6377 45.7217,
	75.5283 46.1593,
	75.6377 46.3233,
	75.419 46.5421,
	75.3643 46.5968,
	75.2002 46.4327,
	75.2002 45.9952,
	75.2002 45.8858,
	"/>
</Transform>

<Transform dim="0"
 xcoef=" 0 1 0 0 0 0"
 ycoef=" 0 0 1 0 0 0">
<Contour name="TB2 Nucleus_73" hidden="false" closed="true" simplified="true" border="1 0 0" fill="1 0 0" mode="9"
 points="76.6267 23.1482,
	76.6635 23.1298,
	76.6819 23.2771,
	76.7187 23.3324,
	76.7924 23.185,
	76.8661 22.8904,
	76.9029 22.5957,
	76.995 22.4484,
	77.1423 22.3563,
	77.2159 22.3379,
	77.2896 22.3748,
	77.3633 22.3563,
	77.4001 22.3195,
	77.4369 22.0249,
	77.4369 21.8775,
	77.3817 21.8039,
	77.3817 21.7302,
	77.529 21.6381,
	77.6763 21.6013,
	77.8237 21.6381,
	78.1183 21.7855,
	78.2656 21.8775,
	78.413 21.9144,
	78.4866 21.9144,
	78.7444 21.675,
	78.8181 21.6566,
	78.8918 21.6013,
	79.0391 21.5645,
	79.1864 21.5645,
	79.2601 21.5645,
	79.2785 21.5829,
	79.5731 21.5461,
	79.6468 21.5461,
	79.7204 21.4724,
	79.7573 21.3987,
	79.8309 21.3251,
	79.9599 21.2883,
	80.1072 21.3251,
	80.1808 21.3619,
	80.4755 21.2514,
	80.6228 21.2514,
	80.7701 21.2883,
	81.0648 21.454,
	81.2121 21.5645,
	81.5067 21.7118,
	81.5804 21.7302,
	81.6172 21.7671,
	81.6541 21.7671,
	81.8014 21.8775,
	81.9119 21.988,
	82.2065 22.0433,
	82.2802 22.0617,
	82.8695 22.3932,
	82.9984 22.5405,
	83.0168 22.6142,
	82.9984 22.6878,
	82.9432 22.7615,
	82.7958 22.7799,
	82.7222 22.8351,
	82.7038 22.9088,
	82.7222 22.9825,
	83.3115 23.0193,
	83.6061 23.185,
	83.7534 23.2403,
	83.8271 23.2587,
	84.1217 23.4613,
	84.2691 23.5718,
	84.3427 23.6086,
	84.4716 23.7559,
	84.5637 23.9032,
	84.711 24.4925,
	84.8031 24.7872,
	84.8584 25.0818,
	84.9136 25.2292,
	85.0057 26.4077,
	85.0241 26.997,
	85.0057 27.0707,
	84.7479 27.3285,
	84.5821 27.6047,
	84.5085 27.7521,
	84.4532 27.8257,
	84.4164 28.1204,
	84.4164 28.2677,
	84.4164 28.3414,
	84.3796 28.415,
	84.3796 28.5624,
	84.3796 28.636,
	84.2506 28.7833,
	84.1033 28.8386,
	83.956 28.8202,
	83.8087 28.7465,
	83.2194 28.7833,
	83.0721 28.8202,
	82.9247 28.8202,
	82.6301 28.7281,
	82.0408 28.415,
	81.7461 28.2493,
	81.4515 28.194,
	81.1569 28.0835,
	81.0095 28.0467,
	80.8622 28.0835,
	80.7149 28.0099,
	79.5731 27.0891,
	79.2969 26.8497,
	79.168 26.7024,
	78.7997 26.1315,
	78.5787 25.8553,
	78.3025 25.579,
	78.0446 25.3396,
	77.7868 25.045,
	77.6948 24.8977,
	77.6763 24.824,
	77.6395 24.7872,
	77.5474 24.4925,
	77.4922 24.1979,
	77.4001 24.0506,
	77.2712 23.9217,
	77.1423 23.8296,
	76.8661 23.5534,
	76.7371 23.406,
	76.7187 23.3876,
	76.6819 23.4244,
	76.6635 23.4981,
	76.6267 23.4244,
	76.6451 23.2771,
	76.6267 23.2035,
	76.6267 23.1666,
	"/>
</Transform>

<Transform dim="0"
 xcoef=" 0 1 0 0 0 0"
 ycoef=" 0 0 1 0 0 0">
<Contour name="TB2 Nucleus_76" hidden="false" closed="true" simplified="true" border="1 0 0" fill="1 0 0" mode="9"
 points="60.97 39.354,
	61.0442 39.0571,
	61.0627 38.7603,
	61.0813 38.686,
	61.1369 38.6118,
	61.1741 38.4634,
	61.1926 38.3892,
	61.2297 38.3521,
	61.3596 37.7583,
	61.4153 37.4615,
	61.4338 36.8677,
	61.5266 36.274,
	61.6565 35.9771,
	61.7307 35.8287,
	61.7492 35.7544,
	61.7864 35.7173,
	61.842 35.5689,
	61.8606 35.4205,
	61.9162 35.272,
	62.1203 34.9752,
	62.2873 34.6783,
	62.3615 34.5298,
	62.3801 34.4556,
	62.4172 34.4185,
	62.4172 34.3814,
	62.4543 34.3443,
	62.4543 34.3072,
	62.677 34.0103,
	62.677 33.9732,
	62.8811 33.6763,
	62.9738 33.5279,
	62.9738 33.4908,
	63.0295 33.4166,
	63.1408 33.1197,
	63.1779 33.0455,
	63.215 33.0084,
	63.2336 32.9342,
	63.4563 32.6373,
	63.4563 32.6002,
	63.6975 32.3404,
	63.9943 32.1363,
	64.1428 32.0621,
	64.217 32.0621,
	64.3098 32.2105,
	64.384 32.5074,
	64.551 32.8043,
	64.6252 32.9527,
	64.6808 33.2496,
	64.6808 33.398,
	64.6994 33.4722,
	64.6808 33.5465,
	64.6252 33.4166,
	64.4396 34.6041,
	64.384 34.9009,
	64.3654 35.0494,
	64.2726 35.3462,
	64.1428 36.5337,
	63.9016 37.7212,
	63.7902 38.0181,
	63.7531 38.1665,
	63.716 38.2407,
	63.6975 38.3892,
	63.5305 38.686,
	63.4006 38.8345,
	63.3264 38.9087,
	62.7326 39.0757,
	62.5842 39.0386,
	62.5471 39.0386,
	62.4172 39.187,
	62.3801 39.2241,
	62.3244 39.3726,
	62.176 39.521,
	61.8977 39.7622,
	61.7492 39.8735,
	61.4524 39.9292,
	61.3039 39.9106,
	61.1555 39.855,
	61.0813 39.8364,
	60.9885 39.7437,
	60.97 39.4468,
	60.97 39.3726,
	"/>
</Transform>

<Transform dim="0"
 xcoef=" 0 1 0 0 0 0"
 ycoef=" 0 0 1 0 0 0">
<Contour name="TB2 Nucleus_41" hidden="false" closed="true" simplified="true" border="1 0 0" fill="1 0 0" mode="9"
 points="62.5261 61.354,
	62.5627 60.7679,
	62.6726 60.1818,
	62.7825 59.8888,
	63.1854 59.3027,
	63.2953 59.0097,
	63.4785 58.7167,
	63.7349 58.4236,
	63.8814 58.2771,
	64.0279 58.3137,
	64.3209 58.5701,
	64.5041 58.8632,
	64.5773 59.0097,
	64.5773 59.083,
	64.7239 59.2295,
	65.0169 59.3027,
	65.1634 59.376,
	65.4198 59.6324,
	65.7128 59.8155,
	66.2989 59.9254,
	66.4454 59.9621,
	67.0315 59.8888,
	67.6176 59.9254,
	67.9106 59.9987,
	68.0571 60.0719,
	68.3502 60.365,
	68.6432 60.5848,
	68.7897 60.5848,
	68.9362 60.658,
	69.5223 60.7679,
	69.8153 60.8778,
	69.9618 60.8778,
	70.0351 60.8778,
	70.5479 61.3906,
	70.8409 61.5005,
	71.0241 61.7569,
	71.2072 62.343,
	71.3171 62.929,
	71.3537 63.5151,
	71.3537 63.8081,
	71.1706 64.3942,
	70.9875 64.6506,
	70.6944 64.907,
	70.4746 65.4931,
	70.2182 65.7861,
	70.0717 65.9326,
	69.9985 66.0059,
	69.7054 66.0425,
	69.1194 65.9326,
	68.9728 65.9693,
	68.8263 66.0791,
	68.7531 66.2257,
	68.46 66.4454,
	68.3868 66.4088,
	68.3135 66.5553,
	68.0205 66.5187,
	67.874 66.4821,
	67.8007 66.4088,
	67.6542 66.4088,
	67.5077 66.3355,
	67.2146 66.3355,
	67.0681 66.2989,
	66.8117 66.0425,
	66.4454 65.4564,
	66.189 65.2367,
	66.1158 65.1634,
	65.8227 65.0902,
	65.2367 65.1268,
	64.6506 65.0169,
	64.3576 64.907,
	64.211 64.8704,
	64.0645 64.7605,
	63.918 64.4675,
	63.8448 64.1744,
	63.5517 63.5884,
	63.1488 63.0389,
	62.8924 62.7459,
	62.7093 62.4895,
	62.5627 61.9034,
	62.5627 61.6104,
	62.5261 61.4639,
	62.5261 61.3906,
	"/>
</Transform>

<Transform dim="0"
 xcoef=" 0 1 0 0 0 0"
 ycoef=" 0 0 1 0 0 0">
<Contour name="TB2 Nucleus_53" hidden="false" closed="true" simplified="true" border="1 0 0" fill="1 0 0" mode="9"
 points="65.035 50.021,
	65.17 49.4034,
	65.2086 49.249,
	65.2279 49.1718,
	65.2279 49.1332,
	65.2858 49.056,
	65.3437 48.9017,
	65.556 48.6122,
	65.6718 48.4771,
	65.9806 48.2069,
	65.8262 48.2069,
	65.7683 48.1876,
	65.8262 48.1104,
	65.9806 48.0525,
	66.135 48.0332,
	66.2893 48.0718,
	66.3472 48.149,
	66.3858 48.1876,
	66.3858 48.342,
	66.1736 48.9596,
	66.1543 49.1139,
	66.0964 49.2683,
	66.0578 49.5771,
	66.0771 49.8859,
	66.0578 50.0403,
	66.0192 50.1174,
	65.7297 50.4069,
	65.5753 50.5034,
	65.4402 50.5613,
	65.2858 50.5034,
	65.2086 50.4648,
	65.0736 50.3104,
	65.035 50.2332,
	65.035 50.0788,
	65.035 50.0403,
	"/>
</Transform>

<Transform dim="0"
 xcoef=" 0 1 0 0 0 0"
 ycoef=" 0 0 1 0 0 0">
<Contour name="TB2 Nucleus_44" hidden="false" closed="true" simplified="true" border="1 0 0" fill="1 0 1" mode="9"
 points="81.1936 43.8776,
	81.2553 43.3835,
	81.3634 42.8895,
	81.4252 42.3954,
	81.456 42.1484,
	81.456 42.0249,
	81.5024 41.7779,
	81.6104 41.5308,
	81.6568 41.4691,
	81.7648 41.2221,
	81.7803 41.0986,
	81.7957 41.0368,
	81.7494 40.9133,
	81.6104 40.6663,
	81.6104 40.6354,
	81.5641 40.5736,
	81.5178 40.4501,
	81.4869 40.2031,
	81.5178 39.709,
	81.5024 39.5855,
	81.5332 39.5238,
	81.595 39.4929,
	81.8266 39.6627,
	81.8883 39.6936,
	82.0118 39.8017,
	82.0736 39.848,
	82.1662 40.095,
	82.2126 40.342,
	82.228 40.4656,
	82.3052 40.7126,
	82.3515 41.2066,
	82.3361 41.3301,
	82.3669 41.5772,
	82.3824 41.6389,
	82.475 41.7624,
	82.5677 42.2565,
	82.5831 42.5035,
	82.5677 42.7505,
	82.5213 42.874,
	82.5368 43.3681,
	82.5522 43.6151,
	82.5985 43.8621,
	82.6294 44.3562,
	82.614 44.6032,
	82.5831 44.7267,
	82.2897 45.2053,
	82.1971 45.3288,
	82.0736 45.3906,
	82.0427 45.3906,
	82.0118 45.4215,
	81.9501 45.4369,
	81.9192 45.4678,
	81.8575 45.4832,
	81.7339 45.5759,
	81.7185 45.6376,
	81.7648 45.6839,
	81.8266 45.6994,
	81.9501 45.6839,
	82.0118 45.7148,
	82.1354 45.6994,
	82.2589 45.5913,
	82.5059 45.4369,
	82.5677 45.3906,
	82.5985 45.3288,
	82.6603 45.2671,
	82.722 45.1436,
	82.7838 45.0818,
	82.9227 44.8348,
	83.0154 44.5878,
	82.9999 44.4643,
	82.9536 44.3407,
	82.9227 44.279,
	82.9227 44.2481,
	82.8456 44.1246,
	82.7992 44.0628,
	82.7529 43.8158,
	82.7684 43.3218,
	82.8147 42.8277,
	82.8301 42.5807,
	82.7684 42.0867,
	82.6448 41.5926,
	82.614 41.4691,
	82.614 41.4073,
	82.4596 40.9133,
	82.5368 40.6663,
	82.5677 40.5428,
	82.5213 40.2957,
	82.4441 40.0487,
	82.2897 39.8017,
	82.2434 39.7399,
	82.2434 39.709,
	82.2126 39.6782,
	82.1662 39.5547,
	82.0736 39.4311,
	82.0118 39.3694,
	81.8883 39.3231,
	81.6413 39.354,
	81.5796 39.3385,
	81.6104 38.8445,
	81.6104 38.3504,
	81.6259 38.1034,
	81.6259 38.0416,
	81.6876 37.9181,
	81.6876 37.8873,
	81.8575 37.6402,
	82.089 37.4395,
	82.1817 37.3469,
	82.3052 37.2543,
	82.4287 37.1307,
	82.6757 36.9764,
	82.7992 36.9455,
	82.9227 36.9609,
	83.0463 37.0227,
	83.108 37.0535,
	83.3087 37.3006,
	83.5249 37.7946,
	83.5712 37.9181,
	83.6021 38.1652,
	83.6947 38.4122,
	83.7565 38.5357,
	83.8028 38.7827,
	83.8336 39.2768,
	83.9108 39.7708,
	83.9417 39.8326,
	83.9417 39.8634,
	83.9726 39.8943,
	84.0189 40.0178,
	84.0344 40.2649,
	84.0344 40.3884,
	84.0807 40.5119,
	84.1733 40.6354,
	84.2814 40.728,
	84.3894 40.8515,
	84.513 40.9442,
	84.7445 41.1912,
	84.7754 41.2221,
	84.7909 41.4691,
	84.7754 41.5926,
	84.76 41.6544,
	84.6674 41.7779,
	84.621 41.9014,
	84.6519 42.0249,
	84.76 42.133,
	84.8835 42.1947,
	85.007 42.2102,
	85.0688 42.1947,
	85.1305 42.2256,
	85.1768 42.3491,
	85.1614 42.5961,
	85.2077 43.0902,
	85.2077 43.5842,
	85.2232 43.8313,
	85.1923 44.0783,
	85.1614 44.14,
	85.1614 44.2018,
	85.0842 44.4488,
	85.0533 44.5723,
	85.0533 44.6958,
	84.9761 45.1899,
	84.76 45.6839,
	84.6519 45.931,
	84.6056 46.0545,
	84.5593 46.3015,
	84.4666 46.5485,
	84.4049 46.7955,
	84.374 47.0426,
	84.3586 47.1043,
	84.3586 47.1352,
	84.3123 47.197,
	84.3123 47.2278,
	84.2196 47.3513,
	84.1887 47.4131,
	84.127 47.4749,
	83.8954 47.9689,
	83.8954 47.9998,
	83.7565 48.2468,
	83.5866 48.4938,
	83.5866 48.5247,
	83.5094 48.6482,
	83.494 48.71,
	83.4477 48.7717,
	83.4477 48.8026,
	83.4014 48.8644,
	83.3859 48.9261,
	83.2933 49.0496,
	83.2315 49.1114,
	83.108 49.1731,
	82.614 49.1886,
	82.3669 49.1886,
	82.1199 49.1423,
	81.8729 49.0496,
	81.7494 49.0033,
	81.6259 48.9261,
	81.5178 48.818,
	81.456 48.6945,
	81.348 48.2005,
	81.2708 47.7064,
	81.2553 47.4594,
	81.3017 46.9654,
	81.3171 46.4713,
	81.3017 46.2243,
	81.3634 45.7303,
	81.3943 45.6067,
	81.4097 45.1127,
	81.3017 44.8657,
	81.2245 44.6186,
	81.1936 44.3716,
	81.1936 43.893,
	"/>
</Transform>

<Transform dim="0"
 xcoef=" 0 1 0 0 0 0"
 ycoef=" 0 0 1 0 0 0">
<Contour name="TB2 Nucleus_93" hidden="false" closed="true" simplified="true" border="1 0 0" fill="1 0 1" mode="9"
 points="68.7814 33.1347,
	68.8581 32.8279,
	68.8964 32.5211,
	68.9539 32.4444,
	68.9731 32.3677,
	69.0882 32.2143,
	69.1265 32.1376,
	69.1649 32.0993,
	69.1649 32.0609,
	69.2608 31.9075,
	69.3375 31.6007,
	69.3566 31.4473,
	69.4717 31.1405,
	69.5676 30.9871,
	69.8168 30.3735,
	69.8744 30.2201,
	70.0853 29.9133,
	70.2195 29.7599,
	70.5263 29.549,
	70.5838 29.3956,
	70.9482 28.7819,
	71.0632 28.6285,
	71.1016 28.5902,
	71.1207 28.5135,
	71.6001 27.8999,
	71.8494 27.6314,
	72.4438 27.1712,
	72.7315 26.922,
	72.8849 26.8069,
	72.9616 26.7686,
	73.2492 26.5193,
	73.3834 26.3659,
	73.4793 26.2125,
	73.6135 26.0591,
	73.9203 25.829,
	74.0737 25.7139,
	74.2271 25.6372,
	74.3805 25.618,
	74.5339 25.5413,
	74.6106 25.5222,
	74.764 25.4263,
	74.8024 25.3879,
	75.1092 25.2729,
	75.416 25.3496,
	75.5694 25.3879,
	75.6077 25.3688,
	75.9145 25.5413,
	75.9337 25.618,
	75.9145 25.6372,
	75.8378 25.5797,
	75.7995 25.5605,
	75.9145 25.7139,
	75.9912 25.8673,
	76.0296 25.9057,
	76.0296 25.944,
	76.1255 26.0974,
	76.1638 26.1741,
	76.2022 26.2125,
	76.2597 26.3659,
	76.4514 26.6727,
	76.5665 26.8261,
	76.7007 27.1329,
	76.7391 27.2863,
	76.7582 27.5931,
	76.8349 27.8999,
	76.8541 28.0533,
	76.8925 28.13,
	76.9692 28.7436,
	76.95 29.3572,
	76.95 29.4339,
	76.9116 29.5106,
	76.9116 29.5873,
	76.6624 30.2009,
	76.5857 30.5077,
	76.5281 30.6611,
	76.4898 30.7378,
	76.4898 30.7762,
	76.4514 30.8145,
	76.3939 30.9679,
	76.3556 31.0063,
	76.3556 31.0446,
	76.2405 31.198,
	76.2405 31.2364,
	75.9721 31.4856,
	75.3585 31.6966,
	74.7449 31.8116,
	74.1312 32.1568,
	73.9778 32.2527,
	73.9011 32.2718,
	73.8244 32.2527,
	73.671 32.1376,
	73.0574 32.176,
	72.904 32.1951,
	72.7506 32.2527,
	72.4438 32.5019,
	72.1754 32.7704,
	71.8878 32.943,
	71.7343 33.0005,
	71.4467 33.2114,
	71.3125 33.3648,
	71.2166 33.5182,
	71.1591 33.5949,
	71.1207 33.6333,
	71.1207 33.6716,
	71.0632 33.7483,
	71.044 33.825,
	71.0057 33.8634,
	70.9098 34.1702,
	70.8715 34.3236,
	70.8715 34.3619,
	70.8331 34.4003,
	70.8139 34.477,
	70.8139 34.5153,
	70.7756 34.5537,
	70.6414 34.8605,
	70.4496 35.1673,
	70.2195 35.4549,
	69.9127 35.6658,
	69.7593 35.685,
	69.6826 35.6658,
	69.4333 35.359,
	69.3375 35.2056,
	69.3183 35.1289,
	69.2224 34.9755,
	69.1073 34.6687,
	69.0498 34.5153,
	69.0498 34.4386,
	68.8581 33.825,
	68.7814 33.5182,
	68.7814 33.2114,
	68.7814 33.1539,
	"/>
</Transform>

<Transform dim="0"
 xcoef=" 0 1 0 0 0 0"
 ycoef=" 0 0 1 0 0 0">
<Contour name="TB2_T2C-02_AM_09" hidden="false" closed="true" simplified="true" border="1 0.5 0" fill="1 0.5 0" mode="13"
 points="70.6937 54.9517,
	70.7058 54.7581,
	70.7119 54.7097,
	70.7058 54.5161,
	70.724 54.1289,
	70.7482 53.9353,
	70.7542 53.8385,
	70.7905 53.6449,
	70.851 53.4513,
	70.8873 53.3545,
	70.9054 53.3303,
	70.9115 53.3061,
	70.9417 53.2577,
	70.9538 53.2335,
	70.9659 53.2214,
	70.972 53.1972,
	70.9841 53.1851,
	70.9901 53.1609,
	71.0506 53.0641,
	71.1293 52.9673,
	71.2261 52.8766,
	71.3229 52.8161,
	71.3652 52.7858,
	71.4136 52.7677,
	71.462 52.7314,
	71.5588 52.683,
	71.6072 52.6648,
	71.8008 52.6406,
	71.8492 52.6346,
	72.0428 52.6588,
	72.1396 52.7011,
	72.188 52.7314,
	72.2122 52.7435,
	72.2606 52.7858,
	72.2788 52.7979,
	72.3272 52.8463,
	72.3877 52.9431,
	72.4119 52.9915,
	72.4603 53.1851,
	72.4663 53.2335,
	72.4966 53.3303,
	72.5389 53.4271,
	72.6478 53.6207,
	72.7083 53.7175,
	72.7325 53.7659,
	72.7386 53.7901,
	72.8051 53.8869,
	72.8051 53.899,
	72.8596 53.9958,
	72.9322 54.1894,
	72.9503 54.2862,
	72.9624 54.4798,
	72.9564 54.6734,
	72.9443 54.7702,
	72.8898 54.9638,
	72.7567 55.351,
	72.6357 55.7382,
	72.5934 55.9318,
	72.5692 56.0286,
	72.5268 56.1254,
	72.4482 56.2222,
	72.4058 56.2525,
	72.309 56.2767,
	72.1154 56.3553,
	72.0186 56.4279,
	71.9702 56.4582,
	71.8734 56.4945,
	71.6798 56.5005,
	71.583 56.4884,
	71.5346 56.4763,
	71.5104 56.4763,
	71.4862 56.4642,
	71.4741 56.4642,
	71.3773 56.4098,
	71.3652 56.4098,
	71.2684 56.3372,
	71.1716 56.2525,
	71.093 56.1617,
	71.0627 56.1133,
	71.0446 56.0891,
	70.9659 55.8955,
	70.9175 55.7019,
	70.8752 55.6051,
	70.8147 55.5083,
	70.7724 55.4115,
	70.7179 55.2179,
	70.6998 55.0243,
	70.6937 54.9759,
	70.6937 54.9578,
	"/>
</Transform>

<Transform dim="0"
 xcoef=" 0 1 0 0 0 0"
 ycoef=" 0 0 1 0 0 0">
<Contour name="TB2 Nucleus_75" hidden="false" closed="true" simplified="true" border="1 0 0" fill="1 0 0" mode="9"
 points="75.0205 66.1781,
	75.1136 66.054,
	75.1756 65.992,
	75.2997 65.9299,
	75.3618 65.9144,
	75.4859 65.8213,
	75.5479 65.6972,
	75.5635 65.449,
	75.579 65.3249,
	75.6876 65.0767,
	75.7186 65.0147,
	75.7341 64.9836,
	75.7496 65.0457,
	75.7651 65.0612,
	75.8582 64.9371,
	75.8892 64.9061,
	75.8892 64.844,
	75.8427 64.782,
	75.8272 64.5338,
	75.8582 64.4097,
	75.9203 64.2856,
	76.0133 64.177,
	76.2615 64.0374,
	76.5097 63.8357,
	76.6183 63.7116,
	77.0992 63.3548,
	77.1923 63.2307,
	77.2544 63.1686,
	77.3164 63.1376,
	77.3785 63.1531,
	77.4405 63.1997,
	77.4716 63.4479,
	77.3319 64.4407,
	77.3164 64.6889,
	77.2389 64.813,
	77.1148 64.8906,
	77.0527 64.9371,
	76.9286 64.9836,
	76.8045 65.0612,
	76.758 65.1233,
	76.6339 65.2008,
	76.4787 65.449,
	76.4012 65.5576,
	76.3391 65.6197,
	76.1064 65.7903,
	75.8737 65.992,
	75.8272 66.054,
	75.7806 66.1781,
	75.7806 66.3022,
	75.7341 66.4263,
	75.7031 66.4884,
	75.579 66.5505,
	75.3308 66.5039,
	75.0826 66.3953,
	75.0205 66.3488,
	75.0205 66.2247,
	75.0205 66.1937,
	"/>
</Transform>

<Transform dim="0"
 xcoef=" 0 1 0 0 0 0"
 ycoef=" 0 0 1 0 0 0">
<Contour name="TB2 NF_24" hidden="true" closed="true" simplified="true" border="1 0.501961 0.25098" fill="1 0.501961 0.25098" mode="-9"
 points="97.5655 14.578,
	97.5878 14.4888,
	97.7215 14.3328,
	97.8107 14.2882,
	97.8998 14.2882,
	98.0113 14.4665,
	98.0336 14.6449,
	98.0113 14.8232,
	98.0113 14.9123,
	97.8998 15.0907,
	97.8107 15.1352,
	97.7215 15.0684,
	97.6323 14.89,
	97.5878 14.8009,
	97.5655 14.6226,
	97.5655 14.6003,
	"/>
</Transform>

<Transform dim="0"
 xcoef=" 0 1 0 0 0 0"
 ycoef=" 0 0 1 0 0 0">
<Contour name="TB2 NF_24_cw" hidden="false" closed="true" simplified="true" border="1 0.5 0" fill="1 0.682353 0.368627" mode="15"
 points="97.4603 14.6837,
	97.4873 14.6219,
	97.4989 14.6065,
	97.5182 14.5448,
	97.522 14.5139,
	97.5336 14.483,
	97.5722 14.4213,
	97.6803 14.2978,
	97.7111 14.2708,
	97.7266 14.2669,
	97.7343 14.2592,
	97.7652 14.2553,
	97.8269 14.2746,
	97.8539 14.2939,
	97.9157 14.3518,
	97.9465 14.3788,
	97.9774 14.4406,
	97.9851 14.456,
	97.989 14.4869,
	97.989 14.5023,
	98.0044 14.5332,
	98.0121 14.5641,
	98.0083 14.6258,
	97.9967 14.6875,
	97.9465 14.811,
	97.9311 14.8419,
	97.9311 14.8573,
	97.9427 14.8882,
	97.9504 14.95,
	97.9311 14.9808,
	97.8732 15.0387,
	97.8462 15.0619,
	97.8308 15.0773,
	97.7999 15.0889,
	97.769 15.0773,
	97.7381 15.0734,
	97.7073 15.0619,
	97.6455 15.0194,
	97.6147 14.9924,
	97.5838 14.977,
	97.5529 14.9538,
	97.495 14.8921,
	97.4834 14.8612,
	97.4796 14.7995,
	97.468 14.7377,
	97.4603 14.7068,
	97.4603 14.6914,
	97.4603 14.6875,
	"/>
</Transform>

<Transform dim="0"
 xcoef=" 0 1 0 0 0 0"
 ycoef=" 0 0 1 0 0 0">
<Contour name="TB2_T2C-12_cw" hidden="false" closed="true" simplified="true" border="0 0 1" fill="0 0 0.518" mode="15"
 points="71.4871 37.1695,
	71.5544 37.0619,
	71.6485 36.9543,
	71.7024 36.7391,
	71.7293 36.6314,
	71.7293 36.5238,
	71.7696 36.4162,
	71.9041 36.2009,
	71.9445 36.0933,
	71.958 35.9857,
	71.9714 35.9319,
	71.9445 35.7167,
	71.9714 35.5014,
	71.9849 35.4476,
	72.079 35.34,
	72.1328 35.3131,
	72.2405 35.2055,
	72.2943 35.0978,
	72.3077 34.9902,
	72.2808 34.775,
	72.2808 34.7212,
	72.3481 34.6135,
	72.4019 34.5732,
	72.4557 34.5597,
	72.4692 34.5328,
	72.4557 34.479,
	72.4961 34.2638,
	72.5633 34.0485,
	72.5768 33.9409,
	72.6709 33.7257,
	72.6844 33.6719,
	72.6709 33.618,
	72.7113 33.5104,
	72.7786 33.4028,
	72.8862 33.3355,
	72.9938 33.2952,
	73.0207 33.2817,
	73.236 33.3624,
	73.3436 33.4028,
	73.4512 33.3894,
	73.505 33.3894,
	73.6126 33.4566,
	73.7068 33.5642,
	73.7606 33.6719,
	73.8279 34.1023,
	73.8144 34.3176,
	73.8548 34.7481,
	73.8413 34.9633,
	73.8279 35.0709,
	73.7337 35.2862,
	73.6933 35.5014,
	73.7202 35.7167,
	73.7472 35.8243,
	73.7472 36.0395,
	73.6933 36.47,
	73.6395 36.6852,
	73.5454 36.9005,
	73.5185 37.0081,
	73.5588 37.1157,
	73.5857 37.1695,
	73.5723 37.2772,
	73.5319 37.3848,
	73.4377 37.4924,
	73.3301 37.5058,
	73.2898 37.5597,
	73.2763 37.6673,
	73.2898 37.7211,
	73.2898 37.748,
	73.3167 37.7614,
	73.357 37.7211,
	73.3839 37.748,
	73.3974 37.9632,
	73.3301 38.1785,
	73.2898 38.2861,
	73.2763 38.3937,
	73.2629 38.4206,
	73.3032 38.6359,
	73.3032 38.8511,
	73.2898 38.9587,
	73.2898 39.0125,
	73.1821 39.1202,
	73.0745 39.174,
	73.0207 39.2278,
	72.9938 39.2547,
	72.7786 39.2681,
	72.6709 39.2816,
	72.6171 39.2681,
	72.5633 39.2278,
	72.5364 39.1202,
	72.5095 39.0664,
	72.4557 39.0394,
	72.4153 38.9856,
	72.4153 38.878,
	72.4019 38.8242,
	72.4019 38.7973,
	72.3481 38.7569,
	72.1328 38.7031,
	72.0252 38.6493,
	71.9849 38.5955,
	71.9311 38.165,
	71.8369 37.9498,
	71.5813 37.5193,
	71.5409 37.3041,
	71.5006 37.2502,
	71.4871 37.1964,
	71.4871 37.183,
	"/>
</Transform>

<Transform dim="0"
 xcoef=" 0 1 0 0 0 0"
 ycoef=" 0 0 1 0 0 0">
<Contour name="TB2 NF_02_rsl" hidden="false" closed="true" simplified="true" border="0.502 1 1" fill="0.502 1 1" mode="-9"
 points="76.6705 32.3617,
	76.7228 32.1228,
	76.7601 32.0033,
	76.9842 31.5254,
	77.0215 31.4059,
	77.0364 31.3462,
	77.0364 31.3163,
	77.0663 31.2566,
	77.1783 31.1446,
	77.2082 31.1147,
	77.3276 31.0774,
	77.3426 31.0625,
	77.3575 31.0625,
	77.4172 31.0102,
	77.5068 30.9057,
	77.5218 30.8758,
	77.5367 30.8683,
	77.5367 30.8534,
	77.5666 30.8235,
	77.574 30.7937,
	77.589 30.7862,
	77.589 30.7713,
	77.6039 30.7563,
	77.6039 30.7414,
	77.6786 30.6219,
	77.7756 30.5174,
	77.8354 30.4726,
	77.8877 30.4128,
	77.9474 30.368,
	77.9623 30.3531,
	78.0221 30.3307,
	78.0818 30.3232,
	78.1341 30.3755,
	78.149 30.3904,
	78.1565 30.5099,
	78.1341 30.7489,
	78.1191 30.8683,
	78.1042 30.8982,
	78.1042 30.9281,
	78.037 31.167,
	78.0146 31.2267,
	78.0071 31.2566,
	77.9623 31.3089,
	77.9474 31.2865,
	77.9325 31.3462,
	77.8279 31.5852,
	77.7906 31.7046,
	77.686 31.9436,
	77.6114 32.1825,
	77.5143 32.6604,
	77.4994 32.6903,
	77.4994 32.7052,
	77.4844 32.7201,
	77.462 32.7799,
	77.35 32.8919,
	77.2903 32.9143,
	77.1708 32.9068,
	77.141 32.8993,
	77.0588 32.7799,
	77.014 32.7201,
	76.9543 32.6753,
	76.8348 32.6455,
	76.7751 32.6231,
	76.7452 32.6156,
	76.7153 32.5932,
	76.6855 32.5335,
	76.6705 32.4737,
	76.6705 32.414,
	76.6705 32.3841,
	76.6705 32.3692,
	"/>
</Transform>

<Transform dim="0"
 xcoef=" 0 1 0 0 0 0"
 ycoef=" 0 0 1 0 0 0">
<Contour name="TB2 NF_33-rsl" hidden="false" closed="true" simplified="true" border="0 1 0.501961" fill="0 1 0.501961" mode="-9"
 points="71.6578 54.4381,
	71.6941 54.1475,
	71.6941 54.0022,
	71.7123 53.9295,
	71.7577 53.8569,
	71.8213 53.8024,
	71.8395 53.7842,
	71.8576 53.7842,
	71.8758 53.7661,
	72.0211 53.7661,
	72.0938 53.7933,
	72.1573 53.8569,
	72.1937 53.8932,
	72.2481 54.0385,
	72.2754 54.1838,
	72.2754 54.3292,
	72.2481 54.4018,
	72.1937 54.6924,
	72.1755 54.8378,
	72.1573 54.9104,
	72.1482 54.9467,
	72.1119 54.974,
	71.9666 54.974,
	71.9303 54.974,
	71.8576 54.9467,
	71.8213 54.9104,
	71.794 54.8922,
	71.7305 54.8196,
	71.6941 54.7469,
	71.6578 54.6016,
	71.6578 54.4563,
	71.6578 54.4472,
	"/>
</Transform>

<Transform dim="0"
 xcoef=" 0 1 0 0 0 0"
 ycoef=" 0 0 1 0 0 0">
<Contour name="TB2_T2C-02_AM_01" hidden="false" closed="true" simplified="true" border="1 0.501961 0" fill="1 0.501961 0" mode="9"
 points="70.52 59.3698,
	70.5514 59.3196,
	70.6016 59.2945,
	70.7019 59.2694,
	70.8022 59.2569,
	70.8524 59.2694,
	70.9527 59.3259,
	70.9966 59.3698,
	71.0217 59.4199,
	71.0155 59.5203,
	71.0029 59.5454,
	70.9527 59.5767,
	70.8524 59.583,
	70.7521 59.5767,
	70.6517 59.5516,
	70.6078 59.5266,
	70.5827 59.5203,
	70.5326 59.4764,
	70.52 59.4262,
	70.52 59.376,
	"/>
</Transform>

<Transform dim="0"
 xcoef=" 0 1 0 0 0 0"
 ycoef=" 0 0 1 0 0 0">
<Contour name="TB2 NF_09_rsl" hidden="false" closed="true" simplified="true" border="1 0.501961 1" fill="1 0.501961 1" mode="-9"
 points="73.7424 55.7084,
	73.7787 55.5152,
	73.8149 55.1287,
	73.8753 54.7421,
	73.8753 54.6938,
	73.9599 54.5005,
	74.0082 54.3073,
	74.2014 53.9208,
	74.2497 53.8241,
	74.4309 53.655,
	74.6121 53.5221,
	74.7088 53.4497,
	74.7329 53.4255,
	74.9262 53.353,
	74.9745 53.3289,
	75.1678 53.3289,
	75.2644 53.3772,
	75.361 53.4618,
	75.4335 53.655,
	75.4697 54.0415,
	75.4697 54.4281,
	75.3852 54.8146,
	75.3489 55.0079,
	75.3127 55.1045,
	75.2765 55.2978,
	75.2644 55.3461,
	75.2523 55.3582,
	75.2402 55.3461,
	75.1436 55.7326,
	75.0349 55.9259,
	74.8658 56.1071,
	74.6725 56.2158,
	74.4793 56.2882,
	74.3947 56.3849,
	74.3464 56.409,
	74.2981 56.397,
	74.2618 56.3486,
	74.2256 56.252,
	74.1894 56.2158,
	74.141 56.2037,
	74.0444 56.2158,
	73.9961 56.2278,
	73.8995 56.1795,
	73.8149 56.095,
	73.7545 55.9983,
	73.7424 55.8051,
	73.7424 55.7205,
	"/>
</Transform>

<Transform dim="0"
 xcoef=" 0 1 0 0 0 0"
 ycoef=" 0 0 1 0 0 0">
<Image mag="0.00855" contrast="1" brightness="0" red="true" green="true" blue="true"
 src="Aligned 633551.tif" />
<Contour name="a1" hidden="false" closed="true" simplified="false" border="1 0.5 0" fill="1 0.5 0" mode="11"
 points="0 0,
	15991 0,
	15991 12171,
	0 12171,
	"/>
</Transform>

<Transform dim="0"
 xcoef=" 0 1 0 0 0 0"
 ycoef=" 0 0 1 0 0 0">
<Contour name="TB2_T2C-02_cw" hidden="false" closed="true" simplified="true" border="0 0.502 0.753" fill="0 0.502 0.753" mode="15"
 points="75.8063 40.0808,
	75.8587 40.0284,
	75.8784 40.0022,
	75.8718 39.8974,
	75.8391 39.6878,
	75.8784 39.4782,
	75.9111 39.3735,
	76.0028 39.3014,
	76.0356 39.1966,
	76.0487 39.1442,
	76.101 39.0394,
	76.101 39.0132,
	76.1272 38.9609,
	76.1403 38.9347,
	76.2451 38.9019,
	76.2975 38.8888,
	76.3106 38.8888,
	76.3303 38.8626,
	76.3565 38.7578,
	76.363 38.7054,
	76.422 38.4959,
	76.4416 38.3911,
	76.422 38.2863,
	76.3827 38.1815,
	76.363 38.1291,
	76.3041 38.0243,
	76.2255 37.9195,
	76.1862 37.8671,
	76.2189 37.7624,
	76.2386 37.71,
	76.2451 37.6576,
	76.2517 37.6314,
	76.232 37.5266,
	76.1993 37.4218,
	76.1862 37.3956,
	76.1862 37.2908,
	76.2124 37.2646,
	76.2189 37.2384,
	76.2648 37.186,
	76.291 37.1598,
	76.3499 37.0551,
	76.3696 37.0027,
	76.3696 36.8979,
	76.363 36.8717,
	76.3696 36.8455,
	76.4547 36.7407,
	76.5071 36.6883,
	76.566 36.5835,
	76.5988 36.4787,
	76.6119 36.4263,
	76.6184 36.0072,
	76.6315 35.9024,
	76.6315 35.8762,
	76.7429 35.6666,
	76.756 35.6142,
	76.7429 35.5618,
	76.7429 35.5095,
	76.7232 35.4571,
	76.7167 35.2475,
	76.7101 35.1427,
	76.756 35.0379,
	76.7756 34.9855,
	76.8673 34.8807,
	76.9131 34.8283,
	76.9852 34.7236,
	76.9917 34.7105,
	76.959 34.6057,
	76.9524 34.5533,
	76.959 34.5009,
	76.9786 34.4485,
	76.9917 34.4223,
	77.0179 34.3961,
	77.0441 34.3896,
	77.1489 34.4027,
	77.2013 34.4092,
	77.2275 34.4157,
	77.2406 34.4157,
	77.2602 34.3634,
	77.2668 34.3372,
	77.3519 34.2324,
	77.3781 34.2062,
	77.4371 34.1014,
	77.4698 34.049,
	77.4829 33.9966,
	77.496 33.9704,
	77.5026 33.8656,
	77.5091 33.8132,
	77.5026 33.7608,
	77.4502 33.715,
	77.4371 33.6626,
	77.4109 33.6429,
	77.3585 33.6299,
	77.3061 33.584,
	77.2537 33.5709,
	77.2013 33.5251,
	77.1817 33.4727,
	77.1882 33.3679,
	77.221 33.2631,
	77.2733 33.1583,
	77.2864 33.1321,
	77.4633 32.9225,
	77.5288 32.8178,
	77.6204 32.6082,
	77.6794 32.3986,
	77.7252 32.2938,
	77.7514 32.2414,
	77.7973 32.189,
	77.83 32.0843,
	77.8497 31.9795,
	77.9283 31.7699,
	77.9545 31.7175,
	78.033 31.6127,
	78.0854 31.5669,
	78.1444 31.4621,
	78.1509 31.4097,
	78.1378 31.3835,
	78.1116 31.3638,
	78.0985 31.3573,
	78.092 31.3049,
	78.1182 31.2001,
	78.1444 31.1477,
	78.1902 31.0953,
	78.2164 31.0429,
	78.2361 31.0167,
	78.2426 30.9905,
	78.2754 30.9382,
	78.295 30.912,
	78.3016 30.8858,
	78.3212 30.8596,
	78.3474 30.7548,
	78.354 30.7024,
	78.3409 30.65,
	78.3343 30.6238,
	78.3409 30.5976,
	78.3409 30.5845,
	78.3932 30.5452,
	78.4194 30.5256,
	78.4325 30.519,
	78.4391 30.4142,
	78.4784 30.3618,
	78.5046 30.3422,
	78.557 30.3291,
	78.5832 30.316,
	78.6028 30.2898,
	78.6356 30.185,
	78.6814 30.1392,
	78.7076 30.1195,
	78.7338 30.113,
	78.76 30.1195,
	78.7731 30.1195,
	78.7993 30.1392,
	78.8255 30.1457,
	78.8779 30.1785,
	78.9303 30.185,
	78.9565 30.185,
	78.9761 30.1588,
	78.9827 30.1326,
	78.9892 30.1195,
	78.9696 30.0671,
	78.963 30.0147,
	78.963 29.9885,
	79.0023 29.9361,
	79.0547 29.9165,
	79.1071 29.9099,
	79.2119 29.9558,
	79.2643 29.9361,
	79.2905 29.9296,
	79.3167 29.9361,
	79.3691 29.9754,
	79.4215 29.9754,
	79.4477 29.982,
	79.4739 30.0016,
	79.4935 30.054,
	79.5001 30.1588,
	79.487 30.2636,
	79.4542 30.3684,
	79.4411 30.4208,
	79.4411 30.4732,
	79.4542 30.5256,
	79.487 30.578,
	79.5066 30.6041,
	79.559 30.591,
	79.762 30.4011,
	79.8144 30.3487,
	79.893 30.2439,
	79.9912 30.1392,
	80.0436 30.0999,
	80.0764 30.0475,
	80.1222 29.9951,
	80.227 29.9165,
	80.3318 29.8117,
	80.4366 29.7528,
	80.489 29.7331,
	80.5152 29.7331,
	80.62 29.6873,
	80.6723 29.6807,
	80.6985 29.6938,
	80.7116 29.7069,
	80.7051 29.7593,
	80.6527 29.8117,
	80.5479 29.8903,
	80.5217 29.9165,
	80.5021 29.9689,
	80.4955 30.0213,
	80.5021 30.0737,
	80.5741 30.1785,
	80.5938 30.2046,
	80.6069 30.2177,
	80.6003 30.3225,
	80.6003 30.3749,
	80.62 30.4273,
	80.6331 30.4535,
	80.6854 30.4928,
	80.7378 30.4994,
	80.7902 30.4797,
	80.8819 30.3815,
	80.9278 30.3291,
	80.954 30.3029,
	81.0064 30.2701,
	81.0326 30.257,
	81.0522 30.2767,
	81.0456 30.3291,
	80.9998 30.4339,
	80.9802 30.4863,
	80.9671 30.591,
	80.9671 30.6434,
	81.0064 30.853,
	81.0587 30.9578,
	81.098 31.0102,
	81.1504 31.056,
	81.2552 31.1019,
	81.3076 31.115,
	81.4124 31.0953,
	81.4386 31.1019,
	81.4844 31.1543,
	81.491 31.2067,
	81.4844 31.2591,
	81.4648 31.3115,
	81.432 31.3638,
	81.419 31.3769,
	81.4124 31.4031,
	81.4386 31.4555,
	81.491 31.4883,
	81.5434 31.5014,
	81.5696 31.5014,
	81.622 31.4752,
	81.6482 31.4752,
	81.6613 31.4752,
	81.694 31.5276,
	81.7137 31.5538,
	81.7268 31.5603,
	81.753 31.5472,
	81.7792 31.5472,
	81.8381 31.652,
	81.9101 31.8616,
	81.9363 31.914,
	81.9625 32.0188,
	81.9691 32.2283,
	81.9625 32.3331,
	81.9363 32.4379,
	81.9167 32.4903,
	81.9036 32.5165,
	81.9036 32.5296,
	81.8839 32.5558,
	81.7595 32.9749,
	81.7399 33.0797,
	81.7726 33.2893,
	81.7923 33.4989,
	81.7923 33.6037,
	81.7726 33.8132,
	81.7399 33.918,
	81.7464 33.9442,
	81.7268 34.049,
	81.7202 34.1014,
	81.7923 34.311,
	81.8315 34.4157,
	81.8774 34.6253,
	81.8512 34.6712,
	81.7988 34.6188,
	81.7726 34.5991,
	81.753 34.6188,
	81.7333 34.7236,
	81.7268 34.776,
	81.7399 34.8283,
	81.7399 34.8807,
	81.7792 34.9855,
	81.7988 35.0379,
	81.7857 35.1427,
	81.7792 35.1689,
	81.7988 35.2213,
	81.8054 35.2475,
	81.825 35.2737,
	81.8381 35.2868,
	81.8512 35.3916,
	81.825 35.6011,
	81.825 35.6535,
	81.7792 35.8631,
	81.7464 35.9679,
	81.694 36.0072,
	81.6416 36.0268,
	81.5958 36.0727,
	81.5303 36.2823,
	81.5237 36.3085,
	81.4779 36.3608,
	81.4517 36.3805,
	81.4059 36.4001,
	81.36 36.3608,
	81.3469 36.3085,
	81.3207 36.2888,
	81.3076 36.2823,
	81.2094 36.3674,
	81.1897 36.4198,
	81.1832 36.446,
	81.1963 36.5508,
	81.1701 36.6556,
	81.1635 36.6818,
	81.0849 36.7865,
	81.0456 36.8389,
	80.9933 36.9437,
	80.9867 36.9961,
	80.8754 37.2057,
	80.8033 37.3105,
	80.7051 37.4022,
	80.4955 37.5528,
	80.4431 37.5855,
	80.3907 37.6052,
	80.2859 37.6117,
	80.2598 37.6117,
	80.2074 37.6314,
	80.1943 37.6314,
	80.096 37.7296,
	80.0633 37.782,
	79.9847 37.9916,
	79.9454 38.0964,
	79.9257 38.1488,
	79.8668 38.2535,
	79.7686 38.4631,
	79.7096 38.6727,
	79.5459 39.0918,
	79.487 39.3014,
	79.4608 39.3538,
	79.4346 39.38,
	79.4215 39.3931,
	79.3691 39.3931,
	79.3167 39.3538,
	79.2905 39.3276,
	79.2381 39.3145,
	79.2119 39.3211,
	79.1988 39.3211,
	79.1137 39.4258,
	79.0744 39.4782,
	79.0482 39.5044,
	78.9958 39.5044,
	78.9696 39.5044,
	78.9172 39.4717,
	78.8975 39.4455,
	78.9041 39.4193,
	78.9106 39.4062,
	78.8713 39.3604,
	78.7665 39.3407,
	78.7142 39.3342,
	78.6094 39.2425,
	78.557 39.1966,
	78.5308 39.177,
	78.4784 39.1639,
	78.4653 39.1639,
	78.4194 39.2163,
	78.4063 39.2687,
	78.3605 39.3211,
	78.3474 39.3342,
	78.4325 39.5437,
	78.4391 39.6485,
	78.4784 39.8581,
	78.4784 39.9629,
	78.4784 40.0153,
	78.4522 40.0677,
	78.4391 40.0939,
	78.3343 40.1855,
	78.3212 40.1986,
	78.295 40.2052,
	78.2688 40.2314,
	78.2099 40.441,
	78.1771 40.5457,
	78.092 40.7553,
	78.0199 40.9649,
	77.9545 41.0697,
	77.9086 41.1221,
	77.8562 41.1548,
	77.8431 41.1679,
	77.7907 41.181,
	77.7645 41.2334,
	77.7514 41.2596,
	77.699 41.2662,
	77.6728 41.2662,
	77.6204 41.2465,
	77.5943 41.2465,
	77.496 41.3447,
	77.4698 41.3644,
	77.4567 41.3775,
	77.3519 41.3971,
	77.2471 41.4299,
	77.1948 41.3971,
	77.1686 41.3709,
	77.1555 41.3578,
	77.1293 41.3513,
	77.1031 41.3316,
	77.0769 41.3251,
	76.9721 41.3709,
	76.9197 41.3775,
	76.8673 41.3578,
	76.8149 41.3578,
	76.7887 41.3578,
	76.6839 41.4037,
	76.6315 41.4364,
	76.5791 41.443,
	76.5529 41.4495,
	76.4547 41.3447,
	76.4285 41.3185,
	76.3827 41.2138,
	76.3499 41.109,
	76.2844 41.0042,
	76.2648 40.9518,
	76.1927 40.847,
	76.1338 40.7422,
	76.1076 40.6898,
	75.957 40.4803,
	75.9373 40.4541,
	75.8653 40.2445,
	75.8325 40.1921,
	75.8129 40.1397,
	75.8063 40.0873,
	"/>
</Transform>

<Transform dim="0"
 xcoef=" 0 1 0 0 0 0"
 ycoef=" 0 0 1 0 0 0">
<Contour name="TB2_T2C-02_cw" hidden="false" closed="true" simplified="true" border="0 0.502 0.753" fill="0 0.502 0.753" mode="15"
 points="66.6364 39.1605,
	66.7211 38.9912,
	66.7529 38.9065,
	66.7634 38.7372,
	66.7952 38.5678,
	66.8164 38.4832,
	66.8164 38.4408,
	66.8693 38.3562,
	67.0069 38.1868,
	67.081 38.1022,
	67.1127 37.9328,
	67.1233 37.8481,
	67.1233 37.827,
	67.2926 37.6576,
	67.4408 37.4883,
	67.5572 37.3189,
	67.5996 37.2766,
	67.7372 36.9379,
	67.7689 36.8533,
	67.8959 36.6839,
	67.9383 36.6522,
	68.1076 36.6204,
	68.1923 36.6098,
	68.2769 36.6733,
	68.3193 36.758,
	68.3828 36.8427,
	68.4145 36.885,
	68.5839 36.9168,
	68.6686 36.9697,
	68.7532 37.0543,
	68.7956 37.0967,
	68.8167 37.1178,
	68.8273 37.2872,
	68.8802 37.3719,
	68.9649 37.446,
	69.0072 37.4777,
	69.1766 37.5095,
	69.2613 37.4989,
	69.4306 37.5412,
	69.5153 37.6047,
	69.5999 37.6894,
	69.6529 37.7741,
	69.7375 37.8587,
	69.9069 37.954,
	69.9915 38.0281,
	70.0339 38.0704,
	70.0762 38.0916,
	70.1609 38.1657,
	70.2032 38.1974,
	70.2244 38.2397,
	70.2667 38.2821,
	70.3302 38.4514,
	70.362 38.5361,
	70.3514 38.6208,
	70.3302 38.6631,
	70.3302 38.6843,
	70.3514 38.7054,
	70.3726 38.7054,
	70.4149 38.7372,
	70.4572 38.8219,
	70.489 38.9912,
	70.4784 39.0759,
	70.4678 39.1182,
	70.3937 39.2029,
	70.3408 39.3722,
	70.3408 39.4569,
	70.362 39.5416,
	70.4149 39.6262,
	70.4467 39.7956,
	70.489 39.8803,
	70.5102 39.9226,
	70.5948 40.0073,
	70.6795 40.039,
	70.8488 40.1343,
	70.9335 40.1131,
	70.9758 40.1025,
	71.0182 40.0602,
	71.0394 40.039,
	71.124 40.0178,
	71.2934 39.8697,
	71.378 39.8273,
	71.5474 39.785,
	71.5897 39.785,
	71.6109 39.7744,
	71.6956 39.7956,
	71.7379 39.7956,
	71.8226 39.8273,
	71.9919 39.8485,
	72.0342 39.8379,
	72.2036 39.912,
	72.2777 39.9861,
	72.32 40.0284,
	72.6587 40.1978,
	72.7434 40.2189,
	72.7857 40.2295,
	72.828 40.2189,
	72.9127 40.2507,
	72.9445 40.2824,
	72.955 40.3671,
	72.9974 40.4518,
	73.0715 40.5153,
	73.1561 40.5365,
	73.1985 40.547,
	73.3678 40.6846,
	73.4525 40.6741,
	73.5372 40.6423,
	73.5795 40.6105,
	73.6007 40.5894,
	73.6853 40.5788,
	73.7277 40.6,
	73.7594 40.6846,
	73.77 40.727,
	73.8018 40.7693,
	73.8864 40.7905,
	73.9605 40.8751,
	74.0558 41.0445,
	74.1404 41.0868,
	74.1828 41.0974,
	74.2675 41.0868,
	74.3521 41.0551,
	74.5215 41.0233,
	74.6908 40.9704,
	74.8602 40.8963,
	75.0295 40.9916,
	75.1142 41.0445,
	75.1565 41.0657,
	75.2412 41.0551,
	75.3258 41.0762,
	75.4952 41.1503,
	75.5375 41.1715,
	75.6222 41.1821,
	75.6645 41.1927,
	75.7069 41.1821,
	75.781 41.108,
	75.781 41.0868,
	75.8127 41.0445,
	75.855 41.0233,
	75.9397 41.0339,
	75.982 41.0762,
	76.0138 41.1609,
	76.0456 41.2032,
	76.0879 41.2138,
	76.1091 41.2032,
	76.1514 41.2138,
	76.2255 41.2985,
	76.2784 41.3832,
	76.2996 41.4255,
	76.3842 41.5102,
	76.4689 41.5419,
	76.5324 41.6266,
	76.5642 41.7113,
	76.5536 41.7959,
	76.543 41.8383,
	76.5853 42.0076,
	76.5959 42.177,
	76.5853 42.3463,
	76.5536 42.3886,
	76.5324 42.4098,
	76.4477 42.3992,
	76.4054 42.3886,
	76.3631 42.3992,
	76.3419 42.4416,
	76.3737 42.5262,
	76.3842 42.5686,
	76.3525 42.6532,
	76.3207 42.685,
	76.2361 42.6956,
	76.1937 42.7062,
	76.162 42.7485,
	76.1726 42.8332,
	76.1831 42.8543,
	75.908 43.1824,
	75.7598 43.3518,
	75.7175 43.4365,
	75.6751 43.4788,
	75.6539 43.5,
	75.6539 43.5423,
	75.5693 43.6164,
	75.5164 43.7011,
	75.5058 43.7857,
	75.474 43.8704,
	75.1988 44.2091,
	75.1353 44.2938,
	75.1036 44.3784,
	75.1353 44.4631,
	75.1036 44.5478,
	75.0612 44.5795,
	74.966 44.4208,
	74.9448 44.389,
	74.9131 44.4313,
	74.9025 44.6007,
	74.9342 44.77,
	75.0824 44.9394,
	75.093 45.1087,
	75.0718 45.4474,
	75.0507 45.6167,
	75.0401 45.7014,
	75.0612 45.8708,
	75.0612 45.9554,
	75.1036 46.1248,
	75.1247 46.2094,
	75.1036 46.2941,
	75.0295 46.3788,
	74.9342 46.5481,
	74.8813 46.8868,
	74.8496 47.0562,
	74.8284 47.1408,
	74.8284 47.3102,
	74.8284 47.3948,
	74.8919 47.5642,
	74.9448 47.6489,
	74.9766 47.6912,
	74.9448 47.7759,
	74.9342 47.8182,
	74.9448 47.8605,
	75.0083 47.9452,
	75.0189 47.9875,
	74.9977 48.0722,
	74.9872 48.1146,
	75.0295 48.2839,
	75.0295 48.3051,
	75.1036 48.3897,
	75.1036 48.4744,
	75.093 48.5167,
	75.1353 48.6014,
	75.1565 48.6861,
	75.1671 49.0248,
	75.22 49.3635,
	75.2412 49.5328,
	75.2306 49.8715,
	75.2623 50.0408,
	75.2835 50.1255,
	75.3576 50.2948,
	75.3999 50.3795,
	75.4105 50.4219,
	75.3788 50.5065,
	75.2941 50.57,
	75.2729 50.6124,
	75.2623 50.6335,
	75.2729 50.6759,
	75.2518 50.7605,
	75.2623 50.8452,
	75.2412 51.1839,
	75.2518 51.2686,
	75.1988 51.6073,
	75.1671 51.6919,
	75.093 51.7766,
	75.0718 51.7978,
	75.0507 51.9671,
	75.1036 52.1364,
	75.1883 52.2105,
	75.2306 52.2423,
	75.2729 52.2529,
	75.3576 52.3375,
	75.4423 52.401,
	75.5164 52.4857,
	75.5587 52.5281,
	75.601 52.6127,
	75.601 52.6974,
	75.5799 52.7397,
	75.4952 52.7609,
	75.4423 52.835,
	75.4529 52.9197,
	75.4846 53.0043,
	75.474 53.0467,
	75.4105 53.1313,
	75.3258 53.1948,
	75.1565 53.2901,
	75.0718 53.3324,
	74.9025 53.3748,
	74.8178 53.4065,
	74.6485 53.5124,
	74.4791 53.65,
	74.3945 53.7135,
	74.2569 53.8828,
	74.0981 54.2215,
	73.9605 54.5602,
	73.897 54.7295,
	73.8864 54.8142,
	73.8547 54.8989,
	73.8547 54.9412,
	73.7912 55.1105,
	73.7277 55.4492,
	73.6959 55.7879,
	73.7171 55.9572,
	73.7383 56.0419,
	73.7912 56.1266,
	73.8653 56.2113,
	73.9499 56.2536,
	73.9923 56.2748,
	74.0558 56.3594,
	74.0875 56.5288,
	74.0664 56.6135,
	74.0558 56.6558,
	74.0452 56.677,
	74.0769 56.7616,
	74.2463 56.8675,
	74.278 56.9098,
	74.2886 56.9521,
	74.2675 57.0368,
	74.1722 57.2062,
	74.1616 57.2485,
	74.1828 57.3332,
	74.1934 57.3755,
	74.2251 57.4178,
	74.2145 57.4602,
	74.151 57.5448,
	74.1404 57.6295,
	74.151 57.7142,
	74.1934 57.7989,
	74.3627 57.9364,
	74.4262 58.0211,
	74.4368 58.1058,
	74.4156 58.1905,
	74.4262 58.2751,
	74.6908 58.6138,
	74.7437 58.6985,
	74.7755 58.8678,
	74.8496 58.9419,
	75.0189 58.9737,
	75.1036 58.9948,
	75.1459 59.0372,
	75.1671 59.0583,
	75.1988 59.2277,
	75.1988 59.3124,
	75.2518 59.4817,
	75.3047 59.5664,
	75.3258 59.651,
	75.3153 59.6934,
	75.3258 59.7357,
	75.2729 59.9051,
	75.2623 59.9474,
	75.1247 60.1167,
	75.0718 60.2014,
	75.0507 60.2437,
	75.0718 60.3284,
	75.1142 60.4131,
	75.2835 60.5613,
	75.3682 60.6142,
	75.4423 60.6989,
	75.4846 60.7835,
	75.4952 60.8259,
	75.4634 60.9105,
	75.3999 60.9952,
	75.3258 61.1645,
	75.2729 61.3339,
	75.2518 61.3762,
	74.9131 61.5456,
	74.8284 61.5773,
	74.6591 61.6832,
	74.5744 61.7255,
	74.4897 61.789,
	74.3204 62.1277,
	74.2357 62.2018,
	74.1934 62.2335,
	74.1087 62.2441,
	74.024 62.2124,
	73.9817 62.2018,
	73.9076 62.1277,
	73.8864 62.0853,
	73.8441 62.043,
	73.7594 62.0007,
	73.7171 61.9795,
	73.3784 62.0218,
	73.3361 62.0324,
	73.2514 62.0113,
	73.2091 62.0113,
	72.8704 61.8207,
	72.701 61.7467,
	72.6375 61.662,
	72.6164 61.5773,
	72.5952 61.535,
	72.4258 61.4609,
	72.3518 61.3868,
	72.3306 61.3445,
	72.3518 61.2598,
	72.3306 61.1751,
	72.0025 60.9529,
	71.8331 60.8364,
	71.6638 60.7729,
	71.4945 60.7412,
	71.3251 60.7518,
	71.2404 60.7624,
	71.0711 60.7412,
	71.0288 60.6565,
	71.0394 60.5718,
	71.0394 60.5295,
	70.9653 60.3602,
	70.9758 60.2755,
	71.0076 60.1908,
	70.997 60.1485,
	70.9864 60.1273,
	70.9018 60.1485,
	70.8171 60.1379,
	70.6477 60.0426,
	70.4784 59.8945,
	70.4043 59.8098,
	70.3091 59.6405,
	70.0127 58.9631,
	69.8751 58.6244,
	69.9069 58.4551,
	69.8434 58.2857,
	69.7587 58.2116,
	69.6634 58.0529,
	69.6211 57.8835,
	69.6105 57.7989,
	69.5999 57.7565,
	69.6211 57.6718,
	69.6317 57.6295,
	69.4835 57.4602,
	69.4623 57.3755,
	69.4941 57.2062,
	69.4941 57.0368,
	69.3777 56.6981,
	69.2083 56.3594,
	69.166 56.2748,
	69.1448 56.2324,
	69.1342 56.2113,
	69.1766 56.1266,
	69.2401 56.0419,
	69.2718 55.9572,
	69.2295 55.6186,
	69.1977 55.4492,
	69.1872 55.3645,
	69.1131 55.1952,
	69.0602 55.1105,
	68.8908 54.9412,
	68.8802 54.7718,
	68.7744 54.4332,
	68.7426 54.2638,
	68.7426 54.2215,
	68.785 54.1897,
	68.8696 54.1897,
	68.912 54.2003,
	68.9543 54.1791,
	68.9437 54.0945,
	68.9226 54.0521,
	68.8379 53.9675,
	68.7956 53.9251,
	68.7109 53.8722,
	68.6262 53.7981,
	68.5839 53.7664,
	68.5204 53.597,
	68.4992 53.4277,
	68.4992 53.2583,
	68.531 52.9197,
	68.5204 52.7503,
	68.5415 52.581,
	68.5521 52.5386,
	68.5627 52.5175,
	68.5733 52.5281,
	68.5839 52.4857,
	68.5733 52.401,
	68.4992 52.2317,
	68.478 52.1894,
	68.478 52.147,
	68.3299 51.8083,
	68.3299 51.639,
	68.3299 51.5543,
	68.2875 51.385,
	68.2664 51.2156,
	68.2664 51.131,
	68.2875 51.0886,
	68.4463 50.9722,
	68.4675 50.8875,
	68.4357 50.7182,
	68.4145 50.7076,
	68.2452 50.7711,
	68.2134 50.75,
	68.1711 50.6653,
	68.2134 50.5806,
	68.351 50.4113,
	68.3193 50.3266,
	68.3087 50.2843,
	68.3828 50.1149,
	68.4357 50.0302,
	68.4569 49.9879,
	68.478 49.8186,
	68.4569 49.6492,
	68.4463 49.5646,
	68.4675 49.3952,
	68.478 49.3105,
	68.5098 49.2259,
	68.5839 49.1412,
	68.6368 49.0565,
	68.658 49.0142,
	68.658 48.9719,
	68.6262 48.9295,
	68.5839 48.9189,
	68.5415 48.8448,
	68.5627 48.8025,
	68.6368 48.7178,
	68.6686 48.6755,
	68.7109 48.5062,
	68.7109 48.3368,
	68.7215 48.2945,
	68.6897 48.2098,
	68.6368 48.1251,
	68.6262 48.0405,
	68.6897 47.7018,
	68.6791 47.5324,
	68.531 46.8551,
	68.5627 46.6857,
	68.5733 46.6011,
	68.5521 46.4317,
	68.5098 46.2624,
	68.5098 46.093,
	68.478 45.9237,
	68.4463 45.8813,
	68.4251 45.7967,
	68.4357 45.712,
	68.4675 45.6273,
	68.4463 45.5427,
	68.3934 45.458,
	68.3616 45.2886,
	68.3722 45.204,
	68.351 45.1193,
	68.2664 45.0664,
	68.224 45.0346,
	68.2029 45.0135,
	68.1923 44.9288,
	68.1182 44.7594,
	68.0653 44.6748,
	67.9806 44.6007,
	67.9594 44.5584,
	67.9383 44.5372,
	67.9383 44.516,
	67.8642 44.4313,
	67.8324 44.3467,
	67.9065 44.1773,
	67.8642 44.0927,
	67.8007 44.008,
	67.7795 43.9233,
	67.7901 43.754,
	67.7689 43.6693,
	67.7372 43.627,
	67.7054 43.4576,
	67.6948 43.2883,
	67.6842 43.2459,
	67.7372 43.0766,
	67.7689 42.9073,
	67.7901 42.8226,
	67.7689 42.7379,
	67.716 42.6532,
	67.6948 42.6321,
	67.6842 42.5897,
	67.6207 42.5051,
	67.5784 42.3357,
	67.5678 42.2511,
	67.5784 42.0817,
	67.5467 41.997,
	67.5043 41.9547,
	67.4196 41.923,
	67.3773 41.9018,
	67.3561 41.9018,
	67.3138 41.8595,
	67.2821 41.7748,
	67.2609 41.7324,
	67.2503 41.6478,
	67.2291 41.6054,
	67.1445 41.5525,
	67.1021 41.4678,
	67.081 41.3832,
	67.1127 41.2138,
	67.1233 40.8751,
	67.1127 40.7905,
	67.0386 40.7164,
	66.9963 40.6846,
	66.9222 40.5153,
	66.9328 40.3459,
	66.901 40.1766,
	66.901 40.0919,
	66.8905 40.0496,
	66.8587 40.0073,
	66.8375 39.9861,
	66.7952 39.9755,
	66.7423 39.8908,
	66.7317 39.8062,
	66.7529 39.7215,
	66.6788 39.5522,
	66.6682 39.3828,
	66.6364 39.2135,
	66.6364 39.1711,
	"/>
</Transform>

<Transform dim="0"
 xcoef=" 0 1 0 0 0 0"
 ycoef=" 0 0 1 0 0 0">
<Contour name="TB2 NF_10_cw" hidden="false" closed="true" simplified="true" border="1 1 0.501961" fill="1 1 0.501961" mode="15"
 points="70.3199 39.3621,
	70.3321 39.3133,
	70.3382 39.2889,
	70.3931 39.1913,
	70.4297 39.1425,
	70.4724 39.1059,
	70.5212 39.1059,
	70.5456 39.112,
	70.6432 39.1852,
	70.6919 39.2218,
	70.7895 39.2523,
	70.8383 39.2828,
	70.8627 39.3316,
	70.8688 39.356,
	70.9115 39.4048,
	71.003 39.4841,
	71.0518 39.5328,
	71.0884 39.5816,
	71.1372 39.6792,
	71.1616 39.7768,
	71.1616 39.8744,
	71.1494 39.972,
	71.0945 40.0695,
	71.0518 40.1122,
	71.0274 40.1305,
	70.9298 40.1488,
	70.8322 40.1427,
	70.8078 40.1366,
	70.759 40.1061,
	70.7224 40.0756,
	70.6737 40.0391,
	70.6493 40.0269,
	70.6249 40.0269,
	70.5456 39.9476,
	70.5212 39.9232,
	70.4907 39.8744,
	70.4846 39.8622,
	70.4907 39.85,
	70.4785 39.8256,
	70.4663 39.8134,
	70.4419 39.7158,
	70.4358 39.667,
	70.4175 39.6182,
	70.3748 39.5694,
	70.3443 39.5206,
	70.326 39.4719,
	70.3199 39.3743,
	70.3199 39.3682,
	"/>
</Transform>

<Transform dim="0"
 xcoef=" 0 1 0 0 0 0"
 ycoef=" 0 0 1 0 0 0">
<Contour name="TB2 NF_26_cw" hidden="false" closed="true" simplified="true" border="0.992 0.867 0.443" fill="0.992 0.867 0.443" mode="15"
 points="67.0468 12.4783,
	67.0809 12.4484,
	67.115 12.4357,
	67.1832 12.3888,
	67.2003 12.376,
	67.2344 12.3717,
	67.3026 12.3802,
	67.5754 12.4527,
	67.6436 12.4655,
	67.7801 12.5039,
	67.9165 12.5294,
	67.9506 12.538,
	67.9847 12.555,
	68.0017 12.5593,
	68.1339 12.6488,
	68.1637 12.6659,
	68.2319 12.7213,
	68.3641 12.8151,
	68.4323 12.862,
	68.4494 12.8748,
	68.5176 12.8961,
	68.5517 12.9046,
	68.6199 12.9046,
	68.6881 12.9259,
	68.7563 12.96,
	68.8245 13.0069,
	68.8714 13.0751,
	68.9055 13.0922,
	68.9737 13.1092,
	69.0419 13.1476,
	69.0761 13.1732,
	69.1869 13.3011,
	69.2466 13.3693,
	69.2764 13.3991,
	69.4086 13.4844,
	69.4427 13.5014,
	69.4512 13.5014,
	69.4597 13.51,
	69.4683 13.51,
	69.4768 13.5185,
	69.545 13.5398,
	69.6132 13.5697,
	69.6473 13.5824,
	69.7155 13.6251,
	69.7752 13.672,
	69.8349 13.7274,
	69.8434 13.7444,
	69.8434 13.753,
	69.8861 13.8212,
	69.9074 13.8553,
	69.9415 13.8894,
	70.0097 13.9363,
	70.0438 13.9619,
	70.0608 13.9661,
	70.095 13.9917,
	70.1291 14.0088,
	70.193 14.0557,
	70.2271 14.0727,
	70.2953 14.1281,
	70.3252 14.1494,
	70.3721 14.2134,
	70.3848 14.2304,
	70.4019 14.2987,
	70.3891 14.3328,
	70.3635 14.3626,
	70.3294 14.3882,
	70.2612 14.4095,
	70.2271 14.4095,
	70.1589 14.3797,
	70.1248 14.3669,
	70.1077 14.3583,
	70.0907 14.3413,
	70.0822 14.3328,
	70.0779 14.3157,
	70.0651 14.3029,
	70.031 14.3072,
	69.9969 14.3029,
	69.9798 14.3029,
	69.9457 14.2816,
	69.9202 14.2475,
	69.8861 14.2432,
	69.869 14.239,
	69.8349 14.2134,
	69.8093 14.1921,
	69.7795 14.1622,
	69.7454 14.1452,
	69.7113 14.1452,
	69.6772 14.1367,
	69.6601 14.1281,
	69.626 14.0983,
	69.5578 14.0727,
	69.4896 14.0684,
	69.4214 14.0898,
	69.4043 14.0983,
	69.3873 14.0983,
	69.3702 14.1068,
	69.302 14.1068,
	69.2338 14.094,
	69.0974 14.013,
	68.9695 13.915,
	68.9055 13.8681,
	68.8501 13.8041,
	68.816 13.7871,
	68.7989 13.7785,
	68.7648 13.7828,
	68.7478 13.7785,
	68.7393 13.7785,
	68.7094 13.753,
	68.6796 13.7189,
	68.6369 13.6634,
	68.6156 13.5952,
	68.6114 13.5611,
	68.5986 13.527,
	68.5645 13.5057,
	68.4963 13.4929,
	68.4281 13.4887,
	68.3939 13.4844,
	68.3257 13.4545,
	68.3087 13.4503,
	68.2405 13.4077,
	68.2234 13.3949,
	68.1552 13.3863,
	68.1211 13.3863,
	68.087 13.3735,
	68.0529 13.3522,
	68.0188 13.3522,
	68.0017 13.3565,
	67.9335 13.3267,
	67.925 13.3267,
	67.8568 13.284,
	67.844 13.2755,
	67.8227 13.2414,
	67.7971 13.2158,
	67.7801 13.2115,
	67.763 13.2158,
	67.7545 13.2158,
	67.7459 13.2243,
	67.6777 13.2414,
	67.6095 13.2286,
	67.4731 13.1732,
	67.4092 13.1135,
	67.3964 13.0964,
	67.3921 13.0623,
	67.3964 13.0282,
	67.4006 13.0112,
	67.4518 12.943,
	67.4603 12.9259,
	67.4561 12.9089,
	67.4347 12.8748,
	67.4177 12.8577,
	67.4006 12.8534,
	67.3665 12.8577,
	67.3495 12.862,
	67.3154 12.8577,
	67.2855 12.8321,
	67.2514 12.798,
	67.2557 12.7298,
	67.2429 12.6957,
	67.2173 12.6659,
	67.2045 12.6573,
	67.1704 12.6275,
	67.1363 12.6062,
	67.1193 12.5977,
	67.0852 12.5635,
	67.0596 12.5422,
	67.0468 12.5081,
	67.0468 12.4911,
	67.0468 12.4825,
	"/>
</Transform>

</Section>