<?xml version="1.0"?>
<!DOCTYPE Section SYSTEM "section.dtd">

<Section index="576" thickness="0.085" alignLocked="true">
<Transform dim="0"
 xcoef=" 0 1 0 0 0 0"
 ycoef=" 0 0 1 0 0 0">
<Image mag="0.00855" contrast="1" brightness="0" red="true" green="true" blue="true"
 src="Aligned 633576.tif" />
<Contour name="domain1" hidden="false" closed="true" simplified="false" border="1 0 1" fill="1 0 1" mode="11"
 points="0 0,
	15991 0,
	15991 12171,
	0 12171,
	"/>
</Transform>

<Transform dim="0"
 xcoef=" 0 1 0 0 0 0"
 ycoef=" 0 0 1 0 0 0">
<Contour name="TB2 Nucleus_75" hidden="false" closed="true" simplified="true" border="1 0 0" fill="1 0 0" mode="9"
 points="71.5456 61.8345,
	71.6077 61.5863,
	71.7473 61.3381,
	71.9489 61.1364,
	72.1972 61.0434,
	72.6936 60.9037,
	72.9418 60.8262,
	73.19 60.7176,
	73.4382 60.64,
	73.5623 60.5935,
	73.7795 60.3763,
	73.857 60.2522,
	73.8415 60.1281,
	73.4072 59.6782,
	73.252 59.43,
	73.159 59.1818,
	73.1434 58.9336,
	73.252 58.825,
	73.7484 58.4992,
	73.9967 58.4062,
	74.1208 58.3596,
	74.1828 58.3286,
	74.2138 58.3286,
	74.2449 58.2976,
	74.3069 58.2821,
	74.5396 58.0959,
	74.6327 57.9873,
	74.7568 57.8632,
	74.8499 57.7391,
	74.8499 57.7081,
	74.8964 57.646,
	74.9274 57.5219,
	74.8809 57.2737,
	74.8964 57.0255,
	74.8809 56.7773,
	74.8499 56.6532,
	74.8344 56.5912,
	74.8499 56.5291,
	74.9585 56.4205,
	75.0826 56.405,
	75.1446 56.3895,
	75.1912 56.3274,
	75.2532 56.2964,
	75.3773 56.1878,
	75.8582 55.862,
	76.1064 55.769,
	76.5718 55.4277,
	76.82 55.2881,
	76.9441 55.257,
	77.0062 55.2415,
	77.1303 55.257,
	77.1923 55.2881,
	77.2233 55.2881,
	77.3319 55.3967,
	77.3785 55.4587,
	77.394 55.5828,
	77.3785 55.6449,
	77.3319 55.6759,
	77.2854 55.6294,
	77.3474 55.8776,
	77.394 56.0017,
	77.4095 56.1258,
	77.456 56.2499,
	77.5026 56.3119,
	77.5336 56.3429,
	77.5801 56.5912,
	77.6732 56.8394,
	77.7818 57.3358,
	77.7973 57.584,
	77.8439 57.7081,
	77.9369 57.8322,
	77.968 57.8632,
	77.968 57.8942,
	77.999 57.9253,
	78.0145 58.0494,
	78.1231 58.2976,
	78.1386 58.5458,
	78.1386 58.6078,
	78.1541 58.6389,
	78.1386 58.763,
	78.0766 58.8716,
	78.0766 59.1198,
	77.9369 59.6162,
	77.7973 59.8644,
	77.6267 60.3608,
	77.5491 60.609,
	77.4871 60.7331,
	77.456 60.8572,
	77.3164 61.1054,
	77.3164 61.1364,
	77.2854 61.1675,
	77.2544 61.2916,
	77.2544 61.3536,
	77.1613 61.6018,
	77.1458 61.6639,
	77.1458 61.6949,
	77.0992 61.757,
	76.9596 62.2534,
	76.9286 62.5016,
	76.8976 62.6257,
	76.8976 62.8739,
	76.8355 63.1221,
	76.758 63.2462,
	76.6339 63.3703,
	76.5097 63.4634,
	76.2615 63.5409,
	76.0133 63.572,
	75.8892 63.6185,
	75.641 63.8047,
	75.5635 63.9288,
	75.4394 64.0374,
	75.1912 64.1459,
	74.9429 64.1925,
	74.4465 64.3631,
	74.1983 64.4252,
	73.9501 64.5183,
	73.826 64.5958,
	73.7019 64.6268,
	73.5778 64.6113,
	73.4537 64.6268,
	73.3917 64.6424,
	73.3606 64.6424,
	73.2365 64.7199,
	73.1124 64.7665,
	72.8642 64.7975,
	72.7401 64.7975,
	72.4919 64.7199,
	72.3678 64.6889,
	72.1196 64.5338,
	71.9955 64.4252,
	71.9024 64.3166,
	71.8404 64.2545,
	71.8093 64.208,
	71.7473 64.1459,
	71.6387 63.8977,
	71.6077 63.7736,
	71.5611 62.7808,
	71.5456 62.2844,
	71.5456 62.0362,
	71.5456 61.9121,
	71.5456 61.85,
	"/>
</Transform>

<Transform dim="0"
 xcoef=" 0 1 0 0 0 0"
 ycoef=" 0 0 1 0 0 0">
<Contour name="TB2 Nucleus_41" hidden="false" closed="true" simplified="true" border="1 0 0" fill="1 0 0" mode="9"
 points="65.8594 56.8852,
	66.0425 56.5922,
	66.189 56.4457,
	66.3722 56.2259,
	66.9582 55.8596,
	67.2513 55.823,
	67.3245 55.7863,
	67.9106 55.8596,
	68.2036 55.8962,
	68.7897 56.116,
	69.0827 56.1892,
	69.3758 56.4457,
	69.6688 56.5922,
	69.9618 56.6288,
	70.1084 56.5922,
	70.1816 56.5555,
	70.7677 56.7021,
	70.9508 56.9951,
	70.9875 57.2881,
	71.0241 57.4346,
	70.9875 57.7277,
	70.9875 57.8742,
	71.2072 58.4603,
	71.0973 59.0463,
	70.8776 59.6324,
	70.8043 59.7789,
	70.6578 59.9254,
	70.3648 60.1086,
	70.0717 60.365,
	69.5223 60.7313,
	69.3758 60.6214,
	69.3391 60.5481,
	69.0461 60.4749,
	68.7531 60.2917,
	68.6066 60.1818,
	68.3135 60.1452,
	68.0205 60.0353,
	67.7641 59.7789,
	67.7641 59.6324,
	67.6542 59.4859,
	67.0681 59.1928,
	66.7751 59.0097,
	66.5187 58.7533,
	66.3722 58.6068,
	66.0791 58.0207,
	65.896 57.4346,
	65.8594 57.1416,
	65.8594 56.9951,
	65.8594 56.9218,
	"/>
</Transform>

<Transform dim="0"
 xcoef=" 0 1 0 0 0 0"
 ycoef=" 0 0 1 0 0 0">
<Contour name="TB2 Nucleus_93" hidden="false" closed="true" simplified="true" border="1 0 0" fill="1 0 1" mode="9"
 points="72.3886 35.449,
	72.4268 35.3726,
	72.5033 35.2961,
	72.5415 35.2388,
	72.6944 35.105,
	72.8473 35.0477,
	73.0001 35.0668,
	73.0766 35.105,
	73.1339 35.1815,
	73.1912 35.3344,
	73.2104 35.4108,
	73.1912 35.5637,
	73.0957 35.7166,
	73.0193 35.7548,
	72.9428 35.7548,
	72.7899 35.8121,
	72.4842 35.793,
	72.3886 35.6592,
	72.3886 35.5064,
	72.3886 35.4681,
	"/>
</Transform>

<Transform dim="0"
 xcoef=" 0 1 0 0 0 0"
 ycoef=" 0 0 1 0 0 0">
<Contour name="TB2 NF_24" hidden="true" closed="true" simplified="true" border="1 0.501961 0.25098" fill="1 0.501961 0.25098" mode="-9"
 points="98.2119 14.1545,
	98.3234 13.7978,
	98.3679 13.7087,
	98.5463 13.5526,
	98.7246 13.4412,
	98.8137 13.4412,
	98.8583 13.4189,
	98.9475 13.4635,
	99.0589 13.6418,
	99.0812 13.9984,
	99.0144 14.1768,
	98.9921 14.2659,
	98.8806 14.4442,
	98.7915 14.5111,
	98.6131 14.5557,
	98.4348 14.5111,
	98.3902 14.5111,
	98.3011 14.4219,
	98.2342 14.2436,
	98.2342 14.1768,
	"/>
</Transform>

<Transform dim="0"
 xcoef=" 0 1 0 0 0 0"
 ycoef=" 0 0 1 0 0 0">
<Contour name="TB2 NF_24_cw" hidden="false" closed="true" simplified="true" border="1 0.5 0" fill="1 0.682353 0.368627" mode="15"
 points="98.1897 14.2013,
	98.2012 14.1396,
	98.2051 14.1241,
	98.209 14.1164,
	98.1974 14.0855,
	98.1974 14.0547,
	98.2321 13.9929,
	98.2475 13.962,
	98.2707 13.9312,
	98.2861 13.9196,
	98.2939 13.9042,
	98.3016 13.8964,
	98.317 13.8926,
	98.3247 13.8617,
	98.3247 13.8308,
	98.3324 13.8,
	98.3517 13.7691,
	98.3633 13.7382,
	98.3672 13.7228,
	98.4173 13.6649,
	98.4444 13.6456,
	98.4636 13.6147,
	98.4675 13.5839,
	98.4791 13.553,
	98.4984 13.5221,
	98.5138 13.5105,
	98.5447 13.5028,
	98.5717 13.4719,
	98.5833 13.4565,
	98.5987 13.4488,
	98.6064 13.4488,
	98.6605 13.3909,
	98.6759 13.3832,
	98.7029 13.3523,
	98.7647 13.3253,
	98.7955 13.3176,
	98.8573 13.3523,
	98.8881 13.3755,
	98.919 13.3909,
	98.9499 13.3948,
	98.9808 13.4179,
	99.0039 13.4488,
	99.0116 13.4565,
	99.0232 13.4874,
	99.0271 13.5028,
	99.0464 13.5337,
	99.0695 13.5954,
	99.0888 13.7189,
	99.1081 13.7807,
	99.1235 13.8115,
	99.2084 13.9312,
	99.193 13.9929,
	99.1814 14.0238,
	99.1467 14.0855,
	99.1197 14.1473,
	99.085 14.209,
	99.0579 14.2708,
	99.0232 14.3325,
	99.0078 14.3634,
	98.9576 14.4251,
	98.9306 14.456,
	98.9074 14.4753,
	98.8766 14.4869,
	98.8457 14.4907,
	98.8303 14.4869,
	98.7994 14.4907,
	98.7376 14.5177,
	98.6759 14.537,
	98.645 14.5448,
	98.6296 14.5448,
	98.5678 14.5641,
	98.5061 14.5756,
	98.4752 14.5718,
	98.4444 14.5602,
	98.4173 14.5293,
	98.4019 14.4984,
	98.398 14.4676,
	98.3942 14.4521,
	98.3826 14.4367,
	98.3209 14.4097,
	98.3054 14.3943,
	98.29 14.3634,
	98.2861 14.3325,
	98.2746 14.3016,
	98.2244 14.2438,
	98.1974 14.2167,
	98.1935 14.2052,
	"/>
</Transform>

<Transform dim="0"
 xcoef=" 0 1 0 0 0 0"
 ycoef=" 0 0 1 0 0 0">
<Contour name="TB2 NF_10_cw" hidden="false" closed="true" simplified="true" border="0.807843 0 0.807843" fill="0.443137 0 0.443137" mode="15"
 points="70.239 4.41217,
	70.2608 4.06183,
	70.2663 3.97424,
	70.2718 3.93045,
	70.2718 3.9195,
	70.2937 3.90855,
	70.2992 3.90308,
	70.3868 3.90855,
	70.4305 3.90855,
	70.6057 3.93592,
	70.6933 3.95234,
	70.7371 3.96877,
	70.7809 3.97424,
	70.8685 4.00161,
	70.8904 4.01256,
	70.9013 4.03446,
	70.8849 4.07825,
	70.8137 4.16036,
	70.6386 4.28627,
	70.5948 4.30816,
	70.5072 4.37385,
	70.4196 4.42312,
	70.332 4.45049,
	70.3101 4.46144,
	70.2663 4.46691,
	70.2444 4.46691,
	70.239 4.42312,
	70.239 4.41765,
	"/>
</Transform>

<Transform dim="0"
 xcoef=" 0 1 0 0 0 0"
 ycoef=" 0 0 1 0 0 0">
<Contour name="TB2 NF_10_cw" hidden="false" closed="true" simplified="true" border="0.808 0 0.808" fill="0.443 0 0.443" mode="15"
 points="73.8755 52.9908,
	73.9061 52.9091,
	73.9164 52.8886,
	73.9164 52.8784,
	73.9266 52.8682,
	73.9368 52.8273,
	74.0288 52.6638,
	74.0543 52.628,
	74.0901 52.5923,
	74.1156 52.5565,
	74.1361 52.5412,
	74.1565 52.5412,
	74.2332 52.6076,
	74.2792 52.6894,
	74.2945 52.7711,
	74.3047 52.812,
	74.3047 52.8324,
	74.2843 52.8733,
	74.2127 52.95,
	74.1719 52.9857,
	74.1514 53.0062,
	74.1105 53.0266,
	74.0901 53.0368,
	74.0083 53.0368,
	73.9981 53.0317,
	73.9572 53.0471,
	73.947 53.0573,
	73.9061 53.0573,
	73.8857 53.0419,
	73.8755 53.0011,
	73.8755 52.996,
	"/>
</Transform>

<Transform dim="0"
 xcoef=" 0 1 0 0 0 0"
 ycoef=" 0 0 1 0 0 0">
<Contour name="TB2 NF_15_cw" hidden="false" closed="true" simplified="true" border="1 0.282 0.282" fill="0.835 0 0" mode="15"
 points="64.261 65.8531,
	64.2713 65.7704,
	64.3334 65.6049,
	64.3851 65.5222,
	64.4161 65.4395,
	64.5711 65.2845,
	64.6539 65.2535,
	64.7882 65.0984,
	64.8399 65.0157,
	64.8709 64.9743,
	65.0364 64.8916,
	65.2018 64.7572,
	65.2431 64.7159,
	65.3155 64.6642,
	65.3568 64.6332,
	65.3982 64.6228,
	65.5636 64.4884,
	65.698 64.3334,
	65.7807 64.2713,
	65.8634 64.261,
	65.9461 64.2713,
	65.9875 64.2713,
	66.0288 64.292,
	66.0391 64.3747,
	66.0288 64.4161,
	66.0391 64.4574,
	65.9875 64.6228,
	65.9151 64.7882,
	65.8841 64.8709,
	65.8634 64.9123,
	65.791 64.995,
	65.76 65.0364,
	65.76 65.057,
	65.7083 65.1397,
	65.6256 65.2224,
	65.5739 65.3051,
	65.5636 65.3465,
	65.5326 65.3879,
	65.4602 65.5533,
	65.4085 65.7187,
	65.3982 65.8841,
	65.3879 65.9668,
	65.3775 65.9978,
	65.4085 66.1632,
	65.4809 66.2356,
	65.5636 66.2666,
	65.6049 66.2873,
	65.6463 66.3286,
	65.6773 66.4113,
	65.6773 66.4527,
	65.667 66.463,
	65.7083 66.6284,
	65.698 66.6698,
	65.6566 66.6904,
	65.6566 66.7731,
	65.6153 66.8558,
	65.5739 66.8765,
	65.4085 66.8662,
	65.3258 66.8558,
	65.1604 66.8765,
	65.0777 66.8765,
	64.995 66.8455,
	64.9537 66.8455,
	64.8813 66.7731,
	64.7986 66.6077,
	64.7572 66.525,
	64.7469 66.4837,
	64.6745 66.401,
	64.6332 66.3803,
	64.5918 66.3389,
	64.5608 66.3183,
	64.3954 66.1529,
	64.3334 66.0702,
	64.3024 66.0288,
	64.2817 66.0081,
	64.2713 65.9254,
	64.261 65.8841,
	64.261 65.8634,
	"/>
</Transform>

<Transform dim="0"
 xcoef=" 0 1 0 0 0 0"
 ycoef=" 0 0 1 0 0 0">
<Contour name="TB2 NF_15_cw" hidden="false" closed="true" simplified="true" border="1 0.282 0.282" fill="0.835 0 0" mode="15"
 points="70.6077 65.9678,
	70.6296 65.9239,
	70.6735 65.891,
	70.7613 65.8691,
	70.9368 65.9568,
	70.9806 65.9788,
	71.0684 65.9897,
	71.1123 66.0007,
	71.1561 66.0446,
	71.1781 66.0775,
	71.3536 66.0994,
	71.5291 66.1652,
	71.573 66.1872,
	71.6168 66.2311,
	71.7046 66.2749,
	71.7924 66.2859,
	71.8801 66.2749,
	72.0556 66.3078,
	72.1434 66.2969,
	72.2311 66.3078,
	72.4066 66.3627,
	72.5821 66.3846,
	72.7576 66.4285,
	72.8344 66.5053,
	72.8673 66.5492,
	72.8783 66.593,
	72.7028 66.7247,
	72.626 66.8014,
	72.5382 66.8563,
	72.4505 66.8782,
	72.275 66.8673,
	72.1872 66.8563,
	72.1434 66.8453,
	72.0556 66.8563,
	71.8801 66.8234,
	71.7924 66.7905,
	71.7046 66.7356,
	71.5401 66.6808,
	71.4523 66.6479,
	71.3646 66.593,
	71.0136 66.4395,
	70.9258 66.3956,
	70.8819 66.3736,
	70.7942 66.2859,
	70.6845 66.1104,
	70.6406 66.0665,
	70.6077 65.9788,
	"/>
</Transform>

<Transform dim="0"
 xcoef=" 0 1 0 0 0 0"
 ycoef=" 0 0 1 0 0 0">
<Contour name="TB2 NF_15_cw" hidden="false" closed="true" simplified="true" border="1 0.282 0.282" fill="0.835 0 0" mode="15"
 points="73.0209 66.7685,
	73.0428 66.7247,
	73.0428 66.7027,
	73.0867 66.6588,
	73.2622 66.604,
	73.4377 66.604,
	73.4816 66.615,
	73.5693 66.6698,
	73.6571 66.7466,
	73.69 66.8343,
	73.701 66.9221,
	73.69 66.966,
	73.6242 67.0537,
	73.6132 67.0976,
	73.5364 67.1854,
	73.4926 67.2183,
	73.4487 67.2292,
	73.4377 67.2512,
	73.2622 67.2402,
	73.1745 67.1854,
	73.1306 67.1415,
	73.0538 66.966,
	73.0209 66.7905,
	73.0209 66.7795,
	"/>
</Transform>

<Transform dim="0"
 xcoef=" 0 1 0 0 0 0"
 ycoef=" 0 0 1 0 0 0">
<Contour name="TB2 NF_15_cw" hidden="false" closed="true" simplified="true" border="1 0.282 0.282" fill="0.835 0 0" mode="15"
 points="74.6662 66.6479,
	74.7211 66.4724,
	74.754 66.4285,
	74.9295 66.3298,
	74.9843 66.253,
	74.9843 66.2311,
	75.0611 66.1543,
	75.105 66.1104,
	75.1928 66.0885,
	75.3683 66.0994,
	75.456 66.0775,
	75.5218 65.9897,
	75.6973 65.9129,
	75.7412 65.891,
	75.829 65.902,
	75.8728 65.902,
	75.8948 65.9239,
	75.9057 66.0117,
	75.8948 66.0336,
	75.9277 66.1214,
	75.9716 66.1433,
	76.0045 66.1872,
	76.0154 66.2749,
	76.0045 66.3627,
	75.9277 66.5382,
	75.7522 66.6479,
	75.5876 66.8234,
	75.5438 66.8453,
	75.3683 66.8343,
	75.2805 66.8234,
	75.105 66.8563,
	75.0172 66.9221,
	74.9843 66.966,
	74.8966 67.0099,
	74.8088 66.9989,
	74.765 66.955,
	74.7101 66.7795,
	74.6662 66.6917,
	74.6662 66.6588,
	"/>
<Contour name="TB2 NF_15_cw" hidden="false" closed="true" simplified="true" border="1 0.282 0.282" fill="0.835 0 0" mode="15"
 points="74.0191 66.7027,
	74.0629 66.615,
	74.1397 66.5382,
	74.1836 66.5272,
	74.2055 66.5272,
	74.2933 66.5821,
	74.3152 66.604,
	74.3591 66.615,
	74.403 66.6588,
	74.4249 66.7027,
	74.392 66.7466,
	74.3481 66.7685,
	74.3152 66.8124,
	74.2714 66.8343,
	74.2275 66.8343,
	74.2055 66.8343,
	74.1617 66.8014,
	74.1178 66.8014,
	74.0739 66.7795,
	74.03 66.7356,
	74.03 66.7137,
	"/>
</Transform>

<Transform dim="0"
 xcoef=" 0 1 0 0 0 0"
 ycoef=" 0 0 1 0 0 0">
<Contour name="TB2 NF_17_cw" hidden="false" closed="true" simplified="true" border="0.682 0 0" fill="1 0 0" mode="-15"
 points="64.7122 65.0121,
	64.7265 64.8978,
	64.7836 64.6693,
	64.8336 64.6193,
	64.8621 64.6051,
	64.8764 64.5979,
	64.8764 64.4837,
	64.8835 64.4266,
	64.8835 64.398,
	64.9692 64.1695,
	64.9978 64.1124,
	65.0121 64.0838,
	65.062 64.0267,
	65.1763 63.9482,
	65.2334 63.8982,
	65.2905 63.8625,
	65.3976 63.7625,
	65.4262 63.734,
	65.4833 63.7125,
	65.5119 63.7125,
	65.519 63.7054,
	65.5761 63.7197,
	65.6047 63.734,
	65.6333 63.734,
	65.7475 63.7768,
	65.7761 63.7839,
	65.8261 63.8411,
	65.8332 63.8982,
	65.8189 64.0124,
	65.8332 64.1267,
	65.8261 64.2409,
	65.7903 64.2909,
	65.7332 64.3266,
	65.6761 64.3766,
	65.6333 64.4266,
	65.5761 64.4765,
	65.5333 64.5337,
	65.5047 64.5551,
	65.4476 64.5694,
	65.3905 64.5979,
	65.1691 64.805,
	65.1406 64.8193,
	65.1263 64.8336,
	64.8978 64.9264,
	64.8693 64.9549,
	64.8121 65.062,
	64.7836 65.0906,
	64.755 65.0977,
	64.7265 65.0906,
	64.7122 65.062,
	64.7122 65.0335,
	64.7122 65.0192,
	"/>
</Transform>

<Transform dim="0"
 xcoef=" 0 1 0 0 0 0"
 ycoef=" 0 0 1 0 0 0">
<Contour name="TB2 NF_17_cw" hidden="false" closed="true" simplified="true" border="0.682 0 0" fill="1 0 0" mode="-15"
 points="73.6875 52.6094,
	73.7589 52.3809,
	73.8017 52.2667,
	73.8303 52.2096,
	73.8803 52.1525,
	73.9231 52.1096,
	73.9517 52.0953,
	73.9659 52.0953,
	73.9945 52.1239,
	74.0302 52.2381,
	74.0516 52.2953,
	74.0588 52.3524,
	74.0731 52.3809,
	74.0873 52.4952,
	74.0802 52.5523,
	74.0588 52.6094,
	73.9802 52.7237,
	73.916 52.8379,
	73.8874 52.895,
	73.8374 52.945,
	73.8089 52.9593,
	73.7803 52.9593,
	73.7517 52.9307,
	73.716 52.8165,
	73.7018 52.7879,
	73.7018 52.7594,
	73.6875 52.7308,
	73.6875 52.6166,
	"/>
</Transform>

<Transform dim="0"
 xcoef=" 0 1 0 0 0 0"
 ycoef=" 0 0 1 0 0 0">
<Image mag="0.00855" contrast="1" brightness="0" red="true" green="true" blue="true"
 src="..\TF21_robdata\Rob's_latest_seg_files_TF21_TB2\Aligned 633576.tif" />
<Contour name="domain1" hidden="false" closed="true" simplified="false" border="1 0 1" fill="1 0 1" mode="11"
 points="0 0,
	15991 0,
	15991 12171,
	0 12171,
	"/>
</Transform>

<Transform dim="0"
 xcoef=" 0 1 0 0 0 0"
 ycoef=" 0 0 1 0 0 0">
<Contour name="TB2 Nucleus_75" hidden="false" closed="true" simplified="true" border="1 0 0" fill="1 0 0" mode="9"
 points="71.5456 61.8345,
	71.6077 61.5863,
	71.7473 61.3381,
	71.9489 61.1364,
	72.1972 61.0434,
	72.6936 60.9037,
	72.9418 60.8262,
	73.19 60.7176,
	73.4382 60.64,
	73.5623 60.5935,
	73.7795 60.3763,
	73.857 60.2522,
	73.8415 60.1281,
	73.4072 59.6782,
	73.252 59.43,
	73.159 59.1818,
	73.1434 58.9336,
	73.252 58.825,
	73.7484 58.4992,
	73.9967 58.4062,
	74.1208 58.3596,
	74.1828 58.3286,
	74.2138 58.3286,
	74.2449 58.2976,
	74.3069 58.2821,
	74.5396 58.0959,
	74.6327 57.9873,
	74.7568 57.8632,
	74.8499 57.7391,
	74.8499 57.7081,
	74.8964 57.646,
	74.9274 57.5219,
	74.8809 57.2737,
	74.8964 57.0255,
	74.8809 56.7773,
	74.8499 56.6532,
	74.8344 56.5912,
	74.8499 56.5291,
	74.9585 56.4205,
	75.0826 56.405,
	75.1446 56.3895,
	75.1912 56.3274,
	75.2532 56.2964,
	75.3773 56.1878,
	75.8582 55.862,
	76.1064 55.769,
	76.5718 55.4277,
	76.82 55.2881,
	76.9441 55.257,
	77.0062 55.2415,
	77.1303 55.257,
	77.1923 55.2881,
	77.2233 55.2881,
	77.3319 55.3967,
	77.3785 55.4587,
	77.394 55.5828,
	77.3785 55.6449,
	77.3319 55.6759,
	77.2854 55.6294,
	77.3474 55.8776,
	77.394 56.0017,
	77.4095 56.1258,
	77.456 56.2499,
	77.5026 56.3119,
	77.5336 56.3429,
	77.5801 56.5912,
	77.6732 56.8394,
	77.7818 57.3358,
	77.7973 57.584,
	77.8439 57.7081,
	77.9369 57.8322,
	77.968 57.8632,
	77.968 57.8942,
	77.999 57.9253,
	78.0145 58.0494,
	78.1231 58.2976,
	78.1386 58.5458,
	78.1386 58.6078,
	78.1541 58.6389,
	78.1386 58.763,
	78.0766 58.8716,
	78.0766 59.1198,
	77.9369 59.6162,
	77.7973 59.8644,
	77.6267 60.3608,
	77.5491 60.609,
	77.4871 60.7331,
	77.456 60.8572,
	77.3164 61.1054,
	77.3164 61.1364,
	77.2854 61.1675,
	77.2544 61.2916,
	77.2544 61.3536,
	77.1613 61.6018,
	77.1458 61.6639,
	77.1458 61.6949,
	77.0992 61.757,
	76.9596 62.2534,
	76.9286 62.5016,
	76.8976 62.6257,
	76.8976 62.8739,
	76.8355 63.1221,
	76.758 63.2462,
	76.6339 63.3703,
	76.5097 63.4634,
	76.2615 63.5409,
	76.0133 63.572,
	75.8892 63.6185,
	75.641 63.8047,
	75.5635 63.9288,
	75.4394 64.0374,
	75.1912 64.1459,
	74.9429 64.1925,
	74.4465 64.3631,
	74.1983 64.4252,
	73.9501 64.5183,
	73.826 64.5958,
	73.7019 64.6268,
	73.5778 64.6113,
	73.4537 64.6268,
	73.3917 64.6424,
	73.3606 64.6424,
	73.2365 64.7199,
	73.1124 64.7665,
	72.8642 64.7975,
	72.7401 64.7975,
	72.4919 64.7199,
	72.3678 64.6889,
	72.1196 64.5338,
	71.9955 64.4252,
	71.9024 64.3166,
	71.8404 64.2545,
	71.8093 64.208,
	71.7473 64.1459,
	71.6387 63.8977,
	71.6077 63.7736,
	71.5611 62.7808,
	71.5456 62.2844,
	71.5456 62.0362,
	71.5456 61.9121,
	71.5456 61.85,
	"/>
</Transform>

<Transform dim="0"
 xcoef=" 0 1 0 0 0 0"
 ycoef=" 0 0 1 0 0 0">
<Contour name="TB2 Nucleus_41" hidden="false" closed="true" simplified="true" border="1 0 0" fill="1 0 0" mode="9"
 points="65.8594 56.8852,
	66.0425 56.5922,
	66.189 56.4457,
	66.3722 56.2259,
	66.9582 55.8596,
	67.2513 55.823,
	67.3245 55.7863,
	67.9106 55.8596,
	68.2036 55.8962,
	68.7897 56.116,
	69.0827 56.1892,
	69.3758 56.4457,
	69.6688 56.5922,
	69.9618 56.6288,
	70.1084 56.5922,
	70.1816 56.5555,
	70.7677 56.7021,
	70.9508 56.9951,
	70.9875 57.2881,
	71.0241 57.4346,
	70.9875 57.7277,
	70.9875 57.8742,
	71.2072 58.4603,
	71.0973 59.0463,
	70.8776 59.6324,
	70.8043 59.7789,
	70.6578 59.9254,
	70.3648 60.1086,
	70.0717 60.365,
	69.5223 60.7313,
	69.3758 60.6214,
	69.3391 60.5481,
	69.0461 60.4749,
	68.7531 60.2917,
	68.6066 60.1818,
	68.3135 60.1452,
	68.0205 60.0353,
	67.7641 59.7789,
	67.7641 59.6324,
	67.6542 59.4859,
	67.0681 59.1928,
	66.7751 59.0097,
	66.5187 58.7533,
	66.3722 58.6068,
	66.0791 58.0207,
	65.896 57.4346,
	65.8594 57.1416,
	65.8594 56.9951,
	65.8594 56.9218,
	"/>
</Transform>

<Transform dim="0"
 xcoef=" 0 1 0 0 0 0"
 ycoef=" 0 0 1 0 0 0">
<Contour name="TB2 Nucleus_53" hidden="false" closed="true" simplified="true" border="1 0 0" fill="1 0 0" mode="9"
 points="65.6442 49.92,
	65.7249 49.4035,
	65.8056 49.1453,
	65.8701 48.6289,
	66.0154 48.1124,
	66.1284 47.5959,
	66.1445 47.4668,
	66.2252 47.2086,
	66.2575 47.1763,
	66.2575 47.144,
	66.3866 47.0472,
	66.8224 46.5307,
	66.9515 46.4178,
	67.016 46.3693,
	67.1451 46.3209,
	67.4034 46.1434,
	67.9198 45.6431,
	68.1781 45.4817,
	68.6945 45.2234,
	68.9528 45.1266,
	69.211 44.9168,
	69.4692 44.7715,
	69.5983 44.7231,
	69.8566 44.707,
	69.9857 44.7393,
	70.0502 44.7554,
	70.1793 44.707,
	70.4376 44.5617,
	70.5021 44.5456,
	70.599 44.6263,
	70.6474 44.594,
	70.6474 44.5779,
	70.9056 44.7393,
	71.0347 44.8038,
	71.1638 44.9329,
	71.1961 45.1912,
	71.18 45.3203,
	71.1638 45.3526,
	71.2123 45.4817,
	71.4221 45.7399,
	71.5512 45.8367,
	71.8094 45.9659,
	72.3259 46.2725,
	72.5841 46.3693,
	72.7132 46.45,
	72.7616 46.4985,
	72.7132 46.6276,
	72.6487 46.6437,
	72.5841 46.6921,
	72.3259 46.7567,
	72.1968 46.8051,
	72.1322 46.8212,
	72.0677 46.8697,
	72.0838 46.9342,
	72.2129 47.0472,
	72.4711 47.2086,
	72.5357 47.257,
	72.6003 47.2731,
	72.6648 47.3216,
	72.6971 47.3216,
	72.9553 47.5798,
	73.0683 47.7089,
	73.1006 47.838,
	73.0522 48.0963,
	73.0199 48.1608,
	73.0199 48.2254,
	72.9876 48.2899,
	73.0199 48.3545,
	73.149 48.4836,
	73.2297 48.6127,
	73.262 48.8709,
	73.2458 49.0001,
	73.036 49.2583,
	73.0037 49.3067,
	73.0522 49.3713,
	73.1813 49.4197,
	73.4395 49.4197,
	73.5686 49.4197,
	73.6332 49.4197,
	73.6654 49.4197,
	73.73 49.4842,
	73.7623 49.5488,
	73.7623 49.6779,
	73.73 49.807,
	73.5525 50.0653,
	73.4234 50.1137,
	73.3588 50.146,
	73.2297 50.2589,
	73.1006 50.3396,
	72.9715 50.3558,
	72.8423 50.3396,
	72.5841 50.3719,
	72.5196 50.3719,
	72.2613 50.4849,
	72.0515 50.7431,
	72.0354 50.8077,
	72.0838 50.9368,
	72.2452 51.195,
	72.2613 51.2596,
	72.0031 51.4532,
	71.874 51.5662,
	71.6158 51.6953,
	71.4866 51.7599,
	71.2284 51.9536,
	71.0993 52.0181,
	70.8411 52.2118,
	70.5828 52.357,
	70.0664 52.5669,
	69.9373 52.6314,
	69.679 52.7121,
	69.4208 52.7444,
	69.1626 52.696,
	69.0657 52.5669,
	68.9205 52.3086,
	68.7914 52.1795,
	68.5331 52.0665,
	68.2749 52.002,
	68.1458 51.9858,
	68.0812 51.9858,
	67.823 52.0665,
	67.6939 52.0665,
	67.5648 52.002,
	67.3065 51.9858,
	67.0483 51.9051,
	66.5319 51.6953,
	66.2736 51.6308,
	66.1445 51.5985,
	66.0154 51.5178,
	65.9024 51.3887,
	65.7894 51.1305,
	65.7087 50.8722,
	65.6603 50.614,
	65.6442 50.0975,
	65.6442 49.9684,
	65.6442 49.9361,
	"/>
</Transform>

<Transform dim="0"
 xcoef=" 0 1 0 0 0 0"
 ycoef=" 0 0 1 0 0 0">
<Contour name="TB2 Nucleus_93" hidden="false" closed="true" simplified="true" border="1 0 0" fill="1 0 1" mode="9"
 points="72.3886 35.449,
	72.4268 35.3726,
	72.5033 35.2961,
	72.5415 35.2388,
	72.6944 35.105,
	72.8473 35.0477,
	73.0001 35.0668,
	73.0766 35.105,
	73.1339 35.1815,
	73.1912 35.3344,
	73.2104 35.4108,
	73.1912 35.5637,
	73.0957 35.7166,
	73.0193 35.7548,
	72.9428 35.7548,
	72.7899 35.8121,
	72.4842 35.793,
	72.3886 35.6592,
	72.3886 35.5064,
	72.3886 35.4681,
	"/>
</Transform>

<Transform dim="0"
 xcoef=" 0 1 0 0 0 0"
 ycoef=" 0 0 1 0 0 0">
<Contour name="TB2 NF_24" hidden="true" closed="true" simplified="true" border="1 0.501961 0.25098" fill="1 0.501961 0.25098" mode="-9"
 points="98.2119 14.1545,
	98.3234 13.7978,
	98.3679 13.7087,
	98.5463 13.5526,
	98.7246 13.4412,
	98.8137 13.4412,
	98.8583 13.4189,
	98.9475 13.4635,
	99.0589 13.6418,
	99.0812 13.9984,
	99.0144 14.1768,
	98.9921 14.2659,
	98.8806 14.4442,
	98.7915 14.5111,
	98.6131 14.5557,
	98.4348 14.5111,
	98.3902 14.5111,
	98.3011 14.4219,
	98.2342 14.2436,
	98.2342 14.1768,
	"/>
</Transform>

<Transform dim="0"
 xcoef=" 0 1 0 0 0 0"
 ycoef=" 0 0 1 0 0 0">
<Contour name="TB2 NF_24_cw" hidden="false" closed="true" simplified="true" border="1 0.5 0" fill="1 0.682353 0.368627" mode="15"
 points="98.1897 14.2013,
	98.2012 14.1396,
	98.2051 14.1241,
	98.209 14.1164,
	98.1974 14.0855,
	98.1974 14.0547,
	98.2321 13.9929,
	98.2475 13.962,
	98.2707 13.9312,
	98.2861 13.9196,
	98.2939 13.9042,
	98.3016 13.8964,
	98.317 13.8926,
	98.3247 13.8617,
	98.3247 13.8308,
	98.3324 13.8,
	98.3517 13.7691,
	98.3633 13.7382,
	98.3672 13.7228,
	98.4173 13.6649,
	98.4444 13.6456,
	98.4636 13.6147,
	98.4675 13.5839,
	98.4791 13.553,
	98.4984 13.5221,
	98.5138 13.5105,
	98.5447 13.5028,
	98.5717 13.4719,
	98.5833 13.4565,
	98.5987 13.4488,
	98.6064 13.4488,
	98.6605 13.3909,
	98.6759 13.3832,
	98.7029 13.3523,
	98.7647 13.3253,
	98.7955 13.3176,
	98.8573 13.3523,
	98.8881 13.3755,
	98.919 13.3909,
	98.9499 13.3948,
	98.9808 13.4179,
	99.0039 13.4488,
	99.0116 13.4565,
	99.0232 13.4874,
	99.0271 13.5028,
	99.0464 13.5337,
	99.0695 13.5954,
	99.0888 13.7189,
	99.1081 13.7807,
	99.1235 13.8115,
	99.2084 13.9312,
	99.193 13.9929,
	99.1814 14.0238,
	99.1467 14.0855,
	99.1197 14.1473,
	99.085 14.209,
	99.0579 14.2708,
	99.0232 14.3325,
	99.0078 14.3634,
	98.9576 14.4251,
	98.9306 14.456,
	98.9074 14.4753,
	98.8766 14.4869,
	98.8457 14.4907,
	98.8303 14.4869,
	98.7994 14.4907,
	98.7376 14.5177,
	98.6759 14.537,
	98.645 14.5448,
	98.6296 14.5448,
	98.5678 14.5641,
	98.5061 14.5756,
	98.4752 14.5718,
	98.4444 14.5602,
	98.4173 14.5293,
	98.4019 14.4984,
	98.398 14.4676,
	98.3942 14.4521,
	98.3826 14.4367,
	98.3209 14.4097,
	98.3054 14.3943,
	98.29 14.3634,
	98.2861 14.3325,
	98.2746 14.3016,
	98.2244 14.2438,
	98.1974 14.2167,
	98.1935 14.2052,
	"/>
</Transform>

<Transform dim="0"
 xcoef=" 0 1 0 0 0 0"
 ycoef=" 0 0 1 0 0 0">
<Image mag="0.00855" contrast="1" brightness="0" red="true" green="true" blue="true"
 src="Aligned 633576.tif" />
<Contour name="a1" hidden="false" closed="true" simplified="false" border="1 0.5 0" fill="1 0.5 0" mode="11"
 points="0 0,
	15991 0,
	15991 12171,
	0 12171,
	"/>
</Transform>

<Transform dim="0"
 xcoef=" 0 1 0 0 0 0"
 ycoef=" 0 0 1 0 0 0">
<Contour name="TB2 NF_26_cw" hidden="false" closed="true" simplified="true" border="0.992 0.867 0.443" fill="0.992 0.867 0.443" mode="15"
 points="55.3249 12.5437,
	55.3675 12.4951,
	55.41 12.4647,
	55.4222 12.4525,
	55.4709 12.4404,
	55.5681 12.3917,
	55.6168 12.3796,
	55.7141 12.3796,
	55.7627 12.3856,
	55.86 12.3613,
	55.8722 12.3492,
	55.9694 12.3127,
	55.9938 12.2944,
	56.0181 12.2883,
	56.0302 12.2944,
	56.0546 12.2883,
	56.0789 12.2944,
	56.091 12.3066,
	56.1397 12.3187,
	56.164 12.3309,
	56.2127 12.337,
	56.2613 12.3309,
	56.3586 12.3492,
	56.4072 12.3735,
	56.4559 12.3856,
	56.5531 12.3917,
	56.6018 12.41,
	56.6322 12.4586,
	56.6322 12.5072,
	56.6079 12.5559,
	56.5592 12.5984,
	56.5471 12.6106,
	56.4984 12.6288,
	56.4498 12.6349,
	56.4255 12.6228,
	56.3768 12.6167,
	56.2795 12.5863,
	56.1822 12.5924,
	56.085 12.6349,
	56.0363 12.6592,
	55.9877 12.6653,
	55.9634 12.6653,
	55.939 12.6532,
	55.8418 12.6592,
	55.6472 12.6957,
	55.5985 12.714,
	55.5742 12.7261,
	55.5256 12.7261,
	55.5134 12.7261,
	55.4952 12.7018,
	55.4952 12.6775,
	55.4709 12.6532,
	55.4587 12.6592,
	55.41 12.6471,
	55.3857 12.641,
	55.3371 12.6045,
	55.3249 12.5559,
	55.3249 12.5498,
	"/>
</Transform>

<Transform dim="0"
 xcoef=" 0 1 0 0 0 0"
 ycoef=" 0 0 1 0 0 0">
<Contour name="TB2 NF_26_cw" hidden="false" closed="true" simplified="true" border="0.992 0.867 0.443" fill="0.992 0.867 0.443" mode="15"
 points="57.982 9.41843,
	58.0185 9.36979,
	58.2131 9.23602,
	58.4076 9.1205,
	58.5049 9.09009,
	58.5536 9.09009,
	58.5779 9.09617,
	58.6752 9.09009,
	58.7725 9.04753,
	58.8211 9.01713,
	58.8454 9.00497,
	58.8576 8.99281,
	59.0522 8.932,
	59.1008 8.91376,
	59.1495 8.90768,
	59.1981 8.91376,
	59.2467 8.90768,
	59.2711 8.90768,
	59.3683 8.86512,
	59.4595 8.8104,
	59.5568 8.73743,
	59.6541 8.67663,
	59.7514 8.63407,
	59.8 8.61583,
	59.9946 8.57327,
	60.0919 8.54286,
	60.2865 8.45166,
	60.3838 8.42126,
	60.5783 8.39086,
	60.627 8.40302,
	60.6391 8.41518,
	60.6331 8.46382,
	60.6026 8.51246,
	60.5601 8.5611,
	60.475 8.63407,
	60.4567 8.65839,
	60.4324 8.67055,
	60.3838 8.71919,
	60.3351 8.74959,
	60.2865 8.79824,
	60.0919 8.95025,
	59.9946 9.02321,
	59.8973 9.08401,
	59.8852 9.09617,
	59.873 9.09617,
	59.7757 9.16306,
	59.6784 9.20562,
	59.5812 9.23602,
	59.5325 9.24818,
	59.4352 9.25426,
	59.3866 9.2725,
	59.3623 9.27858,
	59.3136 9.30899,
	59.265 9.32723,
	59.0704 9.34547,
	59.0218 9.34547,
	58.6326 9.47923,
	58.4381 9.50964,
	58.2435 9.50964,
	58.1948 9.50356,
	58.0976 9.50964,
	58.0489 9.50356,
	58.0246 9.49748,
	57.982 9.45491,
	57.982 9.43059,
	57.982 9.42451,
	"/>
</Transform>

<Transform dim="0"
 xcoef=" 0 1 0 0 0 0"
 ycoef=" 0 0 1 0 0 0">
<Contour name="TB2 NF_26_cw" hidden="false" closed="true" simplified="true" border="0.992 0.867 0.443" fill="0.992 0.867 0.443" mode="15"
 points="61.9282 8.00171,
	62.0254 7.92267,
	62.1227 7.86187,
	62.22 7.82538,
	62.2443 7.81322,
	62.2687 7.81322,
	62.4632 7.74026,
	62.5605 7.70378,
	62.5848 7.6977,
	62.597 7.68554,
	62.6213 7.67946,
	62.6335 7.6673,
	62.6578 7.66122,
	62.67 7.64906,
	62.7186 7.63081,
	63.1077 7.39368,
	63.1321 7.37544,
	63.1442 7.37544,
	63.3388 7.25383,
	63.4361 7.19303,
	63.4847 7.16263,
	63.509 7.15047,
	63.5212 7.13831,
	63.5455 7.13223,
	63.5577 7.12007,
	63.5699 7.12007,
	63.6185 7.08358,
	63.6307 7.08358,
	63.655 7.05926,
	63.6793 7.0471,
	63.6915 7.03494,
	63.7036 7.03494,
	63.7523 7.00454,
	63.7766 6.98022,
	63.8678 6.9255,
	63.9651 6.88901,
	64.1596 6.87077,
	64.2569 6.86469,
	64.3056 6.87077,
	64.3299 6.87685,
	64.3542 6.90117,
	64.3664 6.91334,
	64.3664 6.96198,
	64.3664 6.9863,
	64.3421 7.03494,
	64.2995 7.0775,
	64.2022 7.13223,
	64.1049 7.16263,
	64.0076 7.20519,
	63.9955 7.20519,
	63.9712 7.22343,
	63.959 7.22343,
	63.9468 7.23559,
	63.8982 7.25383,
	63.7036 7.37544,
	63.509 7.46665,
	63.4118 7.48489,
	63.3631 7.49705,
	63.1685 7.61257,
	63.0713 7.65514,
	63.0226 7.68554,
	62.9253 7.72202,
	62.8767 7.74634,
	62.828 7.7585,
	62.7794 7.78282,
	62.5848 7.84971,
	62.4876 7.89227,
	62.293 7.95307,
	62.1957 7.98955,
	62.1471 8.00779,
	62.0984 8.01387,
	62.0558 8.00779,
	62.0619 8.00171,
	62.0133 8.00171,
	61.9646 8.01996,
	61.9403 8.01996,
	61.9282 8.01387,
	61.9282 8.00779,
	"/>
</Transform>

<Transform dim="0"
 xcoef=" 0 1 0 0 0 0"
 ycoef=" 0 0 1 0 0 0">
<Contour name="TB2 NF_26_cw" hidden="false" closed="true" simplified="true" border="0.992 0.867 0.443" fill="0.992 0.867 0.443" mode="15"
 points="65.0717 6.23234,
	65.096 6.1837,
	65.1082 6.15937,
	65.1568 6.11073,
	65.1994 6.08641,
	65.248 6.08033,
	65.3453 6.03777,
	65.4426 5.97088,
	65.5399 5.91616,
	65.5885 5.89184,
	65.6858 5.8736,
	65.8804 5.86752,
	66.0749 5.89184,
	66.1722 5.91008,
	66.2209 5.91616,
	66.3182 5.97088,
	66.5127 6.12289,
	66.5553 6.16545,
	66.5675 6.2141,
	66.5614 6.26274,
	66.531 6.31138,
	66.5188 6.31138,
	66.4945 6.32962,
	66.4702 6.3357,
	66.4398 6.38435,
	66.3972 6.43299,
	66.3486 6.46339,
	66.2513 6.48771,
	66.2026 6.49379,
	66.0081 6.5546,
	65.9108 6.57892,
	65.7162 6.65796,
	65.6919 6.67012,
	65.5946 6.68228,
	65.546 6.69444,
	65.4487 6.69444,
	65.3514 6.66404,
	65.2541 6.6154,
	65.1629 6.52419,
	65.1264 6.47555,
	65.1082 6.45123,
	65.0778 6.35394,
	65.0717 6.25666,
	65.0717 6.23842,
	"/>
</Transform>

<Transform dim="0"
 xcoef=" 0 1 0 0 0 0"
 ycoef=" 0 0 1 0 0 0">
<Contour name="TB3_tastebud_outline_cw" hidden="false" closed="true" simplified="true" border="0.752941 0.752941 0.752941" fill="0.752941 0.752941 0.752941" mode="15"
 points="89.3433 64.8893,
	89.6721 63.5742,
	90.2474 62.2592,
	90.7406 61.6017,
	91.3981 61.0263,
	92.0556 60.862,
	93.3707 60.9441,
	94.6857 61.1907,
	95.3432 61.1085,
	95.672 61.1085,
	96.3295 60.7798,
	97.398 59.4647,
	97.7268 58.8072,
	98.3021 56.1771,
	98.5487 54.8621,
	98.6309 52.232,
	100.028 46.9718,
	100.439 45.6567,
	101.014 44.3417,
	101.508 43.2732,
	101.918 42.6157,
	104.22 39.9856,
	106.357 37.3555,
	107.425 36.0404,
	107.59 35.7117,
	109.891 33.0816,
	112.028 30.5337,
	114.576 28.1502,
	115.891 26.9995,
	117.206 26.0132,
	117.863 25.4379,
	118.192 25.2735,
	118.357 25.1091,
	119.014 24.8626,
	119.261 24.7804,
	119.507 24.9447,
	119.672 25.6023,
	120.904 28.2324,
	122.384 30.8625,
	122.959 32.1775,
	124.603 37.4377,
	125.754 40.0678,
	126.576 42.6979,
	126.822 44.0129,
	126.987 44.6704,
	127.069 45.9855,
	126.822 48.6156,
	126.74 49.9306,
	126.411 51.2457,
	125.343 53.8758,
	124.11 56.5059,
	123.699 57.8209,
	123.206 58.4784,
	120.329 63.7386,
	119.507 65.0537,
	118.85 66.3687,
	117.946 67.6838,
	115.809 70.3139,
	114.658 71.6289,
	112.028 74.259,
	109.398 76.2316,
	108.083 76.8069,
	105.453 77.5466,
	104.138 77.7932,
	101.508 77.711,
	98.8774 77.3,
	97.5624 76.8891,
	96.2473 76.3138,
	95.5898 76.0672,
	95.261 75.8206,
	94.9323 75.7384,
	94.6035 75.4919,
	94.2748 75.4097,
	93.946 75.0809,
	93.2885 74.6699,
	92.0556 73.3549,
	91.3981 72.6974,
	90.0009 70.0673,
	89.5899 68.7522,
	89.3433 66.1221,
	89.3433 65.4646,
	89.3433 65.1359,
	89.3433 64.9715,
	"/>
</Transform>

<Transform dim="0"
 xcoef=" 0 1 0 0 0 0"
 ycoef=" 0 0 1 0 0 0">
<Contour name="TB3_TC02_T2dying_cw" hidden="false" closed="true" simplified="true" border="0.322 0.773 1" fill="0.322 0.773 1" mode="15"
 points="98.508 65.4215,
	98.5627 65.2028,
	98.7267 64.7655,
	98.8497 64.3281,
	98.918 64.1095,
	98.9317 64.0548,
	98.918 64.0411,
	98.9043 64.0548,
	98.8633 63.8361,
	98.7813 63.6175,
	98.7813 63.5081,
	98.795 63.4535,
	99 63.2485,
	99.0683 63.0298,
	99.1503 62.9205,
	99.2597 62.8522,
	99.369 62.8385,
	99.4237 62.8248,
	99.533 62.7292,
	99.6013 62.6198,
	99.8063 62.4012,
	99.8883 62.2918,
	99.9293 62.2372,
	99.9703 62.0185,
	99.984 61.9638,
	100.052 61.8545,
	100.093 61.7452,
	100.175 61.6358,
	100.613 61.2942,
	100.722 61.1848,
	100.9 60.9662,
	100.941 60.9252,
	101.159 60.8842,
	101.378 60.8159,
	101.487 60.7885,
	101.597 60.7202,
	101.706 60.6792,
	101.925 60.5289,
	102.143 60.3239,
	102.362 60.2555,
	102.417 60.2009,
	102.444 60.0915,
	102.444 59.9822,
	102.376 59.7635,
	102.389 59.5449,
	102.458 59.3262,
	102.54 58.8889,
	102.608 58.6702,
	102.622 58.6155,
	102.663 58.5609,
	102.676 58.5062,
	102.895 58.3012,
	102.95 58.3149,
	103.073 58.5335,
	103.168 58.9709,
	103.182 59.1895,
	103.237 59.4082,
	103.305 59.5175,
	103.332 59.5722,
	103.551 59.6952,
	103.606 59.7362,
	103.66 59.8455,
	103.865 60.0369,
	103.961 60.4742,
	104.002 60.5835,
	104.016 60.6382,
	104.084 60.7475,
	104.125 60.8022,
	104.152 61.0208,
	104.166 61.1302,
	104.18 61.1848,
	104.18 61.2122,
	104.275 61.3215,
	104.303 61.3762,
	104.289 61.4855,
	104.316 61.5948,
	104.275 61.6905,
	104.385 61.7862,
	104.439 61.8272,
	104.48 61.9365,
	104.467 62.0458,
	104.453 62.1005,
	104.467 62.2098,
	104.453 62.2645,
	104.371 62.3602,
	104.262 62.3738,
	104.207 62.3465,
	104.098 62.4285,
	104.016 62.5378,
	103.947 62.7565,
	103.934 62.8658,
	103.988 63.0845,
	104.029 63.1938,
	104.098 63.3032,
	104.234 63.7405,
	104.289 63.8498,
	104.303 63.9591,
	104.289 64.0138,
	104.316 64.1231,
	104.412 64.2325,
	104.426 64.3418,
	104.412 64.4511,
	104.48 64.5605,
	104.508 64.6151,
	104.48 64.8338,
	104.508 65.0525,
	104.631 65.2711,
	104.822 65.4898,
	105.068 65.9271,
	105.177 66.1458,
	105.355 66.5831,
	105.437 66.8018,
	105.492 67.0204,
	105.505 67.1298,
	105.587 67.3484,
	105.792 67.7858,
	105.833 68.0044,
	105.82 68.1138,
	105.833 68.1684,
	105.792 68.3871,
	105.779 68.4417,
	105.792 68.4964,
	105.765 68.6057,
	105.724 68.6604,
	105.697 68.6877,
	105.656 68.9064,
	105.615 69.3437,
	105.601 69.3984,
	105.615 69.4531,
	105.587 69.5624,
	105.437 69.7674,
	105.382 69.8084,
	105.355 69.8221,
	105.355 69.8767,
	105.396 69.9861,
	105.41 70.0407,
	105.369 70.1501,
	105.328 70.2047,
	105.314 70.2321,
	105.41 70.3414,
	105.423 70.3961,
	105.382 70.6147,
	105.369 70.7241,
	105.369 70.7787,
	105.341 70.8334,
	105.369 70.8471,
	105.355 71.0657,
	105.341 71.175,
	105.246 71.3937,
	105.177 71.503,
	105.068 71.6124,
	105.013 71.667,
	104.89 71.8857,
	104.836 71.995,
	104.672 72.2137,
	104.631 72.323,
	104.59 72.3777,
	104.48 72.4187,
	104.426 72.446,
	104.371 72.5007,
	104.248 72.7194,
	104.139 72.8287,
	104.029 72.8834,
	103.92 72.8834,
	103.865 72.8697,
	103.756 72.9244,
	103.551 73.1294,
	103.496 73.143,
	103.428 73.2387,
	103.401 73.2934,
	103.305 73.4027,
	103.25 73.512,
	103.141 73.5667,
	102.704 73.922,
	102.649 73.9357,
	102.458 74.1407,
	102.294 74.3593,
	102.225 74.455,
	102.171 74.4687,
	102.116 74.455,
	102.007 74.4823,
	101.952 74.5233,
	101.733 74.5507,
	101.296 74.6873,
	101.269 74.6873,
	101.2 74.578,
	100.982 74.4413,
	100.777 74.2363,
	100.599 74.0313,
	100.517 73.922,
	100.49 73.8673,
	100.394 73.758,
	100.326 73.6487,
	100.244 73.43,
	100.216 73.3207,
	100.216 73.2114,
	100.312 72.9927,
	100.353 72.8834,
	100.257 72.7877,
	100.148 72.7194,
	100.107 72.6647,
	100.052 72.446,
	100.025 72.3914,
	99.9977 72.364,
	99.8883 72.3367,
	99.7927 72.2274,
	99.656 72.0087,
	99.656 71.954,
	99.656 71.9267,
	99.7517 71.831,
	99.656 71.6124,
	99.5877 71.3937,
	99.574 71.2844,
	99.574 71.2297,
	99.5057 71.011,
	99.4373 70.5737,
	99.2597 70.1364,
	99.123 69.6991,
	99.082 69.2617,
	99.0547 69.0431,
	99.0547 68.9337,
	99.123 68.7151,
	99.1367 68.6057,
	99.0683 68.4964,
	99.041 68.4417,
	99.0273 68.2231,
	99.041 68.0044,
	99 67.8951,
	98.918 67.7858,
	98.8633 67.6764,
	98.836 67.6218,
	98.8223 67.5124,
	98.836 67.4031,
	98.918 67.1844,
	98.959 66.9658,
	98.9453 66.7471,
	98.9043 66.6378,
	98.8907 66.5284,
	98.877 66.4738,
	98.8907 66.4191,
	98.8633 66.3098,
	98.8497 66.2551,
	98.8223 66.2278,
	98.754 66.3371,
	98.7267 66.3918,
	98.6993 66.4191,
	98.6447 66.4191,
	98.59 66.3644,
	98.5627 66.2551,
	98.549 66.2004,
	98.631 65.9818,
	98.6173 65.8725,
	98.5627 65.8315,
	98.508 65.7221,
	98.508 65.5035,
	98.508 65.4488,
	98.508 65.4351,
	"/>
</Transform>

<Transform dim="0"
 xcoef=" 0 1 0 0 0 0"
 ycoef=" 0 0 1 0 0 0">
<Contour name="TB3_TC02_T2dying_cw" hidden="false" closed="true" simplified="true" border="0.322 0.773 1" fill="0.322 0.773 1" mode="15"
 points="102.95 56.0052,
	102.963 55.9506,
	102.963 55.9233,
	102.991 55.8959,
	102.991 55.8686,
	103.045 55.8276,
	103.1 55.8413,
	103.127 55.8276,
	103.086 55.6089,
	103.073 55.4996,
	103.059 55.4449,
	103.073 55.3903,
	103.155 55.2946,
	103.196 55.2536,
	103.196 55.1989,
	103.196 55.1716,
	103.127 55.0623,
	103.127 55.0076,
	103.209 54.7889,
	103.237 54.7616,
	103.264 54.6523,
	103.223 54.4336,
	103.278 54.3243,
	103.291 54.2696,
	103.319 54.2423,
	103.36 54.0236,
	103.332 53.9143,
	103.387 53.6956,
	103.414 53.6683,
	103.414 53.6409,
	103.537 53.4223,
	103.592 53.3676,
	103.66 53.2583,
	103.715 53.231,
	103.824 53.2446,
	103.934 53.2993,
	103.947 53.354,
	103.988 53.4086,
	104.016 53.5179,
	103.92 53.7366,
	103.893 53.7913,
	103.879 53.9006,
	103.865 53.9553,
	103.742 54.1739,
	103.688 54.3926,
	103.674 54.5019,
	103.66 54.5566,
	103.674 54.6659,
	103.688 54.7206,
	103.742 54.7343,
	103.797 54.7206,
	103.852 54.7753,
	103.893 54.8846,
	103.879 54.9939,
	103.893 55.1033,
	103.865 55.2126,
	103.865 55.3219,
	103.852 55.3766,
	103.92 55.5953,
	103.934 55.6499,
	103.947 55.6773,
	103.906 55.7866,
	103.838 55.8959,
	103.824 55.9506,
	103.783 56.0052,
	103.729 56.0189,
	103.701 56.0326,
	103.647 56.0052,
	103.619 55.9916,
	103.578 56.1009,
	103.565 56.1556,
	103.565 56.1829,
	103.537 56.2102,
	103.537 56.2649,
	103.578 56.3196,
	103.633 56.3469,
	103.647 56.4016,
	103.578 56.5109,
	103.537 56.5656,
	103.551 56.6202,
	103.565 56.6476,
	103.537 56.7022,
	103.428 56.8116,
	103.401 56.8389,
	103.414 56.8936,
	103.401 56.9482,
	103.346 56.9892,
	103.291 57.0029,
	103.237 56.9619,
	103.209 56.9346,
	103.155 56.9209,
	103.127 56.9209,
	103.059 56.8116,
	103.059 56.7022,
	102.991 56.4836,
	102.95 56.0462,
	102.95 56.0189,
	"/>
</Transform>

<Transform dim="0"
 xcoef=" 0 1 0 0 0 0"
 ycoef=" 0 0 1 0 0 0">
<Contour name="TB3_TC02_T2dying_cw" hidden="false" closed="true" simplified="true" border="0.322 0.773 1" fill="0.322 0.773 1" mode="15"
 points="104.521 37.2138,
	104.617 36.9952,
	104.617 36.9405,
	104.658 36.8312,
	104.849 36.6125,
	104.877 36.5578,
	104.931 36.5032,
	105.068 36.2845,
	105.205 35.8472,
	105.246 35.6285,
	105.328 35.4099,
	105.369 35.3005,
	105.382 35.1912,
	105.478 34.9725,
	105.478 34.9179,
	105.533 34.8085,
	105.628 34.7265,
	105.697 34.6172,
	105.792 34.5352,
	105.902 34.5079,
	106.011 34.4532,
	106.052 34.3439,
	106.052 34.2892,
	105.997 34.1799,
	105.997 34.1252,
	106.093 34.0295,
	106.148 34.0022,
	106.202 33.9475,
	106.298 33.7289,
	106.421 33.5102,
	106.489 33.4009,
	106.681 33.1959,
	106.899 33.0182,
	106.981 32.9089,
	107.145 32.4716,
	107.337 32.0342,
	107.46 31.8156,
	107.514 31.7062,
	107.555 31.6516,
	107.569 31.5969,
	107.733 31.3782,
	107.924 31.1596,
	107.965 31.1049,
	107.979 30.9956,
	108.02 30.8863,
	108.116 30.7769,
	108.184 30.6676,
	108.17 30.6129,
	108.129 30.5583,
	108.102 30.5309,
	108.143 30.0936,
	108.157 29.9843,
	108.17 29.9296,
	108.239 29.8203,
	108.266 29.7793,
	108.225 29.7246,
	108.252 29.6153,
	108.362 29.5196,
	108.416 29.4649,
	108.43 29.3556,
	108.512 29.2463,
	108.567 29.0276,
	108.553 28.9183,
	108.553 28.8636,
	108.621 28.7543,
	108.608 28.6996,
	108.567 28.6449,
	108.553 28.6176,
	108.621 28.399,
	108.731 28.3033,
	108.799 28.0846,
	108.813 27.9753,
	108.908 27.7566,
	108.963 27.538,
	108.99 27.3193,
	108.977 27.21,
	108.881 26.9913,
	108.881 26.882,
	108.895 26.8273,
	108.867 26.7726,
	108.922 26.6633,
	108.949 26.6086,
	108.949 26.4993,
	108.949 26.472,
	109.059 26.3626,
	109.1 26.3216,
	109.045 26.103,
	109.072 25.8843,
	109.141 25.6657,
	109.25 25.447,
	109.291 25.2283,
	109.318 25.1737,
	109.523 25.037,
	109.551 24.9277,
	109.523 24.8183,
	109.523 24.709,
	109.619 24.5997,
	109.728 24.5313,
	109.783 24.5177,
	109.892 24.4357,
	110.097 24.217,
	110.166 24.1077,
	110.193 24.053,
	110.302 23.9847,
	110.357 23.8753,
	110.466 23.7933,
	110.576 23.7933,
	110.685 23.7387,
	110.794 23.6567,
	111.013 23.438,
	111.122 23.356,
	111.232 23.3014,
	111.341 23.274,
	111.396 23.2467,
	111.505 23.233,
	111.614 23.2467,
	111.724 23.2877,
	111.833 23.2194,
	112.051 23.028,
	112.065 22.9187,
	112.106 22.8094,
	112.161 22.7547,
	112.215 22.741,
	112.27 22.7547,
	112.325 22.7957,
	112.338 22.8504,
	112.325 22.905,
	112.366 22.9597,
	112.584 23.069,
	112.694 23.028,
	112.803 22.9597,
	112.899 22.8504,
	112.94 22.741,
	113.104 22.5224,
	113.186 22.413,
	113.404 22.2764,
	113.623 22.208,
	113.732 22.167,
	113.842 22.0987,
	113.951 22.0577,
	114.006 22.044,
	114.115 22.0714,
	114.17 22.0987,
	114.388 22.0987,
	114.498 22.085,
	114.607 22.0167,
	114.662 21.962,
	114.771 21.921,
	114.88 21.8527,
	114.99 21.757,
	115.058 21.6477,
	115.058 21.5384,
	115.113 21.4837,
	115.222 21.4154,
	115.318 21.306,
	115.345 21.2514,
	115.372 21.224,
	115.482 21.2104,
	115.536 21.224,
	115.646 21.1694,
	115.7 21.1421,
	115.81 21.183,
	115.823 21.2377,
	115.933 21.3334,
	116.042 21.347,
	116.261 21.306,
	116.37 21.2787,
	116.575 21.1421,
	116.63 21.1284,
	116.684 21.1421,
	116.739 21.1147,
	116.848 21.0054,
	116.985 20.8004,
	117.04 20.7867,
	117.258 20.8961,
	117.368 20.9507,
	117.477 20.9234,
	117.655 20.7047,
	117.764 20.5954,
	117.983 20.4724,
	118.092 20.4724,
	118.147 20.4724,
	118.174 20.4587,
	118.229 20.4997,
	118.338 20.4587,
	118.393 20.4314,
	118.488 20.3221,
	118.598 20.2537,
	118.707 20.1581,
	118.762 20.1444,
	118.816 20.1581,
	118.871 20.1991,
	118.898 20.2537,
	119.008 20.2947,
	119.117 20.2537,
	119.554 20.1991,
	119.664 20.1717,
	119.882 20.0487,
	119.992 19.9531,
	120.21 19.8164,
	120.32 19.7207,
	120.402 19.6114,
	120.525 19.3927,
	120.593 19.2834,
	120.689 19.2014,
	120.743 19.1877,
	120.839 19.0921,
	120.825 18.9827,
	120.812 18.9554,
	120.907 18.8461,
	121.017 18.7777,
	121.071 18.7231,
	121.181 18.7231,
	121.235 18.7367,
	121.263 18.7231,
	121.29 18.7367,
	121.509 18.6684,
	121.727 18.5454,
	121.809 18.4361,
	121.864 18.3814,
	121.919 18.3541,
	121.973 18.2994,
	122.083 18.2448,
	122.301 18.0261,
	122.37 17.8074,
	122.383 17.6981,
	122.424 17.5888,
	122.493 17.4794,
	122.547 17.4248,
	122.575 17.3974,
	122.684 17.3701,
	122.903 17.2471,
	122.957 17.1924,
	123.012 17.1651,
	123.094 17.0558,
	123.149 17.0011,
	123.258 16.9874,
	123.313 17.0011,
	123.531 16.9464,
	123.586 16.9464,
	123.641 16.9738,
	123.736 17.0831,
	123.846 17.1378,
	123.9 17.1514,
	123.955 17.1924,
	123.982 17.3018,
	123.969 17.4111,
	123.928 17.4658,
	123.9 17.4931,
	123.9 17.5478,
	123.955 17.5751,
	124.01 17.5478,
	124.064 17.6024,
	124.078 17.6571,
	124.092 17.6844,
	123.941 18.1218,
	123.873 18.2311,
	123.668 18.4498,
	123.613 18.5591,
	123.572 18.7777,
	123.518 18.8871,
	123.299 19.0647,
	123.19 19.1194,
	123.135 19.1467,
	123.067 19.2561,
	122.985 19.4747,
	122.903 19.5841,
	122.862 19.6251,
	122.834 19.6387,
	122.78 19.6114,
	122.766 19.5841,
	122.793 19.5294,
	122.78 19.4747,
	122.78 19.4474,
	122.725 19.4337,
	122.67 19.4611,
	122.465 19.8984,
	122.37 20.1171,
	122.301 20.3357,
	122.192 20.5544,
	122.151 20.6637,
	122.137 20.7184,
	122.042 20.8277,
	121.932 20.8824,
	121.878 20.9097,
	121.823 21.0191,
	121.618 21.2377,
	121.399 21.429,
	121.304 21.5384,
	121.194 21.593,
	121.14 21.6067,
	120.935 21.7844,
	120.839 21.7434,
	120.62 21.839,
	120.511 21.9074,
	120.456 21.9347,
	120.251 22.1534,
	120.197 22.1944,
	120.087 22.2354,
	120.019 22.3447,
	119.992 22.5634,
	119.923 22.782,
	119.828 23.0007,
	119.691 23.2194,
	119.377 23.6567,
	119.213 23.8753,
	119.103 23.971,
	119.021 24.0803,
	118.967 24.299,
	118.926 24.3537,
	118.871 24.3673,
	118.816 24.34,
	118.762 24.3537,
	118.707 24.4083,
	118.598 24.4083,
	118.543 24.3947,
	118.502 24.34,
	118.502 24.2853,
	118.475 24.2307,
	118.42 24.217,
	118.365 24.2307,
	118.311 24.2033,
	118.283 24.176,
	118.27 24.0667,
	118.297 23.6294,
	118.297 23.5747,
	118.27 23.52,
	118.215 23.4927,
	117.996 23.5337,
	117.887 23.5747,
	117.778 23.6703,
	117.778 23.6977,
	117.832 23.7523,
	117.942 23.7523,
	117.996 23.7523,
	118.051 23.7933,
	118.078 23.848,
	118.078 23.9573,
	117.928 24.3947,
	117.86 24.6133,
	117.846 24.7227,
	117.791 24.832,
	117.682 24.9003,
	117.627 24.9277,
	117.518 25.037,
	117.299 25.1873,
	117.19 25.2147,
	117.135 25.2283,
	117.026 25.324,
	116.971 25.4333,
	116.93 25.652,
	116.848 25.8707,
	116.794 25.9253,
	116.684 25.9527,
	116.438 26.39,
	116.343 26.4993,
	116.288 26.554,
	116.179 26.6223,
	116.083 26.7316,
	116.028 26.7726,
	115.96 26.882,
	115.851 26.9776,
	115.632 27.005,
	115.523 27.0323,
	115.468 27.046,
	115.386 27.1416,
	115.345 27.251,
	115.263 27.3603,
	115.154 27.4696,
	115.099 27.5243,
	115.044 27.5243,
	114.99 27.4696,
	114.976 27.415,
	114.935 27.3603,
	114.88 27.374,
	114.853 27.374,
	114.798 27.415,
	114.73 27.5243,
	114.621 27.6336,
	114.402 27.784,
	114.197 28.2213,
	114.17 28.44,
	114.142 28.5493,
	114.047 28.7679,
	114.019 28.8773,
	113.965 28.9866,
	113.951 29.2053,
	113.91 29.4239,
	113.91 29.6426,
	113.91 29.6973,
	113.787 29.9159,
	113.459 30.3533,
	113.363 30.5719,
	113.309 30.6813,
	113.158 31.1186,
	113.076 31.2279,
	113.035 31.2826,
	113.008 31.3099,
	112.899 31.2826,
	112.844 31.2962,
	112.735 31.3646,
	112.68 31.3919,
	112.571 31.3919,
	112.516 31.3782,
	112.407 31.4056,
	112.352 31.4056,
	112.297 31.4329,
	112.243 31.4876,
	112.215 31.5149,
	112.202 31.6242,
	112.188 31.6789,
	111.969 31.8429,
	111.86 31.8976,
	111.806 31.9249,
	111.751 32.0342,
	111.737 32.1436,
	111.71 32.1982,
	111.601 32.3076,
	111.491 32.3486,
	111.437 32.3349,
	111.382 32.2939,
	111.327 32.2802,
	111.218 32.3076,
	111.109 32.2802,
	110.89 32.1299,
	110.671 32.0616,
	110.453 31.9522,
	110.343 31.8976,
	110.289 31.8702,
	110.179 31.8566,
	110.07 31.8839,
	110.015 31.8976,
	109.988 31.8976,
	109.933 31.9386,
	109.892 32.0479,
	109.674 32.1162,
	109.66 32.1709,
	109.701 32.2802,
	109.715 32.3896,
	109.674 32.6082,
	109.66 32.8269,
	109.66 32.9362,
	109.619 33.1549,
	109.605 33.2642,
	109.51 33.4829,
	109.359 33.7015,
	109.25 33.7562,
	109.195 33.7562,
	108.977 33.8792,
	108.758 34.0569,
	108.662 34.1389,
	108.58 34.2482,
	108.471 34.4669,
	108.389 34.5762,
	108.348 34.6309,
	108.321 34.7402,
	108.362 34.9589,
	108.375 35.0682,
	108.334 35.1775,
	108.211 35.3962,
	108.17 35.4509,
	108.088 35.6695,
	107.883 35.8745,
	107.829 35.9155,
	107.719 35.9429,
	107.61 35.9292,
	107.555 35.9429,
	107.337 36.0659,
	107.227 36.1068,
	107.118 36.2025,
	107.05 36.3118,
	106.981 36.5305,
	107.022 36.7492,
	107.036 36.8585,
	106.968 37.0772,
	106.831 37.2958,
	106.776 37.3368,
	106.667 37.3642,
	106.612 37.3778,
	106.558 37.4188,
	106.435 37.6375,
	106.353 37.7468,
	106.298 37.8562,
	106.284 37.9108,
	106.243 37.9655,
	106.202 38.0748,
	106.189 38.1295,
	106.038 38.3482,
	105.915 38.5668,
	105.888 38.6761,
	105.779 38.8948,
	105.669 39.0041,
	105.642 39.0178,
	105.533 38.9495,
	105.41 38.7308,
	105.314 38.5122,
	105.3 38.2935,
	105.3 38.2388,
	105.205 38.0202,
	105.232 37.5828,
	105.205 37.5282,
	105.191 37.5145,
	105.082 37.5828,
	104.972 37.6238,
	104.918 37.6102,
	104.863 37.5692,
	104.836 37.5145,
	104.781 37.4598,
	104.672 37.3915,
	104.617 37.3642,
	104.535 37.2548,
	104.521 37.2275,
	"/>
</Transform>

<Transform dim="0"
 xcoef=" 0 1 0 0 0 0"
 ycoef=" 0 0 1 0 0 0">
<Contour name="TB2 Nucleus_52_cw" hidden="false" closed="true" simplified="true" border="1 0 0" fill="1 0 0" mode="15"
 points="68.3081 31.6054,
	68.3704 31.2066,
	68.4826 30.8078,
	68.5698 30.6084,
	68.6197 30.5087,
	68.6446 30.4589,
	68.6446 30.4339,
	68.7567 30.2345,
	68.8938 30.0351,
	68.9063 29.9853,
	69.0309 29.7859,
	69.0932 29.6862,
	69.1805 29.5989,
	69.3051 29.3995,
	69.33 29.3746,
	69.3425 29.3247,
	69.4173 29.225,
	69.4297 29.1752,
	69.5419 28.9758,
	69.6914 28.577,
	69.7662 28.3776,
	69.9407 27.58,
	70.0778 27.1812,
	70.2897 26.7824,
	70.3146 26.7574,
	70.3146 26.7325,
	70.5888 26.3586,
	70.7882 26.1966,
	70.8879 26.1218,
	70.9128 26.1218,
	70.9626 26.0844,
	71.0623 26.0471,
	71.2617 26.0221,
	71.6606 25.9224,
	72.0594 25.9598,
	72.2588 25.9598,
	72.3585 25.9474,
	72.5579 25.885,
	72.6077 25.8726,
	72.7074 25.8103,
	72.7573 25.7729,
	72.7822 25.7729,
	72.8071 25.7479,
	72.832 25.7479,
	73.2309 25.4738,
	73.4303 25.3242,
	73.6297 25.1996,
	73.7294 25.1497,
	73.9288 25.1124,
	74.1282 25.1248,
	74.178 25.1497,
	74.3774 25.1622,
	74.4771 25.1747,
	74.6765 25.2494,
	74.7264 25.2744,
	74.8261 25.3616,
	74.9632 25.561,
	75.0255 25.6607,
	75.1376 26.0595,
	75.2124 26.8571,
	75.2747 27.2559,
	75.2374 28.0535,
	75.1501 28.4524,
	75.013 28.8512,
	74.9258 29.0506,
	74.8759 29.1503,
	74.8759 29.1752,
	74.8385 29.225,
	74.8261 29.2749,
	74.7887 29.3247,
	74.7762 29.3746,
	74.7139 29.4743,
	74.689 29.4992,
	74.689 29.5241,
	74.5519 29.7236,
	74.3899 29.923,
	74.3151 30.0227,
	73.9288 30.409,
	73.7294 30.571,
	73.3555 30.8452,
	73.1561 31.0197,
	73.0564 31.1194,
	73.0065 31.1692,
	72.9816 31.1692,
	72.7822 31.3686,
	72.0967 32.1289,
	71.7104 32.4903,
	71.511 32.6648,
	71.4113 32.752,
	71.3116 32.8143,
	71.2617 32.8392,
	71.2119 32.8891,
	71.0125 33.0137,
	70.9128 33.076,
	70.8879 33.1009,
	70.8629 33.1009,
	70.6635 33.2256,
	70.6386 33.2505,
	70.6137 33.2505,
	70.5638 33.2879,
	70.3644 33.3627,
	70.2647 33.4125,
	69.8659 33.5247,
	69.6665 33.5496,
	69.2677 33.5122,
	69.2428 33.5247,
	69.0434 33.4998,
	68.9935 33.4998,
	68.8938 33.4624,
	68.7069 33.3502,
	68.5698 33.1508,
	68.495 32.9514,
	68.3579 32.1538,
	68.3205 31.9544,
	68.3081 31.755,
	68.3081 31.6553,
	68.3081 31.6179,
	"/>
</Transform>

<Transform dim="0"
 xcoef=" 0 1 0 0 0 0"
 ycoef=" 0 0 1 0 0 0">
<Contour name="TB2 Nucleus_57_cw" hidden="false" closed="true" simplified="true" border="1 0 0" fill="1 0 0" mode="15"
 points="74.8006 32.6402,
	74.8343 32.4604,
	74.9579 32.1007,
	75.0141 32.0108,
	75.0478 31.9209,
	75.0478 31.7411,
	75.0254 31.5612,
	75.0591 31.3814,
	75.2052 31.224,
	75.2277 31.1791,
	75.2277 30.9992,
	75.2839 30.8194,
	75.4749 30.4597,
	75.5199 30.3698,
	75.5424 30.3249,
	75.5649 30.3024,
	75.5649 30.2799,
	75.666 30.1001,
	75.6997 30.0663,
	75.6997 30.0439,
	75.9021 29.6842,
	76.0145 29.5044,
	76.1493 29.3245,
	76.2955 29.1672,
	76.3854 29.0885,
	76.4753 29.0435,
	76.4978 29.021,
	76.5202 29.021,
	76.7001 28.9086,
	76.79 28.8524,
	76.9586 28.6951,
	77.0485 28.6277,
	77.1384 28.5827,
	77.2284 28.5153,
	77.4082 28.4366,
	77.4981 28.3804,
	77.5431 28.3579,
	77.633 28.2792,
	77.8128 28.1781,
	77.9027 28.1331,
	78.2624 28.0657,
	78.3523 28.0544,
	78.5322 27.9982,
	78.8918 27.9308,
	79.0717 27.8858,
	79.1616 27.8634,
	79.5213 27.8746,
	79.7011 27.9083,
	80.0608 28.0544,
	80.2406 28.1106,
	80.2856 28.1331,
	80.4654 28.1668,
	80.5104 28.1781,
	80.6902 28.2905,
	80.87 28.4253,
	81.0499 28.6052,
	81.0723 28.6389,
	81.151 28.7176,
	81.196 28.7625,
	81.2522 28.8412,
	81.2859 28.8637,
	81.3533 28.9536,
	81.4095 29.021,
	81.4545 29.066,
	81.5444 29.0997,
	81.6343 29.1896,
	81.8928 29.5493,
	82.0052 29.7291,
	82.1401 29.8753,
	82.2975 30.0101,
	82.6234 30.3361,
	82.7471 30.5159,
	82.8145 30.6059,
	83.1405 31.3252,
	83.2866 31.4938,
	83.3653 31.5612,
	83.4215 31.6511,
	83.5001 31.7186,
	83.6238 31.8984,
	83.7249 32.0783,
	83.7924 32.2581,
	83.8148 32.348,
	83.8373 32.393,
	83.8823 32.7526,
	83.8823 32.7976,
	84.0059 33.1573,
	84.152 33.5169,
	84.2082 33.6968,
	84.2307 33.7867,
	84.2195 34.1464,
	84.1633 34.506,
	84.1408 34.6859,
	84.1408 34.8657,
	84.0958 35.2254,
	84.0734 35.4052,
	83.9385 35.7649,
	83.9048 35.8548,
	83.9048 35.8773,
	83.8823 35.8998,
	83.8036 36.0796,
	83.7024 36.2594,
	83.6687 36.3494,
	83.635 36.3943,
	83.6238 36.4393,
	83.5001 36.6191,
	83.3428 36.799,
	83.2978 36.8439,
	83.2641 36.8664,
	82.9381 37.2148,
	82.5897 37.4509,
	82.5448 37.4846,
	82.4998 37.4958,
	82.4099 37.552,
	82.3649 37.5633,
	82.3424 37.5857,
	82.2525 37.6082,
	82.2076 37.6307,
	82.1851 37.6307,
	82.1626 37.6532,
	82.0727 37.6644,
	81.8928 37.7206,
	81.713 37.7319,
	81.6231 37.7206,
	81.4433 37.7319,
	81.2634 37.7094,
	81.2185 37.7094,
	81.1285 37.6757,
	81.0386 37.6757,
	80.9937 37.6757,
	80.634 37.7881,
	80.4542 37.7993,
	80.2743 37.7656,
	79.9147 37.5295,
	79.8247 37.4733,
	79.7573 37.3947,
	79.7123 37.3497,
	79.5887 36.99,
	79.5887 36.9676,
	79.5213 36.8776,
	79.4313 36.799,
	79.2515 36.7203,
	78.9031 36.518,
	78.8132 36.4505,
	78.7907 36.4056,
	78.7682 36.3831,
	78.7345 36.2932,
	78.712 36.2482,
	78.712 36.2257,
	78.5884 36.0459,
	78.5434 35.956,
	78.5322 35.7761,
	78.5209 35.6862,
	78.431 35.5064,
	78.4085 35.4165,
	78.4198 35.3265,
	78.4085 35.2366,
	78.3186 35.1804,
	78.2287 35.1467,
	78.0489 35.1355,
	78.0039 35.1355,
	77.914 35.0905,
	77.8353 35.0118,
	77.8128 34.9894,
	77.8128 34.9669,
	77.7454 34.877,
	77.7004 34.8432,
	77.6555 34.832,
	77.4756 34.8657,
	77.2958 34.9444,
	77.116 35.0006,
	77.026 35.0118,
	76.8462 34.9781,
	76.7563 34.9332,
	76.6664 34.8545,
	76.4978 34.7308,
	76.4078 34.6746,
	76.3404 34.596,
	76.2955 34.551,
	76.1156 34.4948,
	76.0257 34.4498,
	75.8459 34.2925,
	75.7672 34.2026,
	75.6885 34.0227,
	75.6548 33.9778,
	75.6211 33.8879,
	75.6098 33.708,
	75.6211 33.5282,
	75.6211 33.4832,
	75.5649 33.4045,
	75.4749 33.3146,
	75.3738 33.1348,
	75.3288 33.0898,
	75.149 33.0336,
	75.104 33.0224,
	74.9354 32.8988,
	74.8568 32.8201,
	74.8006 32.6515,
	"/>
</Transform>

<Transform dim="0"
 xcoef=" 0 1 0 0 0 0"
 ycoef=" 0 0 1 0 0 0">
<Contour name="TB2 Nucleus_53" hidden="false" closed="true" simplified="true" border="1 0 0" fill="1 0 0" mode="9"
 points="65.6442 49.92,
	65.7249 49.4035,
	65.8056 49.1453,
	65.8701 48.6289,
	66.0154 48.1124,
	66.1284 47.5959,
	66.1445 47.4668,
	66.2252 47.2086,
	66.2575 47.1763,
	66.2575 47.144,
	66.3866 47.0472,
	66.8224 46.5307,
	66.9515 46.4178,
	67.016 46.3693,
	67.1451 46.3209,
	67.4034 46.1434,
	67.9198 45.6431,
	68.1781 45.4817,
	68.6945 45.2234,
	68.9528 45.1266,
	69.211 44.9168,
	69.4692 44.7715,
	69.5983 44.7231,
	69.8566 44.707,
	69.9857 44.7393,
	70.0502 44.7554,
	70.1793 44.707,
	70.4376 44.5617,
	70.5021 44.5456,
	70.599 44.6263,
	70.6474 44.594,
	70.6474 44.5779,
	70.9056 44.7393,
	71.0347 44.8038,
	71.1638 44.9329,
	71.1961 45.1912,
	71.18 45.3203,
	71.1638 45.3526,
	71.2123 45.4817,
	71.4221 45.7399,
	71.5512 45.8367,
	71.8094 45.9659,
	72.3259 46.2725,
	72.5841 46.3693,
	72.7132 46.45,
	72.7616 46.4985,
	72.7132 46.6276,
	72.6487 46.6437,
	72.5841 46.6921,
	72.3259 46.7567,
	72.1968 46.8051,
	72.1322 46.8212,
	72.0677 46.8697,
	72.0838 46.9342,
	72.2129 47.0472,
	72.4711 47.2086,
	72.5357 47.257,
	72.6003 47.2731,
	72.6648 47.3216,
	72.6971 47.3216,
	72.9553 47.5798,
	73.0683 47.7089,
	73.1006 47.838,
	73.0522 48.0963,
	73.0199 48.1608,
	73.0199 48.2254,
	72.9876 48.2899,
	73.0199 48.3545,
	73.149 48.4836,
	73.2297 48.6127,
	73.262 48.8709,
	73.2458 49.0001,
	73.036 49.2583,
	73.0037 49.3067,
	73.0522 49.3713,
	73.1813 49.4197,
	73.4395 49.4197,
	73.5686 49.4197,
	73.6332 49.4197,
	73.6654 49.4197,
	73.73 49.4842,
	73.7623 49.5488,
	73.7623 49.6779,
	73.73 49.807,
	73.5525 50.0653,
	73.4234 50.1137,
	73.3588 50.146,
	73.2297 50.2589,
	73.1006 50.3396,
	72.9715 50.3558,
	72.8423 50.3396,
	72.5841 50.3719,
	72.5196 50.3719,
	72.2613 50.4849,
	72.0515 50.7431,
	72.0354 50.8077,
	72.0838 50.9368,
	72.2452 51.195,
	72.2613 51.2596,
	72.0031 51.4532,
	71.874 51.5662,
	71.6158 51.6953,
	71.4866 51.7599,
	71.2284 51.9536,
	71.0993 52.0181,
	70.8411 52.2118,
	70.5828 52.357,
	70.0664 52.5669,
	69.9373 52.6314,
	69.679 52.7121,
	69.4208 52.7444,
	69.1626 52.696,
	69.0657 52.5669,
	68.9205 52.3086,
	68.7914 52.1795,
	68.5331 52.0665,
	68.2749 52.002,
	68.1458 51.9858,
	68.0812 51.9858,
	67.823 52.0665,
	67.6939 52.0665,
	67.5648 52.002,
	67.3065 51.9858,
	67.0483 51.9051,
	66.5319 51.6953,
	66.2736 51.6308,
	66.1445 51.5985,
	66.0154 51.5178,
	65.9024 51.3887,
	65.7894 51.1305,
	65.7087 50.8722,
	65.6603 50.614,
	65.6442 50.0975,
	65.6442 49.9684,
	65.6442 49.9361,
	"/>
</Transform>

<Transform dim="0"
 xcoef=" 0 1 0 0 0 0"
 ycoef=" 0 0 1 0 0 0">
<Contour name="TB2_tastebud_outline_cw" hidden="false" closed="true" simplified="true" border="0.82 0.82 0.82" fill="0.753 0.753 0.753" mode="13"
 points="69.8206 36.815,
	70.1818 36.4538,
	71.0396 35.0091,
	71.6717 34.2867,
	72.394 33.8352,
	73.1164 33.2935,
	73.297 33.1129,
	73.3421 33.0677,
	73.7033 33.2935,
	74.4257 34.0158,
	75.4189 35.4605,
	75.6898 35.8217,
	77.0894 37.0407,
	77.8118 37.4922,
	78.5341 38.0791,
	78.8953 38.2597,
	79.0759 38.3951,
	79.1662 38.5306,
	78.8502 39.253,
	78.6244 39.9753,
	78.489 40.6977,
	78.6696 42.1424,
	78.7147 42.8648,
	78.3084 44.3095,
	77.9924 45.0319,
	77.586 45.7542,
	77.2248 46.0703,
	76.8637 46.1606,
	76.1413 46.0251,
	75.4189 45.7542,
	74.6966 45.393,
	73.9742 45.1222,
	73.2518 44.7158,
	72.8907 44.4901,
	72.7101 44.4449,
	71.9877 43.9483,
	71.6265 43.7677,
	71.4459 43.7677,
	71.2653 43.6774,
	70.543 43.6323,
	70.1818 43.6323,
	69.8206 43.7226,
	69.64 43.7677,
	69.2788 43.9935,
	69.0983 44.0838,
	69.008 44.1289,
	68.8725 44.0386,
	68.6016 42.5939,
	68.421 41.8715,
	68.4662 41.1492,
	68.7371 39.7044,
	68.9628 38.9821,
	69.0983 38.6209,
	69.1885 38.4403,
	69.1885 38.35,
	69.2788 38.2597,
	69.5046 37.5373,
	69.64 37.1762,
	69.6852 37.0407,
	"/>
</Transform>

</Section>