<?xml version="1.0"?>
<!DOCTYPE Section SYSTEM "section.dtd">

<Section index="14" thickness="0.085" alignLocked="true">
<Transform dim="0"
 xcoef=" 0 1 0 0 0 0"
 ycoef=" 0 0 1 0 0 0">
<Image mag="0.00855" contrast="1" brightness="0" red="true" green="true" blue="true"
 src="Aligned 633014.tif" />
<Contour name="domain1" hidden="false" closed="true" simplified="false" border="1 0 1" fill="1 0 1" mode="11"
 points="0 0,
	15991 0,
	15991 12171,
	0 12171,
	"/>
</Transform>

<Transform dim="0"
 xcoef=" 0 1 0 0 0 0"
 ycoef=" 0 0 1 0 0 0">
<Contour name="TB2 NF_15" hidden="true" closed="true" simplified="false" border="1 1 0" fill="1 1 0" mode="-9"
 points="79.3162 1.80552,
	79.5696 1.58379,
	79.6963 1.55211,
	79.823 1.64714,
	79.8547 1.90055,
	79.823 2.02725,
	79.728 2.15395,
	79.6013 2.21731,
	79.4746 2.18563,
	79.3479 2.0906,
	79.3162 1.8372,
	"/>
</Transform>

<Transform dim="0"
 xcoef=" 0 1 0 0 0 0"
 ycoef=" 0 0 1 0 0 0">
<Contour name="TB2 NF_17" hidden="true" closed="true" simplified="true" border="1 0.501961 0.501961" fill="1 0.501961 0.501961" mode="-9"
 points="81.6841 0.729072,
	81.7682 0.504742,
	81.8804 0.420618,
	82.1047 0.392577,
	82.329 0.44866,
	82.5534 0.560824,
	82.7777 0.785154,
	82.8618 0.897319,
	82.8898 1.00948,
	82.8057 1.23381,
	82.6094 1.4301,
	82.4973 1.48618,
	82.2729 1.48618,
	82.1608 1.48618,
	82.0486 1.4301,
	81.9925 1.4301,
	81.7962 1.23381,
	81.7121 1.12165,
	81.6841 0.897319,
	81.6841 0.785154,
	81.6841 0.757113,
	"/>
</Transform>

<Transform dim="0"
 xcoef=" 0 1 0 0 0 0"
 ycoef=" 0 0 1 0 0 0">
<Contour name="TB2 NF_19_cw" hidden="false" closed="true" simplified="true" border="1 1 0" fill="1 0.502 0" mode="15"
 points="89.6363 0.792926,
	89.6435 0.785782,
	89.6506 0.792926,
	89.6506 0.764352,
	89.872 0.614339,
	89.9292 0.585765,
	89.9863 0.592908,
	90.0006 0.592908,
	90.0506 0.650056,
	90.0721 0.707204,
	90.0578 0.764352,
	90.0506 0.792926,
	90.0006 0.850073,
	89.9721 0.878647,
	89.8578 0.921508,
	89.8006 0.928652,
	89.7435 0.907221,
	89.6935 0.86436,
	89.6863 0.871504,
	89.6435 0.814356,
	89.6363 0.800069,
	"/>
</Transform>

<Transform dim="0"
 xcoef=" 0 1 0 0 0 0"
 ycoef=" 0 0 1 0 0 0">
<Contour name="TB2 NF_23_cw" hidden="false" closed="true" simplified="true" border="0.973 0.757 0.016" fill="0.902 0.8 0.102" mode="15"
 points="81.6855 0.813647,
	81.7134 0.781101,
	81.7274 0.767153,
	81.8018 0.743906,
	81.8111 0.743906,
	81.8436 0.706711,
	81.8808 0.63232,
	81.904 0.557929,
	81.904 0.548631,
	81.9366 0.516085,
	82.0854 0.47424,
	82.104 0.478889,
	82.1412 0.469591,
	82.1784 0.446344,
	82.197 0.427746,
	82.2713 0.404499,
	82.3457 0.390551,
	82.4201 0.409148,
	82.4573 0.427746,
	82.5271 0.478889,
	82.5643 0.502137,
	82.5922 0.530033,
	82.6572 0.604424,
	82.6851 0.641619,
	82.7502 0.7904,
	82.7642 0.827595,
	82.7688 0.901986,
	82.7363 0.934532,
	82.7177 0.939181,
	82.7037 0.953129,
	82.6991 0.971727,
	82.7037 1.00892,
	82.7037 1.01822,
	82.7409 1.05077,
	82.7781 1.06472,
	82.7967 1.07866,
	82.8339 1.15305,
	82.8386 1.19025,
	82.8339 1.22744,
	82.8246 1.23674,
	82.8246 1.24604,
	82.7642 1.32043,
	82.7316 1.35298,
	82.713 1.37158,
	82.6758 1.39017,
	82.6387 1.39017,
	82.6247 1.38552,
	82.5875 1.40412,
	82.555 1.43202,
	82.5364 1.44132,
	82.5178 1.45992,
	82.4806 1.46456,
	82.462 1.46921,
	82.4248 1.45527,
	82.3876 1.43202,
	82.3132 1.40877,
	82.276 1.38552,
	82.2574 1.37158,
	82.2388 1.38552,
	82.2016 1.39017,
	82.183 1.39482,
	82.1458 1.38088,
	82.1086 1.35763,
	82.0482 1.28789,
	81.9784 1.22744,
	81.9505 1.2042,
	81.9319 1.19025,
	81.8947 1.18095,
	81.8576 1.16235,
	81.839 1.14376,
	81.8157 1.10656,
	81.8157 1.09726,
	81.7692 1.02287,
	81.7367 0.985675,
	81.6948 0.911285,
	81.6855 0.874089,
	81.6855 0.836894,
	81.6855 0.818297,
	"/>
</Transform>

<Transform dim="0"
 xcoef=" 0 1 0 0 0 0"
 ycoef=" 0 0 1 0 0 0">
<Image mag="0.00855" contrast="1" brightness="0" red="true" green="true" blue="true"
 src="..\TF21_robdata\Rob's_latest_seg_files_TF21_TB2\Aligned 633014.tif" />
<Contour name="domain1" hidden="false" closed="true" simplified="false" border="1 0 1" fill="1 0 1" mode="11"
 points="0 0,
	15991 0,
	15991 12171,
	0 12171,
	"/>
</Transform>

<Transform dim="0"
 xcoef=" 0 1 0 0 0 0"
 ycoef=" 0 0 1 0 0 0">
<Contour name="TB2 NF_15" hidden="true" closed="true" simplified="false" border="1 1 0" fill="1 1 0" mode="-9"
 points="79.3162 1.80552,
	79.5696 1.58379,
	79.6963 1.55211,
	79.823 1.64714,
	79.8547 1.90055,
	79.823 2.02725,
	79.728 2.15395,
	79.6013 2.21731,
	79.4746 2.18563,
	79.3479 2.0906,
	79.3162 1.8372,
	"/>
</Transform>

<Transform dim="0"
 xcoef=" 0 1 0 0 0 0"
 ycoef=" 0 0 1 0 0 0">
<Contour name="TB2 NF_17" hidden="true" closed="true" simplified="true" border="1 0.501961 0.501961" fill="1 0.501961 0.501961" mode="-9"
 points="81.6841 0.729072,
	81.7682 0.504742,
	81.8804 0.420618,
	82.1047 0.392577,
	82.329 0.44866,
	82.5534 0.560824,
	82.7777 0.785154,
	82.8618 0.897319,
	82.8898 1.00948,
	82.8057 1.23381,
	82.6094 1.4301,
	82.4973 1.48618,
	82.2729 1.48618,
	82.1608 1.48618,
	82.0486 1.4301,
	81.9925 1.4301,
	81.7962 1.23381,
	81.7121 1.12165,
	81.6841 0.897319,
	81.6841 0.785154,
	81.6841 0.757113,
	"/>
</Transform>

<Transform dim="0"
 xcoef=" 0 1 0 0 0 0"
 ycoef=" 0 0 1 0 0 0">
<Contour name="TB2 NF_10_rsl" hidden="false" closed="true" simplified="true" border="0.502 0.502 0.753" fill="0.502 0.502 0.753" mode="-9"
 points="78.4772 1.02817,
	78.5173 0.964036,
	78.5374 0.931969,
	78.5895 0.867836,
	78.6215 0.835769,
	78.6857 0.787668,
	78.7177 0.763618,
	78.846 0.723535,
	78.9743 0.675434,
	79.0063 0.659401,
	79.0224 0.655393,
	79.0544 0.635351,
	79.0865 0.627334,
	79.1025 0.623326,
	79.1106 0.619317,
	79.2388 0.651384,
	79.2709 0.659401,
	79.3992 0.779652,
	79.4312 0.811719,
	79.4312 0.819735,
	79.4513 0.851802,
	79.4513 0.859819,
	79.4713 0.891886,
	79.4753 0.907919,
	79.4793 0.915936,
	79.4954 0.907919,
	79.5034 0.903911,
	79.5154 0.907919,
	79.5154 0.915936,
	79.5234 0.923953,
	79.5354 0.95602,
	79.5395 0.972053,
	79.5475 0.98007,
	79.5515 0.996103,
	79.5916 1.06024,
	79.6156 1.0923,
	79.6276 1.10834,
	79.6597 1.12437,
	79.6757 1.13239,
	79.7078 1.13239,
	79.7238 1.13239,
	79.788 1.11235,
	79.8521 1.10433,
	79.8842 1.10032,
	79.9002 1.10032,
	79.9283 1.12437,
	79.9563 1.15644,
	79.9964 1.22057,
	80.0245 1.28471,
	80.0445 1.41297,
	80.0485 1.47711,
	80.0846 1.73364,
	80.0846 1.79778,
	80.0645 1.92604,
	80.0365 1.99018,
	80.0164 2.02224,
	79.9563 2.07435,
	79.9283 2.09439,
	79.9243 2.0984,
	79.9202 2.09439,
	79.9804 2.03427,
	80.0124 2.00621,
	80.0164 1.99819,
	80.0084 1.99418,
	79.8802 2.05431,
	79.8481 2.07836,
	79.784 2.10642,
	79.5274 2.13047,
	79.4633 2.13849,
	79.3992 2.13448,
	79.3671 2.13047,
	79.335 2.11444,
	79.2709 2.06634,
	79.2589 2.05832,
	79.2268 2.08638,
	79.2188 2.09439,
	79.1546 2.0984,
	79.0905 2.09039,
	79.0584 2.08237,
	78.9983 2.03828,
	78.9863 2.00621,
	78.9743 1.87794,
	78.9703 1.84588,
	78.9663 1.82984,
	78.9663 1.82183,
	78.9422 1.78976,
	78.9342 1.78174,
	78.8701 1.77373,
	78.838 1.76972,
	78.7739 1.78174,
	78.7418 1.78174,
	78.7097 1.76972,
	78.6937 1.7617,
	78.6296 1.69757,
	78.6015 1.6655,
	78.5574 1.60137,
	78.5334 1.53723,
	78.5213 1.50516,
	78.5093 1.44103,
	78.5133 1.3769,
	78.5053 1.24863,
	78.4853 1.12036,
	78.4772 1.05623,
	78.4772 1.0402,
	78.4772 1.03218,
	"/>
</Transform>

<Transform dim="0"
 xcoef=" 0 1 0 0 0 0"
 ycoef=" 0 0 1 0 0 0">
<Image mag="0.00855" contrast="1" brightness="0" red="true" green="true" blue="true"
 src="..\TF21_robdata\Rob's_latest_seg_files_TF21_TB2\Aligned 633014.tif" />
<Contour name="domain1" hidden="false" closed="true" simplified="false" border="1 0 1" fill="1 0 1" mode="11"
 points="0 0,
	15991 0,
	15991 12171,
	0 12171,
	"/>
</Transform>

<Transform dim="0"
 xcoef=" 0 1 0 0 0 0"
 ycoef=" 0 0 1 0 0 0">
<Contour name="TB2 NF_15" hidden="true" closed="true" simplified="false" border="1 1 0" fill="1 1 0" mode="-9"
 points="79.3162 1.80552,
	79.5696 1.58379,
	79.6963 1.55211,
	79.823 1.64714,
	79.8547 1.90055,
	79.823 2.02725,
	79.728 2.15395,
	79.6013 2.21731,
	79.4746 2.18563,
	79.3479 2.0906,
	79.3162 1.8372,
	"/>
</Transform>

<Transform dim="0"
 xcoef=" 0 1 0 0 0 0"
 ycoef=" 0 0 1 0 0 0">
<Contour name="TB2 NF_17" hidden="true" closed="true" simplified="true" border="1 0.501961 0.501961" fill="1 0.501961 0.501961" mode="-9"
 points="81.6841 0.729072,
	81.7682 0.504742,
	81.8804 0.420618,
	82.1047 0.392577,
	82.329 0.44866,
	82.5534 0.560824,
	82.7777 0.785154,
	82.8618 0.897319,
	82.8898 1.00948,
	82.8057 1.23381,
	82.6094 1.4301,
	82.4973 1.48618,
	82.2729 1.48618,
	82.1608 1.48618,
	82.0486 1.4301,
	81.9925 1.4301,
	81.7962 1.23381,
	81.7121 1.12165,
	81.6841 0.897319,
	81.6841 0.785154,
	81.6841 0.757113,
	"/>
</Transform>

<Transform dim="0"
 xcoef=" 0 1 0 0 0 0"
 ycoef=" 0 0 1 0 0 0">
<Contour name="TB2 NF_10_rsl" hidden="false" closed="true" simplified="true" border="0.502 0.502 0.753" fill="0.502 0.502 0.753" mode="-9"
 points="78.4772 1.02817,
	78.5173 0.964036,
	78.5374 0.931969,
	78.5895 0.867836,
	78.6215 0.835769,
	78.6857 0.787668,
	78.7177 0.763618,
	78.846 0.723535,
	78.9743 0.675434,
	79.0063 0.659401,
	79.0224 0.655393,
	79.0544 0.635351,
	79.0865 0.627334,
	79.1025 0.623326,
	79.1106 0.619317,
	79.2388 0.651384,
	79.2709 0.659401,
	79.3992 0.779652,
	79.4312 0.811719,
	79.4312 0.819735,
	79.4513 0.851802,
	79.4513 0.859819,
	79.4713 0.891886,
	79.4753 0.907919,
	79.4793 0.915936,
	79.4954 0.907919,
	79.5034 0.903911,
	79.5154 0.907919,
	79.5154 0.915936,
	79.5234 0.923953,
	79.5354 0.95602,
	79.5395 0.972053,
	79.5475 0.98007,
	79.5515 0.996103,
	79.5916 1.06024,
	79.6156 1.0923,
	79.6276 1.10834,
	79.6597 1.12437,
	79.6757 1.13239,
	79.7078 1.13239,
	79.7238 1.13239,
	79.788 1.11235,
	79.8521 1.10433,
	79.8842 1.10032,
	79.9002 1.10032,
	79.9283 1.12437,
	79.9563 1.15644,
	79.9964 1.22057,
	80.0245 1.28471,
	80.0445 1.41297,
	80.0485 1.47711,
	80.0846 1.73364,
	80.0846 1.79778,
	80.0645 1.92604,
	80.0365 1.99018,
	80.0164 2.02224,
	79.9563 2.07435,
	79.9283 2.09439,
	79.9243 2.0984,
	79.9202 2.09439,
	79.9804 2.03427,
	80.0124 2.00621,
	80.0164 1.99819,
	80.0084 1.99418,
	79.8802 2.05431,
	79.8481 2.07836,
	79.784 2.10642,
	79.5274 2.13047,
	79.4633 2.13849,
	79.3992 2.13448,
	79.3671 2.13047,
	79.335 2.11444,
	79.2709 2.06634,
	79.2589 2.05832,
	79.2268 2.08638,
	79.2188 2.09439,
	79.1546 2.0984,
	79.0905 2.09039,
	79.0584 2.08237,
	78.9983 2.03828,
	78.9863 2.00621,
	78.9743 1.87794,
	78.9703 1.84588,
	78.9663 1.82984,
	78.9663 1.82183,
	78.9422 1.78976,
	78.9342 1.78174,
	78.8701 1.77373,
	78.838 1.76972,
	78.7739 1.78174,
	78.7418 1.78174,
	78.7097 1.76972,
	78.6937 1.7617,
	78.6296 1.69757,
	78.6015 1.6655,
	78.5574 1.60137,
	78.5334 1.53723,
	78.5213 1.50516,
	78.5093 1.44103,
	78.5133 1.3769,
	78.5053 1.24863,
	78.4853 1.12036,
	78.4772 1.05623,
	78.4772 1.0402,
	78.4772 1.03218,
	"/>
</Transform>

<Transform dim="0"
 xcoef=" 0 1 0 0 0 0"
 ycoef=" 0 0 1 0 0 0">
<Image mag="0.00855" contrast="1" brightness="0" red="true" green="true" blue="true"
 src="Aligned 633014.tif" />
<Contour name="a1" hidden="false" closed="true" simplified="false" border="1 0.5 0" fill="1 0.5 0" mode="11"
 points="0 0,
	15991 0,
	15991 12171,
	0 12171,
	"/>
</Transform>

<Transform dim="0"
 xcoef=" 0 1 0 0 0 0"
 ycoef=" 0 0 1 0 0 0">
<Contour name="EP_NF01_cw" hidden="false" closed="true" simplified="true" border="0.972549 0.756863 0.0156863" fill="0.972549 0.623529 0.262745" mode="15"
 points="127.8 73.4338,
	127.863 73.3077,
	127.879 73.2447,
	127.91 73.1817,
	127.934 73.1502,
	127.997 73.1186,
	128.06 73.0635,
	128.186 73.0083,
	128.249 72.9847,
	128.265 72.9689,
	128.391 72.9453,
	128.517 72.9453,
	128.58 72.9453,
	128.706 72.9768,
	128.738 72.9611,
	128.864 72.9532,
	128.927 72.9611,
	128.958 72.9689,
	128.99 72.9611,
	129.053 72.9768,
	129.084 72.9926,
	129.21 73.0162,
	129.273 73.032,
	129.336 73.032,
	129.399 73.0556,
	129.415 73.0556,
	129.478 73.095,
	129.541 73.1029,
	129.793 73.1895,
	129.825 73.1974,
	129.841 73.2132,
	129.967 73.2447,
	130.03 73.2526,
	130.093 73.2447,
	130.109 73.2368,
	130.235 73.292,
	130.25 73.292,
	130.313 73.3314,
	130.44 73.4417,
	130.503 73.4811,
	130.558 73.5362,
	130.581 73.5677,
	130.605 73.6938,
	130.613 73.7253,
	130.613 73.7411,
	130.629 73.7568,
	130.637 73.7884,
	130.692 73.8435,
	130.739 73.7962,
	130.77 73.7805,
	130.834 73.8041,
	130.865 73.8356,
	130.873 73.9617,
	130.857 74.0878,
	130.818 74.1508,
	130.786 74.1744,
	130.77 74.1902,
	130.518 74.2375,
	130.266 74.3241,
	130.203 74.332,
	130.077 74.3872,
	129.825 74.4345,
	129.573 74.5054,
	129.321 74.5448,
	129.195 74.5132,
	128.943 74.4266,
	128.879 74.4108,
	128.753 74.3557,
	128.69 74.3478,
	128.564 74.2611,
	128.501 74.2454,
	128.47 74.2375,
	128.218 74.2454,
	128.155 74.2296,
	128.029 74.1666,
	127.965 74.1035,
	127.918 74.0405,
	127.902 74.009,
	127.847 73.9538,
	127.871 73.8908,
	127.879 73.8278,
	127.832 73.7017,
	127.808 73.5756,
	127.8 73.4496,
	127.8 73.4417,
	"/>
</Transform>

</Section>