<?xml version="1.0"?>
<!DOCTYPE Section SYSTEM "section.dtd">

<Section index="584" thickness="0.085" alignLocked="true">
<Transform dim="0"
 xcoef=" 0 1 0 0 0 0"
 ycoef=" 0 0 1 0 0 0">
<Image mag="0.00855" contrast="1" brightness="0" red="true" green="true" blue="true"
 src="Aligned 633584.tif" />
<Contour name="domain1" hidden="false" closed="true" simplified="false" border="1 0 1" fill="1 0 1" mode="11"
 points="0 0,
	15991 0,
	15991 12171,
	0 12171,
	"/>
</Transform>

<Transform dim="0"
 xcoef=" 0 1 0 0 0 0"
 ycoef=" 0 0 1 0 0 0">
<Contour name="TB2 Nucleus_75" hidden="false" closed="true" simplified="true" border="1 0 0" fill="1 0 0" mode="9"
 points="71.0802 59.8799,
	71.0957 59.7558,
	71.0957 59.6937,
	71.2043 59.5696,
	71.4525 59.4766,
	71.5146 59.461,
	71.5611 59.399,
	71.5766 59.2749,
	71.5301 59.0267,
	71.5301 58.9646,
	71.4991 58.9026,
	71.4991 58.8405,
	71.4525 58.7164,
	71.437 58.5923,
	71.3439 58.3441,
	71.2819 58.0959,
	71.2509 57.8477,
	71.2354 57.3513,
	71.2664 56.8549,
	71.2664 56.3585,
	71.2819 56.1103,
	71.2974 55.9861,
	71.3439 55.862,
	71.375 55.831,
	71.4215 55.7069,
	71.7783 55.226,
	72.011 55.0088,
	72.1972 54.7761,
	72.4299 54.5434,
	72.4919 54.5124,
	72.5384 54.4504,
	72.6005 54.4349,
	72.8487 54.2487,
	72.9728 54.1556,
	73.0038 54.1246,
	73.0349 54.1246,
	73.0969 54.0625,
	73.159 54.0315,
	73.19 54.016,
	73.4227 54.1866,
	73.6709 54.3263,
	73.7795 54.4193,
	73.8415 54.4349,
	73.9346 54.3418,
	74.0122 54.2177,
	74.0587 54.0936,
	74.0742 54.0315,
	74.2293 53.7833,
	74.2293 53.7523,
	74.2604 53.7213,
	74.2604 53.6902,
	74.3535 53.5661,
	74.4776 53.4886,
	74.7258 53.442,
	75.2222 53.2559,
	75.4704 53.0852,
	75.7186 53.1628,
	75.8427 53.2869,
	75.9203 53.411,
	76.1685 53.5816,
	76.2926 53.6127,
	76.3546 53.6282,
	76.3856 53.6282,
	76.4942 53.7368,
	76.6494 53.985,
	76.8355 54.2332,
	76.8665 54.2952,
	76.8665 54.3263,
	76.9286 54.3728,
	76.9751 54.4969,
	77.0527 54.621,
	77.0837 54.7451,
	77.0992 54.9933,
	77.1613 55.2415,
	77.2078 55.7379,
	77.2854 56.2344,
	77.2854 56.3585,
	77.3474 56.6067,
	77.394 56.6687,
	77.4716 56.9169,
	77.4871 57.4133,
	77.5491 57.9098,
	77.6112 58.158,
	77.6267 58.2821,
	77.5491 58.4062,
	77.5026 58.4682,
	77.5026 58.4992,
	77.4716 58.5303,
	77.4716 58.5613,
	77.425 58.6233,
	77.4095 58.7474,
	77.4095 58.8095,
	77.3474 58.9336,
	77.3319 58.9957,
	77.2544 59.1198,
	77.0527 59.368,
	76.9441 59.6162,
	76.82 60.1126,
	76.7735 60.2367,
	76.7735 60.2987,
	76.5873 60.7952,
	76.4787 61.0434,
	76.4477 61.1675,
	76.215 61.6639,
	75.9203 62.1448,
	75.7031 62.2999,
	75.61 62.4085,
	75.5945 62.6567,
	75.5169 62.9049,
	75.1601 63.4013,
	74.974 63.603,
	74.9119 63.665,
	74.4155 63.9753,
	74.2914 64.0529,
	74.2293 64.0684,
	74.1983 64.0994,
	73.9501 64.1149,
	73.826 64.0839,
	73.6088 63.8667,
	73.4847 63.8357,
	73.4227 63.8357,
	73.3917 63.8357,
	73.2675 63.7271,
	73.0349 63.5565,
	73.0038 63.5565,
	72.9728 63.5254,
	72.7246 63.4789,
	72.4764 63.4944,
	72.2282 63.4789,
	72.1041 63.4168,
	71.8714 63.2152,
	71.5146 62.7343,
	71.4215 62.6102,
	71.3905 62.5481,
	71.3284 62.4861,
	71.2198 62.2379,
	71.1423 61.9897,
	71.1578 61.7414,
	71.2043 61.4932,
	71.1888 61.245,
	71.1268 60.9968,
	71.0957 60.8727,
	71.0802 59.8954,
	"/>
</Transform>

<Transform dim="0"
 xcoef=" 0 1 0 0 0 0"
 ycoef=" 0 0 1 0 0 0">
<Contour name="TB2 Nucleus_53" hidden="false" closed="true" simplified="true" border="1 0 0" fill="1 0 0" mode="9"
 points="66.1518 48.864,
	66.2699 48.4861,
	66.3644 48.2972,
	66.5061 48.1083,
	66.6005 48.0138,
	66.695 47.8249,
	66.7895 47.447,
	66.8131 47.0691,
	66.9548 46.6912,
	67.6869 46.0536,
	67.8759 45.9119,
	67.994 45.7702,
	68.1121 45.5812,
	68.8206 44.8727,
	69.5763 44.3767,
	69.9306 44.1406,
	70.025 44.117,
	70.4029 43.8808,
	70.7808 43.7391,
	71.5365 43.5738,
	71.9144 43.5029,
	72.2923 43.3848,
	73.048 43.2431,
	73.237 43.1723,
	74.7485 42.9361,
	74.9374 42.8889,
	75.6932 42.9125,
	76.0711 42.9361,
	76.4489 43.0542,
	76.6379 43.1723,
	76.8268 43.3612,
	77.1338 43.6919,
	77.4881 44.0461,
	77.6534 44.424,
	77.7006 45.1797,
	77.677 45.5576,
	77.5353 46.3134,
	77.5117 46.4078,
	77.2991 46.7857,
	77.0157 47.14,
	76.874 47.3289,
	76.756 47.4706,
	76.5906 47.6359,
	76.4962 47.7068,
	76.4962 47.754,
	76.1419 48.1083,
	76.0947 48.1319,
	76.0474 48.1083,
	75.4098 48.864,
	75.3862 48.9585,
	75.15 49.3364,
	74.8193 49.6906,
	74.5832 50.0685,
	74.5359 50.163,
	74.347 50.3519,
	74.2053 50.5408,
	74.0164 50.6825,
	73.9219 50.7062,
	73.7566 50.8951,
	73.5676 51.0132,
	73.1898 51.1313,
	73.0008 51.2966,
	72.6229 51.5328,
	72.2451 51.6509,
	72.0561 51.6745,
	71.8672 51.7453,
	71.7255 51.8634,
	71.5365 51.9815,
	71.1587 52.0996,
	71.0642 52.1232,
	70.6863 52.0523,
	70.3085 52.076,
	69.9306 52.1468,
	69.1748 52.0996,
	68.797 52.0523,
	68.608 52.0051,
	68.2301 51.9815,
	67.8523 51.9106,
	67.6633 51.8398,
	67.5689 51.7926,
	67.5216 51.7453,
	67.4272 51.7217,
	67.3799 51.6745,
	67.3327 51.6745,
	67.1437 51.5328,
	66.9784 51.3438,
	66.6714 51.0368,
	66.4588 50.6589,
	66.4116 50.5645,
	66.3644 50.5172,
	66.2463 50.1394,
	66.1754 49.7615,
	66.1518 49.0057,
	66.1518 48.9113,
	66.1518 48.8876,
	"/>
</Transform>

<Transform dim="0"
 xcoef=" 0 1 0 0 0 0"
 ycoef=" 0 0 1 0 0 0">
<Contour name="TB2 NF_24" hidden="true" closed="true" simplified="true" border="1 0.501961 0.25098" fill="1 0.501961 0.25098" mode="-9"
 points="98.2565 13.6864,
	98.2788 13.5972,
	98.4125 13.4189,
	98.5908 13.3074,
	98.7692 13.2628,
	98.8583 13.2628,
	99.0144 13.4189,
	99.0144 13.508,
	98.8137 13.8647,
	98.6354 13.9984,
	98.5685 14.0207,
	98.5908 14.043,
	98.5463 14.0653,
	98.3679 14.043,
	98.2565 13.8647,
	98.2565 13.7087,
	"/>
</Transform>

<Transform dim="0"
 xcoef=" 0 1 0 0 0 0"
 ycoef=" 0 0 1 0 0 0">
<Contour name="TB2 NF_24_cw" hidden="false" closed="true" simplified="true" border="1 0.5 0" fill="1 0.682353 0.368627" mode="15"
 points="98.1433 13.9157,
	98.1549 13.854,
	98.1626 13.8231,
	98.1704 13.8077,
	98.1781 13.8,
	98.1781 13.7922,
	98.1858 13.7845,
	98.1858 13.7768,
	98.1935 13.7691,
	98.1935 13.7614,
	98.2321 13.6996,
	98.2823 13.6379,
	98.3247 13.5761,
	98.3749 13.5183,
	98.398 13.4874,
	98.4135 13.4758,
	98.4212 13.4681,
	98.4366 13.4642,
	98.4675 13.4411,
	98.4945 13.4102,
	98.5563 13.3639,
	98.618 13.3253,
	98.6489 13.3099,
	98.6643 13.2983,
	98.7261 13.2713,
	98.7878 13.2365,
	98.8496 13.2095,
	98.9113 13.1902,
	98.9422 13.1864,
	99.0039 13.1902,
	99.0348 13.2057,
	99.0618 13.2327,
	99.0888 13.2944,
	99.085 13.3253,
	99.0657 13.387,
	99.0734 13.5105,
	99.0734 13.5414,
	99.0618 13.5723,
	99.0386 13.6031,
	98.9267 13.7151,
	98.9113 13.7305,
	98.8997 13.7614,
	98.9113 13.8231,
	98.8843 13.9466,
	98.8688 13.9775,
	98.7878 14.101,
	98.7839 14.1048,
	98.7955 14.101,
	98.7994 14.1087,
	98.7685 14.1318,
	98.7376 14.1357,
	98.7068 14.1087,
	98.7029 14.0932,
	98.7068 14.0624,
	98.7145 14.0469,
	98.7145 14.0392,
	98.7299 14.0238,
	98.7569 13.962,
	98.7685 13.9466,
	98.7762 13.9157,
	98.7608 13.8849,
	98.7299 13.8617,
	98.7222 13.854,
	98.6913 13.8617,
	98.6643 13.881,
	98.6026 13.935,
	98.5717 13.9505,
	98.5447 13.9736,
	98.5331 14.0045,
	98.5293 14.0199,
	98.5408 14.0508,
	98.5485 14.0662,
	98.5524 14.0971,
	98.5447 14.1589,
	98.5408 14.1743,
	98.5138 14.2013,
	98.4984 14.2052,
	98.3749 14.155,
	98.3672 14.155,
	98.3363 14.128,
	98.29 14.0662,
	98.2591 14.0469,
	98.2437 14.0315,
	98.1819 13.9891,
	98.1511 13.9582,
	98.1433 13.9273,
	98.1433 13.9196,
	"/>
</Transform>

<Transform dim="0"
 xcoef=" 0 1 0 0 0 0"
 ycoef=" 0 0 1 0 0 0">
<Contour name="TB2 NF_10_cw" hidden="false" closed="true" simplified="true" border="0.808 0 0.808" fill="0.443 0 0.443" mode="15"
 points="72.741 52.9602,
	72.7973 52.7967,
	72.8177 52.7558,
	72.8279 52.674,
	72.833 52.6536,
	72.8995 52.5769,
	72.9403 52.5565,
	72.9506 52.5463,
	72.9914 52.5361,
	73.0119 52.5207,
	73.0528 52.5105,
	73.0936 52.5105,
	73.1345 52.5207,
	73.1754 52.5412,
	73.1958 52.5514,
	73.2674 52.628,
	73.298 52.6689,
	73.3236 52.7507,
	73.3185 52.7916,
	73.298 52.8324,
	73.2725 52.996,
	73.2316 53.0777,
	73.1754 53.1595,
	73.1345 53.1952,
	73.1141 53.2106,
	73.1039 53.2208,
	73.063 53.2259,
	73.0221 53.2208,
	72.9403 53.1901,
	72.8995 53.1799,
	72.879 53.1748,
	72.8381 53.1493,
	72.7717 53.0675,
	72.7513 53.0266,
	72.741 52.9857,
	72.741 52.9653,
	"/>
</Transform>

<Transform dim="0"
 xcoef=" 0 1 0 0 0 0"
 ycoef=" 0 0 1 0 0 0">
<Contour name="TB2 NF_15_cw" hidden="false" closed="true" simplified="true" border="1 0.282 0.282" fill="0.835 0 0" mode="15"
 points="66.5382 63.5546,
	66.5821 63.4669,
	66.6698 63.412,
	66.7137 63.412,
	66.7356 63.3901,
	66.7466 63.3462,
	66.8343 63.2913,
	66.9221 63.2584,
	67.0976 63.2694,
	67.1415 63.2804,
	67.1634 63.2804,
	67.1854 63.3023,
	67.2073 63.3023,
	67.3828 63.412,
	67.4706 63.4669,
	67.5583 63.4888,
	67.6022 63.4888,
	67.6899 63.5217,
	67.7338 63.5327,
	67.8216 63.5985,
	67.9532 63.774,
	67.9861 63.8179,
	68.0738 63.8508,
	68.1177 63.8508,
	68.1616 63.8179,
	68.2494 63.785,
	68.4249 63.774,
	68.6004 63.785,
	68.6881 63.785,
	68.8636 63.8617,
	69.0391 63.9056,
	69.1269 63.9385,
	69.1708 63.9385,
	69.3463 64.0372,
	69.3901 64.0482,
	69.5327 64.2018,
	69.5766 64.2895,
	69.6205 64.3334,
	69.7082 64.3773,
	69.7521 64.3883,
	69.8399 64.3663,
	69.8837 64.3444,
	69.9715 64.3334,
	70.0592 64.3553,
	70.2347 64.4541,
	70.3993 64.6076,
	70.4761 64.6954,
	70.487 64.7831,
	70.4761 64.8709,
	70.4761 64.8928,
	70.4322 64.9257,
	70.3444 64.9367,
	70.1689 64.9257,
	69.9934 64.8928,
	69.9057 64.8599,
	69.8179 64.8051,
	69.785 64.7831,
	69.6095 64.6186,
	69.5327 64.5418,
	69.3682 64.4431,
	69.0172 64.4321,
	68.9294 64.4321,
	68.8856 64.4541,
	68.7101 64.4431,
	68.6662 64.4321,
	68.5784 64.3553,
	68.4907 64.3005,
	68.4468 64.2786,
	68.0958 64.2895,
	68.008 64.3115,
	67.9203 64.3115,
	67.8764 64.3005,
	67.8325 64.2566,
	67.8216 64.2127,
	67.7448 64.1579,
	67.7009 64.1469,
	67.6131 64.1798,
	67.4376 64.1689,
	67.3499 64.114,
	67.2621 64.0811,
	67.1744 64.0701,
	67.1305 64.0592,
	67.1086 64.0592,
	67.0208 63.9824,
	66.9769 63.9605,
	66.8892 63.9824,
	66.7137 63.9714,
	66.6259 63.9166,
	66.593 63.8727,
	66.5382 63.6972,
	66.5382 63.6095,
	66.5382 63.5656,
	"/>
</Transform>

<Transform dim="0"
 xcoef=" 0 1 0 0 0 0"
 ycoef=" 0 0 1 0 0 0">
<Contour name="TB2 NF_17_cw" hidden="false" closed="true" simplified="true" border="0.682 0 0" fill="1 0 0" mode="-15"
 points="65.3048 62.8057,
	65.3334 62.5772,
	65.3548 62.5201,
	65.3548 62.5058,
	65.4476 62.3987,
	65.469 62.3702,
	65.4976 62.363,
	65.5476 62.3059,
	65.5761 62.2488,
	65.569 62.1917,
	65.519 62.0774,
	65.4833 61.9632,
	65.4619 61.8489,
	65.4619 61.7347,
	65.4405 61.6204,
	65.4405 61.5919,
	65.4548 61.5633,
	65.5119 61.5062,
	65.5547 61.4562,
	65.5761 61.3991,
	65.6261 61.3491,
	65.6832 61.3277,
	65.7118 61.3348,
	65.7689 61.3205,
	65.7975 61.3134,
	65.8261 61.292,
	65.8546 61.2848,
	65.8618 61.2777,
	65.9189 61.2991,
	65.9474 61.3562,
	65.9546 61.4134,
	65.976 61.4705,
	65.976 61.4991,
	66.0046 61.5562,
	66.0617 61.5919,
	66.0902 61.599,
	66.1045 61.6133,
	66.1188 61.6133,
	66.1474 61.6419,
	66.1902 61.7561,
	66.1973 61.8703,
	66.2188 61.9275,
	66.233 61.956,
	66.233 61.9846,
	66.2045 62.0417,
	66.1188 62.1488,
	66.0831 62.2631,
	66.0331 62.3773,
	66.1259 62.6058,
	66.1545 62.72,
	66.1688 62.7772,
	66.1688 62.8914,
	66.1616 62.9485,
	66.1117 63.0628,
	66.0902 63.1199,
	66.0474 63.1699,
	65.9903 63.2056,
	65.9617 63.2199,
	65.9546 63.2341,
	65.9903 63.2841,
	66.0046 63.3412,
	65.9974 63.3984,
	65.976 63.4555,
	65.9689 63.5126,
	65.9689 63.5412,
	65.9117 63.5769,
	65.8975 63.5769,
	65.8832 63.5554,
	65.8546 63.5483,
	65.7975 63.4983,
	65.7404 63.4769,
	65.6261 63.4912,
	65.569 63.4983,
	65.5119 63.4912,
	65.4548 63.4555,
	65.4119 63.4055,
	65.3619 63.2913,
	65.312 63.0628,
	65.3048 62.8343,
	65.3048 62.8129,
	"/>
</Transform>

<Transform dim="0"
 xcoef=" 0 1 0 0 0 0"
 ycoef=" 0 0 1 0 0 0">
<Contour name="TB2 NF_17_cw" hidden="false" closed="true" simplified="true" border="0.682 0 0" fill="1 0 0" mode="-15"
 points="72.1095 52.7237,
	72.138 52.6666,
	72.1595 52.638,
	72.2166 52.6166,
	72.2451 52.6094,
	72.338 52.4952,
	72.3951 52.4666,
	72.4522 52.4595,
	72.5093 52.4381,
	72.5665 52.4024,
	72.6807 52.3809,
	72.7949 52.3881,
	72.8521 52.3952,
	72.8806 52.4024,
	72.9377 52.4381,
	72.9949 52.4952,
	72.9877 52.5237,
	72.9663 52.5523,
	72.8592 52.6309,
	72.8378 52.6594,
	72.8164 52.7165,
	72.8164 52.7737,
	72.8021 52.8308,
	72.7735 52.8879,
	72.7592 52.9022,
	72.7378 52.9593,
	72.7378 53.0164,
	72.7664 53.0735,
	72.8092 53.1307,
	72.8164 53.1592,
	72.7878 53.1807,
	72.6736 53.1878,
	72.6164 53.1807,
	72.5593 53.2021,
	72.5022 53.2021,
	72.4451 53.1735,
	72.4165 53.1592,
	72.3737 53.1092,
	72.3165 53.1021,
	72.2594 53.0807,
	72.2309 53.0593,
	72.1666 52.945,
	72.138 52.8879,
	72.1095 52.7737,
	72.1095 52.7451,
	72.1095 52.7308,
	"/>
</Transform>

<Transform dim="0"
 xcoef=" 0 1 0 0 0 0"
 ycoef=" 0 0 1 0 0 0">
<Image mag="0.00855" contrast="1" brightness="0" red="true" green="true" blue="true"
 src="..\TF21_robdata\Rob's_latest_seg_files_TF21_TB2\Aligned 633584.tif" />
<Contour name="domain1" hidden="false" closed="true" simplified="false" border="1 0 1" fill="1 0 1" mode="11"
 points="0 0,
	15991 0,
	15991 12171,
	0 12171,
	"/>
</Transform>

<Transform dim="0"
 xcoef=" 0 1 0 0 0 0"
 ycoef=" 0 0 1 0 0 0">
<Contour name="TB2 Nucleus_75" hidden="false" closed="true" simplified="true" border="1 0 0" fill="1 0 0" mode="9"
 points="71.0802 59.8799,
	71.0957 59.7558,
	71.0957 59.6937,
	71.2043 59.5696,
	71.4525 59.4766,
	71.5146 59.461,
	71.5611 59.399,
	71.5766 59.2749,
	71.5301 59.0267,
	71.5301 58.9646,
	71.4991 58.9026,
	71.4991 58.8405,
	71.4525 58.7164,
	71.437 58.5923,
	71.3439 58.3441,
	71.2819 58.0959,
	71.2509 57.8477,
	71.2354 57.3513,
	71.2664 56.8549,
	71.2664 56.3585,
	71.2819 56.1103,
	71.2974 55.9861,
	71.3439 55.862,
	71.375 55.831,
	71.4215 55.7069,
	71.7783 55.226,
	72.011 55.0088,
	72.1972 54.7761,
	72.4299 54.5434,
	72.4919 54.5124,
	72.5384 54.4504,
	72.6005 54.4349,
	72.8487 54.2487,
	72.9728 54.1556,
	73.0038 54.1246,
	73.0349 54.1246,
	73.0969 54.0625,
	73.159 54.0315,
	73.19 54.016,
	73.4227 54.1866,
	73.6709 54.3263,
	73.7795 54.4193,
	73.8415 54.4349,
	73.9346 54.3418,
	74.0122 54.2177,
	74.0587 54.0936,
	74.0742 54.0315,
	74.2293 53.7833,
	74.2293 53.7523,
	74.2604 53.7213,
	74.2604 53.6902,
	74.3535 53.5661,
	74.4776 53.4886,
	74.7258 53.442,
	75.2222 53.2559,
	75.4704 53.0852,
	75.7186 53.1628,
	75.8427 53.2869,
	75.9203 53.411,
	76.1685 53.5816,
	76.2926 53.6127,
	76.3546 53.6282,
	76.3856 53.6282,
	76.4942 53.7368,
	76.6494 53.985,
	76.8355 54.2332,
	76.8665 54.2952,
	76.8665 54.3263,
	76.9286 54.3728,
	76.9751 54.4969,
	77.0527 54.621,
	77.0837 54.7451,
	77.0992 54.9933,
	77.1613 55.2415,
	77.2078 55.7379,
	77.2854 56.2344,
	77.2854 56.3585,
	77.3474 56.6067,
	77.394 56.6687,
	77.4716 56.9169,
	77.4871 57.4133,
	77.5491 57.9098,
	77.6112 58.158,
	77.6267 58.2821,
	77.5491 58.4062,
	77.5026 58.4682,
	77.5026 58.4992,
	77.4716 58.5303,
	77.4716 58.5613,
	77.425 58.6233,
	77.4095 58.7474,
	77.4095 58.8095,
	77.3474 58.9336,
	77.3319 58.9957,
	77.2544 59.1198,
	77.0527 59.368,
	76.9441 59.6162,
	76.82 60.1126,
	76.7735 60.2367,
	76.7735 60.2987,
	76.5873 60.7952,
	76.4787 61.0434,
	76.4477 61.1675,
	76.215 61.6639,
	75.9203 62.1448,
	75.7031 62.2999,
	75.61 62.4085,
	75.5945 62.6567,
	75.5169 62.9049,
	75.1601 63.4013,
	74.974 63.603,
	74.9119 63.665,
	74.4155 63.9753,
	74.2914 64.0529,
	74.2293 64.0684,
	74.1983 64.0994,
	73.9501 64.1149,
	73.826 64.0839,
	73.6088 63.8667,
	73.4847 63.8357,
	73.4227 63.8357,
	73.3917 63.8357,
	73.2675 63.7271,
	73.0349 63.5565,
	73.0038 63.5565,
	72.9728 63.5254,
	72.7246 63.4789,
	72.4764 63.4944,
	72.2282 63.4789,
	72.1041 63.4168,
	71.8714 63.2152,
	71.5146 62.7343,
	71.4215 62.6102,
	71.3905 62.5481,
	71.3284 62.4861,
	71.2198 62.2379,
	71.1423 61.9897,
	71.1578 61.7414,
	71.2043 61.4932,
	71.1888 61.245,
	71.1268 60.9968,
	71.0957 60.8727,
	71.0802 59.8954,
	"/>
</Transform>

<Transform dim="0"
 xcoef=" 0 1 0 0 0 0"
 ycoef=" 0 0 1 0 0 0">
<Contour name="TB2 Nucleus_53" hidden="false" closed="true" simplified="true" border="1 0 0" fill="1 0 0" mode="9"
 points="66.1518 48.864,
	66.2699 48.4861,
	66.3644 48.2972,
	66.5061 48.1083,
	66.6005 48.0138,
	66.695 47.8249,
	66.7895 47.447,
	66.8131 47.0691,
	66.9548 46.6912,
	67.6869 46.0536,
	67.8759 45.9119,
	67.994 45.7702,
	68.1121 45.5812,
	68.8206 44.8727,
	69.5763 44.3767,
	69.9306 44.1406,
	70.025 44.117,
	70.4029 43.8808,
	70.7808 43.7391,
	71.5365 43.5738,
	71.9144 43.5029,
	72.2923 43.3848,
	73.048 43.2431,
	73.237 43.1723,
	74.7485 42.9361,
	74.9374 42.8889,
	75.6932 42.9125,
	76.0711 42.9361,
	76.4489 43.0542,
	76.6379 43.1723,
	76.8268 43.3612,
	77.1338 43.6919,
	77.4881 44.0461,
	77.6534 44.424,
	77.7006 45.1797,
	77.677 45.5576,
	77.5353 46.3134,
	77.5117 46.4078,
	77.2991 46.7857,
	77.0157 47.14,
	76.874 47.3289,
	76.756 47.4706,
	76.5906 47.6359,
	76.4962 47.7068,
	76.4962 47.754,
	76.1419 48.1083,
	76.0947 48.1319,
	76.0474 48.1083,
	75.4098 48.864,
	75.3862 48.9585,
	75.15 49.3364,
	74.8193 49.6906,
	74.5832 50.0685,
	74.5359 50.163,
	74.347 50.3519,
	74.2053 50.5408,
	74.0164 50.6825,
	73.9219 50.7062,
	73.7566 50.8951,
	73.5676 51.0132,
	73.1898 51.1313,
	73.0008 51.2966,
	72.6229 51.5328,
	72.2451 51.6509,
	72.0561 51.6745,
	71.8672 51.7453,
	71.7255 51.8634,
	71.5365 51.9815,
	71.1587 52.0996,
	71.0642 52.1232,
	70.6863 52.0523,
	70.3085 52.076,
	69.9306 52.1468,
	69.1748 52.0996,
	68.797 52.0523,
	68.608 52.0051,
	68.2301 51.9815,
	67.8523 51.9106,
	67.6633 51.8398,
	67.5689 51.7926,
	67.5216 51.7453,
	67.4272 51.7217,
	67.3799 51.6745,
	67.3327 51.6745,
	67.1437 51.5328,
	66.9784 51.3438,
	66.6714 51.0368,
	66.4588 50.6589,
	66.4116 50.5645,
	66.3644 50.5172,
	66.2463 50.1394,
	66.1754 49.7615,
	66.1518 49.0057,
	66.1518 48.9113,
	66.1518 48.8876,
	"/>
</Transform>

<Transform dim="0"
 xcoef=" 0 1 0 0 0 0"
 ycoef=" 0 0 1 0 0 0">
<Contour name="TB2 NF_24" hidden="true" closed="true" simplified="true" border="1 0.501961 0.25098" fill="1 0.501961 0.25098" mode="-9"
 points="98.2565 13.6864,
	98.2788 13.5972,
	98.4125 13.4189,
	98.5908 13.3074,
	98.7692 13.2628,
	98.8583 13.2628,
	99.0144 13.4189,
	99.0144 13.508,
	98.8137 13.8647,
	98.6354 13.9984,
	98.5685 14.0207,
	98.5908 14.043,
	98.5463 14.0653,
	98.3679 14.043,
	98.2565 13.8647,
	98.2565 13.7087,
	"/>
</Transform>

<Transform dim="0"
 xcoef=" 0 1 0 0 0 0"
 ycoef=" 0 0 1 0 0 0">
<Contour name="TB2 NF_24_cw" hidden="false" closed="true" simplified="true" border="1 0.5 0" fill="1 0.682353 0.368627" mode="15"
 points="98.1433 13.9157,
	98.1549 13.854,
	98.1626 13.8231,
	98.1704 13.8077,
	98.1781 13.8,
	98.1781 13.7922,
	98.1858 13.7845,
	98.1858 13.7768,
	98.1935 13.7691,
	98.1935 13.7614,
	98.2321 13.6996,
	98.2823 13.6379,
	98.3247 13.5761,
	98.3749 13.5183,
	98.398 13.4874,
	98.4135 13.4758,
	98.4212 13.4681,
	98.4366 13.4642,
	98.4675 13.4411,
	98.4945 13.4102,
	98.5563 13.3639,
	98.618 13.3253,
	98.6489 13.3099,
	98.6643 13.2983,
	98.7261 13.2713,
	98.7878 13.2365,
	98.8496 13.2095,
	98.9113 13.1902,
	98.9422 13.1864,
	99.0039 13.1902,
	99.0348 13.2057,
	99.0618 13.2327,
	99.0888 13.2944,
	99.085 13.3253,
	99.0657 13.387,
	99.0734 13.5105,
	99.0734 13.5414,
	99.0618 13.5723,
	99.0386 13.6031,
	98.9267 13.7151,
	98.9113 13.7305,
	98.8997 13.7614,
	98.9113 13.8231,
	98.8843 13.9466,
	98.8688 13.9775,
	98.7878 14.101,
	98.7839 14.1048,
	98.7955 14.101,
	98.7994 14.1087,
	98.7685 14.1318,
	98.7376 14.1357,
	98.7068 14.1087,
	98.7029 14.0932,
	98.7068 14.0624,
	98.7145 14.0469,
	98.7145 14.0392,
	98.7299 14.0238,
	98.7569 13.962,
	98.7685 13.9466,
	98.7762 13.9157,
	98.7608 13.8849,
	98.7299 13.8617,
	98.7222 13.854,
	98.6913 13.8617,
	98.6643 13.881,
	98.6026 13.935,
	98.5717 13.9505,
	98.5447 13.9736,
	98.5331 14.0045,
	98.5293 14.0199,
	98.5408 14.0508,
	98.5485 14.0662,
	98.5524 14.0971,
	98.5447 14.1589,
	98.5408 14.1743,
	98.5138 14.2013,
	98.4984 14.2052,
	98.3749 14.155,
	98.3672 14.155,
	98.3363 14.128,
	98.29 14.0662,
	98.2591 14.0469,
	98.2437 14.0315,
	98.1819 13.9891,
	98.1511 13.9582,
	98.1433 13.9273,
	98.1433 13.9196,
	"/>
</Transform>

<Transform dim="0"
 xcoef=" 0 1 0 0 0 0"
 ycoef=" 0 0 1 0 0 0">
<Image mag="0.00855" contrast="1" brightness="0" red="true" green="true" blue="true"
 src="Aligned 633584.tif" />
<Contour name="a1" hidden="false" closed="true" simplified="false" border="1 0.5 0" fill="1 0.5 0" mode="11"
 points="0 0,
	15991 0,
	15991 12171,
	0 12171,
	"/>
</Transform>

<Transform dim="0"
 xcoef=" 0 1 0 0 0 0"
 ycoef=" 0 0 1 0 0 0">
<Contour name="TB2 NF_26_cw" hidden="false" closed="true" simplified="true" border="0.992 0.867 0.443" fill="0.992 0.867 0.443" mode="15"
 points="60.5297 8.09292,
	60.554 8.07468,
	60.5662 8.06252,
	60.6635 8.02604,
	61.0526 7.97131,
	61.0769 7.96523,
	61.1742 7.97131,
	61.5633 7.92875,
	61.5877 7.92875,
	61.6059 7.94699,
	61.5816 7.96523,
	61.5573 7.97131,
	61.5451 7.98347,
	61.4965 7.99563,
	61.4843 8.00779,
	61.387 8.0382,
	61.3384 8.05644,
	61.1438 8.099,
	61.0465 8.13548,
	60.9492 8.1598,
	60.9006 8.17196,
	60.8763 8.16588,
	60.8519 8.17196,
	60.8033 8.1598,
	60.706 8.15372,
	60.6087 8.13548,
	60.5601 8.11724,
	60.5358 8.10508,
	60.5297 8.099,
	"/>
</Transform>

<Transform dim="0"
 xcoef=" 0 1 0 0 0 0"
 ycoef=" 0 0 1 0 0 0">
<Contour name="TB3_tastebud_outline_cw" hidden="false" closed="true" simplified="true" border="0.752941 0.752941 0.752941" fill="0.752941 0.752941 0.752941" mode="15"
 points="90.1652 65.4646,
	90.494 64.1496,
	90.9871 62.8345,
	91.7269 61.5195,
	93.0419 60.451,
	94.357 59.7935,
	95.672 59.8757,
	96.3295 60.0401,
	97.6446 59.9579,
	97.9733 59.8757,
	98.6309 59.3003,
	99.0418 58.6428,
	99.2884 57.3278,
	99.2884 54.6977,
	99.2062 53.3826,
	99.2884 52.0676,
	99.535 50.7525,
	100.439 48.1224,
	100.439 47.9581,
	100.85 47.3005,
	100.932 46.9718,
	100.932 46.8074,
	101.179 46.4786,
	101.179 46.3143,
	101.425 45.9855,
	101.425 45.8211,
	101.59 45.6567,
	101.59 45.328,
	101.754 44.9992,
	101.754 44.6704,
	102.001 44.0129,
	102.083 43.7663,
	"/>
</Transform>

<Transform dim="0"
 xcoef=" 0 1 0 0 0 0"
 ycoef=" 0 0 1 0 0 0">
<Contour name="TB3_TC02_T2dying_cw" hidden="false" closed="true" simplified="true" border="0.322 0.773 1" fill="0.322 0.773 1" mode="15"
 points="97.649 65.6051,
	97.7174 65.3864,
	97.7037 65.2771,
	97.6764 65.2224,
	97.69 65.0038,
	97.8267 64.5664,
	97.7994 64.3478,
	97.772 64.2931,
	97.813 63.8558,
	97.8267 63.7464,
	97.9224 63.5278,
	98.0317 63.4321,
	98.1547 63.2135,
	98.223 63.1041,
	98.3187 62.9948,
	98.3733 62.8855,
	98.3733 62.8308,
	98.305 62.7215,
	98.2094 62.6121,
	98.1684 62.5028,
	98.223 62.3935,
	98.3323 62.2978,
	98.4417 62.2295,
	98.5373 62.1201,
	98.7697 61.6828,
	98.8927 61.4641,
	99.043 61.2455,
	99.1387 61.1362,
	99.576 60.9038,
	99.6853 60.9585,
	99.7127 60.9722,
	99.8083 60.8628,
	100.027 60.7398,
	100.246 60.5348,
	100.355 60.4665,
	100.41 60.4118,
	100.628 60.3025,
	100.738 60.2752,
	100.792 60.2478,
	101.011 60.2205,
	101.216 60.0975,
	101.257 59.9882,
	101.257 59.8788,
	101.298 59.7695,
	101.366 59.7012,
	101.421 59.7285,
	101.462 59.7832,
	101.489 59.7832,
	101.571 59.6738,
	101.626 59.4552,
	101.653 59.3458,
	101.64 59.1272,
	101.612 59.0178,
	101.599 58.9632,
	101.489 58.8948,
	101.476 58.6762,
	101.435 58.5669,
	101.421 58.4575,
	101.421 58.4029,
	101.489 58.2935,
	101.708 58.0749,
	102.022 57.6375,
	102.132 57.5419,
	102.241 57.5145,
	102.432 57.3095,
	102.501 57.2002,
	102.555 56.9815,
	102.542 56.8722,
	102.528 56.8175,
	102.569 56.5989,
	102.624 55.7242,
	102.61 55.5056,
	102.583 55.3962,
	102.569 55.3416,
	102.829 54.4669,
	102.856 54.2482,
	102.911 54.0296,
	102.924 53.9202,
	102.965 53.8109,
	103.047 53.7016,
	103.157 53.6196,
	103.211 53.5103,
	103.225 53.4556,
	103.211 53.4009,
	103.252 53.1823,
	103.457 52.7449,
	103.526 52.6356,
	103.635 52.5809,
	103.69 52.6083,
	103.758 52.7176,
	103.813 52.7723,
	103.963 53.2096,
	103.977 53.3189,
	103.922 53.7562,
	103.963 54.1936,
	103.977 54.4122,
	104.004 54.5216,
	104.059 54.6309,
	104.072 54.8496,
	104.086 54.9589,
	104.059 55.0682,
	104.045 55.1229,
	104.154 55.5602,
	104.223 55.7789,
	104.236 55.9976,
	104.223 56.2162,
	104.25 56.4349,
	104.25 56.5442,
	104.195 56.7629,
	104.018 57.2002,
	104.086 57.4189,
	104.031 57.5282,
	103.99 57.5829,
	104.086 57.8015,
	104.1 57.9109,
	104.031 58.0202,
	103.813 58.1979,
	103.785 58.2525,
	103.895 58.4712,
	103.963 58.5669,
	104.072 58.6079,
	104.1 58.6352,
	104.1 58.7445,
	104.1 58.7992,
	104.291 59.0178,
	104.51 59.1545,
	104.564 59.2638,
	104.578 59.3185,
	104.537 59.4278,
	104.455 59.5372,
	104.496 59.7558,
	104.51 59.8652,
	104.564 59.9745,
	104.578 60.0838,
	104.537 60.3025,
	104.551 60.3572,
	104.592 60.3845,
	104.633 60.8218,
	104.646 61.2591,
	104.633 61.4778,
	104.619 61.5871,
	104.537 61.8058,
	104.51 61.9151,
	104.482 61.9698,
	104.51 62.1885,
	104.551 62.2978,
	104.537 62.3661,
	104.428 62.3525,
	104.373 62.3661,
	104.291 62.4755,
	104.264 62.5301,
	104.264 62.9675,
	104.305 63.1861,
	104.318 63.2955,
	104.4 63.5141,
	104.387 63.5415,
	104.455 63.6508,
	104.674 63.8011,
	104.769 63.9104,
	104.81 63.9651,
	104.851 64.4024,
	104.865 64.6211,
	104.865 64.7304,
	104.892 64.8398,
	104.906 64.8944,
	105.07 65.1131,
	105.166 65.2224,
	105.289 65.6598,
	105.412 65.8784,
	105.494 65.9878,
	105.699 66.4251,
	105.74 66.5344,
	105.808 66.9717,
	105.794 67.0811,
	105.781 67.1084,
	105.808 67.2177,
	105.835 67.2587,
	105.945 67.2997,
	106.054 67.3134,
	106.163 67.3681,
	106.177 67.4227,
	106.136 67.5321,
	106.109 67.5867,
	106.095 67.6004,
	106.122 67.6551,
	106.081 67.7644,
	106.054 67.9831,
	106.054 68.0377,
	105.999 68.1471,
	105.904 68.2564,
	105.835 68.3657,
	105.794 68.4751,
	105.767 68.5297,
	105.74 68.967,
	105.453 69.8417,
	105.412 70.0604,
	105.384 70.935,
	105.371 71.1537,
	105.357 71.263,
	105.316 71.3723,
	105.207 71.468,
	105.138 71.6867,
	104.92 71.878,
	104.742 72.0967,
	104.633 72.1923,
	104.523 72.2197,
	104.387 72.4383,
	104.305 72.5477,
	104.086 72.7527,
	103.867 72.7937,
	103.758 72.8073,
	103.731 72.8073,
	103.512 72.9713,
	103.293 73.0533,
	103.184 73.1217,
	103.129 73.1627,
	103.102 73.1627,
	102.897 73.3813,
	102.788 73.6,
	102.747 73.7093,
	102.637 73.805,
	102.528 73.846,
	102.419 73.846,
	102.364 73.8596,
	102.145 74.0646,
	101.968 74.2833,
	101.913 74.3243,
	101.886 74.379,
	101.776 74.461,
	101.667 74.4746,
	101.558 74.4473,
	101.339 74.502,
	101.23 74.4746,
	101.12 74.4063,
	100.683 74.3243,
	100.464 74.297,
	100.355 74.2696,
	100.246 74.2013,
	100.095 73.9826,
	99.9723 73.764,
	99.8767 73.5453,
	99.822 73.436,
	99.7263 72.9987,
	99.6853 72.78,
	99.6853 72.5613,
	99.6443 72.3427,
	99.658 72.124,
	99.5623 71.6867,
	99.412 71.468,
	99.2207 71.2493,
	99.1797 71.1947,
	99.1523 71.0854,
	99.1387 71.0307,
	99.1797 70.812,
	99.1933 70.5934,
	98.879 70.156,
	98.8107 69.9374,
	98.6877 69.7187,
	98.592 69.6094,
	98.5783 69.5,
	98.6467 69.3907,
	98.6057 69.2814,
	98.5373 69.172,
	98.5237 69.0627,
	98.5373 68.9534,
	98.5237 68.844,
	98.3733 68.6254,
	98.305 68.5161,
	98.2913 68.4067,
	98.3187 68.3521,
	98.3733 68.3247,
	98.4007 68.2701,
	98.387 68.1607,
	98.305 67.9421,
	98.1547 67.7234,
	98.1137 67.6687,
	98.0317 67.4501,
	98.018 67.3954,
	98.0044 67.3681,
	98.0317 67.2587,
	98.0454 67.2041,
	98.0864 67.1494,
	98.1 67.0401,
	98.0454 66.8214,
	98.0317 66.7121,
	98.0727 66.4934,
	98.0727 66.3841,
	98.0454 66.2747,
	97.977 66.1654,
	97.936 66.0561,
	97.9224 66.0014,
	97.813 65.9331,
	97.7584 65.8921,
	97.731 65.8921,
	97.6764 65.8374,
	97.649 65.6188,
	"/>
</Transform>

<Transform dim="0"
 xcoef=" 0 1 0 0 0 0"
 ycoef=" 0 0 1 0 0 0">
<Contour name="TB3_TC02_T2dying_cw" hidden="false" closed="true" simplified="true" border="0.322 0.773 1" fill="0.322 0.773 1" mode="15"
 points="103.592 40.6851,
	103.633 40.6305,
	103.688 40.6168,
	103.77 40.6988,
	103.783 40.7535,
	103.797 40.7671,
	103.852 40.7535,
	103.906 40.7808,
	103.975 40.9995,
	103.934 41.1088,
	103.865 41.2181,
	103.756 41.2864,
	103.701 41.3001,
	103.647 41.2864,
	103.606 41.2454,
	103.606 41.1908,
	103.701 40.9721,
	103.729 40.9175,
	103.742 40.9038,
	103.715 40.8901,
	103.701 40.8491,
	103.619 40.7398,
	103.592 40.6988,
	"/>
</Transform>

<Transform dim="0"
 xcoef=" 0 1 0 0 0 0"
 ycoef=" 0 0 1 0 0 0">
<Contour name="TB3_tastebud_outline_cw" hidden="false" closed="true" simplified="true" border="0.752941 0.752941 0.752941" fill="0.752941 0.752941 0.752941" mode="15"
 points="102.165 43.602,
	102.329 43.3554,
	102.74 42.6157,
	102.987 42.2869,
	103.151 42.1225,
	103.151 41.9582,
	103.727 41.3006,
	103.891 40.9719,
	106.11 38.424,
	106.439 38.0952,
	106.85 37.4377,
	109.398 34.972,
	110.631 33.6569,
	111.288 32.9994,
	113.096 30.3693,
	114.165 29.0543,
	115.398 27.9858,
	116.055 27.657,
	116.22 27.657,
	116.384 27.4926,
	116.713 27.4105,
	116.959 27.4926,
	117.781 30.1227,
	117.946 30.4515,
	118.028 31.109,
	119.507 33.7391,
	120.822 36.3692,
	121.973 38.9993,
	123.781 44.2595,
	124.521 49.5197,
	124.603 50.8347,
	124.192 53.4648,
	122.466 58.725,
	121.233 61.3551,
	120.576 62.6701,
	118.85 65.3002,
	116.795 67.9303,
	116.384 68.5879,
	115.151 69.9029,
	112.932 72.533,
	111.617 73.7659,
	110.302 74.7521,
	108.987 75.574,
	107.672 76.1494,
	105.042 76.9713,
	104.384 77.2179,
	103.069 77.3,
	101.754 77.2179,
	101.097 77.3,
	98.4665 77.0535,
	97.809 77.0535,
	96.4939 76.4781,
	95.1789 75.7384,
	94.5213 75.3275,
	93.2063 74.1768,
	92.1378 72.8618,
	91.3159 71.5467,
	90.6584 70.2317,
	90.2474 68.9166,
	90.1652 66.2865,
	90.1652 65.629,
	90.1652 65.5468,
	"/>
</Transform>

<Transform dim="0"
 xcoef=" 0 1 0 0 0 0"
 ycoef=" 0 0 1 0 0 0">
<Contour name="TB3_TC02_T2dying_cw" hidden="false" closed="true" simplified="true" border="0.322 0.773 1" fill="0.322 0.773 1" mode="15"
 points="104.248 38.1158,
	104.316 37.8972,
	104.412 37.6785,
	104.535 37.4598,
	104.617 37.3642,
	104.726 37.2958,
	104.836 37.1865,
	105.013 36.7492,
	105.082 36.5305,
	105.095 36.4212,
	105.136 36.3118,
	105.15 36.2025,
	105.191 36.0932,
	105.191 36.0385,
	105.369 35.6012,
	105.505 35.3825,
	105.71 35.1775,
	105.765 35.1229,
	105.82 35.0955,
	105.915 34.9862,
	105.943 34.9315,
	105.929 34.8769,
	105.888 34.8222,
	105.861 34.7949,
	105.861 34.7402,
	105.902 34.6309,
	105.874 34.5215,
	105.915 34.3029,
	105.984 34.0842,
	106.052 33.9749,
	106.093 33.8655,
	106.23 33.6469,
	106.312 33.4282,
	106.312 33.3736,
	106.298 33.3462,
	106.407 33.2642,
	106.435 33.2369,
	106.421 33.1822,
	106.462 33.0729,
	106.558 32.9636,
	106.585 32.8542,
	106.626 32.7996,
	106.653 32.7722,
	106.681 32.5536,
	106.735 32.4442,
	106.858 32.0069,
	106.899 31.8976,
	107.05 31.6789,
	107.091 31.6242,
	107.104 31.5696,
	107.186 31.4602,
	107.2 31.4056,
	107.227 31.3782,
	107.227 31.3509,
	107.268 31.2962,
	107.309 31.1869,
	107.378 31.0776,
	107.569 30.6403,
	107.637 30.4216,
	107.733 30.2029,
	107.842 29.7656,
	107.938 29.5469,
	107.993 29.4376,
	108.061 29.2189,
	108.129 29.1096,
	108.211 28.8909,
	108.28 28.7816,
	108.293 28.7269,
	108.362 28.6176,
	108.389 28.399,
	108.526 27.9616,
	108.539 27.743,
	108.526 27.6336,
	108.539 27.579,
	108.621 27.4696,
	108.649 27.415,
	108.662 27.3056,
	108.676 27.251,
	108.539 27.0323,
	108.512 27.0323,
	108.416 26.9366,
	108.403 26.882,
	108.416 26.7726,
	108.526 26.554,
	108.58 26.4446,
	108.662 26.3353,
	108.758 26.2533,
	108.867 26.1986,
	108.977 26.185,
	109.059 26.0893,
	109.045 25.8707,
	109.004 25.7613,
	108.99 25.652,
	109.031 25.5427,
	109.141 25.4333,
	109.25 25.3787,
	109.359 25.365,
	109.414 25.3513,
	109.523 25.2557,
	109.605 25.1463,
	109.66 25.1053,
	109.715 25.0917,
	109.769 25.1053,
	109.824 25.16,
	109.879 25.1873,
	109.906 25.1873,
	109.947 25.1327,
	109.974 25.1053,
	109.988 24.8867,
	110.029 24.832,
	110.138 24.7773,
	110.248 24.7773,
	110.302 24.7773,
	110.412 24.709,
	110.425 24.5997,
	110.384 24.4903,
	110.371 24.381,
	110.589 24.2443,
	110.699 24.1623,
	110.904 23.9437,
	111.027 23.725,
	111.095 23.6157,
	111.204 23.5884,
	111.314 23.602,
	111.368 23.5884,
	111.464 23.479,
	111.519 23.438,
	111.573 23.4244,
	111.601 23.4107,
	111.655 23.438,
	111.683 23.4654,
	111.71 23.4654,
	111.778 23.356,
	111.806 23.3014,
	111.86 23.2604,
	111.915 23.2604,
	112.133 23.4654,
	112.243 23.5337,
	112.297 23.5474,
	112.407 23.52,
	112.516 23.4654,
	112.571 23.438,
	112.776 23.2194,
	112.926 23.0007,
	112.953 22.8914,
	112.926 22.782,
	112.912 22.7274,
	112.994 22.5087,
	113.063 22.3994,
	113.158 22.3037,
	113.213 22.2627,
	113.432 22.208,
	113.486 22.1944,
	113.514 22.1944,
	113.623 22.3037,
	113.664 22.3447,
	113.691 22.3584,
	113.746 22.331,
	113.828 22.2217,
	113.883 22.2217,
	113.992 22.29,
	114.101 22.331,
	114.32 22.3037,
	114.429 22.29,
	114.484 22.3037,
	114.511 22.331,
	114.498 22.3857,
	114.416 22.495,
	114.306 22.5907,
	113.992 23.028,
	113.965 23.0827,
	113.978 23.1374,
	113.978 23.1647,
	114.033 23.2057,
	114.088 23.2194,
	114.197 23.192,
	114.306 23.0827,
	114.347 23.028,
	114.402 23.0144,
	114.511 23.0417,
	114.73 22.9734,
	114.839 22.9187,
	114.935 22.8094,
	114.976 22.7547,
	115.413 22.536,
	115.851 22.3584,
	115.96 22.3037,
	116.069 22.29,
	116.288 22.1944,
	116.397 22.1534,
	116.493 22.1944,
	116.52 22.3037,
	116.52 22.413,
	116.479 22.5224,
	116.288 22.741,
	116.192 22.8367,
	116.165 22.864,
	116.179 22.9734,
	116.165 23.028,
	116.083 23.1374,
	116.056 23.192,
	116.028 23.2194,
	116.056 23.274,
	116.083 23.2877,
	116.302 23.1647,
	116.52 23.0007,
	116.739 22.8914,
	116.794 22.864,
	117.012 22.8504,
	117.122 22.8504,
	117.34 22.9187,
	117.395 22.9324,
	117.436 22.987,
	117.463 23.0144,
	117.45 23.1237,
	117.409 23.233,
	117.327 23.3424,
	117.217 23.4107,
	117.122 23.5064,
	117.053 23.6157,
	116.848 23.8343,
	116.78 23.9437,
	116.671 24.053,
	116.575 24.135,
	116.507 24.2443,
	116.302 24.463,
	116.261 24.5177,
	116.179 24.955,
	116.11 25.0643,
	116.056 25.1053,
	116.001 25.119,
	115.974 25.119,
	115.878 25.2283,
	115.837 25.3377,
	115.837 25.3923,
	115.714 25.611,
	115.659 25.7203,
	115.632 25.8297,
	115.782 26.267,
	115.796 26.3216,
	115.769 26.5403,
	115.81 26.759,
	115.81 26.8683,
	115.755 27.087,
	115.687 27.1963,
	115.646 27.2373,
	115.591 27.2373,
	115.55 27.21,
	115.113 27.5926,
	115.044 27.702,
	115.003 27.9206,
	114.976 27.9753,
	114.921 27.989,
	114.812 27.9616,
	114.757 27.989,
	114.716 28.0846,
	114.771 28.1393,
	114.785 28.194,
	114.771 28.2486,
	114.621 28.4673,
	114.566 28.522,
	114.443 28.7406,
	114.375 28.8499,
	114.17 29.0686,
	114.129 29.1096,
	114.156 29.1233,
	114.088 29.2326,
	114.06 29.3419,
	114.047 29.5606,
	114.019 29.6699,
	114.033 29.8886,
	114.047 29.9159,
	114.006 30.0253,
	113.924 30.1346,
	113.705 30.3396,
	113.596 30.4079,
	113.582 30.4626,
	113.5 30.5719,
	113.391 30.6813,
	113.172 30.8453,
	112.967 31.0366,
	112.899 31.1459,
	112.858 31.2552,
	112.735 31.4739,
	112.666 31.5832,
	112.639 31.6379,
	112.53 31.7472,
	112.42 31.8019,
	112.202 31.8566,
	111.983 31.9522,
	111.929 31.9796,
	111.901 32.0342,
	111.888 32.0616,
	111.983 32.2802,
	111.997 32.3896,
	111.983 32.4989,
	111.929 32.6082,
	111.86 32.8269,
	111.642 33.0182,
	111.45 33.2369,
	111.368 33.3462,
	111.327 33.4009,
	111.177 33.8382,
	111.136 33.9475,
	111.068 34.0569,
	111.054 34.1115,
	111.013 34.1662,
	110.999 34.2209,
	110.917 34.3302,
	110.876 34.3849,
	110.849 34.4122,
	110.822 34.5215,
	110.794 34.5762,
	110.357 35.0135,
	109.92 35.1912,
	109.701 35.2459,
	109.592 35.2595,
	109.482 35.2322,
	109.414 35.1229,
	109.4 35.0955,
	109.51 34.8769,
	109.564 34.7675,
	109.578 34.7129,
	109.537 34.6035,
	109.455 34.4942,
	109.236 34.3439,
	109.182 34.3302,
	109.072 34.3712,
	108.963 34.4805,
	108.744 34.9179,
	108.649 35.1365,
	108.649 35.1912,
	108.635 35.2185,
	108.69 35.4372,
	108.703 35.6559,
	108.621 36.0932,
	108.539 36.3118,
	108.403 36.5305,
	108.334 36.6398,
	108.225 36.7218,
	108.17 36.7492,
	108.102 36.8585,
	107.993 36.9542,
	107.883 36.9815,
	107.665 36.9815,
	107.446 36.9405,
	107.391 36.9542,
	107.364 36.9542,
	107.186 37.1728,
	107.104 37.2822,
	107.036 37.5008,
	107.022 37.7195,
	106.954 37.8288,
	106.735 38.0475,
	106.571 38.2662,
	106.435 38.4848,
	106.407 38.5941,
	106.476 38.8128,
	106.489 38.8675,
	106.53 38.9221,
	106.544 38.9495,
	106.763 38.9905,
	106.872 39.0041,
	106.981 39.0451,
	107.091 39.0588,
	107.145 39.0588,
	107.186 39.1135,
	107.2 39.2228,
	107.186 39.2775,
	107.104 39.3731,
	106.995 39.4825,
	106.776 39.5371,
	106.558 39.6328,
	106.503 39.6738,
	106.284 39.7285,
	106.175 39.7421,
	106.066 39.7285,
	105.847 39.5781,
	105.738 39.4961,
	105.519 39.4005,
	105.3 39.3458,
	105.191 39.3048,
	105.082 39.1955,
	104.945 38.9768,
	104.918 38.8675,
	104.904 38.8401,
	104.945 38.7308,
	104.877 38.6215,
	104.836 38.5668,
	104.808 38.4575,
	104.781 38.4302,
	104.726 38.4165,
	104.672 38.3755,
	104.617 38.3618,
	104.562 38.3755,
	104.344 38.2798,
	104.248 38.1705,
	104.248 38.1295,
	"/>
</Transform>

<Transform dim="0"
 xcoef=" 0 1 0 0 0 0"
 ycoef=" 0 0 1 0 0 0">
<Contour name="TB3_TC02_T2dying_cw" hidden="false" closed="true" simplified="true" border="0.322 0.773 1" fill="0.322 0.773 1" mode="15"
 points="118.024 21.347,
	118.106 21.1284,
	118.16 21.0191,
	118.338 20.8004,
	118.406 20.6911,
	118.406 20.5817,
	118.447 20.4724,
	118.461 20.4177,
	118.516 20.3631,
	118.543 20.3221,
	118.652 20.2537,
	118.762 20.2264,
	118.871 20.2674,
	118.926 20.3221,
	118.953 20.3494,
	118.967 20.4041,
	119.008 20.4587,
	119.062 20.4587,
	119.172 20.3904,
	119.363 20.2127,
	119.472 20.1444,
	119.527 20.1034,
	119.636 20.0761,
	119.691 20.0624,
	119.718 20.0487,
	119.937 20.0897,
	120.046 20.0897,
	120.101 20.1171,
	120.169 20.2264,
	120.115 20.4451,
	120.115 20.6637,
	120.046 20.8824,
	120.005 20.9917,
	119.937 21.1011,
	119.841 21.2104,
	119.705 21.429,
	119.5 21.634,
	119.281 21.757,
	119.062 21.7707,
	119.035 21.7844,
	118.98 21.757,
	118.926 21.7024,
	118.857 21.6067,
	118.803 21.5657,
	118.775 21.5384,
	118.762 21.429,
	118.803 21.2104,
	118.789 21.1557,
	118.775 21.1284,
	118.734 21.2377,
	118.543 21.4427,
	118.461 21.552,
	118.447 21.6067,
	118.447 21.634,
	118.352 21.7297,
	118.242 21.716,
	118.188 21.7297,
	118.078 21.6614,
	118.037 21.4427,
	118.024 21.388,
	118.024 21.3607,
	"/>
</Transform>

<Transform dim="0"
 xcoef=" 0 1 0 0 0 0"
 ycoef=" 0 0 1 0 0 0">
<Contour name="TB3_TC02_T2dying_cw" hidden="false" closed="true" simplified="true" border="0.322 0.773 1" fill="0.322 0.773 1" mode="15"
 points="118.147 23.11,
	118.174 23.0007,
	118.229 22.8914,
	118.311 22.782,
	118.365 22.741,
	118.475 22.7,
	118.693 22.7137,
	118.803 22.659,
	118.912 22.6317,
	119.021 22.6454,
	119.131 22.7,
	119.185 22.741,
	119.213 22.741,
	119.322 22.823,
	119.39 22.9324,
	119.404 23.0417,
	119.363 23.2604,
	119.322 23.3697,
	119.158 23.5884,
	119.049 23.684,
	118.994 23.725,
	118.775 23.7387,
	118.666 23.7113,
	118.611 23.6977,
	118.584 23.684,
	118.557 23.6977,
	118.447 23.6567,
	118.393 23.643,
	118.283 23.5747,
	118.188 23.4654,
	118.16 23.356,
	118.16 23.1374,
	118.147 23.1237,
	"/>
</Transform>

<Transform dim="0"
 xcoef=" 0 1 0 0 0 0"
 ycoef=" 0 0 1 0 0 0">
<Contour name="TB2 Nucleus_52_cw" hidden="false" closed="true" simplified="true" border="1 0 0" fill="1 0 0" mode="15"
 points="69.7288 31.9918,
	69.7911 31.593,
	69.8285 31.3936,
	69.8535 30.9947,
	69.9906 30.1971,
	70.0653 29.7983,
	70.0778 29.6986,
	70.2149 29.2998,
	70.3146 29.1004,
	70.3769 29.0007,
	70.5638 28.8138,
	70.6635 28.7141,
	70.8505 28.5521,
	70.8754 28.5147,
	71.0499 28.3153,
	71.1745 28.1159,
	71.511 27.7295,
	71.5982 27.6423,
	71.6481 27.6049,
	71.673 27.58,
	71.6979 27.58,
	71.8973 27.4304,
	72.0967 27.3432,
	72.4956 27.231,
	72.695 27.1812,
	72.8944 27.0939,
	72.9941 27.0565,
	73.1935 26.9194,
	73.3929 26.7574,
	73.4926 26.6702,
	73.692 26.558,
	73.7917 26.558,
	73.8415 26.558,
	73.8665 26.5456,
	74.0659 26.5954,
	74.1656 26.6577,
	74.2528 26.745,
	74.3151 26.8447,
	74.3899 27.0441,
	74.4023 27.2435,
	74.34 27.6423,
	74.2403 28.0411,
	74.0908 28.8387,
	73.9662 29.2375,
	73.9038 29.4369,
	73.9038 29.4618,
	73.8789 29.4868,
	73.8665 29.5366,
	73.8665 29.5615,
	73.8415 29.5865,
	73.8415 29.6114,
	73.8166 29.6363,
	73.8041 29.6862,
	73.7792 29.7111,
	73.7792 29.736,
	73.7418 29.7859,
	73.7294 29.8357,
	73.667 29.9354,
	73.6421 29.9603,
	73.6421 29.9853,
	73.505 30.1847,
	73.4427 30.2844,
	73.3555 30.3841,
	73.3555 30.409,
	73.3056 30.4589,
	73.1685 30.6583,
	72.9691 30.8452,
	72.8694 30.92,
	72.508 31.2814,
	72.3086 31.4683,
	72.2214 31.568,
	72.1591 31.6677,
	71.8101 32.0665,
	71.6232 32.2286,
	71.4238 32.3532,
	71.2244 32.428,
	71.1247 32.4653,
	70.9253 32.5027,
	70.8256 32.5152,
	70.7757 32.5401,
	70.5763 32.565,
	70.4766 32.5775,
	70.4267 32.6024,
	70.2273 32.6024,
	70.0279 32.5401,
	69.9282 32.5027,
	69.8285 32.4155,
	69.7662 32.3158,
	69.7288 32.1164,
	69.7288 32.0167,
	69.7288 32.0042,
	"/>
</Transform>

<Transform dim="0"
 xcoef=" 0 1 0 0 0 0"
 ycoef=" 0 0 1 0 0 0">
<Contour name="TB2 Nucleus_57_cw" hidden="false" closed="true" simplified="true" border="1 0 0" fill="1 0 0" mode="15"
 points="73.6204 33.0449,
	73.7328 32.6852,
	73.7553 32.5953,
	73.8339 32.4155,
	73.9576 32.2356,
	74.0025 32.1457,
	74.0138 32.1007,
	74.07 32.0108,
	74.1037 31.9209,
	74.2161 31.7523,
	74.2835 31.6624,
	74.306 31.6399,
	74.306 31.6174,
	74.4521 31.4376,
	74.4746 31.4039,
	74.5196 31.3589,
	74.542 31.314,
	74.8568 30.9655,
	75.0029 30.7857,
	75.3401 30.471,
	75.5087 30.2911,
	75.5986 30.2125,
	75.7335 30.0439,
	75.8908 29.909,
	75.9245 29.864,
	75.9583 29.8415,
	76.2955 29.4931,
	76.4528 29.3245,
	76.5202 29.2458,
	76.8574 28.9199,
	77.0373 28.7625,
	77.1272 28.7063,
	77.307 28.6277,
	77.4756 28.5265,
	77.4531 28.5153,
	77.4981 28.4928,
	77.5206 28.4928,
	77.5431 28.4703,
	77.9027 28.3691,
	78.0826 28.3579,
	78.4422 28.4366,
	78.6221 28.4928,
	78.712 28.5153,
	78.8918 28.6052,
	78.9818 28.6614,
	79.1616 28.7288,
	79.2515 28.7625,
	79.4313 28.7738,
	79.791 28.7513,
	79.8809 28.7738,
	79.9259 28.785,
	79.9709 28.8187,
	80.0608 28.8412,
	80.2294 28.9424,
	80.4092 29.0885,
	80.5778 29.2571,
	80.6565 29.347,
	80.679 29.392,
	80.7014 29.4144,
	80.7014 29.4369,
	80.7576 29.5268,
	80.7914 29.6168,
	80.8026 29.7067,
	80.7914 30.0663,
	80.8138 30.1563,
	80.8588 30.2462,
	80.9487 30.3136,
	81.0386 30.3249,
	81.0836 30.3361,
	81.1398 30.4148,
	81.1847 30.5946,
	81.196 30.6845,
	81.2747 30.8644,
	81.3646 30.9543,
	81.477 31.1341,
	81.5107 31.224,
	81.5219 31.314,
	81.5669 31.4039,
	81.6905 31.5612,
	81.9828 31.8984,
	82.0502 31.9883,
	82.1738 32.348,
	82.3874 32.6964,
	82.4548 32.8763,
	82.4773 32.9662,
	82.5223 33.0561,
	82.6459 33.4158,
	82.7471 33.7755,
	82.7808 33.9553,
	82.792 34.315,
	82.7695 34.4948,
	82.7583 34.5847,
	82.7695 34.7646,
	82.8257 34.9444,
	82.8595 35.3041,
	82.8257 35.4839,
	82.8033 35.5738,
	82.7808 35.6188,
	82.7695 35.7087,
	82.7358 35.7986,
	82.7246 35.8436,
	82.7358 35.9335,
	82.7134 36.1133,
	82.7021 36.2032,
	82.6684 36.2932,
	82.6459 36.3381,
	82.6234 36.3606,
	82.5448 36.5404,
	82.4324 36.7203,
	82.3424 36.8102,
	82.1289 37.1699,
	81.994 37.3497,
	81.9266 37.4171,
	81.7467 37.5633,
	81.7018 37.6082,
	81.4095 37.8667,
	81.2297 38.0016,
	81.1398 38.0578,
	81.1173 38.0578,
	81.0948 38.0803,
	81.0723 38.0803,
	80.8925 38.2152,
	80.7127 38.3163,
	80.5328 38.3725,
	80.1732 38.4062,
	79.9933 38.4062,
	79.8135 38.4512,
	79.7236 38.4849,
	79.3639 38.5636,
	79.0042 38.5748,
	78.8244 38.5748,
	78.1051 38.4624,
	77.9252 38.4287,
	77.7454 38.3725,
	77.3857 38.3725,
	77.026 38.3388,
	76.8462 38.2938,
	76.7563 38.2826,
	76.5764 38.1927,
	76.4865 38.1477,
	76.464 38.1252,
	76.4416 38.1252,
	76.4191 38.1028,
	76.3966 38.1028,
	76.3516 38.069,
	76.3067 38.0578,
	76.2617 38.0241,
	76.1718 37.9904,
	76.0819 37.9342,
	76.0594 37.9342,
	75.6997 37.6757,
	75.6098 37.597,
	75.4412 37.4733,
	75.2726 37.3272,
	75.104 37.1474,
	75.0254 37.0575,
	74.7668 36.6978,
	74.7219 36.6079,
	74.6994 36.5854,
	74.6994 36.5629,
	74.587 36.3831,
	74.587 36.3606,
	74.1936 35.6413,
	73.8901 34.9219,
	73.8339 34.7421,
	73.8002 34.5622,
	73.789 33.8429,
	73.744 33.6631,
	73.6653 33.4832,
	73.6316 33.3034,
	73.6204 33.1236,
	73.6204 33.0786,
	73.6204 33.0561,
	"/>
</Transform>

<Transform dim="0"
 xcoef=" 0 1 0 0 0 0"
 ycoef=" 0 0 1 0 0 0">
<Contour name="TB2_tastebud_outline_cw" hidden="false" closed="true" simplified="true" border="0.82 0.82 0.82" fill="0.753 0.753 0.753" mode="13"
 points="71.8523 37.5373,
	72.0329 37.5825,
	72.7552 38.0791,
	73.1164 38.3049,
	73.8839 39.7496,
	74.0645 40.1108,
	74.6966 40.8331,
	75.0578 41.0589,
	75.3738 41.1943,
	74.6966 41.7812,
	73.2518 42.3681,
	73.1615 42.4584,
	72.8004 42.5036,
	72.078 42.8196,
	71.7168 42.9551,
	71.5362 43.0454,
	71.4459 43.0454,
	71.2653 43.1808,
	70.9042 43.2711,
	70.7236 43.3614,
	70.6784 43.4065,
	70.4527 43.2711,
	70.0464 42.5487,
	69.8206 41.8264,
	69.6852 41.104,
	69.5949 40.7428,
	69.5949 40.3816,
	69.8658 39.6593,
	70.0464 39.2981,
	70.6333 38.5757,
	70.9493 38.35,
	71.2653 38.034,
	71.3556 37.8985,
	71.6717 37.6276,
	71.7168 37.5825,
	"/>
</Transform>

</Section>