<?xml version="1.0"?>
<!DOCTYPE Section SYSTEM "section.dtd">

<Section index="596" thickness="0.085" alignLocked="true">
<Transform dim="0"
 xcoef=" 0 1 0 0 0 0"
 ycoef=" 0 0 1 0 0 0">
<Image mag="0.00855" contrast="1" brightness="0" red="true" green="true" blue="true"
 src="Aligned 633596.tif" />
<Contour name="domain1" hidden="false" closed="true" simplified="false" border="1 0 1" fill="1 0 1" mode="11"
 points="0 0,
	15991 0,
	15991 12171,
	0 12171,
	"/>
</Transform>

<Transform dim="0"
 xcoef=" 0 1 0 0 0 0"
 ycoef=" 0 0 1 0 0 0">
<Contour name="TB2 Nucleus_75" hidden="false" closed="true" simplified="true" border="1 0 0" fill="1 0 0" mode="9"
 points="70.8151 59.2757,
	70.9784 58.4048,
	71.0873 56.663,
	71.1417 56.2276,
	71.4683 55.3567,
	71.6316 54.4857,
	71.6316 54.3769,
	71.7405 54.268,
	71.7405 54.0503,
	71.7405 53.9414,
	71.8493 53.8326,
	71.8493 53.7237,
	72.2304 53.3427,
	72.4481 53.2883,
	73.319 52.5807,
	73.7 52.1996,
	73.8633 52.0363,
	74.081 51.9819,
	74.1355 51.9275,
	74.5709 52.0908,
	75.0064 52.4718,
	75.2241 52.6351,
	75.3874 53.0705,
	75.2241 53.9414,
	75.2785 53.9959,
	75.4418 53.8326,
	75.5507 53.8326,
	75.714 54.0503,
	75.9317 54.9212,
	76.0406 55.7921,
	75.9861 56.2276,
	75.7684 56.663,
	75.6595 57.0985,
	75.2241 57.9694,
	75.1152 58.4048,
	75.0064 58.5137,
	74.7342 59.3846,
	74.4076 61.1264,
	74.4076 61.3441,
	74.2443 61.7795,
	73.8089 62.1606,
	72.938 62.2694,
	72.5025 62.2694,
	72.2848 62.2694,
	71.8493 62.1061,
	71.6316 61.9428,
	71.5228 61.834,
	71.0873 60.0922,
	70.9784 59.9833,
	70.924 59.7656,
	70.8151 59.6567,
	70.8151 59.439,
	70.8151 59.3301,
	"/>
</Transform>

<Transform dim="0"
 xcoef=" 0 1 0 0 0 0"
 ycoef=" 0 0 1 0 0 0">
<Contour name="TB2 Nucleus_53" hidden="false" closed="true" simplified="true" border="1 0 0" fill="1 0 0" mode="9"
 points="68.989 47.6219,
	69.146 47.2632,
	69.3702 46.5457,
	69.3702 46.456,
	69.5047 46.0973,
	69.5495 45.9179,
	69.5495 45.8282,
	69.5271 45.7834,
	69.6168 45.7386,
	69.7962 45.7161,
	69.841 45.761,
	69.9307 45.7386,
	69.9755 45.7386,
	70.3343 45.5144,
	71.0517 45.2229,
	71.2311 45.1556,
	71.9486 45.0884,
	72.0158 44.9987,
	72.0607 44.8193,
	72.0831 44.7296,
	72.0831 44.6848,
	72.2625 44.6624,
	72.6212 44.7296,
	72.9799 44.8417,
	73.1593 44.8642,
	73.2041 44.909,
	73.1817 45.0884,
	73.1144 45.2677,
	73.1144 45.3574,
	73.2041 45.4247,
	73.5629 45.3574,
	73.9216 45.1556,
	74.2803 44.8642,
	74.4597 44.752,
	74.6391 44.6848,
	74.8184 44.7072,
	75.1772 44.8866,
	75.3341 44.9987,
	75.4462 45.178,
	75.3565 45.5368,
	75.3565 45.7161,
	75.4238 45.8955,
	75.4014 46.0749,
	75.5135 46.4336,
	75.4911 46.7923,
	75.4238 47.1511,
	75.4238 47.2408,
	75.3117 47.4201,
	74.9978 47.7789,
	74.8408 47.9582,
	74.5942 48.2273,
	74.3476 48.5636,
	74.1682 48.7205,
	73.8095 48.9223,
	73.6301 49.012,
	73.5404 49.1017,
	73.1817 49.3259,
	72.823 49.438,
	72.6436 49.4604,
	72.5539 49.4604,
	72.3746 49.5725,
	72.1952 49.595,
	72.1055 49.595,
	71.9261 49.5277,
	71.7468 49.6846,
	71.5674 49.7519,
	71.4777 49.8192,
	71.2984 49.8416,
	71.119 49.7967,
	71.0293 49.7519,
	70.8499 49.7743,
	70.4912 49.9088,
	70.3118 49.9761,
	70.2222 49.9985,
	70.1325 49.9761,
	69.7962 49.7071,
	69.6168 49.5277,
	69.5495 49.438,
	69.5495 49.3932,
	69.7289 49.3035,
	69.8186 49.2586,
	69.9531 49.0793,
	69.9531 48.9896,
	69.7737 48.9223,
	69.0787 48.3842,
	69.0114 48.2945,
	69.0114 48.2497,
	69.146 48.0703,
	69.1908 47.9807,
	69.0114 47.8685,
	68.989 47.6892,
	68.989 47.6443,
	"/>
</Transform>

<Transform dim="0"
 xcoef=" 0 1 0 0 0 0"
 ycoef=" 0 0 1 0 0 0">
<Contour name="TB2 NF_24" hidden="true" closed="true" simplified="true" border="1 0.501961 0.25098" fill="1 0.501961 0.25098" mode="-9"
 points="98.836 13.6641,
	98.9029 13.4857,
	98.9475 13.3966,
	99.1258 13.2406,
	99.3041 13.1514,
	99.6608 13.1291,
	99.7499 13.1291,
	99.8391 13.1737,
	99.8837 13.2183,
	99.9283 13.3966,
	99.906 13.5749,
	99.8391 13.7532,
	99.7277 13.9316,
	99.5493 14.043,
	99.4602 14.0876,
	99.1035 14.1099,
	99.0144 14.0653,
	98.8806 13.887,
	98.8806 13.8424,
	98.836 13.7978,
	98.836 13.7087,
	98.836 13.6864,
	"/>
</Transform>

<Transform dim="0"
 xcoef=" 0 1 0 0 0 0"
 ycoef=" 0 0 1 0 0 0">
<Contour name="TB2 NF_24_cw" hidden="false" closed="true" simplified="true" border="1 0.5 0" fill="1 0.682353 0.368627" mode="15"
 points="98.8766 13.6842,
	98.8881 13.6224,
	98.8997 13.5916,
	98.8997 13.5839,
	98.9345 13.5221,
	99.0194 13.4025,
	99.1197 13.2828,
	99.1467 13.252,
	99.1621 13.2365,
	99.1737 13.2288,
	99.2355 13.1748,
	99.2972 13.1362,
	99.4207 13.0938,
	99.4824 13.0745,
	99.5133 13.0629,
	99.5751 13.0513,
	99.6059 13.0436,
	99.7294 13.0474,
	99.7603 13.0513,
	99.822 13.0706,
	99.8838 13.1053,
	99.8992 13.1169,
	99.9108 13.1478,
	99.9147 13.1787,
	99.9108 13.2095,
	99.9185 13.2404,
	99.9455 13.2713,
	99.961 13.2867,
	99.9725 13.3176,
	99.9764 13.3793,
	99.9803 13.4102,
	99.9725 13.4411,
	99.9069 13.5646,
	99.8722 13.6263,
	99.8529 13.6572,
	99.849 13.6726,
	99.7912 13.7344,
	99.7603 13.7498,
	99.7487 13.7652,
	99.7564 13.827,
	99.7526 13.8578,
	99.7371 13.8887,
	99.7256 13.9042,
	99.714 13.935,
	99.7063 13.9427,
	99.6985 13.9736,
	99.687 13.9891,
	99.6561 14.0006,
	99.6059 14.0585,
	99.5789 14.0855,
	99.5635 14.101,
	99.5558 14.101,
	99.5403 14.1125,
	99.5249 14.1164,
	99.494 14.1357,
	99.4631 14.1473,
	99.4014 14.1357,
	99.2779 14.101,
	99.2162 14.0971,
	99.1544 14.0701,
	99.1235 14.0508,
	99.0618 14.0392,
	99.0309 14.0199,
	99.0078 13.9891,
	98.9962 13.9582,
	98.9383 13.9003,
	98.9267 13.8694,
	98.9229 13.854,
	98.9036 13.8231,
	98.8843 13.7614,
	98.8766 13.7305,
	98.8766 13.6996,
	98.8766 13.688,
	"/>
</Transform>

<Transform dim="0"
 xcoef=" 0 1 0 0 0 0"
 ycoef=" 0 0 1 0 0 0">
<Contour name="TB2 NF_10_cw" hidden="false" closed="true" simplified="true" border="0.808 0 0.808" fill="0.443 0 0.443" mode="15"
 points="71.1932 52.2694,
	71.2213 52.2051,
	71.2615 52.1409,
	71.2936 52.0766,
	71.3097 52.0445,
	71.3338 52.0124,
	71.3458 51.9963,
	71.3458 51.9883,
	71.3619 51.9802,
	71.394 51.9762,
	71.4101 51.9682,
	71.4181 51.9682,
	71.4262 51.9602,
	71.4904 51.9441,
	71.5547 51.9361,
	71.6189 51.9642,
	71.6511 51.9762,
	71.7153 51.9762,
	71.7796 51.9843,
	71.8117 51.9923,
	71.8278 51.9923,
	71.9563 52.0606,
	71.9884 52.0927,
	72.0245 52.157,
	72.0446 52.2212,
	72.0567 52.2855,
	72.0567 52.3176,
	72.0567 52.3337,
	72.0486 52.3497,
	72.0486 52.3578,
	72.0165 52.3859,
	71.9563 52.418,
	71.9402 52.426,
	71.9241 52.426,
	71.892 52.4421,
	71.8599 52.4662,
	71.8278 52.4823,
	71.8197 52.4903,
	71.7876 52.4903,
	71.7715 52.4903,
	71.7394 52.5064,
	71.7113 52.5305,
	71.6952 52.5465,
	71.6952 52.5545,
	71.6792 52.5706,
	71.6631 52.5706,
	71.6551 52.5746,
	71.5266 52.5144,
	71.5105 52.5144,
	71.4784 52.5305,
	71.4623 52.5465,
	71.398 52.5907,
	71.39 52.6068,
	71.3739 52.6228,
	71.3418 52.6268,
	71.3097 52.6228,
	71.2936 52.6148,
	71.2735 52.5827,
	71.2735 52.5666,
	71.2615 52.5345,
	71.2535 52.4702,
	71.2013 52.3417,
	71.1932 52.3096,
	71.1932 52.2774,
	71.1932 52.2734,
	"/>
</Transform>

<Transform dim="0"
 xcoef=" 0 1 0 0 0 0"
 ycoef=" 0 0 1 0 0 0">
<Contour name="TB2 NF_17_cw" hidden="false" closed="true" simplified="true" border="0.682 0 0" fill="1 0 0" mode="-15"
 points="65.7618 59.9068,
	65.8046 59.7925,
	65.8189 59.7354,
	65.8189 59.6783,
	65.8261 59.6497,
	65.8189 59.6212,
	65.8332 59.5069,
	65.8832 59.2784,
	65.9189 59.0499,
	65.9546 58.9357,
	66.0117 58.8215,
	66.0331 58.7643,
	66.1474 58.6858,
	66.2616 58.643,
	66.2902 58.643,
	66.3473 58.6072,
	66.4044 58.5858,
	66.433 58.5787,
	66.4901 58.543,
	66.5472 58.4859,
	66.5901 58.4287,
	66.6543 58.3216,
	66.6829 58.3002,
	66.74 58.2931,
	66.7971 58.2717,
	66.8471 58.2217,
	66.8614 58.2074,
	66.8614 58.1931,
	66.8757 58.1788,
	66.9114 58.0646,
	66.9257 58.0075,
	66.9185 57.9503,
	66.8828 57.8932,
	66.8757 57.8647,
	66.8828 57.8361,
	67.0113 57.6076,
	67.1256 57.5005,
	67.1827 57.4505,
	67.2398 57.4148,
	67.2969 57.3648,
	67.3255 57.3506,
	67.3826 57.3006,
	67.4112 57.2934,
	67.4683 57.2577,
	67.5254 57.2577,
	67.5826 57.2792,
	67.6183 57.3363,
	67.6254 57.3648,
	67.6254 57.3791,
	67.6468 57.4077,
	67.6468 57.422,
	67.6611 57.4362,
	67.6825 57.4934,
	67.7182 57.5505,
	67.7325 57.5791,
	67.7468 57.6933,
	67.7682 57.7504,
	67.7611 57.8075,
	67.7468 57.8361,
	67.6897 57.8932,
	67.6611 57.9218,
	67.6325 57.9361,
	67.5826 57.986,
	67.554 58.0146,
	67.4612 58.2431,
	67.4683 58.3002,
	67.4683 58.3145,
	67.5183 58.3716,
	67.5326 58.4287,
	67.5254 58.4859,
	67.3112 58.6215,
	67.197 58.6787,
	67.1399 58.6929,
	67.0827 58.7358,
	66.9899 58.85,
	66.9185 58.9643,
	66.8757 59.0214,
	66.8471 59.0499,
	66.79 59.0856,
	66.74 59.1356,
	66.7114 59.1928,
	66.6972 59.2499,
	66.69 59.2784,
	66.6972 59.3356,
	66.6757 59.4498,
	66.6757 59.4784,
	66.6543 59.5355,
	66.64 59.6497,
	66.6543 59.764,
	66.5901 59.8782,
	66.5401 59.9353,
	66.483 59.9568,
	66.3687 59.9496,
	66.3116 59.9282,
	66.2616 59.9782,
	66.2545 60.0353,
	66.2616 60.0924,
	66.2759 60.121,
	66.2687 60.1781,
	66.2473 60.2352,
	66.233 60.2638,
	66.2045 60.2924,
	66.1759 60.2924,
	66.1616 60.2781,
	66.1045 60.2852,
	65.9903 60.2209,
	65.9332 60.1995,
	65.9189 60.1995,
	65.8689 60.1495,
	65.8475 60.0924,
	65.7761 59.9782,
	65.7618 59.9211,
	65.7618 59.9139,
	"/>
</Transform>

<Transform dim="0"
 xcoef=" 0 1 0 0 0 0"
 ycoef=" 0 0 1 0 0 0">
<Contour name="TB2 NF_17_cw" hidden="false" closed="true" simplified="true" border="0.682 0 0" fill="1 0 0" mode="-15"
 points="70.9885 52.8308,
	71.0027 52.7165,
	71.0099 52.6594,
	71.017 52.6309,
	71.167 52.4024,
	71.1812 52.3881,
	71.1955 52.3881,
	71.2455 52.4452,
	71.2526 52.4738,
	71.2455 52.5309,
	71.2384 52.5594,
	71.2598 52.6166,
	71.3169 52.638,
	71.3312 52.6451,
	71.3883 52.5952,
	71.4026 52.5666,
	71.4597 52.5237,
	71.5168 52.5166,
	71.6311 52.5666,
	71.6882 52.5452,
	71.7382 52.4952,
	71.7667 52.488,
	71.781 52.488,
	71.7953 52.5023,
	71.8096 52.5023,
	71.8667 52.5452,
	71.8881 52.5737,
	71.9167 52.688,
	71.9167 52.7165,
	71.8881 52.7737,
	71.7882 52.8808,
	71.7596 52.9022,
	71.6454 52.9236,
	71.5311 52.9807,
	71.474 53.0021,
	71.3669 53.0807,
	71.3169 53.1378,
	71.2027 53.2164,
	71.1741 53.2306,
	71.1455 53.2235,
	71.1313 53.2092,
	71.1027 53.2021,
	71.0456 53.1592,
	71.017 53.1021,
	70.9956 52.8736,
	70.9885 52.8451,
	70.9885 52.8379,
	"/>
</Transform>

<Transform dim="0"
 xcoef=" 0 1 0 0 0 0"
 ycoef=" 0 0 1 0 0 0">
<Image mag="0.00855" contrast="1" brightness="0" red="true" green="true" blue="true"
 src="..\TF21_robdata\Rob's_latest_seg_files_TF21_TB2\Aligned 633596.tif" />
<Contour name="domain1" hidden="false" closed="true" simplified="false" border="1 0 1" fill="1 0 1" mode="11"
 points="0 0,
	15991 0,
	15991 12171,
	0 12171,
	"/>
</Transform>

<Transform dim="0"
 xcoef=" 0 1 0 0 0 0"
 ycoef=" 0 0 1 0 0 0">
<Contour name="TB2 Nucleus_75" hidden="false" closed="true" simplified="true" border="1 0 0" fill="1 0 0" mode="9"
 points="70.8151 59.2757,
	70.9784 58.4048,
	71.0873 56.663,
	71.1417 56.2276,
	71.4683 55.3567,
	71.6316 54.4857,
	71.6316 54.3769,
	71.7405 54.268,
	71.7405 54.0503,
	71.7405 53.9414,
	71.8493 53.8326,
	71.8493 53.7237,
	72.2304 53.3427,
	72.4481 53.2883,
	73.319 52.5807,
	73.7 52.1996,
	73.8633 52.0363,
	74.081 51.9819,
	74.1355 51.9275,
	74.5709 52.0908,
	75.0064 52.4718,
	75.2241 52.6351,
	75.3874 53.0705,
	75.2241 53.9414,
	75.2785 53.9959,
	75.4418 53.8326,
	75.5507 53.8326,
	75.714 54.0503,
	75.9317 54.9212,
	76.0406 55.7921,
	75.9861 56.2276,
	75.7684 56.663,
	75.6595 57.0985,
	75.2241 57.9694,
	75.1152 58.4048,
	75.0064 58.5137,
	74.7342 59.3846,
	74.4076 61.1264,
	74.4076 61.3441,
	74.2443 61.7795,
	73.8089 62.1606,
	72.938 62.2694,
	72.5025 62.2694,
	72.2848 62.2694,
	71.8493 62.1061,
	71.6316 61.9428,
	71.5228 61.834,
	71.0873 60.0922,
	70.9784 59.9833,
	70.924 59.7656,
	70.8151 59.6567,
	70.8151 59.439,
	70.8151 59.3301,
	"/>
</Transform>

<Transform dim="0"
 xcoef=" 0 1 0 0 0 0"
 ycoef=" 0 0 1 0 0 0">
<Contour name="TB2 Nucleus_53" hidden="false" closed="true" simplified="true" border="1 0 0" fill="1 0 0" mode="9"
 points="68.989 47.6219,
	69.146 47.2632,
	69.3702 46.5457,
	69.3702 46.456,
	69.5047 46.0973,
	69.5495 45.9179,
	69.5495 45.8282,
	69.5271 45.7834,
	69.6168 45.7386,
	69.7962 45.7161,
	69.841 45.761,
	69.9307 45.7386,
	69.9755 45.7386,
	70.3343 45.5144,
	71.0517 45.2229,
	71.2311 45.1556,
	71.9486 45.0884,
	72.0158 44.9987,
	72.0607 44.8193,
	72.0831 44.7296,
	72.0831 44.6848,
	72.2625 44.6624,
	72.6212 44.7296,
	72.9799 44.8417,
	73.1593 44.8642,
	73.2041 44.909,
	73.1817 45.0884,
	73.1144 45.2677,
	73.1144 45.3574,
	73.2041 45.4247,
	73.5629 45.3574,
	73.9216 45.1556,
	74.2803 44.8642,
	74.4597 44.752,
	74.6391 44.6848,
	74.8184 44.7072,
	75.1772 44.8866,
	75.3341 44.9987,
	75.4462 45.178,
	75.3565 45.5368,
	75.3565 45.7161,
	75.4238 45.8955,
	75.4014 46.0749,
	75.5135 46.4336,
	75.4911 46.7923,
	75.4238 47.1511,
	75.4238 47.2408,
	75.3117 47.4201,
	74.9978 47.7789,
	74.8408 47.9582,
	74.5942 48.2273,
	74.3476 48.5636,
	74.1682 48.7205,
	73.8095 48.9223,
	73.6301 49.012,
	73.5404 49.1017,
	73.1817 49.3259,
	72.823 49.438,
	72.6436 49.4604,
	72.5539 49.4604,
	72.3746 49.5725,
	72.1952 49.595,
	72.1055 49.595,
	71.9261 49.5277,
	71.7468 49.6846,
	71.5674 49.7519,
	71.4777 49.8192,
	71.2984 49.8416,
	71.119 49.7967,
	71.0293 49.7519,
	70.8499 49.7743,
	70.4912 49.9088,
	70.3118 49.9761,
	70.2222 49.9985,
	70.1325 49.9761,
	69.7962 49.7071,
	69.6168 49.5277,
	69.5495 49.438,
	69.5495 49.3932,
	69.7289 49.3035,
	69.8186 49.2586,
	69.9531 49.0793,
	69.9531 48.9896,
	69.7737 48.9223,
	69.0787 48.3842,
	69.0114 48.2945,
	69.0114 48.2497,
	69.146 48.0703,
	69.1908 47.9807,
	69.0114 47.8685,
	68.989 47.6892,
	68.989 47.6443,
	"/>
</Transform>

<Transform dim="0"
 xcoef=" 0 1 0 0 0 0"
 ycoef=" 0 0 1 0 0 0">
<Contour name="TB2 NF_24" hidden="true" closed="true" simplified="true" border="1 0.501961 0.25098" fill="1 0.501961 0.25098" mode="-9"
 points="98.836 13.6641,
	98.9029 13.4857,
	98.9475 13.3966,
	99.1258 13.2406,
	99.3041 13.1514,
	99.6608 13.1291,
	99.7499 13.1291,
	99.8391 13.1737,
	99.8837 13.2183,
	99.9283 13.3966,
	99.906 13.5749,
	99.8391 13.7532,
	99.7277 13.9316,
	99.5493 14.043,
	99.4602 14.0876,
	99.1035 14.1099,
	99.0144 14.0653,
	98.8806 13.887,
	98.8806 13.8424,
	98.836 13.7978,
	98.836 13.7087,
	98.836 13.6864,
	"/>
</Transform>

<Transform dim="0"
 xcoef=" 0 1 0 0 0 0"
 ycoef=" 0 0 1 0 0 0">
<Contour name="TB2 NF_24_cw" hidden="false" closed="true" simplified="true" border="1 0.5 0" fill="1 0.682353 0.368627" mode="15"
 points="98.8766 13.6842,
	98.8881 13.6224,
	98.8997 13.5916,
	98.8997 13.5839,
	98.9345 13.5221,
	99.0194 13.4025,
	99.1197 13.2828,
	99.1467 13.252,
	99.1621 13.2365,
	99.1737 13.2288,
	99.2355 13.1748,
	99.2972 13.1362,
	99.4207 13.0938,
	99.4824 13.0745,
	99.5133 13.0629,
	99.5751 13.0513,
	99.6059 13.0436,
	99.7294 13.0474,
	99.7603 13.0513,
	99.822 13.0706,
	99.8838 13.1053,
	99.8992 13.1169,
	99.9108 13.1478,
	99.9147 13.1787,
	99.9108 13.2095,
	99.9185 13.2404,
	99.9455 13.2713,
	99.961 13.2867,
	99.9725 13.3176,
	99.9764 13.3793,
	99.9803 13.4102,
	99.9725 13.4411,
	99.9069 13.5646,
	99.8722 13.6263,
	99.8529 13.6572,
	99.849 13.6726,
	99.7912 13.7344,
	99.7603 13.7498,
	99.7487 13.7652,
	99.7564 13.827,
	99.7526 13.8578,
	99.7371 13.8887,
	99.7256 13.9042,
	99.714 13.935,
	99.7063 13.9427,
	99.6985 13.9736,
	99.687 13.9891,
	99.6561 14.0006,
	99.6059 14.0585,
	99.5789 14.0855,
	99.5635 14.101,
	99.5558 14.101,
	99.5403 14.1125,
	99.5249 14.1164,
	99.494 14.1357,
	99.4631 14.1473,
	99.4014 14.1357,
	99.2779 14.101,
	99.2162 14.0971,
	99.1544 14.0701,
	99.1235 14.0508,
	99.0618 14.0392,
	99.0309 14.0199,
	99.0078 13.9891,
	98.9962 13.9582,
	98.9383 13.9003,
	98.9267 13.8694,
	98.9229 13.854,
	98.9036 13.8231,
	98.8843 13.7614,
	98.8766 13.7305,
	98.8766 13.6996,
	98.8766 13.688,
	"/>
</Transform>

<Transform dim="0"
 xcoef=" 0 1 0 0 0 0"
 ycoef=" 0 0 1 0 0 0">
<Image mag="0.00855" contrast="1" brightness="0" red="true" green="true" blue="true"
 src="Aligned 633596.tif" />
<Contour name="a1" hidden="false" closed="true" simplified="false" border="1 0.5 0" fill="1 0.5 0" mode="11"
 points="0 0,
	15991 0,
	15991 12171,
	0 12171,
	"/>
</Transform>

<Transform dim="0"
 xcoef=" 0 1 0 0 0 0"
 ycoef=" 0 0 1 0 0 0">
<Contour name="TB3_nucleus02_cw" hidden="false" closed="true" simplified="true" border="1 1 1" fill="1 1 1" mode="15"
 points="97.822 64.9053,
	97.8431 64.8491,
	97.8853 64.7929,
	97.8994 64.7647,
	97.9064 64.7085,
	97.9064 64.6944,
	97.9345 64.6663,
	97.9626 64.6523,
	98.0119 64.603,
	98.0329 64.596,
	98.0329 64.5398,
	98.0329 64.5116,
	98.0822 64.3992,
	98.1033 64.3429,
	98.1173 64.3289,
	98.1173 64.3148,
	98.1314 64.3007,
	98.1947 64.0758,
	98.2298 63.9633,
	98.2439 63.907,
	98.3212 63.7945,
	98.3564 63.7453,
	98.3915 63.6328,
	98.4759 63.5203,
	98.504 63.4641,
	98.5181 63.2391,
	98.4899 63.1266,
	98.4899 63.0704,
	98.511 63.0142,
	98.6165 62.9017,
	98.6305 62.8876,
	98.6657 62.7751,
	98.736 62.6626,
	98.7782 62.4377,
	98.7922 62.4095,
	98.9047 62.3252,
	99.1297 62.2127,
	99.1578 62.1846,
	99.1649 62.1283,
	99.1508 62.0721,
	99.1578 62.0158,
	99.193 61.9596,
	99.2492 61.9104,
	99.3617 61.8822,
	99.418 61.8541,
	99.4742 61.8119,
	99.5304 61.8049,
	99.5586 61.7979,
	99.6711 61.7205,
	99.7835 61.6713,
	99.8398 61.6643,
	99.896 61.6995,
	99.9241 61.7135,
	99.9523 61.7065,
	99.9734 61.6784,
	99.9804 61.6502,
	100.001 61.6221,
	100.03 61.6081,
	100.044 61.594,
	100.1 61.5729,
	100.156 61.5659,
	100.205 61.6151,
	100.233 61.6432,
	100.29 61.7557,
	100.318 61.8119,
	100.374 61.8612,
	100.402 61.8752,
	100.43 61.8752,
	100.487 61.8471,
	100.712 61.8682,
	100.768 61.8752,
	100.824 61.9244,
	100.852 61.9807,
	100.873 62.0088,
	100.88 62.0369,
	100.922 62.0932,
	100.979 62.1424,
	101.091 62.2056,
	101.119 62.2267,
	101.176 62.2338,
	101.232 62.2267,
	101.344 62.1916,
	101.372 62.2056,
	101.386 62.2056,
	101.408 62.2338,
	101.408 62.29,
	101.443 62.3463,
	101.471 62.3744,
	101.499 62.3814,
	101.597 62.4869,
	101.654 62.515,
	101.668 62.515,
	101.766 62.6204,
	101.794 62.6345,
	101.808 62.6486,
	101.865 62.6697,
	101.921 62.6626,
	101.977 62.6415,
	102.005 62.6345,
	102.061 62.6486,
	102.118 62.6837,
	102.146 62.7118,
	102.202 62.7259,
	102.315 62.7048,
	102.371 62.7118,
	102.399 62.7259,
	102.427 62.7259,
	102.455 62.747,
	102.483 62.8032,
	102.497 62.8595,
	102.525 62.9157,
	102.532 62.9438,
	102.554 62.972,
	102.589 63.0845,
	102.631 63.3094,
	102.708 63.5344,
	102.722 63.5625,
	102.729 63.675,
	102.722 63.7313,
	102.687 63.8437,
	102.722 64.0687,
	102.708 64.1812,
	102.666 64.2937,
	102.575 64.3992,
	102.547 64.4273,
	102.532 64.4835,
	102.532 64.596,
	102.518 64.6523,
	102.49 64.7085,
	102.441 64.7647,
	102.42 64.8772,
	102.371 64.9264,
	102.258 64.9546,
	102.244 64.9546,
	102.216 64.9757,
	102.202 65.0038,
	102.181 65.1163,
	102.167 65.1725,
	102.125 65.2288,
	102.068 65.2709,
	102.04 65.2991,
	101.928 65.3553,
	101.815 65.4256,
	101.759 65.4397,
	101.703 65.4678,
	101.675 65.4748,
	101.618 65.517,
	101.597 65.5451,
	101.583 65.6576,
	101.583 65.7139,
	101.548 65.8263,
	101.499 65.9388,
	101.351 66.1638,
	101.323 66.22,
	101.281 66.2763,
	101.225 66.3114,
	101.197 66.3255,
	101.084 66.3255,
	101.028 66.3325,
	101 66.3396,
	100.965 66.3888,
	100.972 66.5013,
	100.951 66.5224,
	100.922 66.5224,
	100.866 66.4802,
	100.81 66.4731,
	100.782 66.4731,
	100.754 66.4521,
	100.698 66.445,
	100.683 66.438,
	100.627 66.4661,
	100.599 66.4872,
	100.585 66.4872,
	100.529 66.5224,
	100.416 66.5083,
	100.36 66.4942,
	100.332 66.4802,
	100.276 66.4802,
	100.219 66.4661,
	100.191 66.4802,
	100.156 66.5364,
	100.1 66.5716,
	100.072 66.5786,
	100.044 66.5645,
	99.9874 66.4521,
	99.9734 66.4239,
	99.9874 66.3677,
	99.9874 66.3536,
	99.9593 66.3396,
	99.9031 66.3466,
	99.8468 66.3817,
	99.7343 66.4169,
	99.6781 66.4169,
	99.5656 66.3817,
	99.5375 66.3677,
	99.4883 66.3114,
	99.4601 66.2974,
	99.4461 66.2833,
	99.3336 66.2622,
	99.2773 66.2552,
	99.2492 66.2482,
	99.1367 66.1568,
	99.0875 66.1076,
	99.0594 66.1005,
	98.9469 66.0302,
	98.8907 65.988,
	98.8696 65.8756,
	98.8415 65.8193,
	98.8133 65.7912,
	98.7008 65.7349,
	98.6727 65.7139,
	98.6587 65.7139,
	98.6446 65.6998,
	98.6165 65.6928,
	98.6024 65.6787,
	98.4899 65.6435,
	98.4337 65.6154,
	98.4056 65.6014,
	98.3564 65.5451,
	98.3493 65.517,
	98.3212 65.51,
	98.265 65.517,
	98.2087 65.4818,
	98.1806 65.4608,
	98.1665 65.4608,
	98.054 65.3694,
	97.9626 65.2569,
	97.8994 65.1444,
	97.8712 65.0881,
	97.8572 65.0319,
	97.8291 64.9757,
	97.822 64.9194,
	97.822 64.9124,
	"/>
</Transform>

<Transform dim="0"
 xcoef=" 0 1 0 0 0 0"
 ycoef=" 0 0 1 0 0 0">
<Contour name="TB3_TC02_T2dying_cw" hidden="false" closed="true" simplified="true" border="0.322 0.773 1" fill="0.322 0.773 1" mode="15"
 points="103.917 41.0268,
	103.969 40.9437,
	104.042 40.8606,
	104.073 40.7775,
	104.063 40.6113,
	104.042 40.5282,
	104.052 40.4451,
	104.094 40.362,
	104.156 40.279,
	104.198 40.1959,
	104.218 40.1128,
	104.229 40.0712,
	104.27 40.0297,
	104.291 40.0089,
	104.333 39.9985,
	104.364 39.957,
	104.385 39.8739,
	104.343 39.7077,
	104.333 39.6869,
	104.385 39.6038,
	104.416 39.5623,
	104.426 39.4792,
	104.374 39.313,
	104.374 39.2299,
	104.468 38.8975,
	104.468 38.8768,
	104.509 38.8352,
	104.551 38.8145,
	104.592 38.8456,
	104.665 39.0118,
	104.696 39.0533,
	104.707 39.0637,
	104.727 39.043,
	104.634 38.7106,
	104.613 38.5444,
	104.623 38.3782,
	104.655 38.2951,
	104.675 38.2536,
	104.655 38.1705,
	104.644 38.1289,
	104.665 38.0459,
	104.665 38.0251,
	104.696 37.9835,
	104.686 37.9004,
	104.675 37.8589,
	104.707 37.7758,
	104.8 37.6096,
	104.81 37.5265,
	104.8 37.4434,
	104.81 37.4019,
	104.956 37.2357,
	104.987 37.1526,
	104.997 37.0695,
	105.029 37.028,
	105.07 37.0176,
	105.091 36.9968,
	105.06 36.9137,
	105.112 36.7475,
	105.257 36.4152,
	105.299 36.3321,
	105.309 36.2905,
	105.361 36.2074,
	105.444 36.1347,
	105.475 36.0516,
	105.486 35.9685,
	105.475 35.927,
	105.548 35.7608,
	105.6 35.5946,
	105.631 35.4284,
	105.662 35.3454,
	105.683 35.1792,
	105.714 35.0961,
	105.724 35.0545,
	105.859 34.8883,
	106.026 34.826,
	106.192 34.7325,
	106.358 34.6183,
	106.524 34.4729,
	106.67 34.3067,
	106.784 34.1405,
	106.836 33.8081,
	106.867 33.7251,
	106.95 33.642,
	107.054 33.4758,
	107.21 33.32,
	107.282 33.2369,
	107.449 33.133,
	107.532 33.0707,
	107.573 33.0499,
	107.656 33.0603,
	107.739 33.0292,
	107.781 32.9876,
	107.802 32.9045,
	107.802 32.863,
	107.823 32.8214,
	107.833 32.7383,
	107.906 32.6864,
	108.072 32.6345,
	108.113 32.6033,
	108.134 32.5825,
	108.176 32.5929,
	108.238 32.676,
	108.269 32.7591,
	108.352 32.8318,
	108.394 32.8422,
	108.477 32.811,
	108.56 32.7279,
	108.643 32.5618,
	108.726 32.4891,
	108.768 32.406,
	108.788 32.3644,
	108.83 32.354,
	108.851 32.354,
	108.882 32.3125,
	108.913 32.1463,
	108.934 32.0632,
	109.027 31.897,
	109.079 31.8139,
	109.225 31.6477,
	109.277 31.3154,
	109.277 31.2738,
	109.36 31.1076,
	109.484 30.9415,
	109.526 30.8584,
	109.536 30.7753,
	109.619 30.6091,
	109.671 30.526,
	109.692 30.4429,
	109.775 30.2767,
	109.817 30.1936,
	109.983 30.0275,
	110.014 29.9859,
	110.004 29.9028,
	109.993 29.8613,
	110.014 29.7782,
	110.024 29.7366,
	110.108 29.6743,
	110.191 29.6328,
	110.357 29.5912,
	110.523 29.4977,
	110.617 29.3316,
	110.627 29.2485,
	110.606 29.0823,
	110.596 29.0407,
	110.71 28.7084,
	110.689 28.5422,
	110.71 28.4591,
	110.824 28.2929,
	110.835 28.2098,
	110.824 28.0436,
	110.887 27.8774,
	111.032 27.7113,
	111.115 27.6385,
	111.281 27.5347,
	111.447 27.4828,
	111.541 27.3166,
	111.551 27.1504,
	111.603 26.9842,
	111.645 26.9011,
	111.717 26.8284,
	111.738 26.8076,
	111.78 26.7972,
	111.801 26.7869,
	111.873 26.8492,
	111.894 26.9323,
	111.884 26.9738,
	111.873 26.9946,
	111.946 27.0569,
	111.988 27.0465,
	112.05 26.9634,
	112.091 26.9323,
	112.133 26.9219,
	112.143 26.9115,
	112.226 26.9738,
	112.31 27.0154,
	112.351 26.9946,
	112.361 26.8284,
	112.372 26.7453,
	112.361 26.7038,
	112.278 26.6518,
	112.237 26.6207,
	112.216 26.5791,
	112.247 26.496,
	112.299 26.4129,
	112.33 26.3714,
	112.413 26.3298,
	112.455 26.3091,
	112.538 26.3298,
	112.621 26.3298,
	112.663 26.3195,
	112.767 26.1533,
	113.099 25.9559,
	113.182 25.904,
	113.514 25.6132,
	113.66 25.447,
	113.732 25.3639,
	113.774 25.3224,
	114.106 25.1146,
	114.189 25.0627,
	114.522 24.7615,
	114.678 24.5953,
	114.854 24.2629,
	114.896 24.1798,
	114.958 24.0967,
	114.989 24.0552,
	115.072 24.024,
	115.28 23.7021,
	115.363 23.6294,
	115.374 23.619,
	115.425 23.7021,
	115.446 23.7436,
	115.457 23.7644,
	115.374 23.9306,
	115.332 23.9721,
	115.259 24.1383,
	115.259 24.2214,
	115.29 24.3045,
	115.27 24.4707,
	115.28 24.5538,
	115.332 24.6368,
	115.322 24.7199,
	115.249 24.803,
	115.218 24.9692,
	115.166 25.1354,
	115.114 25.2185,
	115.083 25.3016,
	115.093 25.4678,
	115.103 25.5509,
	115.072 25.6339,
	114.906 25.7794,
	114.854 25.8625,
	114.813 26.0286,
	114.802 26.0702,
	114.792 26.091,
	114.813 26.174,
	114.802 26.3402,
	114.761 26.4233,
	114.678 26.496,
	114.615 26.5791,
	114.584 26.6622,
	114.615 26.7453,
	114.719 26.9115,
	114.75 26.953,
	114.761 27.1192,
	114.75 27.2023,
	114.782 27.3685,
	114.885 27.5347,
	114.906 27.6178,
	114.896 27.7009,
	114.906 27.784,
	114.875 27.9501,
	114.989 28.1163,
	115.02 28.2825,
	115.02 28.3656,
	115.02 28.4072,
	115.176 28.5733,
	115.259 28.9057,
	115.27 28.9888,
	115.259 29.0719,
	115.301 29.2381,
	115.311 29.3212,
	115.27 29.4874,
	115.228 29.5704,
	115.197 29.612,
	115.166 29.6951,
	115.052 29.8613,
	114.979 29.9444,
	114.989 30.0275,
	114.989 30.069,
	115.031 30.1521,
	115.093 30.2352,
	115.135 30.3183,
	115.145 30.3598,
	115.114 30.4429,
	115.041 30.5156,
	114.958 30.526,
	114.875 30.5052,
	114.709 30.4221,
	114.688 30.3806,
	114.688 30.2975,
	114.678 30.256,
	114.595 30.1936,
	114.553 30.1625,
	114.511 30.1521,
	114.428 30.1729,
	114.387 30.1936,
	114.304 30.1936,
	114.221 30.1729,
	114.2 30.1832,
	114.231 30.3494,
	114.241 30.391,
	114.169 30.7233,
	114.075 31.0557,
	113.992 31.2219,
	113.982 31.3881,
	113.982 31.4712,
	113.899 31.6374,
	113.857 31.6789,
	113.857 31.762,
	113.836 31.8451,
	113.795 31.9282,
	113.722 32.0113,
	113.691 32.1775,
	113.681 32.219,
	113.618 32.3021,
	113.597 32.3436,
	113.577 32.3644,
	113.566 32.406,
	113.556 32.4267,
	113.566 32.4475,
	113.525 32.5306,
	113.525 32.5514,
	113.452 32.6345,
	113.286 32.7279,
	113.244 32.7487,
	113.161 32.8318,
	113.13 32.8734,
	113.12 33.0395,
	113.109 33.1226,
	113.078 33.2057,
	112.995 33.268,
	112.964 33.3096,
	112.953 33.3511,
	112.974 33.3927,
	112.995 33.4135,
	112.974 33.4966,
	112.902 33.5796,
	112.704 33.912,
	112.611 34.0782,
	112.569 34.1613,
	112.517 34.3275,
	112.445 34.4937,
	112.403 34.5768,
	112.237 34.7429,
	112.164 34.826,
	112.112 34.9922,
	112.071 35.0753,
	111.936 35.2415,
	111.853 35.3142,
	111.769 35.335,
	111.728 35.335,
	111.645 35.3765,
	111.51 35.5427,
	111.177 36.2074,
	111.105 36.2801,
	111.063 36.3009,
	110.98 36.384,
	110.897 36.5398,
	110.98 36.5917,
	111.022 36.6125,
	111.042 36.6333,
	111.011 36.7164,
	110.949 36.7995,
	110.907 36.8202,
	110.866 36.8099,
	110.824 36.8306,
	110.772 36.9137,
	110.606 37.0176,
	110.565 37.0591,
	110.471 37.2253,
	110.409 37.3084,
	110.367 37.3915,
	110.305 37.4746,
	110.274 37.5161,
	110.263 37.5577,
	110.045 37.8901,
	109.973 38.0562,
	109.921 38.1393,
	109.91 38.1809,
	109.796 38.3471,
	109.734 38.4302,
	109.64 38.5963,
	109.36 38.9287,
	109.235 39.0949,
	109.069 39.2403,
	108.903 39.3546,
	108.737 39.5104,
	108.57 39.5831,
	108.529 39.5831,
	108.383 39.7492,
	108.3 39.8219,
	108.217 39.8323,
	108.134 39.8219,
	108.113 39.8116,
	107.947 39.8635,
	107.864 39.9258,
	107.812 40.0089,
	107.812 40.092,
	107.885 40.2582,
	107.916 40.3413,
	107.937 40.3828,
	107.947 40.4036,
	107.926 40.4451,
	107.76 40.4659,
	107.428 40.4348,
	107.262 40.4451,
	107.095 40.4867,
	106.929 40.5594,
	106.846 40.6009,
	106.68 40.6425,
	106.514 40.6633,
	106.348 40.6217,
	106.181 40.6113,
	105.849 40.5386,
	105.766 40.5386,
	105.683 40.5594,
	105.641 40.5802,
	105.621 40.6217,
	105.693 40.9541,
	105.662 41.2864,
	105.589 41.4526,
	105.506 41.515,
	105.423 41.515,
	105.257 41.4422,
	105.216 41.4215,
	105.195 41.4111,
	105.112 41.4526,
	105.029 41.5253,
	104.945 41.5565,
	104.779 41.5046,
	104.759 41.4942,
	104.675 41.5253,
	104.592 41.5046,
	104.551 41.515,
	104.488 41.598,
	104.447 41.6188,
	104.426 41.6292,
	104.343 41.5877,
	104.27 41.515,
	104.187 41.4734,
	104.021 41.3384,
	103.938 41.2553,
	103.917 41.2137,
	103.928 41.1306,
	103.917 41.0476,
	103.917 41.0372,
	"/>
</Transform>

<Transform dim="0"
 xcoef=" 0 1 0 0 0 0"
 ycoef=" 0 0 1 0 0 0">
<Contour name="TB3_tastebud_outline_cw" hidden="false" closed="true" simplified="true" border="0.752941 0.752941 0.752941" fill="0.752941 0.752941 0.752941" mode="15"
 points="88.8502 63.6564,
	89.2611 62.3414,
	89.4255 61.6839,
	90.1652 60.3688,
	90.6584 59.7113,
	91.3159 59.136,
	92.631 58.3962,
	93.2885 58.1497,
	94.6035 58.2319,
	95.9186 58.8072,
	97.2336 59.2181,
	97.8911 59.4647,
	98.5487 59.3825,
	99.2062 59.136,
	99.6993 58.4784,
	99.7815 55.8483,
	99.6993 53.2182,
	99.6171 52.5607,
	100.028 49.9306,
	100.275 48.6156,
	101.425 45.9855,
	101.836 44.6704,
	102.494 43.3554,
	102.823 42.6979,
	102.987 42.3691,
	103.644 41.876,
	104.96 41.3006,
	105.288 41.2184,
	105.453 41.0541,
	106.768 40.5609,
	107.096 40.3965,
	108.412 39.2459,
	109.069 38.5884,
	110.959 35.9583,
	111.946 34.6432,
	112.357 33.9857,
	112.439 33.6569,
	114.165 31.0268,
	115.316 29.7118,
	115.48 29.7118,
	115.562 30.0405,
	116.055 30.6981,
	116.137 31.0268,
	116.384 31.3556,
	116.384 31.52,
	117.042 32.0131,
	117.946 33.3282,
	118.521 33.9857,
	118.768 34.3144,
	118.768 34.4788,
	119.261 35.1364,
	119.425 35.3007,
	119.425 35.4651,
	120 36.1226,
	120.822 37.4377,
	121.151 38.0952,
	121.398 38.424,
	121.644 39.0815,
	122.466 40.3965,
	122.713 41.0541,
	122.959 41.3828,
	123.617 44.0129,
	123.699 46.643,
	123.535 49.2731,
	122.466 54.5333,
	121.726 57.1634,
	121.48 57.8209,
	121.315 57.9853,
	120.904 59.3003,
	120.165 60.6154,
	119.918 61.2729,
	119.507 61.9304,
	119.261 62.2592,
	119.178 62.588,
	117.124 65.2181,
	115.973 66.5331,
	113.343 68.7522,
	108.083 73.9302,
	107.425 74.5878,
	106.11 75.4919,
	104.795 75.985,
	102.165 76.5603,
	100.85 76.4781,
	99.535 76.5603,
	98.2199 76.3959,
	96.9049 76.0672,
	95.5898 75.574,
	94.9323 75.4097,
	93.6172 74.6699,
	92.9597 74.259,
	91.6447 72.944,
	91.3981 72.6152,
	91.2337 72.4508,
	91.1515 72.122,
	90.2474 70.807,
	89.6721 69.492,
	89.0968 66.8619,
	88.8502 64.2318,
	88.8502 63.903,
	88.8502 63.7386,
	"/>
</Transform>

<Transform dim="0"
 xcoef=" 0 1 0 0 0 0"
 ycoef=" 0 0 1 0 0 0">
<Contour name="TB3_TC02_T2dying_cw" hidden="false" closed="true" simplified="true" border="0.322 0.773 1" fill="0.322 0.773 1" mode="15"
 points="96.709 64.8846,
	96.7817 64.5523,
	96.792 64.4692,
	96.792 64.4484,
	96.8232 64.4069,
	96.844 64.2407,
	96.8128 64.1576,
	96.8128 64.0745,
	96.792 63.9914,
	96.792 63.9083,
	96.9375 63.5759,
	96.9894 63.4098,
	96.9686 63.2436,
	97.0102 63.0774,
	97.0309 62.9112,
	97.0309 62.8697,
	97.1556 62.5373,
	97.166 62.3711,
	97.1556 62.2049,
	97.1867 62.0387,
	97.1867 61.9972,
	97.2594 61.831,
	97.3218 61.7479,
	97.4049 61.696,
	97.4879 61.6648,
	97.571 61.5817,
	97.6645 61.4155,
	97.7165 61.3324,
	97.7372 61.3117,
	97.9034 61.2701,
	97.945 61.2597,
	98.0177 61.1766,
	98.0384 61.0936,
	98.028 61.0105,
	98.028 60.9689,
	98.0177 60.9481,
	98.0488 60.8651,
	98.2046 60.6989,
	98.2877 60.6365,
	98.3293 60.6262,
	98.4123 60.6573,
	98.4954 60.7093,
	98.6616 60.7196,
	98.7447 60.7508,
	98.7863 60.7716,
	98.8694 60.7508,
	98.9524 60.6989,
	99.0355 60.6262,
	99.1186 60.5846,
	99.2848 60.5638,
	99.451 60.5119,
	99.6172 60.4288,
	99.7834 60.3769,
	99.9496 60.2938,
	100.282 60.0757,
	100.614 59.7952,
	100.697 59.7849,
	100.78 59.7537,
	100.864 59.6914,
	100.916 59.6083,
	100.957 59.5667,
	101.04 59.5252,
	101.123 59.4525,
	101.206 59.2863,
	101.31 58.9539,
	101.352 58.6216,
	101.362 58.4554,
	101.383 58.3723,
	101.383 58.2061,
	101.383 58.123,
	101.456 57.9568,
	101.466 57.8737,
	101.445 57.7906,
	101.476 57.6245,
	101.539 57.4583,
	101.601 57.3752,
	101.632 57.2921,
	101.601 56.9597,
	101.591 56.7935,
	101.58 56.7104,
	101.611 56.5443,
	101.643 56.4612,
	101.809 56.3781,
	101.892 56.295,
	101.944 56.2119,
	101.975 56.0457,
	101.965 56.0249,
	102.016 55.8587,
	102.068 55.7757,
	102.141 55.6926,
	102.183 55.651,
	102.276 55.4848,
	102.307 55.3186,
	102.318 55.2356,
	102.349 55.1525,
	102.359 55.0694,
	102.349 55.0278,
	102.401 54.6955,
	102.453 54.5293,
	102.473 54.4462,
	102.567 54.28,
	102.64 54.1969,
	102.692 54.1138,
	102.744 53.9476,
	102.764 53.7814,
	102.868 53.4491,
	102.847 53.2829,
	102.91 53.1167,
	103.003 52.9505,
	103.034 52.8674,
	103.107 52.7843,
	103.138 52.7012,
	103.211 52.6181,
	103.252 52.6181,
	103.273 52.6181,
	103.315 52.5766,
	103.367 52.4104,
	103.439 52.2442,
	103.46 52.1611,
	103.512 52.078,
	103.595 51.995,
	103.678 51.9326,
	103.824 51.7665,
	103.845 51.7249,
	103.886 51.6937,
	103.928 51.6834,
	103.969 51.6937,
	104.042 51.7768,
	104.104 51.943,
	104.146 52.1092,
	104.177 52.1923,
	104.291 52.3585,
	104.322 52.5247,
	104.27 53.1894,
	104.26 53.2725,
	104.281 53.6049,
	104.353 53.9372,
	104.447 54.2696,
	104.447 54.4358,
	104.395 54.7682,
	104.374 54.9343,
	104.395 55.1005,
	104.405 55.1836,
	104.478 55.3498,
	104.509 55.516,
	104.53 55.5991,
	104.613 55.7653,
	104.644 55.8484,
	104.603 56.0145,
	104.582 56.0976,
	104.572 56.2638,
	104.561 56.3469,
	104.582 56.5131,
	104.592 56.5962,
	104.603 56.6377,
	104.603 56.6585,
	104.686 56.7208,
	104.852 56.8039,
	104.894 56.8351,
	104.914 56.8455,
	104.925 56.9286,
	104.956 57.0116,
	105.039 57.0844,
	105.07 57.1674,
	105.049 57.2505,
	105.112 57.5829,
	105.101 57.7491,
	105.08 57.8322,
	105.101 58.1646,
	105.112 58.2061,
	105.101 58.2476,
	105.112 58.2892,
	105.08 58.4554,
	105.008 58.6216,
	104.977 58.7047,
	104.966 58.7254,
	105.049 58.8916,
	105.153 59.0474,
	105.143 59.1305,
	105.153 59.2136,
	105.018 59.546,
	104.997 59.6291,
	104.977 59.6706,
	104.987 59.7121,
	105.029 59.7329,
	105.101 59.816,
	105.132 60.1484,
	105.153 60.2315,
	105.164 60.273,
	105.247 60.325,
	105.278 60.3353,
	105.226 60.4184,
	105.195 60.5015,
	105.351 60.8339,
	105.434 61.0001,
	105.475 61.0832,
	105.506 61.4155,
	105.475 62.0803,
	105.423 62.4126,
	105.392 62.5788,
	105.34 62.745,
	105.267 62.9112,
	105.257 62.9527,
	105.174 63.0358,
	105.091 63.0878,
	105.008 63.1709,
	104.966 63.254,
	104.945 63.337,
	104.925 63.3786,
	104.914 63.4617,
	104.987 63.6279,
	105.06 63.711,
	105.112 63.7941,
	105.164 63.9602,
	105.174 64.0018,
	105.226 64.0849,
	105.288 64.2511,
	105.454 64.5834,
	105.579 64.9158,
	105.652 65.082,
	105.673 65.2482,
	105.662 65.4144,
	105.673 65.5805,
	105.704 65.7467,
	105.756 65.9129,
	105.766 66.0791,
	105.745 66.4115,
	105.766 66.5776,
	105.859 66.91,
	105.88 67.0762,
	105.849 67.2424,
	105.839 67.2839,
	105.87 67.4501,
	105.891 67.5332,
	105.88 67.6163,
	105.859 67.6578,
	105.87 67.824,
	105.839 67.9071,
	105.818 68.5719,
	105.808 68.738,
	105.735 69.0704,
	105.662 69.2366,
	105.61 69.3197,
	105.444 69.4859,
	105.371 69.569,
	105.319 69.6521,
	105.288 69.8182,
	105.205 69.9013,
	105.122 69.9325,
	105.08 69.9636,
	105.008 70.1298,
	105.06 70.4622,
	105.039 70.6284,
	105.039 70.6699,
	104.997 70.753,
	104.956 70.7946,
	104.935 70.8153,
	104.852 70.7842,
	104.81 70.7011,
	104.81 70.618,
	104.79 70.5765,
	104.748 70.5349,
	104.717 70.5765,
	104.696 70.6595,
	104.707 70.8257,
	104.644 70.9919,
	104.457 71.3243,
	104.405 71.4074,
	104.073 71.7397,
	103.741 71.9786,
	103.574 72.0098,
	103.491 72.0098,
	103.45 71.9994,
	103.284 72.0306,
	103.201 72.0929,
	103.055 72.2591,
	103.024 72.3422,
	102.972 72.4253,
	102.889 72.5083,
	102.795 72.6745,
	102.754 72.7576,
	102.619 72.9134,
	102.453 72.9757,
	102.287 73.0173,
	102.12 73.09,
	101.954 73.1939,
	101.788 73.3185,
	101.622 73.3912,
	101.539 73.4431,
	101.487 73.5262,
	101.404 73.5989,
	101.362 73.6197,
	101.279 73.5989,
	101.206 73.5366,
	101.123 73.5989,
	101.04 73.6301,
	100.999 73.6301,
	100.916 73.5782,
	100.832 73.4951,
	100.749 73.4431,
	100.708 73.4327,
	100.625 73.4639,
	100.542 73.4431,
	100.458 73.4847,
	100.417 73.5262,
	100.334 73.547,
	100.001 73.4847,
	99.9184 73.4535,
	99.8353 73.4535,
	99.7938 73.4535,
	99.7107 73.412,
	99.638 73.3289,
	99.6172 73.2873,
	99.5756 73.2562,
	99.5549 73.2354,
	99.5133 73.277,
	99.5029 73.36,
	99.4925 73.4016,
	99.4925 73.4224,
	99.4095 73.4847,
	99.3264 73.4951,
	99.2848 73.4951,
	99.2121 73.412,
	99.1913 73.3704,
	99.2017 73.2873,
	99.2329 73.2042,
	99.2017 73.1212,
	99.1913 73.0381,
	99.2121 72.955,
	99.1498 72.7888,
	99.0771 72.4564,
	98.9628 72.124,
	98.8694 71.7917,
	98.8486 71.7086,
	98.8486 71.667,
	98.7551 71.5009,
	98.7136 71.4178,
	98.7032 71.3347,
	98.7136 71.1685,
	98.6512 71.0023,
	98.6201 70.8361,
	98.4747 70.6699,
	98.4123 70.5868,
	98.4123 70.5661,
	98.3916 70.5453,
	98.3189 70.2129,
	98.3293 70.1298,
	98.3293 70.0883,
	98.2358 69.9221,
	98.1008 69.7559,
	98.08 69.7144,
	98.0696 69.6313,
	98.08 69.5482,
	98.08 69.5066,
	98.08 69.4859,
	98.0592 69.4651,
	98.0488 69.4235,
	98.0177 69.382,
	97.9969 69.3612,
	97.9865 69.195,
	97.9346 69.112,
	97.7684 68.9665,
	97.6853 68.8938,
	97.6022 68.8419,
	97.5399 68.7588,
	97.4464 68.5926,
	97.3633 68.5095,
	97.2906 68.3434,
	97.2802 68.2603,
	97.2075 68.0941,
	97.2594 67.7617,
	97.2698 67.5955,
	97.2491 67.4293,
	97.2283 67.3462,
	97.2594 67.1801,
	97.2491 67.0139,
	97.2179 66.9308,
	97.1036 66.7646,
	97.0102 66.4322,
	96.9894 66.266,
	97.0102 66.0999,
	97.0206 66.0168,
	97.0206 65.9752,
	96.979 65.8921,
	96.9063 65.809,
	96.8544 65.7259,
	96.7713 65.3936,
	96.7193 65.2274,
	96.709 64.895,
	"/>
</Transform>

<Transform dim="0"
 xcoef=" 0 1 0 0 0 0"
 ycoef=" 0 0 1 0 0 0">
<Contour name="TB2 Nucleus_57_cw" hidden="false" closed="true" simplified="true" border="1 0 0" fill="1 0 0" mode="15"
 points="73.5305 33.6968,
	73.5754 33.3371,
	73.5979 33.1573,
	73.6541 32.9774,
	73.6653 32.8875,
	73.7103 32.7976,
	73.744 32.7526,
	73.8227 32.5728,
	73.8227 32.5503,
	73.8452 32.5278,
	73.9126 32.348,
	74.1262 31.9883,
	74.1711 31.8984,
	74.2049 31.8535,
	74.2049 31.831,
	74.4409 31.4713,
	74.5533 31.2915,
	74.6882 31.1116,
	74.7106 31.0667,
	74.9916 30.7182,
	75.1378 30.5609,
	75.4749 30.2237,
	75.5649 30.1338,
	75.7222 30.0101,
	75.7672 29.9764,
	75.8571 29.9427,
	76.0257 29.8303,
	76.1156 29.7966,
	76.2055 29.7966,
	76.2505 29.7966,
	76.273 29.7853,
	76.3629 29.7966,
	76.3854 29.7853,
	76.5652 29.7966,
	76.745 29.8528,
	76.9249 29.9315,
	77.0148 29.9877,
	77.0373 29.9877,
	77.1272 30.0439,
	77.2958 30.19,
	77.6555 30.4035,
	77.7004 30.4148,
	77.8578 30.5384,
	78.2062 30.8082,
	78.2961 30.8644,
	78.386 30.9543,
	78.431 31.0442,
	78.5097 31.0892,
	78.6895 31.1454,
	78.7794 31.224,
	78.9143 31.4039,
	79.0155 31.5837,
	79.0717 31.9434,
	79.0717 31.9883,
	79.0941 32.0333,
	79.0941 32.0558,
	79.3077 32.4155,
	79.4313 32.5953,
	79.5213 32.7751,
	79.5662 32.865,
	79.5887 32.91,
	79.6112 32.9325,
	79.6449 33.0224,
	79.6786 33.0674,
	79.7123 33.1573,
	79.7348 33.2022,
	79.7685 33.3821,
	79.7685 33.5619,
	79.7348 33.7417,
	79.6561 33.9216,
	79.555 34.2813,
	79.5437 34.3712,
	79.555 34.4049,
	79.5437 34.4274,
	79.5775 34.5173,
	79.6337 34.596,
	79.7123 34.6859,
	79.791 34.7533,
	79.8247 34.7983,
	79.9147 35.158,
	79.9484 35.3378,
	79.9596 35.3827,
	79.9484 35.5626,
	79.9596 35.7424,
	79.9484 35.9223,
	79.8922 36.1021,
	79.8135 36.2819,
	79.8135 36.3044,
	79.7348 36.3943,
	79.6449 36.4393,
	79.5662 36.518,
	79.3639 36.8776,
	79.229 37.035,
	79.0717 37.1923,
	79.0267 37.2261,
	78.9368 37.2485,
	78.8918 37.2598,
	78.8019 37.316,
	78.7457 37.4059,
	78.712 37.4958,
	78.6558 37.5857,
	78.4872 37.7543,
	78.3973 37.8105,
	78.2174 37.8443,
	77.8578 37.8555,
	77.6779 37.8218,
	77.4981 37.8218,
	77.4082 37.8218,
	77.2284 37.7881,
	76.8687 37.597,
	76.509 37.4733,
	76.1493 37.3722,
	76.0594 37.3609,
	75.9695 37.316,
	75.7897 37.1811,
	75.0816 36.7428,
	74.913 36.6079,
	74.8343 36.5404,
	74.8118 36.5067,
	74.7219 36.4168,
	74.587 36.2482,
	74.5196 36.1583,
	74.5196 36.1358,
	74.3735 35.9672,
	74.3285 35.9223,
	74.306 35.8773,
	74.2273 35.7874,
	74.0363 35.4277,
	74.0025 35.3378,
	73.9014 35.158,
	73.8452 35.068,
	73.8227 35.0456,
	73.8115 35.0006,
	73.744 34.9107,
	73.6653 34.7308,
	73.6541 34.6859,
	73.6316 34.6634,
	73.5979 34.4836,
	73.5754 34.4386,
	73.5417 34.2588,
	73.5305 33.8991,
	73.5305 33.7193,
	73.5305 33.708,
	"/>
</Transform>

</Section>