<?xml version="1.0"?>
<!DOCTYPE Section SYSTEM "section.dtd">

<Section index="105" thickness="0.085" alignLocked="true">
<Transform dim="0"
 xcoef=" 0 1 0 0 0 0"
 ycoef=" 0 0 1 0 0 0">
<Image mag="0.00855" contrast="1" brightness="0" red="true" green="true" blue="true"
 src="Aligned 633105.tif" />
<Contour name="domain1" hidden="false" closed="true" simplified="false" border="1 0 1" fill="1 0 1" mode="11"
 points="0 0,
	15991 0,
	15991 12171,
	0 12171,
	"/>
</Transform>

<Transform dim="0"
 xcoef=" 0 1 0 0 0 0"
 ycoef=" 0 0 1 0 0 0">
<Contour name="TB2 NF_15" hidden="true" closed="true" simplified="false" border="1 1 0" fill="1 1 0" mode="-9"
 points="79.5128 2.87324,
	79.5926 2.81338,
	79.6724 2.79342,
	79.7123 2.79342,
	79.7722 2.87324,
	79.7722 2.95305,
	79.7921 2.99295,
	79.7323 3.07277,
	79.6924 3.09272,
	79.6126 3.07277,
	79.5128 2.93309,
	79.5128 2.89319,
	"/>
</Transform>

<Transform dim="0"
 xcoef=" 0 1 0 0 0 0"
 ycoef=" 0 0 1 0 0 0">
<Contour name="TB2 NF_15" hidden="true" closed="true" simplified="false" border="1 1 0" fill="1 1 0" mode="-9"
 points="79.3303 3.57694,
	79.3901 3.50719,
	79.4698 3.45738,
	79.5495 3.42749,
	79.6293 3.42749,
	79.709 3.49723,
	79.7289 3.53709,
	79.7289 3.61679,
	79.7289 3.65665,
	79.709 3.6965,
	79.6293 3.77621,
	79.5495 3.8061,
	79.5296 3.81607,
	79.4499 3.79614,
	79.4101 3.77621,
	79.3702 3.73636,
	79.3602 3.6965,
	79.3303 3.67658,
	79.3303 3.59687,
	79.3303 3.5869,
	"/>
</Transform>

<Transform dim="0"
 xcoef=" 0 1 0 0 0 0"
 ycoef=" 0 0 1 0 0 0">
<Contour name="TB2 NF_15" hidden="true" closed="true" simplified="false" border="1 1 0" fill="1 1 0" mode="-9"
 points="78.882 2.00269,
	78.9019 1.98276,
	78.9119 1.90305,
	78.9218 1.8632,
	78.9816 1.78349,
	79.0613 1.73367,
	79.1012 1.72371,
	79.1809 1.74363,
	79.2207 1.76356,
	79.2606 1.80342,
	79.2905 1.88312,
	79.3005 1.92298,
	79.2905 1.96283,
	79.2207 2.04254,
	79.141 2.0824,
	79.0613 2.09236,
	78.9816 2.07243,
	78.9418 2.05251,
	78.9218 2.01265,
	78.9119 2.00269,
	78.8919 2.01265,
	"/>
</Transform>

<Transform dim="0"
 xcoef=" 0 1 0 0 0 0"
 ycoef=" 0 0 1 0 0 0">
<Contour name="TB2 NF_18" hidden="true" closed="true" simplified="true" border="0.501961 0.501961 1" fill="0.501961 0.501961 1" mode="-9"
 points="88.0899 5.84558,
	88.1605 5.56301,
	88.1958 5.42173,
	88.2665 5.28045,
	88.2841 5.20981,
	88.5137 4.9449,
	88.5844 4.89192,
	88.655 4.87426,
	88.7786 4.7683,
	88.8493 4.75064,
	88.9905 4.66233,
	89.2731 4.60935,
	89.3438 4.62701,
	89.3967 4.68,
	89.3967 4.82128,
	89.3084 4.96256,
	89.2555 5.0332,
	89.1318 5.31577,
	89.0435 5.59833,
	88.9729 5.73962,
	88.8846 6.02218,
	88.8846 6.09282,
	88.8316 6.23411,
	88.7963 6.30475,
	88.6727 6.44603,
	88.3901 6.64029,
	88.2665 6.67562,
	88.1428 6.58731,
	88.0899 6.30475,
	88.0899 6.02218,
	88.0899 5.8809,
	88.0899 5.86324,
	"/>
</Transform>

<Transform dim="0"
 xcoef=" 0 1 0 0 0 0"
 ycoef=" 0 0 1 0 0 0">
<Contour name="TB2 NF_18" hidden="true" closed="true" simplified="true" border="0.501961 0.501961 1" fill="0.501961 0.501961 1" mode="-9"
 points="87.4894 10.1724,
	87.5601 9.60724,
	87.6307 9.32467,
	87.7013 9.18339,
	87.8073 9.0421,
	88.0722 8.79486,
	88.0899 8.72422,
	87.9839 8.44165,
	87.9486 8.37101,
	87.8779 8.30037,
	87.8073 8.15909,
	87.7013 8.0178,
	87.666 7.87652,
	87.5777 7.73524,
	87.5424 7.45267,
	87.5424 7.31139,
	87.5777 7.17011,
	87.5954 7.09946,
	87.7013 6.97584,
	87.772 6.95818,
	87.8426 6.97584,
	87.9309 7.06414,
	87.9486 7.34671,
	87.9662 7.48799,
	88.0369 7.62927,
	88.2488 7.91184,
	88.3548 8.05312,
	88.4431 8.33569,
	88.4607 8.61825,
	88.4431 8.90082,
	88.3901 9.18339,
	88.3901 9.25403,
	88.3548 9.32467,
	88.3548 9.39531,
	88.0899 9.96044,
	87.6484 10.5079,
	87.613 10.5256,
	87.5954 10.5079,
	87.5777 10.5432,
	87.5247 10.4726,
	87.4894 10.19,
	"/>
</Transform>

<Transform dim="0"
 xcoef=" 0 1 0 0 0 0"
 ycoef=" 0 0 1 0 0 0">
<Contour name="TB2 NF_18" hidden="true" closed="true" simplified="true" border="0.501961 0.501961 1" fill="0.501961 0.501961 1" mode="-9"
 points="88.4329 4.89064,
	88.5181 4.79331,
	88.7006 4.64732,
	88.7249 4.63516,
	88.7614 4.65949,
	88.7371 4.75681,
	88.6884 4.85414,
	88.5911 4.92713,
	88.5424 4.9393,
	88.4451 5.00013,
	88.4329 4.9028,
	"/>
<Contour name="TB2 NF_18" hidden="true" closed="true" simplified="true" border="0.501961 0.501961 1" fill="0.501961 0.501961 1" mode="-9"
 points="88.0193 7.53061,
	88.0436 7.43328,
	88.068 7.38462,
	88.0923 7.36029,
	88.141 7.37245,
	88.1775 7.46978,
	88.214 7.51844,
	88.4086 7.59144,
	88.4573 7.6401,
	88.5059 7.65227,
	88.6033 7.73743,
	88.6641 7.83475,
	88.7006 8.0294,
	88.6884 8.12673,
	88.6519 8.22406,
	88.6276 8.27272,
	88.6033 8.28489,
	88.5546 8.23622,
	88.5546 8.28489,
	88.5424 8.30922,
	88.4938 8.29705,
	88.4573 8.24839,
	88.4208 8.05374,
	88.3843 7.95641,
	88.3234 7.87125,
	88.2748 7.82259,
	88.1775 7.77392,
	88.1045 7.70093,
	88.068 7.65227,
	88.0436 7.62793,
	88.0193 7.54277,
	"/>
<Contour name="TB2 NF_18" hidden="true" closed="true" simplified="true" border="0.501961 0.501961 1" fill="0.501961 0.501961 1" mode="-9"
 points="96.7787 0.63262,
	96.8152 0.535294,
	96.9125 0.450133,
	96.9368 0.425802,
	97.1315 0.364973,
	97.2288 0.352807,
	97.4234 0.389304,
	97.5086 0.486631,
	97.5208 0.583957,
	97.4964 0.681283,
	97.4234 0.778609,
	97.3261 0.863769,
	97.2288 0.912432,
	97.1801 0.924598,
	97.1558 0.912432,
	97.1436 0.924598,
	96.949 0.888101,
	96.8516 0.827272,
	96.7908 0.742112,
	96.7787 0.644785,
	"/>
</Transform>

<Transform dim="0"
 xcoef=" 0 1 0 0 0 0"
 ycoef=" 0 0 1 0 0 0">
<Contour name="TB2 NF_18" hidden="true" closed="true" simplified="true" border="0.501961 0.501961 1" fill="0.501961 0.501961 1" mode="-9"
 points="87.8599 10.4496,
	87.9004 10.4192,
	87.8902 10.399,
	87.9004 10.3787,
	87.9105 10.3889,
	87.951 10.3484,
	87.9712 10.3079,
	88.0421 10.2269,
	88.0826 10.1864,
	88.1231 10.1661,
	88.2041 10.1661,
	88.2851 10.1864,
	88.3661 10.237,
	88.4168 10.318,
	88.4472 10.3585,
	88.4472 10.3787,
	88.4067 10.4091,
	88.0826 10.4395,
	88.0016 10.4597,
	87.9206 10.4597,
	87.8801 10.4597,
	87.87 10.4597,
	"/>
</Transform>

<Transform dim="0"
 xcoef=" 0 1 0 0 0 0"
 ycoef=" 0 0 1 0 0 0">
<Contour name="TB2 NF_18" hidden="true" closed="true" simplified="true" border="0.501961 0.501961 1" fill="0.501961 0.501961 1" mode="-9"
 points="86.284 17.4536,
	86.2945 17.4118,
	86.3154 17.4013,
	86.3468 17.4432,
	86.3678 17.5269,
	86.4411 17.6945,
	86.462 17.7782,
	86.5144 17.862,
	86.5353 17.9457,
	86.7028 18.2808,
	86.7971 18.4483,
	86.8285 18.5321,
	86.8285 18.6158,
	86.8075 18.6996,
	86.7761 18.731,
	86.7342 18.7415,
	86.6819 18.8252,
	86.6609 18.8462,
	86.5772 18.8252,
	86.4934 18.7833,
	86.4515 18.7415,
	86.3992 18.6577,
	86.3992 18.6368,
	86.3678 18.5949,
	86.3364 18.5111,
	86.305 18.1761,
	86.284 17.506,
	86.284 17.4641,
	"/>
</Transform>

<Transform dim="0"
 xcoef=" 0 1 0 0 0 0"
 ycoef=" 0 0 1 0 0 0">
<Contour name="TB2 NF_15" hidden="true" closed="true" simplified="false" border="1 1 0" fill="1 1 0" mode="-9"
 points="77.9225 3.83277,
	77.9858 3.70607,
	78.2392 3.54769,
	78.3659 3.57937,
	78.461 3.70607,
	78.4926 3.83277,
	78.4293 3.95947,
	78.2076 4.11785,
	78.1442 4.18121,
	78.0808 4.18121,
	77.9858 4.0545,
	77.9541 3.9278,
	77.9225 3.86445,
	"/>
</Transform>

<Transform dim="0"
 xcoef=" 0 1 0 0 0 0"
 ycoef=" 0 0 1 0 0 0">
<Contour name="TB2 NF_17" hidden="true" closed="true" simplified="true" border="1 0.501961 0.501961" fill="1 0.501961 0.501961" mode="-9"
 points="87.1256 17.1143,
	87.1429 17.097,
	87.1774 17.1488,
	87.1774 17.1143,
	87.2465 17.0625,
	87.3156 17.0452,
	87.4019 17.1661,
	87.4019 17.2352,
	87.3674 17.3042,
	87.3328 17.3388,
	87.2638 17.3388,
	87.1947 17.287,
	87.1774 17.2524,
	87.1947 17.3906,
	87.1774 17.4251,
	87.1256 17.1488,
	87.1256 17.1315,
	"/>
<Contour name="TB2 NF_17" hidden="true" closed="true" simplified="true" border="1 0.501961 0.501961" fill="1 0.501961 0.501961" mode="-9"
 points="86.9529 16.4062,
	87.022 16.3371,
	87.0911 16.3199,
	87.1601 16.3889,
	87.1774 16.5271,
	87.1774 16.5962,
	87.1774 16.6307,
	87.1083 16.6825,
	87.0738 16.6825,
	87.0047 16.6134,
	86.9529 16.4753,
	86.9529 16.4235,
	"/>
<Contour name="TB2 NF_17" hidden="true" closed="true" simplified="true" border="1 0.501961 0.501961" fill="1 0.501961 0.501961" mode="-9"
 points="87.0911 15.8018,
	87.1256 15.7672,
	87.2465 15.75,
	87.2983 15.819,
	87.2983 15.8881,
	87.2465 15.9572,
	87.1774 15.9745,
	87.1429 15.9745,
	87.0911 15.9054,
	87.0911 15.8363,
	87.0911 15.819,
	"/>
</Transform>

<Transform dim="0"
 xcoef=" 0 1 0 0 0 0"
 ycoef=" 0 0 1 0 0 0">
<Contour name="TB2 NF_15" hidden="true" closed="true" simplified="false" border="1 1 0" fill="1 1 0" mode="-9"
 points="78.457 4.032,
	78.5461 3.9429,
	78.7243 3.92062,
	78.9025 3.9429,
	78.9916 3.98745,
	79.0807 4.07656,
	79.1698 4.12111,
	79.2367 4.21021,
	79.2589 4.29932,
	79.2367 4.38842,
	79.1475 4.45525,
	79.0584 4.47753,
	78.8802 4.45525,
	78.7911 4.38842,
	78.702 4.36615,
	78.5461 4.21021,
	78.4793 4.14338,
	78.457 4.05428,
	"/>
</Transform>

<Transform dim="0"
 xcoef=" 0 1 0 0 0 0"
 ycoef=" 0 0 1 0 0 0">
<Contour name="TB2 NF_17" hidden="true" closed="true" simplified="true" border="1 0.501961 0.501961" fill="1 0.501961 0.501961" mode="-9"
 points="79.7773 4.12206,
	79.8894 4.00989,
	80.1138 3.89773,
	80.2259 3.89773,
	80.254 3.86969,
	80.3661 3.92577,
	80.4783 4.03794,
	80.5624 4.26227,
	80.5624 4.37443,
	80.5624 4.43051,
	80.3381 4.6268,
	80.1138 4.65484,
	80.0016 4.65484,
	79.8894 4.57072,
	79.8614 4.54268,
	79.8053 4.57072,
	79.7773 4.54268,
	79.8053 4.43051,
	79.7773 4.20618,
	79.7773 4.1501,
	"/>
</Transform>

<Transform dim="0"
 xcoef=" 0 1 0 0 0 0"
 ycoef=" 0 0 1 0 0 0">
<Contour name="TB2 NF_19_cw" hidden="false" closed="true" simplified="true" border="1 1 0" fill="1 0.502 0" mode="15"
 points="87.2718 1.86445,
	87.2861 1.8073,
	87.3218 1.75729,
	87.379 1.75729,
	87.4361 1.78587,
	87.4647 1.79301,
	87.579 1.87873,
	87.6361 1.91445,
	87.6576 1.94302,
	87.6647 2.00017,
	87.5933 2.22876,
	87.5861 2.25734,
	87.5861 2.27162,
	87.5576 2.3002,
	87.529 2.30734,
	87.5147 2.31449,
	87.4576 2.28591,
	87.429 2.27877,
	87.3718 2.23591,
	87.3504 2.20733,
	87.3361 2.15019,
	87.3361 2.12161,
	87.3004 2.06446,
	87.279 2.00732,
	87.2718 1.89302,
	87.2718 1.87159,
	"/>
</Transform>

<Transform dim="0"
 xcoef=" 0 1 0 0 0 0"
 ycoef=" 0 0 1 0 0 0">
<Contour name="TB2 NF_01_cw" hidden="false" closed="true" simplified="true" border="0.501961 0 0.501961" fill="0.909804 0 0.909804" mode="15"
 points="87.7518 1.0225,
	87.7711 0.945331,
	87.8097 0.916393,
	87.8483 0.906746,
	87.8869 0.926039,
	87.964 0.935685,
	88.0412 0.964624,
	88.0798 0.97427,
	88.1473 1.03215,
	88.1763 1.08038,
	88.128 1.15755,
	88.128 1.17684,
	87.9737 1.19613,
	87.8965 1.20578,
	87.8579 1.20578,
	87.8193 1.18649,
	87.7518 1.10932,
	87.7518 1.03215,
	"/>
</Transform>

<Transform dim="0"
 xcoef=" 0 1 0 0 0 0"
 ycoef=" 0 0 1 0 0 0">
<Contour name="TB2 NF_09_cw" hidden="false" closed="true" simplified="true" border="0.768627 0 0.384314" fill="0.501961 0 0.25098" mode="15"
 points="87.4566 0.921919,
	87.4799 0.847421,
	87.4985 0.810171,
	87.559 0.744985,
	87.573 0.726361,
	87.5916 0.717048,
	87.6289 0.684455,
	87.6382 0.684455,
	87.6475 0.675143,
	87.6848 0.670487,
	87.722 0.675143,
	87.7406 0.684455,
	87.7593 0.684455,
	87.7919 0.712392,
	87.8012 0.731017,
	87.8012 0.805515,
	87.7919 0.880014,
	87.7686 0.954512,
	87.7453 0.991762,
	87.708 1.02901,
	87.6708 1.04764,
	87.6522 1.0616,
	87.6149 1.07092,
	87.5404 1.07092,
	87.5218 1.06626,
	87.4845 1.03832,
	87.4659 1.00107,
	87.4566 0.963825,
	87.4566 0.926575,
	"/>
</Transform>

<Transform dim="0"
 xcoef=" 0 1 0 0 0 0"
 ycoef=" 0 0 1 0 0 0">
<Contour name="TB2 NF_12_cw" hidden="false" closed="true" simplified="true" border="1 0.756863 1" fill="0.25098 0 0.25098" mode="15"
 points="90.2701 1.29449,
	90.2947 1.22895,
	90.352 1.17159,
	90.3848 1.13882,
	90.5159 1.06509,
	90.5814 1.02412,
	90.6142 1.00773,
	90.6716 0.942191,
	90.8027 0.950384,
	90.8272 0.96677,
	90.8027 0.983156,
	90.8354 0.999542,
	90.8436 1.06509,
	90.7535 1.19617,
	90.7043 1.26172,
	90.6388 1.31087,
	90.606 1.32726,
	90.4749 1.31907,
	90.4094 1.31087,
	90.3438 1.34365,
	90.3111 1.35184,
	90.2783 1.34365,
	90.2701 1.31087,
	90.2701 1.30268,
	"/>
</Transform>

<Transform dim="0"
 xcoef=" 0 1 0 0 0 0"
 ycoef=" 0 0 1 0 0 0">
<Contour name="TB2 NF_02_cw" hidden="false" closed="true" simplified="true" border="1 0 0" fill="1 0 0" mode="15"
 points="102.696 2.78796,
	102.711 2.75741,
	102.773 2.70394,
	102.796 2.64283,
	102.803 2.52062,
	102.788 2.39841,
	102.788 2.2762,
	102.811 2.21509,
	102.902 2.09288,
	102.964 2.05469,
	102.994 2.03941,
	103.055 2.04705,
	103.101 2.10816,
	103.124 2.16926,
	103.139 2.19981,
	103.132 2.44424,
	103.086 2.68866,
	103.048 2.81087,
	102.994 2.93309,
	102.956 2.99419,
	102.902 3.04766,
	102.872 3.07821,
	102.857 3.09349,
	102.826 3.10113,
	102.811 3.10877,
	102.788 3.09349,
	102.757 3.06294,
	102.734 3.00183,
	102.719 2.97128,
	102.696 2.84907,
	102.696 2.7956,
	"/>
</Transform>

<Transform dim="0"
 xcoef=" 0 1 0 0 0 0"
 ycoef=" 0 0 1 0 0 0">
<Contour name="TB2 NF_16_cw" hidden="false" closed="true" simplified="true" border="0.651 0.094 0" fill="0.831 0 0" mode="15"
 points="79.853 3.29961,
	79.9121 3.21683,
	80.0067 3.13404,
	80.1014 3.13404,
	80.196 3.18135,
	80.2788 3.26413,
	80.3024 3.35875,
	80.3024 3.40605,
	80.2551 3.50066,
	80.1605 3.54797,
	80.1132 3.5598,
	80.0186 3.54797,
	79.9713 3.52432,
	79.8885 3.44153,
	79.853 3.34692,
	79.853 3.31144,
	"/>
</Transform>

<Transform dim="0"
 xcoef=" 0 1 0 0 0 0"
 ycoef=" 0 0 1 0 0 0">
<Contour name="TB2 NF_06_cw" hidden="false" closed="true" simplified="true" border="1 1 0" fill="0.906 0.886 0.255" mode="15"
 points="78.3889 4.17092,
	78.403 4.13339,
	78.4499 4.05832,
	78.478 4.02548,
	78.5109 4.00202,
	78.5296 3.98325,
	78.5484 3.97387,
	78.5672 3.9551,
	78.6422 3.90818,
	78.661 3.8988,
	78.8111 3.88473,
	78.8862 3.88003,
	78.9237 3.88473,
	78.9613 3.8988,
	79.1114 3.99733,
	79.1724 4.0677,
	79.224 4.14277,
	79.2522 4.1803,
	79.2944 4.25537,
	79.3085 4.2929,
	79.3085 4.33044,
	79.3178 4.3492,
	79.3319 4.42427,
	79.3366 4.49934,
	79.3366 4.50872,
	79.3178 4.5228,
	79.2991 4.5228,
	79.1489 4.47119,
	78.9988 4.4055,
	78.98 4.40081,
	78.9613 4.4055,
	78.9237 4.39143,
	78.905 4.38205,
	78.8862 4.38205,
	78.8768 4.37735,
	78.8393 4.38205,
	78.7642 4.36797,
	78.6892 4.32575,
	78.6141 4.2929,
	78.539 4.26945,
	78.464 4.25537,
	78.4264 4.25068,
	78.4077 4.25068,
	78.3936 4.23191,
	78.3889 4.19438,
	78.3889 4.17561,
	"/>
</Transform>

<Transform dim="0"
 xcoef=" 0 1 0 0 0 0"
 ycoef=" 0 0 1 0 0 0">
<Contour name="TB2 NF_07_cw" hidden="false" closed="true" simplified="true" border="1 0.502 0.251" fill="0.925 0.302 0" mode="15"
 points="78.7592 3.04731,
	78.7719 2.99641,
	78.8673 2.91371,
	78.88 2.90098,
	78.9309 2.89462,
	78.9818 2.90098,
	79.0073 2.90098,
	79.1091 2.93279,
	79.1345 2.95188,
	79.1472 2.9646,
	79.1536 3.0155,
	79.1345 3.11728,
	79.1091 3.16818,
	79.0836 3.18726,
	79.0709 3.20635,
	79.0645 3.21271,
	79.0709 3.22544,
	79.0645 3.23816,
	79.0518 3.23816,
	79.0264 3.25724,
	78.9755 3.26361,
	78.9246 3.24452,
	78.8991 3.23816,
	78.8864 3.23816,
	78.8355 3.19999,
	78.7782 3.0982,
	78.7592 3.05367,
	"/>
</Transform>

<Transform dim="0"
 xcoef=" 0 1 0 0 0 0"
 ycoef=" 0 0 1 0 0 0">
<Contour name="TB2 NF_07_cw" hidden="false" closed="true" simplified="true" border="1 0.502 0.251" fill="0.925 0.302 0" mode="15"
 points="79.6053 1.54592,
	79.618 1.49502,
	79.6371 1.46958,
	79.6562 1.41868,
	79.6943 1.36779,
	79.7071 1.34234,
	79.758 1.29781,
	79.8089 1.266,
	79.8343 1.25964,
	79.8852 1.27236,
	79.987 1.32962,
	80.0379 1.37415,
	80.0697 1.42504,
	80.0888 1.45049,
	80.1015 1.50139,
	80.1015 1.52683,
	80.1333 1.57773,
	80.1397 1.62862,
	80.1206 1.67952,
	80.0824 1.73041,
	80.0315 1.76222,
	79.9806 1.77494,
	79.9552 1.78131,
	79.9297 1.80039,
	79.7262 1.73677,
	79.6753 1.69224,
	79.6371 1.64135,
	79.618 1.6159,
	79.6116 1.565,
	79.6053 1.55228,
	"/>
</Transform>

<Transform dim="0"
 xcoef=" 0 1 0 0 0 0"
 ycoef=" 0 0 1 0 0 0">
<Contour name="TB2 NF_22_cw" hidden="false" closed="true" simplified="true" border="0.941 0.894 0.059" fill="0.91 0.847 0.09" mode="15"
 points="77.5602 3.27841,
	77.5841 3.20172,
	77.5985 3.16337,
	77.6321 3.12982,
	77.6704 3.10586,
	77.7087 3.09627,
	77.7279 3.09148,
	77.7663 3.06272,
	77.8046 3.02438,
	77.8238 3.01,
	77.9005 3.00041,
	78.0538 3.01479,
	78.1305 3.01958,
	78.1497 3.01958,
	78.2264 3.05793,
	78.2647 3.08189,
	78.2743 3.08189,
	78.2839 3.09148,
	78.3222 3.10586,
	78.3606 3.12982,
	78.3894 3.16337,
	78.4229 3.24006,
	78.4277 3.31675,
	78.4133 3.39344,
	78.3846 3.47012,
	78.3558 3.50847,
	78.3175 3.54202,
	78.2791 3.56598,
	78.2024 3.58995,
	78.1833 3.59954,
	78.1641 3.61871,
	78.1257 3.63788,
	78.0874 3.64267,
	78.073 3.64747,
	78.0395 3.67622,
	78.0299 3.68581,
	77.9915 3.68581,
	77.9148 3.66664,
	77.8765 3.65705,
	77.8382 3.65705,
	77.7998 3.66664,
	77.7806 3.66184,
	77.7711 3.66184,
	77.7327 3.63788,
	77.656 3.57078,
	77.6225 3.53723,
	77.6033 3.51805,
	77.5793 3.47971,
	77.5698 3.46054,
	77.5602 3.30716,
	77.5602 3.28799,
	77.5602 3.2832,
	"/>
</Transform>

<Transform dim="0"
 xcoef=" 0 1 0 0 0 0"
 ycoef=" 0 0 1 0 0 0">
<Contour name="TB2 NF_22_cw" hidden="false" closed="true" simplified="true" border="0.941 0.894 0.059" fill="0.91 0.847 0.09" mode="15"
 points="77.8238 1.17908,
	77.8334 1.14073,
	77.8382 1.12156,
	77.8382 1.11197,
	77.8909 1.04008,
	77.9148 1.00173,
	77.9819 0.92984,
	78.0203 0.896289,
	78.0395 0.88191,
	78.0778 0.877117,
	78.1162 0.88191,
	78.1545 0.896289,
	78.1737 0.891496,
	78.212 0.857945,
	78.2504 0.838773,
	78.4037 0.814808,
	78.4421 0.810015,
	78.4517 0.814808,
	78.5283 0.795636,
	78.5667 0.781257,
	78.6434 0.781257,
	78.6817 0.795636,
	78.7584 0.862738,
	78.8111 0.925047,
	78.8639 0.996942,
	78.9022 1.07363,
	78.9262 1.15032,
	78.9262 1.22701,
	78.9022 1.30369,
	78.8878 1.34204,
	78.8782 1.36121,
	78.8687 1.4379,
	78.8639 1.47624,
	78.8495 1.51458,
	78.8495 1.53376,
	78.8255 1.5721,
	78.8015 1.64879,
	78.7872 1.72548,
	78.7872 1.74465,
	78.7776 1.76382,
	78.7728 1.80216,
	78.7536 1.84051,
	78.7153 1.87406,
	78.6769 1.89802,
	78.6002 1.9124,
	78.5236 1.90761,
	78.4469 1.89323,
	78.3702 1.89802,
	78.2935 1.86447,
	78.1449 1.77341,
	77.9915 1.66317,
	77.9532 1.62482,
	77.9436 1.60565,
	77.9244 1.58648,
	77.8861 1.50979,
	77.8573 1.4331,
	77.843 1.39476,
	77.8286 1.31807,
	77.8238 1.24138,
	77.8238 1.20304,
	77.8238 1.18387,
	"/>
</Transform>

<Transform dim="0"
 xcoef=" 0 1 0 0 0 0"
 ycoef=" 0 0 1 0 0 0">
<Contour name="TB2 NF_23_cw" hidden="false" closed="true" simplified="true" border="0.973 0.757 0.016" fill="0.902 0.8 0.102" mode="15"
 points="87.1379 17.1524,
	87.155 17.1182,
	87.1891 17.084,
	87.2575 17.0584,
	87.2917 17.0413,
	87.3259 17.0413,
	87.3601 17.0669,
	87.3515 17.084,
	87.3772 17.1524,
	87.3857 17.2891,
	87.343 17.4259,
	87.3173 17.4601,
	87.2832 17.4686,
	87.2148 17.443,
	87.1977 17.4173,
	87.1635 17.3831,
	87.1635 17.3489,
	87.1464 17.3148,
	87.1379 17.178,
	87.1379 17.1609,
	"/>
<Contour name="TB2 NF_23_cw" hidden="false" closed="true" simplified="true" border="0.973 0.757 0.016" fill="0.902 0.8 0.102" mode="15"
 points="87.0097 16.443,
	87.0268 16.4089,
	87.061 16.3832,
	87.1293 16.4089,
	87.1635 16.4772,
	87.1806 16.5456,
	87.1293 16.614,
	87.061 16.5883,
	87.0353 16.5627,
	87.0182 16.4943,
	87.0097 16.4601,
	87.0097 16.4516,
	"/>
<Contour name="TB2 NF_23_cw" hidden="false" closed="true" simplified="true" border="0.973 0.757 0.016" fill="0.902 0.8 0.102" mode="15"
 points="87.1208 15.7252,
	87.155 15.6995,
	87.1891 15.691,
	87.2404 15.7593,
	87.249 15.7935,
	87.2404 15.8277,
	87.2148 15.8533,
	87.1806 15.8448,
	87.1464 15.8192,
	87.1208 15.7508,
	87.1208 15.7337,
	"/>
</Transform>

<Transform dim="0"
 xcoef=" 0 1 0 0 0 0"
 ycoef=" 0 0 1 0 0 0">
<Contour name="TB2 NF_23_cw" hidden="false" closed="true" simplified="true" border="0.973 0.757 0.016" fill="0.902 0.8 0.102" mode="15"
 points="79.6537 4.19377,
	79.677 4.11938,
	79.7095 4.04499,
	79.7374 4.00779,
	79.7467 3.99849,
	79.7467 3.9892,
	79.7607 3.9706,
	79.7607 3.9613,
	79.8118 3.89156,
	79.849 3.85901,
	79.9234 3.83112,
	79.9606 3.82182,
	80.035 3.81717,
	80.0536 3.81252,
	80.0629 3.80787,
	80.1373 3.83112,
	80.1745 3.84971,
	80.2489 3.86366,
	80.2675 3.86366,
	80.3046 3.88691,
	80.3232 3.90086,
	80.3325 3.91016,
	80.4069 3.9334,
	80.4255 3.93805,
	80.4348 3.93805,
	80.472 3.9706,
	80.4999 4.00314,
	80.5232 4.07753,
	80.5464 4.11473,
	80.579 4.14728,
	80.5836 4.18447,
	80.565 4.22167,
	80.4906 4.28676,
	80.4534 4.31001,
	80.4441 4.31001,
	80.4069 4.33325,
	80.3883 4.3472,
	80.379 4.3472,
	80.3604 4.3658,
	80.3465 4.3751,
	80.2768 4.44484,
	80.2396 4.45879,
	80.0908 4.53783,
	80.0164 4.57037,
	79.9792 4.57502,
	79.942 4.57037,
	79.9234 4.56572,
	79.849 4.52388,
	79.8118 4.49598,
	79.7932 4.47738,
	79.7746 4.46809,
	79.7049 4.39369,
	79.6723 4.3193,
	79.6584 4.24491,
	79.6537 4.20772,
	79.6537 4.19842,
	"/>
</Transform>

<Transform dim="0"
 xcoef=" 0 1 0 0 0 0"
 ycoef=" 0 0 1 0 0 0">
<Image mag="0.00855" contrast="1" brightness="0" red="true" green="true" blue="true"
 src="..\TF21_robdata\Rob's_latest_seg_files_TF21_TB2\Aligned 633105.tif" />
<Contour name="domain1" hidden="false" closed="true" simplified="false" border="1 0 1" fill="1 0 1" mode="11"
 points="0 0,
	15991 0,
	15991 12171,
	0 12171,
	"/>
</Transform>

<Transform dim="0"
 xcoef=" 0 1 0 0 0 0"
 ycoef=" 0 0 1 0 0 0">
<Contour name="TB2 NF_15" hidden="true" closed="true" simplified="false" border="1 1 0" fill="1 1 0" mode="-9"
 points="79.5128 2.87324,
	79.5926 2.81338,
	79.6724 2.79342,
	79.7123 2.79342,
	79.7722 2.87324,
	79.7722 2.95305,
	79.7921 2.99295,
	79.7323 3.07277,
	79.6924 3.09272,
	79.6126 3.07277,
	79.5128 2.93309,
	79.5128 2.89319,
	"/>
</Transform>

<Transform dim="0"
 xcoef=" 0 1 0 0 0 0"
 ycoef=" 0 0 1 0 0 0">
<Contour name="TB2 NF_15" hidden="true" closed="true" simplified="false" border="1 1 0" fill="1 1 0" mode="-9"
 points="79.3303 3.57694,
	79.3901 3.50719,
	79.4698 3.45738,
	79.5495 3.42749,
	79.6293 3.42749,
	79.709 3.49723,
	79.7289 3.53709,
	79.7289 3.61679,
	79.7289 3.65665,
	79.709 3.6965,
	79.6293 3.77621,
	79.5495 3.8061,
	79.5296 3.81607,
	79.4499 3.79614,
	79.4101 3.77621,
	79.3702 3.73636,
	79.3602 3.6965,
	79.3303 3.67658,
	79.3303 3.59687,
	79.3303 3.5869,
	"/>
</Transform>

<Transform dim="0"
 xcoef=" 0 1 0 0 0 0"
 ycoef=" 0 0 1 0 0 0">
<Contour name="TB2 NF_15" hidden="true" closed="true" simplified="false" border="1 1 0" fill="1 1 0" mode="-9"
 points="78.882 2.00269,
	78.9019 1.98276,
	78.9119 1.90305,
	78.9218 1.8632,
	78.9816 1.78349,
	79.0613 1.73367,
	79.1012 1.72371,
	79.1809 1.74363,
	79.2207 1.76356,
	79.2606 1.80342,
	79.2905 1.88312,
	79.3005 1.92298,
	79.2905 1.96283,
	79.2207 2.04254,
	79.141 2.0824,
	79.0613 2.09236,
	78.9816 2.07243,
	78.9418 2.05251,
	78.9218 2.01265,
	78.9119 2.00269,
	78.8919 2.01265,
	"/>
</Transform>

<Transform dim="0"
 xcoef=" 0 1 0 0 0 0"
 ycoef=" 0 0 1 0 0 0">
<Contour name="TB2 NF_18" hidden="true" closed="true" simplified="true" border="0.501961 0.501961 1" fill="0.501961 0.501961 1" mode="-9"
 points="88.0899 5.84558,
	88.1605 5.56301,
	88.1958 5.42173,
	88.2665 5.28045,
	88.2841 5.20981,
	88.5137 4.9449,
	88.5844 4.89192,
	88.655 4.87426,
	88.7786 4.7683,
	88.8493 4.75064,
	88.9905 4.66233,
	89.2731 4.60935,
	89.3438 4.62701,
	89.3967 4.68,
	89.3967 4.82128,
	89.3084 4.96256,
	89.2555 5.0332,
	89.1318 5.31577,
	89.0435 5.59833,
	88.9729 5.73962,
	88.8846 6.02218,
	88.8846 6.09282,
	88.8316 6.23411,
	88.7963 6.30475,
	88.6727 6.44603,
	88.3901 6.64029,
	88.2665 6.67562,
	88.1428 6.58731,
	88.0899 6.30475,
	88.0899 6.02218,
	88.0899 5.8809,
	88.0899 5.86324,
	"/>
</Transform>

<Transform dim="0"
 xcoef=" 0 1 0 0 0 0"
 ycoef=" 0 0 1 0 0 0">
<Contour name="TB2 NF_18" hidden="true" closed="true" simplified="true" border="0.501961 0.501961 1" fill="0.501961 0.501961 1" mode="-9"
 points="87.4894 10.1724,
	87.5601 9.60724,
	87.6307 9.32467,
	87.7013 9.18339,
	87.8073 9.0421,
	88.0722 8.79486,
	88.0899 8.72422,
	87.9839 8.44165,
	87.9486 8.37101,
	87.8779 8.30037,
	87.8073 8.15909,
	87.7013 8.0178,
	87.666 7.87652,
	87.5777 7.73524,
	87.5424 7.45267,
	87.5424 7.31139,
	87.5777 7.17011,
	87.5954 7.09946,
	87.7013 6.97584,
	87.772 6.95818,
	87.8426 6.97584,
	87.9309 7.06414,
	87.9486 7.34671,
	87.9662 7.48799,
	88.0369 7.62927,
	88.2488 7.91184,
	88.3548 8.05312,
	88.4431 8.33569,
	88.4607 8.61825,
	88.4431 8.90082,
	88.3901 9.18339,
	88.3901 9.25403,
	88.3548 9.32467,
	88.3548 9.39531,
	88.0899 9.96044,
	87.6484 10.5079,
	87.613 10.5256,
	87.5954 10.5079,
	87.5777 10.5432,
	87.5247 10.4726,
	87.4894 10.19,
	"/>
</Transform>

<Transform dim="0"
 xcoef=" 0 1 0 0 0 0"
 ycoef=" 0 0 1 0 0 0">
<Contour name="TB2 NF_18" hidden="true" closed="true" simplified="true" border="0.501961 0.501961 1" fill="0.501961 0.501961 1" mode="-9"
 points="88.4329 4.89064,
	88.5181 4.79331,
	88.7006 4.64732,
	88.7249 4.63516,
	88.7614 4.65949,
	88.7371 4.75681,
	88.6884 4.85414,
	88.5911 4.92713,
	88.5424 4.9393,
	88.4451 5.00013,
	88.4329 4.9028,
	"/>
<Contour name="TB2 NF_18" hidden="true" closed="true" simplified="true" border="0.501961 0.501961 1" fill="0.501961 0.501961 1" mode="-9"
 points="88.0193 7.53061,
	88.0436 7.43328,
	88.068 7.38462,
	88.0923 7.36029,
	88.141 7.37245,
	88.1775 7.46978,
	88.214 7.51844,
	88.4086 7.59144,
	88.4573 7.6401,
	88.5059 7.65227,
	88.6033 7.73743,
	88.6641 7.83475,
	88.7006 8.0294,
	88.6884 8.12673,
	88.6519 8.22406,
	88.6276 8.27272,
	88.6033 8.28489,
	88.5546 8.23622,
	88.5546 8.28489,
	88.5424 8.30922,
	88.4938 8.29705,
	88.4573 8.24839,
	88.4208 8.05374,
	88.3843 7.95641,
	88.3234 7.87125,
	88.2748 7.82259,
	88.1775 7.77392,
	88.1045 7.70093,
	88.068 7.65227,
	88.0436 7.62793,
	88.0193 7.54277,
	"/>
<Contour name="TB2 NF_18" hidden="true" closed="true" simplified="true" border="0.501961 0.501961 1" fill="0.501961 0.501961 1" mode="-9"
 points="96.7787 0.63262,
	96.8152 0.535294,
	96.9125 0.450133,
	96.9368 0.425802,
	97.1315 0.364973,
	97.2288 0.352807,
	97.4234 0.389304,
	97.5086 0.486631,
	97.5208 0.583957,
	97.4964 0.681283,
	97.4234 0.778609,
	97.3261 0.863769,
	97.2288 0.912432,
	97.1801 0.924598,
	97.1558 0.912432,
	97.1436 0.924598,
	96.949 0.888101,
	96.8516 0.827272,
	96.7908 0.742112,
	96.7787 0.644785,
	"/>
</Transform>

<Transform dim="0"
 xcoef=" 0 1 0 0 0 0"
 ycoef=" 0 0 1 0 0 0">
<Contour name="TB2 NF_18" hidden="true" closed="true" simplified="true" border="0.501961 0.501961 1" fill="0.501961 0.501961 1" mode="-9"
 points="87.8599 10.4496,
	87.9004 10.4192,
	87.8902 10.399,
	87.9004 10.3787,
	87.9105 10.3889,
	87.951 10.3484,
	87.9712 10.3079,
	88.0421 10.2269,
	88.0826 10.1864,
	88.1231 10.1661,
	88.2041 10.1661,
	88.2851 10.1864,
	88.3661 10.237,
	88.4168 10.318,
	88.4472 10.3585,
	88.4472 10.3787,
	88.4067 10.4091,
	88.0826 10.4395,
	88.0016 10.4597,
	87.9206 10.4597,
	87.8801 10.4597,
	87.87 10.4597,
	"/>
</Transform>

<Transform dim="0"
 xcoef=" 0 1 0 0 0 0"
 ycoef=" 0 0 1 0 0 0">
<Contour name="TB2 NF_18" hidden="true" closed="true" simplified="true" border="0.501961 0.501961 1" fill="0.501961 0.501961 1" mode="-9"
 points="86.284 17.4536,
	86.2945 17.4118,
	86.3154 17.4013,
	86.3468 17.4432,
	86.3678 17.5269,
	86.4411 17.6945,
	86.462 17.7782,
	86.5144 17.862,
	86.5353 17.9457,
	86.7028 18.2808,
	86.7971 18.4483,
	86.8285 18.5321,
	86.8285 18.6158,
	86.8075 18.6996,
	86.7761 18.731,
	86.7342 18.7415,
	86.6819 18.8252,
	86.6609 18.8462,
	86.5772 18.8252,
	86.4934 18.7833,
	86.4515 18.7415,
	86.3992 18.6577,
	86.3992 18.6368,
	86.3678 18.5949,
	86.3364 18.5111,
	86.305 18.1761,
	86.284 17.506,
	86.284 17.4641,
	"/>
</Transform>

<Transform dim="0"
 xcoef=" 0 1 0 0 0 0"
 ycoef=" 0 0 1 0 0 0">
<Contour name="TB2 NF_15" hidden="true" closed="true" simplified="false" border="1 1 0" fill="1 1 0" mode="-9"
 points="77.9225 3.83277,
	77.9858 3.70607,
	78.2392 3.54769,
	78.3659 3.57937,
	78.461 3.70607,
	78.4926 3.83277,
	78.4293 3.95947,
	78.2076 4.11785,
	78.1442 4.18121,
	78.0808 4.18121,
	77.9858 4.0545,
	77.9541 3.9278,
	77.9225 3.86445,
	"/>
</Transform>

<Transform dim="0"
 xcoef=" 0 1 0 0 0 0"
 ycoef=" 0 0 1 0 0 0">
<Contour name="TB2 NF_17" hidden="true" closed="true" simplified="true" border="1 0.501961 0.501961" fill="1 0.501961 0.501961" mode="-9"
 points="87.1256 17.1143,
	87.1429 17.097,
	87.1774 17.1488,
	87.1774 17.1143,
	87.2465 17.0625,
	87.3156 17.0452,
	87.4019 17.1661,
	87.4019 17.2352,
	87.3674 17.3042,
	87.3328 17.3388,
	87.2638 17.3388,
	87.1947 17.287,
	87.1774 17.2524,
	87.1947 17.3906,
	87.1774 17.4251,
	87.1256 17.1488,
	87.1256 17.1315,
	"/>
<Contour name="TB2 NF_17" hidden="true" closed="true" simplified="true" border="1 0.501961 0.501961" fill="1 0.501961 0.501961" mode="-9"
 points="86.9529 16.4062,
	87.022 16.3371,
	87.0911 16.3199,
	87.1601 16.3889,
	87.1774 16.5271,
	87.1774 16.5962,
	87.1774 16.6307,
	87.1083 16.6825,
	87.0738 16.6825,
	87.0047 16.6134,
	86.9529 16.4753,
	86.9529 16.4235,
	"/>
<Contour name="TB2 NF_17" hidden="true" closed="true" simplified="true" border="1 0.501961 0.501961" fill="1 0.501961 0.501961" mode="-9"
 points="87.0911 15.8018,
	87.1256 15.7672,
	87.2465 15.75,
	87.2983 15.819,
	87.2983 15.8881,
	87.2465 15.9572,
	87.1774 15.9745,
	87.1429 15.9745,
	87.0911 15.9054,
	87.0911 15.8363,
	87.0911 15.819,
	"/>
</Transform>

<Transform dim="0"
 xcoef=" 0 1 0 0 0 0"
 ycoef=" 0 0 1 0 0 0">
<Contour name="TB2 NF_15" hidden="true" closed="true" simplified="false" border="1 1 0" fill="1 1 0" mode="-9"
 points="78.457 4.032,
	78.5461 3.9429,
	78.7243 3.92062,
	78.9025 3.9429,
	78.9916 3.98745,
	79.0807 4.07656,
	79.1698 4.12111,
	79.2367 4.21021,
	79.2589 4.29932,
	79.2367 4.38842,
	79.1475 4.45525,
	79.0584 4.47753,
	78.8802 4.45525,
	78.7911 4.38842,
	78.702 4.36615,
	78.5461 4.21021,
	78.4793 4.14338,
	78.457 4.05428,
	"/>
</Transform>

<Transform dim="0"
 xcoef=" 0 1 0 0 0 0"
 ycoef=" 0 0 1 0 0 0">
<Contour name="TB2 NF_17" hidden="true" closed="true" simplified="true" border="1 0.501961 0.501961" fill="1 0.501961 0.501961" mode="-9"
 points="79.7773 4.12206,
	79.8894 4.00989,
	80.1138 3.89773,
	80.2259 3.89773,
	80.254 3.86969,
	80.3661 3.92577,
	80.4783 4.03794,
	80.5624 4.26227,
	80.5624 4.37443,
	80.5624 4.43051,
	80.3381 4.6268,
	80.1138 4.65484,
	80.0016 4.65484,
	79.8894 4.57072,
	79.8614 4.54268,
	79.8053 4.57072,
	79.7773 4.54268,
	79.8053 4.43051,
	79.7773 4.20618,
	79.7773 4.1501,
	"/>
</Transform>

<Transform dim="0"
 xcoef=" 0 1 0 0 0 0"
 ycoef=" 0 0 1 0 0 0">
<Contour name="TB2 NF_01_rsl" hidden="false" closed="true" simplified="true" border="0 1 0" fill="0 1 0" mode="-9"
 points="87.7751 0.95918,
	87.8159 0.928567,
	87.9792 0.918363,
	87.9996 0.938771,
	88.02 0.938771,
	88.0404 0.95918,
	88.0608 0.95918,
	88.1425 1.0204,
	88.1833 1.05102,
	88.1833 1.13265,
	88.1629 1.17346,
	88.0813 1.20408,
	87.9996 1.21428,
	87.9588 1.21428,
	87.8772 1.18367,
	87.8364 1.16326,
	87.7853 1.08163,
	87.7751 0.999996,
	87.7751 0.969384,
	"/>
</Transform>

<Transform dim="0"
 xcoef=" 0 1 0 0 0 0"
 ycoef=" 0 0 1 0 0 0">
<Contour name="TB2 NF_28-FR" hidden="false" closed="true" simplified="true" border="1 0.501961 0.501961" fill="1 0.501961 0.501961" mode="-9"
 points="102.475 0.0597473,
	102.509 0.0341413,
	102.526 0.0170707,
	102.8 0.025606,
	102.834 0.025606,
	102.902 0,
	102.97 -0.00853533,
	103.107 0.0170707,
	103.175 0.025606,
	103.312 0.076818,
	103.346 0.0853533,
	103.354 0.102424,
	103.337 0.136565,
	103.397 0.179242,
	103.457 0.247525,
	103.457 0.264595,
	103.474 0.281666,
	103.508 0.418231,
	103.517 0.554797,
	103.491 0.691362,
	103.482 0.725503,
	103.423 0.785251,
	103.388 0.802321,
	103.115 0.853533,
	103.047 0.853533,
	102.911 0.810857,
	102.893 0.810857,
	102.876 0.793786,
	102.859 0.793786,
	102.825 0.76818,
	102.808 0.76818,
	102.672 0.674291,
	102.612 0.614544,
	102.535 0.477979,
	102.509 0.409696,
	102.484 0.273131,
	102.475 0.136565,
	102.475 0.0682827,
	"/>
</Transform>

<Transform dim="0"
 xcoef=" 0 1 0 0 0 0"
 ycoef=" 0 0 1 0 0 0">
<Contour name="TB2 NF_28-FR" hidden="false" closed="true" simplified="true" border="1 0.502 0.502" fill="1 0.502 0.502" mode="-9"
 points="102.289 10.2734,
	102.294 10.2527,
	102.336 10.2113,
	102.392 10.1336,
	102.434 10.1284,
	102.439 10.1077,
	102.429 10.0869,
	102.408 10.0662,
	102.387 10.0248,
	102.382 9.94187,
	102.392 9.85898,
	102.398 9.81754,
	102.392 9.79681,
	102.367 9.75537,
	102.351 9.71392,
	102.341 9.6932,
	102.336 9.52741,
	102.336 9.44452,
	102.32 9.27874,
	102.32 9.11295,
	102.341 8.94717,
	102.356 8.86428,
	102.382 8.78138,
	102.398 8.73994,
	102.449 8.65705,
	102.506 8.58452,
	102.558 8.50162,
	102.563 8.4809,
	102.605 8.44463,
	102.688 8.39801,
	102.729 8.3721,
	102.766 8.33584,
	102.797 8.25295,
	102.817 8.2374,
	102.859 8.23222,
	102.879 8.2374,
	102.957 8.31512,
	102.988 8.35656,
	103.009 8.3721,
	103.019 8.39283,
	103.056 8.43427,
	103.082 8.47572,
	103.087 8.49644,
	103.19 8.66223,
	103.227 8.74512,
	103.242 8.9109,
	103.237 9.07669,
	103.227 9.15958,
	103.206 9.24247,
	103.201 9.26319,
	103.19 9.27356,
	103.19 9.28392,
	103.175 9.29946,
	103.175 9.30982,
	103.107 9.39271,
	103.05 9.47561,
	103.03 9.51705,
	103.014 9.53777,
	103.014 9.54814,
	102.916 9.71392,
	102.864 9.79681,
	102.859 9.81754,
	102.828 9.85898,
	102.807 9.89525,
	102.745 9.97296,
	102.672 10.0507,
	102.589 10.0766,
	102.553 10.1128,
	102.548 10.1543,
	102.563 10.2372,
	102.605 10.3201,
	102.62 10.3615,
	102.631 10.3719,
	102.636 10.3926,
	102.646 10.403,
	102.672 10.4859,
	102.683 10.5687,
	102.667 10.7345,
	102.667 10.7553,
	102.636 10.8381,
	102.626 10.8433,
	102.543 10.8071,
	102.501 10.7863,
	102.418 10.7293,
	102.377 10.6931,
	102.367 10.6775,
	102.33 10.6516,
	102.33 10.6102,
	102.31 10.5273,
	102.31 10.4859,
	102.294 10.403,
	102.289 10.3201,
	102.289 10.2786,
	"/>
</Transform>

<Transform dim="0"
 xcoef=" 0 1 0 0 0 0"
 ycoef=" 0 0 1 0 0 0">
<Contour name="TB2 NF_06_cw" hidden="false" closed="true" simplified="true" border="0.843137 0.843137 0" fill="0.843137 0.843137 0" mode="-9"
 points="78.3889 4.17092,
	78.403 4.13339,
	78.4499 4.05832,
	78.478 4.02548,
	78.5109 4.00202,
	78.5296 3.98325,
	78.5484 3.97387,
	78.5672 3.9551,
	78.6422 3.90818,
	78.661 3.8988,
	78.8111 3.88473,
	78.8862 3.88003,
	78.9237 3.88473,
	78.9613 3.8988,
	79.1114 3.99733,
	79.1724 4.0677,
	79.224 4.14277,
	79.2522 4.1803,
	79.2944 4.25537,
	79.3085 4.2929,
	79.3085 4.33044,
	79.3178 4.3492,
	79.3319 4.42427,
	79.3366 4.49934,
	79.3366 4.50872,
	79.3178 4.5228,
	79.2991 4.5228,
	79.1489 4.47119,
	78.9988 4.4055,
	78.98 4.40081,
	78.9613 4.4055,
	78.9237 4.39143,
	78.905 4.38205,
	78.8862 4.38205,
	78.8768 4.37735,
	78.8393 4.38205,
	78.7642 4.36797,
	78.6892 4.32575,
	78.6141 4.2929,
	78.539 4.26945,
	78.464 4.25537,
	78.4264 4.25068,
	78.4077 4.25068,
	78.3936 4.23191,
	78.3889 4.19438,
	78.3889 4.17561,
	"/>
</Transform>

<Transform dim="0"
 xcoef=" 0 1 0 0 0 0"
 ycoef=" 0 0 1 0 0 0">
<Contour name="TB2 NF_07_cw" hidden="false" closed="true" simplified="true" border="0.25098 0.501961 0.501961" fill="0.25098 0.501961 0.501961" mode="-9"
 points="78.7592 3.04731,
	78.7719 2.99641,
	78.8673 2.91371,
	78.88 2.90098,
	78.9309 2.89462,
	78.9818 2.90098,
	79.0073 2.90098,
	79.1091 2.93279,
	79.1345 2.95188,
	79.1472 2.9646,
	79.1536 3.0155,
	79.1345 3.11728,
	79.1091 3.16818,
	79.0836 3.18726,
	79.0709 3.20635,
	79.0645 3.21271,
	79.0709 3.22544,
	79.0645 3.23816,
	79.0518 3.23816,
	79.0264 3.25724,
	78.9755 3.26361,
	78.9246 3.24452,
	78.8991 3.23816,
	78.8864 3.23816,
	78.8355 3.19999,
	78.7782 3.0982,
	78.7592 3.05367,
	"/>
</Transform>

<Transform dim="0"
 xcoef=" 0 1 0 0 0 0"
 ycoef=" 0 0 1 0 0 0">
<Contour name="TB2 NF_07_cw" hidden="false" closed="true" simplified="true" border="0.25098 0.501961 0.501961" fill="0.25098 0.501961 0.501961" mode="-9"
 points="79.6053 1.54592,
	79.618 1.49502,
	79.6371 1.46958,
	79.6562 1.41868,
	79.6943 1.36779,
	79.7071 1.34234,
	79.758 1.29781,
	79.8089 1.266,
	79.8343 1.25964,
	79.8852 1.27236,
	79.987 1.32962,
	80.0379 1.37415,
	80.0697 1.42504,
	80.0888 1.45049,
	80.1015 1.50139,
	80.1015 1.52683,
	80.1333 1.57773,
	80.1397 1.62862,
	80.1206 1.67952,
	80.0824 1.73041,
	80.0315 1.76222,
	79.9806 1.77494,
	79.9552 1.78131,
	79.9297 1.80039,
	79.7262 1.73677,
	79.6753 1.69224,
	79.6371 1.64135,
	79.618 1.6159,
	79.6116 1.565,
	79.6053 1.55228,
	"/>
</Transform>

<Transform dim="0"
 xcoef=" 0 1 0 0 0 0"
 ycoef=" 0 0 1 0 0 0">
<Contour name="TB2 NF_10_rsl" hidden="false" closed="true" simplified="true" border="0.502 0.502 0.753" fill="0.502 0.502 0.753" mode="-9"
 points="78.0175 3.90814,
	78.0425 3.86806,
	78.1177 3.79791,
	78.1477 3.76785,
	78.1878 3.73277,
	78.2079 3.71774,
	78.2179 3.70772,
	78.2279 3.70772,
	78.2379 3.6977,
	78.3983 3.66263,
	78.4784 3.65762,
	78.5185 3.67265,
	78.5586 3.6977,
	78.5786 3.71774,
	78.5887 3.79791,
	78.5937 3.83298,
	78.6137 3.82797,
	78.6237 3.83298,
	78.5436 3.88309,
	78.5235 3.89812,
	78.4885 3.97828,
	78.4634 4.01837,
	78.3882 4.0835,
	78.3682 4.09854,
	78.288 4.10355,
	78.2079 4.09352,
	78.1277 4.06847,
	78.0626 3.99332,
	78.0275 3.96325,
	78.0175 3.94321,
	78.0175 3.92317,
	78.0175 3.91315,
	"/>
</Transform>

<Transform dim="0"
 xcoef=" 0 1 0 0 0 0"
 ycoef=" 0 0 1 0 0 0">
<Contour name="TB2 NF_10_rsl" hidden="false" closed="true" simplified="true" border="0.502 0.502 0.753" fill="0.502 0.502 0.753" mode="-9"
 points="78.0962 0.354072,
	78.1697 0.253863,
	78.2165 0.213779,
	78.3234 0.173696,
	78.4302 0.167015,
	78.457 0.167015,
	78.5104 0.187057,
	78.5238 0.187057,
	78.5705 0.240502,
	78.6039 0.293946,
	78.6039 0.347391,
	78.5772 0.400836,
	78.5371 0.44092,
	78.4837 0.481003,
	78.457 0.494364,
	78.4436 0.501045,
	78.4236 0.487684,
	78.2098 0.527767,
	78.1563 0.521087,
	78.1163 0.481003,
	78.0962 0.454281,
	78.0962 0.400836,
	78.0962 0.374114,
	78.0962 0.360752,
	"/>
</Transform>

<Transform dim="0"
 xcoef=" 0 1 0 0 0 0"
 ycoef=" 0 0 1 0 0 0">
<Contour name="TB2 NF_13_rsl" hidden="false" closed="true" simplified="true" border="1 0.501961 0.752941" fill="1 0.501961 0.752941" mode="-9"
 points="77.535 3.35557,
	77.6218 3.2013,
	77.6603 3.17237,
	77.6796 3.15308,
	77.6989 3.15308,
	77.7182 3.1338,
	77.7953 3.11451,
	77.8339 3.11451,
	77.911 3.07594,
	77.9882 3.01809,
	78.0557 2.97952,
	78.21 2.9988,
	78.2485 3.00845,
	78.3257 3.05666,
	78.3835 3.1338,
	78.3932 3.28808,
	78.3835 3.36522,
	78.316 3.5195,
	78.1617 3.62556,
	78.1232 3.65449,
	78.046 3.67378,
	77.9689 3.67378,
	77.8146 3.63521,
	77.776 3.62556,
	77.7568 3.62556,
	77.7375 3.60628,
	77.6603 3.57735,
	77.5832 3.52914,
	77.5543 3.49057,
	77.535 3.41343,
	77.535 3.37486,
	77.535 3.36522,
	"/>
</Transform>

<Transform dim="0"
 xcoef=" 0 1 0 0 0 0"
 ycoef=" 0 0 1 0 0 0">
<Contour name="TB2 NF_13_rsl" hidden="false" closed="true" simplified="true" border="1 0.502 0.753" fill="1 0.502 0.753" mode="-9"
 points="77.7448 1.20433,
	77.8282 1.01354,
	77.9117 0.942,
	78.1025 0.906227,
	78.2933 0.846607,
	78.4841 0.810835,
	78.5318 0.858531,
	78.7225 0.942,
	78.806 1.02547,
	78.8418 1.07316,
	78.8776 1.25202,
	78.8418 1.44281,
	78.806 1.5382,
	78.7941 1.72899,
	78.806 1.82438,
	78.7822 1.87208,
	78.7345 1.89592,
	78.5437 1.884,
	78.4483 1.87208,
	78.0667 1.72899,
	77.9713 1.69321,
	77.9356 1.66937,
	77.8044 1.49051,
	77.7567 1.39511,
	77.7448 1.21625,
	"/>
</Transform>

<Transform dim="0"
 xcoef=" 0 1 0 0 0 0"
 ycoef=" 0 0 1 0 0 0">
<Image mag="0.00855" contrast="1" brightness="0" red="true" green="true" blue="true"
 src="..\TF21_robdata\Rob's_latest_seg_files_TF21_TB2\Aligned 633105.tif" />
<Contour name="domain1" hidden="false" closed="true" simplified="false" border="1 0 1" fill="1 0 1" mode="11"
 points="0 0,
	15991 0,
	15991 12171,
	0 12171,
	"/>
</Transform>

<Transform dim="0"
 xcoef=" 0 1 0 0 0 0"
 ycoef=" 0 0 1 0 0 0">
<Contour name="TB2 NF_15" hidden="true" closed="true" simplified="false" border="1 1 0" fill="1 1 0" mode="-9"
 points="79.5128 2.87324,
	79.5926 2.81338,
	79.6724 2.79342,
	79.7123 2.79342,
	79.7722 2.87324,
	79.7722 2.95305,
	79.7921 2.99295,
	79.7323 3.07277,
	79.6924 3.09272,
	79.6126 3.07277,
	79.5128 2.93309,
	79.5128 2.89319,
	"/>
</Transform>

<Transform dim="0"
 xcoef=" 0 1 0 0 0 0"
 ycoef=" 0 0 1 0 0 0">
<Contour name="TB2 NF_15" hidden="true" closed="true" simplified="false" border="1 1 0" fill="1 1 0" mode="-9"
 points="79.3303 3.57694,
	79.3901 3.50719,
	79.4698 3.45738,
	79.5495 3.42749,
	79.6293 3.42749,
	79.709 3.49723,
	79.7289 3.53709,
	79.7289 3.61679,
	79.7289 3.65665,
	79.709 3.6965,
	79.6293 3.77621,
	79.5495 3.8061,
	79.5296 3.81607,
	79.4499 3.79614,
	79.4101 3.77621,
	79.3702 3.73636,
	79.3602 3.6965,
	79.3303 3.67658,
	79.3303 3.59687,
	79.3303 3.5869,
	"/>
</Transform>

<Transform dim="0"
 xcoef=" 0 1 0 0 0 0"
 ycoef=" 0 0 1 0 0 0">
<Contour name="TB2 NF_15" hidden="true" closed="true" simplified="false" border="1 1 0" fill="1 1 0" mode="-9"
 points="78.882 2.00269,
	78.9019 1.98276,
	78.9119 1.90305,
	78.9218 1.8632,
	78.9816 1.78349,
	79.0613 1.73367,
	79.1012 1.72371,
	79.1809 1.74363,
	79.2207 1.76356,
	79.2606 1.80342,
	79.2905 1.88312,
	79.3005 1.92298,
	79.2905 1.96283,
	79.2207 2.04254,
	79.141 2.0824,
	79.0613 2.09236,
	78.9816 2.07243,
	78.9418 2.05251,
	78.9218 2.01265,
	78.9119 2.00269,
	78.8919 2.01265,
	"/>
</Transform>

<Transform dim="0"
 xcoef=" 0 1 0 0 0 0"
 ycoef=" 0 0 1 0 0 0">
<Contour name="TB2 NF_18" hidden="true" closed="true" simplified="true" border="0.501961 0.501961 1" fill="0.501961 0.501961 1" mode="-9"
 points="88.0899 5.84558,
	88.1605 5.56301,
	88.1958 5.42173,
	88.2665 5.28045,
	88.2841 5.20981,
	88.5137 4.9449,
	88.5844 4.89192,
	88.655 4.87426,
	88.7786 4.7683,
	88.8493 4.75064,
	88.9905 4.66233,
	89.2731 4.60935,
	89.3438 4.62701,
	89.3967 4.68,
	89.3967 4.82128,
	89.3084 4.96256,
	89.2555 5.0332,
	89.1318 5.31577,
	89.0435 5.59833,
	88.9729 5.73962,
	88.8846 6.02218,
	88.8846 6.09282,
	88.8316 6.23411,
	88.7963 6.30475,
	88.6727 6.44603,
	88.3901 6.64029,
	88.2665 6.67562,
	88.1428 6.58731,
	88.0899 6.30475,
	88.0899 6.02218,
	88.0899 5.8809,
	88.0899 5.86324,
	"/>
</Transform>

<Transform dim="0"
 xcoef=" 0 1 0 0 0 0"
 ycoef=" 0 0 1 0 0 0">
<Contour name="TB2 NF_18" hidden="true" closed="true" simplified="true" border="0.501961 0.501961 1" fill="0.501961 0.501961 1" mode="-9"
 points="87.4894 10.1724,
	87.5601 9.60724,
	87.6307 9.32467,
	87.7013 9.18339,
	87.8073 9.0421,
	88.0722 8.79486,
	88.0899 8.72422,
	87.9839 8.44165,
	87.9486 8.37101,
	87.8779 8.30037,
	87.8073 8.15909,
	87.7013 8.0178,
	87.666 7.87652,
	87.5777 7.73524,
	87.5424 7.45267,
	87.5424 7.31139,
	87.5777 7.17011,
	87.5954 7.09946,
	87.7013 6.97584,
	87.772 6.95818,
	87.8426 6.97584,
	87.9309 7.06414,
	87.9486 7.34671,
	87.9662 7.48799,
	88.0369 7.62927,
	88.2488 7.91184,
	88.3548 8.05312,
	88.4431 8.33569,
	88.4607 8.61825,
	88.4431 8.90082,
	88.3901 9.18339,
	88.3901 9.25403,
	88.3548 9.32467,
	88.3548 9.39531,
	88.0899 9.96044,
	87.6484 10.5079,
	87.613 10.5256,
	87.5954 10.5079,
	87.5777 10.5432,
	87.5247 10.4726,
	87.4894 10.19,
	"/>
</Transform>

<Transform dim="0"
 xcoef=" 0 1 0 0 0 0"
 ycoef=" 0 0 1 0 0 0">
<Contour name="TB2 NF_18" hidden="true" closed="true" simplified="true" border="0.501961 0.501961 1" fill="0.501961 0.501961 1" mode="-9"
 points="88.4329 4.89064,
	88.5181 4.79331,
	88.7006 4.64732,
	88.7249 4.63516,
	88.7614 4.65949,
	88.7371 4.75681,
	88.6884 4.85414,
	88.5911 4.92713,
	88.5424 4.9393,
	88.4451 5.00013,
	88.4329 4.9028,
	"/>
<Contour name="TB2 NF_18" hidden="true" closed="true" simplified="true" border="0.501961 0.501961 1" fill="0.501961 0.501961 1" mode="-9"
 points="88.0193 7.53061,
	88.0436 7.43328,
	88.068 7.38462,
	88.0923 7.36029,
	88.141 7.37245,
	88.1775 7.46978,
	88.214 7.51844,
	88.4086 7.59144,
	88.4573 7.6401,
	88.5059 7.65227,
	88.6033 7.73743,
	88.6641 7.83475,
	88.7006 8.0294,
	88.6884 8.12673,
	88.6519 8.22406,
	88.6276 8.27272,
	88.6033 8.28489,
	88.5546 8.23622,
	88.5546 8.28489,
	88.5424 8.30922,
	88.4938 8.29705,
	88.4573 8.24839,
	88.4208 8.05374,
	88.3843 7.95641,
	88.3234 7.87125,
	88.2748 7.82259,
	88.1775 7.77392,
	88.1045 7.70093,
	88.068 7.65227,
	88.0436 7.62793,
	88.0193 7.54277,
	"/>
<Contour name="TB2 NF_18" hidden="true" closed="true" simplified="true" border="0.501961 0.501961 1" fill="0.501961 0.501961 1" mode="-9"
 points="96.7787 0.63262,
	96.8152 0.535294,
	96.9125 0.450133,
	96.9368 0.425802,
	97.1315 0.364973,
	97.2288 0.352807,
	97.4234 0.389304,
	97.5086 0.486631,
	97.5208 0.583957,
	97.4964 0.681283,
	97.4234 0.778609,
	97.3261 0.863769,
	97.2288 0.912432,
	97.1801 0.924598,
	97.1558 0.912432,
	97.1436 0.924598,
	96.949 0.888101,
	96.8516 0.827272,
	96.7908 0.742112,
	96.7787 0.644785,
	"/>
</Transform>

<Transform dim="0"
 xcoef=" 0 1 0 0 0 0"
 ycoef=" 0 0 1 0 0 0">
<Contour name="TB2 NF_18" hidden="true" closed="true" simplified="true" border="0.501961 0.501961 1" fill="0.501961 0.501961 1" mode="-9"
 points="87.8599 10.4496,
	87.9004 10.4192,
	87.8902 10.399,
	87.9004 10.3787,
	87.9105 10.3889,
	87.951 10.3484,
	87.9712 10.3079,
	88.0421 10.2269,
	88.0826 10.1864,
	88.1231 10.1661,
	88.2041 10.1661,
	88.2851 10.1864,
	88.3661 10.237,
	88.4168 10.318,
	88.4472 10.3585,
	88.4472 10.3787,
	88.4067 10.4091,
	88.0826 10.4395,
	88.0016 10.4597,
	87.9206 10.4597,
	87.8801 10.4597,
	87.87 10.4597,
	"/>
</Transform>

<Transform dim="0"
 xcoef=" 0 1 0 0 0 0"
 ycoef=" 0 0 1 0 0 0">
<Contour name="TB2 NF_18" hidden="true" closed="true" simplified="true" border="0.501961 0.501961 1" fill="0.501961 0.501961 1" mode="-9"
 points="86.284 17.4536,
	86.2945 17.4118,
	86.3154 17.4013,
	86.3468 17.4432,
	86.3678 17.5269,
	86.4411 17.6945,
	86.462 17.7782,
	86.5144 17.862,
	86.5353 17.9457,
	86.7028 18.2808,
	86.7971 18.4483,
	86.8285 18.5321,
	86.8285 18.6158,
	86.8075 18.6996,
	86.7761 18.731,
	86.7342 18.7415,
	86.6819 18.8252,
	86.6609 18.8462,
	86.5772 18.8252,
	86.4934 18.7833,
	86.4515 18.7415,
	86.3992 18.6577,
	86.3992 18.6368,
	86.3678 18.5949,
	86.3364 18.5111,
	86.305 18.1761,
	86.284 17.506,
	86.284 17.4641,
	"/>
</Transform>

<Transform dim="0"
 xcoef=" 0 1 0 0 0 0"
 ycoef=" 0 0 1 0 0 0">
<Contour name="TB2 NF_15" hidden="true" closed="true" simplified="false" border="1 1 0" fill="1 1 0" mode="-9"
 points="77.9225 3.83277,
	77.9858 3.70607,
	78.2392 3.54769,
	78.3659 3.57937,
	78.461 3.70607,
	78.4926 3.83277,
	78.4293 3.95947,
	78.2076 4.11785,
	78.1442 4.18121,
	78.0808 4.18121,
	77.9858 4.0545,
	77.9541 3.9278,
	77.9225 3.86445,
	"/>
</Transform>

<Transform dim="0"
 xcoef=" 0 1 0 0 0 0"
 ycoef=" 0 0 1 0 0 0">
<Contour name="TB2 NF_17" hidden="true" closed="true" simplified="true" border="1 0.501961 0.501961" fill="1 0.501961 0.501961" mode="-9"
 points="87.1256 17.1143,
	87.1429 17.097,
	87.1774 17.1488,
	87.1774 17.1143,
	87.2465 17.0625,
	87.3156 17.0452,
	87.4019 17.1661,
	87.4019 17.2352,
	87.3674 17.3042,
	87.3328 17.3388,
	87.2638 17.3388,
	87.1947 17.287,
	87.1774 17.2524,
	87.1947 17.3906,
	87.1774 17.4251,
	87.1256 17.1488,
	87.1256 17.1315,
	"/>
<Contour name="TB2 NF_17" hidden="true" closed="true" simplified="true" border="1 0.501961 0.501961" fill="1 0.501961 0.501961" mode="-9"
 points="86.9529 16.4062,
	87.022 16.3371,
	87.0911 16.3199,
	87.1601 16.3889,
	87.1774 16.5271,
	87.1774 16.5962,
	87.1774 16.6307,
	87.1083 16.6825,
	87.0738 16.6825,
	87.0047 16.6134,
	86.9529 16.4753,
	86.9529 16.4235,
	"/>
<Contour name="TB2 NF_17" hidden="true" closed="true" simplified="true" border="1 0.501961 0.501961" fill="1 0.501961 0.501961" mode="-9"
 points="87.0911 15.8018,
	87.1256 15.7672,
	87.2465 15.75,
	87.2983 15.819,
	87.2983 15.8881,
	87.2465 15.9572,
	87.1774 15.9745,
	87.1429 15.9745,
	87.0911 15.9054,
	87.0911 15.8363,
	87.0911 15.819,
	"/>
</Transform>

<Transform dim="0"
 xcoef=" 0 1 0 0 0 0"
 ycoef=" 0 0 1 0 0 0">
<Contour name="TB2 NF_15" hidden="true" closed="true" simplified="false" border="1 1 0" fill="1 1 0" mode="-9"
 points="78.457 4.032,
	78.5461 3.9429,
	78.7243 3.92062,
	78.9025 3.9429,
	78.9916 3.98745,
	79.0807 4.07656,
	79.1698 4.12111,
	79.2367 4.21021,
	79.2589 4.29932,
	79.2367 4.38842,
	79.1475 4.45525,
	79.0584 4.47753,
	78.8802 4.45525,
	78.7911 4.38842,
	78.702 4.36615,
	78.5461 4.21021,
	78.4793 4.14338,
	78.457 4.05428,
	"/>
</Transform>

<Transform dim="0"
 xcoef=" 0 1 0 0 0 0"
 ycoef=" 0 0 1 0 0 0">
<Contour name="TB2 NF_17" hidden="true" closed="true" simplified="true" border="1 0.501961 0.501961" fill="1 0.501961 0.501961" mode="-9"
 points="79.7773 4.12206,
	79.8894 4.00989,
	80.1138 3.89773,
	80.2259 3.89773,
	80.254 3.86969,
	80.3661 3.92577,
	80.4783 4.03794,
	80.5624 4.26227,
	80.5624 4.37443,
	80.5624 4.43051,
	80.3381 4.6268,
	80.1138 4.65484,
	80.0016 4.65484,
	79.8894 4.57072,
	79.8614 4.54268,
	79.8053 4.57072,
	79.7773 4.54268,
	79.8053 4.43051,
	79.7773 4.20618,
	79.7773 4.1501,
	"/>
</Transform>

<Transform dim="0"
 xcoef=" 0 1 0 0 0 0"
 ycoef=" 0 0 1 0 0 0">
<Contour name="TB2 NF_01_rsl" hidden="false" closed="true" simplified="true" border="0 1 0" fill="0 1 0" mode="-9"
 points="87.7751 0.95918,
	87.8159 0.928567,
	87.9792 0.918363,
	87.9996 0.938771,
	88.02 0.938771,
	88.0404 0.95918,
	88.0608 0.95918,
	88.1425 1.0204,
	88.1833 1.05102,
	88.1833 1.13265,
	88.1629 1.17346,
	88.0813 1.20408,
	87.9996 1.21428,
	87.9588 1.21428,
	87.8772 1.18367,
	87.8364 1.16326,
	87.7853 1.08163,
	87.7751 0.999996,
	87.7751 0.969384,
	"/>
</Transform>

<Transform dim="0"
 xcoef=" 0 1 0 0 0 0"
 ycoef=" 0 0 1 0 0 0">
<Contour name="TB2 NF_28-FR" hidden="false" closed="true" simplified="true" border="1 0.501961 0.501961" fill="1 0.501961 0.501961" mode="-9"
 points="102.475 0.0597473,
	102.509 0.0341413,
	102.526 0.0170707,
	102.8 0.025606,
	102.834 0.025606,
	102.902 0,
	102.97 -0.00853533,
	103.107 0.0170707,
	103.175 0.025606,
	103.312 0.076818,
	103.346 0.0853533,
	103.354 0.102424,
	103.337 0.136565,
	103.397 0.179242,
	103.457 0.247525,
	103.457 0.264595,
	103.474 0.281666,
	103.508 0.418231,
	103.517 0.554797,
	103.491 0.691362,
	103.482 0.725503,
	103.423 0.785251,
	103.388 0.802321,
	103.115 0.853533,
	103.047 0.853533,
	102.911 0.810857,
	102.893 0.810857,
	102.876 0.793786,
	102.859 0.793786,
	102.825 0.76818,
	102.808 0.76818,
	102.672 0.674291,
	102.612 0.614544,
	102.535 0.477979,
	102.509 0.409696,
	102.484 0.273131,
	102.475 0.136565,
	102.475 0.0682827,
	"/>
</Transform>

<Transform dim="0"
 xcoef=" 0 1 0 0 0 0"
 ycoef=" 0 0 1 0 0 0">
<Contour name="TB2 NF_28-FR" hidden="false" closed="true" simplified="true" border="1 0.502 0.502" fill="1 0.502 0.502" mode="-9"
 points="102.289 10.2734,
	102.294 10.2527,
	102.336 10.2113,
	102.392 10.1336,
	102.434 10.1284,
	102.439 10.1077,
	102.429 10.0869,
	102.408 10.0662,
	102.387 10.0248,
	102.382 9.94187,
	102.392 9.85898,
	102.398 9.81754,
	102.392 9.79681,
	102.367 9.75537,
	102.351 9.71392,
	102.341 9.6932,
	102.336 9.52741,
	102.336 9.44452,
	102.32 9.27874,
	102.32 9.11295,
	102.341 8.94717,
	102.356 8.86428,
	102.382 8.78138,
	102.398 8.73994,
	102.449 8.65705,
	102.506 8.58452,
	102.558 8.50162,
	102.563 8.4809,
	102.605 8.44463,
	102.688 8.39801,
	102.729 8.3721,
	102.766 8.33584,
	102.797 8.25295,
	102.817 8.2374,
	102.859 8.23222,
	102.879 8.2374,
	102.957 8.31512,
	102.988 8.35656,
	103.009 8.3721,
	103.019 8.39283,
	103.056 8.43427,
	103.082 8.47572,
	103.087 8.49644,
	103.19 8.66223,
	103.227 8.74512,
	103.242 8.9109,
	103.237 9.07669,
	103.227 9.15958,
	103.206 9.24247,
	103.201 9.26319,
	103.19 9.27356,
	103.19 9.28392,
	103.175 9.29946,
	103.175 9.30982,
	103.107 9.39271,
	103.05 9.47561,
	103.03 9.51705,
	103.014 9.53777,
	103.014 9.54814,
	102.916 9.71392,
	102.864 9.79681,
	102.859 9.81754,
	102.828 9.85898,
	102.807 9.89525,
	102.745 9.97296,
	102.672 10.0507,
	102.589 10.0766,
	102.553 10.1128,
	102.548 10.1543,
	102.563 10.2372,
	102.605 10.3201,
	102.62 10.3615,
	102.631 10.3719,
	102.636 10.3926,
	102.646 10.403,
	102.672 10.4859,
	102.683 10.5687,
	102.667 10.7345,
	102.667 10.7553,
	102.636 10.8381,
	102.626 10.8433,
	102.543 10.8071,
	102.501 10.7863,
	102.418 10.7293,
	102.377 10.6931,
	102.367 10.6775,
	102.33 10.6516,
	102.33 10.6102,
	102.31 10.5273,
	102.31 10.4859,
	102.294 10.403,
	102.289 10.3201,
	102.289 10.2786,
	"/>
</Transform>

<Transform dim="0"
 xcoef=" 0 1 0 0 0 0"
 ycoef=" 0 0 1 0 0 0">
<Contour name="TB2 NF_06_cw" hidden="false" closed="true" simplified="true" border="0.843137 0.843137 0" fill="0.843137 0.843137 0" mode="-9"
 points="78.3889 4.17092,
	78.403 4.13339,
	78.4499 4.05832,
	78.478 4.02548,
	78.5109 4.00202,
	78.5296 3.98325,
	78.5484 3.97387,
	78.5672 3.9551,
	78.6422 3.90818,
	78.661 3.8988,
	78.8111 3.88473,
	78.8862 3.88003,
	78.9237 3.88473,
	78.9613 3.8988,
	79.1114 3.99733,
	79.1724 4.0677,
	79.224 4.14277,
	79.2522 4.1803,
	79.2944 4.25537,
	79.3085 4.2929,
	79.3085 4.33044,
	79.3178 4.3492,
	79.3319 4.42427,
	79.3366 4.49934,
	79.3366 4.50872,
	79.3178 4.5228,
	79.2991 4.5228,
	79.1489 4.47119,
	78.9988 4.4055,
	78.98 4.40081,
	78.9613 4.4055,
	78.9237 4.39143,
	78.905 4.38205,
	78.8862 4.38205,
	78.8768 4.37735,
	78.8393 4.38205,
	78.7642 4.36797,
	78.6892 4.32575,
	78.6141 4.2929,
	78.539 4.26945,
	78.464 4.25537,
	78.4264 4.25068,
	78.4077 4.25068,
	78.3936 4.23191,
	78.3889 4.19438,
	78.3889 4.17561,
	"/>
</Transform>

<Transform dim="0"
 xcoef=" 0 1 0 0 0 0"
 ycoef=" 0 0 1 0 0 0">
<Contour name="TB2 NF_07_cw" hidden="false" closed="true" simplified="true" border="0.25098 0.501961 0.501961" fill="0.25098 0.501961 0.501961" mode="-9"
 points="78.7592 3.04731,
	78.7719 2.99641,
	78.8673 2.91371,
	78.88 2.90098,
	78.9309 2.89462,
	78.9818 2.90098,
	79.0073 2.90098,
	79.1091 2.93279,
	79.1345 2.95188,
	79.1472 2.9646,
	79.1536 3.0155,
	79.1345 3.11728,
	79.1091 3.16818,
	79.0836 3.18726,
	79.0709 3.20635,
	79.0645 3.21271,
	79.0709 3.22544,
	79.0645 3.23816,
	79.0518 3.23816,
	79.0264 3.25724,
	78.9755 3.26361,
	78.9246 3.24452,
	78.8991 3.23816,
	78.8864 3.23816,
	78.8355 3.19999,
	78.7782 3.0982,
	78.7592 3.05367,
	"/>
</Transform>

<Transform dim="0"
 xcoef=" 0 1 0 0 0 0"
 ycoef=" 0 0 1 0 0 0">
<Contour name="TB2 NF_07_cw" hidden="false" closed="true" simplified="true" border="0.25098 0.501961 0.501961" fill="0.25098 0.501961 0.501961" mode="-9"
 points="79.6053 1.54592,
	79.618 1.49502,
	79.6371 1.46958,
	79.6562 1.41868,
	79.6943 1.36779,
	79.7071 1.34234,
	79.758 1.29781,
	79.8089 1.266,
	79.8343 1.25964,
	79.8852 1.27236,
	79.987 1.32962,
	80.0379 1.37415,
	80.0697 1.42504,
	80.0888 1.45049,
	80.1015 1.50139,
	80.1015 1.52683,
	80.1333 1.57773,
	80.1397 1.62862,
	80.1206 1.67952,
	80.0824 1.73041,
	80.0315 1.76222,
	79.9806 1.77494,
	79.9552 1.78131,
	79.9297 1.80039,
	79.7262 1.73677,
	79.6753 1.69224,
	79.6371 1.64135,
	79.618 1.6159,
	79.6116 1.565,
	79.6053 1.55228,
	"/>
</Transform>

<Transform dim="0"
 xcoef=" 0 1 0 0 0 0"
 ycoef=" 0 0 1 0 0 0">
<Contour name="TB2 NF_10_rsl" hidden="false" closed="true" simplified="true" border="0.502 0.502 0.753" fill="0.502 0.502 0.753" mode="-9"
 points="78.0175 3.90814,
	78.0425 3.86806,
	78.1177 3.79791,
	78.1477 3.76785,
	78.1878 3.73277,
	78.2079 3.71774,
	78.2179 3.70772,
	78.2279 3.70772,
	78.2379 3.6977,
	78.3983 3.66263,
	78.4784 3.65762,
	78.5185 3.67265,
	78.5586 3.6977,
	78.5786 3.71774,
	78.5887 3.79791,
	78.5937 3.83298,
	78.6137 3.82797,
	78.6237 3.83298,
	78.5436 3.88309,
	78.5235 3.89812,
	78.4885 3.97828,
	78.4634 4.01837,
	78.3882 4.0835,
	78.3682 4.09854,
	78.288 4.10355,
	78.2079 4.09352,
	78.1277 4.06847,
	78.0626 3.99332,
	78.0275 3.96325,
	78.0175 3.94321,
	78.0175 3.92317,
	78.0175 3.91315,
	"/>
</Transform>

<Transform dim="0"
 xcoef=" 0 1 0 0 0 0"
 ycoef=" 0 0 1 0 0 0">
<Contour name="TB2 NF_10_rsl" hidden="false" closed="true" simplified="true" border="0.502 0.502 0.753" fill="0.502 0.502 0.753" mode="-9"
 points="78.0962 0.354072,
	78.1697 0.253863,
	78.2165 0.213779,
	78.3234 0.173696,
	78.4302 0.167015,
	78.457 0.167015,
	78.5104 0.187057,
	78.5238 0.187057,
	78.5705 0.240502,
	78.6039 0.293946,
	78.6039 0.347391,
	78.5772 0.400836,
	78.5371 0.44092,
	78.4837 0.481003,
	78.457 0.494364,
	78.4436 0.501045,
	78.4236 0.487684,
	78.2098 0.527767,
	78.1563 0.521087,
	78.1163 0.481003,
	78.0962 0.454281,
	78.0962 0.400836,
	78.0962 0.374114,
	78.0962 0.360752,
	"/>
</Transform>

<Transform dim="0"
 xcoef=" 0 1 0 0 0 0"
 ycoef=" 0 0 1 0 0 0">
<Contour name="TB2 NF_13_rsl" hidden="false" closed="true" simplified="true" border="1 0.501961 0.752941" fill="1 0.501961 0.752941" mode="-9"
 points="77.535 3.35557,
	77.6218 3.2013,
	77.6603 3.17237,
	77.6796 3.15308,
	77.6989 3.15308,
	77.7182 3.1338,
	77.7953 3.11451,
	77.8339 3.11451,
	77.911 3.07594,
	77.9882 3.01809,
	78.0557 2.97952,
	78.21 2.9988,
	78.2485 3.00845,
	78.3257 3.05666,
	78.3835 3.1338,
	78.3932 3.28808,
	78.3835 3.36522,
	78.316 3.5195,
	78.1617 3.62556,
	78.1232 3.65449,
	78.046 3.67378,
	77.9689 3.67378,
	77.8146 3.63521,
	77.776 3.62556,
	77.7568 3.62556,
	77.7375 3.60628,
	77.6603 3.57735,
	77.5832 3.52914,
	77.5543 3.49057,
	77.535 3.41343,
	77.535 3.37486,
	77.535 3.36522,
	"/>
</Transform>

<Transform dim="0"
 xcoef=" 0 1 0 0 0 0"
 ycoef=" 0 0 1 0 0 0">
<Contour name="TB2 NF_13_rsl" hidden="false" closed="true" simplified="true" border="1 0.502 0.753" fill="1 0.502 0.753" mode="-9"
 points="77.7448 1.20433,
	77.8282 1.01354,
	77.9117 0.942,
	78.1025 0.906227,
	78.2933 0.846607,
	78.4841 0.810835,
	78.5318 0.858531,
	78.7225 0.942,
	78.806 1.02547,
	78.8418 1.07316,
	78.8776 1.25202,
	78.8418 1.44281,
	78.806 1.5382,
	78.7941 1.72899,
	78.806 1.82438,
	78.7822 1.87208,
	78.7345 1.89592,
	78.5437 1.884,
	78.4483 1.87208,
	78.0667 1.72899,
	77.9713 1.69321,
	77.9356 1.66937,
	77.8044 1.49051,
	77.7567 1.39511,
	77.7448 1.21625,
	"/>
</Transform>

<Transform dim="0"
 xcoef=" 0 1 0 0 0 0"
 ycoef=" 0 0 1 0 0 0">
<Image mag="0.00855" contrast="1" brightness="0" red="true" green="true" blue="true"
 src="Aligned 633105.tif" />
<Contour name="a1" hidden="false" closed="true" simplified="false" border="1 0.5 0" fill="1 0.5 0" mode="11"
 points="0 0,
	15991 0,
	15991 12171,
	0 12171,
	"/>
</Transform>

<Transform dim="0"
 xcoef=" 0 1 0 0 0 0"
 ycoef=" 0 0 1 0 0 0">
<Contour name="TB2 Nucleus_98_cw" hidden="false" closed="true" simplified="true" border="1 0 0" fill="1 0 0" mode="15"
 points="87.9578 12.8835,
	88.002 12.6008,
	88.0639 12.318,
	88.1081 12.1766,
	88.1346 12.1059,
	88.1788 12.0352,
	88.1788 12.0175,
	88.2936 11.9027,
	88.3643 11.8673,
	88.5057 11.8231,
	88.5676 11.7701,
	88.6117 11.6994,
	88.6383 11.6287,
	88.6471 11.346,
	88.6383 11.2046,
	88.6471 11.1339,
	88.6736 11.0632,
	88.6824 11.0279,
	88.7796 10.8865,
	88.8503 10.8335,
	88.921 10.7981,
	89.0624 10.7716,
	89.2038 10.7716,
	89.3452 10.7539,
	89.3628 10.7539,
	89.5042 10.6479,
	89.5749 10.5949,
	89.7163 10.533,
	89.9991 10.4447,
	90.1404 10.3916,
	90.1758 10.374,
	90.2023 10.3386,
	90.22 10.321,
	90.2376 10.2503,
	90.1404 9.9675,
	90.1228 9.8968,
	90.1316 9.82611,
	90.167 9.75542,
	90.1846 9.72008,
	90.22 9.68473,
	90.2642 9.63171,
	90.3348 9.58753,
	90.4762 9.53451,
	90.5469 9.508,
	90.8297 9.46382,
	90.9711 9.45498,
	91.1125 9.47266,
	91.1831 9.49916,
	91.2538 9.54335,
	91.3245 9.6052,
	91.3775 9.67589,
	91.3864 9.71124,
	91.4129 9.74658,
	91.4482 9.88797,
	91.4659 10.0294,
	91.4659 10.1,
	91.4836 10.1707,
	91.5189 10.2414,
	91.5366 10.3828,
	91.5454 10.4535,
	91.5013 10.5949,
	91.4747 10.6656,
	91.4659 10.7009,
	91.4217 10.7716,
	91.3687 10.913,
	91.3775 11.0544,
	91.4129 11.1251,
	91.5278 11.2399,
	91.5985 11.2841,
	91.6161 11.3018,
	91.6515 11.3106,
	91.7222 11.3548,
	91.7575 11.3637,
	91.7752 11.3813,
	91.7929 11.3813,
	91.8282 11.4078,
	91.8636 11.4167,
	91.9342 11.4697,
	92.0049 11.5404,
	92.0403 11.5757,
	92.0668 11.6464,
	92.0845 11.7878,
	92.1021 11.8585,
	92.1021 11.8938,
	92.1375 11.9645,
	92.27 12.0882,
	92.3054 12.1236,
	92.3407 12.1943,
	92.3584 12.3357,
	92.3584 12.371,
	92.4026 12.4417,
	92.4644 12.5036,
	92.6058 12.5831,
	92.7472 12.6361,
	92.8179 12.6803,
	92.9593 12.804,
	93.0741 12.9189,
	93.136 12.9896,
	93.2332 13.1221,
	93.2862 13.1928,
	93.3039 13.2281,
	93.5778 13.5021,
	93.6485 13.5728,
	93.6927 13.6435,
	93.7457 13.7848,
	93.7545 13.8555,
	93.7722 13.8909,
	93.7722 13.9262,
	93.8076 13.9969,
	93.8694 14.0676,
	93.9401 14.1206,
	94.002 14.1913,
	94.2847 14.3857,
	94.3112 14.4211,
	94.3378 14.5624,
	94.3289 14.7038,
	94.3024 14.7745,
	94.2847 14.8099,
	94.2229 14.8806,
	94.1787 14.9424,
	94.1434 15.0838,
	94.1257 15.1191,
	94.0815 15.4019,
	94.0727 15.5433,
	94.0462 15.6847,
	94.0373 15.7554,
	93.9843 15.8967,
	93.9401 15.9674,
	93.8783 16.0381,
	93.8076 16.0735,
	93.6662 16.0823,
	93.6308 16.0823,
	93.5601 16.1353,
	93.5248 16.1618,
	93.5071 16.1618,
	93.4895 16.1795,
	93.4718 16.1795,
	93.3304 16.259,
	93.189 16.3209,
	92.9063 16.3916,
	92.6235 16.4976,
	92.3407 16.639,
	92.1993 16.7274,
	92.0756 16.8157,
	92.0138 16.8687,
	91.9784 16.8864,
	91.837 17.019,
	91.7752 17.0897,
	91.6426 17.1957,
	91.5013 17.2399,
	91.3599 17.2576,
	91.2185 17.2576,
	91.0771 17.2222,
	91.0064 17.1957,
	90.865 17.0985,
	90.7943 17.0543,
	90.7237 17.0366,
	90.5823 17.0278,
	90.4409 16.9836,
	90.4055 16.9748,
	90.2642 16.8687,
	90.1935 16.8069,
	90.0963 16.6655,
	89.9637 16.533,
	89.893 16.4623,
	89.6191 16.2414,
	89.5484 16.1795,
	89.4954 16.1088,
	89.4424 15.9674,
	89.4159 15.8261,
	89.3894 15.7554,
	89.3805 15.72,
	89.2921 15.5786,
	89.0712 15.3135,
	88.9917 15.1722,
	88.9387 15.0308,
	88.9122 14.9601,
	88.8945 14.9247,
	88.7531 14.7922,
	88.6824 14.748,
	88.5411 14.6862,
	88.4085 14.5713,
	88.3643 14.5006,
	88.1964 13.9351,
	88.1699 13.8644,
	88.1257 13.7937,
	88.0992 13.7583,
	88.0639 13.6169,
	88.0462 13.3342,
	87.9844 13.1928,
	87.9667 13.1221,
	87.9578 12.9807,
	87.9578 12.91,
	87.9578 12.8924,
	"/>
</Transform>

<Transform dim="0"
 xcoef=" 0 1 0 0 0 0"
 ycoef=" 0 0 1 0 0 0">
<Contour name="TB2 NF_30_cw" hidden="false" closed="true" simplified="true" border="1 1 0.502" fill="1 1 0" mode="15"
 points="87.3834 10.2788,
	87.41 9.99454,
	87.4545 9.71025,
	87.4811 9.56811,
	87.5966 9.28382,
	87.8009 8.99953,
	87.8454 8.92846,
	87.9697 8.7952,
	88.0408 8.73301,
	88.1119 8.68859,
	88.1208 8.65305,
	87.9697 8.37765,
	87.9608 8.30657,
	87.9253 8.2355,
	87.8631 8.16443,
	87.7832 8.02229,
	87.7476 7.95121,
	87.721 7.91568,
	87.7121 7.88014,
	87.6321 7.738,
	87.5699 7.59585,
	87.5699 7.52478,
	87.5255 7.38263,
	87.4989 7.24049,
	87.5078 7.16942,
	87.5255 7.13388,
	87.5611 7.10723,
	87.6321 7.08058,
	87.641 7.05393,
	87.6321 7.01839,
	87.6499 6.94732,
	87.6766 6.91178,
	87.7121 6.9029,
	87.8542 6.9562,
	87.9253 6.98285,
	87.9431 7.00062,
	87.9431 7.03616,
	87.9786 7.06281,
	88.0497 7.04504,
	88.1208 7.00062,
	88.1652 6.92955,
	88.1474 6.89401,
	88.0852 6.84959,
	88.0586 6.81406,
	88.0497 6.77852,
	88.0941 6.7341,
	88.1652 6.74298,
	88.2363 6.71633,
	88.254 6.69856,
	88.254 6.66303,
	88.2363 6.62749,
	88.2007 6.62749,
	88.1652 6.60972,
	88.1296 6.57419,
	88.1119 6.55642,
	88.0852 6.41427,
	88.0941 6.12999,
	88.1208 5.98784,
	88.1296 5.8457,
	88.1208 5.56141,
	88.1474 5.49033,
	88.2007 5.41926,
	88.2718 5.27712,
	88.3162 5.20605,
	88.334 5.17051,
	88.3962 5.09944,
	88.4317 5.0639,
	88.5738 4.97506,
	88.6449 4.93952,
	88.7871 4.8418,
	88.9203 4.69966,
	89.0536 4.59305,
	89.1247 4.56639,
	89.1602 4.54863,
	89.3023 4.55751,
	89.3734 4.58416,
	89.4445 4.56639,
	89.48 4.56639,
	89.5156 4.58416,
	89.5244 4.60193,
	89.48 4.673,
	89.4178 4.74408,
	89.3823 4.81515,
	89.3823 4.85068,
	89.3556 4.92176,
	89.3468 4.95729,
	89.1691 5.24158,
	89.1424 5.27712,
	89.1069 5.41926,
	89.0092 5.70355,
	88.9559 5.8457,
	88.9381 5.86346,
	88.8759 6.14775,
	88.8226 6.21883,
	88.7871 6.25436,
	88.7426 6.32543,
	88.6094 6.46758,
	88.5738 6.49423,
	88.5294 6.54754,
	88.5028 6.61861,
	88.5294 6.64526,
	88.5383 6.6808,
	88.5294 6.75187,
	88.565 6.82294,
	88.5738 6.85848,
	88.5561 6.92955,
	88.485 6.98285,
	88.4495 7.0095,
	88.4406 7.08058,
	88.405 7.10723,
	88.3606 7.1783,
	88.2896 7.19607,
	88.1474 7.29379,
	88.0763 7.31156,
	88.0408 7.32933,
	88.0053 7.36487,
	87.9875 7.43594,
	88.0142 7.57808,
	88.1385 7.71134,
	88.2096 7.74688,
	88.2451 7.75576,
	88.2807 7.78242,
	88.2984 7.85349,
	88.3251 7.88014,
	88.3606 7.88014,
	88.3962 7.90679,
	88.4406 8.04894,
	88.4672 8.12001,
	88.485 8.15555,
	88.485 8.19108,
	88.5205 8.26215,
	88.5561 8.27992,
	88.5738 8.29769,
	88.5738 8.36876,
	88.5472 8.51091,
	88.5383 8.65305,
	88.5383 8.72412,
	88.5294 8.75966,
	88.5383 8.7952,
	88.5294 8.86627,
	88.5561 9.00841,
	88.5383 9.07949,
	88.5383 9.11502,
	88.5028 9.18609,
	88.485 9.22163,
	88.485 9.2394,
	88.3251 9.52369,
	88.2896 9.59476,
	88.2718 9.61253,
	88.2451 9.6836,
	88.2451 9.70137,
	88.2007 9.77244,
	88.1741 9.84351,
	88.1563 9.86128,
	88.1474 9.89682,
	88.0586 10.039,
	87.9964 10.1811,
	87.9075 10.3233,
	87.8009 10.4654,
	87.7299 10.5365,
	87.6588 10.5898,
	87.6233 10.6075,
	87.5522 10.6075,
	87.4811 10.5631,
	87.4367 10.492,
	87.41 10.4565,
	87.3834 10.3144,
	87.3834 10.2877,
	"/>
</Transform>

<Transform dim="0"
 xcoef=" 0 1 0 0 0 0"
 ycoef=" 0 0 1 0 0 0">
<Contour name="EP_NF01_cw" hidden="false" closed="true" simplified="true" border="0.972549 0.756863 0.0156863" fill="0.972549 0.623529 0.262745" mode="15"
 points="124.677 76.9881,
	124.693 76.9434,
	124.772 76.8651,
	124.805 76.826,
	124.895 76.7756,
	124.984 76.7421,
	125.074 76.7309,
	125.118 76.7309,
	125.141 76.7253,
	125.185 76.7421,
	125.197 76.7421,
	125.219 76.7588,
	125.308 76.7812,
	125.353 76.7812,
	125.398 76.77,
	125.42 76.7644,
	125.432 76.7533,
	125.476 76.7477,
	125.566 76.7644,
	125.577 76.7644,
	125.599 76.7812,
	125.644 76.7924,
	125.734 76.7924,
	125.778 76.8036,
	125.868 76.8539,
	125.957 76.9434,
	125.985 76.9881,
	126.019 77.0776,
	126.041 77.1671,
	126.036 77.1895,
	125.996 77.223,
	125.985 77.2678,
	125.985 77.3125,
	125.974 77.3573,
	125.952 77.402,
	125.918 77.4467,
	125.873 77.4747,
	125.862 77.4859,
	125.851 77.4859,
	125.806 77.5139,
	125.717 77.5474,
	125.694 77.5586,
	125.605 77.5642,
	125.426 77.5921,
	125.336 77.5866,
	125.247 77.5474,
	125.157 77.5194,
	125.113 77.4971,
	125.102 77.4971,
	125.09 77.4859,
	125.079 77.4859,
	124.99 77.4244,
	124.945 77.3852,
	124.911 77.3461,
	124.889 77.3013,
	124.878 77.279,
	124.738 77.1056,
	124.699 77.0608,
	124.682 77.0385,
	124.677 76.9937,
	"/>
</Transform>

</Section>