<?xml version="1.0"?>
<!DOCTYPE Section SYSTEM "section.dtd">

<Section index="634" thickness="0.085" alignLocked="true">
<Transform dim="0"
 xcoef=" 0 1 0 0 0 0"
 ycoef=" 0 0 1 0 0 0">
<Image mag="0.00855" contrast="1" brightness="0" red="true" green="true" blue="true"
 src="Aligned 633634.tif" />
<Contour name="domain1" hidden="false" closed="true" simplified="false" border="1 0 1" fill="1 0 1" mode="11"
 points="0 0,
	15991 0,
	15991 12171,
	0 12171,
	"/>
</Transform>

<Transform dim="0"
 xcoef=" 0 1 0 0 0 0"
 ycoef=" 0 0 1 0 0 0">
<Contour name="TB2 NF_24" hidden="true" closed="true" simplified="true" border="1 0.501961 0.25098" fill="1 0.501961 0.25098" mode="-9"
 points="101.02 15.3804,
	101.154 15.0238,
	101.177 14.9346,
	101.333 14.7786,
	101.399 14.7563,
	101.489 14.8009,
	101.489 14.7117,
	101.511 14.6894,
	101.6 14.7563,
	101.645 14.8455,
	101.622 15.2021,
	101.555 15.5588,
	101.466 15.7371,
	101.31 15.9154,
	101.221 15.96,
	101.087 15.804,
	101.02 15.6256,
	101.02 15.4473,
	101.02 15.4027,
	"/>
</Transform>

<Transform dim="0"
 xcoef=" 0 1 0 0 0 0"
 ycoef=" 0 0 1 0 0 0">
<Contour name="TB2 NF_24_cw" hidden="false" closed="true" simplified="true" border="1 0.5 0" fill="1 0.682353 0.368627" mode="15"
 points="101.065 15.7719,
	101.069 15.7102,
	101.08 15.6793,
	101.103 15.6484,
	101.115 15.6176,
	101.111 15.5867,
	101.119 15.525,
	101.146 15.4979,
	101.161 15.4864,
	101.177 15.4864,
	101.184 15.4902,
	101.207 15.4594,
	101.227 15.3976,
	101.227 15.3822,
	101.234 15.3667,
	101.231 15.305,
	101.227 15.2741,
	101.192 15.2124,
	101.184 15.1815,
	101.192 15.1506,
	101.207 15.1352,
	101.223 15.1043,
	101.227 15.0734,
	101.204 15.0117,
	101.184 14.9808,
	101.177 14.95,
	101.188 14.8882,
	101.165 14.8265,
	101.161 14.7647,
	101.165 14.7339,
	101.192 14.6721,
	101.211 14.6412,
	101.261 14.5795,
	101.292 14.5525,
	101.354 14.5216,
	101.416 14.4984,
	101.478 14.4946,
	101.508 14.5023,
	101.524 14.51,
	101.555 14.5139,
	101.586 14.5332,
	101.597 14.5486,
	101.605 14.5795,
	101.632 14.6412,
	101.644 14.703,
	101.659 14.7339,
	101.686 14.7647,
	101.682 14.8265,
	101.667 14.8573,
	101.655 14.8728,
	101.624 14.8882,
	101.593 14.8921,
	101.562 14.8882,
	101.532 14.8959,
	101.505 14.9191,
	101.512 14.95,
	101.539 14.9808,
	101.555 14.9963,
	101.586 15.0156,
	101.597 15.0464,
	101.601 15.0619,
	101.582 15.1236,
	101.57 15.1545,
	101.555 15.1699,
	101.547 15.2008,
	101.555 15.2317,
	101.582 15.2587,
	101.593 15.2896,
	101.551 15.413,
	101.555 15.4246,
	101.543 15.4864,
	101.539 15.5018,
	101.528 15.5172,
	101.512 15.5172,
	101.501 15.5288,
	101.485 15.5906,
	101.481 15.606,
	101.485 15.6214,
	101.505 15.6484,
	101.501 15.7102,
	101.501 15.7256,
	101.451 15.8491,
	101.424 15.9109,
	101.404 15.9417,
	101.373 15.961,
	101.35 15.9919,
	101.292 16.0421,
	101.261 16.0691,
	101.2 16.0807,
	101.169 16.0652,
	101.138 16.0382,
	101.119 16.0073,
	101.096 15.9456,
	101.069 15.8221,
	101.069 15.7912,
	101.065 15.7758,
	"/>
</Transform>

<Transform dim="0"
 xcoef=" 0 1 0 0 0 0"
 ycoef=" 0 0 1 0 0 0">
<Image mag="0.00855" contrast="1" brightness="0" red="true" green="true" blue="true"
 src="..\TF21_robdata\Rob's_latest_seg_files_TF21_TB2\Aligned 633634.tif" />
<Contour name="domain1" hidden="false" closed="true" simplified="false" border="1 0 1" fill="1 0 1" mode="11"
 points="0 0,
	15991 0,
	15991 12171,
	0 12171,
	"/>
</Transform>

<Transform dim="0"
 xcoef=" 0 1 0 0 0 0"
 ycoef=" 0 0 1 0 0 0">
<Contour name="TB2 NF_24" hidden="true" closed="true" simplified="true" border="1 0.501961 0.25098" fill="1 0.501961 0.25098" mode="-9"
 points="101.02 15.3804,
	101.154 15.0238,
	101.177 14.9346,
	101.333 14.7786,
	101.399 14.7563,
	101.489 14.8009,
	101.489 14.7117,
	101.511 14.6894,
	101.6 14.7563,
	101.645 14.8455,
	101.622 15.2021,
	101.555 15.5588,
	101.466 15.7371,
	101.31 15.9154,
	101.221 15.96,
	101.087 15.804,
	101.02 15.6256,
	101.02 15.4473,
	101.02 15.4027,
	"/>
</Transform>

<Transform dim="0"
 xcoef=" 0 1 0 0 0 0"
 ycoef=" 0 0 1 0 0 0">
<Contour name="TB2 NF_24_cw" hidden="false" closed="true" simplified="true" border="1 0.5 0" fill="1 0.682353 0.368627" mode="15"
 points="101.065 15.7719,
	101.069 15.7102,
	101.08 15.6793,
	101.103 15.6484,
	101.115 15.6176,
	101.111 15.5867,
	101.119 15.525,
	101.146 15.4979,
	101.161 15.4864,
	101.177 15.4864,
	101.184 15.4902,
	101.207 15.4594,
	101.227 15.3976,
	101.227 15.3822,
	101.234 15.3667,
	101.231 15.305,
	101.227 15.2741,
	101.192 15.2124,
	101.184 15.1815,
	101.192 15.1506,
	101.207 15.1352,
	101.223 15.1043,
	101.227 15.0734,
	101.204 15.0117,
	101.184 14.9808,
	101.177 14.95,
	101.188 14.8882,
	101.165 14.8265,
	101.161 14.7647,
	101.165 14.7339,
	101.192 14.6721,
	101.211 14.6412,
	101.261 14.5795,
	101.292 14.5525,
	101.354 14.5216,
	101.416 14.4984,
	101.478 14.4946,
	101.508 14.5023,
	101.524 14.51,
	101.555 14.5139,
	101.586 14.5332,
	101.597 14.5486,
	101.605 14.5795,
	101.632 14.6412,
	101.644 14.703,
	101.659 14.7339,
	101.686 14.7647,
	101.682 14.8265,
	101.667 14.8573,
	101.655 14.8728,
	101.624 14.8882,
	101.593 14.8921,
	101.562 14.8882,
	101.532 14.8959,
	101.505 14.9191,
	101.512 14.95,
	101.539 14.9808,
	101.555 14.9963,
	101.586 15.0156,
	101.597 15.0464,
	101.601 15.0619,
	101.582 15.1236,
	101.57 15.1545,
	101.555 15.1699,
	101.547 15.2008,
	101.555 15.2317,
	101.582 15.2587,
	101.593 15.2896,
	101.551 15.413,
	101.555 15.4246,
	101.543 15.4864,
	101.539 15.5018,
	101.528 15.5172,
	101.512 15.5172,
	101.501 15.5288,
	101.485 15.5906,
	101.481 15.606,
	101.485 15.6214,
	101.505 15.6484,
	101.501 15.7102,
	101.501 15.7256,
	101.451 15.8491,
	101.424 15.9109,
	101.404 15.9417,
	101.373 15.961,
	101.35 15.9919,
	101.292 16.0421,
	101.261 16.0691,
	101.2 16.0807,
	101.169 16.0652,
	101.138 16.0382,
	101.119 16.0073,
	101.096 15.9456,
	101.069 15.8221,
	101.069 15.7912,
	101.065 15.7758,
	"/>
</Transform>

<Transform dim="0"
 xcoef=" 0 1 0 0 0 0"
 ycoef=" 0 0 1 0 0 0">
<Image mag="0.00855" contrast="1" brightness="0" red="true" green="true" blue="true"
 src="Aligned 633634.tif" />
<Contour name="a1" hidden="false" closed="true" simplified="false" border="1 0.5 0" fill="1 0.5 0" mode="11"
 points="0 0,
	15991 0,
	15991 12171,
	0 12171,
	"/>
</Transform>

<Transform dim="0"
 xcoef=" 0 1 0 0 0 0"
 ycoef=" 0 0 1 0 0 0">
<Contour name="TB3_tastebud_outline_cw" hidden="false" closed="true" simplified="true" border="0.752941 0.752941 0.752941" fill="0.752941 0.752941 0.752941" mode="15"
 points="87.4506 64.5195,
	88.1903 61.8894,
	88.5191 61.2319,
	89.0122 60.5743,
	89.0944 60.2456,
	90.1629 59.0127,
	91.3958 57.7799,
	91.7245 57.6155,
	92.0533 57.2867,
	93.3683 56.7114,
	94.6834 56.3826,
	95.9984 56.3004,
	97.3135 56.547,
	97.971 56.7114,
	100.601 57.9443,
	101.916 58.8483,
	102.245 59.0127,
	104.711 61.2319,
	105.779 62.5469,
	106.437 63.862,
	106.683 64.5195,
	106.765 65.8345,
	106.683 67.1496,
	106.437 67.8071,
	106.026 68.4646,
	105.779 68.7934,
	105.779 68.9578,
	104.875 70.1906,
	103.807 71.5057,
	103.149 72.081,
	101.998 72.9851,
	100.683 73.7248,
	100.026 73.9714,
	97.3957 74.3001,
	96.7381 74.3823,
	95.4231 74.218,
	94.7656 74.1358,
	94.4368 74.1358,
	93.1218 73.4782,
	92.793 73.3139,
	92.4642 72.9851,
	91.1492 72.081,
	88.93 69.5331,
	88.1903 68.2181,
	87.6972 66.903,
	87.5328 66.5742,
	87.4506 65.2592,
	87.4506 64.6017,
	"/>
</Transform>

<Transform dim="0"
 xcoef=" 0 1 0 0 0 0"
 ycoef=" 0 0 1 0 0 0">
<Contour name="TB3_tastebud_outline_cw" hidden="false" closed="true" simplified="true" border="0.752941 0.752941 0.752941" fill="0.752941 0.752941 0.752941" mode="15"
 points="115.726 34.4788,
	117.042 33.6569,
	118.357 33.1638,
	119.014 33.0816,
	119.672 33.1638,
	120 33.246,
	121.233 34.3144,
	121.973 35.6295,
	122.22 36.287,
	122.384 37.6021,
	122.22 40.2322,
	121.891 42.8623,
	121.398 45.4923,
	120.658 50.7525,
	120.329 52.0676,
	119.425 54.6977,
	119.096 56.0127,
	118.357 57.3278,
	117.288 58.6428,
	116.631 59.3003,
	115.316 59.9579,
	114 60.2866,
	113.343 60.451,
	112.685 60.451,
	111.37 60.1222,
	110.713 59.8757,
	110.384 59.7935,
	109.727 59.3825,
	109.069 59.2181,
	108.412 58.8894,
	107.096 57.9853,
	106.439 57.3278,
	106.028 56.6702,
	105.864 56.3415,
	106.686 54.9442,
	106.603 53.6292,
	107.343 50.9991,
	107.672 50.3416,
	107.836 49.6841,
	109.973 44.4239,
	111.288 41.7938,
	111.699 41.1363,
	111.864 40.9719,
	111.946 40.6431,
	112.11 40.4787,
	112.11 40.3144,
	112.439 39.9856,
	113.096 38.6705,
	114.822 36.0404,
	115.398 34.8076,
	"/>
</Transform>

<Transform dim="0"
 xcoef=" 0 1 0 0 0 0"
 ycoef=" 0 0 1 0 0 0">
<Contour name="TB3_nucleus02_cw" hidden="false" closed="true" simplified="true" border="1 1 1" fill="1 1 1" mode="15"
 points="96.6434 65.3593,
	96.6621 65.2844,
	96.6715 64.9847,
	96.6996 64.8348,
	96.7089 64.7599,
	96.7651 64.61,
	96.7839 64.5725,
	96.7839 64.4976,
	96.7651 64.4695,
	96.6996 64.3946,
	96.6808 64.3758,
	96.6902 64.3384,
	96.6902 64.3196,
	96.7277 64.2822,
	96.7183 64.2072,
	96.7558 64.1323,
	96.7932 63.9825,
	96.812 63.945,
	96.8775 63.8701,
	96.8963 63.8513,
	96.9337 63.5516,
	96.9337 63.4767,
	96.9618 63.4017,
	96.9806 63.3643,
	97.018 63.3268,
	97.0461 63.2519,
	97.0555 63.1769,
	97.1585 63.0271,
	97.1773 63.0083,
	97.2054 62.9334,
	97.196 62.7835,
	97.2241 62.7086,
	97.3271 62.5587,
	97.4021 62.4838,
	97.4489 62.4089,
	97.4676 62.3714,
	97.4676 62.2965,
	97.4583 62.259,
	97.5051 62.1841,
	97.6456 62.053,
	97.6924 61.9031,
	97.7486 61.8375,
	97.8985 61.7532,
	97.9734 61.6783,
	98.0484 61.6315,
	98.1233 61.5659,
	98.142 61.5284,
	98.1139 61.3786,
	98.1327 61.3411,
	98.2825 61.2287,
	98.32 61.2006,
	98.3949 61.2006,
	98.4324 61.2193,
	98.5073 61.1912,
	98.5448 61.1538,
	98.6197 61.1163,
	98.6572 61.0976,
	98.6946 61.0976,
	98.8445 61.1444,
	98.9194 61.1444,
	98.9944 61.1257,
	99.0693 61.0788,
	99.1255 61.0226,
	99.1911 60.9477,
	99.2754 60.7978,
	99.3222 60.7229,
	99.3971 60.648,
	99.547 60.545,
	99.6219 60.5169,
	99.9216 60.47,
	99.9966 60.4794,
	100.034 60.5075,
	100.072 60.5169,
	100.221 60.4607,
	100.296 60.4794,
	100.446 60.4888,
	100.596 60.5262,
	100.615 60.5262,
	100.69 60.5824,
	100.727 60.6199,
	100.802 60.6573,
	100.877 60.648,
	101.027 60.6667,
	101.177 60.7135,
	101.214 60.7042,
	101.252 60.7135,
	101.261 60.7042,
	101.308 60.751,
	101.336 60.8259,
	101.383 60.9009,
	101.448 60.9477,
	101.467 60.9664,
	101.617 60.9945,
	101.654 60.9852,
	101.804 61.032,
	101.879 61.0882,
	101.982 61.2381,
	102.057 61.313,
	102.207 61.416,
	102.273 61.4816,
	102.319 61.5565,
	102.385 61.6221,
	102.46 61.6689,
	102.535 61.697,
	102.61 61.7532,
	102.647 61.7813,
	102.825 62.0811,
	102.863 62.1092,
	102.938 62.1279,
	103.078 62.2497,
	103.153 62.3995,
	103.181 62.437,
	103.181 62.4557,
	103.265 62.6056,
	103.312 62.7554,
	103.322 62.7929,
	103.378 62.8678,
	103.425 63.0177,
	103.415 63.0926,
	103.425 63.2425,
	103.453 63.3174,
	103.528 63.383,
	103.556 63.4579,
	103.528 63.6078,
	103.537 63.6453,
	103.603 63.7202,
	103.621 63.7951,
	103.621 63.8701,
	103.612 63.9075,
	103.612 63.9263,
	103.584 63.9637,
	103.565 64.0386,
	103.584 64.1885,
	103.64 64.3384,
	103.678 64.4882,
	103.687 64.5632,
	103.621 64.6287,
	103.593 64.6568,
	103.612 64.7318,
	103.621 64.7692,
	103.556 64.9191,
	103.528 64.994,
	103.518 65.069,
	103.528 65.1439,
	103.537 65.1814,
	103.565 65.2188,
	103.565 65.2563,
	103.546 65.2938,
	103.556 65.3687,
	103.528 65.4436,
	103.5 65.4811,
	103.49 65.5186,
	103.443 65.5935,
	103.369 65.6684,
	103.331 65.7059,
	103.322 65.7808,
	103.256 65.8557,
	103.247 65.8932,
	103.125 66.0337,
	103.069 66.1836,
	103.031 66.221,
	102.994 66.2304,
	102.919 66.2866,
	102.891 66.4365,
	102.844 66.5114,
	102.722 66.6332,
	102.657 66.783,
	102.582 66.8392,
	102.469 66.9797,
	102.413 67.0547,
	102.394 67.0921,
	102.385 67.1671,
	102.338 67.242,
	102.263 67.3169,
	102.188 67.345,
	102.16 67.3638,
	102.02 67.5042,
	101.945 67.523,
	101.87 67.5698,
	101.832 67.6447,
	101.757 67.7103,
	101.608 67.7197,
	101.476 67.8414,
	101.327 67.8508,
	101.289 67.8321,
	101.214 67.8508,
	101.064 67.9538,
	100.924 68.0943,
	100.774 68.1786,
	100.737 68.1974,
	100.587 68.2067,
	100.437 68.2817,
	100.287 68.3379,
	100.212 68.3472,
	100.175 68.3379,
	100.156 68.3379,
	100.137 68.3191,
	100.1 68.3098,
	99.9497 68.3753,
	99.9123 68.3941,
	99.7624 68.3753,
	99.6875 68.3847,
	99.6126 68.4128,
	99.5751 68.4315,
	99.5002 68.4315,
	99.3503 68.4034,
	99.0506 68.4128,
	98.9756 68.3847,
	98.9007 68.3379,
	98.8258 68.3098,
	98.526 68.2629,
	98.4886 68.2442,
	98.4136 68.2348,
	98.2638 68.1693,
	98.2263 68.1599,
	98.0858 68.0475,
	98.0109 68.0007,
	97.9922 68.0007,
	97.9734 67.9819,
	97.8985 67.9538,
	97.861 67.9538,
	97.7861 67.9257,
	97.7486 67.9164,
	97.6737 67.8602,
	97.6081 67.7852,
	97.58 67.7665,
	97.5426 67.729,
	97.4676 67.7009,
	97.3927 67.6541,
	97.3365 67.5885,
	97.3084 67.5136,
	97.3178 67.4949,
	97.2709 67.345,
	97.2241 67.2701,
	97.1585 67.2045,
	97.1304 67.1296,
	97.1398 66.9797,
	97.1211 66.9048,
	97.0836 66.8673,
	97.0461 66.8486,
	97.0087 66.8111,
	96.9899 66.7362,
	97.0087 66.6613,
	97.018 66.6238,
	97.0087 66.5863,
	96.9431 66.5301,
	96.9056 66.4927,
	96.8869 66.4552,
	96.8775 66.3803,
	96.8588 66.3428,
	96.7183 66.2023,
	96.7089 66.1648,
	96.7277 66.0899,
	96.7183 66.015,
	96.6621 65.8651,
	96.6527 65.8276,
	96.6621 65.7527,
	96.6434 65.6029,
	96.6434 65.453,
	96.6434 65.3781,
	96.6434 65.3687,
	"/>
</Transform>

<Transform dim="0"
 xcoef=" 0 1 0 0 0 0"
 ycoef=" 0 0 1 0 0 0">
<Contour name="TB3_TC02_T2dying_cw" hidden="false" closed="true" simplified="true" border="0.321569 0.772549 1" fill="0.321569 0.772549 1" mode="15"
 points="95.271 63.452,
	95.2896 63.3775,
	95.4479 63.0796,
	95.5038 63.0051,
	95.5875 62.8562,
	95.7272 62.7165,
	95.7923 62.6514,
	95.8482 62.5024,
	95.8482 62.4279,
	95.783 62.279,
	95.783 62.13,
	95.9041 61.5342,
	95.9506 61.3853,
	95.9599 61.3108,
	95.9971 61.2363,
	96.0251 61.1991,
	96.0623 61.1805,
	96.0902 61.1433,
	96.1182 60.9943,
	96.1275 60.9571,
	96.174 60.8826,
	96.3137 60.7336,
	96.3881 60.6685,
	96.4626 60.6406,
	96.4998 60.6312,
	96.6116 60.4823,
	96.7046 60.3333,
	96.7326 60.1844,
	96.7233 60.1099,
	96.6302 59.961,
	96.6116 59.8865,
	96.6022 59.8493,
	96.6209 59.7748,
	96.7605 59.6445,
	96.835 59.6165,
	96.9839 59.5886,
	97.1329 59.5421,
	97.2818 59.4117,
	97.3563 59.3838,
	97.4308 59.3745,
	97.5052 59.421,
	97.5518 59.4955,
	97.589 59.4676,
	97.8869 59.4024,
	97.9614 59.3838,
	98.0359 59.3838,
	98.1103 59.3652,
	98.1476 59.3373,
	98.1476 59.2628,
	98.2128 59.1883,
	98.3617 59.0859,
	98.5106 59.0207,
	98.5851 58.9928,
	98.7341 59.0114,
	99.032 59.1604,
	99.1809 59.2628,
	99.2554 59.3186,
	99.3299 59.3466,
	99.4043 59.3373,
	99.4788 59.2721,
	99.516 59.2442,
	99.665 59.2162,
	99.9629 59.2814,
	100.037 59.3186,
	100.186 59.4397,
	100.326 59.5886,
	100.624 59.8306,
	100.773 59.8772,
	100.922 59.8865,
	100.996 59.8958,
	101.033 59.9051,
	101.173 60.0261,
	101.266 60.1751,
	101.322 60.2496,
	101.341 60.2868,
	101.48 60.4358,
	101.629 60.5568,
	101.927 60.7616,
	102.216 61.0502,
	102.365 61.0595,
	102.439 61.0502,
	102.476 61.0502,
	102.495 61.0595,
	102.514 61.0502,
	102.812 61.1526,
	102.886 61.1898,
	103.035 61.2922,
	103.184 61.3574,
	103.258 61.4132,
	103.398 61.5622,
	103.435 61.5994,
	103.472 61.6087,
	103.51 61.6366,
	103.659 61.6832,
	103.733 61.7018,
	103.808 61.7484,
	103.873 61.8228,
	103.947 61.8787,
	104.003 61.9532,
	104.04 62.0276,
	104.115 62.3255,
	104.171 62.4745,
	104.208 62.6234,
	104.227 62.7724,
	104.245 62.8469,
	104.254 62.8841,
	104.31 62.9586,
	104.608 63.1354,
	104.906 63.3496,
	105.036 63.4892,
	105.074 63.4985,
	105.12 63.573,
	105.185 63.7219,
	105.213 63.7964,
	105.251 63.8336,
	105.269 63.8523,
	105.344 63.8616,
	105.362 63.8616,
	105.39 63.8988,
	105.381 64.0477,
	105.362 64.1222,
	105.409 64.1967,
	105.446 64.2339,
	105.642 64.8297,
	105.651 64.9042,
	105.753 65.2021,
	105.772 65.351,
	105.744 65.6489,
	105.725 65.7979,
	105.716 65.8724,
	105.688 65.9468,
	105.679 66.0213,
	105.623 66.1703,
	105.558 66.2354,
	105.493 66.3844,
	105.465 66.4588,
	105.325 66.6078,
	105.251 66.6823,
	105.223 66.7195,
	105.204 66.794,
	105.195 66.8312,
	105.046 66.9709,
	104.943 67.1198,
	104.915 67.1943,
	104.897 67.2315,
	104.887 67.3805,
	104.906 67.4549,
	104.981 67.6039,
	105.036 67.7528,
	105.064 67.9018,
	105.074 67.939,
	105.055 68.088,
	105.046 68.1624,
	104.934 68.4603,
	104.878 68.6093,
	104.85 68.6465,
	104.841 68.6279,
	104.86 68.5907,
	104.85 68.572,
	104.832 68.572,
	104.766 68.6279,
	104.655 68.7769,
	104.599 68.8513,
	104.562 68.9258,
	104.515 69.0747,
	104.459 69.1492,
	104.385 69.2051,
	104.31 69.233,
	104.273 69.2423,
	104.124 69.3633,
	103.975 69.4471,
	103.938 69.4564,
	103.789 69.5868,
	103.64 69.6892,
	103.566 69.7078,
	103.528 69.7171,
	103.454 69.7729,
	103.417 69.8009,
	103.398 69.8195,
	103.389 69.894,
	103.342 69.9684,
	103.277 70.0429,
	103.203 70.0988,
	103.165 70.1081,
	103.091 70.0802,
	103.054 70.0522,
	103.044 70.0336,
	103.091 69.9591,
	103.24 69.8102,
	103.286 69.7357,
	103.314 69.5868,
	103.324 69.4378,
	103.324 69.4006,
	103.286 69.382,
	103.24 69.5309,
	103.221 69.6054,
	103.184 69.6799,
	103.054 69.8288,
	102.914 69.9591,
	102.83 70.1081,
	102.812 70.1453,
	102.523 70.4339,
	102.374 70.5735,
	102.327 70.648,
	102.309 70.7225,
	102.3 70.7411,
	102.309 70.7783,
	102.3 70.8156,
	102.281 70.8249,
	102.272 70.7877,
	102.262 70.769,
	102.113 70.8621,
	101.815 70.9645,
	101.666 71.0483,
	101.592 71.0856,
	101.518 71.0949,
	101.48 71.1042,
	101.406 71.16,
	101.369 71.1693,
	101.331 71.16,
	101.294 71.1228,
	101.257 71.1042,
	101.248 71.0949,
	101.21 71.1228,
	101.173 71.1321,
	101.136 71.1228,
	101.033 70.9738,
	100.959 70.9366,
	100.885 70.918,
	100.847 70.9087,
	100.829 70.8994,
	100.763 70.9552,
	100.726 71.1042,
	100.652 71.2531,
	100.615 71.2717,
	100.577 71.2624,
	100.531 71.3276,
	100.512 71.3648,
	100.475 71.3834,
	100.438 71.3741,
	100.4 71.3369,
	100.382 71.3183,
	100.233 71.3276,
	100.158 71.2997,
	100.121 71.2717,
	99.9722 71.3276,
	99.8977 71.3462,
	99.8233 71.3369,
	99.786 71.3276,
	99.7488 71.2997,
	99.5998 71.2717,
	99.4509 71.2252,
	99.3764 71.188,
	99.3019 71.1786,
	99.2275 71.1507,
	99.153 71.1414,
	99.0785 71.1135,
	99.004 71.0669,
	98.9296 70.9925,
	98.8923 70.9831,
	98.8179 71.0111,
	98.7434 71.0204,
	98.6689 71.0018,
	98.641 70.9645,
	98.641 70.9273,
	98.6782 70.8994,
	98.7527 70.8714,
	98.7806 70.8342,
	98.7713 70.797,
	98.7341 70.769,
	98.6596 70.7411,
	98.6224 70.7132,
	98.5851 70.7039,
	98.5479 70.7132,
	98.4734 70.7597,
	98.3989 70.7504,
	98.25 70.6666,
	98.1755 70.6015,
	98.0731 70.4525,
	97.7845 70.1546,
	97.7473 70.1174,
	97.7007 70.0429,
	97.6542 69.894,
	97.5983 69.8195,
	97.5239 69.7543,
	97.468 69.6799,
	97.4215 69.5309,
	97.3842 69.4564,
	97.3191 69.382,
	97.1515 69.0841,
	97.1329 69.0096,
	97.1236 68.9723,
	97.0956 68.9351,
	97.0956 68.7862,
	97.1236 68.6372,
	97.1236 68.5627,
	97.1049 68.4883,
	97.1049 68.451,
	97.0956 68.4324,
	97.1049 68.4138,
	97.0677 68.3393,
	97.0677 68.3021,
	97.0119 68.2276,
	96.8629 67.9297,
	96.8815 67.8552,
	96.8908 67.8366,
	96.7419 67.7435,
	96.5929 67.6318,
	96.5185 67.5573,
	96.4812 67.5201,
	96.3881 67.3712,
	96.3137 67.2967,
	96.1554 66.9988,
	96.1461 66.9243,
	96.1554 66.8498,
	96.1275 66.7754,
	96.1368 66.4775,
	96.1275 66.403,
	96.0902 66.3285,
	96.0251 66.2634,
	95.9878 66.1889,
	95.9785 66.0399,
	95.9692 66.0027,
	95.9413 65.9655,
	95.7923 65.9003,
	95.7272 65.8258,
	95.6434 65.6769,
	95.6248 65.6396,
	95.6155 65.5652,
	95.6062 65.5279,
	95.6341 65.4534,
	95.6434 65.4162,
	95.6899 65.3417,
	95.7365 65.1928,
	95.7551 65.0438,
	95.7272 64.8949,
	95.6248 64.7459,
	95.5503 64.597,
	95.4293 64.448,
	95.3455 64.1501,
	95.3269 64.1315,
	95.2803 63.8336,
	95.271 63.5357,
	95.271 63.4613,
	"/>
</Transform>

<Transform dim="0"
 xcoef=" 0 1 0 0 0 0"
 ycoef=" 0 0 1 0 0 0">
<Contour name="TB3_TC02_T2dying_cw" hidden="false" closed="true" simplified="true" border="0.322 0.773 1" fill="0.322 0.773 1" mode="15"
 points="104 49.4412,
	104.056 49.2205,
	104.18 48.9998,
	104.221 48.8894,
	104.207 48.6687,
	104.249 48.448,
	104.331 48.2273,
	104.373 48.1169,
	104.387 48.0065,
	104.373 47.8962,
	104.414 47.6755,
	104.483 47.4547,
	104.607 47.234,
	104.704 47.0133,
	104.745 46.7926,
	104.745 46.6822,
	104.925 46.2408,
	104.966 46.1304,
	105.118 45.9097,
	105.187 45.689,
	105.228 45.4683,
	105.311 45.2475,
	105.311 45.2199,
	105.352 45.1648,
	105.407 45.1372,
	105.49 45.0268,
	105.532 44.9716,
	105.642 44.9303,
	105.697 44.8889,
	105.821 44.6681,
	105.876 44.5578,
	105.876 44.5026,
	105.808 44.3922,
	105.794 44.2819,
	105.835 44.1715,
	105.959 43.9508,
	106.139 43.5094,
	106.18 43.399,
	106.263 43.2886,
	106.373 43.1783,
	106.414 43.1231,
	106.47 42.9024,
	106.497 42.792,
	106.663 42.5713,
	106.759 42.461,
	106.856 42.2402,
	107.201 41.7988,
	107.311 41.7022,
	107.422 41.6333,
	107.518 41.5367,
	107.559 41.4263,
	107.573 41.3711,
	107.684 41.2746,
	107.753 41.1642,
	107.78 41.109,
	107.78 40.8883,
	107.794 40.778,
	107.849 40.6676,
	107.877 40.6124,
	107.987 40.5159,
	108.001 40.4055,
	108.015 40.3503,
	108.056 40.2951,
	108.166 40.2262,
	108.222 40.171,
	108.291 39.9503,
	108.263 39.8399,
	108.18 39.7295,
	108.166 39.6192,
	108.194 39.5088,
	108.304 39.2881,
	108.373 39.0674,
	108.401 38.957,
	108.608 38.5156,
	108.622 38.2949,
	108.677 38.0741,
	108.787 37.8534,
	109.063 37.412,
	109.16 37.1913,
	109.215 37.0809,
	109.436 36.8602,
	109.67 36.4187,
	109.863 36.198,
	109.96 35.9773,
	110.139 35.7704,
	110.36 35.7014,
	110.512 35.4807,
	110.608 35.3841,
	110.829 35.2876,
	110.856 35.2738,
	110.967 35.3152,
	111.077 35.3979,
	111.132 35.4393,
	111.201 35.66,
	111.201 35.7704,
	111.201 35.8256,
	111.229 35.8807,
	111.339 35.9773,
	111.394 36.0877,
	111.491 36.1842,
	111.546 36.2118,
	111.588 36.267,
	111.601 36.3222,
	111.491 36.5429,
	111.45 36.6533,
	111.477 36.7636,
	111.477 36.8188,
	111.601 37.0395,
	111.629 37.0671,
	111.629 37.2878,
	111.698 37.3982,
	111.808 37.4672,
	111.836 37.481,
	111.946 37.4396,
	112.043 37.3292,
	112.139 37.1085,
	112.167 36.8878,
	112.236 36.7774,
	112.25 36.6671,
	112.457 36.4601,
	112.567 36.3636,
	112.677 36.1428,
	112.76 35.9221,
	112.788 35.8118,
	112.788 35.7566,
	112.857 35.66,
	113.298 35.5083,
	113.519 35.3565,
	113.74 35.3152,
	113.96 35.2324,
	114.071 35.1634,
	114.181 35.0668,
	114.36 34.8599,
	114.788 34.4599,
	114.898 34.3909,
	114.954 34.4323,
	114.94 34.5426,
	114.898 34.653,
	114.871 34.8737,
	114.857 34.9841,
	114.885 35.2048,
	114.871 35.3152,
	114.885 35.4255,
	114.94 35.5359,
	114.954 35.5911,
	114.885 35.8118,
	114.843 35.9221,
	114.691 36.1428,
	114.609 36.2532,
	114.595 36.3084,
	114.554 36.3636,
	114.54 36.4187,
	114.36 36.6395,
	114.25 36.736,
	114.195 36.7636,
	114.084 36.736,
	114.029 36.7222,
	113.974 36.736,
	113.864 36.8188,
	113.809 36.9292,
	113.781 36.9568,
	113.698 37.3982,
	113.671 37.5086,
	113.643 37.5637,
	113.643 37.5913,
	113.615 37.6189,
	113.602 37.6741,
	113.56 37.7293,
	113.381 38.1707,
	113.284 38.3914,
	113.229 38.4466,
	113.215 38.5018,
	113.064 38.7225,
	112.995 38.8329,
	112.802 39.0536,
	112.581 39.495,
	112.512 39.7157,
	112.47 39.8261,
	112.195 40.2675,
	112.015 40.4883,
	111.588 40.9159,
	111.491 41.0263,
	111.367 41.247,
	111.298 41.3574,
	111.188 41.4263,
	111.105 41.5367,
	111.077 41.647,
	111.091 41.7574,
	111.132 41.8126,
	111.132 41.9229,
	111.105 42.0333,
	111.05 42.1437,
	110.994 42.1988,
	110.939 42.2264,
	110.856 42.3368,
	110.801 42.4472,
	110.677 42.8886,
	110.65 42.9438,
	110.622 43.1645,
	110.443 43.6059,
	110.07 44.0474,
	109.877 44.2681,
	109.794 44.3785,
	109.711 44.5992,
	109.574 44.8199,
	109.505 44.9303,
	109.339 45.3717,
	109.256 45.5924,
	109.215 45.8131,
	109.215 45.9235,
	109.284 46.0339,
	109.311 46.1442,
	109.367 46.2546,
	109.408 46.4753,
	109.394 46.5856,
	109.353 46.696,
	109.229 46.9167,
	109.132 47.0271,
	109.022 47.0823,
	108.801 47.1374,
	108.691 47.2064,
	108.635 47.2478,
	108.415 47.3168,
	108.194 47.3444,
	108.139 47.3444,
	108.028 47.4133,
	108.001 47.4685,
	108.001 47.5237,
	108.056 47.6341,
	108.07 47.7444,
	108.097 47.7996,
	108.084 48.0203,
	108.056 48.1307,
	107.877 48.3514,
	107.78 48.448,
	107.753 48.5032,
	107.78 48.7239,
	107.78 48.7791,
	107.656 48.9998,
	107.559 49.2205,
	107.532 49.3309,
	107.532 49.386,
	107.408 49.6068,
	107.339 49.8275,
	107.297 50.0482,
	107.201 50.2689,
	107.146 50.3655,
	107.173 50.4207,
	107.228 50.4758,
	107.297 50.6966,
	107.311 50.8069,
	107.27 51.2484,
	107.228 51.4691,
	107.09 51.6898,
	107.021 51.8002,
	106.952 52.0209,
	106.69 52.4623,
	106.497 52.9038,
	106.456 53.0141,
	106.442 53.2348,
	106.456 53.4556,
	106.456 53.5659,
	106.497 53.6763,
	106.525 53.7314,
	106.539 53.9522,
	106.525 54.0625,
	106.318 54.504,
	106.277 54.7247,
	106.263 54.9454,
	106.277 55.1661,
	106.263 55.2765,
	106.194 55.4972,
	106.166 55.6076,
	106.125 55.6627,
	106.111 55.6903,
	106.056 55.6765,
	106.001 55.6352,
	105.945 55.6765,
	105.918 55.7869,
	105.904 55.8421,
	105.904 55.8697,
	105.849 55.8973,
	105.794 55.8835,
	105.752 55.7731,
	105.725 55.5524,
	105.656 55.3317,
	105.628 55.2213,
	105.518 55.0006,
	105.435 54.7799,
	105.325 54.5591,
	105.269 54.4488,
	104.897 54.0073,
	104.842 53.897,
	104.828 53.8418,
	104.911 53.6211,
	104.897 53.5659,
	104.842 53.5245,
	104.8 53.4142,
	104.814 53.359,
	104.8 53.3038,
	104.842 53.1934,
	104.745 52.9727,
	104.538 52.8348,
	104.442 52.7382,
	104.387 52.6968,
	104.373 52.5865,
	104.304 52.4761,
	104.221 52.2554,
	104.221 52.145,
	104.276 51.9243,
	104.276 51.8691,
	104.221 51.7588,
	104.207 51.7036,
	104.304 51.4829,
	104.331 51.3725,
	104.318 51.1518,
	104.359 50.9311,
	104.359 50.8207,
	104.359 50.7655,
	104.318 50.6552,
	104.276 50.4344,
	104.249 50.3793,
	104.221 50.1585,
	104.18 50.0482,
	104.166 49.993,
	104.18 49.8827,
	104.028 49.6619,
	104 49.5516,
	104 49.455,
	"/>
</Transform>

</Section>