<?xml version="1.0"?>
<!DOCTYPE Section SYSTEM "section.dtd">

<Section index="333" thickness="0.08" alignLocked="true">
<Transform dim="0"
 xcoef=" 0 1 0 0 0 0"
 ycoef=" 0 0 1 0 0 0">
<Image mag="0.00749" contrast="1" brightness="0" red="true" green="true" blue="true"
 src="Alg_stitch3-4_333.tif" />
<Contour name="domain1" hidden="false" closed="true" simplified="false" border="1 0 1" fill="1 0 1" mode="11"
 points="0 0,
	15652 0,
	15652 8578,
	0 8578,
	"/>
</Transform>

<Transform dim="0"
 xcoef=" 0 1 0 0 0 0"
 ycoef=" 0 0 1 0 0 0">
<Contour name="TB3_NF01-PG_RSL" hidden="false" closed="true" simplified="true" border="1 1 0" fill="1 1 0" mode="-9"
 points="16.26 8.24,
	16.29 8.08,
	16.31 8.04,
	16.32 7.96,
	16.32 7.92,
	16.38 7.76,
	16.43 7.68,
	16.5 7.61,
	16.52 7.53,
	16.56 7.45,
	16.68 7.29,
	16.7 7.21,
	16.71 7.17,
	16.78 7.1,
	16.86 7.08,
	16.93 7.01,
	16.95 6.97,
	17.03 6.91,
	17.05 6.89,
	17.07 6.89,
	17.21 6.75,
	17.24 6.71,
	17.4 6.65,
	17.56 6.66,
	17.64 6.67,
	17.68 6.69,
	17.7 6.69,
	17.83 6.82,
	17.93 6.97,
	17.94 7.13,
	17.91 7.21,
	17.91 7.23,
	17.8 7.39,
	17.72 7.47,
	17.57 7.59,
	17.44 7.74,
	17.39 7.82,
	17.36 7.9,
	17.36 8.06,
	17.31 8.14,
	17.29 8.18,
	17.25 8.22,
	17.2 8.3,
	17.15 8.46,
	17.14 8.78,
	17.21 9.1,
	17.22 9.26,
	17.25 9.42,
	17.3 9.58,
	17.38 9.66,
	17.42 9.7,
	17.51 9.86,
	17.6 10.18,
	17.61 10.34,
	17.62 10.42,
	17.61 10.5,
	17.56 10.57,
	17.48 10.58,
	17.44 10.58,
	17.43 10.6,
	17.27 10.61,
	17.23 10.61,
	17.2 10.63,
	17.12 10.61,
	16.99 10.46,
	16.9 10.3,
	16.85 10.22,
	16.83 10.19,
	16.76 10.11,
	16.72 10.03,
	16.7 10.01,
	16.63 9.69,
	16.61 9.65,
	16.61 9.63,
	16.59 9.61,
	16.53 9.45,
	16.5 9.37,
	16.48 9.21,
	16.42 9.05,
	16.39 8.97,
	16.37 8.81,
	16.3 8.49,
	16.27 8.41,
	16.26 8.25,
	"/>
</Transform>

<Transform dim="0"
 xcoef=" 0 1 0 0 0 0"
 ycoef=" 0 0 1 0 0 0">
<Contour name="TB3_NF01-PG_RSL" hidden="false" closed="true" simplified="true" border="1 1 0" fill="1 1 0" mode="-9"
 points="22.33 6.36,
	22.4 6.28,
	22.48 6.24,
	22.64 6.19,
	22.96 6.05,
	23.12 5.98,
	23.2 5.95,
	23.36 5.85,
	23.44 5.8,
	23.48 5.78,
	23.5 5.78,
	23.52 5.76,
	23.84 5.65,
	24 5.62,
	24.08 5.6,
	24.16 5.6,
	24.32 5.57,
	24.48 5.58,
	24.56 5.6,
	24.64 5.65,
	24.68 5.68,
	24.7 5.72,
	24.71 5.88,
	24.69 5.92,
	24.69 5.94,
	24.57 6.09,
	24.41 6.22,
	24.33 6.26,
	24.29 6.27,
	24.13 6.36,
	24.05 6.4,
	23.89 6.51,
	23.73 6.6,
	23.65 6.63,
	23.49 6.64,
	23.33 6.62,
	23.29 6.62,
	23.25 6.6,
	22.93 6.6,
	22.77 6.57,
	22.69 6.54,
	22.53 6.54,
	22.45 6.51,
	22.41 6.5,
	22.34 6.45,
	22.33 6.37,
	"/>
</Transform>

<Transform dim="0"
 xcoef=" 0 1 0 0 0 0"
 ycoef=" 0 0 1 0 0 0">
<Contour name="TB3_NF01-PG_RSL" hidden="false" closed="true" simplified="true" border="1 1 0" fill="1 1 0" mode="-9"
 points="48.22 12.95,
	48.24 12.91,
	48.32 12.86,
	48.4 12.83,
	48.47 12.76,
	48.5 12.72,
	48.66 12.68,
	48.74 12.65,
	49.06 12.64,
	49.22 12.67,
	49.54 12.8,
	49.58 12.82,
	49.63 12.9,
	49.63 12.98,
	49.62 13.02,
	49.62 13.04,
	49.56 13.12,
	49.54 13.16,
	49.47 13.24,
	49.46 13.26,
	49.42 13.26,
	49.4 13.25,
	49.36 13.28,
	49.2 13.29,
	49.16 13.29,
	49.08 13.32,
	49.04 13.34,
	48.96 13.35,
	48.64 13.29,
	48.48 13.24,
	48.32 13.17,
	48.28 13.14,
	48.23 13.06,
	48.22 12.98,
	48.22 12.96,
	"/>
<Contour name="TB3_NF01-PG_RSL" hidden="false" closed="true" simplified="true" border="1 1 0" fill="1 1 0" mode="-9"
 points="56.55 14.35,
	56.61 14.27,
	56.65 14.24,
	56.67 14.22,
	56.75 14.19,
	56.91 14.08,
	56.95 14.05,
	57.11 14,
	57.43 13.95,
	58.07 13.82,
	58.23 13.76,
	58.36 13.63,
	58.39 13.59,
	58.43 13.57,
	58.51 13.57,
	58.55 13.58,
	58.6 13.66,
	58.63 13.74,
	58.64 13.82,
	58.63 13.9,
	58.59 13.98,
	58.57 14.02,
	58.41 14.16,
	58.33 14.2,
	58.25 14.22,
	58.21 14.24,
	58.19 14.24,
	58.15 14.27,
	58.07 14.29,
	57.75 14.23,
	57.59 14.19,
	57.27 14.19,
	57.11 14.24,
	57.03 14.27,
	57 14.35,
	56.93 14.42,
	56.85 14.44,
	56.69 14.44,
	56.61 14.43,
	56.57 14.42,
	56.55 14.4,
	56.55 14.36,
	"/>
<Contour name="TB3_NF01-PG_RSL" hidden="false" closed="true" simplified="true" border="1 1 0" fill="1 1 0" mode="-9"
 points="64.99 12.48,
	65.01 12.44,
	65.16 12.29,
	65.31 12.18,
	65.47 12.18,
	65.55 12.18,
	65.59 12.19,
	65.67 12.26,
	65.74 12.42,
	65.79 12.58,
	65.8 12.66,
	65.79 12.67,
	65.77 12.63,
	65.75 12.66,
	65.75 12.7,
	65.75 12.72,
	65.67 12.77,
	65.51 12.79,
	65.19 12.78,
	65.07 12.65,
	65.03 12.61,
	64.99 12.53,
	64.99 12.49,
	"/>
</Transform>

<Transform dim="0"
 xcoef=" 0 1 0 0 0 0"
 ycoef=" 0 0 1 0 0 0">
<Contour name="TB3_NF01-PG_RSL" hidden="false" closed="true" simplified="true" border="1 1 0" fill="1 1 0" mode="-9"
 points="70.9333 15.4667,
	71.0222 15.4,
	71.1111 15.3667,
	71.2 15.3,
	71.2778 15.2111,
	71.3667 15.1667,
	71.4556 15.1444,
	71.6333 15.0556,
	71.8111 15.0667,
	71.9889 15.1333,
	72.0778 15.1667,
	72.2444 15.2778,
	72.2889 15.3222,
	72.3778 15.3778,
	72.4 15.4,
	72.4 15.4444,
	72.3667 15.4778,
	72.1889 15.4889,
	72.0111 15.5222,
	71.8333 15.5778,
	71.7444 15.6111,
	71.7 15.6,
	71.7111 15.5889,
	71.5333 15.5889,
	71.3556 15.6111,
	71.1778 15.6111,
	71.0889 15.6111,
	71.0444 15.6111,
	70.9556 15.5556,
	70.9333 15.5333,
	70.9333 15.4889,
	70.9333 15.4778,
	"/>
<Contour name="TB3_NF01-PG_RSL" hidden="false" closed="true" simplified="true" border="1 1 0" fill="1 1 0" mode="-9"
 points="68.2222 14.9778,
	68.2778 14.8889,
	68.3 14.8,
	68.3 14.7556,
	68.3444 14.6667,
	68.3667 14.6222,
	68.4556 14.5333,
	68.6333 14.4778,
	68.7222 14.4556,
	68.9 14.4556,
	68.9444 14.4556,
	69.0222 14.5333,
	69.0556 14.5556,
	69.1444 14.6333,
	69.2667 14.8111,
	69.3222 14.9,
	69.3222 14.9889,
	69.3556 15.0778,
	69.3889 15.2556,
	69.4 15.3444,
	69.4 15.3889,
	69.3667 15.4778,
	69.3444 15.5222,
	69.3444 15.5444,
	69.3111 15.5889,
	69.3 15.6333,
	69.2778 15.6556,
	69.2667 15.7,
	69.2667 15.7222,
	69.2222 15.7556,
	69.1333 15.7556,
	69.0889 15.7667,
	69.0444 15.7556,
	69.0556 15.7444,
	69.0111 15.7333,
	68.6556 15.5444,
	68.4778 15.4667,
	68.4333 15.4556,
	68.4111 15.4556,
	68.3667 15.4111,
	68.3222 15.3222,
	68.3111 15.2778,
	68.2444 15.1889,
	68.2222 15.1444,
	68.2222 15.0556,
	68.2222 15.0111,
	68.2222 14.9889,
	"/>
</Transform>

<Transform dim="0"
 xcoef=" 0 1 0 0 0 0"
 ycoef=" 0 0 1 0 0 0">
<Contour name="TB3_NF01-PG_RSL" hidden="false" closed="true" simplified="true" border="1 1 0" fill="1 1 0" mode="-9"
 points="76.3555 12.6333,
	76.4666 12.4667,
	76.5555 12.4111,
	76.7333 12.3778,
	76.8221 12.3667,
	76.911 12.3222,
	76.9333 12.3111,
	77.0221 12.3555,
	77.0666 12.4,
	77.0888 12.4889,
	77.0888 12.5778,
	77.0333 12.6555,
	77.011 12.7,
	77.0221 12.8778,
	77.011 12.9667,
	77.011 13.0111,
	76.9666 13.1,
	76.7888 13.1555,
	76.6999 13.1889,
	76.5221 13.2,
	76.4777 13.2,
	76.4333 13.1555,
	76.3888 13.0778,
	76.3777 12.9,
	76.3777 12.8111,
	76.3555 12.7222,
	76.3555 12.6444,
	"/>
</Transform>

<Transform dim="0"
 xcoef=" 0 1 0 0 0 0"
 ycoef=" 0 0 1 0 0 0">
<Contour name="TB3_NF01-PG_RSL" hidden="false" closed="true" simplified="true" border="1 1 0" fill="1 1 0" mode="-9"
 points="80.0666 10.8222,
	80.111 10.7889,
	80.1999 10.7889,
	80.2888 10.8222,
	80.4666 10.8444,
	80.5555 10.8333,
	80.5999 10.8222,
	80.6444 10.8444,
	80.6666 10.8667,
	80.6666 10.9555,
	80.6333 11.0444,
	80.5999 11.0889,
	80.5777 11.1111,
	80.5888 11.1222,
	80.4999 11.1555,
	80.411 11.1444,
	80.3666 11.1444,
	80.2777 11.0778,
	80.1888 11.0444,
	80.1444 11.0333,
	80.0999 11,
	80.0666 10.9111,
	80.0666 10.8333,
	"/>
</Transform>

<Transform dim="0"
 xcoef=" 0 1 0 0 0 0"
 ycoef=" 0 0 1 0 0 0">
<Contour name="TB3_NF01-PG_RSL" hidden="false" closed="true" simplified="true" border="1 1 0" fill="1 1 0" mode="-9"
 points="16.26 8.24,
	16.29 8.08,
	16.31 8.04,
	16.32 7.96,
	16.32 7.92,
	16.38 7.76,
	16.43 7.68,
	16.5 7.61,
	16.52 7.53,
	16.56 7.45,
	16.68 7.29,
	16.7 7.21,
	16.71 7.17,
	16.78 7.1,
	16.86 7.08,
	16.93 7.01,
	16.95 6.97,
	17.03 6.91,
	17.05 6.89,
	17.07 6.89,
	17.21 6.75,
	17.24 6.71,
	17.4 6.65,
	17.56 6.66,
	17.64 6.67,
	17.68 6.69,
	17.7 6.69,
	17.83 6.82,
	17.93 6.97,
	17.94 7.13,
	17.91 7.21,
	17.91 7.23,
	17.8 7.39,
	17.72 7.47,
	17.57 7.59,
	17.44 7.74,
	17.39 7.82,
	17.36 7.9,
	17.36 8.06,
	17.31 8.14,
	17.29 8.18,
	17.25 8.22,
	17.2 8.3,
	17.15 8.46,
	17.14 8.78,
	17.21 9.1,
	17.22 9.26,
	17.25 9.42,
	17.3 9.58,
	17.38 9.66,
	17.42 9.7,
	17.51 9.86,
	17.6 10.18,
	17.61 10.34,
	17.62 10.42,
	17.61 10.5,
	17.56 10.57,
	17.48 10.58,
	17.44 10.58,
	17.43 10.6,
	17.27 10.61,
	17.23 10.61,
	17.2 10.63,
	17.12 10.61,
	16.99 10.46,
	16.9 10.3,
	16.85 10.22,
	16.83 10.19,
	16.76 10.11,
	16.72 10.03,
	16.7 10.01,
	16.63 9.69,
	16.61 9.65,
	16.61 9.63,
	16.59 9.61,
	16.53 9.45,
	16.5 9.37,
	16.48 9.21,
	16.42 9.05,
	16.39 8.97,
	16.37 8.81,
	16.3 8.49,
	16.27 8.41,
	16.26 8.25,
	"/>
</Transform>

<Transform dim="0"
 xcoef=" 0 1 0 0 0 0"
 ycoef=" 0 0 1 0 0 0">
<Contour name="TB3_NF01-PG_RSL" hidden="false" closed="true" simplified="true" border="1 1 0" fill="1 1 0" mode="-9"
 points="22.33 6.36,
	22.4 6.28,
	22.48 6.24,
	22.64 6.19,
	22.96 6.05,
	23.12 5.98,
	23.2 5.95,
	23.36 5.85,
	23.44 5.8,
	23.48 5.78,
	23.5 5.78,
	23.52 5.76,
	23.84 5.65,
	24 5.62,
	24.08 5.6,
	24.16 5.6,
	24.32 5.57,
	24.48 5.58,
	24.56 5.6,
	24.64 5.65,
	24.68 5.68,
	24.7 5.72,
	24.71 5.88,
	24.69 5.92,
	24.69 5.94,
	24.57 6.09,
	24.41 6.22,
	24.33 6.26,
	24.29 6.27,
	24.13 6.36,
	24.05 6.4,
	23.89 6.51,
	23.73 6.6,
	23.65 6.63,
	23.49 6.64,
	23.33 6.62,
	23.29 6.62,
	23.25 6.6,
	22.93 6.6,
	22.77 6.57,
	22.69 6.54,
	22.53 6.54,
	22.45 6.51,
	22.41 6.5,
	22.34 6.45,
	22.33 6.37,
	"/>
</Transform>

<Transform dim="0"
 xcoef=" 0 1 0 0 0 0"
 ycoef=" 0 0 1 0 0 0">
<Contour name="TB3_NF01-PG_RSL" hidden="false" closed="true" simplified="true" border="1 1 0" fill="1 1 0" mode="-9"
 points="48.22 12.95,
	48.24 12.91,
	48.32 12.86,
	48.4 12.83,
	48.47 12.76,
	48.5 12.72,
	48.66 12.68,
	48.74 12.65,
	49.06 12.64,
	49.22 12.67,
	49.54 12.8,
	49.58 12.82,
	49.63 12.9,
	49.63 12.98,
	49.62 13.02,
	49.62 13.04,
	49.56 13.12,
	49.54 13.16,
	49.47 13.24,
	49.46 13.26,
	49.42 13.26,
	49.4 13.25,
	49.36 13.28,
	49.2 13.29,
	49.16 13.29,
	49.08 13.32,
	49.04 13.34,
	48.96 13.35,
	48.64 13.29,
	48.48 13.24,
	48.32 13.17,
	48.28 13.14,
	48.23 13.06,
	48.22 12.98,
	48.22 12.96,
	"/>
<Contour name="TB3_NF01-PG_RSL" hidden="false" closed="true" simplified="true" border="1 1 0" fill="1 1 0" mode="-9"
 points="56.55 14.35,
	56.61 14.27,
	56.65 14.24,
	56.67 14.22,
	56.75 14.19,
	56.91 14.08,
	56.95 14.05,
	57.11 14,
	57.43 13.95,
	58.07 13.82,
	58.23 13.76,
	58.36 13.63,
	58.39 13.59,
	58.43 13.57,
	58.51 13.57,
	58.55 13.58,
	58.6 13.66,
	58.63 13.74,
	58.64 13.82,
	58.63 13.9,
	58.59 13.98,
	58.57 14.02,
	58.41 14.16,
	58.33 14.2,
	58.25 14.22,
	58.21 14.24,
	58.19 14.24,
	58.15 14.27,
	58.07 14.29,
	57.75 14.23,
	57.59 14.19,
	57.27 14.19,
	57.11 14.24,
	57.03 14.27,
	57 14.35,
	56.93 14.42,
	56.85 14.44,
	56.69 14.44,
	56.61 14.43,
	56.57 14.42,
	56.55 14.4,
	56.55 14.36,
	"/>
<Contour name="TB3_NF01-PG_RSL" hidden="false" closed="true" simplified="true" border="1 1 0" fill="1 1 0" mode="-9"
 points="64.99 12.48,
	65.01 12.44,
	65.16 12.29,
	65.31 12.18,
	65.47 12.18,
	65.55 12.18,
	65.59 12.19,
	65.67 12.26,
	65.74 12.42,
	65.79 12.58,
	65.8 12.66,
	65.79 12.67,
	65.77 12.63,
	65.75 12.66,
	65.75 12.7,
	65.75 12.72,
	65.67 12.77,
	65.51 12.79,
	65.19 12.78,
	65.07 12.65,
	65.03 12.61,
	64.99 12.53,
	64.99 12.49,
	"/>
</Transform>

<Transform dim="0"
 xcoef=" 0 1 0 0 0 0"
 ycoef=" 0 0 1 0 0 0">
<Contour name="TB3_NF01-PG_RSL" hidden="false" closed="true" simplified="true" border="1 1 0" fill="1 1 0" mode="-9"
 points="70.9333 15.4667,
	71.0222 15.4,
	71.1111 15.3667,
	71.2 15.3,
	71.2778 15.2111,
	71.3667 15.1667,
	71.4556 15.1444,
	71.6333 15.0556,
	71.8111 15.0667,
	71.9889 15.1333,
	72.0778 15.1667,
	72.2444 15.2778,
	72.2889 15.3222,
	72.3778 15.3778,
	72.4 15.4,
	72.4 15.4444,
	72.3667 15.4778,
	72.1889 15.4889,
	72.0111 15.5222,
	71.8333 15.5778,
	71.7444 15.6111,
	71.7 15.6,
	71.7111 15.5889,
	71.5333 15.5889,
	71.3556 15.6111,
	71.1778 15.6111,
	71.0889 15.6111,
	71.0444 15.6111,
	70.9556 15.5556,
	70.9333 15.5333,
	70.9333 15.4889,
	70.9333 15.4778,
	"/>
<Contour name="TB3_NF01-PG_RSL" hidden="false" closed="true" simplified="true" border="1 1 0" fill="1 1 0" mode="-9"
 points="68.2222 14.9778,
	68.2778 14.8889,
	68.3 14.8,
	68.3 14.7556,
	68.3444 14.6667,
	68.3667 14.6222,
	68.4556 14.5333,
	68.6333 14.4778,
	68.7222 14.4556,
	68.9 14.4556,
	68.9444 14.4556,
	69.0222 14.5333,
	69.0556 14.5556,
	69.1444 14.6333,
	69.2667 14.8111,
	69.3222 14.9,
	69.3222 14.9889,
	69.3556 15.0778,
	69.3889 15.2556,
	69.4 15.3444,
	69.4 15.3889,
	69.3667 15.4778,
	69.3444 15.5222,
	69.3444 15.5444,
	69.3111 15.5889,
	69.3 15.6333,
	69.2778 15.6556,
	69.2667 15.7,
	69.2667 15.7222,
	69.2222 15.7556,
	69.1333 15.7556,
	69.0889 15.7667,
	69.0444 15.7556,
	69.0556 15.7444,
	69.0111 15.7333,
	68.6556 15.5444,
	68.4778 15.4667,
	68.4333 15.4556,
	68.4111 15.4556,
	68.3667 15.4111,
	68.3222 15.3222,
	68.3111 15.2778,
	68.2444 15.1889,
	68.2222 15.1444,
	68.2222 15.0556,
	68.2222 15.0111,
	68.2222 14.9889,
	"/>
</Transform>

<Transform dim="0"
 xcoef=" 0 1 0 0 0 0"
 ycoef=" 0 0 1 0 0 0">
<Contour name="TB3_NF01-PG_RSL" hidden="false" closed="true" simplified="true" border="1 1 0" fill="1 1 0" mode="-9"
 points="76.3555 12.6333,
	76.4666 12.4667,
	76.5555 12.4111,
	76.7333 12.3778,
	76.8221 12.3667,
	76.911 12.3222,
	76.9333 12.3111,
	77.0221 12.3555,
	77.0666 12.4,
	77.0888 12.4889,
	77.0888 12.5778,
	77.0333 12.6555,
	77.011 12.7,
	77.0221 12.8778,
	77.011 12.9667,
	77.011 13.0111,
	76.9666 13.1,
	76.7888 13.1555,
	76.6999 13.1889,
	76.5221 13.2,
	76.4777 13.2,
	76.4333 13.1555,
	76.3888 13.0778,
	76.3777 12.9,
	76.3777 12.8111,
	76.3555 12.7222,
	76.3555 12.6444,
	"/>
</Transform>

<Transform dim="0"
 xcoef=" 0 1 0 0 0 0"
 ycoef=" 0 0 1 0 0 0">
<Contour name="TB3_NF01-PG_RSL" hidden="false" closed="true" simplified="true" border="1 1 0" fill="1 1 0" mode="-9"
 points="80.0666 10.8222,
	80.111 10.7889,
	80.1999 10.7889,
	80.2888 10.8222,
	80.4666 10.8444,
	80.5555 10.8333,
	80.5999 10.8222,
	80.6444 10.8444,
	80.6666 10.8667,
	80.6666 10.9555,
	80.6333 11.0444,
	80.5999 11.0889,
	80.5777 11.1111,
	80.5888 11.1222,
	80.4999 11.1555,
	80.411 11.1444,
	80.3666 11.1444,
	80.2777 11.0778,
	80.1888 11.0444,
	80.1444 11.0333,
	80.0999 11,
	80.0666 10.9111,
	80.0666 10.8333,
	"/>
</Transform>

<Transform dim="0"
 xcoef=" 0 1 0 0 0 0"
 ycoef=" 0 0 1 0 0 0">
<Image mag="0.00749" contrast="1" brightness="0" red="true" green="true" blue="true"
 src="Alg_stitch3-4_333.tif" />
<Contour name="domain1" hidden="false" closed="true" simplified="false" border="1 0 1" fill="1 0 1" mode="11"
 points="0 0,
	15652 0,
	15652 8578,
	0 8578,
	"/>
</Transform>

<Transform dim="0"
 xcoef=" 0 1 0 0 0 0"
 ycoef=" 0 0 1 0 0 0">
<Image mag="0.00749" contrast="1" brightness="0" red="true" green="true" blue="true"
 src="Alg_stitch3-4_333.tif" />
<Contour name="domain1" hidden="false" closed="true" simplified="false" border="1 0 1" fill="1 0 1" mode="11"
 points="0 0,
	15652 0,
	15652 8578,
	0 8578,
	"/>
</Transform>

<Transform dim="0"
 xcoef=" 0 1 0 0 0 0"
 ycoef=" 0 0 1 0 0 0">
<Image mag="0.00749" contrast="1" brightness="0" red="true" green="true" blue="true"
 src="Alg_stitch3-4_333.tif" />
<Contour name="domain1" hidden="false" closed="true" simplified="false" border="1 0 1" fill="1 0 1" mode="11"
 points="0 0,
	15652 0,
	15652 8578,
	0 8578,
	"/>
</Transform>

<Transform dim="0"
 xcoef=" 0 1 0 0 0 0"
 ycoef=" 0 0 1 0 0 0">
<Image mag="0.00749" contrast="1" brightness="0" red="true" green="true" blue="true"
 src="Alg_stitch3-4_333.tif" />
<Contour name="domain1" hidden="false" closed="true" simplified="false" border="1 0 1" fill="1 0 1" mode="11"
 points="0 0,
	15652 0,
	15652 8578,
	0 8578,
	"/>
</Transform>

<Transform dim="0"
 xcoef=" 0 1 0 0 0 0"
 ycoef=" 0 0 1 0 0 0">
<Image mag="0.00749" contrast="1" brightness="0" red="true" green="true" blue="true"
 src="Alg_stitch3-4_333.tif" />
<Contour name="DENucleus2" hidden="false" closed="true" simplified="false" border="0 0 0.627" fill="0 0 0.627" mode="11"
 points="0 0,
	15652 0,
	15652 8578,
	0 8578,
	"/>
</Transform>

<Transform dim="0"
 xcoef=" 0 1 0 0 0 0"
 ycoef=" 0 0 1 0 0 0">
<Image mag="0.00749" contrast="1" brightness="0" red="true" green="true" blue="true"
 src="Alg_stitch3-4_333.tif" />
<Contour name="domain1" hidden="false" closed="true" simplified="false" border="1 0 1" fill="1 0 1" mode="11"
 points="0 0,
	15652 0,
	15652 8578,
	0 8578,
	"/>
</Transform>

<Transform dim="0"
 xcoef=" 0 1 0 0 0 0"
 ycoef=" 0 0 1 0 0 0">
<Image mag="0.00749" contrast="1" brightness="0" red="true" green="true" blue="true"
 src="Alg_stitch3-4_333.tif" />
<Contour name="domain1" hidden="false" closed="true" simplified="false" border="1 0 1" fill="1 0 1" mode="11"
 points="0 0,
	15652 0,
	15652 8578,
	0 8578,
	"/>
</Transform>

<Transform dim="0"
 xcoef=" 0 1 0 0 0 0"
 ycoef=" 0 0 1 0 0 0">
<Image mag="0.00749" contrast="1" brightness="0" red="true" green="true" blue="true"
 src="Alg_stitch3-4_333.tif" />
<Contour name="domain1" hidden="false" closed="true" simplified="false" border="1 0 1" fill="1 0 1" mode="11"
 points="0 0,
	15652 0,
	15652 8578,
	0 8578,
	"/>
</Transform>

<Transform dim="0"
 xcoef=" 0 1 0 0 0 0"
 ycoef=" 0 0 1 0 0 0">
<Image mag="0.00749" contrast="1" brightness="0" red="true" green="true" blue="true"
 src="Alg_stitch3-4_333.tif" />
<Contour name="domain1" hidden="false" closed="true" simplified="false" border="1 0 1" fill="1 0 1" mode="11"
 points="0 0,
	15652 0,
	15652 8578,
	0 8578,
	"/>
</Transform>

<Transform dim="0"
 xcoef=" 0 1 0 0 0 0"
 ycoef=" 0 0 1 0 0 0">
<Image mag="0.00749" contrast="1" brightness="0" red="true" green="true" blue="true"
 src="Alg_stitch3-4_333.tif" />
<Contour name="domain1" hidden="false" closed="true" simplified="false" border="1 0 1" fill="1 0 1" mode="11"
 points="0 0,
	15652 0,
	15652 8578,
	0 8578,
	"/>
</Transform>

<Transform dim="0"
 xcoef=" 0 1 0 0 0 0"
 ycoef=" 0 0 1 0 0 0">
<Image mag="0.00749" contrast="1" brightness="0" red="true" green="true" blue="true"
 src="Alg_stitch3-4_333.tif" />
<Contour name="domain1" hidden="false" closed="true" simplified="false" border="1 0 1" fill="1 0 1" mode="11"
 points="0 0,
	15652 0,
	15652 8578,
	0 8578,
	"/>
</Transform>

<Transform dim="0"
 xcoef=" 0 1 0 0 0 0"
 ycoef=" 0 0 1 0 0 0">
<Image mag="0.00749" contrast="1" brightness="0" red="true" green="true" blue="true"
 src="Alg_stitch3-4_333.tif" />
<Contour name="domain1" hidden="false" closed="true" simplified="false" border="1 0 1" fill="1 0 1" mode="11"
 points="0 0,
	15652 0,
	15652 8578,
	0 8578,
	"/>
</Transform>

<Transform dim="0"
 xcoef=" 0 1 0 0 0 0"
 ycoef=" 0 0 1 0 0 0">
<Image mag="0.00749" contrast="1" brightness="0" red="true" green="true" blue="true"
 src="Alg_stitch3-4_333.tif" />
<Contour name="domain1" hidden="false" closed="true" simplified="false" border="1 0 1" fill="1 0 1" mode="11"
 points="0 0,
	15652 0,
	15652 8578,
	0 8578,
	"/>
</Transform>

<Transform dim="0"
 xcoef=" 0 1 0 0 0 0"
 ycoef=" 0 0 1 0 0 0">
<Image mag="0.00749" contrast="1" brightness="0" red="true" green="true" blue="true"
 src="Alg_stitch3-4_333.tif" />
<Contour name="domain1" hidden="false" closed="true" simplified="false" border="1 0 1" fill="1 0 1" mode="11"
 points="0 0,
	15652 0,
	15652 8578,
	0 8578,
	"/>
</Transform>

<Transform dim="0"
 xcoef=" 0 1 0 0 0 0"
 ycoef=" 0 0 1 0 0 0">
<Image mag="0.00749" contrast="1" brightness="0" red="true" green="true" blue="true"
 src="Alg_stitch3-4_333.tif" />
<Contour name="domain1" hidden="false" closed="true" simplified="false" border="1 0 1" fill="1 0 1" mode="11"
 points="0 0,
	15652 0,
	15652 8578,
	0 8578,
	"/>
</Transform>

<Transform dim="0"
 xcoef=" 0 1 0 0 0 0"
 ycoef=" 0 0 1 0 0 0">
<Image mag="0.00749" contrast="1" brightness="0" red="true" green="true" blue="true"
 src="Alg_stitch3-4_333.tif" />
<Contour name="DENucleus2" hidden="false" closed="true" simplified="false" border="0 0 0.627" fill="0 0 0.627" mode="11"
 points="0 0,
	15652 0,
	15652 8578,
	0 8578,
	"/>
</Transform>

<Transform dim="0"
 xcoef=" 0 1 0 0 0 0"
 ycoef=" 0 0 1 0 0 0">
<Image mag="0.00749" contrast="1" brightness="0" red="true" green="true" blue="true"
 src="Alg_stitch3-4_333.tif" />
<Contour name="domain1" hidden="false" closed="true" simplified="false" border="1 0 1" fill="1 0 1" mode="11"
 points="0 0,
	15652 0,
	15652 8578,
	0 8578,
	"/>
</Transform>

<Transform dim="0"
 xcoef=" 0 1 0 0 0 0"
 ycoef=" 0 0 1 0 0 0">
<Image mag="0.00749" contrast="1" brightness="0" red="true" green="true" blue="true"
 src="Alg_stitch3-4_333.tif" />
<Contour name="domain1" hidden="false" closed="true" simplified="false" border="1 0 1" fill="1 0 1" mode="11"
 points="0 0,
	15652 0,
	15652 8578,
	0 8578,
	"/>
</Transform>

<Transform dim="0"
 xcoef=" 0 1 0 0 0 0"
 ycoef=" 0 0 1 0 0 0">
<Contour name="TB2_NF13_RSL" hidden="false" closed="true" simplified="true" border="0.501961 0.501961 0.752941" fill="0.501961 0.501961 0.752941" mode="-9"
 points="39.8906 34.751,
	39.9336 34.579,
	39.9766 34.493,
	40.0626 34.45,
	40.1486 34.45,
	40.4927 34.5575,
	40.6647 34.5575,
	41.0088 34.493,
	41.0948 34.5145,
	41.1809 34.579,
	41.1593 34.751,
	41.0733 34.8371,
	40.7293 34.9446,
	40.3852 35.0091,
	40.2132 35.0091,
	40.0411 34.9661,
	39.9551 34.9446,
	39.8906 34.7726,
	"/>
<Contour name="TB2_NF13_RSL" hidden="false" closed="true" simplified="true" border="0.501961 0.501961 0.752941" fill="0.501961 0.501961 0.752941" mode="-9"
 points="39.4605 33.8049,
	39.482 33.7188,
	39.6325 33.5468,
	39.8046 33.4178,
	39.8906 33.3748,
	40.0626 33.3533,
	40.2347 33.3963,
	40.3207 33.3963,
	40.6647 33.2242,
	40.7508 33.1382,
	40.8368 33.1382,
	40.9228 33.1812,
	40.9873 33.2672,
	41.0088 33.4393,
	40.8583 33.5898,
	40.6863 33.6973,
	40.6002 33.7403,
	40.5357 33.8264,
	40.4282 34.1704,
	40.3422 34.2564,
	40.2562 34.2995,
	40.2132 34.321,
	40.0411 34.278,
	39.9551 34.278,
	39.7831 34.1704,
	39.6971 34.1489,
	39.5465 33.9984,
	39.4605 33.8264,
	"/>
</Transform>

<Transform dim="0"
 xcoef=" 0 1 0 0 0 0"
 ycoef=" 0 0 1 0 0 0">
<Contour name="TB2_T2Cell07_CM_LES" hidden="false" closed="true" simplified="true" border="0.568627 1 0.780392" fill="0.568627 1 0.780392" mode="-9"
 points="37.8743 42.5986,
	38.0024 42.3424,
	38.4348 41.8299,
	38.5629 41.7178,
	39.0754 41.4456,
	39.3316 41.2694,
	39.5879 41.0292,
	39.6679 40.9011,
	39.78 40.7729,
	39.8441 40.7249,
	40.3566 40.6128,
	40.6128 40.5007,
	40.7409 40.4366,
	40.9972 40.2124,
	42.0221 39.5238,
	42.5345 39.2035,
	42.7908 39.0274,
	43.047 38.9473,
	43.3032 38.8992,
	43.5595 38.9313,
	43.6876 38.9953,
	43.8157 39.1074,
	43.9438 39.1555,
	44.0719 39.1395,
	44.3282 39.0434,
	44.8406 38.9153,
	45.0969 38.8672,
	45.3531 38.8512,
	45.8656 38.8832,
	46.1218 38.7871,
	46.378 38.659,
	46.6343 38.4669,
	46.7464 38.3708,
	47.0026 38.2427,
	47.1307 38.1466,
	47.2588 38.0825,
	47.3869 37.9704,
	47.467 37.8423,
	47.5151 37.5861,
	47.5471 37.522,
	47.5791 37.49,
	47.6432 37.506,
	47.6592 37.6341,
	47.6592 37.6982,
	47.9154 37.8423,
	48.1717 37.9224,
	48.2998 37.8903,
	48.4119 37.7942,
	48.4919 37.6661,
	48.508 37.538,
	48.4759 37.4099,
	48.4599 37.3779,
	48.4759 37.3138,
	48.54 37.2658,
	48.572 37.2337,
	48.508 37.1056,
	48.524 37.0416,
	48.7802 36.8334,
	48.8603 36.7053,
	48.8923 36.6412,
	48.9564 36.5771,
	49.2126 36.449,
	49.4688 36.385,
	49.5969 36.369,
	49.661 36.3369,
	50.1735 36.3209,
	50.4297 36.3049,
	50.6859 36.2248,
	51.7109 36.0487,
	51.839 36.0166,
	52.0952 36.0006,
	52.1593 36.0006,
	52.1913 35.9686,
	52.7038 35.9045,
	53.2162 35.7444,
	53.4725 35.6643,
	53.7287 35.5522,
	54.7536 35.2479,
	54.8817 35.1999,
	55.0098 35.1839,
	55.138 35.1358,
	55.3942 35.0878,
	55.9067 34.9277,
	56.1629 34.8155,
	56.291 34.7515,
	56.3551 34.7195,
	56.6113 34.6874,
	57.1238 34.7355,
	57.6362 34.8155,
	58.1487 34.8316,
	58.6612 34.9116,
	58.7893 34.9116,
	58.8533 34.9116,
	58.9814 34.7995,
	59.1096 34.7355,
	59.3658 34.7034,
	59.8783 34.7835,
	60.1345 34.8155,
	60.2626 34.8476,
	60.3907 34.9116,
	60.5188 35.0237,
	60.7751 35.1038,
	60.9032 35.1198,
	61.0313 35.1839,
	61.1594 35.296,
	61.2235 35.4241,
	61.3196 35.5522,
	61.3356 35.6163,
	61.4957 35.8725,
	61.5598 36.0006,
	61.5918 36.0327,
	61.848 35.9205,
	61.9121 35.8885,
	62.0242 35.7604,
	62.1203 35.5042,
	62.1843 35.3761,
	62.2804 35.2479,
	62.3285 35.1839,
	62.3925 35.1839,
	62.5207 35.264,
	62.5046 35.3921,
	62.3605 35.6483,
	62.2484 35.9045,
	62.0402 36.1608,
	61.9121 36.2729,
	61.6559 36.417,
	61.3996 36.5131,
	61.2715 36.5291,
	61.0153 36.6572,
	60.7591 36.8334,
	60.2466 37.0416,
	59.9904 37.1216,
	59.9583 37.1216,
	59.8943 37.1697,
	59.3818 37.2978,
	59.1256 37.3779,
	58.9975 37.4099,
	58.9334 37.4259,
	58.8053 37.506,
	58.7412 37.522,
	58.485 37.6821,
	57.9725 37.9384,
	57.8444 38.0024,
	57.5882 38.2106,
	57.38 38.4669,
	57.348 38.5309,
	57.2359 38.659,
	57.2038 38.7231,
	57.0757 38.8352,
	56.9476 38.9153,
	56.6914 38.9473,
	56.1789 38.8992,
	56.0508 38.8832,
	55.9227 38.8992,
	55.7946 38.9473,
	55.6664 39.0754,
	55.5383 39.1715,
	55.4743 39.2035,
	55.4102 39.2676,
	54.8977 39.5398,
	54.6415 39.6199,
	54.3853 39.732,
	54.129 39.8761,
	54.0009 39.9722,
	53.7447 40.1003,
	53.4885 40.2605,
	52.976 40.4206,
	52.8479 40.4687,
	52.7838 40.5007,
	52.6557 40.5167,
	52.5917 40.5487,
	52.0792 40.6288,
	51.823 40.6769,
	51.3105 40.885,
	51.1824 40.9331,
	50.9261 40.9811,
	50.4137 41.1573,
	49.9012 41.3655,
	49.645 41.4776,
	49.1325 41.5577,
	48.8763 41.5897,
	48.7482 41.6217,
	48.2357 41.8619,
	47.9795 42.1182,
	47.8514 42.2303,
	47.7232 42.2463,
	47.6592 42.2463,
	47.5311 42.1502,
	47.2748 42.0381,
	47.0186 42.0381,
	46.8905 42.0541,
	46.8264 42.0861,
	46.7944 42.1182,
	46.7784 42.2463,
	46.8905 42.3584,
	47.0186 42.4385,
	47.0346 42.5666,
	47.0026 42.6306,
	46.9385 42.6947,
	46.6823 42.8228,
	46.5542 42.8548,
	46.4261 42.8548,
	46.298 42.9029,
	46.2339 42.9509,
	46.1698 43.079,
	46.0417 43.1591,
	45.9136 43.1751,
	45.8495 43.1271,
	45.8335 42.999,
	45.8816 42.8708,
	45.9136 42.8068,
	45.9136 42.6787,
	45.8656 42.6146,
	45.7374 42.5666,
	45.6093 42.5826,
	45.5453 42.6146,
	45.4812 42.6787,
	45.225 42.7587,
	44.9687 42.8068,
	44.4563 42.9829,
	44.2001 43.1271,
	44.0719 43.1911,
	43.9438 43.2232,
	43.8798 43.2232,
	43.8477 43.2232,
	43.7997 43.1591,
	43.8317 43.0951,
	44.088 42.999,
	44.136 42.9349,
	44.152 42.9189,
	44.088 42.8708,
	43.9598 42.8708,
	43.7036 43.031,
	43.1911 43.2232,
	42.9349 43.2872,
	42.8068 43.3193,
	42.6787 43.3833,
	42.6466 43.3833,
	42.5185 43.4634,
	42.0061 43.6075,
	41.8779 43.6395,
	41.6217 43.7516,
	41.3655 43.8157,
	40.853 43.7997,
	40.5968 43.7997,
	40.3406 43.7677,
	40.2124 43.7516,
	39.9562 43.7997,
	39.8281 43.8317,
	39.5719 43.7837,
	39.5078 43.7677,
	39.3797 43.7997,
	39.1235 43.7837,
	38.9953 43.7356,
	38.9473 43.6716,
	38.9313 43.6075,
	38.9473 43.5435,
	39.0274 43.4153,
	39.0754 43.2872,
	39.0914 43.2232,
	39.0754 43.1911,
	38.9473 43.2872,
	38.8992 43.3513,
	38.643 43.4954,
	38.579 43.5114,
	38.3227 43.4314,
	38.0665 43.3993,
	38.0185 43.3353,
	38.0024 43.2712,
	38.0345 43.2072,
	38.2747 42.9509,
	38.3227 42.8869,
	38.3227 42.8228,
	38.2907 42.7908,
	38.1626 42.7748,
	38.0345 42.7908,
	37.9063 42.7748,
	37.8743 42.7107,
	37.8743 42.6466,
	37.8743 42.6146,
	"/>
</Transform>

<Transform dim="0"
 xcoef=" 0 1 0 0 0 0"
 ycoef=" 0 0 1 0 0 0">
<Contour name="TB2_NF21_LES" hidden="false" closed="true" simplified="true" border="0.705882 0.705882 1" fill="0.705882 0.705882 1" mode="-9"
 points="46.2855 35.2697,
	46.381 34.8335,
	46.381 34.7244,
	46.3946 34.6699,
	46.381 34.6153,
	46.381 34.5881,
	46.4082 34.5608,
	46.4628 34.5472,
	46.5173 34.5063,
	46.6128 34.2881,
	46.7627 33.8518,
	46.8036 33.6337,
	46.9536 33.1974,
	46.9809 33.0884,
	47.0354 32.9793,
	47.0354 32.952,
	47.1172 32.8566,
	47.2263 32.7612,
	47.2808 32.7339,
	47.3899 32.7475,
	47.4989 32.8293,
	47.5398 32.8839,
	47.5807 33.102,
	47.5671 33.3201,
	47.5535 33.4292,
	47.5535 33.4837,
	47.4717 33.7019,
	47.4444 33.8109,
	47.3899 33.92,
	47.3762 33.9745,
	47.2535 34.1927,
	47.1717 34.3017,
	47.0627 34.5199,
	46.8991 34.738,
	46.8309 34.8471,
	46.8036 34.9016,
	46.7491 34.9562,
	46.6809 35.0652,
	46.4764 35.2697,
	46.4355 35.297,
	46.3946 35.3515,
	46.3673 35.3788,
	46.3128 35.3924,
	46.2855 35.3788,
	46.2855 35.2834,
	"/>
</Transform>

<Transform dim="0"
 xcoef=" 0 1 0 0 0 0"
 ycoef=" 0 0 1 0 0 0">
<Contour name="Tb2_NF40_LES" hidden="false" closed="true" simplified="true" border="0.501961 0.25098 0.25098" fill="0.501961 0.25098 0.25098" mode="-9"
 points="17.9277 37.1925,
	17.9654 37.1172,
	18.0407 37.0419,
	18.342 36.9101,
	18.4927 36.8159,
	18.6434 36.7782,
	18.7187 36.7594,
	18.794 36.7971,
	18.8317 36.8724,
	18.8128 36.9477,
	18.6622 37.0796,
	18.6245 37.0984,
	18.6245 37.1737,
	18.6245 37.2114,
	18.5492 37.2867,
	18.2479 37.3809,
	18.0972 37.3809,
	18.0219 37.362,
	17.9842 37.362,
	17.9277 37.2867,
	17.9277 37.2114,
	"/>
</Transform>

<Transform dim="0"
 xcoef=" 0 1 0 0 0 0"
 ycoef=" 0 0 1 0 0 0">
<Contour name="TB2_NF24_LES" hidden="false" closed="true" simplified="true" border="0 0.501961 0" fill="0 0.501961 0" mode="-9"
 points="25.3781 37.8238,
	25.4805 37.747,
	25.5829 37.7214,
	25.6854 37.747,
	25.7366 37.7726,
	25.7622 37.747,
	25.8134 37.8494,
	25.9158 37.9518,
	25.9671 38.0031,
	25.9414 38.1055,
	25.7366 38.1311,
	25.6341 38.1311,
	25.5317 38.0799,
	25.4293 37.9775,
	25.4037 37.875,
	25.3781 37.8494,
	"/>
<Contour name="TB2_NF24_LES" hidden="false" closed="true" simplified="true" border="0 0.501961 0" fill="0 0.501961 0" mode="-9"
 points="25.5829 38.6945,
	25.7622 38.4896,
	25.9671 38.464,
	26.0695 38.4384,
	26.1719 38.464,
	26.3768 38.5921,
	26.4536 38.6433,
	26.428 38.6945,
	26.5304 38.8994,
	26.7353 39.0274,
	26.8634 39.2323,
	26.889 39.4371,
	26.7353 39.5908,
	26.6329 39.6676,
	26.428 39.6932,
	26.3256 39.5908,
	26.2744 39.4884,
	26.0695 39.4371,
	25.9671 39.4115,
	25.7622 39.2323,
	25.6341 39.0274,
	25.5829 38.8225,
	25.5829 38.7201,
	"/>
</Transform>

<Transform dim="0"
 xcoef=" 0 1 0 0 0 0"
 ycoef=" 0 0 1 0 0 0">
<Contour name="Tb2_NF34_LES" hidden="false" closed="true" simplified="true" border="0.756863 0.513725 1" fill="0.756863 0.513725 1" mode="-9"
 points="47.6542 37.6126,
	47.7781 37.4142,
	47.8773 37.315,
	48.0757 37.2159,
	48.1748 37.2159,
	48.3732 37.2902,
	48.4724 37.3398,
	48.5219 37.3894,
	48.5467 37.4886,
	48.4724 37.687,
	48.274 37.8605,
	48.1748 37.9101,
	47.7781 37.8853,
	47.679 37.7861,
	47.6542 37.687,
	47.6542 37.6374,
	"/>
</Transform>

<Transform dim="0"
 xcoef=" 0 1 0 0 0 0"
 ycoef=" 0 0 1 0 0 0">
<Contour name="Tb2_NF34_LES" hidden="false" closed="true" simplified="true" border="0.756863 0.513725 1" fill="0.756863 0.513725 1" mode="-9"
 points="57.3486 38.7283,
	57.3734 38.5299,
	57.3734 38.4308,
	57.7453 38.0589,
	57.9437 37.9349,
	58.3404 37.8109,
	58.4396 37.8109,
	58.8363 37.6374,
	59.233 37.4142,
	59.6297 37.4142,
	59.828 37.3894,
	59.9272 37.3398,
	60.0264 37.3398,
	60.1256 37.2902,
	60.3239 37.2655,
	60.4231 37.2159,
	60.5223 37.2159,
	60.7206 37.1415,
	60.8198 37.1167,
	61.0181 37.1663,
	61.1669 37.3398,
	61.2661 37.3646,
	61.3157 37.3646,
	61.3901 37.4638,
	61.3653 37.6622,
	61.2413 37.8357,
	61.0429 38.0093,
	60.919 38.2076,
	60.5471 38.5795,
	60.4479 38.6539,
	60.2495 38.7283,
	60.1752 38.8275,
	59.9768 38.9514,
	59.7784 38.9762,
	59.6793 39.001,
	59.5801 39.0754,
	59.1834 39.1498,
	58.39 39.0754,
	57.9933 39.1002,
	57.5966 39.0258,
	57.4974 38.9762,
	57.3734 38.7779,
	57.3734 38.7531,
	"/>
</Transform>

<Transform dim="0"
 xcoef=" 0 1 0 0 0 0"
 ycoef=" 0 0 1 0 0 0">
<Contour name="Tb2_NF32_LES" hidden="false" closed="true" simplified="true" border="0.396078 0.462745 0.737255" fill="0.396078 0.462745 0.737255" mode="-9"
 points="47.4857 46.4519,
	47.557 46.1667,
	47.664 46.0241,
	47.664 45.9528,
	47.8066 45.8102,
	48.1631 45.2398,
	48.27 44.6694,
	48.3057 44.5981,
	48.27 44.4555,
	48.27 44.3842,
	48.0205 44.1346,
	47.9492 43.992,
	47.9848 43.7068,
	48.0205 43.5642,
	48.1631 43.4216,
	48.4483 43.4216,
	48.5909 43.4216,
	48.6978 43.5642,
	48.7335 44.705,
	48.6978 44.9902,
	48.4839 45.5606,
	48.1631 46.131,
	48.0918 46.2736,
	48.0561 46.5588,
	48.0561 46.7014,
	47.8779 46.9866,
	47.7353 47.0579,
	47.664 47.0579,
	47.557 46.9153,
	47.4857 46.6301,
	47.4857 46.4875,
	"/>
<Contour name="Tb2_NF32_LES" hidden="false" closed="true" simplified="true" border="0.396078 0.462745 0.737255" fill="0.396078 0.462745 0.737255" mode="-9"
 points="43.6355 37.9315,
	43.7425 37.7889,
	44.0277 37.682,
	44.1703 37.6107,
	44.4555 37.575,
	44.7407 37.6107,
	44.8833 37.6107,
	45.1685 37.7176,
	45.2754 38.0028,
	45.2754 38.0741,
	44.9902 38.1811,
	44.4198 38.2524,
	43.8494 38.2167,
	43.7068 38.1454,
	43.6355 38.0028,
	43.6355 37.9672,
	"/>
</Transform>

<Transform dim="0"
 xcoef=" 0 1 0 0 0 0"
 ycoef=" 0 0 1 0 0 0">
<Contour name="Tb2_NF35_LES" hidden="false" closed="true" simplified="true" border="0 0.776471 0.384314" fill="0 0.776471 0.384314" mode="-9"
 points="16.0673 42.931,
	16.1598 42.8848,
	16.3448 42.8848,
	16.5297 42.9541,
	16.7147 42.9772,
	16.8071 42.9772,
	16.8534 42.9772,
	16.8765 42.931,
	17.0614 43.0235,
	17.1539 43.0466,
	17.3388 43.1622,
	17.6625 43.5321,
	17.6856 43.6245,
	17.6394 43.717,
	17.5469 43.7633,
	17.362 43.7401,
	17.177 43.7633,
	16.9921 43.6245,
	16.9227 43.5321,
	16.5528 43.4396,
	16.3679 43.3471,
	16.2754 43.3009,
	16.1829 43.2084,
	16.1367 43.1622,
	16.0673 42.9772,
	16.0673 42.9541,
	"/>
</Transform>

<Transform dim="0"
 xcoef=" 0 1 0 0 0 0"
 ycoef=" 0 0 1 0 0 0">
<Contour name="Tb2_NF32_LES" hidden="false" closed="true" simplified="true" border="0.396078 0.462745 0.737255" fill="0.396078 0.462745 0.737255" mode="-9"
 points="43.646 37.9193,
	43.8511 37.7582,
	43.9682 37.7142,
	43.9975 37.7142,
	44.0268 37.685,
	44.2611 37.641,
	44.3783 37.6264,
	44.4955 37.6557,
	44.9642 37.6996,
	45.0813 37.7289,
	45.1985 37.8021,
	45.2132 37.9193,
	45.2278 37.9779,
	45.2132 38.0365,
	45.1692 38.0951,
	45.052 38.1536,
	44.5834 38.1683,
	44.5248 38.1829,
	44.4662 38.2269,
	44.2319 38.2269,
	44.1147 38.2269,
	43.8803 38.1829,
	43.7632 38.1536,
	43.7046 38.1097,
	43.646 37.9925,
	43.646 37.9339,
	"/>
</Transform>

<Transform dim="0"
 xcoef=" 0 1 0 0 0 0"
 ycoef=" 0 0 1 0 0 0">
<Contour name="Tb2_NF52_LES" hidden="false" closed="true" simplified="true" border="0.741176 0.486275 1" fill="0.741176 0.486275 1" mode="-9"
 points="37.236 33.077,
	37.301 32.973,
	37.392 32.869,
	37.4959 32.8041,
	37.7039 32.7261,
	37.9118 32.6741,
	38.0158 32.6741,
	38.0418 32.6741,
	38.1458 32.7651,
	38.2108 32.869,
	38.1978 32.921,
	38.1198 33.025,
	38.0678 33.077,
	38.0288 33.181,
	38.0158 33.2849,
	38.0028 33.3369,
	37.9118 33.4279,
	37.8858 33.4279,
	37.8598 33.4539,
	37.6519 33.5189,
	37.5479 33.5059,
	37.4439 33.4539,
	37.392 33.4409,
	37.301 33.3499,
	37.249 33.246,
	37.236 33.142,
	37.236 33.09,
	"/>
</Transform>

<Transform dim="0"
 xcoef=" 0 1 0 0 0 0"
 ycoef=" 0 0 1 0 0 0">
<Contour name="Tb2_NF29_LES" hidden="false" closed="true" simplified="true" border="0 0.501961 0.74902" fill="0 0.501961 0.74902" mode="-9"
 points="16.0014 35.0326,
	16.0623 34.9108,
	16.108 34.8499,
	16.1689 34.8195,
	16.1994 34.789,
	16.3212 34.7434,
	16.3821 34.7281,
	16.5039 34.7434,
	16.7475 34.6977,
	16.8693 34.652,
	16.9911 34.6368,
	17.052 34.6672,
	17.1129 34.6672,
	17.2347 34.5454,
	17.3565 34.4998,
	17.6001 34.4693,
	17.7219 34.4389,
	18.2091 34.4389,
	18.4527 34.4541,
	18.5745 34.4693,
	18.6963 34.5454,
	18.8181 34.5607,
	18.9399 34.6368,
	18.9855 34.6825,
	19.0008 34.7434,
	18.9855 34.8043,
	18.7419 34.8956,
	18.6201 34.9108,
	18.5897 34.9108,
	18.5288 34.9717,
	18.407 35.0326,
	18.3461 35.0631,
	18.1025 35.0783,
	17.9807 35.0631,
	17.7371 34.987,
	17.6153 34.9565,
	17.5544 34.9413,
	17.4326 34.9717,
	17.3717 34.987,
	16.8845 34.9717,
	16.6409 35.0631,
	16.5191 35.0783,
	16.2755 35.0631,
	16.2146 35.124,
	16.1841 35.1544,
	16.1232 35.1697,
	16.0623 35.1392,
	16.0014 35.0783,
	16.0014 35.0479,
	"/>
<Contour name="Tb2_NF29_LES" hidden="false" closed="true" simplified="true" border="0 0.501961 0.74902" fill="0 0.501961 0.74902" mode="-9"
 points="19.5336 36.0375,
	19.7772 35.7939,
	19.8686 35.7178,
	19.8229 35.596,
	19.8381 35.4742,
	19.8838 35.4285,
	20.0056 35.4589,
	20.0665 35.4894,
	20.5537 35.4894,
	20.7973 35.5503,
	20.8278 35.5503,
	20.8582 35.5807,
	20.8887 35.5807,
	21.117 35.8091,
	21.2693 36.0527,
	21.3454 36.1745,
	21.5586 36.4181,
	21.6804 36.4942,
	21.924 36.5704,
	22.4111 36.6008,
	22.6547 36.6313,
	22.7156 36.6465,
	22.7765 36.6313,
	23.0201 36.6465,
	23.1419 36.6465,
	23.2637 36.6922,
	23.3246 36.7531,
	23.3399 36.8749,
	23.2333 36.9814,
	23.1724 37.0271,
	22.9288 37.0423,
	22.807 37.0423,
	22.3198 36.9053,
	22.0762 36.8749,
	21.9544 36.8444,
	21.7108 36.8292,
	21.589 36.7835,
	21.1018 36.6922,
	20.8582 36.616,
	20.371 36.3724,
	20.1274 36.2506,
	19.8838 36.1593,
	19.762 36.1745,
	19.6402 36.1441,
	19.6098 36.1441,
	19.5489 36.0984,
	19.5336 36.0527,
	"/>
</Transform>

<Transform dim="0"
 xcoef=" 0 1 0 0 0 0"
 ycoef=" 0 0 1 0 0 0">
<Contour name="Tb2_NF54_LES" hidden="false" closed="true" simplified="true" border="1 0 0" fill="1 0 0" mode="-9"
 points="21.0675 48.0855,
	21.2425 47.9979,
	21.4175 48.0198,
	21.505 48.0417,
	21.5706 48.1073,
	21.5925 48.1511,
	21.4613 48.3042,
	21.3737 48.3699,
	21.2862 48.3917,
	21.1331 48.2605,
	21.0675 48.173,
	21.0675 48.1073,
	"/>
</Transform>

<Transform dim="0"
 xcoef=" 0 1 0 0 0 0"
 ycoef=" 0 0 1 0 0 0">
<Contour name="TB2_NF001_LES" hidden="false" closed="true" simplified="true" border="1 1 0" fill="1 1 0" mode="-9"
 points="19.7931 44.1169,
	19.8366 44.0588,
	19.9528 43.9862,
	20.069 43.8845,
	20.098 43.8845,
	20.1997 43.7829,
	20.2432 43.7248,
	20.2723 43.6957,
	20.5046 43.7103,
	20.6208 43.7393,
	20.6789 43.7829,
	20.7224 43.899,
	20.7079 44.0152,
	20.7079 44.0733,
	20.6644 44.1895,
	20.6353 44.2476,
	20.5772 44.2766,
	20.5191 44.2766,
	20.461 44.2476,
	20.3449 44.2476,
	20.2868 44.2766,
	20.1706 44.2766,
	20.1416 44.2766,
	20.0835 44.3347,
	20.0254 44.3202,
	19.9964 44.2911,
	19.9818 44.233,
	19.9383 44.1895,
	19.8221 44.1459,
	19.7931 44.1314,
	"/>
</Transform>

<Transform dim="0"
 xcoef=" 0 1 0 0 0 0"
 ycoef=" 0 0 1 0 0 0">
<Contour name="TB2_NF21_LES" hidden="false" closed="true" simplified="true" border="0.705882 0.705882 1" fill="0.705882 0.705882 1" mode="-9"
 points="19.3935 44.8368,
	19.4507 44.8082,
	19.508 44.8011,
	19.6224 44.7653,
	19.7368 44.701,
	19.7868 44.6437,
	19.8154 44.5865,
	19.8297 44.5579,
	19.8798 44.5007,
	19.9156 44.4507,
	20.0228 44.3577,
	20.0514 44.3363,
	20.0657 44.322,
	20.08 44.322,
	20.1086 44.3005,
	20.2231 44.279,
	20.2803 44.279,
	20.3375 44.2576,
	20.4519 44.2504,
	20.4805 44.2504,
	20.5091 44.2647,
	20.5305 44.2933,
	20.5377 44.4078,
	20.5305 44.4364,
	20.5091 44.465,
	20.5019 44.4936,
	20.4876 44.5079,
	20.4376 44.6223,
	20.3732 44.7367,
	20.3303 44.7939,
	20.2517 44.8869,
	20.1444 45.0013,
	20.0371 45.08,
	19.9799 45.1086,
	19.9227 45.1086,
	19.8941 45.1086,
	19.8798 45.1157,
	19.7654 45.1086,
	19.7082 45.1157,
	19.651 45.1086,
	19.5938 45.0871,
	19.5366 45.0514,
	19.4436 44.9441,
	19.415 44.9155,
	19.3935 44.8583,
	19.3935 44.844,
	"/>
</Transform>

<Transform dim="0"
 xcoef=" 0 1 0 0 0 0"
 ycoef=" 0 0 1 0 0 0">
<Contour name="TB2_NF21_LES" hidden="false" closed="true" simplified="true" border="0.705882 0.705882 1" fill="0.705882 0.705882 1" mode="-9"
 points="21.0127 54.8364,
	21.0955 54.6473,
	21.1546 54.5528,
	21.19 54.4582,
	21.2137 54.411,
	21.2609 54.3637,
	21.2846 54.3282,
	21.3673 54.2337,
	21.4146 54.1864,
	21.4618 54.0919,
	21.4855 53.9973,
	21.4973 53.8082,
	21.5209 53.7137,
	21.58 53.6191,
	21.7691 53.43,
	21.9582 53.3,
	22.1473 53.2764,
	22.2418 53.2409,
	22.3364 53.2409,
	22.3837 53.2528,
	22.4191 53.2882,
	22.7973 53.3473,
	23.1755 53.3473,
	23.27 53.3355,
	23.4591 53.2528,
	23.4827 53.2528,
	23.66 53.1346,
	23.8137 52.9691,
	24.0737 52.6028,
	24.1209 52.5082,
	24.2037 52.4255,
	24.2627 52.3309,
	24.3573 52.2719,
	24.5464 52.1064,
	24.7355 52.0237,
	24.9246 52,
	25.3027 51.8937,
	25.4918 51.8819,
	25.6809 51.8937,
	25.87 51.8228,
	25.9173 51.7991,
	26.0118 51.7873,
	26.1064 51.74,
	26.2009 51.6573,
	26.2955 51.6219,
	26.6737 51.5746,
	26.8627 51.5391,
	26.9573 51.5155,
	27.1464 51.5155,
	27.2409 51.5273,
	27.3355 51.5864,
	27.4182 51.6691,
	27.5482 51.8582,
	27.5718 51.9528,
	27.56 52,
	27.5127 52.0473,
	27.3237 52.13,
	27.1346 52.1655,
	26.9455 52.1773,
	26.5673 52.1419,
	26.3782 52.2009,
	26.2837 52.26,
	26.0946 52.3309,
	26 52.3428,
	25.9527 52.3428,
	25.7637 52.4491,
	25.6691 52.4609,
	25.48 52.4255,
	25.3855 52.39,
	25.1964 52.3782,
	25.0073 52.4137,
	24.8182 52.4846,
	24.7237 52.5319,
	24.6291 52.6028,
	24.4755 52.78,
	24.4164 52.8746,
	24.3809 53.0637,
	24.3218 53.1582,
	24.2391 53.2528,
	24.1918 53.3,
	24.0027 53.3946,
	23.92 53.4891,
	23.8964 53.5128,
	23.8491 53.5246,
	23.7546 53.5837,
	23.3764 53.6546,
	23.1873 53.6782,
	23.0927 53.7019,
	22.9982 53.7728,
	22.9037 53.82,
	22.7146 53.8555,
	22.5255 53.9146,
	22.4782 53.9382,
	22.3955 54.0328,
	22.3718 54.08,
	22.0055 54.4228,
	21.97 54.4464,
	21.8991 54.541,
	21.8282 54.6119,
	21.7337 54.6946,
	21.6746 54.7891,
	21.4973 54.9428,
	21.45 54.9782,
	21.4264 54.9782,
	21.4027 55.0019,
	21.2137 55.0491,
	21.1191 55.0373,
	21.0718 55.0137,
	21.0246 54.9191,
	21.0127 54.8719,
	21.0127 54.8482,
	"/>
</Transform>

<Transform dim="0"
 xcoef=" 0 1 0 0 0 0"
 ycoef=" 0 0 1 0 0 0">
<Contour name="TB2_NF04_LES" hidden="false" closed="true" simplified="true" border="0.627451 0.313725 0.313725" fill="0.627451 0.313725 0.313725" mode="-9"
 points="18.7378 45.1238,
	18.7606 45.0781,
	18.8064 45.0324,
	18.8521 45.0095,
	18.9436 45.0095,
	18.9893 45.0095,
	19.1722 44.8952,
	19.2637 44.8609,
	19.3551 44.8609,
	19.4009 44.8952,
	19.458 44.9867,
	19.538 45.0438,
	19.5609 45.0667,
	19.6524 45.101,
	19.7438 45.1124,
	19.7896 45.1124,
	19.8124 45.1124,
	19.8353 45.1353,
	19.8353 45.1581,
	19.7438 45.2267,
	19.5609 45.3182,
	19.378 45.3411,
	19.2865 45.3639,
	18.9207 45.3525,
	18.8292 45.2953,
	18.7835 45.2496,
	18.7492 45.1581,
	18.7378 45.1353,
	"/>
<Contour name="TB2_NF04_LES" hidden="false" closed="true" simplified="true" border="0.627451 0.313725 0.313725" fill="0.627451 0.313725 0.313725" mode="-9"
 points="20.1097 45.021,
	20.1897 44.9295,
	20.2126 44.8952,
	20.304 44.8152,
	20.3726 44.7237,
	20.4755 44.5408,
	20.5555 44.3579,
	20.5784 44.3121,
	20.6584 44.2207,
	20.8413 44.1178,
	20.9214 44.0263,
	21.0128 43.9692,
	21.0586 43.9692,
	21.1157 44.0492,
	21.15 44.1407,
	21.15 44.2321,
	21.1157 44.415,
	21.0929 44.5065,
	21.0357 44.598,
	20.9557 44.6894,
	20.7842 44.8152,
	20.6013 44.8838,
	20.5098 44.9295,
	20.4183 44.9409,
	20.3269 44.9295,
	20.2354 44.9981,
	20.144 45.0324,
	20.1211 45.0324,
	"/>
</Transform>

<Transform dim="0"
 xcoef=" 0 1 0 0 0 0"
 ycoef=" 0 0 1 0 0 0">
<Contour name="TB2_NF21_LES" hidden="false" closed="true" simplified="true" border="0.705882 0.705882 1" fill="0.705882 0.705882 1" mode="-9"
 points="44.7279 37.0586,
	44.7978 36.9467,
	45.0218 36.8487,
	45.0777 36.8487,
	45.1897 36.9047,
	45.2457 36.9607,
	45.3576 37.0166,
	45.3996 37.0726,
	45.3856 37.1286,
	45.2737 37.2126,
	45.2177 37.2266,
	45.1057 37.1986,
	44.8818 37.2126,
	44.8258 37.1986,
	44.7698 37.1566,
	44.7419 37.1006,
	44.7279 37.0726,
	"/>
</Transform>

<Transform dim="0"
 xcoef=" 0 1 0 0 0 0"
 ycoef=" 0 0 1 0 0 0">
<Contour name="TB2_NF24_LES" hidden="false" closed="true" simplified="true" border="0 0.501961 0" fill="0 0.501961 0" mode="-9"
 points="44.448 33.4899,
	44.5319 33.3919,
	44.5599 33.364,
	44.6719 33.322,
	44.7279 33.308,
	44.8258 33.224,
	44.8538 33.196,
	44.8818 33.0841,
	44.9378 32.9721,
	44.9938 32.9161,
	45.0218 32.8881,
	45.0777 32.8881,
	45.5256 32.6082,
	45.6375 32.5383,
	45.6935 32.4963,
	45.7495 32.3843,
	45.7495 32.3563,
	45.8055 32.3003,
	45.9874 32.1464,
	46.1833 31.9225,
	46.2953 31.8105,
	46.5192 31.6426,
	46.5472 31.6426,
	46.7711 31.4886,
	46.8831 31.3907,
	46.9391 31.3627,
	46.967 31.3347,
	47.023 31.3207,
	47.135 31.2507,
	47.191 31.1947,
	47.3029 31.1248,
	47.4149 31.0268,
	47.5268 30.9568,
	47.6528 30.7329,
	47.7228 30.6209,
	47.8207 30.509,
	47.8767 30.481,
	47.9047 30.453,
	48.0167 30.411,
	48.1986 30.2291,
	48.2546 30.1871,
	48.3665 30.1871,
	48.4225 30.2011,
	48.5205 30.2991,
	48.5485 30.355,
	48.5625 30.579,
	48.5625 30.6909,
	48.5065 30.9148,
	48.4225 31.1388,
	48.2546 31.3487,
	48.1566 31.4467,
	47.9327 31.6006,
	47.8207 31.6706,
	47.7088 31.7126,
	47.5968 31.7265,
	47.4849 31.8105,
	47.3729 31.8665,
	47.2609 31.8805,
	47.205 31.8945,
	47.107 31.9785,
	46.6872 32.3983,
	46.5752 32.5103,
	46.5192 32.5383,
	46.3933 32.7622,
	46.2113 32.9861,
	45.9874 33.168,
	45.9174 33.266,
	45.8195 33.364,
	45.5955 33.5179,
	45.4836 33.5739,
	45.4276 33.6159,
	45.2037 33.7138,
	45.0917 33.7278,
	44.9798 33.6998,
	44.9378 33.6858,
	44.8258 33.7278,
	44.7139 33.7418,
	44.6019 33.7278,
	44.5459 33.6998,
	44.448 33.5879,
	44.448 33.5319,
	44.448 33.5039,
	"/>
</Transform>

<Transform dim="0"
 xcoef=" 0 1 0 0 0 0"
 ycoef=" 0 0 1 0 0 0">
<Contour name="TB2_NF21_LES" hidden="false" closed="true" simplified="true" border="0.705882 0.705882 1" fill="0.705882 0.705882 1" mode="-9"
 points="43.7063 44.9363,
	43.7861 44.6807,
	43.9459 44.4411,
	44.0737 44.3612,
	44.1376 44.3133,
	44.2654 44.2654,
	44.3772 44.1376,
	44.505 44.0577,
	44.5689 44.0257,
	44.6008 43.9938,
	44.6647 43.9778,
	44.7286 43.9139,
	44.7446 43.7861,
	44.7446 43.7222,
	44.8564 43.4666,
	44.9682 43.3708,
	45.096 43.3548,
	45.1599 43.3708,
	45.2238 43.4347,
	45.2718 43.5625,
	45.2238 43.8181,
	45.2238 43.882,
	45.1599 44.0098,
	44.9842 44.2654,
	44.9203 44.3932,
	44.6807 44.6488,
	44.4251 44.8404,
	44.2973 44.9523,
	44.2813 45.0162,
	44.3293 45.144,
	44.3452 45.2718,
	44.3612 45.3357,
	44.5849 45.5753,
	44.6328 45.6392,
	44.6807 45.767,
	44.7765 45.8948,
	44.9043 45.9267,
	44.9682 45.9427,
	45.1919 46.1504,
	45.4155 46.4059,
	45.4954 46.6615,
	45.4635 46.7893,
	45.4635 46.8213,
	45.3996 46.8692,
	45.2718 46.8373,
	45.0162 46.5976,
	44.9043 46.4858,
	44.6488 46.342,
	44.521 46.2782,
	44.2654 46.1024,
	44.2015 46.0385,
	44.0737 45.9746,
	44.0098 45.9427,
	43.9618 45.8788,
	43.9299 45.8468,
	43.8341 45.5912,
	43.8181 45.5273,
	43.7861 45.4954,
	43.7063 45.2398,
	43.7063 44.9842,
	43.7063 44.9523,
	"/>
</Transform>

<Transform dim="0"
 xcoef=" 0 1 0 0 0 0"
 ycoef=" 0 0 1 0 0 0">
<Contour name="TB2_Basal06_nuc_LES" hidden="false" closed="true" simplified="true" border="0.686275 0.878431 0.713725" fill="1 0.502 0.753" mode="11"
 points="22.9428 47.5994,
	22.9656 47.4166,
	23.0799 47.2338,
	23.2627 47.1424,
	23.3541 47.1424,
	23.4455 47.0967,
	23.4912 47.051,
	23.4912 46.9596,
	23.4455 46.8681,
	23.4226 46.8224,
	23.4455 46.731,
	23.5598 46.5482,
	23.7197 46.3654,
	23.9025 46.2283,
	23.9939 46.1826,
	24.0853 46.0912,
	24.2681 46.0226,
	24.4281 45.8627,
	24.4738 45.7713,
	24.6566 45.5885,
	24.8166 45.2228,
	24.8623 44.8572,
	24.9994 44.4916,
	25.0679 44.4002,
	25.0908 44.3088,
	25.0451 44.126,
	24.9994 44.0346,
	24.9994 43.8518,
	25.1365 43.1205,
	25.2051 42.9377,
	25.3879 42.7778,
	25.5021 42.5949,
	25.5707 42.2293,
	25.6164 42.1379,
	25.7078 42.0465,
	25.8906 41.978,
	26.0734 41.978,
	26.1648 41.9551,
	26.2105 41.9551,
	26.5533 41.6352,
	26.6447 41.5666,
	26.7361 41.3838,
	26.9189 41.3153,
	27.1017 41.361,
	27.2845 41.4524,
	27.4673 41.6123,
	27.5587 41.658,
	27.7416 41.5895,
	27.9244 41.4524,
	28.1072 41.4295,
	28.29 41.4524,
	28.4728 41.5209,
	28.5642 41.6123,
	28.747 41.7037,
	28.8841 41.8865,
	28.9755 41.978,
	29.0669 42.0237,
	29.1583 42.0237,
	29.2497 41.978,
	29.6154 42.0237,
	29.7982 42.2065,
	30.0495 42.5721,
	30.2552 42.9377,
	30.3923 43.1205,
	30.4609 43.3033,
	30.4837 43.3947,
	30.6208 43.5547,
	30.8036 43.7375,
	30.8493 43.7832,
	30.7808 44.1488,
	30.7579 44.3316,
	30.7808 44.4231,
	30.9179 44.6059,
	30.9636 44.6973,
	30.9636 44.8801,
	30.9864 44.9258,
	30.9179 45.1086,
	30.9179 45.2,
	31.0322 45.36,
	31.1007 45.5428,
	31.1464 45.9084,
	31.1007 46.0912,
	31.055 46.1826,
	30.8722 46.3197,
	30.8265 46.3654,
	30.9636 46.731,
	30.9864 46.9138,
	31.0093 46.9367,
	30.9864 47.0281,
	30.8265 47.1881,
	30.8036 47.2795,
	30.8265 47.4623,
	30.7579 47.6451,
	30.598 47.8051,
	30.4152 47.8736,
	30.2324 47.8965,
	30.0495 48.0336,
	29.9581 48.125,
	29.8667 48.3078,
	29.8439 48.3992,
	30.0038 48.7648,
	30.0724 49.1304,
	30.0724 49.2218,
	29.9124 49.3818,
	29.8439 49.5646,
	29.821 49.9302,
	29.7753 50.113,
	29.7068 50.2044,
	29.5468 50.3187,
	29.364 50.4787,
	29.1812 50.5472,
	28.8156 50.7757,
	28.4499 50.9128,
	28.3585 50.9814,
	27.6273 51.0499,
	27.2617 51.0499,
	26.8961 51.0956,
	26.5304 51.0499,
	26.439 51.0042,
	26.0734 50.9814,
	25.7078 50.8214,
	25.3422 50.5472,
	25.2051 50.4101,
	25.0222 50.2273,
	24.6566 50.0445,
	24.4738 49.9531,
	24.3139 49.7931,
	24.3139 49.6103,
	24.2453 49.4275,
	24.131 49.2447,
	23.9482 49.1076,
	23.7654 49.039,
	23.7197 49.0162,
	23.5369 49.039,
	23.4455 48.9933,
	23.2627 48.8105,
	23.1941 48.742,
	23.1713 48.6506,
	23.1941 48.5591,
	23.1941 48.5134,
	23.3084 48.3306,
	23.3769 48.2392,
	23.4683 48.2164,
	23.5141 48.125,
	23.3312 48.0793,
	23.2398 48.1021,
	23.057 48.0564,
	22.9885 47.965,
	22.9428 47.6222,
	"/>
</Transform>

<Transform dim="0"
 xcoef=" 0 1 0 0 0 0"
 ycoef=" 0 0 1 0 0 0">
<Image mag="0.00749" contrast="1" brightness="0" red="true" green="true" blue="true"
 src="Alg_stitch3-4_333.tif" />
<Contour name="domain1" hidden="false" closed="true" simplified="false" border="1 0 1" fill="1 0 1" mode="11"
 points="0 0,
	15652 0,
	15652 8578,
	0 8578,
	"/>
</Transform>

<Transform dim="0"
 xcoef=" 0 1 0 0 0 0"
 ycoef=" 0 0 1 0 0 0">
<Contour name="TB2_shell_RSL" hidden="false" closed="true" simplified="true" border="1 1 1" fill="0.753 0.753 0.753" mode="9"
 points="37.4798 37.5355,
	37.7582 37.0899,
	39.2062 35.3635,
	40.9883 34.3054,
	41.8793 33.6928,
	42.1021 33.4701,
	42.2135 33.4701,
	43.1045 32.8575,
	46.5573 30.6855,
	47.0029 30.4071,
	47.8939 30.0729,
	48.785 29.5717,
	49.2305 29.3489,
	49.676 29.2376,
	53.2402 29.4046,
	53.1288 29.6274,
	53.0731 29.6831,
	53.9642 29.7945,
	54.8552 30.0172,
	55.3008 30.1286,
	55.5235 30.1286,
	57.3056 30.8526,
	57.7512 31.0197,
	58.1967 31.3538,
	59.0877 32.1892,
	60.8141 33.3587,
	61.0369 33.5814,
	61.4267 34.4725,
	62.9304 36.1989,
	63.71 36.8672,
	64.6011 37.7025,
	64.9909 38.1481,
	65.2137 39.0391,
	65.2694 39.9302,
	65.1023 40.8212,
	64.6011 41.7123,
	63.9885 42.6033,
	63.71 42.9931,
	62.9304 43.8285,
	62.4849 44.1626,
	61.5938 44.6082,
	60.7028 44.8866,
	59.8117 45.3321,
	58.9207 45.6106,
	58.0296 46.1118,
	57.5841 46.3346,
	57.1386 46.6687,
	55.3565 46.9472,
	54.4654 47.0029,
	52.6833 46.7244,
	51.7923 46.7244,
	51.3467 46.7244,
	49.5646 47.1142,
	48.6736 47.2256,
	48.2281 47.337,
	46.446 47.2813,
	45.5549 47.1699,
	43.7728 46.7244,
	41.9907 46.1118,
	41.5452 45.8891,
	40.6541 45.6663,
	39.7631 45.5549,
	38.872 45.2765,
	38.7607 45.2765,
	37.9253 44.4411,
	37.7582 43.55,
	37.8139 43.1045,
	37.981 42.659,
	38.3151 42.2135,
	38.4265 41.9907,
	38.4822 41.5452,
	38.4265 41.0997,
	37.981 40.2086,
	37.6468 39.3176,
	37.6468 38.872,
	37.4798 37.981,
	37.4798 37.5912,
	"/>
</Transform>

<Transform dim="0"
 xcoef=" 0 1 0 0 0 0"
 ycoef=" 0 0 1 0 0 0">
<Contour name="TB2_BasalCell07_nuc_LES" hidden="false" closed="true" simplified="true" border="0.921569 0.0784314 0.623529" fill="1 0 0.5" mode="-11"
 points="27.6776 38.1244,
	27.7808 38.047,
	27.8324 38.0212,
	27.8581 37.8149,
	27.9613 37.6085,
	28.1677 37.4279,
	28.2709 37.3506,
	28.4772 37.3248,
	28.5804 37.3763,
	28.7868 37.4021,
	28.9931 37.3506,
	29.1737 37.17,
	29.2253 37.0668,
	29.6122 36.6799,
	29.8185 36.5509,
	30.0249 36.5251,
	30.4376 36.5509,
	30.644 36.6283,
	30.7471 36.6283,
	30.7987 36.6283,
	31.0825 36.2156,
	31.1856 36.1124,
	31.392 36.0608,
	31.4952 36.1124,
	31.5468 36.1382,
	31.6499 36.0866,
	31.7531 35.9834,
	31.9595 35.9061,
	32.3722 35.9318,
	32.7849 36.0092,
	33.1976 36.2156,
	33.6103 36.4735,
	33.8167 36.4993,
	34.2294 36.6799,
	34.3326 36.7831,
	34.3584 36.9894,
	34.2036 37.1958,
	34.1004 37.299,
	34.0231 37.5053,
	33.9973 37.7117,
	33.9199 37.918,
	33.7135 38.047,
	33.5072 38.047,
	33.3008 38.1244,
	33.0944 38.1502,
	32.9913 38.176,
	32.9397 38.176,
	32.7333 38.3565,
	32.527 38.4339,
	32.3206 38.3823,
	32.1143 38.2792,
	32.0111 38.2018,
	31.9595 38.176,
	31.7273 38.5629,
	31.6242 38.6403,
	31.4178 38.6661,
	31.0051 38.8724,
	30.5924 39.0014,
	30.386 39.053,
	30.2828 39.053,
	30.2312 39.053,
	30.0249 38.8724,
	29.9733 38.8724,
	29.7669 39.053,
	29.5606 38.9756,
	29.4574 38.9498,
	29.2511 38.9756,
	29.0447 39.0788,
	28.8383 39.1304,
	28.7352 39.1304,
	28.632 39.0788,
	28.5288 38.9756,
	28.4772 38.7693,
	28.0645 38.5887,
	27.9613 38.5629,
	27.755 38.3823,
	27.7034 38.3307,
	27.6776 38.1502,
	"/>
</Transform>

<Transform dim="0"
 xcoef=" 0 1 0 0 0 0"
 ycoef=" 0 0 1 0 0 0">
<Contour name="TB2_BasalCell07_CM_LES" hidden="false" closed="true" simplified="true" border="0.98 0.773 0.91" fill="1 0 0.5" mode="-11"
 points="27.0567 38.3716,
	27.0736 38.3379,
	27.0736 38.321,
	27.1749 38.1859,
	27.2086 38.1522,
	27.2762 38.1269,
	27.3437 38.1184,
	27.3775 38.1015,
	27.4028 38.0678,
	27.4197 38.0003,
	27.4112 37.9327,
	27.4197 37.899,
	27.4197 37.8821,
	27.4534 37.8483,
	27.4703 37.8146,
	27.5378 37.7555,
	27.5885 37.688,
	27.5885 37.6711,
	27.4534 37.5951,
	27.4197 37.5276,
	27.4028 37.4601,
	27.4197 37.3925,
	27.4534 37.325,
	27.4872 37.3081,
	27.6222 37.3756,
	27.656 37.3672,
	27.7235 37.3081,
	27.791 37.2912,
	27.8248 37.2744,
	27.8754 37.2068,
	27.9008 37.1731,
	27.8923 37.1393,
	27.9852 36.8692,
	28.0189 36.7342,
	28.289 36.4725,
	28.3566 36.4472,
	28.4241 36.405,
	28.4916 36.3459,
	28.6267 36.3121,
	28.6942 36.2868,
	28.7617 36.3206,
	28.7955 36.329,
	28.8292 36.3206,
	28.8968 36.253,
	28.9643 36.2193,
	28.9981 36.194,
	29.0318 36.1855,
	29.1669 36.2193,
	29.2006 36.2193,
	29.2175 36.2108,
	29.2513 36.2277,
	29.2682 36.2362,
	29.3357 36.2108,
	29.3694 36.2024,
	29.5045 36.2193,
	29.572 36.2108,
	29.6395 36.1855,
	29.7746 36.1686,
	29.8421 36.1602,
	29.9096 36.1771,
	29.9772 36.1686,
	30.1122 36.1096,
	30.1797 36.0758,
	30.3148 36.0505,
	30.4498 36.0505,
	30.5174 36.0336,
	30.6524 35.9576,
	30.7199 35.8226,
	30.8466 35.6875,
	30.9141 35.6284,
	30.9816 35.5862,
	31.0491 35.5271,
	31.1167 35.4849,
	31.1504 35.4681,
	31.2855 35.4596,
	31.4205 35.4005,
	31.5556 35.3583,
	31.6146 35.2908,
	31.6231 35.257,
	31.6146 35.2233,
	31.6231 35.1895,
	31.6822 35.1304,
	31.8172 35.0629,
	31.8847 35.0207,
	32.0198 34.8857,
	32.0873 34.8603,
	32.1211 34.8519,
	32.1886 34.8603,
	32.2224 34.8688,
	32.3574 34.7928,
	32.4925 34.7591,
	32.5262 34.7591,
	32.56 34.7422,
	32.5769 34.7084,
	32.7119 34.6324,
	32.982 34.5902,
	33.1171 34.5649,
	33.1846 34.5734,
	33.2184 34.5649,
	33.3534 34.5818,
	33.4209 34.5902,
	33.4547 34.5987,
	33.4716 34.5902,
	33.4885 34.5987,
	33.556 34.5649,
	33.5898 34.548,
	33.6995 34.413,
	33.8345 34.3201,
	33.9358 34.1851,
	34.0709 34.1007,
	34.1046 34.0838,
	34.2397 34.0585,
	34.3747 34.0078,
	34.4423 33.991,
	34.7124 33.839,
	34.7799 33.8221,
	34.8136 33.8053,
	35.0837 33.7884,
	35.1513 33.8053,
	35.1766 33.8306,
	35.185 33.8475,
	35.1513 33.915,
	35.0922 33.9572,
	34.8221 33.9994,
	34.687 34.0078,
	34.4169 34.1176,
	34.3494 34.1429,
	34.2819 34.1851,
	34.2144 34.2442,
	34.1468 34.2779,
	34.0878 34.337,
	34.0793 34.3708,
	34.1046 34.4383,
	34.13 34.4636,
	34.265 34.4721,
	34.3325 34.4721,
	34.6026 34.3961,
	34.7377 34.3623,
	34.7714 34.3455,
	34.839 34.2864,
	34.974 34.2442,
	35.0415 34.2357,
	35.0753 34.2357,
	35.2104 34.1766,
	35.2779 34.1513,
	35.3116 34.1429,
	35.3792 34.1682,
	35.5142 34.0922,
	35.5817 34.05,
	35.5986 34.0416,
	35.7337 34.0669,
	35.8687 34.0754,
	35.9362 34.0838,
	36.0038 34.0754,
	36.0713 34.1091,
	36.1051 34.126,
	36.1135 34.1598,
	36.0966 34.1935,
	36.0291 34.2189,
	35.894 34.2442,
	35.8265 34.2357,
	35.759 34.2695,
	35.6999 34.4045,
	35.6915 34.4721,
	35.7168 34.5396,
	35.7843 34.5734,
	36.0544 34.6409,
	36.1219 34.6493,
	36.1895 34.6324,
	36.2401 34.5649,
	36.2486 34.4974,
	36.2401 34.4636,
	36.2486 34.4299,
	36.2739 34.3961,
	36.2823 34.3792,
	36.3161 34.3708,
	36.3836 34.3961,
	36.4511 34.4383,
	36.4849 34.4636,
	36.6199 34.4552,
	36.6875 34.4383,
	36.755 34.4552,
	36.89 34.4467,
	36.9238 34.4383,
	36.9913 34.4636,
	37.0589 34.5227,
	37.1011 34.5902,
	37.2361 34.7084,
	37.3036 34.7591,
	37.3796 34.8941,
	37.4049 34.9616,
	37.329 35.2317,
	37.2445 35.3668,
	37.2192 35.4343,
	37.2023 35.5694,
	37.177 35.6369,
	37.1517 35.6706,
	37.0842 35.6791,
	36.9491 35.6369,
	36.9154 35.6538,
	36.8563 35.7213,
	36.7888 35.7297,
	36.755 35.7128,
	36.7381 35.7044,
	36.679 35.7466,
	36.6706 35.7804,
	36.6959 35.9154,
	36.7297 35.9829,
	36.7465 36.0167,
	36.8141 36.0842,
	36.9491 36.1349,
	37.0842 36.1433,
	37.3543 36.118,
	37.4218 36.1264,
	37.5568 36.1855,
	37.6244 36.2446,
	37.6919 36.2868,
	37.7257 36.3037,
	37.8607 36.3037,
	37.9282 36.3037,
	37.962 36.2952,
	38.0295 36.3121,
	38.0548 36.3374,
	38.0295 36.405,
	38.038 36.4725,
	38.0802 36.54,
	38.1477 36.5822,
	38.173 36.6075,
	38.1139 36.6751,
	38.0971 36.6835,
	37.962 36.6413,
	37.8945 36.5738,
	37.8607 36.5485,
	37.7257 36.5231,
	37.6581 36.5316,
	37.6244 36.5316,
	37.5906 36.5147,
	37.5737 36.4978,
	37.5653 36.4303,
	37.5568 36.3965,
	37.4893 36.3543,
	37.4556 36.3374,
	37.4387 36.329,
	37.3712 36.3459,
	37.3036 36.405,
	37.2361 36.4387,
	37.1011 36.4219,
	37.0335 36.4134,
	36.9998 36.4134,
	36.9829 36.405,
	36.8478 36.4978,
	36.7128 36.616,
	36.6453 36.6835,
	36.5693 36.8186,
	36.4427 36.9536,
	36.4174 36.9874,
	36.4258 37.0211,
	36.4258 37.038,
	36.4596 37.0633,
	36.4933 37.0718,
	36.6284 37.0465,
	36.6621 37.038,
	36.679 37.038,
	36.6959 37.0549,
	36.7297 37.038,
	36.9576 36.7679,
	37.0757 36.6329,
	37.1011 36.5991,
	37.1686 36.5569,
	37.3036 36.5063,
	37.3712 36.4894,
	37.4049 36.4894,
	37.4218 36.4809,
	37.4809 36.5231,
	37.4387 36.5907,
	37.1686 36.8439,
	37.1095 36.9114,
	37.1011 36.9789,
	37.0589 37.038,
	36.9913 37.0633,
	36.9238 37.0549,
	36.7888 37.1055,
	36.7212 37.1393,
	36.5862 37.249,
	36.4511 37.3166,
	36.3836 37.3419,
	36.2486 37.4516,
	36.1135 37.5782,
	35.9785 37.688,
	35.9109 37.747,
	35.8772 37.8146,
	35.8603 37.8483,
	35.8687 37.8821,
	35.9278 37.9412,
	36.0629 37.9834,
	36.1979 38.0087,
	36.333 38.0087,
	36.468 38.0425,
	36.5355 38.0509,
	36.6031 38.0762,
	36.6706 38.1184,
	36.7297 38.1859,
	36.7634 38.2197,
	36.8985 38.2619,
	36.9154 38.2957,
	36.9238 38.3126,
	36.8141 38.4476,
	36.7465 38.5067,
	36.679 38.5489,
	36.544 38.5911,
	36.4764 38.5995,
	36.3414 38.5827,
	36.2739 38.5742,
	36.1388 38.5995,
	36.1219 38.5911,
	36.0713 38.6586,
	36.0038 38.7177,
	35.9362 38.7515,
	35.9025 38.7599,
	35.8687 38.7852,
	35.835 38.8528,
	35.7674 38.8781,
	35.7084 38.9287,
	35.5817 39.0638,
	35.4467 39.1229,
	35.3116 39.1144,
	35.2441 39.1144,
	35.1091 39.1819,
	35.0415 39.2073,
	34.9065 39.2241,
	34.839 39.241,
	34.7799 39.2917,
	34.7714 39.3254,
	34.763 39.3423,
	34.7968 39.4098,
	34.8052 39.4267,
	34.7377 39.4774,
	34.6702 39.452,
	34.6364 39.4267,
	34.6026 39.3592,
	34.5942 39.2917,
	34.4591 39.2495,
	34.3916 39.241,
	34.3241 39.2495,
	34.054 39.2241,
	33.9865 39.2157,
	33.9189 39.1904,
	33.8514 39.1482,
	33.7839 39.1313,
	33.767 39.1229,
	33.4969 39.2579,
	33.3619 39.3001,
	33.3281 39.317,
	33.2859 39.3845,
	33.2268 39.5196,
	33.2099 39.5871,
	33.2184 39.6546,
	33.2099 39.7221,
	33.1677 39.7897,
	33.1002 39.8572,
	33.0664 39.8825,
	32.7963 39.9416,
	32.5262 39.9669,
	32.3912 39.9754,
	32.1211 39.9416,
	31.986 39.95,
	31.851 39.9416,
	31.7835 39.9247,
	31.7497 39.9163,
	31.7328 39.9163,
	31.5978 40.026,
	31.564 40.0513,
	31.429 40.0935,
	31.3614 40.102,
	31.0913 40.0513,
	31.0238 40.026,
	30.99 40.0091,
	30.9647 40.0344,
	30.9816 40.102,
	30.9394 40.1695,
	30.9056 40.2033,
	30.8888 40.2117,
	30.8212 40.1779,
	30.7537 40.1189,
	30.7115 40.0513,
	30.5933 39.9163,
	30.5005 39.7812,
	30.4498 39.6462,
	30.4414 39.6124,
	30.3064 39.5955,
	30.1713 39.604,
	30.0363 39.5618,
	29.9012 39.5364,
	29.7661 39.5449,
	29.496 39.6546,
	29.361 39.7306,
	29.2935 39.7981,
	29.2597 39.8234,
	29.2006 39.8234,
	29.1753 39.8065,
	29.1837 39.6715,
	29.1922 39.6377,
	29.2428 39.5787,
	29.2766 39.5702,
	29.3104 39.5449,
	29.3272 39.528,
	29.3272 39.4942,
	29.2935 39.4689,
	29.2259 39.452,
	28.9558 39.4352,
	28.8208 39.4267,
	28.6857 39.4352,
	28.5507 39.4605,
	28.4832 39.5027,
	28.4494 39.5618,
	28.4579 39.6968,
	28.5845 39.8065,
	28.6182 39.8319,
	28.6857 39.8403,
	28.7195 39.8656,
	28.7111 39.9332,
	28.6604 39.9922,
	28.6435 40.0007,
	28.6098 40.0007,
	28.4747 39.891,
	28.3397 39.7643,
	28.1287 39.4942,
	28.0527 39.3592,
	28.0021 39.2917,
	27.867 39.1651,
	27.732 39.0891,
	27.5969 39.0469,
	27.5294 39.0047,
	27.5041 38.9709,
	27.4956 38.9034,
	27.4787 38.8696,
	27.445 38.8528,
	27.3775 38.8781,
	27.3099 38.8612,
	27.2424 38.819,
	27.1749 38.7515,
	27.0989 38.6164,
	27.0567 38.4814,
	27.0567 38.4138,
	27.0567 38.3801,
	"/>
</Transform>

<Transform dim="0"
 xcoef=" 0 1 0 0 0 0"
 ycoef=" 0 0 1 0 0 0">
<Contour name="TB2_NF07_RSL" hidden="false" closed="true" simplified="true" border="0 0 0.501961" fill="0 0 0.501961" mode="-9"
 points="19.3793 44.7158,
	19.3933 44.6785,
	19.4398 44.6087,
	19.4491 44.5994,
	19.4491 44.5901,
	19.4771 44.5529,
	19.4957 44.5157,
	19.5096 44.497,
	19.5236 44.4598,
	19.5329 44.4505,
	19.5329 44.4412,
	19.5841 44.3667,
	19.6446 44.2178,
	19.6632 44.1806,
	19.6958 44.1573,
	19.733 44.1433,
	19.7516 44.1573,
	19.8261 44.1759,
	19.9006 44.1806,
	19.9378 44.1899,
	19.9704 44.2224,
	19.9843 44.2411,
	20.003 44.3155,
	19.9983 44.3528,
	19.9983 44.3621,
	19.9704 44.3993,
	19.9657 44.404,
	19.9564 44.3853,
	19.9331 44.4179,
	19.7982 44.5575,
	19.7842 44.5762,
	19.7516 44.6506,
	19.7004 44.7251,
	19.6818 44.7437,
	19.6446 44.7623,
	19.5701 44.7809,
	19.4957 44.7902,
	19.4212 44.7856,
	19.384 44.767,
	19.3793 44.7297,
	19.3793 44.7204,
	"/>
</Transform>

<Transform dim="0"
 xcoef=" 0 1 0 0 0 0"
 ycoef=" 0 0 1 0 0 0">
<Contour name="TB2_NF07_RSL" hidden="false" closed="true" simplified="true" border="0 0 0.501961" fill="0 0 0.501961" mode="-9"
 points="14.9794 36.655,
	14.9853 36.5609,
	14.9853 36.5139,
	14.9853 36.4903,
	15.0147 36.4492,
	15.0617 36.4551,
	15.1499 36.3669,
	15.1734 36.3434,
	15.197 36.3551,
	15.2087 36.361,
	15.2146 36.2669,
	15.2146 36.2552,
	15.244 36.2082,
	15.291 36.167,
	15.3851 36.1141,
	15.3968 36.1141,
	15.4086 36.1023,
	15.4204 36.1023,
	15.4321 36.0906,
	15.6202 36.0024,
	15.6673 35.973,
	15.6908 35.9554,
	15.7143 35.9495,
	15.7613 35.9789,
	15.7849 36.0024,
	15.8319 36.1905,
	15.8554 36.2846,
	15.8554 36.3316,
	15.8436 36.3551,
	15.7496 36.3904,
	15.7202 36.4198,
	15.7319 36.5139,
	15.7378 36.5609,
	15.7555 36.6079,
	15.7613 36.655,
	15.7555 36.749,
	15.7496 36.796,
	15.7084 36.8431,
	15.6614 36.849,
	15.6144 36.8725,
	15.6026 36.9665,
	15.5967 37.0136,
	15.5791 37.0606,
	15.585 37.1076,
	15.5791 37.1547,
	15.5144 37.2487,
	15.5027 37.2605,
	15.4909 37.3075,
	15.4674 37.3545,
	15.4439 37.3722,
	15.3968 37.3545,
	15.3498 37.3545,
	15.3263 37.3604,
	15.2793 37.3545,
	15.2322 37.3604,
	15.2087 37.3663,
	15.1676 37.4075,
	15.1499 37.4251,
	15.1029 37.4368,
	15.0911 37.4486,
	15.0911 37.4721,
	15.0911 37.4839,
	15.1029 37.4721,
	15.1088 37.4839,
	15.0206 37.5721,
	15.003 37.5897,
	14.9971 37.5427,
	15.0088 37.4486,
	15.0206 37.4016,
	14.9971 37.3839,
	14.9853 37.3722,
	14.9853 37.3252,
	15.003 37.2781,
	14.9853 37.2311,
	14.9794 37.2076,
	14.9853 37.1841,
	15.003 37.1664,
	15.0265 37.1605,
	15.0441 37.1429,
	15.0324 37.1194,
	15.0324 37.0959,
	15.0441 37.0724,
	15.0382 37.0488,
	14.9971 37.0312,
	15.0147 36.9842,
	15.0324 36.9607,
	15.0441 36.9136,
	15.0441 36.8901,
	14.9971 36.8607,
	14.9971 36.8372,
	15.0324 36.7902,
	15.05 36.7725,
	15.0559 36.749,
	15.0441 36.702,
	14.9971 36.6961,
	14.9794 36.6785,
	14.9794 36.6608,
	"/>
</Transform>

<Transform dim="0"
 xcoef=" 0 1 0 0 0 0"
 ycoef=" 0 0 1 0 0 0">
<Contour name="TB2_T3Cell07_cm_RSL" comment="JzIjoiMzRMQVNzbXhDdEpFaEhVX1cxNVhrSjlrcTRZIiwidiI6MSwicCI6IntcI" hidden="false" closed="true" simplified="true" border="1 0.309804 0.309804" fill="1 0.309804 0.309804" mode="-9"
 points="35.1864 33.4351,
	35.1949 33.3678,
	35.2959 33.0983,
	35.3127 33.0647,
	35.3127 33.0478,
	35.3296 33.0394,
	35.338 33.0057,
	35.4643 32.8878,
	35.5064 32.8373,
	35.5401 32.8036,
	35.6664 32.7279,
	35.8011 32.6352,
	35.8685 32.5931,
	35.9358 32.5679,
	35.9695 32.551,
	36.0369 32.5426,
	36.1716 32.5679,
	36.441 32.5595,
	36.5084 32.551,
	36.6431 32.5005,
	36.7778 32.4753,
	36.8452 32.45,
	36.862 32.45,
	36.9378 32.3742,
	37.0472 32.2479,
	37.2998 32.0543,
	37.4261 31.9532,
	37.5608 31.8354,
	37.6282 31.7848,
	37.8976 31.6249,
	37.9145 31.6249,
	37.9313 31.608,
	38.4702 31.5491,
	38.6049 31.5322,
	38.7396 31.4901,
	38.8743 31.4649,
	39.0091 31.4144,
	39.0764 31.3807,
	39.1101 31.3638,
	39.3795 31.3386,
	39.5142 31.2965,
	39.5479 31.2881,
	39.5648 31.2712,
	39.5816 31.2712,
	39.5984 31.2544,
	39.6321 31.246,
	39.6658 31.2207,
	39.9352 31.1197,
	40.0699 31.0692,
	40.3225 30.8587,
	40.3478 30.8334,
	40.4152 30.8081,
	40.432 30.8081,
	40.4404 30.7913,
	40.4741 30.7913,
	40.5078 30.7745,
	40.6425 30.7492,
	40.9119 30.7239,
	41.1814 30.7239,
	41.3161 30.7155,
	41.3834 30.7155,
	41.5182 30.6903,
	41.5518 30.6903,
	41.5855 30.6734,
	41.7202 30.6566,
	41.855 30.6566,
	41.9897 30.6734,
	42.1244 30.6734,
	42.1917 30.6734,
	42.3265 30.6987,
	42.4612 30.7071,
	42.5285 30.7071,
	42.798 30.6229,
	42.8148 30.6061,
	42.9495 30.5976,
	43.0169 30.6061,
	43.0506 30.6061,
	43.0842 30.6229,
	43.1516 30.6313,
	43.2863 30.6818,
	43.32 30.6818,
	43.4547 30.7576,
	43.5221 30.7997,
	43.5558 30.825,
	43.6231 30.8502,
	43.7578 30.8755,
	43.8252 30.8839,
	43.8925 30.9092,
	43.9599 30.9176,
	44.0946 30.9597,
	44.3641 31.0186,
	44.4314 31.0439,
	44.4988 31.086,
	44.7682 31.1618,
	44.9029 31.2039,
	44.9703 31.2376,
	45.004 31.246,
	45.1218 31.3807,
	45.1724 31.448,
	45.2229 31.5828,
	45.2397 31.6501,
	45.2397 31.7848,
	45.1808 32.0543,
	45.0882 32.3237,
	44.9787 32.5931,
	44.9113 32.7279,
	44.8608 32.7952,
	44.5914 33.0394,
	44.4567 33.1404,
	44.322 33.2162,
	44.2546 33.2583,
	44.1872 33.3172,
	44.0525 33.4014,
	44.0188 33.4351,
	43.9515 33.4772,
	43.8168 33.5867,
	43.7494 33.6456,
	43.48 33.8309,
	43.4631 33.8477,
	43.4295 33.8561,
	43.16 34.0161,
	43.0253 34.0835,
	42.9579 34.1171,
	42.9243 34.1424,
	42.8906 34.1508,
	42.8569 34.1761,
	42.7896 34.1929,
	42.7222 34.235,
	42.6885 34.2434,
	42.6212 34.2855,
	42.5538 34.3108,
	42.5201 34.3276,
	42.5033 34.3445,
	42.4696 34.3529,
	42.3349 34.4287,
	42.0654 34.6055,
	41.9307 34.6728,
	41.9139 34.6897,
	41.8802 34.6981,
	41.8634 34.7149,
	41.8465 34.7149,
	41.7118 34.7991,
	41.5771 34.8581,
	41.4424 34.8918,
	41.3077 34.9423,
	41.2403 34.9675,
	40.9709 35.0096,
	40.7014 35.0686,
	40.5667 35.0854,
	40.2973 35.077,
	40.1626 35.0517,
	40.0952 35.0349,
	39.9605 35.0265,
	39.8931 35.0265,
	39.7584 34.9844,
	39.489 34.9339,
	39.3543 34.917,
	39.2869 34.917,
	39.2701 34.9086,
	39.2027 34.9254,
	39.1353 34.976,
	39.068 35.0096,
	38.7986 35.0517,
	38.5291 35.0602,
	38.4618 35.0854,
	38.327 35.1949,
	38.2597 35.237,
	38.2007 35.2959,
	38.1671 35.3043,
	38.0324 35.3801,
	37.8976 35.4222,
	37.8303 35.439,
	37.6956 35.4306,
	37.6282 35.4306,
	37.5608 35.4138,
	37.4935 35.4138,
	37.4598 35.439,
	37.4261 35.5064,
	37.4009 35.5401,
	37.3672 35.5569,
	37.2998 35.5569,
	37.2661 35.5401,
	37.2409 35.4727,
	37.2661 35.4054,
	37.3082 35.338,
	37.3335 35.2706,
	37.3419 35.2033,
	37.3419 35.1696,
	37.2998 35.0349,
	37.1819 34.7655,
	37.0893 34.6392,
	36.9546 34.5129,
	36.8957 34.4792,
	36.6262 34.4202,
	36.5926 34.4118,
	36.4578 34.4202,
	36.3231 34.4118,
	36.2642 34.4792,
	36.2473 34.496,
	36.2221 34.5634,
	36.18 34.6307,
	36.0453 34.6223,
	35.9106 34.5802,
	35.8432 34.5465,
	35.8095 34.5213,
	35.8011 34.3866,
	35.86 34.3276,
	35.8937 34.3276,
	35.9611 34.3024,
	36.02 34.2434,
	36.0284 34.2098,
	36.02 34.1761,
	35.9948 34.1424,
	35.86 34.0582,
	35.7927 34.0245,
	35.658 34.0161,
	35.5906 34.0161,
	35.5569 33.9993,
	35.5401 33.9993,
	35.4727 33.9487,
	35.338 33.873,
	35.2791 33.814,
	35.2538 33.7803,
	35.237 33.7635,
	35.2117 33.7046,
	35.1949 33.6709,
	35.1864 33.5362,
	35.1864 33.4688,
	35.1864 33.4435,
	"/>
</Transform>

</Section>