<?xml version="1.0"?>
<!DOCTYPE Section SYSTEM "section.dtd">

<Section index="293" thickness="0.08" alignLocked="true">
<Transform dim="0"
 xcoef=" 0 1 0 0 0 0"
 ycoef=" 0 0 1 0 0 0">
<Image mag="0.00749" contrast="1" brightness="0" red="true" green="true" blue="true"
 src="Alg_stitch3-4_293.tif" />
<Contour name="domain1" hidden="false" closed="true" simplified="false" border="1 0 1" fill="1 0 1" mode="11"
 points="0 0,
	15652 0,
	15652 8578,
	0 8578,
	"/>
</Transform>

<Transform dim="0"
 xcoef=" 0 1 0 0 0 0"
 ycoef=" 0 0 1 0 0 0">
<Contour name="TB3_NF01-PG_RSL" hidden="false" closed="true" simplified="true" border="1 1 0" fill="1 1 0" mode="-9"
 points="17.21 11.27,
	17.28 11.19,
	17.37 11.03,
	17.39 10.99,
	17.39 10.97,
	17.51 10.81,
	17.58 10.65,
	17.62 10.49,
	17.71 10.33,
	17.85 10.22,
	18.01 10.2,
	18.05 10.22,
	18.12 10.3,
	18.17 10.38,
	18.2 10.46,
	18.21 10.5,
	18.33 10.66,
	18.4 10.82,
	18.39 11.14,
	18.32 11.3,
	18.23 11.46,
	18.21 11.5,
	18.2 11.58,
	18.17 11.62,
	18.13 11.64,
	17.97 11.64,
	17.81 11.62,
	17.73 11.61,
	17.41 11.48,
	17.33 11.46,
	17.29 11.45,
	17.27 11.45,
	17.24 11.41,
	17.22 11.39,
	17.21 11.31,
	17.21 11.28,
	"/>
</Transform>

<Transform dim="0"
 xcoef=" 0 1 0 0 0 0"
 ycoef=" 0 0 1 0 0 0">
<Contour name="TB3_NF01-PG_RSL" hidden="false" closed="true" simplified="true" border="1 1 0" fill="1 1 0" mode="-9"
 points="23.51 16.2,
	23.56 16.12,
	23.59 15.96,
	23.61 15.88,
	23.67 15.8,
	23.75 15.75,
	23.91 15.72,
	23.93 15.72,
	23.95 15.74,
	23.95 15.82,
	23.95 15.86,
	23.91 15.94,
	23.84 16.01,
	23.83 16.05,
	23.82 16.06,
	23.81 16.04,
	23.83 15.96,
	23.83 15.94,
	23.8 15.97,
	23.78 16.13,
	23.76 16.21,
	23.71 16.29,
	23.63 16.33,
	23.59 16.35,
	23.55 16.34,
	23.52 16.26,
	23.51 16.22,
	23.51 16.21,
	"/>
<Contour name="TB3_NF01-PG_RSL" hidden="false" closed="true" simplified="true" border="1 1 0" fill="1 1 0" mode="-9"
 points="23.53 16.84,
	23.55 16.8,
	23.71 16.79,
	23.87 16.89,
	23.92 16.97,
	23.95 17.05,
	23.94 17.21,
	23.9 17.23,
	23.86 17.22,
	23.86 17.2,
	23.82 17.18,
	23.8 17.19,
	23.72 17.16,
	23.68 17.14,
	23.66 17.1,
	23.59 17.03,
	23.55 16.95,
	23.53 16.87,
	23.53 16.85,
	"/>
<Contour name="TB3_NF01-PG_RSL" hidden="false" closed="true" simplified="true" border="1 1 0" fill="1 1 0" mode="-9"
 points="30.37 14.41,
	30.42 14.33,
	30.55 14.18,
	30.63 14.13,
	30.95 14.03,
	31.11 13.99,
	31.27 13.98,
	31.35 13.97,
	31.51 13.98,
	31.83 13.95,
	31.99 13.94,
	32.07 13.94,
	32.11 13.95,
	32.19 14,
	32.35 14.03,
	32.39 14.04,
	32.55 14.17,
	32.59 14.19,
	32.75 14.22,
	32.79 14.24,
	32.82 14.28,
	32.83 14.36,
	32.83 14.4,
	32.8 14.44,
	32.64 14.51,
	32.32 14.54,
	32.28 14.52,
	31.96 14.47,
	31.88 14.44,
	31.72 14.44,
	31.64 14.45,
	31.48 14.5,
	31.44 14.5,
	31.36 14.58,
	31.2 14.65,
	30.88 14.71,
	30.72 14.71,
	30.64 14.71,
	30.56 14.69,
	30.52 14.68,
	30.45 14.63,
	30.41 14.59,
	30.37 14.43,
	30.37 14.42,
	"/>
</Transform>

<Transform dim="0"
 xcoef=" 0 1 0 0 0 0"
 ycoef=" 0 0 1 0 0 0">
<Contour name="TB3_NF01-PG_RSL" hidden="false" closed="true" simplified="true" border="1 1 0" fill="1 1 0" mode="-9"
 points="36.06 14.3,
	36.1 14.27,
	36.26 14.24,
	36.34 14.25,
	36.38 14.26,
	36.41 14.29,
	36.41 14.33,
	36.4 14.34,
	36.43 14.42,
	36.43 14.5,
	36.4 14.54,
	36.32 14.55,
	36.24 14.52,
	36.17 14.46,
	36.1 14.38,
	36.07 14.34,
	36.06 14.31,
	"/>
</Transform>

<Transform dim="0"
 xcoef=" 0 1 0 0 0 0"
 ycoef=" 0 0 1 0 0 0">
<Contour name="TB3_NF01-PG_RSL" hidden="false" closed="true" simplified="true" border="1 1 0" fill="1 1 0" mode="-9"
 points="43.76 15.11,
	43.8 15.07,
	44.12 15.02,
	44.16 15.02,
	44.3 15.17,
	44.33 15.25,
	44.36 15.41,
	44.33 15.44,
	44.17 15.41,
	44.13 15.41,
	44.05 15.36,
	43.97 15.33,
	43.89 15.28,
	43.85 15.26,
	43.8 15.18,
	43.77 15.14,
	43.76 15.12,
	"/>
</Transform>

<Transform dim="0"
 xcoef=" 0 1 0 0 0 0"
 ycoef=" 0 0 1 0 0 0">
<Contour name="TB3_NF01-PG_RSL" hidden="false" closed="true" simplified="true" border="1 1 0" fill="1 1 0" mode="-9"
 points="45.42 15.72,
	45.5 15.67,
	45.82 15.64,
	45.98 15.62,
	46.14 15.63,
	46.3 15.66,
	46.46 15.75,
	46.53 15.82,
	46.54 15.86,
	46.51 15.89,
	46.19 15.94,
	46.03 15.95,
	45.99 15.95,
	45.99 15.97,
	45.91 15.98,
	45.75 15.93,
	45.59 15.86,
	45.51 15.84,
	45.47 15.82,
	45.43 15.78,
	45.42 15.74,
	45.42 15.73,
	"/>
</Transform>

<Transform dim="0"
 xcoef=" 0 1 0 0 0 0"
 ycoef=" 0 0 1 0 0 0">
<Contour name="TB3_NF01-PG_RSL" hidden="false" closed="true" simplified="true" border="1 1 0" fill="1 1 0" mode="-9"
 points="61.73 10.94,
	61.79 10.86,
	61.87 10.79,
	62.03 10.69,
	62.07 10.67,
	62.11 10.68,
	62.17 10.75,
	62.2 10.79,
	62.23 10.95,
	62.22 11.03,
	62.21 11.07,
	62.17 11.11,
	62.16 11.12,
	62.17 11.13,
	62.09 11.16,
	61.93 11.17,
	61.85 11.17,
	61.81 11.17,
	61.77 11.15,
	61.74 11.07,
	61.73 10.99,
	61.73 10.95,
	"/>
</Transform>

<Transform dim="0"
 xcoef=" 0 1 0 0 0 0"
 ycoef=" 0 0 1 0 0 0">
<Contour name="TB3_NF01-PG_RSL" hidden="false" closed="true" simplified="true" border="1 1 0" fill="1 1 0" mode="-9"
 points="65.49 10.03,
	65.55 9.96,
	65.59 9.92,
	65.67 9.89,
	65.83 9.9,
	65.86 9.94,
	65.86 10.1,
	65.81 10.26,
	65.8 10.3,
	65.78 10.32,
	65.7 10.31,
	65.55 10.18,
	65.51 10.14,
	65.49 10.06,
	65.49 10.04,
	"/>
</Transform>

<Transform dim="0"
 xcoef=" 0 1 0 0 0 0"
 ycoef=" 0 0 1 0 0 0">
<Contour name="TB3_NF01-PG_RSL" hidden="false" closed="true" simplified="true" border="1 1 0" fill="1 1 0" mode="-9"
 points="65.0556 13.9111,
	65.1444 13.8778,
	65.2333 13.8778,
	65.2778 13.8778,
	65.4556 13.9444,
	65.6333 13.9667,
	65.9889 13.9778,
	66.0111 13.9778,
	66.0556 14.0111,
	66.1 14.0222,
	66.1889 14.0889,
	66.2667 14.1778,
	66.3111 14.2222,
	66.4889 14.3,
	66.5778 14.3333,
	66.6222 14.3444,
	66.7 14.4222,
	66.7333 14.5111,
	66.7333 14.5556,
	66.7111 14.6,
	66.6222 14.6667,
	66.4444 14.7444,
	66.3556 14.7667,
	66.3111 14.7667,
	66.2889 14.7667,
	66.2667 14.7889,
	66.1778 14.7889,
	66.0889 14.7556,
	66 14.7,
	65.9556 14.6778,
	65.9111 14.6333,
	65.5556 14.4111,
	65.5111 14.3778,
	65.4889 14.3778,
	65.4667 14.3556,
	65.2889 14.2778,
	65.2 14.2444,
	65.1111 14.1889,
	65.0556 14.0111,
	65.0556 13.9222,
	"/>
</Transform>

<Transform dim="0"
 xcoef=" 0 1 0 0 0 0"
 ycoef=" 0 0 1 0 0 0">
<Contour name="TB3_NF01-PG_RSL" hidden="false" closed="true" simplified="true" border="1 1 0" fill="1 1 0" mode="-9"
 points="63.0333 14.5889,
	63.1444 14.4111,
	63.2333 14.3444,
	63.2556 14.3444,
	63.4333 14.2444,
	63.6 14.1222,
	63.7667 13.9778,
	63.8 13.9333,
	63.9778 13.8333,
	64.3333 13.8,
	64.4222 13.8111,
	64.6 13.8778,
	64.6889 13.9556,
	64.7444 14.0444,
	64.7556 14.1333,
	64.7444 14.2222,
	64.7111 14.3111,
	64.6889 14.3556,
	64.6 14.4444,
	64.5111 14.5111,
	64.4667 14.5444,
	64.2889 14.5667,
	64.1111 14.5667,
	63.7556 14.5222,
	63.6667 14.5333,
	63.3111 14.6667,
	63.2222 14.6889,
	63.1333 14.6889,
	63.0444 14.6667,
	63.0333 14.6222,
	63.0333 14.6,
	"/>
<Contour name="TB3_NF01-PG_RSL" hidden="false" closed="true" simplified="true" border="1 1 0" fill="1 1 0" mode="-9"
 points="61.1667 14.8333,
	61.2111 14.8,
	61.3889 14.7556,
	61.7444 14.7222,
	61.9222 14.7222,
	62.0111 14.7222,
	62.1 14.7778,
	62.1444 14.7889,
	62.1889 14.8222,
	62.2 14.9111,
	62.1111 14.9667,
	62.0222 14.9667,
	61.9333 14.9889,
	61.7556 14.9889,
	61.6667 14.9889,
	61.6222 14.9889,
	61.4444 14.9333,
	61.3556 14.9333,
	61.2667 14.9,
	61.1778 14.8889,
	61.1667 14.8444,
	"/>
</Transform>

<Transform dim="0"
 xcoef=" 0 1 0 0 0 0"
 ycoef=" 0 0 1 0 0 0">
<Contour name="TB3_NF01-PG_RSL" hidden="false" closed="true" simplified="true" border="1 1 0" fill="1 1 0" mode="-9"
 points="52.6333 14.8222,
	52.6778 14.7778,
	52.7111 14.6889,
	52.8 14.6111,
	52.9778 14.5556,
	53.0667 14.5111,
	53.1556 14.5,
	53.1778 14.5,
	53.2 14.5222,
	53.2444 14.5333,
	53.2889 14.5778,
	53.3 14.7556,
	53.2778 14.8,
	53.1889 14.8556,
	53.0111 14.9222,
	52.9667 14.9444,
	52.7889 14.9556,
	52.7444 14.9556,
	52.6667 14.8889,
	52.6333 14.8444,
	52.6333 14.8333,
	"/>
<Contour name="TB3_NF01-PG_RSL" hidden="false" closed="true" simplified="true" border="1 1 0" fill="1 1 0" mode="-9"
 points="56.9778 14.4222,
	57.0111 14.3778,
	57.0556 14.3556,
	57.0778 14.3333,
	57.2556 14.2667,
	57.3444 14.2333,
	57.4333 14.1778,
	57.7889 14.0889,
	57.9667 14.0222,
	58.1444 13.9222,
	58.3222 13.9111,
	58.4111 13.9222,
	58.4889 13.9889,
	58.5889 14.1667,
	58.5889 14.3444,
	58.5778 14.3889,
	58.5111 14.4778,
	58.4667 14.5222,
	58.4444 14.5556,
	58.3556 14.6111,
	58.2667 14.6889,
	58.1778 14.7444,
	58.0889 14.7556,
	58 14.7889,
	57.8222 14.8,
	57.6444 14.7667,
	57.4667 14.7111,
	57.3778 14.6667,
	57.2889 14.6444,
	57.2444 14.6111,
	57.0667 14.5444,
	57.0444 14.5444,
	57 14.5111,
	56.9778 14.4667,
	56.9778 14.4333,
	"/>
</Transform>

<Transform dim="0"
 xcoef=" 0 1 0 0 0 0"
 ycoef=" 0 0 1 0 0 0">
<Contour name="TB3_NF01-PG_RSL" hidden="false" closed="true" simplified="true" border="1 1 0" fill="1 1 0" mode="-9"
 points="54.6 14.5111,
	54.6444 14.4667,
	54.7333 14.4111,
	54.7556 14.4111,
	54.8444 14.3556,
	55.0222 14.2889,
	55.2 14.2556,
	55.2444 14.2889,
	55.2667 14.3778,
	55.2444 14.4667,
	55.2444 14.5111,
	55.1667 14.5889,
	54.9889 14.6667,
	54.9 14.7,
	54.8111 14.7111,
	54.7222 14.7,
	54.6778 14.6778,
	54.6 14.6,
	54.6 14.5222,
	"/>
</Transform>

<Transform dim="0"
 xcoef=" 0 1 0 0 0 0"
 ycoef=" 0 0 1 0 0 0">
<Contour name="TB3_NF01-PG_RSL" hidden="false" closed="true" simplified="true" border="1 1 0" fill="1 1 0" mode="-9"
 points="47.1222 15.9111,
	47.1889 15.8222,
	47.2111 15.8,
	47.3889 15.7556,
	47.5667 15.7333,
	47.6111 15.7111,
	47.7889 15.7,
	48.1444 15.7222,
	48.3222 15.7222,
	48.4111 15.7222,
	48.5 15.7,
	48.5444 15.6889,
	48.6333 15.6333,
	48.8111 15.6,
	48.9889 15.5444,
	49.1111 15.3667,
	49.2111 15.1889,
	49.3667 15.0222,
	49.7222 14.8333,
	50.0778 14.8333,
	50.2556 14.9,
	50.4333 14.9889,
	50.6111 15.1222,
	50.6444 15.2111,
	50.6444 15.2556,
	50.6111 15.2889,
	50.4333 15.3333,
	50.3444 15.3556,
	50.2556 15.3444,
	50.2444 15.3333,
	50.0667 15.3667,
	49.8889 15.3778,
	49.5333 15.4667,
	49.4889 15.4889,
	49.4667 15.4889,
	49.3 15.6556,
	49.2111 15.7333,
	49.1222 15.7778,
	48.9444 15.9,
	48.7667 16,
	48.5889 16.0444,
	48.2333 16.0778,
	47.5222 16.0556,
	47.4333 16.0778,
	47.2556 16.0778,
	47.1667 16.0444,
	47.1333 16,
	47.1222 15.9222,
	"/>
<Contour name="TB3_NF01-PG_RSL" hidden="false" closed="true" simplified="true" border="1 1 0" fill="1 1 0" mode="-9"
 points="45.8222 16.1889,
	45.8778 16.1,
	45.9667 16.0444,
	46.1444 15.9889,
	46.3222 15.9556,
	46.3667 15.9333,
	46.4556 15.9222,
	46.6333 15.8667,
	46.7222 15.8667,
	46.7667 15.8667,
	46.8556 15.9111,
	46.9 15.9333,
	46.9333 15.9778,
	46.9222 16.0667,
	46.8556 16.1333,
	46.6778 16.2333,
	46.6556 16.2556,
	46.4778 16.3111,
	46.3889 16.3222,
	46.3 16.3778,
	46.2111 16.3778,
	45.8556 16.2889,
	45.8222 16.2444,
	45.8222 16.2,
	"/>
</Transform>

<Transform dim="0"
 xcoef=" 0 1 0 0 0 0"
 ycoef=" 0 0 1 0 0 0">
<Contour name="TB3_NF01-PG_RSL" hidden="false" closed="true" simplified="true" border="1 1 0" fill="1 1 0" mode="-9"
 points="38.7 19.1222,
	38.7111 19.1111,
	38.7222 19.1222,
	38.7111 19.0778,
	38.7222 19.0333,
	38.7444 19.0111,
	38.7444 18.9889,
	38.7889 18.9444,
	38.8777 18.9,
	39.0555 18.8444,
	39.4111 18.8333,
	39.5888 18.8444,
	39.6777 18.8778,
	39.8555 18.9778,
	39.9333 19.0555,
	39.9333 19.1,
	39.8777 19.1889,
	39.7 19.3111,
	39.6222 19.3666,
	39.4444 19.4333,
	39.3555 19.4555,
	39.2666 19.4555,
	39.0888 19.4,
	38.9111 19.3,
	38.7444 19.1778,
	38.7 19.1444,
	38.7 19.1333,
	"/>
</Transform>

<Transform dim="0"
 xcoef=" 0 1 0 0 0 0"
 ycoef=" 0 0 1 0 0 0">
<Contour name="TB3_NF01-PG_RSL" hidden="false" closed="true" simplified="true" border="1 1 0" fill="1 1 0" mode="-9"
 points="17.21 11.27,
	17.28 11.19,
	17.37 11.03,
	17.39 10.99,
	17.39 10.97,
	17.51 10.81,
	17.58 10.65,
	17.62 10.49,
	17.71 10.33,
	17.85 10.22,
	18.01 10.2,
	18.05 10.22,
	18.12 10.3,
	18.17 10.38,
	18.2 10.46,
	18.21 10.5,
	18.33 10.66,
	18.4 10.82,
	18.39 11.14,
	18.32 11.3,
	18.23 11.46,
	18.21 11.5,
	18.2 11.58,
	18.17 11.62,
	18.13 11.64,
	17.97 11.64,
	17.81 11.62,
	17.73 11.61,
	17.41 11.48,
	17.33 11.46,
	17.29 11.45,
	17.27 11.45,
	17.24 11.41,
	17.22 11.39,
	17.21 11.31,
	17.21 11.28,
	"/>
</Transform>

<Transform dim="0"
 xcoef=" 0 1 0 0 0 0"
 ycoef=" 0 0 1 0 0 0">
<Contour name="TB3_NF01-PG_RSL" hidden="false" closed="true" simplified="true" border="1 1 0" fill="1 1 0" mode="-9"
 points="23.51 16.2,
	23.56 16.12,
	23.59 15.96,
	23.61 15.88,
	23.67 15.8,
	23.75 15.75,
	23.91 15.72,
	23.93 15.72,
	23.95 15.74,
	23.95 15.82,
	23.95 15.86,
	23.91 15.94,
	23.84 16.01,
	23.83 16.05,
	23.82 16.06,
	23.81 16.04,
	23.83 15.96,
	23.83 15.94,
	23.8 15.97,
	23.78 16.13,
	23.76 16.21,
	23.71 16.29,
	23.63 16.33,
	23.59 16.35,
	23.55 16.34,
	23.52 16.26,
	23.51 16.22,
	23.51 16.21,
	"/>
<Contour name="TB3_NF01-PG_RSL" hidden="false" closed="true" simplified="true" border="1 1 0" fill="1 1 0" mode="-9"
 points="23.53 16.84,
	23.55 16.8,
	23.71 16.79,
	23.87 16.89,
	23.92 16.97,
	23.95 17.05,
	23.94 17.21,
	23.9 17.23,
	23.86 17.22,
	23.86 17.2,
	23.82 17.18,
	23.8 17.19,
	23.72 17.16,
	23.68 17.14,
	23.66 17.1,
	23.59 17.03,
	23.55 16.95,
	23.53 16.87,
	23.53 16.85,
	"/>
<Contour name="TB3_NF01-PG_RSL" hidden="false" closed="true" simplified="true" border="1 1 0" fill="1 1 0" mode="-9"
 points="30.37 14.41,
	30.42 14.33,
	30.55 14.18,
	30.63 14.13,
	30.95 14.03,
	31.11 13.99,
	31.27 13.98,
	31.35 13.97,
	31.51 13.98,
	31.83 13.95,
	31.99 13.94,
	32.07 13.94,
	32.11 13.95,
	32.19 14,
	32.35 14.03,
	32.39 14.04,
	32.55 14.17,
	32.59 14.19,
	32.75 14.22,
	32.79 14.24,
	32.82 14.28,
	32.83 14.36,
	32.83 14.4,
	32.8 14.44,
	32.64 14.51,
	32.32 14.54,
	32.28 14.52,
	31.96 14.47,
	31.88 14.44,
	31.72 14.44,
	31.64 14.45,
	31.48 14.5,
	31.44 14.5,
	31.36 14.58,
	31.2 14.65,
	30.88 14.71,
	30.72 14.71,
	30.64 14.71,
	30.56 14.69,
	30.52 14.68,
	30.45 14.63,
	30.41 14.59,
	30.37 14.43,
	30.37 14.42,
	"/>
</Transform>

<Transform dim="0"
 xcoef=" 0 1 0 0 0 0"
 ycoef=" 0 0 1 0 0 0">
<Contour name="TB3_NF01-PG_RSL" hidden="false" closed="true" simplified="true" border="1 1 0" fill="1 1 0" mode="-9"
 points="36.06 14.3,
	36.1 14.27,
	36.26 14.24,
	36.34 14.25,
	36.38 14.26,
	36.41 14.29,
	36.41 14.33,
	36.4 14.34,
	36.43 14.42,
	36.43 14.5,
	36.4 14.54,
	36.32 14.55,
	36.24 14.52,
	36.17 14.46,
	36.1 14.38,
	36.07 14.34,
	36.06 14.31,
	"/>
</Transform>

<Transform dim="0"
 xcoef=" 0 1 0 0 0 0"
 ycoef=" 0 0 1 0 0 0">
<Contour name="TB3_NF01-PG_RSL" hidden="false" closed="true" simplified="true" border="1 1 0" fill="1 1 0" mode="-9"
 points="43.76 15.11,
	43.8 15.07,
	44.12 15.02,
	44.16 15.02,
	44.3 15.17,
	44.33 15.25,
	44.36 15.41,
	44.33 15.44,
	44.17 15.41,
	44.13 15.41,
	44.05 15.36,
	43.97 15.33,
	43.89 15.28,
	43.85 15.26,
	43.8 15.18,
	43.77 15.14,
	43.76 15.12,
	"/>
</Transform>

<Transform dim="0"
 xcoef=" 0 1 0 0 0 0"
 ycoef=" 0 0 1 0 0 0">
<Contour name="TB3_NF01-PG_RSL" hidden="false" closed="true" simplified="true" border="1 1 0" fill="1 1 0" mode="-9"
 points="45.42 15.72,
	45.5 15.67,
	45.82 15.64,
	45.98 15.62,
	46.14 15.63,
	46.3 15.66,
	46.46 15.75,
	46.53 15.82,
	46.54 15.86,
	46.51 15.89,
	46.19 15.94,
	46.03 15.95,
	45.99 15.95,
	45.99 15.97,
	45.91 15.98,
	45.75 15.93,
	45.59 15.86,
	45.51 15.84,
	45.47 15.82,
	45.43 15.78,
	45.42 15.74,
	45.42 15.73,
	"/>
</Transform>

<Transform dim="0"
 xcoef=" 0 1 0 0 0 0"
 ycoef=" 0 0 1 0 0 0">
<Contour name="TB3_NF01-PG_RSL" hidden="false" closed="true" simplified="true" border="1 1 0" fill="1 1 0" mode="-9"
 points="61.73 10.94,
	61.79 10.86,
	61.87 10.79,
	62.03 10.69,
	62.07 10.67,
	62.11 10.68,
	62.17 10.75,
	62.2 10.79,
	62.23 10.95,
	62.22 11.03,
	62.21 11.07,
	62.17 11.11,
	62.16 11.12,
	62.17 11.13,
	62.09 11.16,
	61.93 11.17,
	61.85 11.17,
	61.81 11.17,
	61.77 11.15,
	61.74 11.07,
	61.73 10.99,
	61.73 10.95,
	"/>
</Transform>

<Transform dim="0"
 xcoef=" 0 1 0 0 0 0"
 ycoef=" 0 0 1 0 0 0">
<Contour name="TB3_NF01-PG_RSL" hidden="false" closed="true" simplified="true" border="1 1 0" fill="1 1 0" mode="-9"
 points="65.49 10.03,
	65.55 9.96,
	65.59 9.92,
	65.67 9.89,
	65.83 9.9,
	65.86 9.94,
	65.86 10.1,
	65.81 10.26,
	65.8 10.3,
	65.78 10.32,
	65.7 10.31,
	65.55 10.18,
	65.51 10.14,
	65.49 10.06,
	65.49 10.04,
	"/>
</Transform>

<Transform dim="0"
 xcoef=" 0 1 0 0 0 0"
 ycoef=" 0 0 1 0 0 0">
<Contour name="TB3_NF01-PG_RSL" hidden="false" closed="true" simplified="true" border="1 1 0" fill="1 1 0" mode="-9"
 points="65.0556 13.9111,
	65.1444 13.8778,
	65.2333 13.8778,
	65.2778 13.8778,
	65.4556 13.9444,
	65.6333 13.9667,
	65.9889 13.9778,
	66.0111 13.9778,
	66.0556 14.0111,
	66.1 14.0222,
	66.1889 14.0889,
	66.2667 14.1778,
	66.3111 14.2222,
	66.4889 14.3,
	66.5778 14.3333,
	66.6222 14.3444,
	66.7 14.4222,
	66.7333 14.5111,
	66.7333 14.5556,
	66.7111 14.6,
	66.6222 14.6667,
	66.4444 14.7444,
	66.3556 14.7667,
	66.3111 14.7667,
	66.2889 14.7667,
	66.2667 14.7889,
	66.1778 14.7889,
	66.0889 14.7556,
	66 14.7,
	65.9556 14.6778,
	65.9111 14.6333,
	65.5556 14.4111,
	65.5111 14.3778,
	65.4889 14.3778,
	65.4667 14.3556,
	65.2889 14.2778,
	65.2 14.2444,
	65.1111 14.1889,
	65.0556 14.0111,
	65.0556 13.9222,
	"/>
</Transform>

<Transform dim="0"
 xcoef=" 0 1 0 0 0 0"
 ycoef=" 0 0 1 0 0 0">
<Contour name="TB3_NF01-PG_RSL" hidden="false" closed="true" simplified="true" border="1 1 0" fill="1 1 0" mode="-9"
 points="63.0333 14.5889,
	63.1444 14.4111,
	63.2333 14.3444,
	63.2556 14.3444,
	63.4333 14.2444,
	63.6 14.1222,
	63.7667 13.9778,
	63.8 13.9333,
	63.9778 13.8333,
	64.3333 13.8,
	64.4222 13.8111,
	64.6 13.8778,
	64.6889 13.9556,
	64.7444 14.0444,
	64.7556 14.1333,
	64.7444 14.2222,
	64.7111 14.3111,
	64.6889 14.3556,
	64.6 14.4444,
	64.5111 14.5111,
	64.4667 14.5444,
	64.2889 14.5667,
	64.1111 14.5667,
	63.7556 14.5222,
	63.6667 14.5333,
	63.3111 14.6667,
	63.2222 14.6889,
	63.1333 14.6889,
	63.0444 14.6667,
	63.0333 14.6222,
	63.0333 14.6,
	"/>
<Contour name="TB3_NF01-PG_RSL" hidden="false" closed="true" simplified="true" border="1 1 0" fill="1 1 0" mode="-9"
 points="61.1667 14.8333,
	61.2111 14.8,
	61.3889 14.7556,
	61.7444 14.7222,
	61.9222 14.7222,
	62.0111 14.7222,
	62.1 14.7778,
	62.1444 14.7889,
	62.1889 14.8222,
	62.2 14.9111,
	62.1111 14.9667,
	62.0222 14.9667,
	61.9333 14.9889,
	61.7556 14.9889,
	61.6667 14.9889,
	61.6222 14.9889,
	61.4444 14.9333,
	61.3556 14.9333,
	61.2667 14.9,
	61.1778 14.8889,
	61.1667 14.8444,
	"/>
</Transform>

<Transform dim="0"
 xcoef=" 0 1 0 0 0 0"
 ycoef=" 0 0 1 0 0 0">
<Contour name="TB3_NF01-PG_RSL" hidden="false" closed="true" simplified="true" border="1 1 0" fill="1 1 0" mode="-9"
 points="52.6333 14.8222,
	52.6778 14.7778,
	52.7111 14.6889,
	52.8 14.6111,
	52.9778 14.5556,
	53.0667 14.5111,
	53.1556 14.5,
	53.1778 14.5,
	53.2 14.5222,
	53.2444 14.5333,
	53.2889 14.5778,
	53.3 14.7556,
	53.2778 14.8,
	53.1889 14.8556,
	53.0111 14.9222,
	52.9667 14.9444,
	52.7889 14.9556,
	52.7444 14.9556,
	52.6667 14.8889,
	52.6333 14.8444,
	52.6333 14.8333,
	"/>
<Contour name="TB3_NF01-PG_RSL" hidden="false" closed="true" simplified="true" border="1 1 0" fill="1 1 0" mode="-9"
 points="56.9778 14.4222,
	57.0111 14.3778,
	57.0556 14.3556,
	57.0778 14.3333,
	57.2556 14.2667,
	57.3444 14.2333,
	57.4333 14.1778,
	57.7889 14.0889,
	57.9667 14.0222,
	58.1444 13.9222,
	58.3222 13.9111,
	58.4111 13.9222,
	58.4889 13.9889,
	58.5889 14.1667,
	58.5889 14.3444,
	58.5778 14.3889,
	58.5111 14.4778,
	58.4667 14.5222,
	58.4444 14.5556,
	58.3556 14.6111,
	58.2667 14.6889,
	58.1778 14.7444,
	58.0889 14.7556,
	58 14.7889,
	57.8222 14.8,
	57.6444 14.7667,
	57.4667 14.7111,
	57.3778 14.6667,
	57.2889 14.6444,
	57.2444 14.6111,
	57.0667 14.5444,
	57.0444 14.5444,
	57 14.5111,
	56.9778 14.4667,
	56.9778 14.4333,
	"/>
</Transform>

<Transform dim="0"
 xcoef=" 0 1 0 0 0 0"
 ycoef=" 0 0 1 0 0 0">
<Contour name="TB3_NF01-PG_RSL" hidden="false" closed="true" simplified="true" border="1 1 0" fill="1 1 0" mode="-9"
 points="54.6 14.5111,
	54.6444 14.4667,
	54.7333 14.4111,
	54.7556 14.4111,
	54.8444 14.3556,
	55.0222 14.2889,
	55.2 14.2556,
	55.2444 14.2889,
	55.2667 14.3778,
	55.2444 14.4667,
	55.2444 14.5111,
	55.1667 14.5889,
	54.9889 14.6667,
	54.9 14.7,
	54.8111 14.7111,
	54.7222 14.7,
	54.6778 14.6778,
	54.6 14.6,
	54.6 14.5222,
	"/>
</Transform>

<Transform dim="0"
 xcoef=" 0 1 0 0 0 0"
 ycoef=" 0 0 1 0 0 0">
<Contour name="TB3_NF01-PG_RSL" hidden="false" closed="true" simplified="true" border="1 1 0" fill="1 1 0" mode="-9"
 points="47.1222 15.9111,
	47.1889 15.8222,
	47.2111 15.8,
	47.3889 15.7556,
	47.5667 15.7333,
	47.6111 15.7111,
	47.7889 15.7,
	48.1444 15.7222,
	48.3222 15.7222,
	48.4111 15.7222,
	48.5 15.7,
	48.5444 15.6889,
	48.6333 15.6333,
	48.8111 15.6,
	48.9889 15.5444,
	49.1111 15.3667,
	49.2111 15.1889,
	49.3667 15.0222,
	49.7222 14.8333,
	50.0778 14.8333,
	50.2556 14.9,
	50.4333 14.9889,
	50.6111 15.1222,
	50.6444 15.2111,
	50.6444 15.2556,
	50.6111 15.2889,
	50.4333 15.3333,
	50.3444 15.3556,
	50.2556 15.3444,
	50.2444 15.3333,
	50.0667 15.3667,
	49.8889 15.3778,
	49.5333 15.4667,
	49.4889 15.4889,
	49.4667 15.4889,
	49.3 15.6556,
	49.2111 15.7333,
	49.1222 15.7778,
	48.9444 15.9,
	48.7667 16,
	48.5889 16.0444,
	48.2333 16.0778,
	47.5222 16.0556,
	47.4333 16.0778,
	47.2556 16.0778,
	47.1667 16.0444,
	47.1333 16,
	47.1222 15.9222,
	"/>
<Contour name="TB3_NF01-PG_RSL" hidden="false" closed="true" simplified="true" border="1 1 0" fill="1 1 0" mode="-9"
 points="45.8222 16.1889,
	45.8778 16.1,
	45.9667 16.0444,
	46.1444 15.9889,
	46.3222 15.9556,
	46.3667 15.9333,
	46.4556 15.9222,
	46.6333 15.8667,
	46.7222 15.8667,
	46.7667 15.8667,
	46.8556 15.9111,
	46.9 15.9333,
	46.9333 15.9778,
	46.9222 16.0667,
	46.8556 16.1333,
	46.6778 16.2333,
	46.6556 16.2556,
	46.4778 16.3111,
	46.3889 16.3222,
	46.3 16.3778,
	46.2111 16.3778,
	45.8556 16.2889,
	45.8222 16.2444,
	45.8222 16.2,
	"/>
</Transform>

<Transform dim="0"
 xcoef=" 0 1 0 0 0 0"
 ycoef=" 0 0 1 0 0 0">
<Contour name="TB3_NF01-PG_RSL" hidden="false" closed="true" simplified="true" border="1 1 0" fill="1 1 0" mode="-9"
 points="38.7 19.1222,
	38.7111 19.1111,
	38.7222 19.1222,
	38.7111 19.0778,
	38.7222 19.0333,
	38.7444 19.0111,
	38.7444 18.9889,
	38.7889 18.9444,
	38.8777 18.9,
	39.0555 18.8444,
	39.4111 18.8333,
	39.5888 18.8444,
	39.6777 18.8778,
	39.8555 18.9778,
	39.9333 19.0555,
	39.9333 19.1,
	39.8777 19.1889,
	39.7 19.3111,
	39.6222 19.3666,
	39.4444 19.4333,
	39.3555 19.4555,
	39.2666 19.4555,
	39.0888 19.4,
	38.9111 19.3,
	38.7444 19.1778,
	38.7 19.1444,
	38.7 19.1333,
	"/>
</Transform>

<Transform dim="0"
 xcoef=" 0 1 0 0 0 0"
 ycoef=" 0 0 1 0 0 0">
<Image mag="0.00749" contrast="1" brightness="0" red="true" green="true" blue="true"
 src="Alg_stitch3-4_293.tif" />
<Contour name="domain1" hidden="false" closed="true" simplified="false" border="1 0 1" fill="1 0 1" mode="11"
 points="0 0,
	15652 0,
	15652 8578,
	0 8578,
	"/>
</Transform>

<Transform dim="0"
 xcoef=" 0 1 0 0 0 0"
 ycoef=" 0 0 1 0 0 0">
<Image mag="0.00749" contrast="1" brightness="0" red="true" green="true" blue="true"
 src="Alg_stitch3-4_293.tif" />
<Contour name="domain1" hidden="false" closed="true" simplified="false" border="1 0 1" fill="1 0 1" mode="11"
 points="0 0,
	15652 0,
	15652 8578,
	0 8578,
	"/>
</Transform>

<Transform dim="0"
 xcoef=" 0 1 0 0 0 0"
 ycoef=" 0 0 1 0 0 0">
<Image mag="0.00749" contrast="1" brightness="0" red="true" green="true" blue="true"
 src="Alg_stitch3-4_293.tif" />
<Contour name="domain1" hidden="false" closed="true" simplified="false" border="1 0 1" fill="1 0 1" mode="11"
 points="0 0,
	15652 0,
	15652 8578,
	0 8578,
	"/>
</Transform>

<Transform dim="0"
 xcoef=" 0 1 0 0 0 0"
 ycoef=" 0 0 1 0 0 0">
<Image mag="0.00749" contrast="1" brightness="0" red="true" green="true" blue="true"
 src="Alg_stitch3-4_293.tif" />
<Contour name="domain1" hidden="false" closed="true" simplified="false" border="1 0 1" fill="1 0 1" mode="11"
 points="0 0,
	15652 0,
	15652 8578,
	0 8578,
	"/>
</Transform>

<Transform dim="0"
 xcoef=" 0 1 0 0 0 0"
 ycoef=" 0 0 1 0 0 0">
<Image mag="0.00749" contrast="1" brightness="0" red="true" green="true" blue="true"
 src="Alg_stitch3-4_293.tif" />
<Contour name="DENucleus2" hidden="false" closed="true" simplified="false" border="0 0 0.627" fill="0 0 0.627" mode="11"
 points="0 0,
	15652 0,
	15652 8578,
	0 8578,
	"/>
</Transform>

<Transform dim="0"
 xcoef=" 0 1 0 0 0 0"
 ycoef=" 0 0 1 0 0 0">
<Image mag="0.00749" contrast="1" brightness="0" red="true" green="true" blue="true"
 src="Alg_stitch3-4_293.tif" />
<Contour name="domain1" hidden="false" closed="true" simplified="false" border="1 0 1" fill="1 0 1" mode="11"
 points="0 0,
	15652 0,
	15652 8578,
	0 8578,
	"/>
</Transform>

<Transform dim="0"
 xcoef=" 0 1 0 0 0 0"
 ycoef=" 0 0 1 0 0 0">
<Image mag="0.00749" contrast="1" brightness="0" red="true" green="true" blue="true"
 src="Alg_stitch3-4_293.tif" />
<Contour name="domain1" hidden="false" closed="true" simplified="false" border="1 0 1" fill="1 0 1" mode="11"
 points="0 0,
	15652 0,
	15652 8578,
	0 8578,
	"/>
</Transform>

<Transform dim="0"
 xcoef=" 0 1 0 0 0 0"
 ycoef=" 0 0 1 0 0 0">
<Image mag="0.00749" contrast="1" brightness="0" red="true" green="true" blue="true"
 src="Alg_stitch3-4_293.tif" />
<Contour name="domain1" hidden="false" closed="true" simplified="false" border="1 0 1" fill="1 0 1" mode="11"
 points="0 0,
	15652 0,
	15652 8578,
	0 8578,
	"/>
</Transform>

<Transform dim="0"
 xcoef=" 0 1 0 0 0 0"
 ycoef=" 0 0 1 0 0 0">
<Image mag="0.00749" contrast="1" brightness="0" red="true" green="true" blue="true"
 src="Alg_stitch3-4_293.tif" />
<Contour name="domain1" hidden="false" closed="true" simplified="false" border="1 0 1" fill="1 0 1" mode="11"
 points="0 0,
	15652 0,
	15652 8578,
	0 8578,
	"/>
</Transform>

<Transform dim="0"
 xcoef=" 0 1 0 0 0 0"
 ycoef=" 0 0 1 0 0 0">
<Image mag="0.00749" contrast="1" brightness="0" red="true" green="true" blue="true"
 src="Alg_stitch3-4_293.tif" />
<Contour name="domain1" hidden="false" closed="true" simplified="false" border="1 0 1" fill="1 0 1" mode="11"
 points="0 0,
	15652 0,
	15652 8578,
	0 8578,
	"/>
</Transform>

<Transform dim="0"
 xcoef=" 0 1 0 0 0 0"
 ycoef=" 0 0 1 0 0 0">
<Image mag="0.00749" contrast="1" brightness="0" red="true" green="true" blue="true"
 src="Alg_stitch3-4_293.tif" />
<Contour name="domain1" hidden="false" closed="true" simplified="false" border="1 0 1" fill="1 0 1" mode="11"
 points="0 0,
	15652 0,
	15652 8578,
	0 8578,
	"/>
</Transform>

<Transform dim="0"
 xcoef=" 0 1 0 0 0 0"
 ycoef=" 0 0 1 0 0 0">
<Image mag="0.00749" contrast="1" brightness="0" red="true" green="true" blue="true"
 src="Alg_stitch3-4_293.tif" />
<Contour name="domain1" hidden="false" closed="true" simplified="false" border="1 0 1" fill="1 0 1" mode="11"
 points="0 0,
	15652 0,
	15652 8578,
	0 8578,
	"/>
</Transform>

<Transform dim="0"
 xcoef=" 0 1 0 0 0 0"
 ycoef=" 0 0 1 0 0 0">
<Image mag="0.00749" contrast="1" brightness="0" red="true" green="true" blue="true"
 src="Alg_stitch3-4_293.tif" />
<Contour name="domain1" hidden="false" closed="true" simplified="false" border="1 0 1" fill="1 0 1" mode="11"
 points="0 0,
	15652 0,
	15652 8578,
	0 8578,
	"/>
</Transform>

<Transform dim="0"
 xcoef=" 0 1 0 0 0 0"
 ycoef=" 0 0 1 0 0 0">
<Image mag="0.00749" contrast="1" brightness="0" red="true" green="true" blue="true"
 src="Alg_stitch3-4_293.tif" />
<Contour name="domain1" hidden="false" closed="true" simplified="false" border="1 0 1" fill="1 0 1" mode="11"
 points="0 0,
	15652 0,
	15652 8578,
	0 8578,
	"/>
</Transform>

<Transform dim="0"
 xcoef=" 0 1 0 0 0 0"
 ycoef=" 0 0 1 0 0 0">
<Image mag="0.00749" contrast="1" brightness="0" red="true" green="true" blue="true"
 src="Alg_stitch3-4_293.tif" />
<Contour name="domain1" hidden="false" closed="true" simplified="false" border="1 0 1" fill="1 0 1" mode="11"
 points="0 0,
	15652 0,
	15652 8578,
	0 8578,
	"/>
</Transform>

<Transform dim="0"
 xcoef=" 0 1 0 0 0 0"
 ycoef=" 0 0 1 0 0 0">
<Image mag="0.00749" contrast="1" brightness="0" red="true" green="true" blue="true"
 src="Alg_stitch3-4_293.tif" />
<Contour name="DENucleus2" hidden="false" closed="true" simplified="false" border="0 0 0.627" fill="0 0 0.627" mode="11"
 points="0 0,
	15652 0,
	15652 8578,
	0 8578,
	"/>
</Transform>

<Transform dim="0"
 xcoef=" 0 1 0 0 0 0"
 ycoef=" 0 0 1 0 0 0">
<Image mag="0.00749" contrast="1" brightness="0" red="true" green="true" blue="true"
 src="Alg_stitch3-4_293.tif" />
<Contour name="domain1" hidden="false" closed="true" simplified="false" border="1 0 1" fill="1 0 1" mode="11"
 points="0 0,
	15652 0,
	15652 8578,
	0 8578,
	"/>
</Transform>

<Transform dim="0"
 xcoef=" 0 1 0 0 0 0"
 ycoef=" 0 0 1 0 0 0">
<Image mag="0.00749" contrast="1" brightness="0" red="true" green="true" blue="true"
 src="Alg_stitch3-4_293.tif" />
<Contour name="domain1" hidden="false" closed="true" simplified="false" border="1 0 1" fill="1 0 1" mode="11"
 points="0 0,
	15652 0,
	15652 8578,
	0 8578,
	"/>
</Transform>

<Transform dim="0"
 xcoef=" 0 1 0 0 0 0"
 ycoef=" 0 0 1 0 0 0">
<Contour name="Tb2_NF40_LES" hidden="false" closed="true" simplified="true" border="0.501961 0.25098 0.25098" fill="0.501961 0.25098 0.25098" mode="-9"
 points="21.3739 34.4431,
	21.4304 34.3678,
	21.5811 34.349,
	21.6564 34.3301,
	21.9389 34.1418,
	21.9766 34.1418,
	22.1272 34.01,
	22.2779 33.9158,
	22.3532 33.9347,
	22.3909 33.9347,
	22.485 34.0853,
	22.5603 34.3866,
	22.5038 34.9892,
	22.5038 35.0646,
	22.4662 35.1399,
	22.3155 35.0834,
	22.1649 34.9892,
	21.8636 34.8574,
	21.7129 34.8009,
	21.6376 34.7821,
	21.4869 34.6879,
	21.4116 34.6314,
	21.3739 34.5561,
	21.3739 34.4808,
	21.3739 34.462,
	"/>
</Transform>

<Transform dim="0"
 xcoef=" 0 1 0 0 0 0"
 ycoef=" 0 0 1 0 0 0">
<Contour name="Tb2_NF29_LES" hidden="false" closed="true" simplified="true" border="0 0.501961 0.74902" fill="0 0.501961 0.74902" mode="-9"
 points="23.2485 32.4749,
	23.3094 32.4292,
	23.3399 32.3987,
	23.5835 32.3683,
	23.8271 32.3683,
	23.8575 32.3683,
	23.9184 32.4292,
	23.9489 32.4596,
	24.0554 32.9468,
	24.2838 33.0838,
	24.4056 33.16,
	24.4361 33.1904,
	24.4361 33.2513,
	24.4361 33.2818,
	24.3295 33.4036,
	24.2077 33.4188,
	24.0859 33.4036,
	24.0554 33.4036,
	23.9945 33.3579,
	23.9336 33.3427,
	23.8727 33.297,
	23.8423 33.2513,
	23.7205 33.1752,
	23.6139 33.0686,
	23.553 32.9468,
	23.3399 32.7185,
	23.2485 32.5967,
	23.2485 32.4901,
	"/>
<Contour name="Tb2_NF29_LES" hidden="false" closed="true" simplified="true" border="0 0.501961 0.74902" fill="0 0.501961 0.74902" mode="-9"
 points="23.8727 34.7738,
	23.9032 34.5302,
	23.9793 34.2866,
	24.025 34.1648,
	24.0859 34.1039,
	24.2077 34.1191,
	24.2686 34.1344,
	24.3295 34.18,
	24.3904 34.3018,
	24.3752 34.5454,
	24.3904 34.6063,
	24.5426 34.8499,
	24.5883 35.0935,
	24.5579 35.3371,
	24.4208 35.8243,
	24.3904 35.9461,
	24.3599 36.007,
	24.3447 36.0375,
	24.2229 36.0527,
	24.162 36.0679,
	24.1011 36.0527,
	24.0707 36.0527,
	23.9489 35.9309,
	23.9032 35.6873,
	23.9184 35.2001,
	23.888 35.0783,
	23.8727 34.8347,
	23.8727 34.789,
	"/>
</Transform>

<Transform dim="0"
 xcoef=" 0 1 0 0 0 0"
 ycoef=" 0 0 1 0 0 0">
<Contour name="Tb2_NF54_LES" hidden="false" closed="true" simplified="true" border="1 0 0" fill="1 0 0" mode="-9"
 points="28.3306 47.0572,
	28.3525 46.9697,
	28.5056 46.8166,
	28.5931 46.7728,
	28.6806 46.8385,
	28.7025 47.0135,
	28.6588 47.1885,
	28.615 47.276,
	28.5275 47.3198,
	28.3525 47.2541,
	28.3306 47.0791,
	"/>
</Transform>

<Transform dim="0"
 xcoef=" 0 1 0 0 0 0"
 ycoef=" 0 0 1 0 0 0">
<Contour name="Tb2_NF54_LES" hidden="false" closed="true" simplified="true" border="1 0 0" fill="1 0 0" mode="-9"
 points="25.8585 48.3261,
	26.0116 48.2167,
	26.0554 48.173,
	26.7555 48.0417,
	27.1055 47.9761,
	27.2805 47.8886,
	27.6305 47.7792,
	27.8056 47.7135,
	27.9806 47.6042,
	28.3306 47.5167,
	28.3744 47.5385,
	28.3744 47.626,
	28.2212 47.7792,
	28.0462 47.8886,
	27.6962 48.173,
	27.543 48.3042,
	27.4336 48.4792,
	27.0836 48.7636,
	26.9086 48.873,
	26.8211 48.8949,
	26.7773 48.9387,
	26.4273 48.9387,
	26.0773 48.7855,
	25.9241 48.6105,
	25.8585 48.4355,
	25.8585 48.348,
	"/>
</Transform>

<Transform dim="0"
 xcoef=" 0 1 0 0 0 0"
 ycoef=" 0 0 1 0 0 0">
<Contour name="TB2_NF001_LES" hidden="false" closed="true" simplified="true" border="1 1 0" fill="1 1 0" mode="-9"
 points="19.8511 38.8165,
	19.9237 38.7003,
	19.9383 38.6712,
	20.0544 38.6858,
	20.1125 38.7003,
	20.2142 38.8019,
	20.2577 38.86,
	20.2723 38.9762,
	20.2868 39.0343,
	20.2432 39.1505,
	20.1271 39.1214,
	20.069 39.0924,
	19.9528 39.0924,
	19.8947 39.0488,
	19.8511 38.831,
	"/>
</Transform>

<Transform dim="0"
 xcoef=" 0 1 0 0 0 0"
 ycoef=" 0 0 1 0 0 0">
<Image mag="0.00749" contrast="1" brightness="0" red="true" green="true" blue="true"
 src="Alg_stitch3-4_293.tif" />
<Contour name="domain1" hidden="false" closed="true" simplified="false" border="1 0 1" fill="1 0 1" mode="11"
 points="0 0,
	15652 0,
	15652 8578,
	0 8578,
	"/>
</Transform>

<Transform dim="0"
 xcoef=" 0 1 0 0 0 0"
 ycoef=" 0 0 1 0 0 0">
<Contour name="TB2_BasalCell07_CM_LES" hidden="false" closed="true" simplified="true" border="0.98 0.773 0.91" fill="1 0 0.5" mode="-11"
 points="21.9875 36.6512,
	22.053 36.5857,
	22.1841 36.5693,
	22.3151 36.5857,
	22.4462 36.6512,
	22.5773 36.7495,
	22.6428 36.7823,
	22.7084 36.8478,
	22.7247 36.9134,
	22.692 36.9461,
	22.6264 36.9461,
	22.5773 36.897,
	22.4462 36.9134,
	22.3807 36.9298,
	22.3151 36.9789,
	22.2496 36.9789,
	22.1841 36.9461,
	22.1513 36.8151,
	22.1022 36.7495,
	21.9875 36.6676,
	"/>
<Contour name="TB2_BasalCell07_CM_LES" hidden="false" closed="true" simplified="true" border="0.98 0.773 0.91" fill="1 0 0.5" mode="-11"
 points="22.5773 40.8619,
	22.692 40.7473,
	22.7247 40.7473,
	22.7575 40.6817,
	23.0197 40.5343,
	23.0852 40.5015,
	23.118 40.5015,
	23.249 40.4032,
	23.3146 40.3377,
	23.3801 40.3213,
	23.4129 40.3049,
	23.4129 40.1738,
	23.4129 40.1083,
	23.331 39.9772,
	23.3146 39.8461,
	23.4293 39.7314,
	23.6914 39.584,
	23.8225 39.5021,
	23.888 39.4365,
	23.9699 39.1744,
	24.0355 39.0433,
	24.1338 38.9122,
	24.1829 38.7812,
	24.1993 38.7156,
	24.3304 38.5846,
	24.3959 38.5682,
	24.527 38.6665,
	24.5598 38.6992,
	24.5434 38.7648,
	24.4942 38.8303,
	24.4778 38.8959,
	24.5106 39.0269,
	24.5598 39.0925,
	24.6908 39.1252,
	24.7564 39.1416,
	24.7891 39.1252,
	25.0513 39.1744,
	25.5756 39.2072,
	25.6411 39.2727,
	25.6739 39.3055,
	25.805 39.3218,
	25.936 39.3055,
	26.0671 39.3382,
	26.1163 39.3546,
	26.3784 39.2399,
	26.5095 39.2563,
	26.575 39.2891,
	26.6405 39.4038,
	26.6897 39.4529,
	26.8208 39.4365,
	26.8863 39.4365,
	26.9682 39.5184,
	26.9682 39.6495,
	26.9682 39.7151,
	26.8535 39.9772,
	26.7225 40.0755,
	26.4603 40.1574,
	26.3292 40.1902,
	26.2801 40.2066,
	26.149 40.1574,
	26.0999 40.223,
	26.1163 40.4851,
	26.0835 40.6162,
	26.0671 40.6817,
	25.9688 40.8128,
	25.936 40.8783,
	25.9852 40.9275,
	26.1163 40.9111,
	26.1654 40.9602,
	26.0835 41.0749,
	25.9524 41.1569,
	25.8869 41.1896,
	25.6247 41.1732,
	25.4937 41.1896,
	25.4281 41.1896,
	25.3954 41.1732,
	25.2643 41.1896,
	25.1332 41.1732,
	24.8711 41.2552,
	24.6089 41.2715,
	24.4778 41.2552,
	24.2157 41.2715,
	24.1502 41.2224,
	24.1174 41.1896,
	23.9863 41.2388,
	23.8552 41.3207,
	23.8061 41.3862,
	23.7897 41.4518,
	23.8061 41.5828,
	23.9044 41.845,
	23.9536 41.9761,
	23.9699 42.0416,
	23.9536 42.1071,
	24.0027 42.3693,
	24.0191 42.5004,
	24.0027 42.5659,
	23.9208 42.697,
	23.9372 42.7625,
	23.9863 42.828,
	24.0191 42.9591,
	24.0191 42.9919,
	24.0519 43.0246,
	24.1829 42.9427,
	24.1993 42.9263,
	24.1338 42.8608,
	24.0846 42.7297,
	24.0682 42.6642,
	24.0519 42.6314,
	24.101 42.5659,
	24.1665 42.5495,
	24.2157 42.484,
	24.1665 42.3693,
	24.0355 42.3529,
	24.0027 42.3201,
	23.9863 42.1891,
	24.0355 42.058,
	24.0846 42.0088,
	24.1502 41.9924,
	24.2812 42.0416,
	24.3468 42.0744,
	24.4778 42.1891,
	24.5434 42.2546,
	24.5761 42.2546,
	24.7072 42.3693,
	24.7728 42.4184,
	24.8055 42.4512,
	24.8219 42.7133,
	24.9366 42.828,
	25.0021 42.8936,
	25.0185 42.9591,
	25.0185 42.9919,
	24.8874 43.0738,
	24.6253 43.1557,
	24.5598 43.1721,
	24.527 43.2213,
	24.527 43.2868,
	24.527 43.3196,
	24.4942 43.3523,
	24.2321 43.3687,
	24.1665 43.3851,
	24.0355 43.467,
	23.9699 43.4998,
	23.7078 43.4179,
	23.5767 43.4179,
	23.5112 43.4015,
	23.462 43.3359,
	23.4784 43.2049,
	23.4456 43.1393,
	23.3965 43.123,
	23.331 43.1393,
	23.2654 43.123,
	23.1835 42.9919,
	23.1671 42.8608,
	23.1835 42.5987,
	23.2327 42.3365,
	23.331 42.0744,
	23.331 42.0416,
	23.2163 41.9433,
	23.2327 41.8778,
	23.2327 41.845,
	23.3637 41.7303,
	23.6259 41.5501,
	23.6586 41.5173,
	23.6586 41.4845,
	23.6259 41.4518,
	23.4948 41.4845,
	23.2327 41.5992,
	23.1671 41.5828,
	23.118 41.5173,
	23.0852 41.3862,
	23.0524 41.3207,
	22.7903 41.1241,
	22.6592 41.0586,
	22.5773 40.9275,
	22.5773 40.8783,
	"/>
</Transform>

<Transform dim="0"
 xcoef=" 0 1 0 0 0 0"
 ycoef=" 0 0 1 0 0 0">
<Contour name="TB2_NF07_RSL" hidden="false" closed="true" simplified="true" border="0 0 0.501961" fill="0 0 0.501961" mode="-9"
 points="19.0091 38.7264,
	19.0253 38.6399,
	19.0307 38.5967,
	19.0469 38.5534,
	19.0578 38.5318,
	19.0686 38.521,
	19.0848 38.4345,
	19.2037 38.2615,
	19.2308 38.2236,
	19.301 38.1371,
	19.3389 38.0939,
	19.3821 38.0615,
	19.4254 38.0398,
	19.447 38.029,
	19.4903 38.0236,
	19.5335 38.029,
	19.5552 38.0344,
	19.566 38.0452,
	19.6525 38.0723,
	19.6957 38.0885,
	19.7173 38.0939,
	19.7606 38.1263,
	19.9066 38.2993,
	19.9282 38.321,
	19.9498 38.3642,
	19.9552 38.4075,
	19.9552 38.4291,
	19.9174 38.4723,
	19.8958 38.5156,
	19.8904 38.5372,
	19.9012 38.5805,
	19.8958 38.667,
	19.8958 38.6886,
	19.8795 38.7319,
	19.8525 38.7751,
	19.8363 38.8184,
	19.8309 38.84,
	19.8633 38.9265,
	19.8687 38.9697,
	19.8849 39.013,
	19.912 39.0562,
	19.9985 39.0941,
	20.1715 39.1103,
	20.2147 39.1265,
	20.2526 39.1644,
	20.285 39.2509,
	20.2958 39.2941,
	20.2796 39.3806,
	20.2688 39.4023,
	20.258 39.4131,
	20.231 39.4996,
	20.1985 39.6726,
	20.1877 39.7591,
	20.1607 39.8023,
	20.1499 39.8077,
	20.0634 39.7591,
	20.0201 39.7266,
	20.0093 39.7266,
	19.9282 39.6509,
	19.9066 39.6347,
	19.8795 39.6023,
	19.7984 39.5212,
	19.7822 39.505,
	19.7768 39.4617,
	19.7768 39.4401,
	19.8417 39.2671,
	19.8741 39.1806,
	19.8904 39.0941,
	19.8849 39.0508,
	19.8471 39.0184,
	19.8363 39.013,
	19.8147 39.0292,
	19.793 39.0725,
	19.7822 39.2455,
	19.7768 39.2887,
	19.7498 39.3752,
	19.7336 39.4617,
	19.7336 39.505,
	19.7444 39.5158,
	19.7444 39.5266,
	19.7714 39.5699,
	19.8525 39.6509,
	19.8741 39.6618,
	19.9174 39.6996,
	20.0039 39.7591,
	20.0147 39.7699,
	20.0201 39.8131,
	20.0201 39.8348,
	20.0093 39.8564,
	19.9985 39.8672,
	19.9877 39.8672,
	19.9769 39.8564,
	19.966 39.8564,
	19.9282 39.8185,
	19.8849 39.7915,
	19.8038 39.7212,
	19.766 39.6942,
	19.5984 39.5374,
	19.4741 39.3698,
	19.4578 39.3266,
	19.4741 39.2401,
	19.4903 39.1968,
	19.5065 39.1752,
	19.5119 39.1536,
	19.5227 39.1481,
	19.5227 39.1373,
	19.6038 39.0562,
	19.6308 39.013,
	19.6471 38.9697,
	19.6579 38.8832,
	19.6525 38.84,
	19.6146 38.8021,
	19.5606 38.721,
	19.5497 38.6778,
	19.6092 38.3318,
	19.5984 38.2453,
	19.593 38.202,
	19.566 38.1642,
	19.5443 38.1588,
	19.4578 38.1696,
	19.4146 38.1966,
	19.3335 38.2723,
	19.3065 38.3588,
	19.301 38.5318,
	19.2902 38.5751,
	19.2524 38.6021,
	19.2091 38.6021,
	19.1983 38.5967,
	19.1713 38.6345,
	19.1551 38.6562,
	19.0794 38.8292,
	19.0794 38.84,
	19.0578 38.8562,
	19.0361 38.8346,
	19.0145 38.7913,
	19.0091 38.7481,
	19.0091 38.7319,
	"/>
</Transform>

</Section>