<?xml version="1.0"?>
<!DOCTYPE Section SYSTEM "section.dtd">

<Section index="341" thickness="0.08" alignLocked="true">
<Transform dim="0"
 xcoef=" 0 1 0 0 0 0"
 ycoef=" 0 0 1 0 0 0">
<Image mag="0.00749" contrast="1" brightness="0" red="true" green="true" blue="true"
 src="Alg_stitch3-4_341.tif" />
<Contour name="domain1" hidden="false" closed="true" simplified="false" border="1 0 1" fill="1 0 1" mode="11"
 points="0 0,
	15652 0,
	15652 8578,
	0 8578,
	"/>
</Transform>

<Transform dim="0"
 xcoef=" 0 1 0 0 0 0"
 ycoef=" 0 0 1 0 0 0">
<Contour name="TB2_NF15_RSL" hidden="false" closed="true" simplified="true" border="0.756863 0 0.756863" fill="0.756863 0 0.756863" mode="-9"
 points="56.6375 41.1125,
	56.725 41.0125,
	56.75 40.9875,
	56.775 40.9875,
	57.175 40.75,
	57.375 40.6875,
	57.475 40.65,
	57.5 40.625,
	57.7 40.5625,
	57.75 40.5375,
	57.8 40.5375,
	57.825 40.5375,
	57.875 40.5875,
	57.975 40.65,
	58.0625 40.7375,
	58.1125 40.9375,
	58.125 41.0375,
	58.1125 41.1375,
	58.0625 41.175,
	58.0375 41.2,
	58.0125 41.1875,
	57.9125 41.225,
	57.8625 41.25,
	57.6625 41.275,
	57.4625 41.275,
	57.2625 41.3125,
	57.0625 41.325,
	56.9625 41.325,
	56.7625 41.2625,
	56.6625 41.225,
	56.6375 41.175,
	56.6375 41.125,
	"/>
<Contour name="TB2_NF15_RSL" hidden="false" closed="true" simplified="true" border="0.756863 0 0.756863" fill="0.756863 0 0.756863" mode="-9"
 points="49.6125 42.425,
	49.7125 42.325,
	49.8125 42.25,
	50.0125 42.1625,
	50.1125 42.1125,
	50.2125 42.0875,
	50.2625 42.075,
	50.3625 42,
	50.3875 41.975,
	50.4875 41.95,
	50.8875 41.925,
	51.0875 42,
	51.125 42.05,
	51.15 42.25,
	51.1375 42.35,
	51.0875 42.45,
	51.075 42.475,
	50.975 42.425,
	50.925 42.4125,
	50.825 42.4375,
	50.775 42.4625,
	50.725 42.4625,
	50.625 42.5,
	50.425 42.525,
	50.025 42.5125,
	49.825 42.5,
	49.725 42.5,
	49.625 42.4625,
	49.6125 42.4375,
	"/>
</Transform>

<Transform dim="0"
 xcoef=" 0 1 0 0 0 0"
 ycoef=" 0 0 1 0 0 0">
<Contour name="TB2_t3cell02_CM_RSL" hidden="false" closed="true" simplified="true" border="0.866667 0.619608 0.866667" fill="0.866667 0.619608 0.866667" mode="-9"
 points="61.7571 37.9714,
	61.7714 37.9142,
	61.9714 37.7,
	62.0714 37.5857,
	62.0999 37.5285,
	62.1285 37.5,
	62.0857 37.3857,
	62.0571 37.3285,
	62.0571 37.3,
	62.0142 37.2428,
	61.9714 37.0142,
	61.9428 36.9857,
	61.9428 36.9571,
	61.9999 36.9428,
	62.0571 36.9571,
	62.1142 37.0142,
	62.2142 37.2428,
	62.2285 37.4714,
	62.2142 37.5857,
	62.1428 37.7,
	62.1285 37.7571,
	62.0857 37.8142,
	62.0285 37.8428,
	61.9857 37.9,
	61.9714 37.9571,
	61.8857 38.0571,
	61.8285 38.0714,
	61.7714 38.0571,
	61.7571 38,
	61.7571 37.9857,
	"/>
</Transform>

<Transform dim="0"
 xcoef=" 0 1 0 0 0 0"
 ycoef=" 0 0 1 0 0 0">
<Contour name="TB3_NF01-PG_RSL" hidden="false" closed="true" simplified="true" border="1 1 0" fill="1 1 0" mode="-9"
 points="22.67 6.28,
	22.68 6.24,
	22.76 6.17,
	22.8 6.14,
	22.96 6.11,
	23.12 6.05,
	23.2 6.01,
	23.24 5.98,
	23.26 5.98,
	23.3 5.95,
	23.38 5.92,
	23.7 5.73,
	23.72 5.72,
	23.72 5.68,
	24.04 5.51,
	24.2 5.42,
	24.28 5.39,
	24.44 5.37,
	24.48 5.35,
	24.64 5.32,
	24.72 5.3,
	24.88 5.31,
	24.96 5.33,
	25 5.34,
	25.27 5.64,
	25.31 5.72,
	25.32 5.88,
	25.25 6.04,
	25.11 6.19,
	24.79 6.34,
	24.47 6.46,
	24.39 6.49,
	24.07 6.48,
	23.75 6.51,
	23.43 6.52,
	23.27 6.5,
	23.11 6.45,
	23.03 6.41,
	22.87 6.39,
	22.71 6.4,
	22.67 6.36,
	22.67 6.29,
	"/>
<Contour name="TB3_NF01-PG_RSL" hidden="false" closed="true" simplified="true" border="1 1 0" fill="1 1 0" mode="-9"
 points="16.18 8.1,
	16.21 8.02,
	16.25 7.7,
	16.31 7.38,
	16.42 7.22,
	16.5 7.14,
	16.62 6.98,
	16.66 6.9,
	16.72 6.82,
	16.74 6.78,
	16.9 6.64,
	16.98 6.57,
	17.03 6.49,
	17.1 6.43,
	17.14 6.39,
	17.18 6.37,
	17.24 6.3,
	17.28 6.27,
	17.3 6.23,
	17.46 6.14,
	17.62 6.08,
	17.78 5.99,
	17.93 5.88,
	18.09 5.83,
	18.25 5.8,
	18.33 5.8,
	18.65 5.73,
	18.73 5.72,
	18.81 5.69,
	19.13 5.67,
	19.45 5.67,
	19.61 5.68,
	19.77 5.67,
	19.93 5.69,
	20.09 5.69,
	20.13 5.69,
	20.77 5.88,
	21.09 5.95,
	21.25 5.99,
	21.41 5.98,
	21.57 5.94,
	21.73 5.92,
	21.89 5.92,
	22.05 5.98,
	22.21 6.07,
	22.29 6.13,
	22.32 6.17,
	22.31 6.25,
	22.27 6.29,
	22.19 6.3,
	22.03 6.37,
	21.39 6.52,
	21.23 6.58,
	21.07 6.67,
	20.99 6.72,
	20.86 6.87,
	20.71 7.03,
	20.65 7.11,
	20.57 7.18,
	20.42 7.27,
	20.34 7.32,
	20.3 7.33,
	20.28 7.34,
	20.27 7.33,
	20.3 7.3,
	20.28 7.3,
	20.12 7.39,
	19.96 7.45,
	19.64 7.5,
	19.32 7.49,
	19.16 7.49,
	18.84 7.53,
	18.68 7.55,
	18.6 7.56,
	18.52 7.59,
	18.2 7.79,
	17.88 8.03,
	17.56 8.24,
	17.41 8.38,
	17.32 8.54,
	17.27 8.62,
	17.22 8.78,
	17.22 9.1,
	17.21 9.18,
	17.18 9.26,
	17.16 9.28,
	17.13 9.44,
	17.12 9.6,
	17.12 9.68,
	17.04 9.69,
	16.73 9.44,
	16.66 9.38,
	16.58 9.3,
	16.46 9.15,
	16.41 8.99,
	16.4 8.91,
	16.28 8.59,
	16.2 8.27,
	16.18 8.19,
	16.18 8.11,
	"/>
</Transform>

<Transform dim="0"
 xcoef=" 0 1 0 0 0 0"
 ycoef=" 0 0 1 0 0 0">
<Contour name="TB3_NF01-PG_RSL" hidden="false" closed="true" simplified="true" border="1 1 0" fill="1 1 0" mode="-9"
 points="49.69 13.15,
	49.75 13.08,
	49.83 13.02,
	49.91 13.02,
	49.99 13.05,
	50.03 13.06,
	50.17 13.19,
	50.25 13.26,
	50.33 13.3,
	50.49 13.43,
	50.52 13.51,
	50.53 13.59,
	50.53 13.63,
	50.48 13.71,
	50.45 13.75,
	50.41 13.77,
	50.39 13.8,
	50.37 13.78,
	50.21 13.77,
	50.05 13.68,
	49.97 13.66,
	49.81 13.55,
	49.78 13.51,
	49.72 13.35,
	49.7 13.33,
	49.69 13.17,
	49.69 13.16,
	"/>
<Contour name="TB3_NF01-PG_RSL" hidden="false" closed="true" simplified="true" border="1 1 0" fill="1 1 0" mode="-9"
 points="65.78 12.6,
	65.81 12.56,
	65.85 12.54,
	66.17 12.53,
	66.25 12.53,
	66.33 12.5,
	66.41 12.5,
	66.45 12.51,
	66.49 12.54,
	66.53 12.62,
	66.56 12.78,
	66.57 12.86,
	66.56 12.9,
	66.53 12.94,
	66.37 12.95,
	66.33 12.95,
	66.01 12.78,
	65.97 12.75,
	65.89 12.72,
	65.85 12.71,
	65.81 12.67,
	65.79 12.65,
	65.78 12.61,
	"/>
</Transform>

<Transform dim="0"
 xcoef=" 0 1 0 0 0 0"
 ycoef=" 0 0 1 0 0 0">
<Contour name="TB3_NF01-PG_RSL" hidden="false" closed="true" simplified="true" border="1 1 0" fill="1 1 0" mode="-9"
 points="66.47 13.33,
	66.49 13.31,
	66.65 13.29,
	66.69 13.3,
	66.77 13.38,
	66.82 13.46,
	66.84 13.5,
	66.92 13.55,
	67.07 13.69,
	67.08 13.73,
	67.07 13.77,
	66.99 13.77,
	66.95 13.77,
	66.91 13.74,
	66.89 13.74,
	66.81 13.69,
	66.77 13.66,
	66.73 13.61,
	66.74 13.59,
	66.67 13.52,
	66.66 13.48,
	66.62 13.44,
	66.54 13.41,
	66.47 13.36,
	66.47 13.34,
	"/>
</Transform>

<Transform dim="0"
 xcoef=" 0 1 0 0 0 0"
 ycoef=" 0 0 1 0 0 0">
<Contour name="TB3_NF01-PG_RSL" hidden="false" closed="true" simplified="true" border="1 1 0" fill="1 1 0" mode="-9"
 points="68.05 14.61,
	68.17 14.45,
	68.2 14.37,
	68.25 14.29,
	68.29 14.25,
	68.37 14.21,
	68.53 14.18,
	68.57 14.18,
	68.59 14.18,
	68.62 14.22,
	68.78 14.29,
	68.94 14.34,
	68.98 14.35,
	69.13 14.47,
	69.17 14.49,
	69.21 14.49,
	69.29 14.52,
	69.37 14.53,
	69.41 14.53,
	69.57 14.64,
	69.67 14.8,
	69.68 14.88,
	69.68 14.9,
	69.6 14.95,
	69.56 14.96,
	69.54 14.97,
	69.53 15.05,
	69.5 15.09,
	69.42 15.13,
	69.36 15.2,
	69.33 15.28,
	69.26 15.35,
	69.18 15.4,
	69.02 15.41,
	68.94 15.4,
	68.78 15.35,
	68.7 15.32,
	68.62 15.31,
	68.46 15.25,
	68.3 15.16,
	68.22 15.11,
	68.14 15.04,
	68.1 15,
	68.07 14.84,
	68.05 14.76,
	68.05 14.68,
	68.05 14.64,
	68.05 14.62,
	"/>
</Transform>

<Transform dim="0"
 xcoef=" 0 1 0 0 0 0"
 ycoef=" 0 0 1 0 0 0">
<Contour name="TB3_NF01-PG_RSL" hidden="false" closed="true" simplified="true" border="1 1 0" fill="1 1 0" mode="-9"
 points="73.3889 15.9222,
	73.4667 15.8444,
	73.5556 15.8444,
	73.6 15.8556,
	73.6222 15.8556,
	73.7111 15.9333,
	73.8889 16.0111,
	74.0667 16.1556,
	74.0667 16.2444,
	74 16.3222,
	73.9111 16.3444,
	73.7333 16.2778,
	73.6444 16.2222,
	73.5556 16.1444,
	73.4889 16.0556,
	73.4 16,
	73.3889 15.9556,
	73.3889 15.9333,
	"/>
</Transform>

<Transform dim="0"
 xcoef=" 0 1 0 0 0 0"
 ycoef=" 0 0 1 0 0 0">
<Contour name="TB3_NF01-PG_RSL" hidden="false" closed="true" simplified="true" border="1 1 0" fill="1 1 0" mode="-9"
 points="76.1444 13.2222,
	76.211 13.1333,
	76.2555 13.0889,
	76.4333 13.0222,
	76.5221 13,
	76.611 12.9333,
	76.6555 12.9111,
	76.7444 12.9111,
	76.7888 12.9222,
	76.7999 13.0111,
	76.7888 13.1,
	76.7777 13.1444,
	76.6999 13.2333,
	76.6666 13.2667,
	76.6555 13.3111,
	76.6221 13.3555,
	76.5777 13.3667,
	76.5333 13.4,
	76.3555 13.4222,
	76.311 13.4222,
	76.2666 13.4,
	76.2444 13.4,
	76.1555 13.3111,
	76.1444 13.2333,
	"/>
</Transform>

<Transform dim="0"
 xcoef=" 0 1 0 0 0 0"
 ycoef=" 0 0 1 0 0 0">
<Contour name="TB3_NF01-PG_RSL" hidden="false" closed="true" simplified="true" border="1 1 0" fill="1 1 0" mode="-9"
 points="80.4666 10.7555,
	80.5888 10.5778,
	80.6777 10.5444,
	80.7666 10.5333,
	80.8555 10.5667,
	80.8999 10.6111,
	80.9444 10.7,
	80.9666 10.7889,
	80.9333 10.9667,
	80.9221 11.0555,
	80.9221 11.0778,
	80.8777 11.1,
	80.6999 11.1,
	80.6555 11.1,
	80.6333 11.0889,
	80.6221 11.1111,
	80.5333 11.0555,
	80.4888 11.0222,
	80.4888 11,
	80.4666 10.9778,
	80.4666 10.8,
	80.4666 10.7667,
	"/>
</Transform>

<Transform dim="0"
 xcoef=" 0 1 0 0 0 0"
 ycoef=" 0 0 1 0 0 0">
<Contour name="TB2_t3cell02_CM_RSL" hidden="false" closed="true" simplified="true" border="0.866667 0.619608 0.866667" fill="0.866667 0.619608 0.866667" mode="-9"
 points="62.6999 39.3571,
	62.7999 39.2428,
	63.0285 39.1,
	63.0857 39.0714,
	63.1142 39.0142,
	63.2285 38.9428,
	63.3428 38.9142,
	63.3999 38.8857,
	63.5142 38.8857,
	63.5714 38.9,
	63.6285 38.9428,
	63.6714 39.0571,
	63.6714 39.1714,
	63.5857 39.2714,
	63.5571 39.3285,
	63.5571 39.3571,
	63.4428 39.4428,
	63.3857 39.5571,
	63.2857 39.6571,
	63.1714 39.7142,
	63.1142 39.7428,
	62.8857 39.7571,
	62.7714 39.7285,
	62.7142 39.7,
	62.6999 39.4714,
	62.6999 39.3714,
	"/>
<Contour name="TB2_t3cell02_CM_RSL" hidden="false" closed="true" simplified="true" border="0.866667 0.619608 0.866667" fill="0.866667 0.619608 0.866667" mode="-9"
 points="61.7571 37.9714,
	61.7714 37.9142,
	61.9714 37.7,
	62.0714 37.5857,
	62.0999 37.5285,
	62.1285 37.5,
	62.0857 37.3857,
	62.0571 37.3285,
	62.0571 37.3,
	62.0142 37.2428,
	61.9714 37.0142,
	61.9428 36.9857,
	61.9428 36.9571,
	61.9999 36.9428,
	62.0571 36.9571,
	62.1142 37.0142,
	62.2142 37.2428,
	62.2285 37.4714,
	62.2142 37.5857,
	62.1428 37.7,
	62.1285 37.7571,
	62.0857 37.8142,
	62.0285 37.8428,
	61.9857 37.9,
	61.9714 37.9571,
	61.8857 38.0571,
	61.8285 38.0714,
	61.7714 38.0571,
	61.7571 38,
	61.7571 37.9857,
	"/>
</Transform>

<Transform dim="0"
 xcoef=" 0 1 0 0 0 0"
 ycoef=" 0 0 1 0 0 0">
<Contour name="TB3_NF01-PG_RSL" hidden="false" closed="true" simplified="true" border="1 1 0" fill="1 1 0" mode="-9"
 points="22.67 6.28,
	22.68 6.24,
	22.76 6.17,
	22.8 6.14,
	22.96 6.11,
	23.12 6.05,
	23.2 6.01,
	23.24 5.98,
	23.26 5.98,
	23.3 5.95,
	23.38 5.92,
	23.7 5.73,
	23.72 5.72,
	23.72 5.68,
	24.04 5.51,
	24.2 5.42,
	24.28 5.39,
	24.44 5.37,
	24.48 5.35,
	24.64 5.32,
	24.72 5.3,
	24.88 5.31,
	24.96 5.33,
	25 5.34,
	25.27 5.64,
	25.31 5.72,
	25.32 5.88,
	25.25 6.04,
	25.11 6.19,
	24.79 6.34,
	24.47 6.46,
	24.39 6.49,
	24.07 6.48,
	23.75 6.51,
	23.43 6.52,
	23.27 6.5,
	23.11 6.45,
	23.03 6.41,
	22.87 6.39,
	22.71 6.4,
	22.67 6.36,
	22.67 6.29,
	"/>
<Contour name="TB3_NF01-PG_RSL" hidden="false" closed="true" simplified="true" border="1 1 0" fill="1 1 0" mode="-9"
 points="16.18 8.1,
	16.21 8.02,
	16.25 7.7,
	16.31 7.38,
	16.42 7.22,
	16.5 7.14,
	16.62 6.98,
	16.66 6.9,
	16.72 6.82,
	16.74 6.78,
	16.9 6.64,
	16.98 6.57,
	17.03 6.49,
	17.1 6.43,
	17.14 6.39,
	17.18 6.37,
	17.24 6.3,
	17.28 6.27,
	17.3 6.23,
	17.46 6.14,
	17.62 6.08,
	17.78 5.99,
	17.93 5.88,
	18.09 5.83,
	18.25 5.8,
	18.33 5.8,
	18.65 5.73,
	18.73 5.72,
	18.81 5.69,
	19.13 5.67,
	19.45 5.67,
	19.61 5.68,
	19.77 5.67,
	19.93 5.69,
	20.09 5.69,
	20.13 5.69,
	20.77 5.88,
	21.09 5.95,
	21.25 5.99,
	21.41 5.98,
	21.57 5.94,
	21.73 5.92,
	21.89 5.92,
	22.05 5.98,
	22.21 6.07,
	22.29 6.13,
	22.32 6.17,
	22.31 6.25,
	22.27 6.29,
	22.19 6.3,
	22.03 6.37,
	21.39 6.52,
	21.23 6.58,
	21.07 6.67,
	20.99 6.72,
	20.86 6.87,
	20.71 7.03,
	20.65 7.11,
	20.57 7.18,
	20.42 7.27,
	20.34 7.32,
	20.3 7.33,
	20.28 7.34,
	20.27 7.33,
	20.3 7.3,
	20.28 7.3,
	20.12 7.39,
	19.96 7.45,
	19.64 7.5,
	19.32 7.49,
	19.16 7.49,
	18.84 7.53,
	18.68 7.55,
	18.6 7.56,
	18.52 7.59,
	18.2 7.79,
	17.88 8.03,
	17.56 8.24,
	17.41 8.38,
	17.32 8.54,
	17.27 8.62,
	17.22 8.78,
	17.22 9.1,
	17.21 9.18,
	17.18 9.26,
	17.16 9.28,
	17.13 9.44,
	17.12 9.6,
	17.12 9.68,
	17.04 9.69,
	16.73 9.44,
	16.66 9.38,
	16.58 9.3,
	16.46 9.15,
	16.41 8.99,
	16.4 8.91,
	16.28 8.59,
	16.2 8.27,
	16.18 8.19,
	16.18 8.11,
	"/>
</Transform>

<Transform dim="0"
 xcoef=" 0 1 0 0 0 0"
 ycoef=" 0 0 1 0 0 0">
<Contour name="TB3_NF01-PG_RSL" hidden="false" closed="true" simplified="true" border="1 1 0" fill="1 1 0" mode="-9"
 points="49.69 13.15,
	49.75 13.08,
	49.83 13.02,
	49.91 13.02,
	49.99 13.05,
	50.03 13.06,
	50.17 13.19,
	50.25 13.26,
	50.33 13.3,
	50.49 13.43,
	50.52 13.51,
	50.53 13.59,
	50.53 13.63,
	50.48 13.71,
	50.45 13.75,
	50.41 13.77,
	50.39 13.8,
	50.37 13.78,
	50.21 13.77,
	50.05 13.68,
	49.97 13.66,
	49.81 13.55,
	49.78 13.51,
	49.72 13.35,
	49.7 13.33,
	49.69 13.17,
	49.69 13.16,
	"/>
<Contour name="TB3_NF01-PG_RSL" hidden="false" closed="true" simplified="true" border="1 1 0" fill="1 1 0" mode="-9"
 points="65.78 12.6,
	65.81 12.56,
	65.85 12.54,
	66.17 12.53,
	66.25 12.53,
	66.33 12.5,
	66.41 12.5,
	66.45 12.51,
	66.49 12.54,
	66.53 12.62,
	66.56 12.78,
	66.57 12.86,
	66.56 12.9,
	66.53 12.94,
	66.37 12.95,
	66.33 12.95,
	66.01 12.78,
	65.97 12.75,
	65.89 12.72,
	65.85 12.71,
	65.81 12.67,
	65.79 12.65,
	65.78 12.61,
	"/>
</Transform>

<Transform dim="0"
 xcoef=" 0 1 0 0 0 0"
 ycoef=" 0 0 1 0 0 0">
<Contour name="TB3_NF01-PG_RSL" hidden="false" closed="true" simplified="true" border="1 1 0" fill="1 1 0" mode="-9"
 points="66.47 13.33,
	66.49 13.31,
	66.65 13.29,
	66.69 13.3,
	66.77 13.38,
	66.82 13.46,
	66.84 13.5,
	66.92 13.55,
	67.07 13.69,
	67.08 13.73,
	67.07 13.77,
	66.99 13.77,
	66.95 13.77,
	66.91 13.74,
	66.89 13.74,
	66.81 13.69,
	66.77 13.66,
	66.73 13.61,
	66.74 13.59,
	66.67 13.52,
	66.66 13.48,
	66.62 13.44,
	66.54 13.41,
	66.47 13.36,
	66.47 13.34,
	"/>
</Transform>

<Transform dim="0"
 xcoef=" 0 1 0 0 0 0"
 ycoef=" 0 0 1 0 0 0">
<Contour name="TB3_NF01-PG_RSL" hidden="false" closed="true" simplified="true" border="1 1 0" fill="1 1 0" mode="-9"
 points="68.05 14.61,
	68.17 14.45,
	68.2 14.37,
	68.25 14.29,
	68.29 14.25,
	68.37 14.21,
	68.53 14.18,
	68.57 14.18,
	68.59 14.18,
	68.62 14.22,
	68.78 14.29,
	68.94 14.34,
	68.98 14.35,
	69.13 14.47,
	69.17 14.49,
	69.21 14.49,
	69.29 14.52,
	69.37 14.53,
	69.41 14.53,
	69.57 14.64,
	69.67 14.8,
	69.68 14.88,
	69.68 14.9,
	69.6 14.95,
	69.56 14.96,
	69.54 14.97,
	69.53 15.05,
	69.5 15.09,
	69.42 15.13,
	69.36 15.2,
	69.33 15.28,
	69.26 15.35,
	69.18 15.4,
	69.02 15.41,
	68.94 15.4,
	68.78 15.35,
	68.7 15.32,
	68.62 15.31,
	68.46 15.25,
	68.3 15.16,
	68.22 15.11,
	68.14 15.04,
	68.1 15,
	68.07 14.84,
	68.05 14.76,
	68.05 14.68,
	68.05 14.64,
	68.05 14.62,
	"/>
</Transform>

<Transform dim="0"
 xcoef=" 0 1 0 0 0 0"
 ycoef=" 0 0 1 0 0 0">
<Contour name="TB3_NF01-PG_RSL" hidden="false" closed="true" simplified="true" border="1 1 0" fill="1 1 0" mode="-9"
 points="73.3889 15.9222,
	73.4667 15.8444,
	73.5556 15.8444,
	73.6 15.8556,
	73.6222 15.8556,
	73.7111 15.9333,
	73.8889 16.0111,
	74.0667 16.1556,
	74.0667 16.2444,
	74 16.3222,
	73.9111 16.3444,
	73.7333 16.2778,
	73.6444 16.2222,
	73.5556 16.1444,
	73.4889 16.0556,
	73.4 16,
	73.3889 15.9556,
	73.3889 15.9333,
	"/>
</Transform>

<Transform dim="0"
 xcoef=" 0 1 0 0 0 0"
 ycoef=" 0 0 1 0 0 0">
<Contour name="TB3_NF01-PG_RSL" hidden="false" closed="true" simplified="true" border="1 1 0" fill="1 1 0" mode="-9"
 points="76.1444 13.2222,
	76.211 13.1333,
	76.2555 13.0889,
	76.4333 13.0222,
	76.5221 13,
	76.611 12.9333,
	76.6555 12.9111,
	76.7444 12.9111,
	76.7888 12.9222,
	76.7999 13.0111,
	76.7888 13.1,
	76.7777 13.1444,
	76.6999 13.2333,
	76.6666 13.2667,
	76.6555 13.3111,
	76.6221 13.3555,
	76.5777 13.3667,
	76.5333 13.4,
	76.3555 13.4222,
	76.311 13.4222,
	76.2666 13.4,
	76.2444 13.4,
	76.1555 13.3111,
	76.1444 13.2333,
	"/>
</Transform>

<Transform dim="0"
 xcoef=" 0 1 0 0 0 0"
 ycoef=" 0 0 1 0 0 0">
<Contour name="TB3_NF01-PG_RSL" hidden="false" closed="true" simplified="true" border="1 1 0" fill="1 1 0" mode="-9"
 points="80.4666 10.7555,
	80.5888 10.5778,
	80.6777 10.5444,
	80.7666 10.5333,
	80.8555 10.5667,
	80.8999 10.6111,
	80.9444 10.7,
	80.9666 10.7889,
	80.9333 10.9667,
	80.9221 11.0555,
	80.9221 11.0778,
	80.8777 11.1,
	80.6999 11.1,
	80.6555 11.1,
	80.6333 11.0889,
	80.6221 11.1111,
	80.5333 11.0555,
	80.4888 11.0222,
	80.4888 11,
	80.4666 10.9778,
	80.4666 10.8,
	80.4666 10.7667,
	"/>
</Transform>

<Transform dim="0"
 xcoef=" 0 1 0 0 0 0"
 ycoef=" 0 0 1 0 0 0">
<Contour name="TB2_T2cell01_CM_LES" hidden="false" closed="true" simplified="false" border="0.501961 1 0.501961" fill="0.501961 1 0.501961" mode="-9"
 points="34.3326 41.405,
	34.4139 41.1883,
	34.4952 41.0799,
	34.4952 41.0257,
	34.712 40.836,
	34.8203 40.7818,
	35.0371 40.5921,
	35.4707 40.3753,
	35.6875 40.3211,
	35.9042 40.3482,
	36.121 40.3211,
	36.2023 40.1044,
	36.3649 39.8876,
	36.5817 39.8063,
	36.6901 39.7521,
	36.7985 39.7521,
	37.232 39.5082,
	37.3404 39.4811,
	37.4488 39.5624,
	37.6656 39.5895,
	37.8824 39.5624,
	38.0991 39.5895,
	38.2346 39.8063,
	38.2617 40.2399,
	38.2346 40.6734,
	38.2075 40.7818,
	38.0179 40.9715,
	37.8011 41.0528,
	37.3675 41.1341,
	36.5004 41.4863,
	36.2836 41.5676,
	35.4165 41.7573,
	34.9829 41.8115,
	34.7661 41.8386,
	34.5494 41.8115,
	34.3597 41.6218,
	34.3326 41.4321,
	"/>
</Transform>

<Transform dim="0"
 xcoef=" 0 1 0 0 0 0"
 ycoef=" 0 0 1 0 0 0">
<Contour name="TB2_NF04_LES" hidden="false" closed="true" simplified="true" border="0.627451 0.313725 0.313725" fill="0.627451 0.313725 0.313725" mode="-9"
 points="33.0048 41.6779,
	33.1075 41.4431,
	33.2396 41.2083,
	33.4303 40.9735,
	33.5771 40.7386,
	33.6358 40.6212,
	33.8119 40.3864,
	33.9146 40.269,
	33.9733 40.225,
	34.1054 39.9902,
	34.2962 39.7554,
	34.3696 39.638,
	34.487 39.5206,
	34.7218 39.3445,
	34.7805 39.3151,
	34.8979 39.3298,
	34.9419 39.3738,
	34.9713 39.4912,
	34.9713 39.5499,
	34.8539 39.7848,
	34.5163 40.2544,
	34.4576 40.3718,
	34.2815 40.6066,
	34.1935 40.724,
	34.0761 40.8267,
	34.0174 40.8561,
	33.8266 41.0762,
	33.7532 41.1936,
	33.7532 41.2523,
	33.6652 41.4871,
	33.6211 41.6045,
	33.4597 41.8393,
	33.401 41.8833,
	33.2836 41.9273,
	33.1662 41.9127,
	33.0488 41.8686,
	33.0048 41.8246,
	33.0048 41.7072,
	33.0048 41.6925,
	"/>
</Transform>

<Transform dim="0"
 xcoef=" 0 1 0 0 0 0"
 ycoef=" 0 0 1 0 0 0">
<Contour name="TB2_NF04_LES" hidden="false" closed="true" simplified="true" border="0.627451 0.313725 0.313725" fill="0.627451 0.313725 0.313725" mode="-9"
 points="31.2144 44.202,
	31.2437 44.1433,
	31.2437 44.114,
	31.3318 43.9966,
	31.4492 43.8938,
	31.684 43.7911,
	31.8014 43.7471,
	31.9188 43.7324,
	32.0362 43.7471,
	32.1536 43.8058,
	32.271 43.8938,
	32.2857 44.0112,
	32.271 44.1286,
	32.227 44.246,
	32.1389 44.3635,
	31.9188 44.5396,
	31.684 44.6276,
	31.5666 44.6716,
	31.4492 44.657,
	31.3905 44.6716,
	31.2878 44.5983,
	31.2584 44.5689,
	31.2291 44.3341,
	31.2144 44.2167,
	"/>
</Transform>

<Transform dim="0"
 xcoef=" 0 1 0 0 0 0"
 ycoef=" 0 0 1 0 0 0">
<Image mag="0.00749" contrast="1" brightness="0" red="true" green="true" blue="true"
 src="Alg_stitch3-4_341.tif" />
<Contour name="domain1" hidden="false" closed="true" simplified="false" border="1 0 1" fill="1 0 1" mode="11"
 points="0 0,
	15652 0,
	15652 8578,
	0 8578,
	"/>
</Transform>

<Transform dim="0"
 xcoef=" 0 1 0 0 0 0"
 ycoef=" 0 0 1 0 0 0">
<Image mag="0.00749" contrast="1" brightness="0" red="true" green="true" blue="true"
 src="Alg_stitch3-4_341.tif" />
<Contour name="domain1" hidden="false" closed="true" simplified="false" border="1 0 1" fill="1 0 1" mode="11"
 points="0 0,
	15652 0,
	15652 8578,
	0 8578,
	"/>
</Transform>

<Transform dim="0"
 xcoef=" 0 1 0 0 0 0"
 ycoef=" 0 0 1 0 0 0">
<Image mag="0.00749" contrast="1" brightness="0" red="true" green="true" blue="true"
 src="Alg_stitch3-4_341.tif" />
<Contour name="domain1" hidden="false" closed="true" simplified="false" border="1 0 1" fill="1 0 1" mode="11"
 points="0 0,
	15652 0,
	15652 8578,
	0 8578,
	"/>
</Transform>

<Transform dim="0"
 xcoef=" 0 1 0 0 0 0"
 ycoef=" 0 0 1 0 0 0">
<Image mag="0.00749" contrast="1" brightness="0" red="true" green="true" blue="true"
 src="Alg_stitch3-4_341.tif" />
<Contour name="domain1" hidden="false" closed="true" simplified="false" border="1 0 1" fill="1 0 1" mode="11"
 points="0 0,
	15652 0,
	15652 8578,
	0 8578,
	"/>
</Transform>

<Transform dim="0"
 xcoef=" 0 1 0 0 0 0"
 ycoef=" 0 0 1 0 0 0">
<Image mag="0.00749" contrast="1" brightness="0" red="true" green="true" blue="true"
 src="Alg_stitch3-4_341.tif" />
<Contour name="DENucleus2" hidden="false" closed="true" simplified="false" border="0 0 0.627" fill="0 0 0.627" mode="11"
 points="0 0,
	15652 0,
	15652 8578,
	0 8578,
	"/>
</Transform>

<Transform dim="0"
 xcoef=" 0 1 0 0 0 0"
 ycoef=" 0 0 1 0 0 0">
<Image mag="0.00749" contrast="1" brightness="0" red="true" green="true" blue="true"
 src="Alg_stitch3-4_341.tif" />
<Contour name="domain1" hidden="false" closed="true" simplified="false" border="1 0 1" fill="1 0 1" mode="11"
 points="0 0,
	15652 0,
	15652 8578,
	0 8578,
	"/>
</Transform>

<Transform dim="0"
 xcoef=" 0 1 0 0 0 0"
 ycoef=" 0 0 1 0 0 0">
<Image mag="0.00749" contrast="1" brightness="0" red="true" green="true" blue="true"
 src="Alg_stitch3-4_341.tif" />
<Contour name="domain1" hidden="false" closed="true" simplified="false" border="1 0 1" fill="1 0 1" mode="11"
 points="0 0,
	15652 0,
	15652 8578,
	0 8578,
	"/>
</Transform>

<Transform dim="0"
 xcoef=" 0 1 0 0 0 0"
 ycoef=" 0 0 1 0 0 0">
<Image mag="0.00749" contrast="1" brightness="0" red="true" green="true" blue="true"
 src="Alg_stitch3-4_341.tif" />
<Contour name="domain1" hidden="false" closed="true" simplified="false" border="1 0 1" fill="1 0 1" mode="11"
 points="0 0,
	15652 0,
	15652 8578,
	0 8578,
	"/>
</Transform>

<Transform dim="0"
 xcoef=" 0 1 0 0 0 0"
 ycoef=" 0 0 1 0 0 0">
<Image mag="0.00749" contrast="1" brightness="0" red="true" green="true" blue="true"
 src="Alg_stitch3-4_341.tif" />
<Contour name="domain1" hidden="false" closed="true" simplified="false" border="1 0 1" fill="1 0 1" mode="11"
 points="0 0,
	15652 0,
	15652 8578,
	0 8578,
	"/>
</Transform>

<Transform dim="0"
 xcoef=" 0 1 0 0 0 0"
 ycoef=" 0 0 1 0 0 0">
<Image mag="0.00749" contrast="1" brightness="0" red="true" green="true" blue="true"
 src="Alg_stitch3-4_341.tif" />
<Contour name="domain1" hidden="false" closed="true" simplified="false" border="1 0 1" fill="1 0 1" mode="11"
 points="0 0,
	15652 0,
	15652 8578,
	0 8578,
	"/>
</Transform>

<Transform dim="0"
 xcoef=" 0 1 0 0 0 0"
 ycoef=" 0 0 1 0 0 0">
<Image mag="0.00749" contrast="1" brightness="0" red="true" green="true" blue="true"
 src="Alg_stitch3-4_341.tif" />
<Contour name="domain1" hidden="false" closed="true" simplified="false" border="1 0 1" fill="1 0 1" mode="11"
 points="0 0,
	15652 0,
	15652 8578,
	0 8578,
	"/>
</Transform>

<Transform dim="0"
 xcoef=" 0 1 0 0 0 0"
 ycoef=" 0 0 1 0 0 0">
<Image mag="0.00749" contrast="1" brightness="0" red="true" green="true" blue="true"
 src="Alg_stitch3-4_341.tif" />
<Contour name="domain1" hidden="false" closed="true" simplified="false" border="1 0 1" fill="1 0 1" mode="11"
 points="0 0,
	15652 0,
	15652 8578,
	0 8578,
	"/>
</Transform>

<Transform dim="0"
 xcoef=" 0 1 0 0 0 0"
 ycoef=" 0 0 1 0 0 0">
<Image mag="0.00749" contrast="1" brightness="0" red="true" green="true" blue="true"
 src="Alg_stitch3-4_341.tif" />
<Contour name="domain1" hidden="false" closed="true" simplified="false" border="1 0 1" fill="1 0 1" mode="11"
 points="0 0,
	15652 0,
	15652 8578,
	0 8578,
	"/>
</Transform>

<Transform dim="0"
 xcoef=" 0 1 0 0 0 0"
 ycoef=" 0 0 1 0 0 0">
<Image mag="0.00749" contrast="1" brightness="0" red="true" green="true" blue="true"
 src="Alg_stitch3-4_341.tif" />
<Contour name="domain1" hidden="false" closed="true" simplified="false" border="1 0 1" fill="1 0 1" mode="11"
 points="0 0,
	15652 0,
	15652 8578,
	0 8578,
	"/>
</Transform>

<Transform dim="0"
 xcoef=" 0 1 0 0 0 0"
 ycoef=" 0 0 1 0 0 0">
<Image mag="0.00749" contrast="1" brightness="0" red="true" green="true" blue="true"
 src="Alg_stitch3-4_341.tif" />
<Contour name="domain1" hidden="false" closed="true" simplified="false" border="1 0 1" fill="1 0 1" mode="11"
 points="0 0,
	15652 0,
	15652 8578,
	0 8578,
	"/>
</Transform>

<Transform dim="0"
 xcoef=" 0 1 0 0 0 0"
 ycoef=" 0 0 1 0 0 0">
<Image mag="0.00749" contrast="1" brightness="0" red="true" green="true" blue="true"
 src="Alg_stitch3-4_341.tif" />
<Contour name="DENucleus2" hidden="false" closed="true" simplified="false" border="0 0 0.627" fill="0 0 0.627" mode="11"
 points="0 0,
	15652 0,
	15652 8578,
	0 8578,
	"/>
</Transform>

<Transform dim="0"
 xcoef=" 0 1 0 0 0 0"
 ycoef=" 0 0 1 0 0 0">
<Image mag="0.00749" contrast="1" brightness="0" red="true" green="true" blue="true"
 src="Alg_stitch3-4_341.tif" />
<Contour name="domain1" hidden="false" closed="true" simplified="false" border="1 0 1" fill="1 0 1" mode="11"
 points="0 0,
	15652 0,
	15652 8578,
	0 8578,
	"/>
</Transform>

<Transform dim="0"
 xcoef=" 0 1 0 0 0 0"
 ycoef=" 0 0 1 0 0 0">
<Image mag="0.00749" contrast="1" brightness="0" red="true" green="true" blue="true"
 src="Alg_stitch3-4_341.tif" />
<Contour name="domain1" hidden="false" closed="true" simplified="false" border="1 0 1" fill="1 0 1" mode="11"
 points="0 0,
	15652 0,
	15652 8578,
	0 8578,
	"/>
</Transform>

<Transform dim="0"
 xcoef=" 0 1 0 0 0 0"
 ycoef=" 0 0 1 0 0 0">
<Contour name="TB2_NF13_RSL" hidden="false" closed="true" simplified="true" border="0.501961 0.501961 0.752941" fill="0.501961 0.501961 0.752941" mode="-9"
 points="38.0842 33.6543,
	38.1272 33.4823,
	38.2348 33.3748,
	38.3208 33.3748,
	38.6648 33.5468,
	38.8369 33.5683,
	39.1809 33.5468,
	39.8691 33.2672,
	40.0411 33.2457,
	40.1271 33.2457,
	40.2992 33.1597,
	40.4712 33.1382,
	40.6432 33.1597,
	40.8153 33.2242,
	40.9873 33.3318,
	41.1378 33.5038,
	41.2239 33.6758,
	41.5464 33.9984,
	41.6109 34.1704,
	41.697 34.2349,
	41.74 34.2564,
	41.7185 34.3425,
	41.5464 34.45,
	41.4604 34.4715,
	41.4174 34.4715,
	41.3744 34.5145,
	41.2024 34.5575,
	41.1163 34.6005,
	40.9658 34.7726,
	40.8798 34.8371,
	40.5357 34.9016,
	40.3637 34.9446,
	40.0196 34.9231,
	39.9336 34.9016,
	39.8906 34.8586,
	39.2024 34.579,
	39.0304 34.493,
	38.8799 34.364,
	38.7939 34.321,
	38.7078 34.2349,
	38.3638 33.9984,
	38.2132 33.8694,
	38.1057 33.6973,
	38.0842 33.6758,
	"/>
</Transform>

<Transform dim="0"
 xcoef=" 0 1 0 0 0 0"
 ycoef=" 0 0 1 0 0 0">
<Contour name="TB2_T2Cell07_CM_LES" hidden="false" closed="true" simplified="true" border="0.568627 1 0.780392" fill="0.568627 1 0.780392" mode="-9"
 points="34.4953 44.0559,
	34.8316 43.5435,
	35.0237 43.2872,
	35.1519 43.1751,
	36.1768 42.6466,
	36.433 42.5185,
	36.5611 42.4224,
	36.6732 42.2943,
	36.7533 42.1662,
	36.9935 41.91,
	37.2498 41.7658,
	37.506 41.6698,
	37.6341 41.6217,
	37.7622 41.5416,
	37.8903 41.4135,
	38.9153 40.7569,
	39.1555 40.5808,
	39.2516 40.3245,
	39.2996 40.2765,
	39.4277 40.3406,
	39.5558 40.3085,
	39.8121 40.1644,
	39.9402 40.0843,
	40.1964 39.9882,
	40.2765 39.8601,
	40.2925 39.732,
	40.3085 39.6679,
	40.4847 39.4117,
	40.4847 39.3797,
	40.5327 39.3156,
	40.5648 39.2836,
	40.6288 39.2836,
	40.6929 39.3316,
	40.7089 39.3637,
	40.5808 39.4598,
	40.4527 39.5879,
	40.4206 39.6519,
	40.4046 39.684,
	40.4687 39.732,
	40.5968 39.764,
	40.853 39.748,
	41.1093 39.6679,
	41.6217 39.4277,
	41.8779 39.2996,
	42.1342 39.1395,
	42.3904 38.9473,
	42.5185 38.8512,
	42.7748 38.7391,
	43.031 38.595,
	43.1591 38.5629,
	43.2872 38.579,
	43.4153 38.5469,
	43.5274 38.4188,
	43.5755 38.3548,
	43.7036 38.2907,
	43.7356 38.2747,
	43.7997 38.2907,
	43.8477 38.3387,
	43.5915 38.5469,
	43.5274 38.611,
	43.5114 38.627,
	43.5435 38.659,
	43.6716 38.611,
	44.184 38.3227,
	44.4403 38.2747,
	44.5684 38.2747,
	44.5844 38.2427,
	44.5524 38.1786,
	44.4243 38.1466,
	44.2961 38.1626,
	44.168 38.2427,
	44.0399 38.2907,
	43.9758 38.2747,
	43.9438 38.2747,
	43.9278 38.2427,
	44.0399 38.1466,
	44.2961 38.1145,
	44.5524 38.0505,
	44.8086 38.1306,
	44.9367 38.1306,
	45.4492 37.9544,
	45.7054 37.7782,
	45.8335 37.7462,
	46.0898 37.8423,
	46.6022 37.9544,
	46.6663 37.9704,
	46.7143 37.9224,
	46.7143 37.8903,
	46.5862 37.7942,
	46.4581 37.7302,
	46.33 37.6181,
	46.2659 37.554,
	46.2339 37.522,
	46.2499 37.4579,
	46.314 37.4099,
	46.4421 37.4419,
	46.5702 37.554,
	46.8264 37.6501,
	46.9545 37.6982,
	47.2108 37.7142,
	47.3389 37.7142,
	47.467 37.6821,
	47.5951 37.6021,
	47.7072 37.49,
	47.7232 37.4259,
	47.6111 37.3138,
	47.483 37.2498,
	47.419 37.2337,
	47.3709 37.1697,
	47.403 37.1056,
	47.6592 36.8654,
	47.7873 36.7533,
	48.2998 36.5131,
	48.3638 36.465,
	48.3158 36.417,
	48.0595 36.5131,
	47.9955 36.5451,
	47.8674 36.6572,
	47.8033 36.6732,
	47.7393 36.6572,
	47.6752 36.6092,
	47.9314 36.465,
	48.0595 36.433,
	48.3158 36.3209,
	48.572 36.2408,
	48.8282 36.2248,
	48.8923 36.2408,
	49.1325 36.0647,
	49.3888 35.9846,
	50.4137 35.9366,
	50.9261 35.9045,
	51.1824 35.8885,
	51.3105 35.8565,
	51.5667 35.8565,
	51.6308 35.8565,
	51.6628 35.8405,
	51.919 35.8885,
	52.0472 35.9366,
	52.1112 35.9686,
	52.3675 35.8565,
	52.6237 35.7764,
	53.1361 35.6963,
	53.6486 35.5682,
	53.9048 35.5202,
	54.033 35.4882,
	54.1611 35.4241,
	54.2892 35.3921,
	54.3533 35.344,
	54.6095 35.28,
	54.8657 35.1839,
	55.1219 35.1198,
	55.6344 35.1038,
	56.6593 34.9597,
	57.6843 34.7835,
	58.1967 34.7355,
	59.2217 34.5753,
	59.7341 34.5433,
	59.8622 34.5433,
	60.1185 34.6074,
	60.1825 34.6074,
	60.3107 34.6554,
	60.5669 34.6874,
	60.6309 34.6714,
	60.7591 34.5753,
	60.8872 34.5273,
	61.1434 34.5113,
	61.3996 34.5273,
	61.5278 34.5273,
	61.6559 34.5913,
	61.7199 34.6234,
	61.848 34.7515,
	61.9281 34.8796,
	62.1683 35.0878,
	62.6808 35.1358,
	62.937 35.1839,
	63.1933 35.296,
	63.4335 35.4401,
	63.4495 35.5682,
	63.4335 35.6323,
	63.5936 35.8885,
	63.7217 35.9045,
	63.8499 35.8725,
	63.9139 35.8725,
	63.962 35.9366,
	63.8499 36.0166,
	63.7858 36.0487,
	63.5296 36.0807,
	63.2733 36.0487,
	63.1452 36.0006,
	63.0812 35.9846,
	62.953 36.0327,
	62.8249 36.1448,
	62.6968 36.2248,
	62.6328 36.2569,
	62.5046 36.2729,
	62.3765 36.3209,
	62.3445 36.3529,
	62.3605 36.385,
	62.3125 36.5131,
	62.1843 36.6092,
	61.9281 36.7053,
	61.6719 36.7693,
	61.4157 36.8013,
	61.2875 36.8494,
	61.1594 36.8654,
	60.647 36.8334,
	60.5188 36.8494,
	60.4548 36.8494,
	59.9423 37.0256,
	59.6861 37.0896,
	59.558 37.1056,
	59.4299 37.1537,
	59.3017 37.2498,
	59.0455 37.3779,
	58.7893 37.474,
	58.6612 37.506,
	58.4049 37.6181,
	58.1487 37.6821,
	58.0206 37.7622,
	57.5882 38.2587,
	57.4601 38.3708,
	57.396 38.4188,
	57.1398 38.4989,
	57.1077 38.5629,
	57.0917 38.595,
	57.332 38.7391,
	57.396 38.8672,
	57.348 38.9953,
	57.2839 39.0274,
	57.1558 38.9633,
	57.0597 38.8352,
	56.9316 38.7551,
	56.8035 38.7071,
	56.7394 38.7071,
	56.6113 38.7711,
	56.5472 38.7871,
	56.291 38.9953,
	56.1629 39.0754,
	55.9067 39.1395,
	55.7785 39.1555,
	55.5223 39.3156,
	55.2661 39.4277,
	55.0098 39.5078,
	54.7536 39.6199,
	54.6255 39.684,
	54.4974 39.78,
	54.4333 39.8441,
	53.9209 40.1324,
	53.7927 40.1964,
	53.6646 40.2925,
	53.5365 40.3566,
	53.4564 40.4847,
	53.2162 40.7249,
	52.96 40.9011,
	52.7038 41.0292,
	52.1913 41.2053,
	52.1272 41.2214,
	51.9991 41.3014,
	51.9671 41.3014,
	51.903 41.3495,
	51.6468 41.4295,
	51.3906 41.4776,
	50.8781 41.4936,
	50.3656 41.6377,
	50.1094 41.7178,
	49.8532 41.7178,
	49.3407 41.7979,
	49.2126 41.8299,
	49.1485 41.8459,
	49.0204 41.942,
	48.7802 42.1982,
	48.7482 42.2623,
	48.6201 42.3904,
	48.3638 42.5506,
	48.2357 42.6146,
	47.9795 42.5345,
	47.467 42.7587,
	47.3389 42.8068,
	47.0827 42.8388,
	46.5702 42.7908,
	46.314 42.8068,
	45.289 43.031,
	45.1609 43.047,
	44.9047 42.999,
	44.3922 43.1751,
	44.2641 43.2392,
	43.7516 43.3193,
	43.2392 43.5274,
	42.9829 43.6556,
	42.8548 43.7837,
	42.7267 43.8798,
	42.4705 44.12,
	42.2143 44.2641,
	41.958 44.3602,
	41.7018 44.3922,
	41.6377 44.4082,
	41.5416 44.5203,
	41.4135 44.6324,
	41.3495 44.6485,
	41.3174 44.6485,
	41.2053 44.5203,
	41.1573 44.4563,
	41.0292 44.3922,
	40.9011 44.3762,
	40.3886 44.5043,
	40.1324 44.5524,
	39.6199 44.7285,
	39.5398 44.8566,
	39.5238 45.1129,
	39.4758 45.1609,
	39.4117 45.1769,
	39.2836 45.1609,
	39.2195 45.1449,
	38.7071 45.257,
	38.4508 45.289,
	37.9384 45.273,
	37.8103 45.225,
	37.7462 45.209,
	37.2337 45.289,
	36.9775 45.273,
	36.7213 45.3051,
	36.465 45.4172,
	36.2088 45.4812,
	36.1448 45.4652,
	36.0166 45.3531,
	35.9846 45.3211,
	35.9846 45.257,
	36.0487 45.241,
	36.1768 45.273,
	36.2408 45.257,
	36.369 45.289,
	36.433 45.289,
	36.4971 45.257,
	36.5131 45.225,
	36.401 45.1449,
	36.1448 45.0648,
	35.8885 44.8406,
	35.8245 44.8086,
	35.7604 44.8246,
	35.2479 44.5844,
	35.1839 44.5524,
	35.0558 44.5524,
	34.9917 44.5364,
	34.9597 44.5364,
	34.8316 44.6164,
	34.7034 44.6645,
	34.5753 44.5524,
	34.5273 44.4243,
	34.5113 44.168,
	34.4953 44.104,
	34.4953 44.0719,
	"/>
</Transform>

<Transform dim="0"
 xcoef=" 0 1 0 0 0 0"
 ycoef=" 0 0 1 0 0 0">
<Contour name="TB2_NF21_LES" hidden="false" closed="true" simplified="true" border="0.705882 0.705882 1" fill="0.705882 0.705882 1" mode="-9"
 points="45.5987 32.0512,
	45.64 31.9686,
	45.6606 31.9273,
	45.6916 31.5969,
	45.7226 31.4317,
	45.7329 31.3904,
	45.7329 31.3697,
	45.8465 31.2045,
	45.8878 31.1219,
	45.9497 31.0393,
	46.0117 30.8741,
	46.0117 30.8534,
	46.0737 30.7708,
	46.115 30.7399,
	46.1976 30.7502,
	46.2182 30.7502,
	46.2389 30.8328,
	46.3215 30.8844,
	46.4041 30.8947,
	46.4454 30.8947,
	46.4867 30.9154,
	46.5177 30.9567,
	46.5177 30.998,
	46.528 31.0187,
	46.6106 31.0187,
	46.7758 31.1013,
	46.8171 31.1426,
	46.8481 31.2252,
	46.8584 31.2665,
	46.8171 31.3491,
	46.7758 31.3904,
	46.7552 31.5556,
	46.7345 31.6382,
	46.7035 31.6795,
	46.6622 31.6898,
	46.5796 31.6692,
	46.4144 31.6795,
	46.3731 31.6898,
	46.0427 31.9893,
	45.9704 32.0719,
	45.9497 32.0925,
	45.9394 32.1338,
	45.8362 32.2887,
	45.8155 32.2681,
	45.7949 32.2681,
	45.6296 32.1235,
	45.609 32.0822,
	45.5987 32.0616,
	"/>
</Transform>

<Transform dim="0"
 xcoef=" 0 1 0 0 0 0"
 ycoef=" 0 0 1 0 0 0">
<Contour name="TB2_NF21_LES" hidden="false" closed="true" simplified="true" border="0.705882 0.705882 1" fill="0.705882 0.705882 1" mode="-9"
 points="44.8677 36.7421,
	45.0313 36.5376,
	45.1267 36.4286,
	45.1812 36.374,
	45.6175 36.0741,
	45.7266 36.0059,
	45.7811 35.9787,
	45.822 35.9241,
	45.8356 35.8696,
	45.8765 35.8151,
	45.9856 35.7605,
	46.0947 35.7469,
	46.1492 35.7469,
	46.2583 35.7878,
	46.3128 35.8014,
	46.3673 35.8423,
	46.3673 35.8969,
	46.3128 36.0059,
	46.2855 36.115,
	46.231 36.2241,
	45.8765 36.6603,
	45.6993 36.8785,
	45.4812 36.9466,
	45.3721 37.0284,
	45.263 37.0148,
	45.2085 36.9603,
	45.0994 36.9466,
	45.1131 36.9739,
	45.0585 36.9875,
	45.004 36.9739,
	44.8949 36.8785,
	44.8677 36.8239,
	44.8677 36.7694,
	44.8677 36.7558,
	"/>
</Transform>

<Transform dim="0"
 xcoef=" 0 1 0 0 0 0"
 ycoef=" 0 0 1 0 0 0">
<Contour name="Tb2_NF40_LES" hidden="false" closed="true" simplified="true" border="0.501961 0.25098 0.25098" fill="0.501961 0.25098 0.25098" mode="-9"
 points="17.0238 37.7763,
	17.0803 37.6257,
	17.1933 37.475,
	17.2686 37.4185,
	17.4193 37.3809,
	17.4946 37.3809,
	17.5699 37.3432,
	17.8713 37.362,
	17.9466 37.362,
	18.0784 37.4939,
	18.0596 37.5692,
	17.9842 37.6257,
	17.9089 37.6445,
	17.7771 37.7763,
	17.4758 37.814,
	17.1745 37.927,
	17.0992 37.927,
	17.0238 37.8517,
	17.0238 37.7952,
	"/>
</Transform>

<Transform dim="0"
 xcoef=" 0 1 0 0 0 0"
 ycoef=" 0 0 1 0 0 0">
<Contour name="TB2_T2Cell14_CM_LES" hidden="false" closed="true" simplified="true" border="1 0.772549 0.666667" fill="1 0.772549 0.666667" mode="-9"
 points="38.0842 36.2207,
	38.2289 36.1664,
	38.3737 36.1483,
	38.6631 36.1664,
	38.8079 36.1845,
	38.8803 36.1664,
	39.1697 35.9493,
	39.3145 35.8769,
	39.3868 35.8227,
	39.4592 35.8046,
	39.6039 35.6779,
	39.6763 35.6236,
	39.7487 35.6056,
	39.7849 35.6056,
	39.8572 35.5332,
	39.9296 35.497,
	39.9839 35.4246,
	40.002 35.3523,
	40.1467 35.2075,
	40.2914 35.1171,
	40.4362 35.1532,
	40.5086 35.1532,
	40.6533 35.2256,
	40.798 35.2618,
	41.0875 35.2256,
	41.377 35.1171,
	41.5217 35.0809,
	41.5941 35.0628,
	41.7388 34.9361,
	41.8112 34.8819,
	41.9559 34.8276,
	41.9921 34.8095,
	42.0283 34.8276,
	42.173 34.7371,
	42.2997 34.5924,
	42.3359 34.52,
	42.4806 34.3934,
	42.6253 34.3391,
	42.7701 34.4296,
	42.7882 34.4657,
	42.7701 34.5019,
	42.8063 34.5743,
	42.8244 34.6105,
	42.9691 34.5019,
	43.0596 34.3572,
	43.2043 34.2848,
	43.2767 34.321,
	43.3129 34.3753,
	43.2767 34.4476,
	43.349 34.4838,
	43.6385 34.3391,
	43.928 34.321,
	44.0004 34.3391,
	44.0727 34.321,
	44.1089 34.2848,
	44.0727 34.2486,
	43.7833 34.2125,
	43.6385 34.0677,
	43.6023 33.9953,
	43.6204 33.923,
	43.7652 33.8506,
	43.9099 33.8325,
	43.9642 33.9049,
	43.9461 33.9773,
	43.9642 34.0496,
	44.0908 34.1401,
	44.1632 34.1582,
	44.2356 34.1401,
	44.3079 34.1582,
	44.3803 34.1401,
	44.525 34.2305,
	45.104 34.0315,
	45.3935 33.8325,
	45.5382 33.7421,
	45.8277 33.4526,
	45.9543 33.3078,
	46.0448 33.1631,
	46.5695 32.5841,
	46.8589 32.3309,
	47.0037 32.2404,
	47.076 32.2042,
	47.1846 32.0595,
	47.3112 31.77,
	47.4017 31.6253,
	47.4741 31.5891,
	47.5464 31.6072,
	47.5826 31.7519,
	47.6188 31.8243,
	47.7635 31.9147,
	47.9083 31.9328,
	48.053 31.9147,
	48.1978 31.9328,
	48.3425 31.9147,
	48.632 31.9509,
	48.7767 31.9328,
	48.8491 31.9509,
	48.9938 31.8966,
	49.0662 31.8243,
	49.0843 31.8062,
	49.1567 31.8424,
	49.1928 31.8605,
	49.2833 31.7157,
	49.3557 31.7157,
	49.3919 31.7157,
	49.428 31.7519,
	49.5728 31.6614,
	49.6451 31.6072,
	49.7899 31.571,
	49.9346 31.5891,
	50.007 31.5891,
	50.0432 31.5891,
	50.1879 31.4443,
	50.3326 31.3901,
	50.9116 31.2996,
	51.2011 31.173,
	51.2734 31.1549,
	51.4001 31.0101,
	51.5448 30.9378,
	51.6172 30.8835,
	51.9248 30.3226,
	52.0695 30.2502,
	52.1419 30.2683,
	52.1781 30.2864,
	52.0695 30.4312,
	51.9971 30.5035,
	51.961 30.5759,
	51.9429 30.6121,
	52.0876 30.7026,
	52.16 30.7206,
	52.3047 30.8473,
	52.5942 30.7206,
	52.8837 30.5578,
	53.0827 30.2683,
	53.1912 30.1236,
	53.2093 30.0512,
	53.2817 29.997,
	53.4264 29.9608,
	53.5712 29.9789,
	53.6435 29.9789,
	53.7159 30.015,
	53.7521 30.0874,
	53.734 30.1598,
	53.6073 30.2864,
	53.535 30.2683,
	53.4988 30.2502,
	53.3541 30.395,
	53.2817 30.4493,
	53.4264 30.5397,
	53.5712 30.5397,
	53.8606 30.6664,
	54.1501 30.7387,
	54.7291 30.7206,
	54.8738 30.7206,
	55.0185 30.6845,
	55.308 30.6845,
	55.5975 30.7568,
	55.7422 30.7749,
	56.0317 30.7387,
	56.1764 30.7026,
	56.3212 30.6302,
	56.6107 30.5759,
	56.7554 30.5578,
	57.0449 30.6845,
	57.1715 30.8292,
	57.2982 31.1187,
	57.3343 31.191,
	57.4791 31.2815,
	57.7686 31.3177,
	57.8409 31.3358,
	57.9857 31.4443,
	57.9314 31.5167,
	57.9133 31.6614,
	57.859 31.8062,
	57.7143 31.9509,
	57.66 32.0957,
	57.7143 32.2404,
	57.7324 32.3128,
	57.8771 32.4575,
	58.1666 32.548,
	58.4561 32.5661,
	58.6008 32.6203,
	58.6732 32.6565,
	58.7094 32.7289,
	58.6732 32.8013,
	58.5284 32.9279,
	58.239 33.0726,
	57.9495 33.1269,
	57.8047 33.0907,
	57.66 33.0003,
	57.3705 32.9098,
	57.2982 32.8917,
	57.2258 32.9098,
	57.1715 32.9822,
	57.3163 33.0726,
	57.461 33.1088,
	57.5334 33.1269,
	57.6057 33.1812,
	57.6238 33.2174,
	57.4791 33.3259,
	57.1896 33.4345,
	57.1534 33.4526,
	57.0811 33.4164,
	56.9906 33.1269,
	56.8459 33.0365,
	56.7011 32.9822,
	56.1222 32.4575,
	56.0498 32.4213,
	56.0136 32.4032,
	55.8689 32.4937,
	55.7784 32.6384,
	55.6337 32.6927,
	55.4889 32.7108,
	55.3442 32.6927,
	55.2899 32.6203,
	55.3985 32.3309,
	55.3623 32.2585,
	55.3442 32.2223,
	54.8014 32.7832,
	54.6567 32.8917,
	54.512 32.946,
	54.4396 32.9279,
	54.1501 32.6927,
	54.0054 32.6022,
	53.7159 32.4937,
	53.5712 32.4394,
	53.2817 32.5299,
	52.9922 32.6565,
	52.7027 32.747,
	52.6665 32.7651,
	52.5218 32.6927,
	52.4494 32.6565,
	52.4133 32.6384,
	51.2554 33.1631,
	51.1106 33.2355,
	51.0382 33.2897,
	51.0021 33.3621,
	50.984 33.5069,
	50.9297 33.6516,
	50.8935 33.724,
	50.7488 33.8687,
	50.4593 33.9773,
	50.1698 34.0315,
	49.5909 34.3029,
	49.0119 34.2848,
	48.8672 34.321,
	48.7224 34.4115,
	48.433 34.4657,
	48.1435 34.4115,
	48.0711 34.4115,
	47.7816 34.6467,
	47.7455 34.6467,
	47.7093 34.6828,
	47.4198 34.6828,
	47.1303 34.719,
	46.8408 34.7914,
	46.6961 34.8095,
	46.4066 34.9361,
	46.1172 35.0266,
	45.9724 35.1171,
	45.8277 35.1532,
	45.6829 35.2437,
	45.6106 35.2618,
	45.4658 35.3523,
	45.1764 35.298,
	45.0316 35.2437,
	44.7421 35.1894,
	44.4527 35.2075,
	44.3803 35.2256,
	44.2356 35.1713,
	43.9461 35.2075,
	43.8013 35.298,
	43.5119 35.3884,
	43.2224 35.4065,
	42.9329 35.4608,
	42.354 35.6417,
	41.775 35.895,
	41.6303 35.9493,
	41.4855 35.9674,
	41.1961 36.0579,
	41.0513 36.076,
	40.9066 36.1302,
	40.6171 36.2931,
	40.0382 36.4921,
	39.7487 36.5825,
	39.6039 36.5825,
	39.3145 36.4921,
	39.2421 36.4559,
	38.9526 36.4378,
	38.8079 36.4921,
	38.7355 36.5464,
	38.6631 36.5644,
	38.5184 36.4921,
	38.3737 36.4559,
	38.3013 36.4559,
	38.1566 36.3654,
	38.1023 36.2931,
	38.0842 36.2388,
	"/>
</Transform>

<Transform dim="0"
 xcoef=" 0 1 0 0 0 0"
 ycoef=" 0 0 1 0 0 0">
<Contour name="TB2_T2Cell14_CM_LES" hidden="false" closed="true" simplified="true" border="1 0.772549 0.666667" fill="1 0.772549 0.666667" mode="-9"
 points="36.6368 37.5052,
	36.673 37.4691,
	36.8177 37.4329,
	36.8901 37.4329,
	37.0348 37.3786,
	37.1796 37.3605,
	37.3243 37.2519,
	37.4691 37.1977,
	37.5595 37.071,
	37.4691 36.9444,
	37.3243 36.8539,
	37.0348 36.8358,
	36.9625 36.8358,
	36.9263 36.7635,
	36.9263 36.7273,
	36.9987 36.673,
	37.2881 36.673,
	37.5776 36.7273,
	37.7223 36.7816,
	37.7947 36.8358,
	37.8309 36.872,
	37.8128 37.0167,
	37.6862 37.3062,
	37.6862 37.3424,
	37.6138 37.4148,
	37.5776 37.451,
	37.4329 37.4691,
	37.1434 37.5595,
	36.9987 37.5595,
	36.7092 37.6138,
	36.6368 37.5595,
	36.6368 37.5233,
	"/>
</Transform>

<Transform dim="0"
 xcoef=" 0 1 0 0 0 0"
 ycoef=" 0 0 1 0 0 0">
<Contour name="TB2_NF24_LES" hidden="false" closed="true" simplified="true" border="0 0.501961 0" fill="0 0.501961 0" mode="-9"
 points="47.3855 30.151,
	47.4377 30.0915,
	47.4898 30.0468,
	47.5493 30.017,
	47.5791 29.9947,
	47.6089 29.9873,
	47.7206 29.9054,
	47.7801 29.8607,
	47.8397 29.8011,
	47.8397 29.7863,
	47.9364 29.6746,
	47.9737 29.6225,
	48.0332 29.5778,
	48.1523 29.5257,
	48.1821 29.5182,
	48.4204 29.3917,
	48.4799 29.3619,
	48.4948 29.347,
	48.733 29.2651,
	48.9713 29.2577,
	49.0904 29.2577,
	49.3286 29.2949,
	49.4477 29.3247,
	49.5668 29.3991,
	49.686 29.5108,
	49.7381 29.5704,
	49.7678 29.6001,
	49.8721 29.8384,
	49.8944 29.8979,
	49.9018 29.9575,
	49.9093 29.9873,
	49.9614 30.0468,
	49.9986 30.1064,
	50.021 30.1362,
	50.0284 30.1585,
	49.9912 30.2181,
	49.9465 30.2627,
	49.887 30.2999,
	49.7678 30.3223,
	49.7083 30.3372,
	49.5892 30.3372,
	49.5296 30.3223,
	49.4105 30.2627,
	49.3509 30.2478,
	49.1127 30.151,
	48.9936 30.1287,
	48.7554 30.1734,
	48.6958 30.1883,
	48.6362 30.2181,
	48.6065 30.2255,
	48.4874 30.2925,
	48.3682 30.3223,
	48.264 30.4042,
	48.2342 30.4339,
	48.1747 30.4637,
	48.0556 30.4935,
	48.0258 30.501,
	47.9662 30.4935,
	47.8471 30.4339,
	47.6089 30.3595,
	47.4898 30.3148,
	47.4302 30.2702,
	47.393 30.2106,
	47.3855 30.1585,
	"/>
<Contour name="TB2_NF24_LES" hidden="false" closed="true" simplified="true" border="0 0.501961 0" fill="0 0.501961 0" mode="-9"
 points="50.2294 31.1635,
	50.2517 31.104,
	50.2964 31.0519,
	50.4081 30.9849,
	50.4676 30.97,
	50.5868 30.9774,
	50.7059 30.97,
	50.7654 30.9551,
	50.7952 30.9402,
	50.8399 30.8881,
	50.8622 30.8583,
	50.8622 30.7987,
	50.8473 30.7392,
	50.8473 30.7094,
	50.7878 30.6722,
	50.758 30.6424,
	50.7282 30.5828,
	50.6687 30.5307,
	50.6389 30.5158,
	50.5198 30.4191,
	50.4602 30.3669,
	50.4304 30.3372,
	50.4006 30.2776,
	50.3932 30.2181,
	50.4155 30.0989,
	50.4379 30.0394,
	50.4453 29.9798,
	50.4304 29.8607,
	50.4304 29.8011,
	50.4676 29.682,
	50.5198 29.6225,
	50.5495 29.5927,
	50.5868 29.5331,
	50.6984 29.4289,
	50.758 29.3694,
	50.8175 29.3321,
	50.8994 29.213,
	50.9143 29.1832,
	50.9739 29.1311,
	51.0334 29.0939,
	51.0558 29.079,
	51.1004 29.0269,
	51.3387 28.8706,
	51.3982 28.8333,
	51.5173 28.811,
	51.6365 28.8184,
	51.7556 28.8408,
	51.7854 28.8482,
	51.8375 28.8333,
	51.9566 28.8929,
	52.0683 28.9748,
	52.098 28.9897,
	52.2023 29.0939,
	52.3214 29.1832,
	52.3735 29.2279,
	52.433 29.2875,
	52.5447 29.3694,
	52.5968 29.414,
	52.6638 29.5257,
	52.7011 29.6448,
	52.7085 29.7044,
	52.7159 29.7341,
	52.7011 29.7937,
	52.6564 29.8533,
	52.5968 29.8905,
	52.4777 29.9426,
	52.3586 29.9724,
	52.2395 29.95,
	52.1204 29.9054,
	52.0608 29.8979,
	52.0013 29.9128,
	51.9417 29.95,
	51.8226 30.0617,
	51.7184 30.1808,
	51.6588 30.2106,
	51.6067 30.2702,
	51.5769 30.2925,
	51.5173 30.3074,
	51.4876 30.3148,
	51.4727 30.3372,
	51.4876 30.3967,
	51.4876 30.4563,
	51.4801 30.4861,
	51.4429 30.5456,
	51.4131 30.5754,
	51.3833 30.635,
	51.3685 30.6647,
	51.3089 30.702,
	51.2493 30.7541,
	51.2196 30.7764,
	51.1898 30.836,
	51.1823 30.8657,
	51.1898 30.8955,
	51.2345 30.9551,
	51.2642 30.9849,
	51.294 30.9923,
	51.3312 31.0519,
	51.3163 31.0816,
	51.1972 31.104,
	51.1377 31.1263,
	50.8994 31.2603,
	50.6612 31.3124,
	50.5421 31.3348,
	50.4825 31.3348,
	50.4528 31.3422,
	50.3336 31.3199,
	50.2741 31.2826,
	50.2369 31.2231,
	50.2294 31.171,
	"/>
</Transform>

<Transform dim="0"
 xcoef=" 0 1 0 0 0 0"
 ycoef=" 0 0 1 0 0 0">
<Contour name="TB2_NF24_LES" hidden="false" closed="true" simplified="true" border="0 0.501961 0" fill="0 0.501961 0" mode="-9"
 points="43.8865 33.8734,
	43.9312 33.8138,
	43.9908 33.7841,
	44.1099 33.7766,
	44.229 33.7394,
	44.2588 33.7245,
	44.4895 33.4937,
	44.6087 33.4118,
	44.7278 33.3821,
	44.8469 33.3895,
	44.9065 33.3821,
	44.966 33.3597,
	45.0851 33.2927,
	45.2042 33.2555,
	45.4425 33.1587,
	45.5616 33.1438,
	45.6211 33.1364,
	45.6807 33.0992,
	45.7403 33.0396,
	45.77 33.0173,
	45.7849 33.0173,
	45.8147 32.9949,
	45.8445 32.9875,
	45.8743 32.9949,
	45.9115 33.047,
	45.9115 33.1066,
	45.8966 33.1662,
	45.837 33.2853,
	45.7551 33.4044,
	45.6509 33.5161,
	45.6063 33.5756,
	45.5467 33.6352,
	45.5169 33.6649,
	45.4946 33.6798,
	45.435 33.732,
	45.3159 33.7692,
	45.2564 33.7915,
	45.1968 33.8436,
	45.1372 33.8808,
	44.6608 34.0372,
	44.6012 34.0595,
	44.5714 34.0595,
	44.4523 34.1116,
	44.3332 34.1489,
	44.2141 34.1414,
	44.1545 34.1414,
	44.095 34.1265,
	43.9759 34.1191,
	43.9238 34.0744,
	43.894 34.0521,
	43.8865 33.933,
	43.8865 33.8808,
	"/>
</Transform>

<Transform dim="0"
 xcoef=" 0 1 0 0 0 0"
 ycoef=" 0 0 1 0 0 0">
<Contour name="TB2_NF24_LES" hidden="false" closed="true" simplified="true" border="0 0.501961 0" fill="0 0.501961 0" mode="-9"
 points="35.3623 37.4942,
	35.3962 37.404,
	35.4751 37.325,
	35.5202 37.3025,
	35.6105 37.2912,
	35.791 37.2122,
	35.9714 37.0769,
	36.0617 37.0205,
	36.1068 36.9979,
	36.1294 36.9753,
	36.3098 36.9189,
	36.4001 36.8738,
	36.4903 36.7949,
	36.5354 36.7723,
	36.8964 36.7836,
	37.2573 36.8287,
	37.3476 36.84,
	37.5281 36.9641,
	37.5619 37.0092,
	37.5732 37.0543,
	37.5845 37.0769,
	37.5619 37.122,
	37.4717 37.2009,
	37.4265 37.2122,
	37.3363 37.2799,
	37.2461 37.325,
	37.2235 37.325,
	37.1784 37.3589,
	36.9979 37.404,
	36.6369 37.4604,
	36.5467 37.5168,
	36.5016 37.5506,
	36.479 37.5732,
	36.2986 37.6296,
	36.2083 37.6634,
	36.1181 37.6634,
	35.9376 37.7198,
	35.7571 37.7311,
	35.5766 37.7198,
	35.4864 37.6973,
	35.4074 37.6296,
	35.3736 37.5845,
	35.3623 37.5055,
	"/>
<Contour name="TB2_NF24_LES" hidden="false" closed="true" simplified="true" border="0 0.501961 0" fill="0 0.501961 0" mode="-9"
 points="31.358 39.5923,
	31.4708 39.4118,
	31.561 39.3441,
	31.6513 39.299,
	31.6964 39.2652,
	31.7866 39.2313,
	31.8769 39.1636,
	31.9671 39.1298,
	32.1476 39.017,
	32.1927 38.9944,
	32.2829 38.9832,
	32.3732 38.9493,
	32.3957 38.9493,
	32.4183 38.9268,
	32.7792 38.8478,
	32.8695 38.814,
	33.05 38.7914,
	33.2304 38.7463,
	33.3207 38.735,
	33.4109 38.7576,
	33.4222 38.8027,
	33.3658 38.8816,
	33.0274 39.1411,
	32.9484 39.2088,
	32.9259 39.2313,
	32.5649 39.299,
	32.204 39.3892,
	32.1588 39.3892,
	32.1137 39.4118,
	32.0235 39.4231,
	31.6625 39.5584,
	31.6174 39.5697,
	31.5272 39.6374,
	31.4369 39.6825,
	31.3918 39.6938,
	31.358 39.6599,
	31.358 39.6148,
	31.358 39.6035,
	"/>
<Contour name="TB2_NF24_LES" hidden="false" closed="true" simplified="true" border="0 0.501961 0" fill="0 0.501961 0" mode="-9"
 points="25.1089 37.4829,
	25.1879 37.3025,
	25.2894 37.122,
	25.4699 36.9415,
	25.5489 36.8513,
	25.6617 36.6708,
	25.7068 36.6257,
	25.7632 36.4452,
	25.7857 36.2647,
	25.8083 36.1745,
	25.797 35.994,
	25.8083 35.9038,
	25.8534 35.8135,
	25.9324 35.7346,
	25.9775 35.6894,
	26.1467 35.3398,
	26.2369 35.3059,
	26.282 35.2946,
	26.4625 35.4074,
	26.5528 35.4864,
	26.6092 35.5766,
	26.6656 35.9376,
	26.6543 36.2986,
	26.6092 36.479,
	26.4625 36.84,
	26.3948 36.9302,
	26.3497 36.9753,
	26.2933 37.0656,
	26.282 37.1107,
	26.1692 37.2912,
	26.1016 37.3814,
	26.0113 37.4717,
	25.9211 37.5393,
	25.797 37.7085,
	25.7632 37.7988,
	25.7068 37.889,
	25.6842 37.9792,
	25.6729 38.0018,
	25.6842 38.0469,
	25.8083 38.2274,
	25.8647 38.4079,
	25.9211 38.4981,
	25.9211 38.5884,
	26.0001 38.6786,
	26.1805 38.735,
	26.361 38.7688,
	26.5415 38.8252,
	26.722 38.9606,
	26.9024 39.1298,
	27.0265 39.3103,
	27.0829 39.4005,
	27.1393 39.7615,
	27.1506 39.8517,
	27.2408 40.0322,
	27.2972 40.1224,
	27.3875 40.2127,
	27.4777 40.2465,
	27.5679 40.2578,
	27.6131 40.2691,
	27.6356 40.2691,
	27.6695 40.3142,
	27.6807 40.3367,
	27.6018 40.4044,
	27.4213 40.4608,
	27.3311 40.4721,
	27.286 40.4947,
	27.1055 40.5059,
	26.925 40.4608,
	26.564 40.3142,
	26.4738 40.2803,
	26.3836 40.2239,
	26.2031 40.066,
	26.1241 39.9758,
	26.079 39.8855,
	26.0339 39.7051,
	26.0226 39.6148,
	25.9437 39.4344,
	25.876 39.3441,
	25.6842 38.9832,
	25.6955 38.6222,
	25.6842 38.5771,
	25.6053 38.4868,
	25.5601 38.453,
	25.5376 38.4079,
	25.3684 38.2274,
	25.2669 38.0469,
	25.1879 37.9567,
	25.1315 37.7762,
	25.1089 37.686,
	25.1089 37.5055,
	25.1089 37.4942,
	"/>
</Transform>

<Transform dim="0"
 xcoef=" 0 1 0 0 0 0"
 ycoef=" 0 0 1 0 0 0">
<Contour name="TB2_T2Cell13_CM_LES" hidden="false" closed="true" simplified="true" border="0 1 0.501961" fill="0 1 0.501961" mode="-9"
 points="26.0688 38.1208,
	26.1562 37.9461,
	26.4618 37.6186,
	26.5492 37.4439,
	26.833 37.0946,
	26.9858 36.9418,
	27.3352 36.8108,
	27.6845 36.7671,
	27.8592 36.7671,
	28.0338 36.7016,
	28.2085 36.6798,
	28.3832 36.7453,
	28.7325 36.7671,
	29.0818 36.7016,
	29.7805 36.4614,
	30.1298 36.3959,
	30.3045 36.3741,
	30.239 36.3086,
	30.2171 36.2868,
	30.3045 36.2649,
	30.632 36.5051,
	30.763 36.6798,
	30.7411 36.7234,
	30.8721 36.8763,
	30.9595 36.9636,
	31.0031 36.9854,
	31.0031 37.0291,
	31.1778 37.2038,
	31.5053 37.4658,
	31.68 37.5749,
	31.8546 37.6404,
	32.0293 37.6623,
	32.728 37.4876,
	33.0773 37.3129,
	33.252 37.2038,
	33.383 37.0728,
	33.8851 36.3959,
	34.038 36.2213,
	34.1253 36.1339,
	34.2126 36.1121,
	34.2563 36.0903,
	34.3436 36.1121,
	34.3873 36.1339,
	34.4746 36.0684,
	34.824 35.9811,
	35.1733 35.9593,
	35.348 36.0029,
	35.5226 36.0029,
	35.6099 35.9811,
	35.6754 36.0029,
	36.3741 35.9811,
	36.7234 36.0248,
	36.8981 36.0248,
	37.2474 36.0903,
	37.4221 36.1121,
	37.5094 36.1558,
	37.6841 36.1776,
	37.8588 36.1558,
	38.0334 36.1776,
	38.1426 36.3523,
	38.1863 36.3959,
	38.3609 36.4614,
	38.4046 36.4833,
	38.4046 36.5269,
	38.3173 36.5924,
	38.1426 36.6361,
	37.7933 36.6143,
	37.7059 36.5706,
	37.3566 36.5269,
	37.0073 36.5924,
	36.3086 36.6361,
	36.1339 36.6361,
	36.0466 36.6798,
	35.8938 36.8326,
	35.8064 36.9199,
	35.6536 37.0291,
	35.5663 37.0509,
	35.4789 37.1164,
	35.1296 37.2038,
	34.7803 37.2256,
	34.6056 37.2693,
	34.4528 37.4003,
	34.2563 37.7278,
	34.169 37.7933,
	33.8196 37.8806,
	33.776 37.8806,
	33.7105 37.9461,
	33.3611 38.0334,
	33.0118 38.1863,
	32.8371 38.2736,
	32.6843 38.4483,
	32.597 38.5356,
	31.8983 38.7539,
	31.549 38.8849,
	31.3743 38.9286,
	31.1996 39.0596,
	31.1123 39.1033,
	31.0686 39.1033,
	30.7193 39.3434,
	30.37 39.5181,
	30.1953 39.6054,
	29.846 39.7146,
	29.7587 39.7364,
	29.4312 39.9548,
	29.2565 40.0203,
	28.9072 40.0421,
	28.5578 40.1076,
	28.3832 40.1076,
	28.0338 40.0421,
	27.7063 39.8456,
	27.6627 39.8238,
	27.3133 39.8674,
	27.226 39.8674,
	27.1823 39.8456,
	27.1387 39.6709,
	27.0732 39.5836,
	27.0513 39.2343,
	27.0077 39.1469,
	26.6802 38.8631,
	26.5928 38.7976,
	26.4182 38.7321,
	26.2435 38.6011,
	26.1562 38.5138,
	26.0688 38.3391,
	26.0688 38.1644,
	26.0688 38.1426,
	"/>
</Transform>

<Transform dim="0"
 xcoef=" 0 1 0 0 0 0"
 ycoef=" 0 0 1 0 0 0">
<Contour name="Tb2_NF34_LES" hidden="false" closed="true" simplified="true" border="0.756863 0.513725 1" fill="0.756863 0.513725 1" mode="-9"
 points="44.9268 37.2159,
	44.9764 37.1663,
	45.3731 37.1167,
	45.5715 37.0671,
	45.6706 37.0919,
	45.7202 37.1167,
	45.8194 37.0671,
	45.869 37.0671,
	45.9186 37.0175,
	46.1169 36.9679,
	46.5136 37.0423,
	46.9103 37.1663,
	47.1087 37.2159,
	47.2079 37.2159,
	47.4062 37.3398,
	47.4806 37.439,
	47.4558 37.5382,
	47.3814 37.6126,
	47.3318 37.6374,
	46.9351 37.563,
	46.7368 37.5382,
	46.3401 37.3646,
	46.1417 37.3398,
	45.745 37.4142,
	45.5467 37.4142,
	45.15 37.3398,
	44.9516 37.2655,
	44.9268 37.2407,
	"/>
</Transform>

<Transform dim="0"
 xcoef=" 0 1 0 0 0 0"
 ycoef=" 0 0 1 0 0 0">
<Contour name="Tb2_NF34_LES" hidden="false" closed="true" simplified="true" border="0.756863 0.513725 1" fill="0.756863 0.513725 1" mode="-9"
 points="57.4478 38.6043,
	57.5222 38.406,
	57.547 38.3068,
	57.6957 38.1084,
	58.0925 37.7861,
	58.4892 37.563,
	58.8859 37.4142,
	59.2826 37.315,
	59.4809 37.2655,
	59.5305 37.2159,
	59.9272 37.1415,
	60.1256 37.1663,
	60.2247 37.1415,
	60.4231 36.9927,
	60.6214 36.9183,
	60.8198 36.8935,
	61.2165 36.9431,
	61.6132 36.9183,
	61.8116 36.9679,
	61.9107 37.0423,
	62.0347 37.2407,
	62.0595 37.439,
	62.1091 37.5382,
	62.1091 37.5878,
	61.7372 37.9101,
	61.5388 38.0837,
	61.3405 38.1828,
	61.1421 38.3316,
	60.9438 38.5299,
	60.7454 38.6787,
	60.5719 38.8771,
	60.4727 38.9514,
	60.2743 39.001,
	60.1752 39.0258,
	60.1256 39.0754,
	60.076 39.0754,
	59.6793 39.3482,
	59.5801 39.4225,
	59.4809 39.4225,
	59.3817 39.4721,
	58.985 39.3482,
	58.7867 39.3234,
	58.5883 39.3482,
	58.1916 39.4721,
	57.7949 39.4225,
	57.6957 39.3729,
	57.5718 39.1746,
	57.4478 38.7779,
	57.4478 38.6787,
	57.4478 38.6291,
	"/>
</Transform>

<Transform dim="0"
 xcoef=" 0 1 0 0 0 0"
 ycoef=" 0 0 1 0 0 0">
<Contour name="Tb2_NF32_LES" hidden="false" closed="true" simplified="true" border="0.396078 0.462745 0.737255" fill="0.396078 0.462745 0.737255" mode="-9"
 points="42.1739 37.1472,
	42.2452 37.0046,
	42.3878 36.8977,
	42.5304 36.8977,
	42.8156 37.0046,
	42.9582 37.0759,
	43.2434 37.3611,
	43.4573 37.6463,
	43.5642 37.9315,
	43.4573 38.2167,
	43.386 38.288,
	43.2434 38.288,
	43.1008 38.3593,
	42.9582 38.3593,
	42.8156 38.288,
	42.7443 38.1454,
	42.2808 37.6107,
	42.1739 37.3255,
	42.1739 37.1829,
	"/>
</Transform>

<Transform dim="0"
 xcoef=" 0 1 0 0 0 0"
 ycoef=" 0 0 1 0 0 0">
<Contour name="Tb2_NF32_LES" hidden="false" closed="true" simplified="true" border="0.396078 0.462745 0.737255" fill="0.396078 0.462745 0.737255" mode="-9"
 points="47.5927 47.2362,
	47.6996 46.951,
	47.7709 46.8797,
	48.0561 46.844,
	48.1987 46.9153,
	48.4483 47.2005,
	48.5196 47.3431,
	48.4839 47.6283,
	48.3413 47.7709,
	48.0561 47.8422,
	47.9848 47.8422,
	47.7353 47.5927,
	47.6283 47.3075,
	47.5927 47.2718,
	"/>
</Transform>

<Transform dim="0"
 xcoef=" 0 1 0 0 0 0"
 ycoef=" 0 0 1 0 0 0">
<Contour name="Tb2_NF34_LES" hidden="false" closed="true" simplified="true" border="0.756863 0.513725 1" fill="0.756863 0.513725 1" mode="-9"
 points="15.3738 38.3535,
	15.4663 38.3073,
	15.8361 38.2611,
	15.9286 38.2148,
	16.1136 38.2611,
	16.8534 38.2611,
	17.2233 38.2842,
	17.3157 38.3073,
	17.4082 38.3767,
	17.4544 38.4691,
	17.5007 38.5154,
	17.5238 38.6078,
	17.4776 38.7928,
	17.4082 38.8853,
	17.2233 38.9777,
	17.1308 39.0471,
	16.9458 39.0702,
	16.8534 39.0471,
	16.4835 39.1164,
	16.2985 39.1627,
	16.1136 39.1396,
	15.7437 38.8853,
	15.6512 38.7928,
	15.5818 38.6078,
	15.5356 38.5154,
	15.3738 38.3767,
	"/>
</Transform>

<Transform dim="0"
 xcoef=" 0 1 0 0 0 0"
 ycoef=" 0 0 1 0 0 0">
<Contour name="Tb2_NF35_LES" hidden="false" closed="true" simplified="true" border="0 0.776471 0.384314" fill="0 0.776471 0.384314" mode="-9"
 points="15.6512 42.8848,
	15.7437 42.8154,
	16.1136 42.8616,
	16.1829 42.9541,
	16.1829 43.1391,
	16.0442 43.324,
	15.9517 43.3934,
	15.7899 43.2315,
	15.7206 43.0466,
	15.6743 42.9541,
	15.6512 42.9079,
	"/>
</Transform>

<Transform dim="0"
 xcoef=" 0 1 0 0 0 0"
 ycoef=" 0 0 1 0 0 0">
<Contour name="Tb2_NF36_LES" hidden="false" closed="true" simplified="true" border="0.992157 0.407843 0.407843" fill="0.992157 0.407843 0.407843" mode="-9"
 points="42.8385 48.0402,
	42.8616 47.9477,
	43.0235 47.7627,
	43.0697 47.6703,
	43.1622 47.5778,
	43.3471 47.4853,
	43.4396 47.416,
	43.6245 47.3466,
	43.9944 47.0923,
	44.7342 46.838,
	44.8267 46.838,
	45.0117 46.7455,
	45.1966 46.6993,
	45.9364 46.7224,
	46.1213 46.7455,
	46.2138 46.7687,
	46.26 46.7918,
	46.26 46.838,
	46.1676 46.9305,
	45.9826 46.9767,
	45.7977 46.9767,
	45.4278 47.0923,
	45.0579 47.2541,
	44.688 47.3697,
	44.503 47.3929,
	44.3181 47.4622,
	44.2719 47.4622,
	43.9251 47.7627,
	43.5783 48.1095,
	43.3934 48.2482,
	43.0235 48.202,
	42.8616 48.0633,
	"/>
</Transform>

<Transform dim="0"
 xcoef=" 0 1 0 0 0 0"
 ycoef=" 0 0 1 0 0 0">
<Contour name="Tb2_NF32_LES" hidden="false" closed="true" simplified="true" border="0.396078 0.462745 0.737255" fill="0.396078 0.462745 0.737255" mode="-9"
 points="42.196 37.1723,
	42.2693 37.0552,
	42.3278 36.9966,
	42.3864 36.9673,
	42.445 36.9673,
	42.5622 36.9233,
	42.5915 36.9233,
	42.6501 36.9673,
	42.7672 37.0112,
	42.8258 37.0259,
	43.2945 37.4067,
	43.4556 37.641,
	43.5581 37.8754,
	43.5728 37.9339,
	43.5142 38.1683,
	43.4117 38.2708,
	43.3531 38.2855,
	43.2359 38.2708,
	43.1187 38.3147,
	43.0016 38.3147,
	42.8844 38.2415,
	42.7672 38.139,
	42.7086 38.0804,
	42.6793 38.0511,
	42.6793 38.0218,
	42.5036 37.8021,
	42.445 37.7435,
	42.2985 37.5092,
	42.24 37.392,
	42.2107 37.2749,
	42.196 37.2163,
	42.196 37.187,
	"/>
</Transform>

<Transform dim="0"
 xcoef=" 0 1 0 0 0 0"
 ycoef=" 0 0 1 0 0 0">
<Contour name="Tb2_NF32_LES" hidden="false" closed="true" simplified="true" border="0.396078 0.462745 0.737255" fill="0.396078 0.462745 0.737255" mode="-9"
 points="44.5448 33.3137,
	44.8351 33.0011,
	45.5496 32.4429,
	45.6389 32.3983,
	45.8175 32.2196,
	45.9515 32.0633,
	46.1301 31.8847,
	46.3088 31.7507,
	46.4874 31.6838,
	46.666 31.7061,
	46.7107 31.7954,
	46.666 31.974,
	46.6883 32.0633,
	46.6213 32.242,
	46.5097 32.4206,
	46.4651 32.5099,
	46.1301 32.8225,
	45.9515 32.9788,
	45.5942 33.0904,
	45.5496 33.1351,
	45.5049 33.1351,
	45.4603 33.1798,
	45.2817 33.2021,
	44.9244 33.3584,
	44.8797 33.3584,
	44.8351 33.403,
	44.6565 33.403,
	44.6118 33.3584,
	44.5672 33.403,
	44.5448 33.3584,
	44.5672 33.336,
	"/>
</Transform>

<Transform dim="0"
 xcoef=" 0 1 0 0 0 0"
 ycoef=" 0 0 1 0 0 0">
<Contour name="Tb2_NF48_LES" hidden="false" closed="true" simplified="true" border="0 1 0.501961" fill="0 1 0.501961" mode="-9"
 points="17.5364 59.6787,
	17.5593 59.5869,
	17.6397 59.5066,
	17.7315 59.4722,
	17.8233 59.4951,
	17.8921 59.5754,
	17.9036 59.6214,
	17.961 59.7132,
	18.1332 59.8853,
	18.202 59.9771,
	18.2364 60.0689,
	18.225 60.1608,
	18.1905 60.2067,
	18.0987 60.2067,
	18.0758 60.1952,
	17.984 60.2067,
	17.8921 60.1722,
	17.8462 60.1378,
	17.8003 60.046,
	17.6282 59.9197,
	17.5593 59.8279,
	17.5364 59.782,
	17.5364 59.6902,
	"/>
</Transform>

<Transform dim="0"
 xcoef=" 0 1 0 0 0 0"
 ycoef=" 0 0 1 0 0 0">
<Contour name="Tb2_NF52_LES" hidden="false" closed="true" simplified="true" border="0.741176 0.486275 1" fill="0.741176 0.486275 1" mode="-9"
 points="43.9034 30.2177,
	43.9424 30.1137,
	43.9294 30.0617,
	43.9424 30.0097,
	43.9944 29.9967,
	44.0203 29.9967,
	44.0723 30.0487,
	44.1763 30.0487,
	44.2803 30.0227,
	44.3323 30.0357,
	44.3453 30.0617,
	44.2803 30.1657,
	44.1763 30.2307,
	43.9814 30.2827,
	43.9294 30.2697,
	43.9034 30.2567,
	43.9034 30.2307,
	"/>
<Contour name="Tb2_NF52_LES" hidden="false" closed="true" simplified="true" border="0.741176 0.486275 1" fill="0.741176 0.486275 1" mode="-9"
 points="41.7589 30.1917,
	41.7979 30.1527,
	41.9019 30.1137,
	42.0058 30.1007,
	42.0318 30.1007,
	42.0968 30.0097,
	42.2918 29.8278,
	42.3957 29.7368,
	42.8116 29.6068,
	42.9156 29.5678,
	42.9676 29.5289,
	43.0716 29.5159,
	43.0976 29.5029,
	43.3055 29.5419,
	43.3575 29.5678,
	43.4485 29.6588,
	43.5005 29.6718,
	43.6044 29.6588,
	43.6304 29.6458,
	43.6824 29.6588,
	43.7214 29.7108,
	43.7084 29.7628,
	43.6694 29.8148,
	43.6434 29.8408,
	43.6434 29.9448,
	43.6174 29.9967,
	43.5655 30.0487,
	43.4615 30.1007,
	43.2535 30.1657,
	43.0456 30.3087,
	42.9936 30.3477,
	42.8896 30.3607,
	42.8636 30.3477,
	42.6557 30.4256,
	42.4477 30.4646,
	42.3438 30.4646,
	42.1358 30.5036,
	42.0318 30.5166,
	42.0188 30.5296,
	41.9149 30.5036,
	41.8629 30.4646,
	41.8369 30.4386,
	41.8239 30.3347,
	41.8109 30.2827,
	41.7719 30.2307,
	41.7719 30.2047,
	"/>
</Transform>

<Transform dim="0"
 xcoef=" 0 1 0 0 0 0"
 ycoef=" 0 0 1 0 0 0">
<Contour name="Tb2_NF52_LES" hidden="false" closed="true" simplified="true" border="0.741176 0.486275 1" fill="0.741176 0.486275 1" mode="-9"
 points="32.1412 45.9829,
	32.1672 45.9309,
	32.2712 45.9309,
	32.3752 45.9829,
	32.4272 45.9829,
	32.8431 46.1518,
	32.947 46.2298,
	33.038 46.3338,
	33.155 46.5417,
	33.194 46.5677,
	33.259 46.6717,
	33.246 46.7757,
	33.22 46.8277,
	33.168 46.8667,
	33.064 46.8797,
	32.96 46.8537,
	32.869 46.7497,
	32.8041 46.5417,
	32.7651 46.4378,
	32.7131 46.3988,
	32.6091 46.3598,
	32.4012 46.2168,
	32.3492 46.1908,
	32.2452 46.0998,
	32.1932 46.0739,
	32.1542 46.0219,
	32.1412 45.9959,
	"/>
<Contour name="Tb2_NF52_LES" hidden="false" closed="true" simplified="true" border="0.741176 0.486275 1" fill="0.741176 0.486275 1" mode="-9"
 points="31.2834 41.9149,
	31.3484 41.7069,
	31.3744 41.6549,
	31.4004 41.6289,
	31.4134 41.5769,
	31.4394 41.5509,
	31.5174 41.343,
	31.6343 41.135,
	31.6733 41.0831,
	31.7643 40.8751,
	31.8293 40.7711,
	31.9983 40.5892,
	32.0502 40.4852,
	32.1282 40.3942,
	32.1802 40.3552,
	32.2842 40.3292,
	32.3362 40.3292,
	32.4401 40.3942,
	32.4791 40.4332,
	32.4921 40.6412,
	32.4921 40.7451,
	32.5311 40.8491,
	32.5311 40.9011,
	32.4921 41.0051,
	32.4791 41.213,
	32.4272 41.421,
	32.4012 41.525,
	32.1672 41.9279,
	32.1412 42.0318,
	32.1282 42.0838,
	32.1152 42.0968,
	32.1282 42.2008,
	32.0892 42.3048,
	32.0632 42.3567,
	32.0632 42.3827,
	31.9723 42.4737,
	31.8683 42.5127,
	31.8163 42.5257,
	31.7123 42.4997,
	31.6603 42.4867,
	31.6084 42.4477,
	31.5044 42.4087,
	31.4004 42.3438,
	31.3354 42.2398,
	31.2964 42.1358,
	31.2834 41.9279,
	"/>
</Transform>

<Transform dim="0"
 xcoef=" 0 1 0 0 0 0"
 ycoef=" 0 0 1 0 0 0">
<Contour name="Tb2_NF52_LES" hidden="false" closed="true" simplified="true" border="0.741176 0.486275 1" fill="0.741176 0.486275 1" mode="-9"
 points="37.6909 32.921,
	37.7299 32.8171,
	37.7689 32.7651,
	37.7819 32.6611,
	37.7819 32.6091,
	37.7429 32.5051,
	37.7429 32.4012,
	37.7299 32.3752,
	37.7429 32.3232,
	37.8468 32.2192,
	37.8988 32.1802,
	37.9248 32.1542,
	38.0288 32.1672,
	38.2367 32.2582,
	38.3407 32.2712,
	38.4447 32.2452,
	38.4707 32.2192,
	38.6786 32.1932,
	38.7306 32.1932,
	38.7826 32.2192,
	38.8476 32.3232,
	38.8736 32.3752,
	38.8736 32.4791,
	38.8866 32.4921,
	38.8606 32.5961,
	38.8476 32.6091,
	38.9646 32.8171,
	38.9776 32.869,
	38.9386 33.077,
	38.9646 33.181,
	38.9776 33.233,
	39.1725 33.4409,
	39.1725 33.4929,
	39.1465 33.5449,
	39.1205 33.5709,
	38.9126 33.5579,
	38.8606 33.5449,
	38.8346 33.5319,
	38.8086 33.5449,
	38.7046 33.4929,
	38.6526 33.4539,
	38.5487 33.4149,
	38.3407 33.3889,
	38.2367 33.3239,
	38.1328 33.233,
	38.0418 33.168,
	37.9378 33.129,
	37.8338 33.129,
	37.7299 33.064,
	37.6909 33.012,
	37.6909 32.96,
	37.6909 32.934,
	"/>
<Contour name="Tb2_NF52_LES" hidden="false" closed="true" simplified="true" border="0.741176 0.486275 1" fill="0.741176 0.486275 1" mode="-9"
 points="34.2077 35.4554,
	34.2337 35.4034,
	34.2857 35.3774,
	34.3377 35.3774,
	34.7536 35.1045,
	34.8576 35.0395,
	34.9615 35.0265,
	35.0135 35.0265,
	35.1175 34.9745,
	35.1695 34.9745,
	35.5854 34.7016,
	35.6764 34.6366,
	35.7803 34.5456,
	35.9883 34.4677,
	36.0403 34.4547,
	36.1443 34.3897,
	36.2482 34.3637,
	36.3522 34.2987,
	36.4302 34.1947,
	36.4692 34.0908,
	36.4822 33.9868,
	36.5212 33.8828,
	36.7031 33.6749,
	36.7031 33.5709,
	36.6121 33.3629,
	36.5991 33.3109,
	36.6381 33.259,
	36.6641 33.233,
	36.7681 33.194,
	36.8201 33.142,
	37.028 33.051,
	37.236 32.921,
	37.34 32.882,
	37.392 32.869,
	37.4439 32.882,
	37.5219 32.973,
	37.5479 33.025,
	37.5479 33.129,
	37.5999 33.3369,
	37.5869 33.5449,
	37.5869 33.6489,
	37.5609 33.7528,
	37.5869 33.8568,
	37.6129 33.8828,
	37.6259 33.9868,
	37.5869 34.0908,
	37.4309 34.2857,
	37.327 34.3507,
	37.275 34.3897,
	37.171 34.4287,
	36.9761 34.6236,
	36.8071 34.8316,
	36.6251 35.0135,
	36.5212 35.1175,
	36.3132 35.2865,
	36.2092 35.3255,
	36.1053 35.4164,
	35.8973 35.5334,
	35.8453 35.5724,
	35.7414 35.5984,
	35.6374 35.5984,
	35.5334 35.6894,
	35.4814 35.7284,
	35.3774 35.7543,
	35.2735 35.7414,
	35.2215 35.7414,
	35.1695 35.6894,
	35.0655 35.7024,
	35.0135 35.7024,
	34.9096 35.7414,
	34.7016 35.7414,
	34.4937 35.7024,
	34.3897 35.6374,
	34.3377 35.6244,
	34.2337 35.5464,
	34.2077 35.4944,
	34.2077 35.4684,
	"/>
</Transform>

<Transform dim="0"
 xcoef=" 0 1 0 0 0 0"
 ycoef=" 0 0 1 0 0 0">
<Contour name="Tb2_NF29_LES" hidden="false" closed="true" simplified="true" border="0 0.501961 0.74902" fill="0 0.501961 0.74902" mode="-9"
 points="23.4312 36.9967,
	23.4921 36.951,
	23.6139 36.9053,
	23.6748 36.8444,
	23.9184 36.7835,
	24.162 36.6922,
	24.2838 36.6465,
	24.5274 36.6008,
	24.6492 36.6008,
	24.7101 36.5856,
	24.7558 36.6313,
	24.7558 36.7531,
	24.7101 36.8749,
	24.634 36.9967,
	24.4208 37.2098,
	24.3752 37.2707,
	24.2534 37.3164,
	24.0098 37.3316,
	23.888 37.3316,
	23.6444 37.2403,
	23.5378 37.1641,
	23.4769 37.1185,
	23.4312 37.0119,
	"/>
</Transform>

<Transform dim="0"
 xcoef=" 0 1 0 0 0 0"
 ycoef=" 0 0 1 0 0 0">
<Contour name="Tb2_NF54_LES" hidden="false" closed="true" simplified="true" border="1 0 0" fill="1 0 0" mode="-9"
 points="20.4768 48.523,
	20.6081 48.348,
	20.6737 48.2605,
	20.8487 48.1948,
	20.9362 48.173,
	21.1112 48.2167,
	21.1987 48.2605,
	21.2425 48.4355,
	21.2206 48.6105,
	21.155 48.7855,
	20.98 48.9605,
	20.8925 49.0262,
	20.8487 49.0262,
	20.7612 49.0918,
	20.5862 48.9824,
	20.4768 48.8074,
	20.4768 48.6324,
	20.4768 48.5449,
	"/>
</Transform>

<Transform dim="0"
 xcoef=" 0 1 0 0 0 0"
 ycoef=" 0 0 1 0 0 0">
<Contour name="TB2_NF001_LES" hidden="false" closed="true" simplified="true" border="1 1 0" fill="1 1 0" mode="-9"
 points="18.8491 45.3512,
	18.8782 45.2931,
	18.9363 45.2641,
	19.0234 45.1479,
	19.0524 45.0898,
	19.0524 45.0317,
	19.0234 44.9736,
	19.0379 44.8575,
	19.1396 44.7413,
	19.3719 44.5816,
	19.43 44.538,
	19.5462 44.4944,
	19.5752 44.4654,
	19.6914 44.4799,
	19.8076 44.5235,
	19.8657 44.5525,
	19.9528 44.6687,
	19.9383 44.7849,
	19.8511 45.0172,
	19.7785 45.0898,
	19.5462 45.1479,
	19.4881 45.1624,
	19.3719 45.235,
	19.3138 45.2641,
	19.2557 45.2641,
	19.0234 45.3657,
	18.9944 45.3512,
	18.9363 45.3948,
	18.8782 45.3948,
	18.8491 45.3803,
	18.8491 45.3657,
	"/>
</Transform>

<Transform dim="0"
 xcoef=" 0 1 0 0 0 0"
 ycoef=" 0 0 1 0 0 0">
<Contour name="TB2_NF21_LES" hidden="false" closed="true" simplified="true" border="0.705882 0.705882 1" fill="0.705882 0.705882 1" mode="-9"
 points="17.57 46.0882,
	17.5843 46.0739,
	17.5915 46.0453,
	17.6415 45.9953,
	17.6701 45.9953,
	17.6844 45.981,
	17.7989 45.9452,
	17.9133 45.8523,
	17.9562 45.8094,
	18.0062 45.7522,
	18.0205 45.7235,
	18.0491 45.7021,
	18.1064 45.7021,
	18.3352 45.6234,
	18.3924 45.602,
	18.421 45.5877,
	18.4353 45.5877,
	18.4925 45.5519,
	18.7213 45.4661,
	18.8358 45.4161,
	18.9502 45.3803,
	19.0646 45.3302,
	19.1719 45.2659,
	19.2291 45.2373,
	19.4579 45.2158,
	19.5723 45.1944,
	19.6867 45.1515,
	19.7439 45.1372,
	19.8011 45.1372,
	19.8297 45.1443,
	19.8297 45.2015,
	19.8154 45.2301,
	19.7725 45.459,
	19.7439 45.5162,
	19.6939 45.5662,
	19.5795 45.6377,
	19.5509 45.652,
	19.5366 45.6663,
	19.508 45.6735,
	19.4507 45.7164,
	19.3363 45.7736,
	19.2791 45.7879,
	19.2505 45.8022,
	19.1933 45.8094,
	19.1361 45.8308,
	19.0217 45.9095,
	18.9073 45.9738,
	18.8787 45.9953,
	18.7642 46.0453,
	18.707 46.0596,
	18.6784 46.0811,
	18.6212 46.0954,
	18.3924 46.1169,
	18.3352 46.1169,
	18.278 46.1383,
	18.1636 46.2027,
	18.0491 46.2098,
	17.9919 46.2384,
	17.9347 46.2527,
	17.9061 46.267,
	17.7917 46.2813,
	17.6773 46.267,
	17.6487 46.2599,
	17.5986 46.217,
	17.5772 46.1884,
	17.57 46.1312,
	17.57 46.1026,
	17.57 46.0954,
	"/>
</Transform>

<Transform dim="0"
 xcoef=" 0 1 0 0 0 0"
 ycoef=" 0 0 1 0 0 0">
<Contour name="TB2_NF21_LES" hidden="false" closed="true" simplified="true" border="0.705882 0.705882 1" fill="0.705882 0.705882 1" mode="-9"
 points="20.8023 55.3774,
	20.8094 55.3488,
	20.8309 55.3202,
	20.8452 55.263,
	20.9024 55.1486,
	20.9382 55.0914,
	21.0383 54.977,
	21.0669 54.9698,
	21.0812 54.9698,
	21.1312 55.027,
	21.2457 55.0914,
	21.3029 55.1271,
	21.3744 55.2416,
	21.3887 55.2988,
	21.3958 55.4132,
	21.3744 55.5276,
	21.3601 55.5848,
	21.3029 55.642,
	21.2457 55.6849,
	21.217 55.6992,
	21.1956 55.7278,
	21.1384 55.7493,
	21.0812 55.7564,
	21.024 55.7278,
	20.9167 55.6349,
	20.8666 55.5776,
	20.8023 55.4632,
	20.8023 55.406,
	20.8023 55.3846,
	"/>
</Transform>

<Transform dim="0"
 xcoef=" 0 1 0 0 0 0"
 ycoef=" 0 0 1 0 0 0">
<Contour name="TB2_NF21_LES" hidden="false" closed="true" simplified="true" border="0.705882 0.705882 1" fill="0.705882 0.705882 1" mode="-9"
 points="27.4742 52.138,
	27.4885 52.1237,
	27.5385 52.0093,
	27.5457 51.9807,
	27.5457 51.9664,
	27.5743 51.9378,
	27.61 51.8234,
	27.6887 51.709,
	27.7173 51.6803,
	27.7459 51.6732,
	27.8031 51.6947,
	27.8317 51.7018,
	27.846 51.709,
	27.8746 51.7018,
	27.9891 51.7376,
	28.0463 51.7876,
	28.082 51.8448,
	28.0892 51.902,
	28.0749 51.9592,
	28.0606 51.9878,
	28.032 52.0164,
	27.9819 52.1309,
	27.9318 52.1881,
	27.9032 52.2167,
	27.8889 52.2739,
	27.8746 52.3025,
	27.8675 52.3096,
	27.7531 52.2596,
	27.6959 52.2381,
	27.6673 52.2238,
	27.61 52.2238,
	27.5528 52.2024,
	27.5242 52.1952,
	27.4742 52.1523,
	27.4742 52.1452,
	"/>
</Transform>

<Transform dim="0"
 xcoef=" 0 1 0 0 0 0"
 ycoef=" 0 0 1 0 0 0">
<Contour name="TB2_NF04_LES" hidden="false" closed="true" simplified="true" border="0.627451 0.313725 0.313725" fill="0.627451 0.313725 0.313725" mode="-9"
 points="17.4688 45.8098,
	17.5145 45.7183,
	17.5831 45.6269,
	17.6746 45.5468,
	17.766 45.5125,
	17.8575 45.5011,
	17.9032 45.524,
	17.9489 45.524,
	17.9832 45.5697,
	17.9947 45.6612,
	17.9718 45.7526,
	17.8803 45.8441,
	17.7089 45.9813,
	17.5259 46.0384,
	17.4688 45.9584,
	17.4688 45.867,
	17.4688 45.8212,
	"/>
</Transform>

<Transform dim="0"
 xcoef=" 0 1 0 0 0 0"
 ycoef=" 0 0 1 0 0 0">
<Contour name="TB2_NF21_LES" hidden="false" closed="true" simplified="true" border="0.705882 0.705882 1" fill="0.705882 0.705882 1" mode="-9"
 points="45.5753 47.2845,
	45.6871 47.1727,
	45.9427 47.1248,
	46.0705 47.1727,
	46.1983 47.2845,
	46.2622 47.3325,
	46.2462 47.3964,
	46.2462 47.4283,
	46.1823 47.4922,
	45.9267 47.604,
	45.8628 47.62,
	45.8309 47.636,
	45.7031 47.5561,
	45.6392 47.5242,
	45.5912 47.4603,
	45.5753 47.3325,
	45.5753 47.3005,
	"/>
</Transform>

<Transform dim="0"
 xcoef=" 0 1 0 0 0 0"
 ycoef=" 0 0 1 0 0 0">
<Contour name="TB2_Basal06_nuc_LES" hidden="false" closed="true" simplified="true" border="0.686275 0.878431 0.713725" fill="1 0.502 0.753" mode="11"
 points="22.76 48.2392,
	22.9199 47.8736,
	23.217 47.5308,
	23.3998 47.4623,
	23.4912 47.4166,
	23.5369 47.3709,
	23.5141 47.1881,
	23.6512 46.8224,
	23.7654 46.6396,
	23.9254 46.4568,
	24.2453 46.1598,
	24.3596 45.9769,
	24.4281 45.7941,
	24.6795 45.4285,
	24.7252 45.3371,
	24.7709 45.2914,
	24.7709 45.1086,
	24.7709 45.0172,
	24.7709 44.9715,
	25.1136 44.6287,
	25.1365 44.583,
	25.0679 44.4002,
	25.0908 44.2174,
	25.1594 44.0346,
	25.0451 43.669,
	25.0679 43.3033,
	25.0679 43.2119,
	25.1365 43.1205,
	25.3193 43.052,
	25.4107 42.9606,
	25.5707 42.5949,
	25.6849 42.2293,
	25.7992 42.0465,
	25.9591 41.8865,
	26.0277 41.7037,
	26.1877 41.5438,
	26.2791 41.4752,
	26.6447 41.4067,
	26.8275 41.4067,
	27.0103 41.5209,
	27.1017 41.5666,
	27.2845 41.5666,
	27.3759 41.6352,
	27.4216 41.818,
	27.4673 41.8865,
	27.6501 42.0694,
	27.8101 42.2065,
	27.8558 42.2065,
	28.0386 42.3207,
	28.2214 42.3893,
	28.4042 42.3207,
	28.5871 42.2979,
	28.7699 42.3893,
	28.9527 42.4121,
	29.1355 42.5492,
	29.204 42.732,
	29.1812 42.8006,
	29.2269 42.892,
	29.4097 43.0063,
	29.5925 43.0748,
	29.7525 43.2348,
	29.7296 43.6004,
	29.7525 43.6918,
	29.9124 43.8746,
	29.8667 43.966,
	29.7982 44.3316,
	29.7982 44.3773,
	29.9124 44.5602,
	29.9581 44.743,
	30.0038 44.8344,
	29.981 44.9258,
	29.9124 45.0172,
	29.8667 45.0629,
	29.8667 45.1543,
	29.9581 45.2228,
	30.1409 45.2,
	30.2324 45.1543,
	30.2781 45.1086,
	30.3695 45.1314,
	30.4837 45.2914,
	30.5066 45.3828,
	30.6665 45.5199,
	30.8036 45.7027,
	30.8493 45.8855,
	30.9636 46.0683,
	31.0779 46.434,
	31.1007 46.5254,
	31.0779 46.7082,
	30.8493 47.4394,
	30.8722 47.5308,
	30.9407 47.6222,
	31.0093 47.8051,
	31.055 47.8965,
	31.0322 48.2621,
	30.9636 48.4449,
	30.8493 48.6277,
	30.7579 48.7191,
	30.5751 48.8105,
	30.4837 48.8562,
	30.3695 49.039,
	30.3009 49.2218,
	30.2552 49.5875,
	30.1181 49.9531,
	30.0267 50.1359,
	29.9353 50.2273,
	29.8439 50.273,
	29.7982 50.273,
	29.6154 50.4558,
	29.4326 50.4787,
	29.2497 50.5472,
	29.1583 50.5472,
	29.0669 50.5015,
	28.9298 50.3187,
	28.747 50.1587,
	28.3814 50.0445,
	28.29 50.0673,
	28.13 50.2273,
	28.13 50.273,
	28.0158 50.4558,
	27.9244 50.5244,
	27.7416 50.4787,
	27.7187 50.4558,
	27.5359 50.5015,
	27.4445 50.5244,
	27.2845 50.6843,
	27.2388 50.7072,
	27.056 50.6843,
	26.8732 50.7072,
	26.7132 50.8443,
	26.6218 50.8671,
	26.5304 50.8443,
	26.4847 50.8443,
	26.3019 50.73,
	25.9591 50.3873,
	25.7535 50.0216,
	25.5707 49.8617,
	25.3879 49.7931,
	25.2051 49.6332,
	25.0222 49.5189,
	24.8394 49.4503,
	24.748 49.4732,
	24.7937 49.5646,
	24.9765 49.7474,
	25.0222 49.8388,
	24.9765 50.0216,
	24.8851 50.0673,
	24.8394 50.0902,
	24.6566 49.9988,
	24.4967 49.8388,
	24.131 49.816,
	24.0396 49.7931,
	23.9482 49.7246,
	23.9025 49.5418,
	23.9254 49.4503,
	23.8568 49.2675,
	23.7654 49.2218,
	23.5826 49.199,
	23.5598 49.1076,
	23.5826 48.9248,
	23.5826 48.8334,
	23.5369 48.742,
	23.4455 48.6734,
	23.2627 48.6506,
	23.217 48.6277,
	23.0342 48.6506,
	22.9428 48.6048,
	22.7828 48.422,
	22.76 48.2621,
	"/>
</Transform>

<Transform dim="0"
 xcoef=" 0 1 0 0 0 0"
 ycoef=" 0 0 1 0 0 0">
<Image mag="0.00749" contrast="1" brightness="0" red="true" green="true" blue="true"
 src="Alg_stitch3-4_341.tif" />
<Contour name="domain1" hidden="false" closed="true" simplified="false" border="1 0 1" fill="1 0 1" mode="11"
 points="0 0,
	15652 0,
	15652 8578,
	0 8578,
	"/>
</Transform>

<Transform dim="0"
 xcoef=" 0 1 0 0 0 0"
 ycoef=" 0 0 1 0 0 0">
<Contour name="TB2_shell_RSL" hidden="false" closed="true" simplified="true" border="1 1 1" fill="0.753 0.753 0.753" mode="9"
 points="25.8961 38.2038,
	26.1189 37.7582,
	26.286 37.5355,
	26.5087 37.4241,
	26.9543 37.0342,
	27.2884 36.6444,
	28.1794 35.9761,
	28.4579 35.0851,
	28.6807 34.6396,
	29.0148 34.194,
	29.1819 33.9713,
	29.1819 33.8599,
	30.964 33.8042,
	32.7461 33.4701,
	33.6371 33.2473,
	35.4192 32.579,
	36.3103 32.0778,
	36.7558 31.7436,
	38.5379 30.964,
	40.32 30.3514,
	40.7655 30.1286,
	41.6566 29.9059,
	43.4387 29.8502,
	43.8842 29.8502,
	44.107 29.9059,
	45.8891 29.7388,
	46.7801 29.516,
	47.6712 29.4046,
	51.2354 28.5693,
	53.0175 28.2908,
	53.9085 28.3465,
	54.7996 28.5693,
	55.2451 28.6807,
	55.4678 28.6807,
	59.032 29.9615,
	59.9231 30.4628,
	60.3686 30.6855,
	62.095 31.9664,
	62.9304 32.6904,
	63.3202 33.0245,
	63.9885 33.8599,
	64.3783 34.194,
	64.6011 34.4168,
	65.4365 34.918,
	65.882 35.1408,
	66.3275 35.5863,
	66.9401 36.4217,
	67.1072 36.8672,
	67.2186 37.0899,
	67.2186 37.2013,
	67.3856 37.4241,
	67.5527 37.8696,
	67.6641 38.0924,
	67.7755 38.9834,
	67.8312 39.4289,
	67.6641 40.32,
	67.3299 41.211,
	67.1629 41.6566,
	66.5503 42.5476,
	66.2161 42.9931,
	65.3251 43.8285,
	64.434 44.5525,
	63.543 45.1651,
	63.3202 45.2765,
	63.0974 45.4992,
	62.2064 46.0561,
	61.7609 46.2789,
	61.6495 46.3903,
	59.8674 47.0029,
	56.3032 47.9496,
	54.5211 48.2838,
	50.9569 48.6736,
	49.1748 49.0077,
	48.2838 49.1191,
	47.8382 49.1748,
	47.6155 49.1748,
	47.4484 49.3419,
	47.0029 49.3976,
	46.1118 49.3419,
	45.6663 49.3976,
	45.4435 49.3976,
	44.998 49.1191,
	44.9423 49.0634,
	44.998 48.952,
	44.107 48.8407,
	42.3249 48.3951,
	41.4338 48.1167,
	39.6517 48.0053,
	37.8696 48.0053,
	36.9786 48.0053,
	35.1965 47.5041,
	35.0851 47.5041,
	34.9737 47.3927,
	34.8623 47.3927,
	34.7509 47.2813,
	34.5282 47.2256,
	34.0826 46.9472,
	33.8599 46.7801,
	33.6371 46.7244,
	32.7461 45.9447,
	32.3562 45.4992,
	32.1335 45.2765,
	32.0221 45.0537,
	30.5741 43.4387,
	29.7945 42.6033,
	29.3489 42.3249,
	29.2376 42.3249,
	27.4555 41.211,
	26.6758 40.3757,
	26.3417 39.9302,
	25.9518 39.0391,
	25.8961 38.5936,
	25.8961 38.3708,
	25.8961 38.2594,
	"/>
</Transform>

<Transform dim="0"
 xcoef=" 0 1 0 0 0 0"
 ycoef=" 0 0 1 0 0 0">
<Contour name="TB2_BasalCell07_CM_LES" hidden="false" closed="true" simplified="true" border="0.980392 0.772549 0.909804" fill="1 0 0.5" mode="-11"
 points="31.0019 36.7573,
	31.1147 36.6445,
	31.1792 36.5961,
	31.3082 36.58,
	31.3727 36.5961,
	31.5017 36.7251,
	31.6145 36.8057,
	31.679 36.8379,
	31.7435 36.8379,
	31.7757 36.854,
	31.8241 36.8218,
	31.8725 36.6928,
	31.9047 36.6283,
	32.0337 36.58,
	32.1626 36.58,
	32.2271 36.5316,
	32.3561 36.5316,
	32.4206 36.5638,
	32.4528 36.58,
	32.5818 36.5638,
	32.7108 36.58,
	32.743 36.5477,
	33.001 36.5155,
	33.1299 36.4994,
	33.2589 36.5155,
	33.3879 36.5961,
	33.5169 36.6445,
	33.6458 36.5477,
	33.7103 36.5316,
	33.7748 36.5477,
	33.8393 36.5961,
	33.8554 36.6606,
	33.8232 36.7895,
	33.6297 37.0153,
	33.3879 37.241,
	33.3234 37.3054,
	33.2589 37.3377,
	33.1299 37.3538,
	33.001 37.4022,
	32.9365 37.4022,
	32.8075 37.4667,
	32.6785 37.4989,
	32.614 37.5311,
	32.0982 37.5956,
	31.9692 37.6279,
	31.8402 37.6118,
	31.5823 37.5311,
	31.4533 37.4505,
	31.3243 37.3377,
	31.1953 37.2571,
	31.1309 37.1926,
	31.0502 37.0636,
	31.0502 37.0314,
	31.0019 36.9669,
	31.0019 36.8379,
	31.0019 36.7734,
	"/>
</Transform>

<Transform dim="0"
 xcoef=" 0 1 0 0 0 0"
 ycoef=" 0 0 1 0 0 0">
<Contour name="TB2_NF07_RSL" hidden="false" closed="true" simplified="true" border="0 0 0.501961" fill="0 0 0.501961" mode="-9"
 points="17.9831 45.5535,
	18.0064 45.479,
	18.0622 45.4046,
	18.1227 45.3394,
	18.1414 45.3208,
	18.1786 45.2975,
	18.1972 45.2836,
	18.2158 45.2789,
	18.253 45.2556,
	18.3275 45.2277,
	18.402 45.1905,
	18.4764 45.1393,
	18.6254 45.0741,
	18.6626 45.0602,
	18.6812 45.0555,
	18.6905 45.0462,
	18.765 45.0183,
	18.8395 44.9997,
	18.9139 44.9997,
	18.9325 44.9997,
	18.9418 44.9997,
	18.9605 45.0136,
	18.9698 45.0322,
	18.9744 45.1067,
	18.9791 45.1253,
	18.9511 45.1998,
	18.9093 45.2743,
	18.8581 45.3487,
	18.7929 45.4185,
	18.7184 45.4744,
	18.644 45.5163,
	18.4951 45.5721,
	18.3461 45.614,
	18.2717 45.628,
	18.2344 45.6373,
	18.0855 45.6466,
	18.0483 45.6373,
	18.011 45.614,
	17.9924 45.5954,
	17.9831 45.5582,
	"/>
</Transform>

<Transform dim="0"
 xcoef=" 0 1 0 0 0 0"
 ycoef=" 0 0 1 0 0 0">
<Contour name="TB2_t3cell02_CM_RSL" hidden="false" closed="true" simplified="true" border="0.866667 0.619608 0.866667" fill="0.866667 0.619608 0.866667" mode="-9"
 points="58.4269 39.4236,
	58.4443 39.4087,
	58.524 39.3713,
	58.5638 39.3564,
	58.5838 39.3539,
	58.5937 39.3489,
	58.6336 39.3464,
	58.6535 39.3414,
	58.6934 39.3389,
	58.7133 39.3364,
	58.793 39.3439,
	58.8129 39.3489,
	58.8229 39.3688,
	58.8229 39.3788,
	58.8054 39.3962,
	58.7855 39.4087,
	58.7656 39.4161,
	58.7457 39.4286,
	58.7257 39.4361,
	58.646 39.4485,
	58.6062 39.456,
	58.5265 39.4585,
	58.4866 39.461,
	58.4667 39.461,
	58.4468 39.4535,
	58.4418 39.4535,
	58.4318 39.4435,
	58.4269 39.4336,
	58.4269 39.4261,
	"/>
</Transform>

<Transform dim="0"
 xcoef=" 0 1 0 0 0 0"
 ycoef=" 0 0 1 0 0 0">
<Contour name="TB2_t3cell02_CM_RSL" hidden="false" closed="true" simplified="true" border="0.866667 0.619608 0.866667" fill="0.866667 0.619608 0.866667" mode="-9"
 points="62.6999 39.3571,
	62.7999 39.2428,
	63.0285 39.1,
	63.0857 39.0714,
	63.1142 39.0142,
	63.2285 38.9428,
	63.3428 38.9142,
	63.3999 38.8857,
	63.5142 38.8857,
	63.5714 38.9,
	63.6285 38.9428,
	63.6714 39.0571,
	63.6714 39.1714,
	63.5857 39.2714,
	63.5571 39.3285,
	63.5571 39.3571,
	63.4428 39.4428,
	63.3857 39.5571,
	63.2857 39.6571,
	63.1714 39.7142,
	63.1142 39.7428,
	62.8857 39.7571,
	62.7714 39.7285,
	62.7142 39.7,
	62.6999 39.4714,
	62.6999 39.3714,
	"/>
</Transform>

<Transform dim="0"
 xcoef=" 0 1 0 0 0 0"
 ycoef=" 0 0 1 0 0 0">
<Contour name="TB2_t3cell02_CM_RSL" hidden="false" closed="true" simplified="true" border="0.866667 0.619608 0.866667" fill="0.866667 0.619608 0.866667" mode="-9"
 points="60.1764 39.2511,
	60.1892 39.21,
	60.2098 39.1689,
	60.2226 39.1483,
	60.2432 39.1278,
	60.2535 39.1072,
	60.2714 39.0867,
	60.3536 39.0635,
	60.3742 39.0558,
	60.4564 39.0507,
	60.5386 39.0661,
	60.5797 39.0687,
	60.6002 39.0712,
	60.6825 39.0584,
	60.703 39.0533,
	60.7852 39.0045,
	60.8263 38.9813,
	60.8674 38.9685,
	60.9085 38.9479,
	60.9291 38.9377,
	60.9496 38.9351,
	60.9599 38.9351,
	60.9702 38.93,
	60.9958 38.8889,
	61.0061 38.8683,
	61.0858 38.7938,
	61.1063 38.7733,
	61.1243 38.7579,
	61.1269 38.7373,
	61.1166 38.6551,
	61.1243 38.5729,
	61.1243 38.5524,
	61.1602 38.4702,
	61.1808 38.4291,
	61.1936 38.4085,
	61.2733 38.3263,
	61.3067 38.2878,
	61.3478 38.2646,
	61.3889 38.2467,
	61.4094 38.2415,
	61.4505 38.2133,
	61.4711 38.2004,
	61.5122 38.1645,
	61.5302 38.1439,
	61.5404 38.1234,
	61.5584 38.1105,
	61.5687 38.1131,
	61.5892 38.1285,
	61.6226 38.1696,
	61.6406 38.1902,
	61.6817 38.1902,
	61.692 38.1927,
	61.6997 38.203,
	61.6997 38.2235,
	61.6997 38.2338,
	61.692 38.2544,
	61.6791 38.2749,
	61.638 38.3083,
	61.5969 38.3314,
	61.5173 38.3905,
	61.4762 38.4188,
	61.4351 38.4393,
	61.4146 38.4496,
	61.3324 38.4727,
	61.3118 38.483,
	61.2964 38.501,
	61.2913 38.5215,
	61.2938 38.5267,
	61.376 38.5138,
	61.4171 38.5215,
	61.4377 38.5292,
	61.5199 38.4958,
	61.561 38.4779,
	61.6432 38.4291,
	61.6843 38.4111,
	61.7665 38.3931,
	61.8487 38.3802,
	61.8898 38.3725,
	61.9103 38.37,
	61.9925 38.3854,
	62.0131 38.3905,
	62.0336 38.4034,
	62.0722 38.4368,
	62.085 38.4779,
	62.0901 38.4881,
	62.1621 38.5703,
	62.2391 38.6525,
	62.2777 38.6936,
	62.2828 38.7039,
	62.2854 38.8683,
	62.2854 38.9094,
	62.2854 38.93,
	62.2545 39.0122,
	62.2494 39.0224,
	62.2468 39.1046,
	62.2443 39.1457,
	62.2443 39.156,
	62.2032 39.1894,
	62.1826 39.2074,
	62.1723 39.2151,
	62.1518 39.2048,
	62.1467 39.2023,
	62.0645 39.2588,
	62.0439 39.2716,
	62.0234 39.2896,
	61.859 39.3179,
	61.7768 39.3256,
	61.6946 39.3281,
	61.6535 39.3179,
	61.6483 39.3153,
	61.6355 39.3333,
	61.6303 39.323,
	61.6252 39.3204,
	61.5841 39.3333,
	61.543 39.341,
	61.5019 39.3384,
	61.4197 39.3256,
	61.3786 39.3076,
	61.3375 39.2845,
	61.3169 39.269,
	61.2913 39.2279,
	61.281 39.1868,
	61.2784 39.1457,
	61.2784 39.1355,
	61.2835 39.1252,
	61.2861 39.1201,
	61.2784 39.1123,
	61.2373 39.0995,
	61.0729 39.0892,
	60.9907 39.1252,
	60.9085 39.1509,
	60.8674 39.1534,
	60.8469 39.1534,
	60.7647 39.1406,
	60.7236 39.1432,
	60.6825 39.1509,
	60.6619 39.156,
	60.6414 39.1663,
	60.6002 39.1945,
	60.5617 39.2279,
	60.5437 39.2485,
	60.5309 39.2896,
	60.518 39.3718,
	60.5232 39.4129,
	60.5232 39.4232,
	60.5335 39.4309,
	60.5746 39.4334,
	60.6568 39.4257,
	60.6979 39.418,
	60.739 39.418,
	60.7775 39.4591,
	60.8032 39.5002,
	60.8366 39.5824,
	60.8469 39.6235,
	60.87 39.6646,
	60.8982 39.7057,
	60.9342 39.7468,
	60.947 39.7674,
	60.9624 39.8085,
	60.9599 39.8496,
	60.9547 39.8701,
	60.9547 39.8804,
	60.947 39.901,
	60.947 39.9112,
	60.9316 39.9523,
	60.9188 39.9729,
	60.9111 39.9832,
	60.9008 39.9883,
	60.8597 39.9909,
	60.7775 39.978,
	60.7364 39.9549,
	60.6953 39.9267,
	60.6131 39.8547,
	60.5412 39.7751,
	60.5078 39.734,
	60.4898 39.7134,
	60.4641 39.6723,
	60.4307 39.5901,
	60.4179 39.549,
	60.405 39.4668,
	60.3999 39.4566,
	60.3999 39.4514,
	60.3588 39.4283,
	60.3177 39.4129,
	60.2971 39.4078,
	60.256 39.3846,
	60.2355 39.3718,
	60.197 39.3307,
	60.179 39.2896,
	60.1764 39.269,
	60.1764 39.2588,
	60.1764 39.2536,
	"/>
</Transform>

<Transform dim="0"
 xcoef=" 0 1 0 0 0 0"
 ycoef=" 0 0 1 0 0 0">
<Contour name="TB2_NF14_RSL" hidden="false" closed="true" simplified="true" border="1 0.501961 0.25098" fill="1 0.501961 0.25098" mode="-9"
 points="49.249 42.5557,
	49.2868 42.5053,
	49.3057 42.4801,
	49.3184 42.4674,
	49.4192 42.4801,
	49.4445 42.4895,
	49.4949 42.521,
	49.517 42.5368,
	49.5422 42.521,
	49.5548 42.5147,
	49.6557 42.5053,
	49.7566 42.5084,
	49.807 42.5084,
	49.9079 42.5274,
	49.9584 42.54,
	49.971 42.5463,
	49.9836 42.5463,
	49.9962 42.5526,
	50.0466 42.5589,
	50.0971 42.5463,
	50.1223 42.54,
	50.2232 42.5557,
	50.2295 42.5557,
	50.3178 42.6566,
	50.3304 42.6692,
	50.3304 42.7701,
	50.3304 42.8206,
	50.3304 42.8332,
	50.3304 42.8395,
	50.2799 42.8868,
	50.2705 42.8994,
	50.2705 42.9246,
	50.2453 42.9372,
	50.22 42.9277,
	50.2137 42.9246,
	50.1128 42.9877,
	50.1002 42.994,
	49.8985 43.0066,
	49.7976 43.0192,
	49.7471 43.0223,
	49.6462 43.0097,
	49.621 42.9845,
	49.5706 42.9687,
	49.5454 42.9561,
	49.3436 42.8174,
	49.3184 42.7953,
	49.3057 42.7827,
	49.2931 42.6818,
	49.29 42.6692,
	49.2522 42.6188,
	49.249 42.5683,
	49.249 42.5589,
	"/>
</Transform>

<Transform dim="0"
 xcoef=" 0 1 0 0 0 0"
 ycoef=" 0 0 1 0 0 0">
<Contour name="TB2_T3Cell07_LYS_RSL" hidden="false" closed="true" simplified="true" border="1 1 0" fill="1 1 0" mode="-9"
 points="42.5773 31.594,
	42.625 31.485,
	42.6727 31.4509,
	42.7272 31.4578,
	42.7817 31.4918,
	42.8022 31.5191,
	42.809 31.5736,
	42.7885 31.6008,
	42.6795 31.6622,
	42.6318 31.6826,
	42.6182 31.6826,
	42.5909 31.6622,
	42.5773 31.6349,
	42.5773 31.6076,
	42.5773 31.6008,
	"/>
<Contour name="TB2_T3Cell07_LYS_RSL" hidden="false" closed="true" simplified="true" border="1 1 0" fill="1 1 0" mode="-9"
 points="43.647 33.311,
	43.6743 33.2838,
	43.7015 33.2701,
	43.7561 33.2633,
	43.8106 33.2838,
	43.8446 33.3383,
	43.8583 33.3655,
	43.8583 33.42,
	43.7492 33.4268,
	43.722 33.4337,
	43.7084 33.4337,
	43.6811 33.4064,
	43.6538 33.3519,
	43.647 33.3246,
	43.647 33.3178,
	"/>
<Contour name="TB2_T3Cell07_LYS_RSL" hidden="false" closed="true" simplified="true" border="1 1 0" fill="1 1 0" mode="-9"
 points="39.3546 32.7182,
	39.3818 32.691,
	39.4363 32.6705,
	39.4908 32.6637,
	39.5113 32.691,
	39.5113 32.7182,
	39.4908 32.7387,
	39.4363 32.7591,
	39.4159 32.7796,
	39.3886 32.7864,
	39.3614 32.7796,
	39.3546 32.7251,
	"/>
</Transform>

</Section>