<?xml version="1.0"?>
<!DOCTYPE Section SYSTEM "section.dtd">

<Section index="312" thickness="0.08" alignLocked="true">
<Transform dim="0"
 xcoef=" 0 1 0 0 0 0"
 ycoef=" 0 0 1 0 0 0">
<Image mag="0.00749" contrast="1" brightness="0" red="true" green="true" blue="true"
 src="Alg_stitch3-4_312.tif" />
<Contour name="domain1" hidden="false" closed="true" simplified="false" border="1 0 1" fill="1 0 1" mode="11"
 points="0 0,
	15652 0,
	15652 8578,
	0 8578,
	"/>
</Transform>

<Transform dim="0"
 xcoef=" 0 1 0 0 0 0"
 ycoef=" 0 0 1 0 0 0">
<Contour name="TB3_NF01-PG_RSL" hidden="false" closed="true" simplified="true" border="1 1 0" fill="1 1 0" mode="-9"
 points="17.2585 10.1641,
	17.3085 10.0841,
	17.3485 10.0541,
	17.6685 10.0241,
	17.7485 10.0241,
	17.7885 10.0341,
	17.9485 10.1941,
	17.9685 10.2341,
	18.0485 10.2841,
	18.0885 10.3041,
	18.1385 10.3841,
	18.1485 10.5441,
	18.1485 10.5841,
	18.1385 10.6041,
	18.1085 10.6241,
	17.7885 10.6341,
	17.7085 10.6341,
	17.5385 10.5641,
	17.3785 10.4541,
	17.2985 10.3941,
	17.2685 10.3541,
	17.2585 10.1941,
	17.2585 10.1741,
	"/>
</Transform>

<Transform dim="0"
 xcoef=" 0 1 0 0 0 0"
 ycoef=" 0 0 1 0 0 0">
<Contour name="TB3_NF01-PG_RSL" hidden="false" closed="true" simplified="true" border="1 1 0" fill="1 1 0" mode="-9"
 points="51.74 15.4,
	51.82 15.24,
	51.87 15.19,
	52.03 15.14,
	52.19 15.12,
	52.27 15.11,
	52.35 15.07,
	52.39 15.05,
	52.47 14.97,
	52.49 14.93,
	52.57 14.88,
	52.73 14.82,
	52.89 14.81,
	52.97 14.81,
	53.05 14.85,
	53.09 14.88,
	53.13 14.89,
	53.29 14.98,
	53.45 14.99,
	53.53 15,
	53.61 15.04,
	53.65 15.05,
	53.73 15.1,
	53.76 15.14,
	53.77 15.3,
	53.77 15.34,
	53.73 15.37,
	53.57 15.4,
	53.41 15.4,
	53.25 15.35,
	53.17 15.34,
	53.09 15.31,
	52.93 15.31,
	52.77 15.36,
	52.61 15.43,
	52.57 15.45,
	52.55 15.45,
	52.47 15.5,
	52.31 15.55,
	52.15 15.58,
	51.83 15.57,
	51.79 15.56,
	51.74 15.48,
	51.74 15.41,
	"/>
</Transform>

<Transform dim="0"
 xcoef=" 0 1 0 0 0 0"
 ycoef=" 0 0 1 0 0 0">
<Contour name="TB3_NF01-PG_RSL" hidden="false" closed="true" simplified="true" border="1 1 0" fill="1 1 0" mode="-9"
 points="40.3685 14.5441,
	40.4485 14.4741,
	40.5285 14.4341,
	40.8485 14.3641,
	41.1685 14.3241,
	41.4885 14.3341,
	41.8085 14.3641,
	42.1285 14.4341,
	42.2885 14.4641,
	42.4485 14.5341,
	42.6085 14.6241,
	42.7685 14.7341,
	43.0885 14.8841,
	43.1685 14.9241,
	43.2485 14.9941,
	43.2985 15.0741,
	43.3085 15.1541,
	43.2785 15.2341,
	43.1285 15.3441,
	43.0485 15.3941,
	42.8885 15.5241,
	42.8085 15.5741,
	42.7485 15.6541,
	42.6885 15.8141,
	42.6585 15.8941,
	42.6285 15.9341,
	42.4685 15.9441,
	42.3085 15.9241,
	42.1485 15.8541,
	42.0685 15.7841,
	42.0285 15.7441,
	41.9785 15.6641,
	41.8985 15.5841,
	41.8785 15.5441,
	41.8685 15.5441,
	41.8185 15.4941,
	41.7085 15.3341,
	41.6585 15.2541,
	41.6285 15.2141,
	41.5485 15.1741,
	41.3885 15.1441,
	41.3185 15.1241,
	41.2285 15.0541,
	41.0685 14.9541,
	40.7485 14.8341,
	40.7085 14.8041,
	40.5485 14.7641,
	40.4685 14.7441,
	40.3985 14.6641,
	40.3685 14.5841,
	40.3685 14.5541,
	"/>
</Transform>

<Transform dim="0"
 xcoef=" 0 1 0 0 0 0"
 ycoef=" 0 0 1 0 0 0">
<Contour name="TB3_NF01-PG_RSL" hidden="false" closed="true" simplified="true" border="1 1 0" fill="1 1 0" mode="-9"
 points="60.61 12.28,
	60.65 12.2,
	60.76 12.05,
	60.91 11.89,
	61.04 11.74,
	61.1 11.67,
	61.13 11.63,
	61.29 11.52,
	61.37 11.48,
	61.53 11.47,
	61.69 11.5,
	61.85 11.5,
	61.88 11.58,
	61.89 11.66,
	61.77 11.82,
	61.62 11.95,
	61.58 11.97,
	61.43 12.11,
	61.27 12.22,
	61.19 12.25,
	61.03 12.28,
	60.87 12.34,
	60.79 12.37,
	60.75 12.39,
	60.67 12.39,
	60.65 12.39,
	60.62 12.35,
	60.61 12.31,
	60.61 12.29,
	"/>
</Transform>

<Transform dim="0"
 xcoef=" 0 1 0 0 0 0"
 ycoef=" 0 0 1 0 0 0">
<Contour name="TB3_NF01-PG_RSL" hidden="false" closed="true" simplified="true" border="1 1 0" fill="1 1 0" mode="-9"
 points="65.43 10.86,
	65.45 10.82,
	65.49 10.79,
	65.57 10.77,
	65.65 10.77,
	65.73 10.82,
	65.8 10.89,
	65.83 10.97,
	65.84 11.05,
	65.84 11.09,
	65.82 11.13,
	65.78 11.16,
	65.62 11.15,
	65.54 11.11,
	65.5 11.09,
	65.46 11.05,
	65.43 10.97,
	65.43 10.89,
	65.43 10.87,
	"/>
</Transform>

<Transform dim="0"
 xcoef=" 0 1 0 0 0 0"
 ycoef=" 0 0 1 0 0 0">
<Contour name="TB3_NF01-PG_RSL" hidden="false" closed="true" simplified="true" border="1 1 0" fill="1 1 0" mode="-9"
 points="68.6222 15.0667,
	68.6667 15.0222,
	68.7556 14.9889,
	68.8 14.9556,
	68.9778 14.9444,
	69.0556 15.0222,
	69.0667 15.1111,
	69.0556 15.2,
	69.0222 15.2889,
	69.0111 15.3333,
	69.0111 15.3556,
	68.9889 15.3778,
	68.9444 15.3778,
	68.9222 15.3667,
	68.9333 15.3556,
	68.8444 15.3444,
	68.8 15.3111,
	68.7111 15.2778,
	68.6333 15.2,
	68.6222 15.1111,
	68.6222 15.0778,
	"/>
</Transform>

<Transform dim="0"
 xcoef=" 0 1 0 0 0 0"
 ycoef=" 0 0 1 0 0 0">
<Contour name="TB3_NF01-PG_RSL" hidden="false" closed="true" simplified="true" border="1 1 0" fill="1 1 0" mode="-9"
 points="76.7999 12.0667,
	76.8221 12.0222,
	76.8666 11.9778,
	76.9555 11.9444,
	77.1333 11.9333,
	77.2221 11.9222,
	77.311 11.8889,
	77.3555 11.8889,
	77.3999 11.9111,
	77.411 12,
	77.4221 12.0444,
	77.4555 12.0889,
	77.4777 12.2667,
	77.4777 12.3555,
	77.4444 12.4444,
	77.3888 12.5333,
	77.311 12.6,
	77.2666 12.6222,
	77.1777 12.6222,
	77.1555 12.6222,
	76.9999 12.4444,
	76.9777 12.4,
	76.8888 12.3555,
	76.8444 12.3111,
	76.8221 12.2889,
	76.7999 12.1111,
	76.7999 12.0778,
	"/>
</Transform>

<Transform dim="0"
 xcoef=" 0 1 0 0 0 0"
 ycoef=" 0 0 1 0 0 0">
<Contour name="TB3_NF01-PG_RSL" hidden="false" closed="true" simplified="true" border="1 1 0" fill="1 1 0" mode="-9"
 points="77.1777 13.6778,
	77.1888 13.6333,
	77.2777 13.6,
	77.3666 13.5889,
	77.4555 13.6,
	77.5444 13.6444,
	77.7221 13.6444,
	77.8999 13.5778,
	77.9888 13.5555,
	78.0777 13.5889,
	78.1666 13.6,
	78.2555 13.5889,
	78.2999 13.5778,
	78.4777 13.4778,
	78.5666 13.4111,
	78.7444 13.3889,
	78.8333 13.3778,
	78.911 13.4444,
	78.9444 13.5333,
	78.9333 13.5778,
	78.8777 13.6667,
	78.8555 13.7111,
	78.7777 13.7778,
	78.7444 13.8667,
	78.7221 13.9111,
	78.6333 13.9555,
	78.4555 13.9889,
	78.2777 14.0444,
	78.0999 14.0555,
	77.9221 14.0444,
	77.7444 14,
	77.6999 13.9889,
	77.6777 13.9667,
	77.4999 13.9,
	77.3221 13.8778,
	77.2333 13.8222,
	77.211 13.7778,
	77.1888 13.7555,
	77.1777 13.7111,
	77.1777 13.6889,
	"/>
</Transform>

<Transform dim="0"
 xcoef=" 0 1 0 0 0 0"
 ycoef=" 0 0 1 0 0 0">
<Contour name="TB3_NF01-PG_RSL" hidden="false" closed="true" simplified="true" border="1 1 0" fill="1 1 0" mode="-9"
 points="17.2585 10.1641,
	17.3085 10.0841,
	17.3485 10.0541,
	17.6685 10.0241,
	17.7485 10.0241,
	17.7885 10.0341,
	17.9485 10.1941,
	17.9685 10.2341,
	18.0485 10.2841,
	18.0885 10.3041,
	18.1385 10.3841,
	18.1485 10.5441,
	18.1485 10.5841,
	18.1385 10.6041,
	18.1085 10.6241,
	17.7885 10.6341,
	17.7085 10.6341,
	17.5385 10.5641,
	17.3785 10.4541,
	17.2985 10.3941,
	17.2685 10.3541,
	17.2585 10.1941,
	17.2585 10.1741,
	"/>
</Transform>

<Transform dim="0"
 xcoef=" 0 1 0 0 0 0"
 ycoef=" 0 0 1 0 0 0">
<Contour name="TB3_NF01-PG_RSL" hidden="false" closed="true" simplified="true" border="1 1 0" fill="1 1 0" mode="-9"
 points="51.74 15.4,
	51.82 15.24,
	51.87 15.19,
	52.03 15.14,
	52.19 15.12,
	52.27 15.11,
	52.35 15.07,
	52.39 15.05,
	52.47 14.97,
	52.49 14.93,
	52.57 14.88,
	52.73 14.82,
	52.89 14.81,
	52.97 14.81,
	53.05 14.85,
	53.09 14.88,
	53.13 14.89,
	53.29 14.98,
	53.45 14.99,
	53.53 15,
	53.61 15.04,
	53.65 15.05,
	53.73 15.1,
	53.76 15.14,
	53.77 15.3,
	53.77 15.34,
	53.73 15.37,
	53.57 15.4,
	53.41 15.4,
	53.25 15.35,
	53.17 15.34,
	53.09 15.31,
	52.93 15.31,
	52.77 15.36,
	52.61 15.43,
	52.57 15.45,
	52.55 15.45,
	52.47 15.5,
	52.31 15.55,
	52.15 15.58,
	51.83 15.57,
	51.79 15.56,
	51.74 15.48,
	51.74 15.41,
	"/>
</Transform>

<Transform dim="0"
 xcoef=" 0 1 0 0 0 0"
 ycoef=" 0 0 1 0 0 0">
<Contour name="TB3_NF01-PG_RSL" hidden="false" closed="true" simplified="true" border="1 1 0" fill="1 1 0" mode="-9"
 points="40.3685 14.5441,
	40.4485 14.4741,
	40.5285 14.4341,
	40.8485 14.3641,
	41.1685 14.3241,
	41.4885 14.3341,
	41.8085 14.3641,
	42.1285 14.4341,
	42.2885 14.4641,
	42.4485 14.5341,
	42.6085 14.6241,
	42.7685 14.7341,
	43.0885 14.8841,
	43.1685 14.9241,
	43.2485 14.9941,
	43.2985 15.0741,
	43.3085 15.1541,
	43.2785 15.2341,
	43.1285 15.3441,
	43.0485 15.3941,
	42.8885 15.5241,
	42.8085 15.5741,
	42.7485 15.6541,
	42.6885 15.8141,
	42.6585 15.8941,
	42.6285 15.9341,
	42.4685 15.9441,
	42.3085 15.9241,
	42.1485 15.8541,
	42.0685 15.7841,
	42.0285 15.7441,
	41.9785 15.6641,
	41.8985 15.5841,
	41.8785 15.5441,
	41.8685 15.5441,
	41.8185 15.4941,
	41.7085 15.3341,
	41.6585 15.2541,
	41.6285 15.2141,
	41.5485 15.1741,
	41.3885 15.1441,
	41.3185 15.1241,
	41.2285 15.0541,
	41.0685 14.9541,
	40.7485 14.8341,
	40.7085 14.8041,
	40.5485 14.7641,
	40.4685 14.7441,
	40.3985 14.6641,
	40.3685 14.5841,
	40.3685 14.5541,
	"/>
</Transform>

<Transform dim="0"
 xcoef=" 0 1 0 0 0 0"
 ycoef=" 0 0 1 0 0 0">
<Contour name="TB3_NF01-PG_RSL" hidden="false" closed="true" simplified="true" border="1 1 0" fill="1 1 0" mode="-9"
 points="60.61 12.28,
	60.65 12.2,
	60.76 12.05,
	60.91 11.89,
	61.04 11.74,
	61.1 11.67,
	61.13 11.63,
	61.29 11.52,
	61.37 11.48,
	61.53 11.47,
	61.69 11.5,
	61.85 11.5,
	61.88 11.58,
	61.89 11.66,
	61.77 11.82,
	61.62 11.95,
	61.58 11.97,
	61.43 12.11,
	61.27 12.22,
	61.19 12.25,
	61.03 12.28,
	60.87 12.34,
	60.79 12.37,
	60.75 12.39,
	60.67 12.39,
	60.65 12.39,
	60.62 12.35,
	60.61 12.31,
	60.61 12.29,
	"/>
</Transform>

<Transform dim="0"
 xcoef=" 0 1 0 0 0 0"
 ycoef=" 0 0 1 0 0 0">
<Contour name="TB3_NF01-PG_RSL" hidden="false" closed="true" simplified="true" border="1 1 0" fill="1 1 0" mode="-9"
 points="65.43 10.86,
	65.45 10.82,
	65.49 10.79,
	65.57 10.77,
	65.65 10.77,
	65.73 10.82,
	65.8 10.89,
	65.83 10.97,
	65.84 11.05,
	65.84 11.09,
	65.82 11.13,
	65.78 11.16,
	65.62 11.15,
	65.54 11.11,
	65.5 11.09,
	65.46 11.05,
	65.43 10.97,
	65.43 10.89,
	65.43 10.87,
	"/>
</Transform>

<Transform dim="0"
 xcoef=" 0 1 0 0 0 0"
 ycoef=" 0 0 1 0 0 0">
<Contour name="TB3_NF01-PG_RSL" hidden="false" closed="true" simplified="true" border="1 1 0" fill="1 1 0" mode="-9"
 points="68.6222 15.0667,
	68.6667 15.0222,
	68.7556 14.9889,
	68.8 14.9556,
	68.9778 14.9444,
	69.0556 15.0222,
	69.0667 15.1111,
	69.0556 15.2,
	69.0222 15.2889,
	69.0111 15.3333,
	69.0111 15.3556,
	68.9889 15.3778,
	68.9444 15.3778,
	68.9222 15.3667,
	68.9333 15.3556,
	68.8444 15.3444,
	68.8 15.3111,
	68.7111 15.2778,
	68.6333 15.2,
	68.6222 15.1111,
	68.6222 15.0778,
	"/>
</Transform>

<Transform dim="0"
 xcoef=" 0 1 0 0 0 0"
 ycoef=" 0 0 1 0 0 0">
<Contour name="TB3_NF01-PG_RSL" hidden="false" closed="true" simplified="true" border="1 1 0" fill="1 1 0" mode="-9"
 points="76.7999 12.0667,
	76.8221 12.0222,
	76.8666 11.9778,
	76.9555 11.9444,
	77.1333 11.9333,
	77.2221 11.9222,
	77.311 11.8889,
	77.3555 11.8889,
	77.3999 11.9111,
	77.411 12,
	77.4221 12.0444,
	77.4555 12.0889,
	77.4777 12.2667,
	77.4777 12.3555,
	77.4444 12.4444,
	77.3888 12.5333,
	77.311 12.6,
	77.2666 12.6222,
	77.1777 12.6222,
	77.1555 12.6222,
	76.9999 12.4444,
	76.9777 12.4,
	76.8888 12.3555,
	76.8444 12.3111,
	76.8221 12.2889,
	76.7999 12.1111,
	76.7999 12.0778,
	"/>
</Transform>

<Transform dim="0"
 xcoef=" 0 1 0 0 0 0"
 ycoef=" 0 0 1 0 0 0">
<Contour name="TB3_NF01-PG_RSL" hidden="false" closed="true" simplified="true" border="1 1 0" fill="1 1 0" mode="-9"
 points="77.1777 13.6778,
	77.1888 13.6333,
	77.2777 13.6,
	77.3666 13.5889,
	77.4555 13.6,
	77.5444 13.6444,
	77.7221 13.6444,
	77.8999 13.5778,
	77.9888 13.5555,
	78.0777 13.5889,
	78.1666 13.6,
	78.2555 13.5889,
	78.2999 13.5778,
	78.4777 13.4778,
	78.5666 13.4111,
	78.7444 13.3889,
	78.8333 13.3778,
	78.911 13.4444,
	78.9444 13.5333,
	78.9333 13.5778,
	78.8777 13.6667,
	78.8555 13.7111,
	78.7777 13.7778,
	78.7444 13.8667,
	78.7221 13.9111,
	78.6333 13.9555,
	78.4555 13.9889,
	78.2777 14.0444,
	78.0999 14.0555,
	77.9221 14.0444,
	77.7444 14,
	77.6999 13.9889,
	77.6777 13.9667,
	77.4999 13.9,
	77.3221 13.8778,
	77.2333 13.8222,
	77.211 13.7778,
	77.1888 13.7555,
	77.1777 13.7111,
	77.1777 13.6889,
	"/>
</Transform>

<Transform dim="0"
 xcoef=" 0 1 0 0 0 0"
 ycoef=" 0 0 1 0 0 0">
<Image mag="0.00749" contrast="1" brightness="0" red="true" green="true" blue="true"
 src="Alg_stitch3-4_312.tif" />
<Contour name="domain1" hidden="false" closed="true" simplified="false" border="1 0 1" fill="1 0 1" mode="11"
 points="0 0,
	15652 0,
	15652 8578,
	0 8578,
	"/>
</Transform>

<Transform dim="0"
 xcoef=" 0 1 0 0 0 0"
 ycoef=" 0 0 1 0 0 0">
<Image mag="0.00749" contrast="1" brightness="0" red="true" green="true" blue="true"
 src="Alg_stitch3-4_312.tif" />
<Contour name="domain1" hidden="false" closed="true" simplified="false" border="1 0 1" fill="1 0 1" mode="11"
 points="0 0,
	15652 0,
	15652 8578,
	0 8578,
	"/>
</Transform>

<Transform dim="0"
 xcoef=" 0 1 0 0 0 0"
 ycoef=" 0 0 1 0 0 0">
<Image mag="0.00749" contrast="1" brightness="0" red="true" green="true" blue="true"
 src="Alg_stitch3-4_312.tif" />
<Contour name="domain1" hidden="false" closed="true" simplified="false" border="1 0 1" fill="1 0 1" mode="11"
 points="0 0,
	15652 0,
	15652 8578,
	0 8578,
	"/>
</Transform>

<Transform dim="0"
 xcoef=" 0 1 0 0 0 0"
 ycoef=" 0 0 1 0 0 0">
<Image mag="0.00749" contrast="1" brightness="0" red="true" green="true" blue="true"
 src="Alg_stitch3-4_312.tif" />
<Contour name="domain1" hidden="false" closed="true" simplified="false" border="1 0 1" fill="1 0 1" mode="11"
 points="0 0,
	15652 0,
	15652 8578,
	0 8578,
	"/>
</Transform>

<Transform dim="0"
 xcoef=" 0 1 0 0 0 0"
 ycoef=" 0 0 1 0 0 0">
<Image mag="0.00749" contrast="1" brightness="0" red="true" green="true" blue="true"
 src="Alg_stitch3-4_312.tif" />
<Contour name="DENucleus2" hidden="false" closed="true" simplified="false" border="0 0 0.627" fill="0 0 0.627" mode="11"
 points="0 0,
	15652 0,
	15652 8578,
	0 8578,
	"/>
</Transform>

<Transform dim="0"
 xcoef=" 0 1 0 0 0 0"
 ycoef=" 0 0 1 0 0 0">
<Image mag="0.00749" contrast="1" brightness="0" red="true" green="true" blue="true"
 src="Alg_stitch3-4_312.tif" />
<Contour name="domain1" hidden="false" closed="true" simplified="false" border="1 0 1" fill="1 0 1" mode="11"
 points="0 0,
	15652 0,
	15652 8578,
	0 8578,
	"/>
</Transform>

<Transform dim="0"
 xcoef=" 0 1 0 0 0 0"
 ycoef=" 0 0 1 0 0 0">
<Image mag="0.00749" contrast="1" brightness="0" red="true" green="true" blue="true"
 src="Alg_stitch3-4_312.tif" />
<Contour name="domain1" hidden="false" closed="true" simplified="false" border="1 0 1" fill="1 0 1" mode="11"
 points="0 0,
	15652 0,
	15652 8578,
	0 8578,
	"/>
</Transform>

<Transform dim="0"
 xcoef=" 0 1 0 0 0 0"
 ycoef=" 0 0 1 0 0 0">
<Image mag="0.00749" contrast="1" brightness="0" red="true" green="true" blue="true"
 src="Alg_stitch3-4_312.tif" />
<Contour name="domain1" hidden="false" closed="true" simplified="false" border="1 0 1" fill="1 0 1" mode="11"
 points="0 0,
	15652 0,
	15652 8578,
	0 8578,
	"/>
</Transform>

<Transform dim="0"
 xcoef=" 0 1 0 0 0 0"
 ycoef=" 0 0 1 0 0 0">
<Image mag="0.00749" contrast="1" brightness="0" red="true" green="true" blue="true"
 src="Alg_stitch3-4_312.tif" />
<Contour name="domain1" hidden="false" closed="true" simplified="false" border="1 0 1" fill="1 0 1" mode="11"
 points="0 0,
	15652 0,
	15652 8578,
	0 8578,
	"/>
</Transform>

<Transform dim="0"
 xcoef=" 0 1 0 0 0 0"
 ycoef=" 0 0 1 0 0 0">
<Image mag="0.00749" contrast="1" brightness="0" red="true" green="true" blue="true"
 src="Alg_stitch3-4_312.tif" />
<Contour name="domain1" hidden="false" closed="true" simplified="false" border="1 0 1" fill="1 0 1" mode="11"
 points="0 0,
	15652 0,
	15652 8578,
	0 8578,
	"/>
</Transform>

<Transform dim="0"
 xcoef=" 0 1 0 0 0 0"
 ycoef=" 0 0 1 0 0 0">
<Image mag="0.00749" contrast="1" brightness="0" red="true" green="true" blue="true"
 src="Alg_stitch3-4_312.tif" />
<Contour name="domain1" hidden="false" closed="true" simplified="false" border="1 0 1" fill="1 0 1" mode="11"
 points="0 0,
	15652 0,
	15652 8578,
	0 8578,
	"/>
</Transform>

<Transform dim="0"
 xcoef=" 0 1 0 0 0 0"
 ycoef=" 0 0 1 0 0 0">
<Image mag="0.00749" contrast="1" brightness="0" red="true" green="true" blue="true"
 src="Alg_stitch3-4_312.tif" />
<Contour name="domain1" hidden="false" closed="true" simplified="false" border="1 0 1" fill="1 0 1" mode="11"
 points="0 0,
	15652 0,
	15652 8578,
	0 8578,
	"/>
</Transform>

<Transform dim="0"
 xcoef=" 0 1 0 0 0 0"
 ycoef=" 0 0 1 0 0 0">
<Image mag="0.00749" contrast="1" brightness="0" red="true" green="true" blue="true"
 src="Alg_stitch3-4_312.tif" />
<Contour name="domain1" hidden="false" closed="true" simplified="false" border="1 0 1" fill="1 0 1" mode="11"
 points="0 0,
	15652 0,
	15652 8578,
	0 8578,
	"/>
</Transform>

<Transform dim="0"
 xcoef=" 0 1 0 0 0 0"
 ycoef=" 0 0 1 0 0 0">
<Image mag="0.00749" contrast="1" brightness="0" red="true" green="true" blue="true"
 src="Alg_stitch3-4_312.tif" />
<Contour name="domain1" hidden="false" closed="true" simplified="false" border="1 0 1" fill="1 0 1" mode="11"
 points="0 0,
	15652 0,
	15652 8578,
	0 8578,
	"/>
</Transform>

<Transform dim="0"
 xcoef=" 0 1 0 0 0 0"
 ycoef=" 0 0 1 0 0 0">
<Image mag="0.00749" contrast="1" brightness="0" red="true" green="true" blue="true"
 src="Alg_stitch3-4_312.tif" />
<Contour name="domain1" hidden="false" closed="true" simplified="false" border="1 0 1" fill="1 0 1" mode="11"
 points="0 0,
	15652 0,
	15652 8578,
	0 8578,
	"/>
</Transform>

<Transform dim="0"
 xcoef=" 0 1 0 0 0 0"
 ycoef=" 0 0 1 0 0 0">
<Image mag="0.00749" contrast="1" brightness="0" red="true" green="true" blue="true"
 src="Alg_stitch3-4_312.tif" />
<Contour name="DENucleus2" hidden="false" closed="true" simplified="false" border="0 0 0.627" fill="0 0 0.627" mode="11"
 points="0 0,
	15652 0,
	15652 8578,
	0 8578,
	"/>
</Transform>

<Transform dim="0"
 xcoef=" 0 1 0 0 0 0"
 ycoef=" 0 0 1 0 0 0">
<Image mag="0.00749" contrast="1" brightness="0" red="true" green="true" blue="true"
 src="Alg_stitch3-4_312.tif" />
<Contour name="domain1" hidden="false" closed="true" simplified="false" border="1 0 1" fill="1 0 1" mode="11"
 points="0 0,
	15652 0,
	15652 8578,
	0 8578,
	"/>
</Transform>

<Transform dim="0"
 xcoef=" 0 1 0 0 0 0"
 ycoef=" 0 0 1 0 0 0">
<Image mag="0.00749" contrast="1" brightness="0" red="true" green="true" blue="true"
 src="Alg_stitch3-4_312.tif" />
<Contour name="domain1" hidden="false" closed="true" simplified="false" border="1 0 1" fill="1 0 1" mode="11"
 points="0 0,
	15652 0,
	15652 8578,
	0 8578,
	"/>
</Transform>

<Transform dim="0"
 xcoef=" 0 1 0 0 0 0"
 ycoef=" 0 0 1 0 0 0">
<Contour name="TB2_T2Cell07_CM_LES" hidden="false" closed="true" simplified="true" border="0.568627 1 0.780392" fill="0.568627 1 0.780392" mode="-9"
 points="49.446 39.5123,
	49.5797 39.1559,
	49.7356 39.0223,
	49.9138 38.8441,
	49.9583 38.7995,
	49.9138 38.755,
	49.8915 38.755,
	50.0697 38.5991,
	50.7824 38.2873,
	50.9606 38.1982,
	51.317 37.9532,
	51.4951 37.8863,
	51.5842 37.8195,
	51.6288 37.8195,
	51.807 37.6859,
	51.8961 37.6413,
	53.3215 37.6191,
	53.6779 37.6636,
	54.0343 37.6636,
	54.747 37.8641,
	55.1034 37.9977,
	55.4597 38.0868,
	55.8161 38.2427,
	55.9943 38.3541,
	56.1725 38.4209,
	56.3506 38.5323,
	56.4397 38.5991,
	56.3729 38.6882,
	56.1947 38.6659,
	56.0166 38.5768,
	55.8384 38.5545,
	55.6602 38.6214,
	55.6156 38.6659,
	55.6379 38.755,
	55.7715 38.9332,
	55.8161 39.0223,
	55.8161 39.1114,
	55.6602 39.2895,
	55.5711 39.3118,
	55.2147 39.1114,
	54.502 39.3118,
	54.1456 39.3786,
	53.7893 39.5345,
	53.6111 39.6459,
	53.4552 39.8018,
	53.3883 39.8909,
	53.032 40.0691,
	52.9429 40.0914,
	52.787 40.225,
	52.4306 40.3141,
	52.2524 40.3586,
	52.1633 40.3809,
	52.0965 40.4477,
	52.0297 40.6259,
	51.9629 40.715,
	51.9406 40.8932,
	51.7624 41.0491,
	51.406 41.0937,
	51.0497 40.9377,
	50.8715 40.8932,
	50.5151 41.0491,
	50.3369 41.0491,
	50.2478 41.0046,
	49.9138 40.6482,
	49.7578 40.47,
	49.6688 40.3809,
	49.4683 40.0246,
	49.446 39.6682,
	49.446 39.5791,
	49.446 39.5345,
	"/>
</Transform>

<Transform dim="0"
 xcoef=" 0 1 0 0 0 0"
 ycoef=" 0 0 1 0 0 0">
<Contour name="Tb2_NF40_LES" hidden="false" closed="true" simplified="true" border="0.501961 0.25098 0.25098" fill="0.501961 0.25098 0.25098" mode="-9"
 points="19.9616 36.7406,
	20.0181 36.6841,
	20.3194 36.5523,
	20.6207 36.364,
	20.7713 36.2133,
	20.8655 36.0626,
	21.148 35.799,
	21.2233 35.7613,
	21.5246 35.7425,
	21.5999 35.7613,
	21.6564 35.8367,
	21.6564 35.8743,
	21.6941 35.912,
	21.6753 36.2133,
	21.5811 36.5146,
	21.4493 36.6653,
	21.2986 36.7218,
	21.148 36.7406,
	20.8467 36.8724,
	20.696 36.9477,
	20.3947 36.9666,
	20.244 36.9854,
	20.1687 37.0231,
	20.0934 37.0042,
	19.9616 36.8724,
	19.9616 36.7971,
	19.9616 36.7594,
	"/>
</Transform>

<Transform dim="0"
 xcoef=" 0 1 0 0 0 0"
 ycoef=" 0 0 1 0 0 0">
<Contour name="Tb2_NF34_LES" hidden="false" closed="true" simplified="true" border="0.756863 0.513725 1" fill="0.756863 0.513725 1" mode="-9"
 points="50.803 37.1167,
	50.9022 37.0423,
	51.2989 36.9431,
	51.6956 36.9679,
	52.0923 37.0423,
	52.2906 37.1167,
	52.3898 37.1415,
	52.7865 36.9927,
	53.1832 36.9431,
	53.5799 37.0423,
	53.6791 37.0919,
	53.7783 37.1911,
	53.8031 37.2902,
	53.8031 37.3398,
	53.7039 37.4142,
	53.3072 37.4886,
	53.1088 37.4886,
	52.9105 37.5382,
	52.5138 37.5134,
	52.3154 37.5134,
	52.2163 37.5382,
	52.0179 37.5134,
	51.6212 37.563,
	51.4229 37.563,
	51.2245 37.4886,
	51.1749 37.4886,
	51.0757 37.4142,
	50.9766 37.3894,
	50.803 37.2159,
	50.803 37.1415,
	"/>
<Contour name="Tb2_NF34_LES" hidden="false" closed="true" simplified="true" border="0.756863 0.513725 1" fill="0.756863 0.513725 1" mode="-9"
 points="54.4229 37.3398,
	54.5221 37.2655,
	54.7205 37.2655,
	54.8196 37.2655,
	55.018 37.3646,
	55.2163 37.3646,
	55.4147 37.4142,
	55.4643 37.4142,
	55.861 37.6374,
	56.2577 37.8109,
	56.4312 37.9845,
	56.456 38.0837,
	56.4312 38.1828,
	56.3569 38.282,
	56.1585 38.282,
	55.9602 38.2076,
	55.5635 37.9349,
	55.3651 37.8109,
	55.1668 37.7613,
	54.9684 37.7613,
	54.8692 37.7613,
	54.6709 37.687,
	54.4725 37.563,
	54.4229 37.5134,
	54.4229 37.4142,
	54.4229 37.3646,
	"/>
</Transform>

<Transform dim="0"
 xcoef=" 0 1 0 0 0 0"
 ycoef=" 0 0 1 0 0 0">
<Contour name="Tb2_NF32_LES" hidden="false" closed="true" simplified="true" border="0.396078 0.462745 0.737255" fill="0.396078 0.462745 0.737255" mode="-9"
 points="46.3449 39.0723,
	46.4875 38.9297,
	46.6301 38.8941,
	46.9153 39.001,
	47.2005 39.0367,
	47.7709 39.3575,
	48.0561 39.6427,
	48.6265 40.0349,
	48.8048 40.3201,
	48.9474 40.4627,
	49.1256 41.0331,
	49.0543 41.3183,
	48.8761 41.6035,
	48.8048 41.7461,
	48.5196 41.96,
	48.377 42.0313,
	48.0918 41.9956,
	48.0205 41.9243,
	48.0205 41.6391,
	48.1987 41.3539,
	48.3057 41.247,
	48.3413 40.9618,
	48.1631 40.7122,
	47.8779 40.4627,
	46.7371 39.7853,
	46.4875 39.5358,
	46.3806 39.3932,
	46.3449 39.108,
	"/>
</Transform>

<Transform dim="0"
 xcoef=" 0 1 0 0 0 0"
 ycoef=" 0 0 1 0 0 0">
<Contour name="Tb2_NF29_LES" hidden="false" closed="true" simplified="true" border="0 0.501961 0.74902" fill="0 0.501961 0.74902" mode="-9"
 points="22.2893 31.5005,
	22.335 31.4396,
	22.3959 31.4396,
	22.6395 31.5614,
	22.7004 31.5766,
	22.7309 31.5614,
	22.9592 31.7288,
	23.0201 31.7897,
	23.0506 31.8506,
	23.0354 31.9115,
	22.9288 32.0181,
	22.8983 32.0486,
	22.7765 32.079,
	22.5329 32.0333,
	22.472 32.0029,
	22.4111 31.942,
	22.4264 31.8202,
	22.3807 31.6984,
	22.3198 31.6527,
	22.2893 31.6223,
	22.2893 31.5157,
	"/>
<Contour name="Tb2_NF29_LES" hidden="false" closed="true" simplified="true" border="0 0.501961 0.74902" fill="0 0.501961 0.74902" mode="-9"
 points="21.6499 36.1745,
	21.6651 36.0527,
	21.6804 35.9918,
	21.726 35.9309,
	21.7565 35.9157,
	21.7869 35.9309,
	22.0305 35.9005,
	22.1523 35.9461,
	22.2132 35.9766,
	22.2741 36.0984,
	22.2893 36.1593,
	22.2589 36.2202,
	22.198 36.2811,
	22.1371 36.3115,
	22.0153 36.4181,
	21.9544 36.4486,
	21.8326 36.4638,
	21.7717 36.4486,
	21.6651 36.3572,
	21.6499 36.2354,
	21.6499 36.1897,
	"/>
</Transform>

<Transform dim="0"
 xcoef=" 0 1 0 0 0 0"
 ycoef=" 0 0 1 0 0 0">
<Contour name="Tb2_NF29_LES" hidden="false" closed="true" simplified="true" border="0 0.501961 0.74902" fill="0 0.501961 0.74902" mode="-9"
 points="19.0008 32.0029,
	19.1073 31.8811,
	19.3509 31.7288,
	19.5945 31.6375,
	19.7163 31.5918,
	19.8381 31.5157,
	19.8686 31.5157,
	19.9295 31.47,
	20.1731 31.3787,
	20.4167 31.333,
	20.4776 31.3025,
	20.5994 31.196,
	20.6603 31.1655,
	20.6907 31.1351,
	20.8125 31.1351,
	20.9343 31.1807,
	20.9952 31.2264,
	21.2388 31.333,
	21.2997 31.3634,
	21.4063 31.4852,
	21.4215 31.5461,
	21.4063 31.607,
	21.3454 31.6375,
	20.8582 31.6832,
	20.7364 31.7288,
	20.6755 31.7745,
	20.5537 31.8202,
	20.4928 31.8354,
	20.4319 31.8811,
	20.3101 31.9115,
	20.0665 32.0486,
	19.8229 32.1399,
	19.762 32.1704,
	19.5184 32.1856,
	19.3966 32.2008,
	19.153 32.1704,
	19.1073 32.1856,
	19.0464 32.1551,
	19.016 32.1247,
	19.0008 32.0181,
	"/>
</Transform>

<Transform dim="0"
 xcoef=" 0 1 0 0 0 0"
 ycoef=" 0 0 1 0 0 0">
<Contour name="Tb2_NF54_LES" hidden="false" closed="true" simplified="true" border="1 0 0" fill="1 0 0" mode="-9"
 points="24.9397 46.2915,
	24.9834 46.204,
	25.1584 46.0947,
	25.5085 45.9634,
	25.6835 45.9415,
	25.8585 45.9853,
	26.2085 46.1822,
	26.3398 46.3353,
	26.3179 46.4228,
	26.1648 46.5541,
	25.8148 46.6635,
	25.4647 46.6416,
	25.1147 46.5322,
	25.0272 46.4884,
	24.9397 46.4009,
	24.9397 46.3134,
	"/>
<Contour name="Tb2_NF54_LES" hidden="false" closed="true" simplified="true" border="1 0 0" fill="1 0 0" mode="-9"
 points="23.2114 47.451,
	23.3208 47.276,
	23.4958 47.1666,
	23.5833 47.1447,
	23.7583 47.0135,
	23.9333 46.9479,
	24.0209 46.9697,
	24.0646 47.0135,
	24.0646 47.101,
	23.9115 47.2541,
	23.5614 47.4729,
	23.5177 47.5167,
	23.3427 47.5823,
	23.2989 47.5823,
	23.277 47.5385,
	23.2333 47.5385,
	23.2114 47.4729,
	"/>
</Transform>

<Transform dim="0"
 xcoef=" 0 1 0 0 0 0"
 ycoef=" 0 0 1 0 0 0">
<Contour name="TB2_NF001_LES" hidden="false" closed="true" simplified="true" border="1 1 0" fill="1 1 0" mode="-9"
 points="21.2597 42.4324,
	21.2888 42.3743,
	21.3469 42.3307,
	21.463 42.3162,
	21.5792 42.2726,
	21.7825 42.0984,
	21.8697 41.9822,
	21.9277 41.7498,
	21.9713 41.6337,
	22.0294 41.5901,
	22.0875 41.6337,
	22.102 41.7498,
	22.1165 41.8079,
	22.073 42.2726,
	22.073 42.3888,
	22.131 42.4614,
	22.2472 42.4178,
	22.4505 42.1855,
	22.5231 42.0693,
	22.5376 41.9531,
	22.5231 41.837,
	22.5231 41.7789,
	22.5086 41.7498,
	22.5376 41.6917,
	22.5667 41.6627,
	22.6248 41.6627,
	22.7264 41.7644,
	22.7555 41.7934,
	22.7555 42.0257,
	22.7264 42.1419,
	22.7119 42.2,
	22.6393 42.3162,
	22.6103 42.3743,
	22.5086 42.4904,
	22.2763 42.6647,
	22.1601 42.7373,
	22.1165 42.9697,
	22.073 43.0858,
	21.9713 43.202,
	21.8551 43.2746,
	21.739 43.3908,
	21.5211 43.5505,
	21.4776 43.5941,
	21.4195 43.6086,
	21.3614 43.5941,
	21.3469 43.536,
	21.4921 43.3182,
	21.5937 43.2165,
	21.6663 43.1149,
	21.7099 42.9987,
	21.6954 42.9551,
	21.5792 42.839,
	21.463 42.7664,
	21.405 42.7373,
	21.3033 42.6357,
	21.2597 42.5195,
	21.2597 42.4614,
	21.2597 42.4469,
	"/>
</Transform>

<Transform dim="0"
 xcoef=" 0 1 0 0 0 0"
 ycoef=" 0 0 1 0 0 0">
<Contour name="TB2_NF21_LES" hidden="false" closed="true" simplified="true" border="0.705882 0.705882 1" fill="0.705882 0.705882 1" mode="-9"
 points="20.9024 43.0777,
	20.9239 42.9633,
	20.9382 42.9061,
	20.9668 42.8488,
	21.024 42.7916,
	21.074 42.763,
	21.1026 42.7058,
	21.1598 42.6701,
	21.217 42.6486,
	21.2742 42.6415,
	21.3029 42.6343,
	21.4173 42.713,
	21.4745 42.763,
	21.5889 42.8417,
	21.6461 42.8774,
	21.689 42.9347,
	21.6819 42.9919,
	21.6747 43.0205,
	21.5746 43.1134,
	21.4816 43.2278,
	21.4387 43.2851,
	21.3315 43.378,
	21.3029 43.4066,
	21.31 43.4138,
	21.2528 43.4495,
	21.1956 43.4424,
	21.1384 43.4209,
	21.1241 43.4066,
	21.0955 43.3995,
	21.0383 43.3637,
	20.9882 43.3137,
	20.9239 43.1992,
	20.9024 43.0848,
	"/>
<Contour name="TB2_NF21_LES" hidden="false" closed="true" simplified="true" border="0.705882 0.705882 1" fill="0.705882 0.705882 1" mode="-9"
 points="22.068 42.2911,
	22.1181 42.0622,
	22.1324 42.005,
	22.1324 41.8906,
	22.1181 41.8334,
	22.1181 41.8191,
	22.0966 41.7905,
	22.0895 41.7333,
	22.1038 41.6189,
	22.0895 41.39,
	22.1109 41.2756,
	22.1395 41.2184,
	22.1395 41.104,
	22.161 40.9896,
	22.1824 40.9324,
	22.2396 40.8823,
	22.2968 40.8466,
	22.3254 40.8394,
	22.3541 40.8466,
	22.4113 40.8966,
	22.447 40.9538,
	22.4256 41.1827,
	22.447 41.4115,
	22.4685 41.5259,
	22.4828 41.5831,
	22.54 41.6975,
	22.54 41.7118,
	22.5757 41.769,
	22.5972 41.8262,
	22.6043 41.8549,
	22.5686 41.9693,
	22.5328 42.0265,
	22.5185 42.0551,
	22.5042 42.0694,
	22.4971 42.098,
	22.4828 42.1123,
	22.4613 42.1695,
	22.4399 42.1981,
	22.4399 42.2124,
	22.397 42.2696,
	22.3684 42.3268,
	22.3254 42.384,
	22.2682 42.4341,
	22.1538 42.4841,
	22.1038 42.4627,
	22.0752 42.4055,
	22.068 42.2982,
	"/>
</Transform>

<Transform dim="0"
 xcoef=" 0 1 0 0 0 0"
 ycoef=" 0 0 1 0 0 0">
<Image mag="0.00749" contrast="1" brightness="0" red="true" green="true" blue="true"
 src="Alg_stitch3-4_312.tif" />
<Contour name="domain1" hidden="false" closed="true" simplified="false" border="1 0 1" fill="1 0 1" mode="11"
 points="0 0,
	15652 0,
	15652 8578,
	0 8578,
	"/>
</Transform>

<Transform dim="0"
 xcoef=" 0 1 0 0 0 0"
 ycoef=" 0 0 1 0 0 0">
<Contour name="TB2_shell_RSL" hidden="false" closed="true" simplified="true" border="1 1 1" fill="0.753 0.753 0.753" mode="9"
 points="43.0488 35.9761,
	43.383 35.5306,
	43.8285 35.0851,
	44.0513 34.8623,
	44.9423 34.3611,
	46.7244 33.9713,
	47.6155 33.6928,
	48.061 33.6928,
	48.5065 33.4701,
	49.3976 33.5814,
	49.6203 33.4701,
	50.0658 33.4701,
	50.5114 33.303,
	51.4024 33.1916,
	52.2935 32.8575,
	53.1845 32.8018,
	53.63 32.8575,
	54.5211 33.2473,
	55.4121 33.4144,
	55.8577 33.5257,
	56.7487 33.5257,
	56.9715 33.5257,
	57.8625 34.0826,
	58.2524 34.5282,
	58.4194 34.7509,
	58.5865 35.1965,
	59.1991 36.0875,
	59.4219 36.533,
	59.8117 36.9786,
	60.0345 37.2013,
	60.3129 37.6468,
	60.48 38.0924,
	60.48 38.2038,
	60.5914 38.2038,
	60.8698 39.0948,
	60.8141 39.5403,
	60.8698 39.9859,
	60.8141 40.8769,
	60.5357 41.7679,
	60.2572 42.2135,
	59.5333 43.0488,
	59.1434 43.4944,
	58.7536 43.8285,
	57.8625 44.2183,
	56.0804 44.3854,
	55.1894 44.3297,
	54.2983 44.1626,
	52.5162 43.55,
	50.7341 43.1602,
	49.8431 42.9931,
	48.061 42.3805,
	47.1699 41.8793,
	46.7244 41.6566,
	46.5017 41.4895,
	46.0561 41.3781,
	45.6106 41.1554,
	44.7752 40.32,
	44.6639 40.0972,
	44.274 39.6517,
	43.9956 39.2062,
	43.8285 38.7607,
	43.8285 37.8696,
	43.7728 37.4241,
	43.7728 37.2013,
	43.4944 36.7558,
	43.1045 36.366,
	43.0488 36.1432,
	43.0488 36.0318,
	"/>
</Transform>

<Transform dim="0"
 xcoef=" 0 1 0 0 0 0"
 ycoef=" 0 0 1 0 0 0">
<Contour name="TB2_BasalCell07_nuc_LES" hidden="false" closed="true" simplified="true" border="0.922 0.078 0.624" fill="1 0 0.5" mode="-11"
 points="24.5049 40.8586,
	24.608 40.4459,
	24.5307 40.0332,
	24.5565 39.8269,
	24.737 39.4141,
	24.6596 39.2078,
	24.737 39.1046,
	24.7628 39.0014,
	25.1239 38.6403,
	25.1755 38.2276,
	25.3303 38.0212,
	25.5367 37.8407,
	25.9494 37.6859,
	26.1557 37.5827,
	26.2073 37.5827,
	26.62 37.299,
	26.6716 37.2474,
	27.0843 37.1184,
	27.2907 37.1184,
	27.497 37.041,
	27.7034 36.9121,
	28.0903 36.4994,
	28.2967 36.422,
	28.7094 36.4478,
	28.8126 36.4994,
	28.8642 36.5252,
	29.0705 36.3962,
	29.1737 36.422,
	29.2253 36.4736,
	29.4316 36.4994,
	29.638 36.3962,
	29.8444 36.3446,
	29.9475 36.3188,
	30.0249 36.2414,
	29.9475 36.0351,
	29.9475 35.9319,
	30.1281 35.8029,
	30.2313 35.7513,
	31.0567 35.8803,
	31.4694 35.9061,
	31.6758 35.9061,
	31.7789 35.9061,
	31.9595 35.7513,
	32.0627 35.6481,
	32.1659 35.6481,
	32.3722 35.7513,
	32.5786 35.9061,
	32.6818 35.9835,
	32.8881 36.0093,
	33.0945 36.0866,
	33.5072 36.3704,
	33.9199 36.6025,
	34.0231 36.6025,
	34.2294 36.4736,
	34.3326 36.422,
	34.3842 36.422,
	34.5906 36.6025,
	34.7453 36.8089,
	34.9517 36.9379,
	35.1322 37.1184,
	35.158 37.2216,
	35.2612 37.299,
	35.4676 37.3506,
	35.5708 37.428,
	35.5965 37.5311,
	35.7771 37.7117,
	35.8803 37.7633,
	36.0609 37.9697,
	36.2414 38.3824,
	36.293 38.5887,
	36.3446 38.6919,
	36.3446 38.8983,
	36.2672 39.1046,
	36.1124 39.311,
	36.0609 39.7237,
	36.0093 39.93,
	35.9061 40.1364,
	35.9319 40.188,
	35.9835 40.188,
	36.0866 40.1106,
	36.1898 40.1364,
	36.293 40.2138,
	36.3188 40.4201,
	36.1898 41.2456,
	36.164 41.3487,
	36.1382 41.4003,
	36.164 41.5035,
	36.0609 41.7099,
	36.0093 41.813,
	35.9061 41.9162,
	35.9061 41.9678,
	35.8545 42.0194,
	35.9061 42.2258,
	35.6739 42.6127,
	35.4676 42.7932,
	35.3644 42.819,
	35.2354 42.9996,
	34.8485 43.3865,
	34.7195 43.5929,
	34.539 43.7992,
	34.1521 44.0056,
	33.7393 44.1604,
	33.533 44.1604,
	33.4298 44.1346,
	33.0171 44.3151,
	32.8107 44.3151,
	32.6044 44.4441,
	32.5012 44.4957,
	32.398 44.5989,
	32.1917 44.6247,
	31.9853 44.5989,
	31.7789 44.6505,
	31.6758 44.6505,
	31.2631 44.4957,
	30.8503 44.4957,
	30.4376 44.4183,
	30.0249 44.3925,
	29.9217 44.3667,
	29.7154 44.3925,
	29.3027 44.2377,
	28.89 44.2119,
	28.6836 44.1861,
	28.5804 44.1604,
	28.1677 43.9024,
	27.9613 43.8766,
	27.9098 43.8766,
	27.7292 43.6703,
	27.626 43.5671,
	27.5228 43.5413,
	27.1101 43.2833,
	27.0843 43.2317,
	27.2133 42.819,
	27.2649 42.7674,
	27.2391 42.6643,
	27.0327 42.5353,
	26.9296 42.5611,
	26.878 42.5611,
	26.7748 42.6385,
	26.3621 42.6643,
	26.1557 42.6385,
	25.9494 42.5611,
	25.8462 42.5095,
	25.6656 42.3031,
	25.5624 42.2258,
	25.4593 42.2,
	25.3561 42.0968,
	25.3303 41.8904,
	25.3303 41.7873,
	25.2529 41.6841,
	25.0466 41.6583,
	24.8402 41.5551,
	24.6338 41.3745,
	24.5307 41.1682,
	24.5049 40.9618,
	24.5049 40.8844,
	"/>
</Transform>

<Transform dim="0"
 xcoef=" 0 1 0 0 0 0"
 ycoef=" 0 0 1 0 0 0">
<Contour name="TB2_BasalCell07_CM_LES" hidden="false" closed="true" simplified="true" border="0.98 0.773 0.91" fill="1 0 0.5" mode="-11"
 points="20.8406 43.9422,
	20.8733 43.8766,
	20.9389 43.8439,
	20.9716 43.8111,
	21.2338 43.7783,
	21.4959 43.68,
	21.627 43.5653,
	21.7581 43.4834,
	21.8892 43.4342,
	22.1349 43.1721,
	22.2496 42.91,
	22.3315 42.7789,
	22.5609 42.5167,
	22.5609 42.484,
	22.692 42.3529,
	22.7575 42.2218,
	22.8067 41.9597,
	22.8067 41.8286,
	22.8394 41.7958,
	22.5773 41.5828,
	22.5118 41.4518,
	22.479 41.3862,
	22.5937 41.1241,
	22.5937 41.0586,
	22.479 40.7964,
	22.4462 40.7309,
	22.4462 40.6653,
	22.4954 40.5343,
	22.6264 40.4523,
	22.692 40.436,
	22.8231 40.4523,
	22.9541 40.4196,
	23.0197 40.4196,
	23.1507 40.3377,
	23.2163 40.2885,
	23.3473 40.0264,
	23.4129 39.8953,
	23.4293 39.8297,
	23.3637 39.6987,
	23.118 39.4365,
	23.1016 39.4038,
	23.1507 39.3382,
	23.2163 39.3218,
	23.2818 39.2563,
	23.1999 39.1252,
	23.249 39.0597,
	23.5112 38.9122,
	23.7569 38.6501,
	23.7733 38.6173,
	23.7406 38.5682,
	23.6095 38.6501,
	23.5767 38.6829,
	23.5112 38.6829,
	23.4948 38.6501,
	23.5276 38.5846,
	23.7897 38.3388,
	23.9208 38.2241,
	24.4451 37.9783,
	24.5761 37.9128,
	24.7072 37.8145,
	24.7728 37.7817,
	24.8055 37.7162,
	25.3298 37.4704,
	25.592 37.3721,
	25.8541 37.1591,
	25.9852 37.0445,
	26.0507 36.9953,
	25.9196 36.9134,
	25.7886 36.897,
	25.723 36.897,
	25.592 36.8315,
	25.4937 36.7004,
	25.5264 36.6348,
	25.592 36.5857,
	25.6247 36.5693,
	25.6903 36.5857,
	25.8213 36.4546,
	25.8541 36.3891,
	25.7722 36.258,
	25.7067 36.1925,
	25.6411 36.1761,
	25.5756 36.2089,
	25.4117 36.471,
	25.1496 36.684,
	24.8874 36.7823,
	24.3632 36.7495,
	24.2976 36.7823,
	24.2157 36.9134,
	24.1665 36.9625,
	24.1338 36.8315,
	24.1174 36.7659,
	24.1993 36.6348,
	24.2485 36.5693,
	24.2649 36.4382,
	24.2649 36.4055,
	24.3959 36.3235,
	24.527 36.2744,
	24.6417 36.1761,
	24.6253 36.1597,
	24.7728 35.8976,
	24.8874 35.7665,
	24.9366 35.701,
	24.9366 35.6682,
	24.8055 35.5535,
	24.7564 35.4224,
	24.74 35.406,
	24.7728 35.3733,
	24.9038 35.4224,
	24.9694 35.488,
	25.0349 35.5207,
	25.166 35.6354,
	25.4281 35.488,
	25.5592 35.4224,
	25.6247 35.3733,
	25.8869 35.3241,
	26.149 35.3077,
	26.4112 35.2094,
	26.4439 35.1439,
	26.4276 35.0784,
	26.362 35.0292,
	26.0999 35.1111,
	25.8377 35.0947,
	25.7067 34.9964,
	25.723 34.9637,
	25.7886 34.9637,
	25.8213 34.9473,
	25.7886 34.8817,
	25.6575 34.8162,
	25.5264 34.8326,
	25.3954 34.8981,
	25.3298 34.8981,
	25.2807 34.8654,
	25.4117 34.7507,
	25.5428 34.7015,
	25.6083 34.6851,
	25.7394 34.7343,
	25.8705 34.8162,
	25.9524 34.9473,
	26.0835 34.9964,
	26.3456 34.8817,
	26.6078 34.8326,
	26.8699 34.6688,
	27.001 34.6032,
	27.1321 34.5705,
	27.2631 34.4885,
	27.3614 34.3575,
	27.2631 34.2264,
	27.1321 34.1608,
	27.0665 34.1445,
	26.8044 34.2592,
	26.5422 34.4885,
	26.4767 34.5377,
	26.4603 34.5541,
	26.4112 34.5049,
	26.575 34.2428,
	26.8372 34.0789,
	26.9027 34.0462,
	27.0338 34.0298,
	27.1648 33.9806,
	27.2304 33.9479,
	27.2631 33.9151,
	27.1976 33.8659,
	27.1321 33.8496,
	27.0665 33.8659,
	27.001 33.8496,
	26.7389 33.9151,
	26.6078 33.9479,
	26.4767 33.9315,
	26.4112 33.9151,
	26.2801 33.9315,
	26.149 33.8987,
	26.018 33.8168,
	25.8869 33.7676,
	25.7558 33.7512,
	25.6903 33.7185,
	25.4281 33.7349,
	25.2971 33.7512,
	25.166 33.7021,
	25.1004 33.6693,
	24.9202 33.4072,
	24.8383 33.145,
	24.8219 33.1287,
	24.8055 33.145,
	24.6745 33.0467,
	24.6089 33.0303,
	24.4778 33.0959,
	24.4123 33.0959,
	24.3795 33.0959,
	24.3632 33.0631,
	24.3959 33.0303,
	24.3304 32.9812,
	24.1993 33.014,
	24.1338 32.9976,
	24.101 32.9812,
	24.1665 32.9157,
	24.1829 32.8993,
	24.1502 32.8665,
	24.0191 32.932,
	23.888 32.8829,
	23.8389 32.8174,
	23.8225 32.7846,
	23.8716 32.719,
	24.1338 32.6044,
	24.3959 32.5388,
	24.6581 32.5224,
	24.7891 32.4897,
	24.8547 32.4733,
	24.8874 32.4569,
	24.953 32.4733,
	25.0185 32.4569,
	25.1496 32.4733,
	25.2807 32.4569,
	25.4117 32.4733,
	25.5428 32.4569,
	25.6083 32.4405,
	25.6739 32.4569,
	25.936 32.3586,
	26.0671 32.3422,
	26.1326 32.3586,
	26.6569 32.2767,
	26.9191 32.3258,
	26.9846 32.3586,
	27.2468 32.375,
	27.3778 32.4077,
	27.5089 32.5061,
	28.0332 32.5552,
	28.2953 32.5716,
	28.3445 32.5388,
	28.3773 32.5552,
	28.5083 32.5061,
	28.7705 32.4897,
	28.9016 32.5388,
	29.4258 32.6044,
	29.5569 32.588,
	29.6225 32.5716,
	29.8846 32.6044,
	30.1467 32.6044,
	30.4089 32.5224,
	30.4744 32.5388,
	30.6055 32.6207,
	30.671 32.6535,
	30.7366 32.6207,
	30.9987 32.6207,
	31.1298 32.6044,
	31.1953 32.5716,
	31.7196 32.588,
	31.7852 32.6044,
	31.8507 32.588,
	31.9818 32.6207,
	32.1128 32.6863,
	32.2439 32.7846,
	32.3094 32.801,
	32.4405 32.719,
	32.5061 32.6863,
	32.5716 32.7027,
	32.7027 32.6699,
	32.8337 32.6044,
	32.8993 32.5716,
	32.932 32.5552,
	33.0631 32.6371,
	33.0795 32.6699,
	33.0467 32.7354,
	32.9157 32.8337,
	32.9648 32.8993,
	33.0959 32.9648,
	33.227 32.9812,
	33.358 33.0467,
	33.4236 33.0795,
	33.4399 33.1123,
	33.3908 33.1778,
	33.2597 33.1614,
	33.1287 33.1778,
	32.9976 33.2925,
	32.9648 33.358,
	32.9484 33.3908,
	32.9812 33.4563,
	33.2433 33.7021,
	33.3089 33.7185,
	33.3253 33.6857,
	33.2597 33.6366,
	33.2433 33.6038,
	33.3744 33.4727,
	33.5055 33.4072,
	33.5546 33.3744,
	33.6202 33.4072,
	33.6529 33.4399,
	33.6366 33.5055,
	33.571 33.571,
	33.5383 33.6202,
	33.5874 33.6857,
	33.8496 33.6529,
	34.1117 33.6529,
	34.3738 33.7185,
	34.636 33.8659,
	34.636 33.9315,
	34.6851 33.997,
	34.8162 34.0298,
	35.0784 33.997,
	35.3405 34.0462,
	35.3897 34.1117,
	35.3733 34.2428,
	35.406 34.3738,
	35.4388 34.4394,
	35.5043 34.4885,
	35.5699 34.5049,
	35.6354 34.4885,
	35.6682 34.4721,
	35.7993 34.5705,
	35.9303 34.6196,
	35.9467 34.5868,
	35.8976 34.5213,
	35.832 34.4885,
	35.7993 34.4394,
	35.8648 34.3902,
	35.9959 34.3738,
	36.1269 34.423,
	36.2416 34.5541,
	36.1106 34.6851,
	36.0942 34.7179,
	36.1597 34.7343,
	36.2908 34.6688,
	36.4219 34.5541,
	36.684 34.4394,
	36.8151 34.423,
	36.9461 34.4721,
	36.9789 34.5377,
	36.897 34.6688,
	36.7659 34.7507,
	36.7004 34.8162,
	36.684 34.849,
	36.7168 34.9145,
	36.8478 34.9964,
	36.9789 35.0292,
	37.0445 35.0292,
	37.1755 35.0947,
	37.3066 35.2258,
	37.3721 35.2586,
	37.6343 35.275,
	37.6998 35.2586,
	37.962 35.2914,
	38.2241 35.2422,
	38.3552 35.2586,
	38.4207 35.3241,
	38.3224 35.4552,
	38.1913 35.5371,
	38.1094 35.7993,
	38.1586 36.0614,
	38.1586 36.1925,
	38.093 36.3235,
	37.8309 36.5693,
	37.6998 36.7004,
	37.667 36.7659,
	37.7162 36.8315,
	37.7817 36.8478,
	37.8145 36.8315,
	37.88 36.8478,
	37.9292 36.9134,
	37.9292 37.0445,
	37.8964 37.1755,
	37.88 37.2411,
	37.8637 37.2574,
	37.9128 37.323,
	37.7981 37.4541,
	37.7817 37.4868,
	37.8309 37.5524,
	37.8473 37.5851,
	37.7817 37.6343,
	37.7654 37.6179,
	37.6998 37.6507,
	37.667 37.6834,
	37.6507 37.8145,
	37.7981 38.0766,
	37.9292 38.2077,
	38.0111 38.3388,
	38.2733 38.6009,
	38.3388 38.6337,
	38.3716 38.6173,
	38.3716 38.5846,
	38.1094 38.3552,
	38.093 38.3224,
	38.1422 38.2896,
	38.4043 38.4207,
	38.6337 38.6665,
	38.8959 38.7975,
	38.9614 38.8139,
	38.9778 38.7975,
	39.0269 38.8631,
	39.0269 38.9942,
	39.0269 39.0269,
	39.158 39.1088,
	39.2235 39.1252,
	39.2727 39.1908,
	39.2727 39.2563,
	39.2072 39.3218,
	39.1416 39.3546,
	39.0925 39.4201,
	38.9942 39.6823,
	39.0105 39.8134,
	38.9942 39.8789,
	39.0269 39.9444,
	39.158 40.0591,
	39.2399 40.1902,
	39.2891 40.4523,
	39.2399 40.5834,
	39.2072 40.649,
	39.1908 40.6817,
	39.2072 40.7473,
	39.1252 41.0094,
	38.9942 41.0749,
	38.8631 41.1077,
	38.7975 41.1077,
	38.732 41.1569,
	38.6992 41.2224,
	38.6829 41.2388,
	38.732 41.3043,
	38.8631 41.3207,
	38.9286 41.3207,
	39.0597 41.3862,
	39.1088 41.4518,
	39.1252 41.5828,
	39.0597 41.7139,
	39.0105 41.9761,
	38.9778 42.1071,
	38.8959 42.2382,
	38.8303 42.3037,
	38.6992 42.3365,
	38.4371 42.2218,
	38.3716 42.2382,
	38.2896 42.3693,
	38.2569 42.4348,
	38.2733 42.697,
	38.2241 42.828,
	38.093 42.91,
	37.962 42.8772,
	37.8964 42.8444,
	37.8637 42.8772,
	37.88 42.9427,
	37.9292 43.0083,
	37.7981 43.0574,
	37.7326 43.0738,
	37.6834 43.123,
	37.667 43.1393,
	37.6998 43.1721,
	37.7326 43.1721,
	37.749 43.2049,
	37.4868 43.467,
	37.3394 43.7292,
	37.0772 43.8602,
	36.8151 44.0241,
	36.684 44.0896,
	36.5857 44.2207,
	36.5365 44.3518,
	36.5529 44.4173,
	36.5529 44.4501,
	36.6021 44.5156,
	36.6348 44.6467,
	36.5038 44.7286,
	36.2416 44.7777,
	35.9795 44.7941,
	35.8484 44.8105,
	35.5863 44.6794,
	35.5207 44.6467,
	35.3897 44.6467,
	35.1275 44.7777,
	34.9964 44.8269,
	34.8654 44.8433,
	34.6032 44.745,
	34.5377 44.7122,
	34.4066 44.7777,
	34.1445 44.8105,
	33.8823 44.9252,
	33.6202 44.9744,
	33.4891 45.0235,
	33.4563 45.0563,
	33.4236 45.0563,
	33.2925 45.1873,
	33.227 45.2365,
	32.9648 45.2529,
	32.8337 45.2365,
	32.5716 45.3512,
	32.3094 45.4986,
	32.0473 45.6133,
	31.9162 45.7116,
	31.8507 45.7444,
	31.7196 45.8591,
	31.6541 45.9082,
	31.6213 45.941,
	31.4902 45.9574,
	31.3592 46.0066,
	31.2281 46.0885,
	30.9659 46.1376,
	29.9174 46.0557,
	29.7863 46.0393,
	29.5241 45.941,
	29.262 45.7936,
	28.7377 45.5806,
	28.6066 45.5314,
	28.4756 45.4495,
	28.41 45.384,
	28.279 45.3676,
	28.0168 45.4003,
	27.8857 45.4003,
	27.853 45.4167,
	27.8038 45.5478,
	27.7547 45.6133,
	27.6727 45.8755,
	27.6236 46.0066,
	27.5089 46.1212,
	27.3778 46.1868,
	27.2468 46.2851,
	27.1812 46.3179,
	26.9191 46.2195,
	26.3948 46.0885,
	26.1326 45.9738,
	26.0016 45.9246,
	25.4773 45.8755,
	25.4117 45.8427,
	25.3626 45.7116,
	25.3298 45.6461,
	25.3134 45.6297,
	25.4445 45.515,
	25.7067 45.4167,
	25.8377 45.4003,
	25.9033 45.384,
	26.0343 45.4003,
	26.0999 45.3676,
	26.1654 45.302,
	26.2309 45.2857,
	26.4931 45.3512,
	26.5586 45.384,
	26.8208 45.384,
	26.9518 45.3184,
	27.0174 45.2857,
	27.0829 45.2201,
	27.0993 45.2037,
	27.0665 45.171,
	26.8044 45.1873,
	26.7389 45.1873,
	26.6078 45.1218,
	26.5586 45.0563,
	26.5259 44.9252,
	26.5422 44.8597,
	26.6569 44.7286,
	26.7225 44.6794,
	26.788 44.6631,
	26.8372 44.5975,
	26.8535 44.5648,
	26.788 44.5156,
	26.6569 44.4992,
	26.5914 44.4828,
	26.5259 44.4992,
	26.3948 44.4664,
	26.3292 44.4337,
	26.2801 44.3681,
	26.2637 44.3354,
	26.1326 44.3518,
	26.0016 44.319,
	25.7394 44.3518,
	25.6083 44.3681,
	25.4773 44.3518,
	25.4117 44.3518,
	24.8874 44.0732,
	24.6253 43.9422,
	24.4942 43.893,
	24.4287 43.8275,
	24.1665 43.6964,
	24.0355 43.6636,
	23.9208 43.5817,
	23.8552 43.6145,
	23.8225 43.6472,
	23.8389 43.7783,
	23.7897 43.8439,
	23.6586 43.893,
	23.6095 43.8275,
	23.544 43.7947,
	23.4784 43.8111,
	23.4129 43.8602,
	23.3473 43.8766,
	23.2818 43.8602,
	23.2654 43.8439,
	23.1999 43.8766,
	23.1671 43.9094,
	23.1835 43.9749,
	23.1671 44.0405,
	23.1343 44.0732,
	23.0033 44.0896,
	22.9541 44.1551,
	22.9705 44.2207,
	22.8886 44.4828,
	22.9377 44.6139,
	22.9705 44.6794,
	23.1016 44.7614,
	23.1671 44.8924,
	23.1835 44.958,
	23.036 45.2201,
	23.0033 45.2693,
	23.1507 45.5314,
	23.1835 45.7936,
	23.1671 45.9246,
	23.1507 45.9902,
	23.1835 46.0393,
	23.2327 45.9902,
	23.2982 46.0229,
	23.5276 46.2851,
	23.544 46.3506,
	23.2818 46.3998,
	23.1507 46.3506,
	23.0852 46.3342,
	23.0688 46.3179,
	22.9377 46.3834,
	22.8558 46.2523,
	22.7903 46.2032,
	22.7247 46.1868,
	22.5937 46.2687,
	22.5281 46.3015,
	22.3971 46.2851,
	22.266 46.2195,
	22.1349 46.1212,
	22.0694 46.0557,
	21.9383 45.9902,
	21.8728 46.0066,
	21.8072 45.9902,
	21.7745 46.0066,
	21.7089 45.9738,
	21.6762 45.9082,
	21.6925 45.8427,
	21.4632 45.5806,
	21.3976 45.4495,
	21.3649 45.384,
	21.3485 45.3512,
	21.414 45.2201,
	21.4304 45.2037,
	21.2993 45.1218,
	21.2338 45.0727,
	21.0863 44.8105,
	20.988 44.5484,
	20.9389 44.2862,
	20.857 44.0241,
	20.8406 43.9585,
	"/>
</Transform>

<Transform dim="0"
 xcoef=" 0 1 0 0 0 0"
 ycoef=" 0 0 1 0 0 0">
<Contour name="TB2_NF07_RSL" hidden="false" closed="true" simplified="true" border="0 0 0.501961" fill="0 0 0.501961" mode="-9"
 points="20.6219 43.2125,
	20.6359 43.1753,
	20.6964 43.1008,
	20.7662 43.0403,
	20.8407 42.9938,
	20.8593 42.9845,
	20.8686 42.9752,
	20.9058 42.9659,
	20.9151 42.9659,
	20.9291 43.0031,
	20.9338 43.0403,
	20.9756 43.1893,
	21.0036 43.2637,
	21.0175 43.301,
	21.0641 43.3708,
	21.0966 43.408,
	21.1153 43.4266,
	21.1897 43.4406,
	21.227 43.4359,
	21.2642 43.422,
	21.2968 43.3987,
	21.4271 43.2591,
	21.4922 43.1846,
	21.5434 43.1101,
	21.6039 43.0403,
	21.6784 42.9798,
	21.6831 42.9752,
	21.697 42.9938,
	21.7017 43.031,
	21.6784 43.1055,
	21.6412 43.18,
	21.59 43.2544,
	21.5202 43.3196,
	21.4597 43.3847,
	21.4271 43.4127,
	21.4178 43.4313,
	21.3852 43.4685,
	21.3107 43.6174,
	21.2968 43.636,
	21.3107 43.6454,
	21.2921 43.6593,
	21.2828 43.6686,
	21.2083 43.6872,
	21.1711 43.6965,
	21.0222 43.7059,
	20.8733 43.7012,
	20.836 43.7012,
	20.7616 43.6779,
	20.729 43.6547,
	20.6731 43.5057,
	20.6545 43.3568,
	20.6406 43.2823,
	20.6266 43.2451,
	20.6219 43.2265,
	20.6219 43.2172,
	"/>
</Transform>

<Transform dim="0"
 xcoef=" 0 1 0 0 0 0"
 ycoef=" 0 0 1 0 0 0">
<Contour name="TB2_NF07_RSL" hidden="false" closed="true" simplified="true" border="0 0 0.501961" fill="0 0 0.501961" mode="-9"
 points="16.9367 37.4208,
	16.9562 37.3818,
	16.9953 37.3476,
	17.0343 37.333,
	17.1124 37.3378,
	17.1904 37.3818,
	17.2295 37.411,
	17.2685 37.4257,
	17.3075 37.4306,
	17.3856 37.4159,
	17.4247 37.4062,
	17.4637 37.4062,
	17.5027 37.4159,
	17.5222 37.4208,
	17.5418 37.4354,
	17.5613 37.4403,
	17.571 37.4501,
	17.5808 37.4501,
	17.5906 37.4598,
	17.6686 37.494,
	17.7467 37.5379,
	17.8248 37.5623,
	17.8638 37.5721,
	17.9028 37.5916,
	17.937 37.6209,
	17.9419 37.6599,
	17.937 37.6794,
	17.9468 37.6989,
	17.9468 37.7087,
	17.9565 37.7184,
	17.9956 37.6843,
	18.0736 37.6404,
	18.0931 37.6355,
	18.1029 37.6257,
	18.1419 37.6209,
	18.181 37.6257,
	18.3371 37.6843,
	18.3566 37.6892,
	18.4298 37.7428,
	18.4542 37.7819,
	18.464 37.8014,
	18.4981 37.8404,
	18.5225 37.8795,
	18.5518 37.9575,
	18.5665 37.9966,
	18.6299 38.0747,
	18.6396 38.0844,
	18.6933 38.2406,
	18.708 38.3967,
	18.7177 38.4748,
	18.7275 38.4943,
	18.7421 38.5724,
	18.7665 38.6114,
	18.8202 38.7675,
	18.8397 38.8066,
	18.8592 38.8261,
	18.9227 38.9822,
	18.9373 39.0213,
	18.9617 39.1774,
	18.9715 39.2555,
	18.9715 39.4116,
	18.9422 39.5678,
	18.9373 39.6068,
	18.8934 39.763,
	18.8397 39.9191,
	18.8153 39.9972,
	18.8055 40.0362,
	18.7714 40.1143,
	18.7568 40.1533,
	18.7275 40.1923,
	18.6884 40.2167,
	18.6494 40.2265,
	18.6104 40.2216,
	18.6006 40.2119,
	18.5909 40.2216,
	18.5518 40.2167,
	18.5323 40.2167,
	18.4933 40.2363,
	18.4737 40.2363,
	18.4347 40.2558,
	18.4152 40.2655,
	18.381 40.3046,
	18.3713 40.3436,
	18.3713 40.3631,
	18.4054 40.4412,
	18.4201 40.4802,
	18.4249 40.5193,
	18.4493 40.5973,
	18.4542 40.6364,
	18.4689 40.6754,
	18.4689 40.7145,
	18.4591 40.7535,
	18.4542 40.773,
	18.4152 40.8072,
	18.3762 40.812,
	18.3371 40.8023,
	18.2981 40.773,
	18.2542 40.6169,
	18.22 40.5388,
	18.2005 40.4998,
	18.1907 40.4802,
	18.1175 40.407,
	18.0395 40.3875,
	18.0297 40.3826,
	17.9907 40.3973,
	17.9516 40.4217,
	17.9126 40.4363,
	17.8931 40.4461,
	17.854 40.451,
	17.815 40.4656,
	17.7955 40.4705,
	17.7565 40.451,
	17.7516 40.4412,
	17.7662 40.4266,
	17.7857 40.4217,
	17.8638 40.3729,
	17.9028 40.3436,
	17.9224 40.3241,
	17.937 40.3143,
	17.9468 40.2948,
	17.9468 40.2753,
	17.9419 40.2655,
	17.9614 40.246,
	17.9712 40.2411,
	17.9663 40.2216,
	18.0346 40.1484,
	18.0443 40.1094,
	18.0297 40.0313,
	18.0248 39.9533,
	18.0248 39.9435,
	18.0443 39.9289,
	18.0834 39.9435,
	18.1224 39.9777,
	18.2005 39.9874,
	18.2786 40.0216,
	18.2981 40.0313,
	18.3176 40.0313,
	18.3371 40.0411,
	18.3713 40.0801,
	18.4103 40.1045,
	18.4884 40.1289,
	18.5665 40.124,
	18.6055 40.1045,
	18.6445 40.0752,
	18.6884 39.9972,
	18.7031 39.9581,
	18.7275 39.9191,
	18.7421 39.8801,
	18.7568 39.802,
	18.7616 39.7239,
	18.7616 39.6849,
	18.7812 39.6068,
	18.786 39.5287,
	18.7812 39.4507,
	18.786 39.3726,
	18.786 39.3336,
	18.7616 39.2555,
	18.747 39.2165,
	18.7421 39.1969,
	18.7128 39.1628,
	18.6836 39.1384,
	18.6055 39.0798,
	18.5421 39.031,
	18.464 38.9676,
	18.4298 38.9383,
	18.3518 38.9042,
	18.2737 38.8602,
	18.1956 38.8456,
	18.1761 38.8407,
	18.1566 38.8212,
	18.1566 38.8115,
	18.1761 38.7968,
	18.3322 38.7724,
	18.4103 38.7578,
	18.4493 38.7529,
	18.4884 38.7383,
	18.5274 38.7041,
	18.5469 38.6651,
	18.5616 38.6456,
	18.5957 38.5675,
	18.6055 38.5284,
	18.6006 38.4504,
	18.5518 38.3723,
	18.5274 38.3333,
	18.4493 38.2796,
	18.4103 38.2503,
	18.3908 38.2308,
	18.3762 38.221,
	18.3762 38.2308,
	18.3664 38.2357,
	18.3274 38.2162,
	18.2883 38.2064,
	18.2688 38.2015,
	18.2298 38.1722,
	18.22 38.1527,
	18.1566 38.0747,
	18.1273 38.0356,
	18.1078 38.0161,
	18.098 38.0015,
	18.0785 37.9917,
	18.0395 37.9575,
	18.0102 37.9331,
	17.9907 37.9283,
	17.9809 37.9185,
	17.976 37.9234,
	17.9712 37.9136,
	17.9614 37.9185,
	17.8833 37.8844,
	17.8101 37.8356,
	17.8004 37.8209,
	17.7906 37.8258,
	17.7125 37.7916,
	17.6735 37.777,
	17.6686 37.7819,
	17.5906 37.7575,
	17.5515 37.7428,
	17.532 37.7282,
	17.5271 37.7331,
	17.5076 37.7233,
	17.5027 37.7282,
	17.4881 37.7184,
	17.4783 37.7233,
	17.4003 37.6941,
	17.3807 37.6892,
	17.3661 37.6745,
	17.3563 37.6794,
	17.3173 37.6599,
	17.2978 37.655,
	17.2197 37.6111,
	17.2002 37.5916,
	17.0441 37.5281,
	16.966 37.4989,
	16.9465 37.4842,
	16.9367 37.4647,
	16.9367 37.4257,
	"/>
</Transform>

</Section>