<?xml version="1.0"?>
<!DOCTYPE Section SYSTEM "section.dtd">

<Section index="223" thickness="0.08" alignLocked="true">
<Transform dim="0"
 xcoef=" 0 1 0 0 0 0"
 ycoef=" 0 0 1 0 0 0">
<Image mag="0.00749" contrast="1" brightness="0" red="true" green="true" blue="true"
 src="Alg_stitch3-4_223.tif" />
<Contour name="domain1" hidden="false" closed="true" simplified="false" border="1 0 1" fill="1 0 1" mode="11"
 points="0 0,
	15652 0,
	15652 8578,
	0 8578,
	"/>
</Transform>

<Transform dim="0"
 xcoef=" 0 1 0 0 0 0"
 ycoef=" 0 0 1 0 0 0">
<Contour name="TB3_NF01-PG_RSL" hidden="false" closed="true" simplified="true" border="1 1 0" fill="1 1 0" mode="-9"
 points="14.92 15.65,
	15 15.62,
	15.08 15.61,
	15.12 15.61,
	15.28 15.55,
	15.44 15.52,
	15.6 15.51,
	15.68 15.51,
	16 15.57,
	16.32 15.68,
	16.4 15.73,
	16.47 15.8,
	16.49 15.84,
	16.65 15.91,
	16.73 15.95,
	16.76 15.98,
	16.78 15.98,
	16.86 16.04,
	17.18 16.15,
	17.26 16.16,
	17.32 16.11,
	17.48 16.01,
	17.64 15.95,
	17.8 15.87,
	17.82 15.87,
	17.84 15.85,
	18 15.8,
	18.16 15.73,
	18.24 15.72,
	18.28 15.73,
	18.3 15.75,
	18.28 15.78,
	18.36 15.85,
	18.46 16,
	18.45 16.16,
	18.32 16.32,
	18.28 16.36,
	18.17 16.5,
	18.04 16.65,
	17.99 16.73,
	17.85 16.84,
	17.69 16.94,
	17.65 16.98,
	17.33 17.1,
	17.17 17.13,
	17.09 17.15,
	16.93 17.16,
	16.85 17.17,
	16.53 17.12,
	16.37 17.11,
	16.21 17.05,
	16.17 17.03,
	15.85 17.01,
	15.69 17.01,
	15.61 17.01,
	15.45 17.05,
	15.37 17.08,
	15.33 17.09,
	15.25 17.15,
	15.22 17.19,
	15.06 17.28,
	15.02 17.31,
	14.98 17.32,
	14.96 17.31,
	14.94 16.03,
	14.93 15.71,
	14.93 15.67,
	14.92 15.66,
	"/>
</Transform>

<Transform dim="0"
 xcoef=" 0 1 0 0 0 0"
 ycoef=" 0 0 1 0 0 0">
<Contour name="TB1_Shell_RSL" hidden="false" closed="true" simplified="true" border="0.752941 0.752941 0.752941" fill="0.752941 0.752941 0.752941" mode="9"
 points="64.0726 27.6664,
	64.2462 27.4349,
	64.4778 26.5088,
	64.6514 26.0458,
	65.5775 25.4091,
	66.0405 25.0618,
	66.272 24.9461,
	66.5035 24.9461,
	66.7351 24.8303,
	67.1981 24.8303,
	68.1242 25.0039,
	69.0502 25.2933,
	69.5133 25.5249,
	69.9763 25.8721,
	70.15 26.1037,
	69.9763 27.0297,
	69.7448 27.4928,
	69.6869 27.7243,
	69.8606 28.1873,
	70.2657 28.6504,
	70.4394 29.1134,
	71.3075 29.9237,
	71.4812 30.3867,
	71.4233 30.8498,
	71.2497 31.3128,
	71.1339 31.5443,
	70.2078 32.0652,
	69.2818 32.1231,
	69.6869 32.4125,
	69.9184 32.5283,
	70.0342 32.644,
	69.8027 32.7019,
	69.3396 32.5862,
	68.8766 32.2968,
	68.4136 32.1231,
	68.1821 32.1231,
	67.9505 32.0074,
	67.4875 31.9495,
	67.0245 31.718,
	66.0984 31.5443,
	65.6354 31.3707,
	65.2302 30.9077,
	65.0566 30.4446,
	64.7672 29.9816,
	64.6514 29.5185,
	64.7093 29.0555,
	64.3041 28.5925,
	64.1305 28.361,
	64.0726 27.8979,
	64.0726 27.7243,
	"/>
</Transform>

<Transform dim="0"
 xcoef=" 0 1 0 0 0 0"
 ycoef=" 0 0 1 0 0 0">
<Contour name="TB1_NF53_LES" hidden="false" closed="true" simplified="true" border="1 0.501961 0.501961" fill="1 0.501961 0.501961" mode="-9"
 points="88.0648 40.2465,
	88.1308 40.1542,
	88.2363 40.1146,
	88.2891 40.1014,
	88.3946 40.141,
	88.4078 40.1542,
	88.4342 40.141,
	88.4869 40.1542,
	88.5397 40.141,
	88.6321 40.2333,
	88.698 40.3389,
	88.9091 40.484,
	89.0146 40.5631,
	89.041 40.5367,
	89.0806 40.5895,
	89.1069 40.6159,
	89.1201 40.7214,
	89.1069 40.8269,
	89.1069 40.8797,
	89.0674 40.9325,
	88.9618 40.9852,
	88.8563 40.9984,
	88.8035 41.0116,
	88.5925 40.972,
	88.5397 40.9457,
	88.4869 40.972,
	88.4342 40.972,
	88.3418 40.8797,
	88.3155 40.7742,
	88.3155 40.6686,
	88.3023 40.6159,
	88.3155 40.5103,
	88.3023 40.4576,
	88.3023 40.4312,
	88.1967 40.3652,
	88.144 40.3652,
	88.0912 40.3389,
	88.0648 40.3257,
	88.0648 40.2729,
	88.0648 40.2597,
	"/>
<Contour name="TB1_NF53_LES" hidden="false" closed="true" simplified="true" border="1 0.501961 0.501961" fill="1 0.501961 0.501961" mode="-9"
 points="85.9278 40.7742,
	86.0202 40.6818,
	86.0729 40.6686,
	86.1257 40.6818,
	86.2181 40.761,
	86.2444 40.8137,
	86.2312 40.9193,
	86.1917 41.0248,
	86.1389 41.0644,
	86.0861 41.0512,
	86.0598 41.0644,
	86.0202 41.0116,
	86.007 40.9984,
	86.0202 40.972,
	85.941 40.8665,
	85.9278 40.8137,
	85.9278 40.7874,
	"/>
</Transform>

<Transform dim="0"
 xcoef=" 0 1 0 0 0 0"
 ycoef=" 0 0 1 0 0 0">
<Contour name="TB1_NF53_LES" hidden="false" closed="true" simplified="true" border="1 0.501961 0.501961" fill="1 0.501961 0.501961" mode="-9"
 points="91.8507 42.5022,
	91.9431 42.4099,
	92.0486 42.3703,
	92.1541 42.3571,
	92.2596 42.3703,
	92.3124 42.3967,
	92.352 42.5022,
	92.3124 42.7133,
	92.3124 42.8188,
	92.352 42.9243,
	92.3652 43.0299,
	92.4048 43.1354,
	92.4179 43.1882,
	92.3784 43.2409,
	92.3652 43.2937,
	92.3124 43.3201,
	92.2596 43.3069,
	92.2069 43.2541,
	92.1014 43.2146,
	92.0486 43.2014,
	91.9431 43.109,
	91.8639 43.0035,
	91.8507 42.5814,
	91.8507 42.5286,
	91.8507 42.5154,
	"/>
</Transform>

<Transform dim="0"
 xcoef=" 0 1 0 0 0 0"
 ycoef=" 0 0 1 0 0 0">
<Contour name="TB1_NF53_LES" hidden="false" closed="true" simplified="true" border="1 0.501961 0.501961" fill="1 0.501961 0.501961" mode="-9"
 points="91.8771 43.6235,
	91.9826 43.5311,
	92.0882 43.4916,
	92.1409 43.4916,
	92.1673 43.4916,
	92.2596 43.5971,
	92.2992 43.6499,
	92.3124 43.8609,
	92.2992 43.9665,
	92.286 44.0192,
	92.2333 44.072,
	92.0222 44.1511,
	91.9694 44.1379,
	91.9562 44.1248,
	91.9826 44.1116,
	91.8903 43.9137,
	91.8771 43.7026,
	91.8771 43.6499,
	91.8771 43.6367,
	"/>
</Transform>

<Transform dim="0"
 xcoef=" 0 1 0 0 0 0"
 ycoef=" 0 0 1 0 0 0">
<Contour name="TB1_NF53_LES" hidden="false" closed="true" simplified="true" border="1 0.501961 0.501961" fill="1 0.501961 0.501961" mode="-9"
 points="89.8061 42.1065,
	89.8456 42.001,
	89.9116 41.8954,
	89.9644 41.8427,
	89.9908 41.7899,
	90.0435 41.7503,
	90.149 41.7371,
	90.2546 41.7503,
	90.3073 41.7635,
	90.3997 41.8559,
	90.4393 41.9614,
	90.4261 42.0669,
	90.3205 42.1593,
	90.2942 42.212,
	90.281 42.2384,
	90.3073 42.3439,
	90.3733 42.4495,
	90.4261 42.4758,
	90.4524 42.489,
	90.558 42.4495,
	90.6107 42.4363,
	90.7163 42.4758,
	90.8086 42.5682,
	90.8746 42.6737,
	90.9009 42.7265,
	90.9141 42.7529,
	90.8878 42.8056,
	90.835 42.832,
	90.6239 42.7792,
	90.5712 42.7661,
	90.4656 42.8056,
	90.4129 42.8584,
	90.3601 42.8716,
	90.2546 42.8188,
	90.2018 42.7924,
	90.0039 42.6078,
	89.9248 42.5022,
	89.872 42.4495,
	89.8061 42.2384,
	89.8061 42.1329,
	89.8061 42.1197,
	"/>
</Transform>

<Transform dim="0"
 xcoef=" 0 1 0 0 0 0"
 ycoef=" 0 0 1 0 0 0">
<Image mag="0.00749" contrast="1" brightness="0" red="true" green="true" blue="true"
 src="Alg_stitch3-4_223.tif" />
<Contour name="domain1" hidden="false" closed="true" simplified="false" border="1 0 1" fill="1 0 1" mode="11"
 points="0 0,
	15652 0,
	15652 8578,
	0 8578,
	"/>
</Transform>

<Transform dim="0"
 xcoef=" 0 1 0 0 0 0"
 ycoef=" 0 0 1 0 0 0">
<Image mag="0.00749" contrast="1" brightness="0" red="true" green="true" blue="true"
 src="Alg_stitch3-4_223.tif" />
<Contour name="domain1" hidden="false" closed="true" simplified="false" border="1 0 1" fill="1 0 1" mode="11"
 points="0 0,
	15652 0,
	15652 8578,
	0 8578,
	"/>
</Transform>

<Transform dim="0"
 xcoef=" 0 1 0 0 0 0"
 ycoef=" 0 0 1 0 0 0">
<Image mag="0.00749" contrast="1" brightness="0" red="true" green="true" blue="true"
 src="Alg_stitch3-4_223.tif" />
<Contour name="domain1" hidden="false" closed="true" simplified="false" border="1 0 1" fill="1 0 1" mode="11"
 points="0 0,
	15652 0,
	15652 8578,
	0 8578,
	"/>
</Transform>

<Transform dim="0"
 xcoef=" 0 1 0 0 0 0"
 ycoef=" 0 0 1 0 0 0">
<Image mag="0.00749" contrast="1" brightness="0" red="true" green="true" blue="true"
 src="Alg_stitch3-4_223.tif" />
<Contour name="domain1" hidden="false" closed="true" simplified="false" border="1 0 1" fill="1 0 1" mode="11"
 points="0 0,
	15652 0,
	15652 8578,
	0 8578,
	"/>
</Transform>

<Transform dim="0"
 xcoef=" 0 1 0 0 0 0"
 ycoef=" 0 0 1 0 0 0">
<Image mag="0.00749" contrast="1" brightness="0" red="true" green="true" blue="true"
 src="Alg_stitch3-4_223.tif" />
<Contour name="DENucleus2" hidden="false" closed="true" simplified="false" border="0 0 0.627" fill="0 0 0.627" mode="11"
 points="0 0,
	15652 0,
	15652 8578,
	0 8578,
	"/>
</Transform>

<Transform dim="0"
 xcoef=" 0 1 0 0 0 0"
 ycoef=" 0 0 1 0 0 0">
<Image mag="0.00749" contrast="1" brightness="0" red="true" green="true" blue="true"
 src="Alg_stitch3-4_223.tif" />
<Contour name="domain1" hidden="false" closed="true" simplified="false" border="1 0 1" fill="1 0 1" mode="11"
 points="0 0,
	15652 0,
	15652 8578,
	0 8578,
	"/>
</Transform>

<Transform dim="0"
 xcoef=" 0 1 0 0 0 0"
 ycoef=" 0 0 1 0 0 0">
<Image mag="0.00749" contrast="1" brightness="0" red="true" green="true" blue="true"
 src="Alg_stitch3-4_223.tif" />
<Contour name="domain1" hidden="false" closed="true" simplified="false" border="1 0 1" fill="1 0 1" mode="11"
 points="0 0,
	15652 0,
	15652 8578,
	0 8578,
	"/>
</Transform>

<Transform dim="0"
 xcoef=" 0 1 0 0 0 0"
 ycoef=" 0 0 1 0 0 0">
<Image mag="0.00749" contrast="1" brightness="0" red="true" green="true" blue="true"
 src="Alg_stitch3-4_223.tif" />
<Contour name="domain1" hidden="false" closed="true" simplified="false" border="1 0 1" fill="1 0 1" mode="11"
 points="0 0,
	15652 0,
	15652 8578,
	0 8578,
	"/>
</Transform>

<Transform dim="0"
 xcoef=" 0 1 0 0 0 0"
 ycoef=" 0 0 1 0 0 0">
<Image mag="0.00749" contrast="1" brightness="0" red="true" green="true" blue="true"
 src="Alg_stitch3-4_223.tif" />
<Contour name="domain1" hidden="false" closed="true" simplified="false" border="1 0 1" fill="1 0 1" mode="11"
 points="0 0,
	15652 0,
	15652 8578,
	0 8578,
	"/>
</Transform>

<Transform dim="0"
 xcoef=" 0 1 0 0 0 0"
 ycoef=" 0 0 1 0 0 0">
<Image mag="0.00749" contrast="1" brightness="0" red="true" green="true" blue="true"
 src="Alg_stitch3-4_223.tif" />
<Contour name="domain1" hidden="false" closed="true" simplified="false" border="1 0 1" fill="1 0 1" mode="11"
 points="0 0,
	15652 0,
	15652 8578,
	0 8578,
	"/>
</Transform>

<Transform dim="0"
 xcoef=" 0 1 0 0 0 0"
 ycoef=" 0 0 1 0 0 0">
<Image mag="0.00749" contrast="1" brightness="0" red="true" green="true" blue="true"
 src="Alg_stitch3-4_223.tif" />
<Contour name="domain1" hidden="false" closed="true" simplified="false" border="1 0 1" fill="1 0 1" mode="11"
 points="0 0,
	15652 0,
	15652 8578,
	0 8578,
	"/>
</Transform>

<Transform dim="0"
 xcoef=" 0 1 0 0 0 0"
 ycoef=" 0 0 1 0 0 0">
<Image mag="0.00749" contrast="1" brightness="0" red="true" green="true" blue="true"
 src="Alg_stitch3-4_223.tif" />
<Contour name="domain1" hidden="false" closed="true" simplified="false" border="1 0 1" fill="1 0 1" mode="11"
 points="0 0,
	15652 0,
	15652 8578,
	0 8578,
	"/>
</Transform>

<Transform dim="0"
 xcoef=" 0 1 0 0 0 0"
 ycoef=" 0 0 1 0 0 0">
<Image mag="0.00749" contrast="1" brightness="0" red="true" green="true" blue="true"
 src="Alg_stitch3-4_223.tif" />
<Contour name="domain1" hidden="false" closed="true" simplified="false" border="1 0 1" fill="1 0 1" mode="11"
 points="0 0,
	15652 0,
	15652 8578,
	0 8578,
	"/>
</Transform>

<Transform dim="0"
 xcoef=" 0 1 0 0 0 0"
 ycoef=" 0 0 1 0 0 0">
<Image mag="0.00749" contrast="1" brightness="0" red="true" green="true" blue="true"
 src="Alg_stitch3-4_223.tif" />
<Contour name="domain1" hidden="false" closed="true" simplified="false" border="1 0 1" fill="1 0 1" mode="11"
 points="0 0,
	15652 0,
	15652 8578,
	0 8578,
	"/>
</Transform>

<Transform dim="0"
 xcoef=" 0 1 0 0 0 0"
 ycoef=" 0 0 1 0 0 0">
<Image mag="0.00749" contrast="1" brightness="0" red="true" green="true" blue="true"
 src="Alg_stitch3-4_223.tif" />
<Contour name="domain1" hidden="false" closed="true" simplified="false" border="1 0 1" fill="1 0 1" mode="11"
 points="0 0,
	15652 0,
	15652 8578,
	0 8578,
	"/>
</Transform>

<Transform dim="0"
 xcoef=" 0 1 0 0 0 0"
 ycoef=" 0 0 1 0 0 0">
<Image mag="0.00749" contrast="1" brightness="0" red="true" green="true" blue="true"
 src="Alg_stitch3-4_223.tif" />
<Contour name="DENucleus2" hidden="false" closed="true" simplified="false" border="0 0 0.627" fill="0 0 0.627" mode="11"
 points="0 0,
	15652 0,
	15652 8578,
	0 8578,
	"/>
</Transform>

<Transform dim="0"
 xcoef=" 0 1 0 0 0 0"
 ycoef=" 0 0 1 0 0 0">
<Image mag="0.00749" contrast="1" brightness="0" red="true" green="true" blue="true"
 src="Alg_stitch3-4_223.tif" />
<Contour name="domain1" hidden="false" closed="true" simplified="false" border="1 0 1" fill="1 0 1" mode="11"
 points="0 0,
	15652 0,
	15652 8578,
	0 8578,
	"/>
</Transform>

<Transform dim="0"
 xcoef=" 0 1 0 0 0 0"
 ycoef=" 0 0 1 0 0 0">
<Image mag="0.00749" contrast="1" brightness="0" red="true" green="true" blue="true"
 src="Alg_stitch3-4_223.tif" />
<Contour name="domain1" hidden="false" closed="true" simplified="false" border="1 0 1" fill="1 0 1" mode="11"
 points="0 0,
	15652 0,
	15652 8578,
	0 8578,
	"/>
</Transform>

<Transform dim="0"
 xcoef=" 0 1 0 0 0 0"
 ycoef=" 0 0 1 0 0 0">
<Contour name="TB1_BasalCell12_CM_LES" hidden="false" closed="true" simplified="true" border="0.980392 0.709804 0.345098" fill="1 0.502 0.753" mode="11"
 points="40.6547 47.0639,
	40.6861 47.0011,
	40.8118 46.9226,
	40.9375 46.8754,
	41.0631 46.8597,
	41.0788 46.844,
	41.1417 46.8597,
	41.2673 46.8283,
	41.3302 46.8126,
	41.3773 46.7655,
	41.393 46.7026,
	41.3616 46.6712,
	41.2359 46.6398,
	41.1731 46.6398,
	40.9217 46.5141,
	40.8118 46.3884,
	40.7961 46.3256,
	40.8118 46.2628,
	40.8118 46.2314,
	40.9217 46.1057,
	41.0474 46.0114,
	41.1731 45.9643,
	41.4244 45.9486,
	41.6758 45.98,
	41.9271 46.0586,
	41.9899 46.09,
	42.2413 46.1057,
	42.367 46.09,
	42.4926 46.0429,
	42.5555 45.9957,
	42.6183 45.9957,
	42.6497 45.9957,
	42.9011 46.1999,
	42.9639 46.1842,
	43.0896 46.09,
	43.2152 46.0429,
	43.2781 46.0743,
	43.2938 46.1371,
	43.0424 46.3727,
	42.9796 46.4042,
	42.9639 46.5298,
	43.0896 46.6084,
	43.2152 46.6084,
	43.3252 46.734,
	43.4038 46.8597,
	43.5137 46.9697,
	43.5766 47.0011,
	43.8279 47.0168,
	44.0635 47.1582,
	44.3149 47.3624,
	44.4248 47.4724,
	44.4562 47.5352,
	44.4562 47.6609,
	44.4248 47.6923,
	44.1735 47.6923,
	44.0478 47.6923,
	43.985 47.7237,
	43.9221 47.7865,
	43.9064 47.8494,
	43.9379 47.9122,
	44.0007 47.975,
	44.0792 48.085,
	44.2049 48.1007,
	44.2677 48.1164,
	44.3777 48.2107,
	44.4091 48.2421,
	44.5348 48.2264,
	44.6605 48.1793,
	44.9118 48.195,
	45.0375 48.2421,
	45.1003 48.2735,
	45.3045 48.5092,
	45.3517 48.6348,
	45.3359 48.6977,
	45.226 48.8076,
	45.1946 48.8705,
	45.2103 48.9333,
	45.1946 48.9961,
	45.1317 49.0433,
	45.0061 49.0433,
	44.9746 49.0433,
	44.9118 48.9804,
	44.8804 48.8547,
	44.8647 48.7919,
	44.8018 48.7291,
	44.6762 48.6819,
	44.5505 48.6819,
	44.4877 48.7291,
	44.4562 48.7605,
	44.4562 48.7919,
	44.3306 48.9019,
	44.2049 48.9333,
	44.0792 48.9333,
	44.0164 48.9176,
	43.8907 48.9333,
	43.8279 48.9019,
	43.7808 48.839,
	43.5294 48.8076,
	43.4038 48.7605,
	43.3409 48.7448,
	43.2152 48.6662,
	42.9796 48.4463,
	42.8696 48.3206,
	42.744 48.2578,
	42.6183 48.2892,
	42.4926 48.2892,
	42.367 48.2421,
	42.147 48.0065,
	42.147 47.975,
	42.0842 47.9122,
	41.9585 47.8494,
	41.8329 47.7394,
	41.5815 47.598,
	41.5187 47.5509,
	41.4558 47.5509,
	41.2045 47.6452,
	41.0788 47.6609,
	40.9532 47.6452,
	40.8275 47.5823,
	40.7175 47.4567,
	40.6704 47.3938,
	40.6547 47.1425,
	40.6547 47.0796,
	"/>
</Transform>

<Transform dim="0"
 xcoef=" 0 1 0 0 0 0"
 ycoef=" 0 0 1 0 0 0">
<Image mag="0.00749" contrast="1" brightness="0" red="true" green="true" blue="true"
 src="Alg_stitch3-4_223.tif" />
<Contour name="domain1" hidden="false" closed="true" simplified="false" border="1 0 1" fill="1 0 1" mode="11"
 points="0 0,
	15652 0,
	15652 8578,
	0 8578,
	"/>
</Transform>

<Transform dim="0"
 xcoef=" 0 1 0 0 0 0"
 ycoef=" 0 0 1 0 0 0">
<Contour name="TB1_Basal_CT_layer_LES" hidden="false" closed="true" simplified="true" border="0.258824 0.329412 0.956863" fill="1 0.5 0" mode="11"
 points="15.0145 0.258871,
	15.144 0.129436,
	16.1795 0.0647178,
	16.4383 0,
	17.4738 0.129436,
	18.5093 0.0647178,
	19.027 0.129436,
	19.2859 0.129436,
	19.8036 0.323589,
	20.0625 0.388307,
	21.098 1.22964,
	21.4216 1.74738,
	21.551 2.00625,
	21.8099 2.07097,
	21.8746 2.13569,
	22.1335 2.07097,
	22.6512 2.20041,
	22.9101 2.32984,
	23.0395 2.32984,
	23.4926 2.78287,
	23.5573 3.30061,
	23.4278 3.55948,
	23.169 3.75363,
	23.0395 4.0125,
	22.5218 4.46553,
	21.8099 5.50101,
	21.3569 6.01876,
	20.9038 8.08973,
	20.7744 9.12521,
	20.7097 9.64295,
	20.9686 10.1607,
	21.0333 10.6784,
	20.7097 11.1962,
	20.5803 11.7139,
	20.5803 12.7494,
	20.5803 13.2671,
	20.645 13.526,
	20.8391 13.7849,
	21.098 13.8496,
	21.2274 13.9143,
	22.2629 13.7202,
	22.5218 13.9143,
	22.6512 14.0438,
	22.5865 14.5615,
	21.8746 16.6325,
	21.1627 17.668,
	20.7097 18.7034,
	20.5155 19.7389,
	20.4508 20.7744,
	20.645 21.2922,
	20.7744 23.3631,
	20.5155 24.3986,
	19.9978 25.4341,
	19.7389 25.9518,
	19.6095 26.4696,
	19.4801 28.5405,
	19.027 30.6115,
	18.9623 30.8704,
	19.3506 31.3234,
	19.6095 31.8412,
	19.9978 32.3589,
	20.1272 32.4883,
	20.5155 33.5238,
	20.7097 34.0416,
	20.7097 34.5593,
	20.5155 35.077,
	20.3214 35.3359,
	20.192 35.8537,
	20.192 35.9831,
	20.645 36.4361,
	21.1627 36.6303,
	21.4216 36.695,
	21.8746 37.0833,
	22.0688 37.3422,
	22.3924 38.3777,
	22.9101 38.7012,
	23.4278 38.8954,
	23.9456 38.9601,
	24.2045 38.9601,
	24.7222 38.6365,
	24.9811 38.5071,
	25.2399 38.6365,
	25.4341 38.8954,
	25.5635 39.4131,
	25.1105 39.9309,
	25.0458 40.1898,
	24.9811 40.3192,
	25.4341 40.6428,
	25.9518 40.7075,
	26.2107 40.5781,
	26.7285 40.5133,
	27.2462 40.3192,
	27.5051 40.2545,
	27.7639 40.0603,
	27.8287 39.8014,
	28.0875 39.6073,
	28.6053 39.6073,
	28.8641 39.7367,
	29.3172 40.2545,
	29.5113 40.7722,
	29.5113 41.0311,
	29.3819 41.29,
	29.4466 41.8077,
	29.7702 42.3254,
	30.2879 42.7785,
	30.4821 43.0373,
	30.5468 43.5551,
	30.5468 43.814,
	30.2879 44.0728,
	29.2524 44.1375,
	28.9289 44.5906,
	28.8641 45.626,
	28.5405 46.6615,
	28.5405 46.9204,
	28.3464 47.4381,
	27.8934 47.8912,
	26.8579 48.2795,
	24.7869 48.8619,
	23.8162 49.4444,
	23.169 50.4799,
	22.9748 50.7388,
	22.9748 50.8682,
	22.8454 50.9976,
	22.6512 52.0331,
	22.7159 52.5509,
	22.7159 52.6803,
	22.8454 52.8097,
	22.9101 53.0686,
	23.0395 53.198,
	23.0395 53.3275,
	24.0103 54.1041,
	24.1397 54.363,
	24.1397 54.6218,
	24.0103 54.8807,
	24.0103 55.3984,
	24.0103 55.6573,
	24.2692 56.1751,
	25.1105 57.1458,
	25.7577 58.1813,
	26.2107 58.6343,
	27.2462 59.1521,
	27.5051 59.2815,
	27.6345 59.3462,
	27.6345 59.4757,
	27.1168 59.7992,
	26.0813 60.0581,
	25.0458 60.1228,
	20.9038 59.9287,
	16.7619 59.864,
	15.7264 59.9287,
	15.2087 59.9287,
	15.0792 59.9287,
	15.0145 59.7992,
	15.0792 43.2315,
	15.0145 10.096,
	15.0145 1.8121,
	15.0145 0.776614,
	15.0145 0.323589,
	"/>
</Transform>

<Transform dim="0"
 xcoef=" 0 1 0 0 0 0"
 ycoef=" 0 0 1 0 0 0">
<Contour name="TB1_NF70_LES" hidden="false" closed="true" simplified="true" border="0.337255 0.819608 0.921569" fill="1 0 0" mode="-11"
 points="53.385 23.4052,
	53.4254 23.3243,
	53.5872 23.1827,
	53.7491 23.0816,
	53.9109 23.0411,
	54.0728 23.0411,
	54.3964 22.9602,
	55.0438 22.94,
	55.3674 22.8793,
	55.5293 22.8388,
	55.6102 22.8388,
	55.6911 22.8793,
	55.7113 23.0411,
	55.6506 23.122,
	55.327 23.2839,
	54.6796 23.4659,
	54.356 23.5266,
	54.0323 23.5266,
	53.9514 23.5064,
	53.6277 23.5671,
	53.4659 23.5468,
	53.4254 23.5468,
	53.385 23.5064,
	53.385 23.4255,
	"/>
</Transform>

<Transform dim="0"
 xcoef=" 0 1 0 0 0 0"
 ycoef=" 0 0 1 0 0 0">
<Contour name="TB1_NF71_LES" hidden="false" closed="true" simplified="true" border="0.223529 0.0862745 0.505882" fill="1 0 0" mode="-11"
 points="47.215 24.9831,
	47.2555 24.9022,
	47.3364 24.8415,
	47.4982 24.8617,
	47.8219 25.0843,
	48.004 25.4079,
	48.1254 25.5698,
	48.186 25.6507,
	48.4895 25.8732,
	48.6513 26.035,
	48.6918 26.1969,
	48.6513 26.2778,
	48.6109 26.3182,
	48.449 26.3587,
	48.3681 26.3992,
	48.2063 26.3789,
	48.0444 26.298,
	47.8826 26.1564,
	47.7815 25.9946,
	47.741 25.8327,
	47.7208 25.8125,
	47.741 25.7316,
	47.7208 25.6507,
	47.4982 25.327,
	47.3364 25.2056,
	47.2353 25.064,
	47.215 25.0033,
	"/>
</Transform>

<Transform dim="0"
 xcoef=" 0 1 0 0 0 0"
 ycoef=" 0 0 1 0 0 0">
<Contour name="TB1_NF71_LES" hidden="false" closed="true" simplified="true" border="0.223529 0.0862745 0.505882" fill="1 0 0" mode="-11"
 points="52.7174 28.4625,
	52.7983 28.3007,
	52.859 28.2198,
	52.9399 28.1793,
	53.1017 28.1996,
	53.1827 28.2198,
	53.2636 28.3007,
	53.3243 28.4625,
	53.3445 28.6244,
	53.3243 28.7862,
	53.1624 28.8469,
	53.1017 28.8267,
	53.122 28.8064,
	52.9601 28.8267,
	52.7983 28.8064,
	52.7376 28.7457,
	52.7174 28.5839,
	52.7174 28.503,
	52.7174 28.4828,
	"/>
</Transform>

<Transform dim="0"
 xcoef=" 0 1 0 0 0 0"
 ycoef=" 0 0 1 0 0 0">
<Contour name="TB1_NF62_LES" hidden="false" closed="true" simplified="true" border="1 0.27451 0.27451" fill="1 0.27451 0.27451" mode="-9"
 points="54.7312 40.898,
	54.784 40.7292,
	54.8156 40.6448,
	54.8684 40.5604,
	55.0161 40.3916,
	55.1005 40.3072,
	55.1427 40.2649,
	55.2271 40.2122,
	55.2588 40.1911,
	55.301 40.1489,
	55.3854 40.1067,
	55.5542 40.0856,
	55.6386 40.0961,
	55.8075 40.1594,
	55.8919 40.1805,
	56.0607 40.1805,
	56.1451 40.1489,
	56.2295 40.1383,
	56.3139 40.1489,
	56.3562 40.1911,
	56.3773 40.2755,
	56.3667 40.3599,
	56.2928 40.4338,
	56.2612 40.4549,
	56.2928 40.476,
	56.2506 40.5076,
	56.2084 40.5182,
	56.124 40.5815,
	55.7864 40.7187,
	55.6175 40.8453,
	55.5753 40.8664,
	55.4171 41.0141,
	55.2482 41.1196,
	55.0794 41.1935,
	54.9106 41.2462,
	54.8895 41.2568,
	54.8051 41.2251,
	54.7629 41.1935,
	54.7418 41.0247,
	54.7312 40.9403,
	54.7312 40.9086,
	"/>
</Transform>

<Transform dim="0"
 xcoef=" 0 1 0 0 0 0"
 ycoef=" 0 0 1 0 0 0">
<Contour name="TB1_NF72_LES" hidden="false" closed="true" simplified="true" border="0.0784314 0.509804 0.101961" fill="0.0784314 0.509804 0.101961" mode="-9"
 points="15.9725 28.0788,
	16.0081 28.0076,
	16.0349 27.9719,
	16.311 27.8205,
	16.4535 27.7492,
	16.5961 27.6512,
	16.7297 27.5265,
	16.8277 27.3929,
	16.8811 27.3305,
	16.9524 27.2682,
	16.988 27.2325,
	17.0504 27.188,
	17.1217 27.1167,
	17.2197 26.9831,
	17.282 26.8406,
	17.3087 26.698,
	17.3177 26.5555,
	17.38 26.413,
	17.4067 26.3417,
	17.4156 26.1992,
	17.4245 26.1635,
	17.4958 26.1546,
	17.5314 26.1546,
	17.5493 26.1546,
	17.5671 26.1279,
	17.5938 26.1992,
	17.6205 26.3417,
	17.6473 26.6268,
	17.6383 26.7693,
	17.5938 26.9118,
	17.5582 26.9831,
	17.5582 27.0009,
	17.5404 27.0187,
	17.5225 27.09,
	17.3889 27.3751,
	17.3266 27.5176,
	17.2998 27.5889,
	17.2998 27.6067,
	17.2731 27.6423,
	17.2642 27.678,
	17.1217 27.7759,
	16.8366 27.8828,
	16.7653 27.9185,
	16.7475 27.9185,
	16.7297 27.9363,
	16.7119 27.9363,
	16.6406 27.9808,
	16.605 27.9986,
	16.5872 28.0165,
	16.5694 28.0165,
	16.4446 28.1055,
	16.3734 28.1501,
	16.3377 28.1768,
	16.3199 28.1946,
	16.1774 28.2392,
	16.0349 28.2659,
	15.9725 28.2214,
	15.9725 28.0877,
	"/>
</Transform>

</Section>