<?xml version="1.0"?>
<!DOCTYPE Section SYSTEM "section.dtd">

<Section index="289" thickness="0.08" alignLocked="true">
<Transform dim="0"
 xcoef=" 0 1 0 0 0 0"
 ycoef=" 0 0 1 0 0 0">
<Image mag="0.00749" contrast="1" brightness="0" red="true" green="true" blue="true"
 src="Alg_stitch3-4_289.tif" />
<Contour name="domain1" hidden="false" closed="true" simplified="false" border="1 0 1" fill="1 0 1" mode="11"
 points="0 0,
	15652 0,
	15652 8578,
	0 8578,
	"/>
</Transform>

<Transform dim="0"
 xcoef=" 0 1 0 0 0 0"
 ycoef=" 0 0 1 0 0 0">
<Contour name="TB3_NF01-PG_RSL" hidden="false" closed="true" simplified="true" border="1 1 0" fill="1 1 0" mode="-9"
 points="15.82 12.1,
	15.97 11.97,
	16.03 11.91,
	16.07 11.9,
	16.37 11.67,
	16.53 11.57,
	16.57 11.55,
	16.65 11.48,
	16.71 11.4,
	16.78 11.34,
	16.94 11.19,
	17.02 11.13,
	17.06 11.11,
	17.14 11.04,
	17.25 10.88,
	17.32 10.8,
	17.4 10.74,
	17.42 10.74,
	17.5 10.67,
	17.54 10.64,
	17.56 10.6,
	17.71 10.45,
	17.79 10.42,
	17.83 10.4,
	17.91 10.4,
	17.99 10.43,
	18.01 10.45,
	18.09 10.48,
	18.25 10.58,
	18.41 10.7,
	18.48 10.78,
	18.51 10.82,
	18.56 10.98,
	18.56 11.02,
	18.59 11.1,
	18.6 11.26,
	18.6 11.34,
	18.65 11.5,
	18.65 11.58,
	18.62 11.74,
	18.61 11.78,
	18.57 11.81,
	18.49 11.82,
	18.17 11.77,
	18.15 11.75,
	18.07 11.73,
	17.99 11.69,
	17.91 11.67,
	17.84 11.62,
	17.83 11.6,
	17.84 11.58,
	17.68 11.54,
	17.6 11.51,
	17.44 11.51,
	17.36 11.52,
	17.2 11.59,
	17.04 11.7,
	16.88 11.78,
	16.8 11.81,
	16.72 11.86,
	16.4 11.97,
	16.25 12.05,
	16.18 12.13,
	16.14 12.17,
	16.06 12.22,
	15.98 12.25,
	15.9 12.25,
	15.83 12.2,
	15.82 12.12,
	15.82 12.11,
	"/>
</Transform>

<Transform dim="0"
 xcoef=" 0 1 0 0 0 0"
 ycoef=" 0 0 1 0 0 0">
<Contour name="TB3_NF01-PG_RSL" hidden="false" closed="true" simplified="true" border="1 1 0" fill="1 1 0" mode="-9"
 points="22.47 17.23,
	22.54 17.16,
	22.58 17.13,
	22.62 17.12,
	22.64 17.1,
	22.68 17.09,
	22.72 17.06,
	23.04 16.94,
	23.2 16.88,
	23.22 16.88,
	23.24 16.9,
	23.29 16.82,
	23.29 16.74,
	23.27 16.7,
	23.26 16.54,
	23.27 16.46,
	23.33 16.38,
	23.37 16.34,
	23.45 16.29,
	23.53 16.22,
	23.57 16.2,
	23.65 16.2,
	23.69 16.21,
	23.72 16.29,
	23.74 16.45,
	23.73 16.53,
	23.62 16.69,
	23.6 16.73,
	23.53 16.81,
	23.53 16.83,
	23.44 16.99,
	23.41 17.07,
	23.37 17.11,
	23.36 17.12,
	23.38 17.13,
	23.34 17.14,
	23.31 17.18,
	23.28 17.26,
	23.12 17.4,
	23.08 17.43,
	23 17.45,
	22.92 17.45,
	22.76 17.41,
	22.72 17.41,
	22.56 17.36,
	22.52 17.35,
	22.47 17.27,
	22.47 17.24,
	"/>
</Transform>

<Transform dim="0"
 xcoef=" 0 1 0 0 0 0"
 ycoef=" 0 0 1 0 0 0">
<Contour name="TB3_NF01-PG_RSL" hidden="false" closed="true" simplified="true" border="1 1 0" fill="1 1 0" mode="-9"
 points="23.64 15.99,
	23.66 15.95,
	23.68 15.79,
	23.73 15.63,
	23.76 15.55,
	23.89 15.39,
	23.97 15.32,
	24.13 15.24,
	24.29 15.18,
	24.37 15.15,
	24.45 15.15,
	24.49 15.15,
	24.53 15.17,
	24.57 15.25,
	24.59 15.29,
	24.59 15.45,
	24.58 15.53,
	24.5 15.61,
	24.34 15.72,
	24.3 15.75,
	24.22 15.77,
	24.14 15.84,
	24.12 15.84,
	23.97 16,
	23.89 16.06,
	23.85 16.08,
	23.83 16.1,
	23.75 16.12,
	23.71 16.12,
	23.67 16.1,
	23.64 16.02,
	23.64 16,
	"/>
</Transform>

<Transform dim="0"
 xcoef=" 0 1 0 0 0 0"
 ycoef=" 0 0 1 0 0 0">
<Contour name="TB3_NF01-PG_RSL" hidden="false" closed="true" simplified="true" border="1 1 0" fill="1 1 0" mode="-9"
 points="27.63 14.98,
	27.66 14.9,
	27.73 14.83,
	27.89 14.76,
	27.93 14.73,
	27.95 14.7,
	28.03 14.67,
	28.35 14.62,
	28.67 14.6,
	29.31 14.61,
	29.47 14.6,
	29.63 14.62,
	29.71 14.62,
	29.79 14.59,
	29.86 14.52,
	29.89 14.48,
	30.05 14.39,
	30.21 14.28,
	30.23 14.24,
	30.27 14.21,
	30.31 14.2,
	30.35 14.17,
	30.51 14.13,
	30.67 14.12,
	30.99 14.17,
	31.02 14.21,
	31.02 14.29,
	31.01 14.33,
	30.85 14.47,
	30.73 14.63,
	30.57 14.77,
	30.49 14.85,
	30.41 14.91,
	30.25 15,
	30.17 15.04,
	30.12 15.12,
	30.11 15.2,
	30.09 15.24,
	30.05 15.26,
	30.01 15.25,
	29.99 15.23,
	29.99 15.19,
	29.99 15.17,
	29.96 15.13,
	29.94 15.11,
	29.62 15.03,
	29.46 14.99,
	29.3 14.98,
	29.22 14.98,
	29.06 15.03,
	29.02 15.05,
	28.98 15.05,
	28.9 15.08,
	28.74 15.09,
	28.66 15.1,
	28.58 15.14,
	27.94 15.17,
	27.78 15.14,
	27.7 15.11,
	27.64 15.04,
	27.63 15,
	27.63 14.99,
	"/>
</Transform>

<Transform dim="0"
 xcoef=" 0 1 0 0 0 0"
 ycoef=" 0 0 1 0 0 0">
<Contour name="TB3_NF01-PG_RSL" hidden="false" closed="true" simplified="true" border="1 1 0" fill="1 1 0" mode="-9"
 points="44.53 15.45,
	44.58 15.38,
	44.66 15.36,
	44.82 15.36,
	44.9 15.37,
	44.98 15.4,
	45.07 15.56,
	45.08 15.64,
	45.07 15.68,
	45.03 15.71,
	44.87 15.72,
	44.79 15.71,
	44.77 15.69,
	44.73 15.71,
	44.72 15.72,
	44.71 15.71,
	44.72 15.7,
	44.58 15.58,
	44.54 15.55,
	44.53 15.47,
	44.53 15.46,
	"/>
</Transform>

<Transform dim="0"
 xcoef=" 0 1 0 0 0 0"
 ycoef=" 0 0 1 0 0 0">
<Contour name="TB3_NF01-PG_RSL" hidden="false" closed="true" simplified="true" border="1 1 0" fill="1 1 0" mode="-9"
 points="62.05 10.5,
	62.08 10.42,
	62.22 10.28,
	62.26 10.25,
	62.34 10.23,
	62.42 10.23,
	62.44 10.23,
	62.48 10.27,
	62.52 10.35,
	62.52 10.43,
	62.51 10.47,
	62.47 10.51,
	62.39 10.56,
	62.36 10.58,
	62.34 10.62,
	62.18 10.68,
	62.14 10.68,
	62.1 10.66,
	62.07 10.62,
	62.05 10.54,
	62.05 10.51,
	"/>
</Transform>

<Transform dim="0"
 xcoef=" 0 1 0 0 0 0"
 ycoef=" 0 0 1 0 0 0">
<Contour name="TB3_NF01-PG_RSL" hidden="false" closed="true" simplified="true" border="1 1 0" fill="1 1 0" mode="-9"
 points="65.36 9.72,
	65.39 9.68,
	65.55 9.65,
	65.71 9.68,
	65.79 9.71,
	65.83 9.73,
	65.89 9.81,
	65.93 9.97,
	65.93 10.05,
	65.89 10.08,
	65.85 10.07,
	65.77 10.09,
	65.69 10.09,
	65.53 10.04,
	65.49 10.02,
	65.42 9.86,
	65.36 9.79,
	65.36 9.75,
	65.36 9.73,
	"/>
</Transform>

<Transform dim="0"
 xcoef=" 0 1 0 0 0 0"
 ycoef=" 0 0 1 0 0 0">
<Contour name="TB3_NF01-PG_RSL" hidden="false" closed="true" simplified="true" border="1 1 0" fill="1 1 0" mode="-9"
 points="63.5556 14.2,
	63.6 14.1111,
	63.6222 14.0667,
	63.6222 14.0444,
	63.6889 13.9556,
	63.7111 13.9111,
	63.8 13.8556,
	63.9778 13.8222,
	64.1556 13.7667,
	64.5111 13.7556,
	64.5333 13.7556,
	64.6222 13.8111,
	64.8 13.8667,
	65.5111 13.8667,
	65.6889 13.8889,
	65.8667 13.9667,
	65.9556 14,
	66.3 14.2333,
	66.3556 14.4111,
	66.3778 14.5,
	66.3778 14.5889,
	66.3667 14.6333,
	66.3222 14.6778,
	66.1444 14.6889,
	65.7889 14.5667,
	65.6111 14.5111,
	65.4333 14.4889,
	65.3444 14.4667,
	64.9889 14.4556,
	64.8111 14.4889,
	64.7222 14.4889,
	64.6333 14.5333,
	64.5889 14.5444,
	64.5667 14.5667,
	64.5444 14.5667,
	64.5 14.6,
	64.3222 14.6444,
	64.1444 14.6556,
	63.9667 14.6444,
	63.8778 14.6222,
	63.7 14.5444,
	63.6333 14.4556,
	63.5889 14.3667,
	63.5667 14.2778,
	63.5556 14.2333,
	63.5556 14.2111,
	"/>
<Contour name="TB3_NF01-PG_RSL" hidden="false" closed="true" simplified="true" border="1 1 0" fill="1 1 0" mode="-9"
 points="62.4 14.9333,
	62.5667 14.7889,
	62.7 14.6111,
	62.8667 14.4444,
	63.0444 14.3444,
	63.1333 14.3333,
	63.2222 14.3444,
	63.3111 14.3778,
	63.4 14.4333,
	63.4667 14.5111,
	63.4778 14.6,
	63.4778 14.6222,
	63.4444 14.6667,
	63.2667 14.7222,
	63.1778 14.7444,
	63.1333 14.7778,
	63.1111 14.8111,
	62.7556 15.0111,
	62.5778 15.0444,
	62.4889 15.0333,
	62.4 14.9778,
	62.4 14.9444,
	"/>
<Contour name="TB3_NF01-PG_RSL" hidden="false" closed="true" simplified="true" border="1 1 0" fill="1 1 0" mode="-9"
 points="60.3556 14.7889,
	60.3889 14.7444,
	60.5667 14.6444,
	60.6556 14.6,
	60.7444 14.5778,
	61.1 14.5667,
	61.2778 14.5556,
	61.4556 14.6333,
	61.5 14.6667,
	61.6778 14.7333,
	61.7556 14.8,
	61.7778 14.8222,
	61.7889 14.8667,
	61.7778 14.9111,
	61.6 14.9778,
	61.5111 15,
	61.3333 15.1111,
	61.1556 15.1444,
	61.1333 15.1333,
	61.0444 15.1556,
	60.6889 15.1444,
	60.6 15.1222,
	60.5111 15.0778,
	60.4667 15.0333,
	60.3889 14.9778,
	60.3556 14.9333,
	60.3556 14.8444,
	60.3556 14.8,
	"/>
</Transform>

<Transform dim="0"
 xcoef=" 0 1 0 0 0 0"
 ycoef=" 0 0 1 0 0 0">
<Contour name="TB3_NF01-PG_RSL" hidden="false" closed="true" simplified="true" border="1 1 0" fill="1 1 0" mode="-9"
 points="53.9556 14.4111,
	54.0222 14.3222,
	54.1111 14.2556,
	54.1556 14.2111,
	54.3333 14.1556,
	54.3778 14.1333,
	54.5556 14.1111,
	54.7333 14.1111,
	55.0889 14.1444,
	55.1778 14.1444,
	55.3556 14.2,
	55.4444 14.2556,
	55.6222 14.3,
	56.3333 14.3222,
	56.6889 14.3222,
	57.0444 14.3,
	57.4 14.3,
	57.7556 14.2444,
	58.1111 14.1444,
	58.2 14.1333,
	58.5556 14,
	58.6444 13.9889,
	58.7333 14,
	58.8222 14.0778,
	58.8444 14.1,
	58.8556 14.2778,
	58.8556 14.3,
	58.8111 14.3333,
	58.7667 14.3444,
	58.7444 14.3889,
	58.6556 14.4556,
	58.5667 14.4889,
	58.4778 14.4889,
	58.4333 14.4889,
	58.3444 14.5444,
	58.1667 14.6,
	58.0778 14.6333,
	58.0333 14.6667,
	57.8556 14.7222,
	57.5 14.7667,
	57.3222 14.7778,
	57.2333 14.8,
	57.0556 14.8,
	56.7 14.7556,
	56.3444 14.7556,
	55.9889 14.7778,
	55.8111 14.7889,
	55.4556 14.8444,
	55.2778 14.8667,
	55.1 14.8667,
	55.0556 14.8667,
	55.0111 14.8444,
	54.9889 14.8222,
	54.9889 14.8,
	55.0111 14.7778,
	55.0556 14.7667,
	55.0778 14.7556,
	55.0333 14.7222,
	54.6778 14.6556,
	54.3222 14.6444,
	54.1444 14.6444,
	54.0556 14.6222,
	53.9667 14.5444,
	53.9556 14.4556,
	53.9556 14.4222,
	"/>
</Transform>

<Transform dim="0"
 xcoef=" 0 1 0 0 0 0"
 ycoef=" 0 0 1 0 0 0">
<Contour name="TB3_NF01-PG_RSL" hidden="false" closed="true" simplified="true" border="1 1 0" fill="1 1 0" mode="-9"
 points="53.0556 14.4333,
	53.1333 14.3556,
	53.2222 14.3222,
	53.4 14.3111,
	53.4222 14.3111,
	53.4556 14.3556,
	53.4556 14.4444,
	53.4222 14.5333,
	53.4 14.5667,
	53.3556 14.6111,
	53.2778 14.5889,
	53.1889 14.6444,
	53.1444 14.6444,
	53.1 14.6222,
	53.0556 14.5333,
	53.0556 14.4444,
	"/>
</Transform>

<Transform dim="0"
 xcoef=" 0 1 0 0 0 0"
 ycoef=" 0 0 1 0 0 0">
<Contour name="TB3_NF01-PG_RSL" hidden="false" closed="true" simplified="true" border="1 1 0" fill="1 1 0" mode="-9"
 points="45.1 16.2333,
	45.1333 16.1889,
	45.2222 16.1444,
	45.2667 16.1333,
	45.2889 16.1111,
	45.3333 16.1,
	45.4222 16.0333,
	45.4667 16.0111,
	45.6444 16,
	45.7333 16,
	45.9111 16.0556,
	46 16.0778,
	46.0889 16.1222,
	46.1222 16.1667,
	46.0889 16.2556,
	46.0111 16.3222,
	45.9222 16.3444,
	45.9 16.3444,
	45.8778 16.3667,
	45.5222 16.3889,
	45.3444 16.3778,
	45.1667 16.3222,
	45.1222 16.3,
	45.1 16.2778,
	45.1 16.2444,
	"/>
</Transform>

<Transform dim="0"
 xcoef=" 0 1 0 0 0 0"
 ycoef=" 0 0 1 0 0 0">
<Contour name="TB3_NF01-PG_RSL" hidden="false" closed="true" simplified="true" border="1 1 0" fill="1 1 0" mode="-9"
 points="39.0556 19.0111,
	39.1333 18.9333,
	39.3111 18.8444,
	39.4 18.8111,
	39.4444 18.7889,
	39.6222 18.7556,
	39.8 18.7,
	39.8889 18.6667,
	39.9778 18.6,
	40.3333 18.4778,
	40.6889 18.3333,
	40.8667 18.2889,
	41.0444 18.2778,
	41.1333 18.2889,
	41.2222 18.3333,
	41.2667 18.3556,
	41.2778 18.4444,
	41.2667 18.4889,
	41.1 18.6444,
	41.0556 18.6778,
	41.0333 18.6667,
	40.9444 18.7,
	40.5889 18.7778,
	40.5 18.8,
	40.1444 19,
	39.9667 19.0889,
	39.8778 19.1444,
	39.8 19.2222,
	39.6222 19.2778,
	39.5333 19.2889,
	39.4889 19.3111,
	39.3111 19.3222,
	39.2889 19.3222,
	39.2 19.2667,
	39.1556 19.2333,
	39.1333 19.2333,
	39.0889 19.1889,
	39.0556 19.1,
	39.0556 19.0222,
	"/>
</Transform>

<Transform dim="0"
 xcoef=" 0 1 0 0 0 0"
 ycoef=" 0 0 1 0 0 0">
<Contour name="TB3_NF01-PG_RSL" hidden="false" closed="true" simplified="true" border="1 1 0" fill="1 1 0" mode="-9"
 points="15.82 12.1,
	15.97 11.97,
	16.03 11.91,
	16.07 11.9,
	16.37 11.67,
	16.53 11.57,
	16.57 11.55,
	16.65 11.48,
	16.71 11.4,
	16.78 11.34,
	16.94 11.19,
	17.02 11.13,
	17.06 11.11,
	17.14 11.04,
	17.25 10.88,
	17.32 10.8,
	17.4 10.74,
	17.42 10.74,
	17.5 10.67,
	17.54 10.64,
	17.56 10.6,
	17.71 10.45,
	17.79 10.42,
	17.83 10.4,
	17.91 10.4,
	17.99 10.43,
	18.01 10.45,
	18.09 10.48,
	18.25 10.58,
	18.41 10.7,
	18.48 10.78,
	18.51 10.82,
	18.56 10.98,
	18.56 11.02,
	18.59 11.1,
	18.6 11.26,
	18.6 11.34,
	18.65 11.5,
	18.65 11.58,
	18.62 11.74,
	18.61 11.78,
	18.57 11.81,
	18.49 11.82,
	18.17 11.77,
	18.15 11.75,
	18.07 11.73,
	17.99 11.69,
	17.91 11.67,
	17.84 11.62,
	17.83 11.6,
	17.84 11.58,
	17.68 11.54,
	17.6 11.51,
	17.44 11.51,
	17.36 11.52,
	17.2 11.59,
	17.04 11.7,
	16.88 11.78,
	16.8 11.81,
	16.72 11.86,
	16.4 11.97,
	16.25 12.05,
	16.18 12.13,
	16.14 12.17,
	16.06 12.22,
	15.98 12.25,
	15.9 12.25,
	15.83 12.2,
	15.82 12.12,
	15.82 12.11,
	"/>
</Transform>

<Transform dim="0"
 xcoef=" 0 1 0 0 0 0"
 ycoef=" 0 0 1 0 0 0">
<Contour name="TB3_NF01-PG_RSL" hidden="false" closed="true" simplified="true" border="1 1 0" fill="1 1 0" mode="-9"
 points="22.47 17.23,
	22.54 17.16,
	22.58 17.13,
	22.62 17.12,
	22.64 17.1,
	22.68 17.09,
	22.72 17.06,
	23.04 16.94,
	23.2 16.88,
	23.22 16.88,
	23.24 16.9,
	23.29 16.82,
	23.29 16.74,
	23.27 16.7,
	23.26 16.54,
	23.27 16.46,
	23.33 16.38,
	23.37 16.34,
	23.45 16.29,
	23.53 16.22,
	23.57 16.2,
	23.65 16.2,
	23.69 16.21,
	23.72 16.29,
	23.74 16.45,
	23.73 16.53,
	23.62 16.69,
	23.6 16.73,
	23.53 16.81,
	23.53 16.83,
	23.44 16.99,
	23.41 17.07,
	23.37 17.11,
	23.36 17.12,
	23.38 17.13,
	23.34 17.14,
	23.31 17.18,
	23.28 17.26,
	23.12 17.4,
	23.08 17.43,
	23 17.45,
	22.92 17.45,
	22.76 17.41,
	22.72 17.41,
	22.56 17.36,
	22.52 17.35,
	22.47 17.27,
	22.47 17.24,
	"/>
</Transform>

<Transform dim="0"
 xcoef=" 0 1 0 0 0 0"
 ycoef=" 0 0 1 0 0 0">
<Contour name="TB3_NF01-PG_RSL" hidden="false" closed="true" simplified="true" border="1 1 0" fill="1 1 0" mode="-9"
 points="23.64 15.99,
	23.66 15.95,
	23.68 15.79,
	23.73 15.63,
	23.76 15.55,
	23.89 15.39,
	23.97 15.32,
	24.13 15.24,
	24.29 15.18,
	24.37 15.15,
	24.45 15.15,
	24.49 15.15,
	24.53 15.17,
	24.57 15.25,
	24.59 15.29,
	24.59 15.45,
	24.58 15.53,
	24.5 15.61,
	24.34 15.72,
	24.3 15.75,
	24.22 15.77,
	24.14 15.84,
	24.12 15.84,
	23.97 16,
	23.89 16.06,
	23.85 16.08,
	23.83 16.1,
	23.75 16.12,
	23.71 16.12,
	23.67 16.1,
	23.64 16.02,
	23.64 16,
	"/>
</Transform>

<Transform dim="0"
 xcoef=" 0 1 0 0 0 0"
 ycoef=" 0 0 1 0 0 0">
<Contour name="TB3_NF01-PG_RSL" hidden="false" closed="true" simplified="true" border="1 1 0" fill="1 1 0" mode="-9"
 points="27.63 14.98,
	27.66 14.9,
	27.73 14.83,
	27.89 14.76,
	27.93 14.73,
	27.95 14.7,
	28.03 14.67,
	28.35 14.62,
	28.67 14.6,
	29.31 14.61,
	29.47 14.6,
	29.63 14.62,
	29.71 14.62,
	29.79 14.59,
	29.86 14.52,
	29.89 14.48,
	30.05 14.39,
	30.21 14.28,
	30.23 14.24,
	30.27 14.21,
	30.31 14.2,
	30.35 14.17,
	30.51 14.13,
	30.67 14.12,
	30.99 14.17,
	31.02 14.21,
	31.02 14.29,
	31.01 14.33,
	30.85 14.47,
	30.73 14.63,
	30.57 14.77,
	30.49 14.85,
	30.41 14.91,
	30.25 15,
	30.17 15.04,
	30.12 15.12,
	30.11 15.2,
	30.09 15.24,
	30.05 15.26,
	30.01 15.25,
	29.99 15.23,
	29.99 15.19,
	29.99 15.17,
	29.96 15.13,
	29.94 15.11,
	29.62 15.03,
	29.46 14.99,
	29.3 14.98,
	29.22 14.98,
	29.06 15.03,
	29.02 15.05,
	28.98 15.05,
	28.9 15.08,
	28.74 15.09,
	28.66 15.1,
	28.58 15.14,
	27.94 15.17,
	27.78 15.14,
	27.7 15.11,
	27.64 15.04,
	27.63 15,
	27.63 14.99,
	"/>
</Transform>

<Transform dim="0"
 xcoef=" 0 1 0 0 0 0"
 ycoef=" 0 0 1 0 0 0">
<Contour name="TB3_NF01-PG_RSL" hidden="false" closed="true" simplified="true" border="1 1 0" fill="1 1 0" mode="-9"
 points="44.53 15.45,
	44.58 15.38,
	44.66 15.36,
	44.82 15.36,
	44.9 15.37,
	44.98 15.4,
	45.07 15.56,
	45.08 15.64,
	45.07 15.68,
	45.03 15.71,
	44.87 15.72,
	44.79 15.71,
	44.77 15.69,
	44.73 15.71,
	44.72 15.72,
	44.71 15.71,
	44.72 15.7,
	44.58 15.58,
	44.54 15.55,
	44.53 15.47,
	44.53 15.46,
	"/>
</Transform>

<Transform dim="0"
 xcoef=" 0 1 0 0 0 0"
 ycoef=" 0 0 1 0 0 0">
<Contour name="TB3_NF01-PG_RSL" hidden="false" closed="true" simplified="true" border="1 1 0" fill="1 1 0" mode="-9"
 points="62.05 10.5,
	62.08 10.42,
	62.22 10.28,
	62.26 10.25,
	62.34 10.23,
	62.42 10.23,
	62.44 10.23,
	62.48 10.27,
	62.52 10.35,
	62.52 10.43,
	62.51 10.47,
	62.47 10.51,
	62.39 10.56,
	62.36 10.58,
	62.34 10.62,
	62.18 10.68,
	62.14 10.68,
	62.1 10.66,
	62.07 10.62,
	62.05 10.54,
	62.05 10.51,
	"/>
</Transform>

<Transform dim="0"
 xcoef=" 0 1 0 0 0 0"
 ycoef=" 0 0 1 0 0 0">
<Contour name="TB3_NF01-PG_RSL" hidden="false" closed="true" simplified="true" border="1 1 0" fill="1 1 0" mode="-9"
 points="65.36 9.72,
	65.39 9.68,
	65.55 9.65,
	65.71 9.68,
	65.79 9.71,
	65.83 9.73,
	65.89 9.81,
	65.93 9.97,
	65.93 10.05,
	65.89 10.08,
	65.85 10.07,
	65.77 10.09,
	65.69 10.09,
	65.53 10.04,
	65.49 10.02,
	65.42 9.86,
	65.36 9.79,
	65.36 9.75,
	65.36 9.73,
	"/>
</Transform>

<Transform dim="0"
 xcoef=" 0 1 0 0 0 0"
 ycoef=" 0 0 1 0 0 0">
<Contour name="TB3_NF01-PG_RSL" hidden="false" closed="true" simplified="true" border="1 1 0" fill="1 1 0" mode="-9"
 points="63.5556 14.2,
	63.6 14.1111,
	63.6222 14.0667,
	63.6222 14.0444,
	63.6889 13.9556,
	63.7111 13.9111,
	63.8 13.8556,
	63.9778 13.8222,
	64.1556 13.7667,
	64.5111 13.7556,
	64.5333 13.7556,
	64.6222 13.8111,
	64.8 13.8667,
	65.5111 13.8667,
	65.6889 13.8889,
	65.8667 13.9667,
	65.9556 14,
	66.3 14.2333,
	66.3556 14.4111,
	66.3778 14.5,
	66.3778 14.5889,
	66.3667 14.6333,
	66.3222 14.6778,
	66.1444 14.6889,
	65.7889 14.5667,
	65.6111 14.5111,
	65.4333 14.4889,
	65.3444 14.4667,
	64.9889 14.4556,
	64.8111 14.4889,
	64.7222 14.4889,
	64.6333 14.5333,
	64.5889 14.5444,
	64.5667 14.5667,
	64.5444 14.5667,
	64.5 14.6,
	64.3222 14.6444,
	64.1444 14.6556,
	63.9667 14.6444,
	63.8778 14.6222,
	63.7 14.5444,
	63.6333 14.4556,
	63.5889 14.3667,
	63.5667 14.2778,
	63.5556 14.2333,
	63.5556 14.2111,
	"/>
<Contour name="TB3_NF01-PG_RSL" hidden="false" closed="true" simplified="true" border="1 1 0" fill="1 1 0" mode="-9"
 points="62.4 14.9333,
	62.5667 14.7889,
	62.7 14.6111,
	62.8667 14.4444,
	63.0444 14.3444,
	63.1333 14.3333,
	63.2222 14.3444,
	63.3111 14.3778,
	63.4 14.4333,
	63.4667 14.5111,
	63.4778 14.6,
	63.4778 14.6222,
	63.4444 14.6667,
	63.2667 14.7222,
	63.1778 14.7444,
	63.1333 14.7778,
	63.1111 14.8111,
	62.7556 15.0111,
	62.5778 15.0444,
	62.4889 15.0333,
	62.4 14.9778,
	62.4 14.9444,
	"/>
<Contour name="TB3_NF01-PG_RSL" hidden="false" closed="true" simplified="true" border="1 1 0" fill="1 1 0" mode="-9"
 points="60.3556 14.7889,
	60.3889 14.7444,
	60.5667 14.6444,
	60.6556 14.6,
	60.7444 14.5778,
	61.1 14.5667,
	61.2778 14.5556,
	61.4556 14.6333,
	61.5 14.6667,
	61.6778 14.7333,
	61.7556 14.8,
	61.7778 14.8222,
	61.7889 14.8667,
	61.7778 14.9111,
	61.6 14.9778,
	61.5111 15,
	61.3333 15.1111,
	61.1556 15.1444,
	61.1333 15.1333,
	61.0444 15.1556,
	60.6889 15.1444,
	60.6 15.1222,
	60.5111 15.0778,
	60.4667 15.0333,
	60.3889 14.9778,
	60.3556 14.9333,
	60.3556 14.8444,
	60.3556 14.8,
	"/>
</Transform>

<Transform dim="0"
 xcoef=" 0 1 0 0 0 0"
 ycoef=" 0 0 1 0 0 0">
<Contour name="TB3_NF01-PG_RSL" hidden="false" closed="true" simplified="true" border="1 1 0" fill="1 1 0" mode="-9"
 points="53.9556 14.4111,
	54.0222 14.3222,
	54.1111 14.2556,
	54.1556 14.2111,
	54.3333 14.1556,
	54.3778 14.1333,
	54.5556 14.1111,
	54.7333 14.1111,
	55.0889 14.1444,
	55.1778 14.1444,
	55.3556 14.2,
	55.4444 14.2556,
	55.6222 14.3,
	56.3333 14.3222,
	56.6889 14.3222,
	57.0444 14.3,
	57.4 14.3,
	57.7556 14.2444,
	58.1111 14.1444,
	58.2 14.1333,
	58.5556 14,
	58.6444 13.9889,
	58.7333 14,
	58.8222 14.0778,
	58.8444 14.1,
	58.8556 14.2778,
	58.8556 14.3,
	58.8111 14.3333,
	58.7667 14.3444,
	58.7444 14.3889,
	58.6556 14.4556,
	58.5667 14.4889,
	58.4778 14.4889,
	58.4333 14.4889,
	58.3444 14.5444,
	58.1667 14.6,
	58.0778 14.6333,
	58.0333 14.6667,
	57.8556 14.7222,
	57.5 14.7667,
	57.3222 14.7778,
	57.2333 14.8,
	57.0556 14.8,
	56.7 14.7556,
	56.3444 14.7556,
	55.9889 14.7778,
	55.8111 14.7889,
	55.4556 14.8444,
	55.2778 14.8667,
	55.1 14.8667,
	55.0556 14.8667,
	55.0111 14.8444,
	54.9889 14.8222,
	54.9889 14.8,
	55.0111 14.7778,
	55.0556 14.7667,
	55.0778 14.7556,
	55.0333 14.7222,
	54.6778 14.6556,
	54.3222 14.6444,
	54.1444 14.6444,
	54.0556 14.6222,
	53.9667 14.5444,
	53.9556 14.4556,
	53.9556 14.4222,
	"/>
</Transform>

<Transform dim="0"
 xcoef=" 0 1 0 0 0 0"
 ycoef=" 0 0 1 0 0 0">
<Contour name="TB3_NF01-PG_RSL" hidden="false" closed="true" simplified="true" border="1 1 0" fill="1 1 0" mode="-9"
 points="53.0556 14.4333,
	53.1333 14.3556,
	53.2222 14.3222,
	53.4 14.3111,
	53.4222 14.3111,
	53.4556 14.3556,
	53.4556 14.4444,
	53.4222 14.5333,
	53.4 14.5667,
	53.3556 14.6111,
	53.2778 14.5889,
	53.1889 14.6444,
	53.1444 14.6444,
	53.1 14.6222,
	53.0556 14.5333,
	53.0556 14.4444,
	"/>
</Transform>

<Transform dim="0"
 xcoef=" 0 1 0 0 0 0"
 ycoef=" 0 0 1 0 0 0">
<Contour name="TB3_NF01-PG_RSL" hidden="false" closed="true" simplified="true" border="1 1 0" fill="1 1 0" mode="-9"
 points="45.1 16.2333,
	45.1333 16.1889,
	45.2222 16.1444,
	45.2667 16.1333,
	45.2889 16.1111,
	45.3333 16.1,
	45.4222 16.0333,
	45.4667 16.0111,
	45.6444 16,
	45.7333 16,
	45.9111 16.0556,
	46 16.0778,
	46.0889 16.1222,
	46.1222 16.1667,
	46.0889 16.2556,
	46.0111 16.3222,
	45.9222 16.3444,
	45.9 16.3444,
	45.8778 16.3667,
	45.5222 16.3889,
	45.3444 16.3778,
	45.1667 16.3222,
	45.1222 16.3,
	45.1 16.2778,
	45.1 16.2444,
	"/>
</Transform>

<Transform dim="0"
 xcoef=" 0 1 0 0 0 0"
 ycoef=" 0 0 1 0 0 0">
<Contour name="TB3_NF01-PG_RSL" hidden="false" closed="true" simplified="true" border="1 1 0" fill="1 1 0" mode="-9"
 points="39.0556 19.0111,
	39.1333 18.9333,
	39.3111 18.8444,
	39.4 18.8111,
	39.4444 18.7889,
	39.6222 18.7556,
	39.8 18.7,
	39.8889 18.6667,
	39.9778 18.6,
	40.3333 18.4778,
	40.6889 18.3333,
	40.8667 18.2889,
	41.0444 18.2778,
	41.1333 18.2889,
	41.2222 18.3333,
	41.2667 18.3556,
	41.2778 18.4444,
	41.2667 18.4889,
	41.1 18.6444,
	41.0556 18.6778,
	41.0333 18.6667,
	40.9444 18.7,
	40.5889 18.7778,
	40.5 18.8,
	40.1444 19,
	39.9667 19.0889,
	39.8778 19.1444,
	39.8 19.2222,
	39.6222 19.2778,
	39.5333 19.2889,
	39.4889 19.3111,
	39.3111 19.3222,
	39.2889 19.3222,
	39.2 19.2667,
	39.1556 19.2333,
	39.1333 19.2333,
	39.0889 19.1889,
	39.0556 19.1,
	39.0556 19.0222,
	"/>
</Transform>

<Transform dim="0"
 xcoef=" 0 1 0 0 0 0"
 ycoef=" 0 0 1 0 0 0">
<Image mag="0.00749" contrast="1" brightness="0" red="true" green="true" blue="true"
 src="Alg_stitch3-4_289.tif" />
<Contour name="domain1" hidden="false" closed="true" simplified="false" border="1 0 1" fill="1 0 1" mode="11"
 points="0 0,
	15652 0,
	15652 8578,
	0 8578,
	"/>
</Transform>

<Transform dim="0"
 xcoef=" 0 1 0 0 0 0"
 ycoef=" 0 0 1 0 0 0">
<Image mag="0.00749" contrast="1" brightness="0" red="true" green="true" blue="true"
 src="Alg_stitch3-4_289.tif" />
<Contour name="domain1" hidden="false" closed="true" simplified="false" border="1 0 1" fill="1 0 1" mode="11"
 points="0 0,
	15652 0,
	15652 8578,
	0 8578,
	"/>
</Transform>

<Transform dim="0"
 xcoef=" 0 1 0 0 0 0"
 ycoef=" 0 0 1 0 0 0">
<Image mag="0.00749" contrast="1" brightness="0" red="true" green="true" blue="true"
 src="Alg_stitch3-4_289.tif" />
<Contour name="domain1" hidden="false" closed="true" simplified="false" border="1 0 1" fill="1 0 1" mode="11"
 points="0 0,
	15652 0,
	15652 8578,
	0 8578,
	"/>
</Transform>

<Transform dim="0"
 xcoef=" 0 1 0 0 0 0"
 ycoef=" 0 0 1 0 0 0">
<Image mag="0.00749" contrast="1" brightness="0" red="true" green="true" blue="true"
 src="Alg_stitch3-4_289.tif" />
<Contour name="domain1" hidden="false" closed="true" simplified="false" border="1 0 1" fill="1 0 1" mode="11"
 points="0 0,
	15652 0,
	15652 8578,
	0 8578,
	"/>
</Transform>

<Transform dim="0"
 xcoef=" 0 1 0 0 0 0"
 ycoef=" 0 0 1 0 0 0">
<Image mag="0.00749" contrast="1" brightness="0" red="true" green="true" blue="true"
 src="Alg_stitch3-4_289.tif" />
<Contour name="DENucleus2" hidden="false" closed="true" simplified="false" border="0 0 0.627" fill="0 0 0.627" mode="11"
 points="0 0,
	15652 0,
	15652 8578,
	0 8578,
	"/>
</Transform>

<Transform dim="0"
 xcoef=" 0 1 0 0 0 0"
 ycoef=" 0 0 1 0 0 0">
<Image mag="0.00749" contrast="1" brightness="0" red="true" green="true" blue="true"
 src="Alg_stitch3-4_289.tif" />
<Contour name="domain1" hidden="false" closed="true" simplified="false" border="1 0 1" fill="1 0 1" mode="11"
 points="0 0,
	15652 0,
	15652 8578,
	0 8578,
	"/>
</Transform>

<Transform dim="0"
 xcoef=" 0 1 0 0 0 0"
 ycoef=" 0 0 1 0 0 0">
<Image mag="0.00749" contrast="1" brightness="0" red="true" green="true" blue="true"
 src="Alg_stitch3-4_289.tif" />
<Contour name="domain1" hidden="false" closed="true" simplified="false" border="1 0 1" fill="1 0 1" mode="11"
 points="0 0,
	15652 0,
	15652 8578,
	0 8578,
	"/>
</Transform>

<Transform dim="0"
 xcoef=" 0 1 0 0 0 0"
 ycoef=" 0 0 1 0 0 0">
<Image mag="0.00749" contrast="1" brightness="0" red="true" green="true" blue="true"
 src="Alg_stitch3-4_289.tif" />
<Contour name="domain1" hidden="false" closed="true" simplified="false" border="1 0 1" fill="1 0 1" mode="11"
 points="0 0,
	15652 0,
	15652 8578,
	0 8578,
	"/>
</Transform>

<Transform dim="0"
 xcoef=" 0 1 0 0 0 0"
 ycoef=" 0 0 1 0 0 0">
<Image mag="0.00749" contrast="1" brightness="0" red="true" green="true" blue="true"
 src="Alg_stitch3-4_289.tif" />
<Contour name="domain1" hidden="false" closed="true" simplified="false" border="1 0 1" fill="1 0 1" mode="11"
 points="0 0,
	15652 0,
	15652 8578,
	0 8578,
	"/>
</Transform>

<Transform dim="0"
 xcoef=" 0 1 0 0 0 0"
 ycoef=" 0 0 1 0 0 0">
<Image mag="0.00749" contrast="1" brightness="0" red="true" green="true" blue="true"
 src="Alg_stitch3-4_289.tif" />
<Contour name="domain1" hidden="false" closed="true" simplified="false" border="1 0 1" fill="1 0 1" mode="11"
 points="0 0,
	15652 0,
	15652 8578,
	0 8578,
	"/>
</Transform>

<Transform dim="0"
 xcoef=" 0 1 0 0 0 0"
 ycoef=" 0 0 1 0 0 0">
<Image mag="0.00749" contrast="1" brightness="0" red="true" green="true" blue="true"
 src="Alg_stitch3-4_289.tif" />
<Contour name="domain1" hidden="false" closed="true" simplified="false" border="1 0 1" fill="1 0 1" mode="11"
 points="0 0,
	15652 0,
	15652 8578,
	0 8578,
	"/>
</Transform>

<Transform dim="0"
 xcoef=" 0 1 0 0 0 0"
 ycoef=" 0 0 1 0 0 0">
<Image mag="0.00749" contrast="1" brightness="0" red="true" green="true" blue="true"
 src="Alg_stitch3-4_289.tif" />
<Contour name="domain1" hidden="false" closed="true" simplified="false" border="1 0 1" fill="1 0 1" mode="11"
 points="0 0,
	15652 0,
	15652 8578,
	0 8578,
	"/>
</Transform>

<Transform dim="0"
 xcoef=" 0 1 0 0 0 0"
 ycoef=" 0 0 1 0 0 0">
<Image mag="0.00749" contrast="1" brightness="0" red="true" green="true" blue="true"
 src="Alg_stitch3-4_289.tif" />
<Contour name="domain1" hidden="false" closed="true" simplified="false" border="1 0 1" fill="1 0 1" mode="11"
 points="0 0,
	15652 0,
	15652 8578,
	0 8578,
	"/>
</Transform>

<Transform dim="0"
 xcoef=" 0 1 0 0 0 0"
 ycoef=" 0 0 1 0 0 0">
<Image mag="0.00749" contrast="1" brightness="0" red="true" green="true" blue="true"
 src="Alg_stitch3-4_289.tif" />
<Contour name="domain1" hidden="false" closed="true" simplified="false" border="1 0 1" fill="1 0 1" mode="11"
 points="0 0,
	15652 0,
	15652 8578,
	0 8578,
	"/>
</Transform>

<Transform dim="0"
 xcoef=" 0 1 0 0 0 0"
 ycoef=" 0 0 1 0 0 0">
<Image mag="0.00749" contrast="1" brightness="0" red="true" green="true" blue="true"
 src="Alg_stitch3-4_289.tif" />
<Contour name="domain1" hidden="false" closed="true" simplified="false" border="1 0 1" fill="1 0 1" mode="11"
 points="0 0,
	15652 0,
	15652 8578,
	0 8578,
	"/>
</Transform>

<Transform dim="0"
 xcoef=" 0 1 0 0 0 0"
 ycoef=" 0 0 1 0 0 0">
<Image mag="0.00749" contrast="1" brightness="0" red="true" green="true" blue="true"
 src="Alg_stitch3-4_289.tif" />
<Contour name="DENucleus2" hidden="false" closed="true" simplified="false" border="0 0 0.627" fill="0 0 0.627" mode="11"
 points="0 0,
	15652 0,
	15652 8578,
	0 8578,
	"/>
</Transform>

<Transform dim="0"
 xcoef=" 0 1 0 0 0 0"
 ycoef=" 0 0 1 0 0 0">
<Image mag="0.00749" contrast="1" brightness="0" red="true" green="true" blue="true"
 src="Alg_stitch3-4_289.tif" />
<Contour name="domain1" hidden="false" closed="true" simplified="false" border="1 0 1" fill="1 0 1" mode="11"
 points="0 0,
	15652 0,
	15652 8578,
	0 8578,
	"/>
</Transform>

<Transform dim="0"
 xcoef=" 0 1 0 0 0 0"
 ycoef=" 0 0 1 0 0 0">
<Image mag="0.00749" contrast="1" brightness="0" red="true" green="true" blue="true"
 src="Alg_stitch3-4_289.tif" />
<Contour name="domain1" hidden="false" closed="true" simplified="false" border="1 0 1" fill="1 0 1" mode="11"
 points="0 0,
	15652 0,
	15652 8578,
	0 8578,
	"/>
</Transform>

<Transform dim="0"
 xcoef=" 0 1 0 0 0 0"
 ycoef=" 0 0 1 0 0 0">
<Contour name="Tb2_NF40_LES" hidden="false" closed="true" simplified="true" border="0.501961 0.25098 0.25098" fill="0.501961 0.25098 0.25098" mode="-9"
 points="19.8674 35.3659,
	19.9427 35.2152,
	20.0746 35.0646,
	20.3759 34.8951,
	20.6772 34.6879,
	20.9596 34.4431,
	21.1103 34.3113,
	21.3174 34.01,
	21.4116 33.8593,
	21.4681 33.558,
	21.6753 33.2567,
	21.8259 33.1249,
	21.9766 33.0684,
	22.1272 33.0872,
	22.2025 33.1061,
	22.3532 33.2002,
	22.485 33.3509,
	22.5792 33.5015,
	22.6357 33.6522,
	22.6733 33.9535,
	22.6545 34.2548,
	22.5603 34.5561,
	22.3344 34.8574,
	22.2025 34.9704,
	22.0519 34.9704,
	21.7506 34.8009,
	21.5999 34.8763,
	21.4493 34.9139,
	21.148 35.0834,
	20.8467 35.1776,
	20.5454 35.3659,
	20.3947 35.4224,
	20.357 35.4789,
	20.2064 35.5542,
	20.0557 35.573,
	19.9804 35.573,
	19.9051 35.5354,
	19.8674 35.3847,
	"/>
</Transform>

<Transform dim="0"
 xcoef=" 0 1 0 0 0 0"
 ycoef=" 0 0 1 0 0 0">
<Contour name="Tb2_NF29_LES" hidden="false" closed="true" simplified="true" border="0 0.501961 0.74902" fill="0 0.501961 0.74902" mode="-9"
 points="23.4921 32.688,
	23.6139 32.6119,
	23.7357 32.6119,
	23.8575 32.6576,
	23.9184 32.6728,
	24.0402 32.7489,
	24.2381 32.9925,
	24.4056 33.2361,
	24.5274 33.4797,
	24.5883 33.7233,
	24.5731 34.2105,
	24.5426 34.4541,
	24.5122 34.5759,
	24.5274 34.8195,
	24.5731 35.0631,
	24.5883 35.1849,
	24.5122 35.2915,
	24.4513 35.3524,
	24.3904 35.3828,
	24.3295 35.3676,
	24.2077 35.261,
	24.1316 35.1392,
	24.1468 34.8956,
	24.1468 34.8347,
	24.0707 34.7129,
	24.025 34.2257,
	23.8727 33.7385,
	23.8575 33.6167,
	23.69 33.1295,
	23.6748 33.0686,
	23.5073 32.825,
	23.4921 32.7032,
	"/>
</Transform>

<Transform dim="0"
 xcoef=" 0 1 0 0 0 0"
 ycoef=" 0 0 1 0 0 0">
<Contour name="TB2_NF001_LES" hidden="false" closed="true" simplified="true" border="1 1 0" fill="1 1 0" mode="-9"
 points="19.8947 38.9181,
	19.9237 38.8019,
	19.9383 38.7438,
	20.0544 38.6422,
	20.1706 38.5986,
	20.2868 38.5841,
	20.3449 38.6277,
	20.3739 38.6858,
	20.3884 38.9181,
	20.3884 39.0343,
	20.3304 39.1505,
	20.3304 39.2085,
	20.3449 39.2376,
	20.2868 39.2521,
	20.1851 39.1505,
	20.1271 39.0924,
	20.069 39.0778,
	19.9528 39.0052,
	19.9092 38.9471,
	19.9092 38.9326,
	"/>
</Transform>

<Transform dim="0"
 xcoef=" 0 1 0 0 0 0"
 ycoef=" 0 0 1 0 0 0">
<Image mag="0.00749" contrast="1" brightness="0" red="true" green="true" blue="true"
 src="Alg_stitch3-4_289.tif" />
<Contour name="domain1" hidden="false" closed="true" simplified="false" border="1 0 1" fill="1 0 1" mode="11"
 points="0 0,
	15652 0,
	15652 8578,
	0 8578,
	"/>
</Transform>

<Transform dim="0"
 xcoef=" 0 1 0 0 0 0"
 ycoef=" 0 0 1 0 0 0">
<Contour name="TB2_BasalCell07_CM_LES" hidden="false" closed="true" simplified="true" border="0.98 0.773 0.91" fill="1 0 0.5" mode="-11"
 points="23.7897 41.3043,
	23.8389 41.2388,
	23.8552 41.1732,
	23.9044 41.1077,
	24.0355 41.1241,
	24.1665 41.1732,
	24.1502 41.2388,
	24.101 41.2879,
	24.0355 41.2879,
	23.9208 41.4026,
	23.8552 41.3862,
	23.8061 41.3371,
	23.7897 41.3207,
	"/>
<Contour name="TB2_BasalCell07_CM_LES" hidden="false" closed="true" simplified="true" border="0.98 0.773 0.91" fill="1 0 0.5" mode="-11"
 points="24.1665 41.3535,
	24.2321 41.3043,
	24.2976 41.3207,
	24.3468 41.3862,
	24.2976 41.4518,
	24.2812 41.4682,
	24.2976 41.4845,
	24.2649 41.5173,
	24.1993 41.4682,
	24.1665 41.4026,
	24.1665 41.3699,
	"/>
</Transform>

<Transform dim="0"
 xcoef=" 0 1 0 0 0 0"
 ycoef=" 0 0 1 0 0 0">
<Contour name="TB2_NF07_RSL" hidden="false" closed="true" simplified="true" border="0 0 0.501961" fill="0 0 0.501961" mode="-9"
 points="19.8958 39.0671,
	19.9336 39.04,
	19.9769 39.0346,
	20.0201 39.0454,
	20.0634 39.0671,
	20.085 39.0779,
	20.1282 39.1157,
	20.2147 39.1752,
	20.2958 39.2563,
	20.3121 39.2995,
	20.3175 39.3212,
	20.3175 39.332,
	20.2742 39.3752,
	20.2526 39.3968,
	20.2256 39.4401,
	20.2147 39.4509,
	20.1715 39.4509,
	20.085 39.4185,
	19.9985 39.3968,
	19.9552 39.3536,
	19.939 39.3103,
	19.9066 39.1373,
	19.8958 39.0941,
	19.8958 39.0725,
	"/>
</Transform>

<Transform dim="0"
 xcoef=" 0 1 0 0 0 0"
 ycoef=" 0 0 1 0 0 0">
<Contour name="TB2_NF07_RSL" hidden="false" closed="true" simplified="true" border="0 0 0.501961" fill="0 0 0.501961" mode="-9"
 points="14.9489 33.9688,
	14.9651 33.9255,
	14.9651 33.9039,
	14.9543 33.8823,
	14.9543 33.8606,
	14.9543 33.8498,
	14.9759 33.8336,
	15.0624 33.8174,
	15.1489 33.8228,
	15.2354 33.8552,
	15.2786 33.8823,
	15.4517 33.9634,
	15.5382 33.985,
	15.6247 33.9958,
	15.7112 34.0228,
	15.7544 34.0445,
	15.922 34.1796,
	16.0085 34.2445,
	16.095 34.2932,
	16.1383 34.3148,
	16.2248 34.3797,
	16.3059 34.4553,
	16.3329 34.4986,
	16.387 34.6716,
	16.3978 34.7149,
	16.3816 34.8014,
	16.3762 34.8446,
	16.3707 34.8554,
	16.2842 34.8662,
	16.1977 34.85,
	16.1112 34.8122,
	16.0896 34.796,
	16.068 34.7905,
	15.9815 34.7311,
	15.9545 34.6878,
	15.9274 34.6013,
	15.9058 34.5581,
	15.8896 34.5364,
	15.8085 34.4824,
	15.722 34.4608,
	15.6355 34.4283,
	15.549 34.3851,
	15.5057 34.358,
	15.4841 34.3526,
	15.3111 34.2499,
	15.2246 34.2012,
	15.1381 34.1796,
	15.0516 34.1256,
	14.9813 34.0553,
	14.9543 34.012,
	14.9489 33.9742,
	"/>
</Transform>

</Section>