<?xml version="1.0"?>
<!DOCTYPE Section SYSTEM "section.dtd">

<Section index="307" thickness="0.08" alignLocked="true">
<Transform dim="0"
 xcoef=" 0 1 0 0 0 0"
 ycoef=" 0 0 1 0 0 0">
<Image mag="0.00749" contrast="1" brightness="0" red="true" green="true" blue="true"
 src="Alg_stitch3-4_307.tif" />
<Contour name="domain1" hidden="false" closed="true" simplified="false" border="1 0 1" fill="1 0 1" mode="11"
 points="0 0,
	15652 0,
	15652 8578,
	0 8578,
	"/>
</Transform>

<Transform dim="0"
 xcoef=" 0 1 0 0 0 0"
 ycoef=" 0 0 1 0 0 0">
<Contour name="TB3_NF01-PG_RSL" hidden="false" closed="true" simplified="true" border="1 1 0" fill="1 1 0" mode="-9"
 points="17.52 10.25,
	17.54 10.21,
	17.62 10.16,
	17.7 10.09,
	17.78 10.08,
	17.82 10.08,
	17.84 10.1,
	17.92 10.12,
	18.04 10.28,
	18.1 10.36,
	18.11 10.44,
	18.11 10.48,
	18.07 10.56,
	18.03 10.6,
	17.99 10.62,
	17.97 10.65,
	17.81 10.66,
	17.73 10.64,
	17.69 10.62,
	17.54 10.48,
	17.52 10.44,
	17.52 10.28,
	17.52 10.26,
	"/>
</Transform>

<Transform dim="0"
 xcoef=" 0 1 0 0 0 0"
 ycoef=" 0 0 1 0 0 0">
<Contour name="TB3_NF01-PG_RSL" hidden="false" closed="true" simplified="true" border="1 1 0" fill="1 1 0" mode="-9"
 points="34.07 14.18,
	34.15 14.12,
	34.23 14.08,
	34.27 14.05,
	34.35 14.03,
	34.43 14.03,
	34.47 14.05,
	34.54 14.13,
	34.56 14.17,
	34.57 14.33,
	34.56 14.37,
	34.53 14.41,
	34.49 14.43,
	34.46 14.47,
	34.46 14.51,
	34.38 14.54,
	34.3 14.54,
	34.22 14.52,
	34.07 14.39,
	34.08 14.31,
	34.07 14.23,
	34.07 14.19,
	"/>
<Contour name="TB3_NF01-PG_RSL" hidden="false" closed="true" simplified="true" border="1 1 0" fill="1 1 0" mode="-9"
 points="38.54 14.65,
	38.56 14.63,
	38.64 14.6,
	38.8 14.51,
	38.96 14.48,
	39.12 14.43,
	39.28 14.43,
	39.36 14.43,
	39.52 14.46,
	40.16 14.43,
	40.32 14.42,
	40.4 14.42,
	40.72 14.32,
	40.88 14.28,
	41.2 14.27,
	41.36 14.27,
	41.68 14.32,
	41.84 14.34,
	42 14.39,
	42.08 14.42,
	42.12 14.44,
	42.16 14.48,
	42.48 14.65,
	42.5 14.65,
	42.58 14.7,
	42.62 14.73,
	42.64 14.73,
	42.66 14.75,
	42.98 14.86,
	43.14 14.92,
	43.18 14.95,
	43.2 14.95,
	43.22 14.97,
	43.38 15.03,
	43.46 15.04,
	43.61 15.15,
	43.67 15.31,
	43.68 15.39,
	43.67 15.47,
	43.64 15.51,
	43.56 15.54,
	43.24 15.57,
	43.08 15.6,
	42.76 15.59,
	42.68 15.58,
	42.36 15.48,
	41.72 15.37,
	41.56 15.33,
	41.52 15.32,
	41.48 15.33,
	41.46 15.31,
	41.3 15.27,
	41.31 15.25,
	40.99 15.11,
	40.67 15.06,
	40.35 15.04,
	40.19 15.06,
	39.55 15.05,
	39.39 15.02,
	39.23 14.96,
	39.15 14.93,
	39.11 14.9,
	38.95 14.86,
	38.87 14.86,
	38.71 14.82,
	38.55 14.73,
	38.54 14.66,
	"/>
<Contour name="TB3_NF01-PG_RSL" hidden="false" closed="true" simplified="true" border="1 1 0" fill="1 1 0" mode="-9"
 points="49.32 15.6,
	49.37 15.52,
	49.53 15.39,
	49.61 15.35,
	49.77 15.31,
	50.09 15.3,
	50.25 15.29,
	50.33 15.29,
	50.41 15.27,
	50.45 15.25,
	50.77 15.26,
	50.93 15.3,
	51.01 15.31,
	51.09 15.34,
	51.17 15.35,
	51.21 15.37,
	51.53 15.38,
	51.69 15.31,
	51.77 15.27,
	51.81 15.26,
	51.89 15.2,
	51.93 15.18,
	52.09 15.17,
	52.17 15.17,
	52.33 15.12,
	52.41 15.07,
	52.57 15.01,
	52.73 14.98,
	52.89 14.97,
	52.97 14.99,
	53.01 15,
	53.09 15.07,
	53.1 15.23,
	53.1 15.31,
	53.1 15.35,
	53.08 15.39,
	53 15.44,
	52.96 15.44,
	52.92 15.46,
	52.91 15.47,
	52.9 15.45,
	52.91 15.43,
	52.75 15.42,
	52.67 15.45,
	52.35 15.64,
	52.27 15.67,
	52.11 15.77,
	52.07 15.79,
	51.99 15.87,
	51.95 15.91,
	51.79 15.99,
	51.63 16.02,
	51.31 16.03,
	51.23 16.03,
	51.07 16,
	50.99 15.98,
	50.67 15.97,
	50.51 15.98,
	50.43 15.99,
	50.39 16,
	50.35 16.03,
	50.27 16.05,
	50.11 16.04,
	50.03 16.03,
	49.95 15.99,
	49.91 15.98,
	49.76 15.84,
	49.68 15.8,
	49.52 15.82,
	49.44 15.82,
	49.36 15.79,
	49.33 15.75,
	49.32 15.67,
	49.32 15.63,
	49.32 15.61,
	"/>
</Transform>

<Transform dim="0"
 xcoef=" 0 1 0 0 0 0"
 ycoef=" 0 0 1 0 0 0">
<Contour name="TB3_NF01-PG_RSL" hidden="false" closed="true" simplified="true" border="1 1 0" fill="1 1 0" mode="-9"
 points="61.14 11.65,
	61.25 11.49,
	61.31 11.41,
	61.39 11.34,
	61.43 11.3,
	61.51 11.27,
	61.67 11.24,
	61.75 11.23,
	61.83 11.28,
	61.98 11.43,
	62.06 11.51,
	62.07 11.59,
	62 11.66,
	61.97 11.68,
	61.82 11.82,
	61.74 11.89,
	61.76 11.9,
	61.75 11.94,
	61.71 11.97,
	61.63 12,
	61.47 12.02,
	61.39 12.02,
	61.23 11.94,
	61.18 11.87,
	61.15 11.79,
	61.14 11.71,
	61.14 11.67,
	61.14 11.66,
	"/>
</Transform>

<Transform dim="0"
 xcoef=" 0 1 0 0 0 0"
 ycoef=" 0 0 1 0 0 0">
<Contour name="TB3_NF01-PG_RSL" hidden="false" closed="true" simplified="true" border="1 1 0" fill="1 1 0" mode="-9"
 points="65.25 10.62,
	65.28 10.58,
	65.28 10.56,
	65.36 10.49,
	65.44 10.46,
	65.6 10.44,
	65.64 10.45,
	65.67 10.48,
	65.71 10.49,
	65.76 10.57,
	65.79 10.61,
	65.8 10.69,
	65.77 10.77,
	65.75 10.79,
	65.67 10.79,
	65.51 10.82,
	65.47 10.82,
	65.31 10.73,
	65.27 10.7,
	65.25 10.63,
	"/>
</Transform>

<Transform dim="0"
 xcoef=" 0 1 0 0 0 0"
 ycoef=" 0 0 1 0 0 0">
<Contour name="TB3_NF01-PG_RSL" hidden="false" closed="true" simplified="true" border="1 1 0" fill="1 1 0" mode="-9"
 points="68.2667 14.8,
	68.3111 14.7667,
	68.4 14.7667,
	68.4889 14.8,
	68.5667 14.8889,
	68.6111 14.9778,
	68.6444 15.1556,
	68.6556 15.2,
	68.6444 15.2222,
	68.6111 15.1889,
	68.6111 15.1444,
	68.6111 15.1222,
	68.6 15.1556,
	68.5667 15.1889,
	68.5222 15.2,
	68.4333 15.1667,
	68.2889 15,
	68.2667 14.9111,
	68.2667 14.8222,
	68.2667 14.8111,
	"/>
</Transform>

<Transform dim="0"
 xcoef=" 0 1 0 0 0 0"
 ycoef=" 0 0 1 0 0 0">
<Contour name="TB3_NF01-PG_RSL" hidden="false" closed="true" simplified="true" border="1 1 0" fill="1 1 0" mode="-9"
 points="76.4999 13.3555,
	76.511 13.2667,
	76.5666 13.1778,
	76.7444 13.0778,
	76.8333 13.0444,
	76.911 12.9889,
	76.9999 12.9555,
	77.0221 12.9555,
	77.0666 12.9222,
	77.0888 12.9222,
	77.0777 12.8778,
	77.0333 12.8333,
	76.8555 12.7555,
	76.7666 12.7,
	76.7221 12.6778,
	76.711 12.5889,
	76.7333 12.5444,
	76.8221 12.5111,
	76.8666 12.4889,
	76.8888 12.4778,
	76.8777 12.4333,
	76.8221 12.3444,
	76.8333 12.2555,
	76.8777 12.2333,
	77.0555 12.2,
	77.1444 12.1889,
	77.1888 12.1778,
	77.2333 12.1444,
	77.3221 12.1444,
	77.3666 12.1444,
	77.411 12.1667,
	77.4444 12.3444,
	77.4444 12.4333,
	77.4444 12.4778,
	77.411 12.5222,
	77.3999 12.6111,
	77.3444 12.7,
	77.311 12.7889,
	77.2555 12.8778,
	77.2333 12.9222,
	77.2221 13.0111,
	77.1888 13.1,
	77.1999 13.1444,
	77.2333 13.1889,
	77.2333 13.2111,
	77.2555 13.2333,
	77.2555 13.2778,
	77.3221 13.3667,
	77.3333 13.4555,
	77.3221 13.5444,
	77.3555 13.5889,
	77.3444 13.6778,
	77.311 13.7667,
	77.2777 13.8111,
	77.2333 13.8333,
	77.1999 13.8778,
	77.111 13.9,
	77.0221 13.9,
	76.9777 13.9,
	76.8888 13.8555,
	76.711 13.8333,
	76.6666 13.8222,
	76.6221 13.7889,
	76.5999 13.7,
	76.5333 13.6111,
	76.4999 13.5222,
	76.4999 13.4333,
	76.4999 13.3889,
	76.4999 13.3667,
	"/>
</Transform>

<Transform dim="0"
 xcoef=" 0 1 0 0 0 0"
 ycoef=" 0 0 1 0 0 0">
<Contour name="TB3_NF01-PG_RSL" hidden="false" closed="true" simplified="true" border="1 1 0" fill="1 1 0" mode="-9"
 points="17.52 10.25,
	17.54 10.21,
	17.62 10.16,
	17.7 10.09,
	17.78 10.08,
	17.82 10.08,
	17.84 10.1,
	17.92 10.12,
	18.04 10.28,
	18.1 10.36,
	18.11 10.44,
	18.11 10.48,
	18.07 10.56,
	18.03 10.6,
	17.99 10.62,
	17.97 10.65,
	17.81 10.66,
	17.73 10.64,
	17.69 10.62,
	17.54 10.48,
	17.52 10.44,
	17.52 10.28,
	17.52 10.26,
	"/>
</Transform>

<Transform dim="0"
 xcoef=" 0 1 0 0 0 0"
 ycoef=" 0 0 1 0 0 0">
<Contour name="TB3_NF01-PG_RSL" hidden="false" closed="true" simplified="true" border="1 1 0" fill="1 1 0" mode="-9"
 points="34.07 14.18,
	34.15 14.12,
	34.23 14.08,
	34.27 14.05,
	34.35 14.03,
	34.43 14.03,
	34.47 14.05,
	34.54 14.13,
	34.56 14.17,
	34.57 14.33,
	34.56 14.37,
	34.53 14.41,
	34.49 14.43,
	34.46 14.47,
	34.46 14.51,
	34.38 14.54,
	34.3 14.54,
	34.22 14.52,
	34.07 14.39,
	34.08 14.31,
	34.07 14.23,
	34.07 14.19,
	"/>
<Contour name="TB3_NF01-PG_RSL" hidden="false" closed="true" simplified="true" border="1 1 0" fill="1 1 0" mode="-9"
 points="38.54 14.65,
	38.56 14.63,
	38.64 14.6,
	38.8 14.51,
	38.96 14.48,
	39.12 14.43,
	39.28 14.43,
	39.36 14.43,
	39.52 14.46,
	40.16 14.43,
	40.32 14.42,
	40.4 14.42,
	40.72 14.32,
	40.88 14.28,
	41.2 14.27,
	41.36 14.27,
	41.68 14.32,
	41.84 14.34,
	42 14.39,
	42.08 14.42,
	42.12 14.44,
	42.16 14.48,
	42.48 14.65,
	42.5 14.65,
	42.58 14.7,
	42.62 14.73,
	42.64 14.73,
	42.66 14.75,
	42.98 14.86,
	43.14 14.92,
	43.18 14.95,
	43.2 14.95,
	43.22 14.97,
	43.38 15.03,
	43.46 15.04,
	43.61 15.15,
	43.67 15.31,
	43.68 15.39,
	43.67 15.47,
	43.64 15.51,
	43.56 15.54,
	43.24 15.57,
	43.08 15.6,
	42.76 15.59,
	42.68 15.58,
	42.36 15.48,
	41.72 15.37,
	41.56 15.33,
	41.52 15.32,
	41.48 15.33,
	41.46 15.31,
	41.3 15.27,
	41.31 15.25,
	40.99 15.11,
	40.67 15.06,
	40.35 15.04,
	40.19 15.06,
	39.55 15.05,
	39.39 15.02,
	39.23 14.96,
	39.15 14.93,
	39.11 14.9,
	38.95 14.86,
	38.87 14.86,
	38.71 14.82,
	38.55 14.73,
	38.54 14.66,
	"/>
<Contour name="TB3_NF01-PG_RSL" hidden="false" closed="true" simplified="true" border="1 1 0" fill="1 1 0" mode="-9"
 points="49.32 15.6,
	49.37 15.52,
	49.53 15.39,
	49.61 15.35,
	49.77 15.31,
	50.09 15.3,
	50.25 15.29,
	50.33 15.29,
	50.41 15.27,
	50.45 15.25,
	50.77 15.26,
	50.93 15.3,
	51.01 15.31,
	51.09 15.34,
	51.17 15.35,
	51.21 15.37,
	51.53 15.38,
	51.69 15.31,
	51.77 15.27,
	51.81 15.26,
	51.89 15.2,
	51.93 15.18,
	52.09 15.17,
	52.17 15.17,
	52.33 15.12,
	52.41 15.07,
	52.57 15.01,
	52.73 14.98,
	52.89 14.97,
	52.97 14.99,
	53.01 15,
	53.09 15.07,
	53.1 15.23,
	53.1 15.31,
	53.1 15.35,
	53.08 15.39,
	53 15.44,
	52.96 15.44,
	52.92 15.46,
	52.91 15.47,
	52.9 15.45,
	52.91 15.43,
	52.75 15.42,
	52.67 15.45,
	52.35 15.64,
	52.27 15.67,
	52.11 15.77,
	52.07 15.79,
	51.99 15.87,
	51.95 15.91,
	51.79 15.99,
	51.63 16.02,
	51.31 16.03,
	51.23 16.03,
	51.07 16,
	50.99 15.98,
	50.67 15.97,
	50.51 15.98,
	50.43 15.99,
	50.39 16,
	50.35 16.03,
	50.27 16.05,
	50.11 16.04,
	50.03 16.03,
	49.95 15.99,
	49.91 15.98,
	49.76 15.84,
	49.68 15.8,
	49.52 15.82,
	49.44 15.82,
	49.36 15.79,
	49.33 15.75,
	49.32 15.67,
	49.32 15.63,
	49.32 15.61,
	"/>
</Transform>

<Transform dim="0"
 xcoef=" 0 1 0 0 0 0"
 ycoef=" 0 0 1 0 0 0">
<Contour name="TB3_NF01-PG_RSL" hidden="false" closed="true" simplified="true" border="1 1 0" fill="1 1 0" mode="-9"
 points="61.14 11.65,
	61.25 11.49,
	61.31 11.41,
	61.39 11.34,
	61.43 11.3,
	61.51 11.27,
	61.67 11.24,
	61.75 11.23,
	61.83 11.28,
	61.98 11.43,
	62.06 11.51,
	62.07 11.59,
	62 11.66,
	61.97 11.68,
	61.82 11.82,
	61.74 11.89,
	61.76 11.9,
	61.75 11.94,
	61.71 11.97,
	61.63 12,
	61.47 12.02,
	61.39 12.02,
	61.23 11.94,
	61.18 11.87,
	61.15 11.79,
	61.14 11.71,
	61.14 11.67,
	61.14 11.66,
	"/>
</Transform>

<Transform dim="0"
 xcoef=" 0 1 0 0 0 0"
 ycoef=" 0 0 1 0 0 0">
<Contour name="TB3_NF01-PG_RSL" hidden="false" closed="true" simplified="true" border="1 1 0" fill="1 1 0" mode="-9"
 points="65.25 10.62,
	65.28 10.58,
	65.28 10.56,
	65.36 10.49,
	65.44 10.46,
	65.6 10.44,
	65.64 10.45,
	65.67 10.48,
	65.71 10.49,
	65.76 10.57,
	65.79 10.61,
	65.8 10.69,
	65.77 10.77,
	65.75 10.79,
	65.67 10.79,
	65.51 10.82,
	65.47 10.82,
	65.31 10.73,
	65.27 10.7,
	65.25 10.63,
	"/>
</Transform>

<Transform dim="0"
 xcoef=" 0 1 0 0 0 0"
 ycoef=" 0 0 1 0 0 0">
<Contour name="TB3_NF01-PG_RSL" hidden="false" closed="true" simplified="true" border="1 1 0" fill="1 1 0" mode="-9"
 points="68.2667 14.8,
	68.3111 14.7667,
	68.4 14.7667,
	68.4889 14.8,
	68.5667 14.8889,
	68.6111 14.9778,
	68.6444 15.1556,
	68.6556 15.2,
	68.6444 15.2222,
	68.6111 15.1889,
	68.6111 15.1444,
	68.6111 15.1222,
	68.6 15.1556,
	68.5667 15.1889,
	68.5222 15.2,
	68.4333 15.1667,
	68.2889 15,
	68.2667 14.9111,
	68.2667 14.8222,
	68.2667 14.8111,
	"/>
</Transform>

<Transform dim="0"
 xcoef=" 0 1 0 0 0 0"
 ycoef=" 0 0 1 0 0 0">
<Contour name="TB3_NF01-PG_RSL" hidden="false" closed="true" simplified="true" border="1 1 0" fill="1 1 0" mode="-9"
 points="76.4999 13.3555,
	76.511 13.2667,
	76.5666 13.1778,
	76.7444 13.0778,
	76.8333 13.0444,
	76.911 12.9889,
	76.9999 12.9555,
	77.0221 12.9555,
	77.0666 12.9222,
	77.0888 12.9222,
	77.0777 12.8778,
	77.0333 12.8333,
	76.8555 12.7555,
	76.7666 12.7,
	76.7221 12.6778,
	76.711 12.5889,
	76.7333 12.5444,
	76.8221 12.5111,
	76.8666 12.4889,
	76.8888 12.4778,
	76.8777 12.4333,
	76.8221 12.3444,
	76.8333 12.2555,
	76.8777 12.2333,
	77.0555 12.2,
	77.1444 12.1889,
	77.1888 12.1778,
	77.2333 12.1444,
	77.3221 12.1444,
	77.3666 12.1444,
	77.411 12.1667,
	77.4444 12.3444,
	77.4444 12.4333,
	77.4444 12.4778,
	77.411 12.5222,
	77.3999 12.6111,
	77.3444 12.7,
	77.311 12.7889,
	77.2555 12.8778,
	77.2333 12.9222,
	77.2221 13.0111,
	77.1888 13.1,
	77.1999 13.1444,
	77.2333 13.1889,
	77.2333 13.2111,
	77.2555 13.2333,
	77.2555 13.2778,
	77.3221 13.3667,
	77.3333 13.4555,
	77.3221 13.5444,
	77.3555 13.5889,
	77.3444 13.6778,
	77.311 13.7667,
	77.2777 13.8111,
	77.2333 13.8333,
	77.1999 13.8778,
	77.111 13.9,
	77.0221 13.9,
	76.9777 13.9,
	76.8888 13.8555,
	76.711 13.8333,
	76.6666 13.8222,
	76.6221 13.7889,
	76.5999 13.7,
	76.5333 13.6111,
	76.4999 13.5222,
	76.4999 13.4333,
	76.4999 13.3889,
	76.4999 13.3667,
	"/>
</Transform>

<Transform dim="0"
 xcoef=" 0 1 0 0 0 0"
 ycoef=" 0 0 1 0 0 0">
<Image mag="0.00749" contrast="1" brightness="0" red="true" green="true" blue="true"
 src="Alg_stitch3-4_307.tif" />
<Contour name="domain1" hidden="false" closed="true" simplified="false" border="1 0 1" fill="1 0 1" mode="11"
 points="0 0,
	15652 0,
	15652 8578,
	0 8578,
	"/>
</Transform>

<Transform dim="0"
 xcoef=" 0 1 0 0 0 0"
 ycoef=" 0 0 1 0 0 0">
<Image mag="0.00749" contrast="1" brightness="0" red="true" green="true" blue="true"
 src="Alg_stitch3-4_307.tif" />
<Contour name="domain1" hidden="false" closed="true" simplified="false" border="1 0 1" fill="1 0 1" mode="11"
 points="0 0,
	15652 0,
	15652 8578,
	0 8578,
	"/>
</Transform>

<Transform dim="0"
 xcoef=" 0 1 0 0 0 0"
 ycoef=" 0 0 1 0 0 0">
<Image mag="0.00749" contrast="1" brightness="0" red="true" green="true" blue="true"
 src="Alg_stitch3-4_307.tif" />
<Contour name="domain1" hidden="false" closed="true" simplified="false" border="1 0 1" fill="1 0 1" mode="11"
 points="0 0,
	15652 0,
	15652 8578,
	0 8578,
	"/>
</Transform>

<Transform dim="0"
 xcoef=" 0 1 0 0 0 0"
 ycoef=" 0 0 1 0 0 0">
<Image mag="0.00749" contrast="1" brightness="0" red="true" green="true" blue="true"
 src="Alg_stitch3-4_307.tif" />
<Contour name="domain1" hidden="false" closed="true" simplified="false" border="1 0 1" fill="1 0 1" mode="11"
 points="0 0,
	15652 0,
	15652 8578,
	0 8578,
	"/>
</Transform>

<Transform dim="0"
 xcoef=" 0 1 0 0 0 0"
 ycoef=" 0 0 1 0 0 0">
<Image mag="0.00749" contrast="1" brightness="0" red="true" green="true" blue="true"
 src="Alg_stitch3-4_307.tif" />
<Contour name="DENucleus2" hidden="false" closed="true" simplified="false" border="0 0 0.627" fill="0 0 0.627" mode="11"
 points="0 0,
	15652 0,
	15652 8578,
	0 8578,
	"/>
</Transform>

<Transform dim="0"
 xcoef=" 0 1 0 0 0 0"
 ycoef=" 0 0 1 0 0 0">
<Image mag="0.00749" contrast="1" brightness="0" red="true" green="true" blue="true"
 src="Alg_stitch3-4_307.tif" />
<Contour name="domain1" hidden="false" closed="true" simplified="false" border="1 0 1" fill="1 0 1" mode="11"
 points="0 0,
	15652 0,
	15652 8578,
	0 8578,
	"/>
</Transform>

<Transform dim="0"
 xcoef=" 0 1 0 0 0 0"
 ycoef=" 0 0 1 0 0 0">
<Image mag="0.00749" contrast="1" brightness="0" red="true" green="true" blue="true"
 src="Alg_stitch3-4_307.tif" />
<Contour name="domain1" hidden="false" closed="true" simplified="false" border="1 0 1" fill="1 0 1" mode="11"
 points="0 0,
	15652 0,
	15652 8578,
	0 8578,
	"/>
</Transform>

<Transform dim="0"
 xcoef=" 0 1 0 0 0 0"
 ycoef=" 0 0 1 0 0 0">
<Image mag="0.00749" contrast="1" brightness="0" red="true" green="true" blue="true"
 src="Alg_stitch3-4_307.tif" />
<Contour name="domain1" hidden="false" closed="true" simplified="false" border="1 0 1" fill="1 0 1" mode="11"
 points="0 0,
	15652 0,
	15652 8578,
	0 8578,
	"/>
</Transform>

<Transform dim="0"
 xcoef=" 0 1 0 0 0 0"
 ycoef=" 0 0 1 0 0 0">
<Image mag="0.00749" contrast="1" brightness="0" red="true" green="true" blue="true"
 src="Alg_stitch3-4_307.tif" />
<Contour name="domain1" hidden="false" closed="true" simplified="false" border="1 0 1" fill="1 0 1" mode="11"
 points="0 0,
	15652 0,
	15652 8578,
	0 8578,
	"/>
</Transform>

<Transform dim="0"
 xcoef=" 0 1 0 0 0 0"
 ycoef=" 0 0 1 0 0 0">
<Image mag="0.00749" contrast="1" brightness="0" red="true" green="true" blue="true"
 src="Alg_stitch3-4_307.tif" />
<Contour name="domain1" hidden="false" closed="true" simplified="false" border="1 0 1" fill="1 0 1" mode="11"
 points="0 0,
	15652 0,
	15652 8578,
	0 8578,
	"/>
</Transform>

<Transform dim="0"
 xcoef=" 0 1 0 0 0 0"
 ycoef=" 0 0 1 0 0 0">
<Image mag="0.00749" contrast="1" brightness="0" red="true" green="true" blue="true"
 src="Alg_stitch3-4_307.tif" />
<Contour name="domain1" hidden="false" closed="true" simplified="false" border="1 0 1" fill="1 0 1" mode="11"
 points="0 0,
	15652 0,
	15652 8578,
	0 8578,
	"/>
</Transform>

<Transform dim="0"
 xcoef=" 0 1 0 0 0 0"
 ycoef=" 0 0 1 0 0 0">
<Image mag="0.00749" contrast="1" brightness="0" red="true" green="true" blue="true"
 src="Alg_stitch3-4_307.tif" />
<Contour name="domain1" hidden="false" closed="true" simplified="false" border="1 0 1" fill="1 0 1" mode="11"
 points="0 0,
	15652 0,
	15652 8578,
	0 8578,
	"/>
</Transform>

<Transform dim="0"
 xcoef=" 0 1 0 0 0 0"
 ycoef=" 0 0 1 0 0 0">
<Image mag="0.00749" contrast="1" brightness="0" red="true" green="true" blue="true"
 src="Alg_stitch3-4_307.tif" />
<Contour name="domain1" hidden="false" closed="true" simplified="false" border="1 0 1" fill="1 0 1" mode="11"
 points="0 0,
	15652 0,
	15652 8578,
	0 8578,
	"/>
</Transform>

<Transform dim="0"
 xcoef=" 0 1 0 0 0 0"
 ycoef=" 0 0 1 0 0 0">
<Image mag="0.00749" contrast="1" brightness="0" red="true" green="true" blue="true"
 src="Alg_stitch3-4_307.tif" />
<Contour name="domain1" hidden="false" closed="true" simplified="false" border="1 0 1" fill="1 0 1" mode="11"
 points="0 0,
	15652 0,
	15652 8578,
	0 8578,
	"/>
</Transform>

<Transform dim="0"
 xcoef=" 0 1 0 0 0 0"
 ycoef=" 0 0 1 0 0 0">
<Image mag="0.00749" contrast="1" brightness="0" red="true" green="true" blue="true"
 src="Alg_stitch3-4_307.tif" />
<Contour name="domain1" hidden="false" closed="true" simplified="false" border="1 0 1" fill="1 0 1" mode="11"
 points="0 0,
	15652 0,
	15652 8578,
	0 8578,
	"/>
</Transform>

<Transform dim="0"
 xcoef=" 0 1 0 0 0 0"
 ycoef=" 0 0 1 0 0 0">
<Image mag="0.00749" contrast="1" brightness="0" red="true" green="true" blue="true"
 src="Alg_stitch3-4_307.tif" />
<Contour name="DENucleus2" hidden="false" closed="true" simplified="false" border="0 0 0.627" fill="0 0 0.627" mode="11"
 points="0 0,
	15652 0,
	15652 8578,
	0 8578,
	"/>
</Transform>

<Transform dim="0"
 xcoef=" 0 1 0 0 0 0"
 ycoef=" 0 0 1 0 0 0">
<Image mag="0.00749" contrast="1" brightness="0" red="true" green="true" blue="true"
 src="Alg_stitch3-4_307.tif" />
<Contour name="domain1" hidden="false" closed="true" simplified="false" border="1 0 1" fill="1 0 1" mode="11"
 points="0 0,
	15652 0,
	15652 8578,
	0 8578,
	"/>
</Transform>

<Transform dim="0"
 xcoef=" 0 1 0 0 0 0"
 ycoef=" 0 0 1 0 0 0">
<Image mag="0.00749" contrast="1" brightness="0" red="true" green="true" blue="true"
 src="Alg_stitch3-4_307.tif" />
<Contour name="domain1" hidden="false" closed="true" simplified="false" border="1 0 1" fill="1 0 1" mode="11"
 points="0 0,
	15652 0,
	15652 8578,
	0 8578,
	"/>
</Transform>

<Transform dim="0"
 xcoef=" 0 1 0 0 0 0"
 ycoef=" 0 0 1 0 0 0">
<Contour name="TB2_T2Cell07_CM_LES" hidden="false" closed="true" simplified="true" border="0.568627 1 0.780392" fill="0.568627 1 0.780392" mode="-9"
 points="50.2478 39.0668,
	50.5819 38.7773,
	50.9383 38.6214,
	51.1165 38.5323,
	51.2724 38.3763,
	51.4506 38.265,
	51.6288 38.1982,
	51.9851 38.2427,
	52.3415 38.1536,
	52.5197 38.0868,
	52.8761 38.0645,
	53.0542 38.1091,
	53.4106 38.2873,
	53.4997 38.3318,
	53.5888 38.4209,
	53.9229 38.6436,
	54.012 38.6882,
	54.0788 38.7773,
	54.1011 38.8664,
	54.0343 39.0445,
	54.0343 39.2227,
	54.0565 39.3118,
	53.9897 39.49,
	53.6333 39.5568,
	53.4552 39.5791,
	53.0988 39.5345,
	53.0097 39.5345,
	52.9652 39.5791,
	52.9429 39.6682,
	52.8983 39.7127,
	52.8092 39.735,
	52.7202 39.7127,
	52.6311 39.6459,
	52.5865 39.5568,
	52.4083 39.5123,
	52.2301 39.5345,
	51.8738 39.6459,
	51.6956 39.6905,
	51.3392 39.6236,
	51.161 39.5345,
	50.8047 39.49,
	50.4483 39.49,
	50.3592 39.4232,
	50.2924 39.245,
	50.2478 39.1559,
	50.2478 39.0891,
	"/>
</Transform>

<Transform dim="0"
 xcoef=" 0 1 0 0 0 0"
 ycoef=" 0 0 1 0 0 0">
<Contour name="Tb2_NF40_LES" hidden="false" closed="true" simplified="true" border="0.501961 0.25098 0.25098" fill="0.501961 0.25098 0.25098" mode="-9"
 points="20.9596 35.9685,
	20.9973 35.8932,
	20.9973 35.8555,
	21.0726 35.7802,
	21.0915 35.7048,
	21.148 35.6295,
	21.7506 35.4224,
	21.9012 35.4224,
	22.0519 35.4789,
	22.0895 35.5542,
	22.1084 35.7048,
	22.1084 35.7802,
	21.9766 35.9308,
	21.6753 36.025,
	21.3739 36.1568,
	21.2233 36.2133,
	21.0726 36.1945,
	21.035 36.1945,
	20.9785 36.1191,
	20.9596 35.9873,
	"/>
</Transform>

<Transform dim="0"
 xcoef=" 0 1 0 0 0 0"
 ycoef=" 0 0 1 0 0 0">
<Contour name="Tb2_NF34_LES" hidden="false" closed="true" simplified="true" border="0.756863 0.513725 1" fill="0.756863 0.513725 1" mode="-9"
 points="52.7865 37.2655,
	52.8361 37.0671,
	52.8857 37.0175,
	53.2824 36.9183,
	53.4808 36.8687,
	53.8775 36.844,
	53.9518 36.8192,
	54.3485 36.8935,
	54.7453 37.0423,
	54.9436 37.1663,
	55.0428 37.1911,
	55.0924 37.2407,
	55.2907 37.315,
	55.3899 37.3646,
	55.5635 37.563,
	55.5883 37.6622,
	55.5387 37.8605,
	55.4395 37.9349,
	55.3403 37.9597,
	54.9436 37.8357,
	54.7453 37.7861,
	54.6957 37.7613,
	54.6461 37.7861,
	54.4477 37.7613,
	54.3485 37.7861,
	54.299 37.7861,
	54.1998 37.8605,
	54.0014 37.8605,
	53.8031 37.8109,
	53.6047 37.7117,
	53.208 37.5878,
	53.0097 37.5382,
	52.8113 37.4142,
	52.7865 37.315,
	52.7865 37.2902,
	"/>
</Transform>

<Transform dim="0"
 xcoef=" 0 1 0 0 0 0"
 ycoef=" 0 0 1 0 0 0">
<Contour name="Tb2_NF29_LES" hidden="false" closed="true" simplified="true" border="0 0.501961 0.74902" fill="0 0.501961 0.74902" mode="-9"
 points="22.7156 31.9877,
	22.7765 31.9268,
	22.8983 31.8963,
	22.9592 31.8811,
	22.9897 31.8963,
	23.1115 31.8811,
	23.2333 31.9572,
	23.279 32.079,
	23.2637 32.2008,
	23.1572 32.3074,
	23.0963 32.3226,
	22.9745 32.2922,
	22.9136 32.3074,
	22.7918 32.2617,
	22.7156 32.1399,
	22.7156 32.0181,
	22.7156 32.0029,
	"/>
<Contour name="Tb2_NF29_LES" hidden="false" closed="true" simplified="true" border="0 0.501961 0.74902" fill="0 0.501961 0.74902" mode="-9"
 points="22.0762 36.2506,
	22.0914 36.1897,
	22.1828 36.0679,
	22.2437 36.0375,
	22.2741 36.007,
	22.3959 35.9918,
	22.4568 35.9766,
	22.5177 35.9309,
	22.7613 35.8548,
	23.0049 35.8091,
	23.1267 35.7787,
	23.3703 35.8091,
	23.4769 35.8852,
	23.5226 35.9461,
	23.5073 36.0679,
	23.4921 36.1288,
	23.4312 36.1897,
	23.4008 36.2202,
	23.279 36.2506,
	23.2181 36.2659,
	23.1876 36.2659,
	23.1572 36.2963,
	23.0354 36.2811,
	22.9745 36.2811,
	22.9136 36.3115,
	22.67 36.3268,
	22.5482 36.342,
	22.4264 36.3115,
	22.3046 36.3268,
	22.1828 36.3724,
	22.1219 36.3724,
	22.0762 36.3268,
	22.0762 36.2659,
	"/>
</Transform>

<Transform dim="0"
 xcoef=" 0 1 0 0 0 0"
 ycoef=" 0 0 1 0 0 0">
<Contour name="Tb2_NF54_LES" hidden="false" closed="true" simplified="true" border="1 0 0" fill="1 0 0" mode="-9"
 points="24.4146 46.7072,
	24.5021 46.5322,
	24.8084 46.204,
	24.9178 46.029,
	25.0709 45.854,
	25.1584 45.8321,
	25.246 45.7665,
	25.946 45.6134,
	26.121 45.6352,
	26.4711 45.7446,
	26.6461 45.8321,
	26.7336 45.8759,
	26.8867 46.0509,
	26.9524 46.1384,
	26.9742 46.3134,
	26.9524 46.4009,
	26.9524 46.4447,
	26.7992 46.6197,
	26.6242 46.7291,
	26.2742 46.7947,
	25.9241 46.8166,
	25.7491 46.8166,
	25.3991 46.926,
	25.2241 46.9041,
	25.1366 46.9041,
	25.0928 46.8822,
	25.0491 46.9041,
	24.874 46.8385,
	24.524 46.8166,
	24.4803 46.8166,
	24.4146 46.7291,
	"/>
</Transform>

<Transform dim="0"
 xcoef=" 0 1 0 0 0 0"
 ycoef=" 0 0 1 0 0 0">
<Contour name="TB2_NF001_LES" hidden="false" closed="true" simplified="true" border="1 1 0" fill="1 1 0" mode="-9"
 points="21.3759 41.837,
	21.4776 41.7498,
	21.5937 41.7208,
	21.7099 41.7208,
	21.9423 41.5901,
	21.9713 41.5756,
	22.0294 41.6046,
	22.0584 41.6337,
	22.073 41.6917,
	22.0003 41.8079,
	21.8551 42.2726,
	21.8261 42.2871,
	21.7099 42.2436,
	21.6518 42.2581,
	21.6373 42.2726,
	21.4485 42.0548,
	21.3904 41.9386,
	21.3759 41.8805,
	21.3759 41.8515,
	"/>
</Transform>

<Transform dim="0"
 xcoef=" 0 1 0 0 0 0"
 ycoef=" 0 0 1 0 0 0">
<Contour name="TB2_NF21_LES" hidden="false" closed="true" simplified="true" border="0.705882 0.705882 1" fill="0.705882 0.705882 1" mode="-9"
 points="21.3815 42.8274,
	21.4101 42.7702,
	21.4387 42.6558,
	21.4888 42.62,
	21.6032 42.5986,
	21.6604 42.57,
	21.7033 42.5199,
	21.7319 42.4627,
	21.7462 42.4341,
	21.7462 42.3769,
	21.7105 42.3197,
	21.7105 42.2911,
	21.7248 42.2625,
	21.782 42.2625,
	21.8392 42.2482,
	21.8678 42.2339,
	21.8892 42.1766,
	21.9035 42.0622,
	21.9393 41.9478,
	22.068 41.719,
	22.0966 41.6904,
	22.1252 41.6332,
	22.1395 41.6189,
	22.1896 41.5045,
	22.2039 41.4472,
	22.211 41.3328,
	22.211 41.3042,
	22.2325 41.247,
	22.2897 41.2113,
	22.3469 41.1898,
	22.3755 41.1827,
	22.4256 41.1398,
	22.4542 41.1111,
	22.4828 41.0968,
	22.54 41.0897,
	22.5686 41.0968,
	22.5829 41.0897,
	22.59 41.0968,
	22.6186 41.0897,
	22.6472 41.1111,
	22.6544 41.1398,
	22.6687 41.1541,
	22.6615 41.2685,
	22.6258 41.3257,
	22.6115 41.3328,
	22.59 41.39,
	22.5471 41.4472,
	22.4899 41.5045,
	22.4685 41.5331,
	22.4542 41.5903,
	22.4756 41.7047,
	22.4899 41.719,
	22.5686 41.9478,
	22.5829 42.005,
	22.5757 42.0622,
	22.5543 42.1194,
	22.4756 42.2339,
	22.2825 42.4484,
	22.2682 42.4698,
	22.1753 42.5843,
	22.1252 42.6415,
	22.0966 42.6701,
	22.0752 42.6844,
	22.0394 42.7416,
	21.9822 42.7916,
	21.8749 42.8703,
	21.8177 42.9204,
	21.7891 42.949,
	21.6747 42.9919,
	21.6175 43.0205,
	21.5603 43.0276,
	21.5031 43.0133,
	21.4101 42.9275,
	21.3958 42.9132,
	21.3815 42.856,
	21.3815 42.8345,
	"/>
</Transform>

<Transform dim="0"
 xcoef=" 0 1 0 0 0 0"
 ycoef=" 0 0 1 0 0 0">
<Image mag="0.00749" contrast="1" brightness="0" red="true" green="true" blue="true"
 src="Alg_stitch3-4_307.tif" />
<Contour name="domain1" hidden="false" closed="true" simplified="false" border="1 0 1" fill="1 0 1" mode="11"
 points="0 0,
	15652 0,
	15652 8578,
	0 8578,
	"/>
</Transform>

<Transform dim="0"
 xcoef=" 0 1 0 0 0 0"
 ycoef=" 0 0 1 0 0 0">
<Contour name="TB2_shell_RSL" hidden="false" closed="true" simplified="true" border="1 1 1" fill="0.753 0.753 0.753" mode="9"
 points="47.8939 37.8696,
	48.1167 37.6468,
	48.2281 37.5355,
	48.3394 36.6444,
	48.5065 36.4217,
	48.6736 35.9761,
	49.5646 35.3635,
	49.7874 35.1408,
	50.6784 34.7509,
	51.124 34.6952,
	51.3467 34.6396,
	51.5695 34.4725,
	52.015 34.3611,
	52.9061 34.3611,
	53.3516 34.4725,
	54.2426 34.5282,
	55.1337 34.8066,
	55.5792 35.0294,
	55.802 35.1965,
	56.693 35.4749,
	57.0829 35.8647,
	57.6398 36.7558,
	57.8068 37.2013,
	57.8068 37.6468,
	57.9182 38.0924,
	57.9182 38.5379,
	57.8068 38.9834,
	57.7512 39.2062,
	57.417 39.596,
	56.9715 39.9859,
	56.7487 40.2086,
	56.693 40.4314,
	56.6373 40.5428,
	55.7463 40.5984,
	55.3008 40.6541,
	54.8552 40.8769,
	53.9642 41.044,
	52.1821 40.9883,
	51.291 40.8212,
	50.8455 40.7098,
	50.4 40.8212,
	50.1772 40.7655,
	49.7317 40.4314,
	49.4533 39.9859,
	49.3419 39.7631,
	49.3419 39.6517,
	48.952 39.2062,
	48.5065 38.9834,
	48.2838 38.8163,
	48.1724 38.705,
	48.0053 38.2594,
	47.9496 38.0367,
	47.8939 37.9253,
	"/>
</Transform>

<Transform dim="0"
 xcoef=" 0 1 0 0 0 0"
 ycoef=" 0 0 1 0 0 0">
<Contour name="TB2_BasalCell07_nuc_LES" hidden="false" closed="true" simplified="true" border="0.922 0.078 0.624" fill="1 0 0.5" mode="-11"
 points="24.5049 40.0848,
	24.5823 39.8785,
	24.7112 39.6721,
	24.7886 39.2594,
	24.8402 39.053,
	24.866 38.9498,
	25.0724 38.8209,
	25.1755 38.7693,
	25.2271 38.7693,
	25.4077 38.5629,
	25.3819 38.3566,
	25.3819 38.2534,
	25.4335 38.1502,
	25.4851 38.0986,
	25.5109 37.9954,
	25.6656 37.7891,
	25.7688 37.6859,
	25.8204 37.6343,
	25.9236 37.6343,
	25.9752 37.6343,
	26.1815 37.4538,
	26.5684 37.2216,
	26.7748 37.1442,
	27.1875 37.0926,
	27.2907 37.0926,
	27.3423 37.1184,
	27.5228 36.9637,
	27.7292 36.8863,
	27.9356 36.9379,
	28.3483 36.9379,
	28.4514 36.8863,
	28.632 36.6799,
	28.7352 36.5767,
	28.8384 36.5252,
	28.89 36.4994,
	28.9931 36.5509,
	29.0963 36.6541,
	29.1221 36.7573,
	29.0963 36.8089,
	29.1737 37.0153,
	29.5864 37.1958,
	29.7928 37.3764,
	29.8959 37.428,
	29.9733 37.2474,
	29.9991 37.1442,
	30.386 36.8863,
	30.5924 36.8347,
	31.0051 36.9379,
	31.1083 36.9379,
	31.1599 36.9379,
	31.3662 36.7573,
	31.4694 36.6541,
	31.5726 36.6025,
	31.7789 36.6283,
	31.8563 36.7315,
	31.8563 36.9379,
	31.8305 37.041,
	31.8821 37.1442,
	32.0885 37.2732,
	32.2948 37.2474,
	32.398 37.2474,
	32.7591 37.5311,
	32.9655 37.6859,
	33.0945 37.8923,
	33.1203 37.9181,
	33.1461 37.8149,
	33.1203 37.7633,
	33.1461 37.5569,
	33.1203 37.3506,
	33.0429 37.1442,
	32.9655 37.041,
	32.9397 36.9379,
	32.9655 36.8347,
	33.0429 36.7573,
	33.4556 37.1184,
	33.662 37.2732,
	33.7651 37.299,
	34.1778 37.5827,
	34.5906 37.7375,
	34.6937 37.7891,
	34.9001 37.7891,
	35.0033 37.7633,
	35.1065 37.8149,
	35.158 37.8665,
	35.1838 38.0728,
	35.3386 38.2792,
	35.3902 38.3308,
	35.416 38.434,
	35.6739 38.8467,
	35.8545 39.053,
	35.8803 39.2594,
	35.8545 39.3626,
	35.8803 39.4657,
	35.8545 39.6721,
	35.7255 40.0848,
	35.6739 40.188,
	35.4934 40.3943,
	35.3902 40.6007,
	35.3128 41.0134,
	35.2612 41.1166,
	35.0807 41.2972,
	34.9259 41.7099,
	34.8485 41.813,
	34.7969 41.8646,
	34.5906 41.8388,
	34.4616 41.6583,
	34.3842 41.4519,
	34.1778 41.2972,
	34.1263 41.2714,
	34.0489 41.3229,
	33.9457 41.5293,
	33.8941 41.5809,
	33.7909 41.5551,
	33.4814 41.1682,
	33.4298 41.2198,
	33.2234 41.2714,
	33.1203 41.2714,
	33.0429 41.3229,
	33.0429 41.4261,
	33.1719 41.6325,
	33.1977 41.8388,
	33.0945 41.8646,
	32.9913 41.813,
	32.9397 41.7615,
	32.7333 41.7357,
	32.6302 41.7099,
	32.4238 41.813,
	32.0111 41.8646,
	31.9595 41.8646,
	31.8821 41.9678,
	31.8563 42.0452,
	31.8821 42.1484,
	31.9853 42.2258,
	32.8107 42.2516,
	33.0171 42.2773,
	33.2234 42.3547,
	33.4298 42.4837,
	33.6104 42.6643,
	33.7909 42.7932,
	33.8941 42.7674,
	34.1005 42.5869,
	34.2036 42.5095,
	34.3068 42.5095,
	34.3842 42.6127,
	34.41 42.6643,
	34.5132 42.6643,
	34.6164 42.5869,
	34.7195 42.5611,
	34.8227 42.5869,
	34.8743 42.6643,
	34.7711 43.077,
	34.6679 43.2833,
	34.3068 43.6703,
	33.8941 43.8508,
	33.4814 43.9024,
	33.275 43.954,
	33.1719 43.954,
	32.9655 44.083,
	32.7591 44.1604,
	32.656 44.1861,
	32.5528 44.1604,
	32.3464 44.2893,
	32.2433 44.3667,
	31.8305 44.4441,
	31.6242 44.4441,
	31.521 44.4183,
	31.4694 44.3925,
	31.3662 44.4441,
	30.5408 44.3925,
	30.1281 44.3409,
	29.9217 44.2893,
	29.0963 44.2635,
	28.6836 44.1346,
	28.4772 44.0572,
	28.2709 44.0314,
	28.0645 43.954,
	27.9098 43.7992,
	27.9613 43.5929,
	27.9098 43.4897,
	27.8066 43.4381,
	27.7034 43.4639,
	27.6002 43.5671,
	27.497 43.5929,
	27.0843 43.3607,
	26.878 43.2575,
	26.4653 43.1286,
	26.0525 42.8448,
	25.8462 42.7159,
	25.6398 42.6385,
	25.4335 42.4579,
	25.2013 42.0452,
	24.995 41.8646,
	24.9176 41.7615,
	24.8918 41.6583,
	24.9176 41.5551,
	24.8918 41.3487,
	24.7112 41.1682,
	24.6338 41.1166,
	24.5049 40.9102,
	24.5307 40.4975,
	24.5049 40.1106,
	"/>
</Transform>

<Transform dim="0"
 xcoef=" 0 1 0 0 0 0"
 ycoef=" 0 0 1 0 0 0">
<Contour name="TB2_BasalCell07_CM_LES" hidden="false" closed="true" simplified="true" border="0.98 0.773 0.91" fill="1 0 0.5" mode="-11"
 points="21.2829 41.1896,
	21.4304 40.9275,
	21.5615 40.8128,
	21.5942 40.78,
	21.6106 40.5179,
	21.6106 40.4523,
	21.7253 40.3377,
	21.6598 40.3213,
	21.627 40.3049,
	21.6106 40.1738,
	21.6925 39.9117,
	21.7417 39.7806,
	21.7745 39.7478,
	21.84 39.7314,
	21.9055 39.7478,
	21.9547 39.8134,
	21.9055 40.0755,
	21.8892 40.1083,
	21.9383 40.1738,
	21.9219 40.436,
	21.9055 40.5015,
	21.9383 40.567,
	21.9711 40.5998,
	22.4954 40.7145,
	22.7575 40.6817,
	23.0197 40.567,
	23.1507 40.5179,
	23.2163 40.4687,
	23.4784 40.3868,
	23.7406 40.1247,
	23.8716 40.0264,
	24.0027 39.7642,
	24.0355 39.5021,
	24.0519 39.371,
	24.0355 39.2399,
	23.888 38.9778,
	23.8225 38.9614,
	23.7897 38.945,
	23.5276 39.0761,
	23.2654 39.158,
	23.1343 39.2563,
	22.9214 39.5184,
	22.8067 39.6495,
	22.7411 39.6987,
	22.6756 39.7151,
	22.6264 39.6659,
	22.6592 39.6004,
	22.6756 39.5676,
	22.6264 39.5184,
	22.4954 39.4693,
	22.4626 39.4201,
	22.5937 39.3055,
	23.118 39.0269,
	23.3801 38.8959,
	23.5112 38.8139,
	23.5767 38.7812,
	23.7078 38.7812,
	24.2321 38.6665,
	24.2976 38.6665,
	24.4287 38.5846,
	24.6908 38.3224,
	24.7564 38.2569,
	24.8874 37.9947,
	25.0185 37.8637,
	25.3954 37.3394,
	25.4609 37.2902,
	25.4773 37.2738,
	25.3462 37.2411,
	25.2807 37.2574,
	25.1496 37.3557,
	25.0841 37.3885,
	25.0185 37.4541,
	24.8874 37.4704,
	24.7564 37.4049,
	24.6253 37.4541,
	24.5598 37.4868,
	24.4451 37.6179,
	24.3959 37.749,
	24.2976 37.88,
	24.1665 37.962,
	24.101 37.962,
	24.0519 37.9128,
	24.1338 37.7817,
	24.1829 37.6507,
	24.1993 37.5196,
	24.2812 37.3885,
	24.1993 37.2738,
	24.1338 37.2411,
	24.0682 37.2738,
	24.0355 37.2738,
	23.9044 37.3721,
	23.8389 37.4213,
	23.7733 37.4377,
	23.5112 37.3721,
	23.249 37.4049,
	22.9869 37.4868,
	22.7247 37.4704,
	22.6592 37.4704,
	22.5937 37.5032,
	22.5281 37.5032,
	22.4954 37.4868,
	22.4954 37.4541,
	22.7575 37.3066,
	22.7575 37.2738,
	22.8722 37.1428,
	22.9541 37.0117,
	22.9705 36.9461,
	23.0688 36.8151,
	23.1999 36.7332,
	23.7242 36.6185,
	23.8552 36.6185,
	23.9208 36.6185,
	23.9372 36.6348,
	24.1993 36.4219,
	24.4615 36.3072,
	24.7236 36.2744,
	24.8547 36.2089,
	24.9202 36.1925,
	25.0349 36.0942,
	25.0513 36.0286,
	25.1332 35.8976,
	25.1168 35.832,
	25.0513 35.8156,
	24.7891 35.9631,
	24.6581 36.0123,
	24.527 36.0942,
	24.3959 36.2252,
	24.3304 36.2908,
	24.0682 36.4219,
	23.9372 36.4546,
	23.675 36.4546,
	23.4129 36.4874,
	23.1507 36.5693,
	23.0197 36.6185,
	22.8886 36.6185,
	22.8231 36.5857,
	22.7903 36.5202,
	22.8231 36.4546,
	23.0688 36.3235,
	23.331 36.2416,
	23.462 36.2089,
	23.5112 36.1597,
	23.5276 36.0286,
	23.5603 35.9795,
	23.4456 35.8484,
	23.3146 35.7993,
	23.1835 35.7829,
	22.9214 35.832,
	22.7903 35.8484,
	22.7247 35.8648,
	22.5937 35.9631,
	22.4626 35.9631,
	22.3971 35.9467,
	22.3643 35.9139,
	22.3807 35.7829,
	22.4626 35.701,
	22.5937 35.6682,
	22.6592 35.701,
	22.7903 35.6846,
	22.8558 35.6518,
	23.118 35.6682,
	23.3801 35.5699,
	23.6423 35.5371,
	23.7733 35.5371,
	23.9044 35.5043,
	23.9699 35.4716,
	24.0355 35.406,
	24.101 35.3733,
	24.1338 35.3077,
	24.1338 35.1767,
	24.1338 35.1439,
	24.0682 35.0947,
	24.0355 35.0292,
	23.7733 34.9801,
	23.7242 34.9145,
	23.6586 34.6524,
	23.6423 34.5213,
	23.6423 34.4885,
	23.7078 34.423,
	23.7406 34.3902,
	23.6914 34.1281,
	23.7078 34.0625,
	23.8389 33.9479,
	24.3632 33.7021,
	24.4942 33.6202,
	24.5598 33.4891,
	24.5761 33.358,
	24.6417 33.2925,
	24.6581 33.2761,
	24.527 33.145,
	24.4615 33.0795,
	24.3304 33.0631,
	24.1993 33.0959,
	24.0846 33.227,
	24.0027 33.358,
	23.8716 33.4072,
	23.8061 33.4399,
	23.6259 33.7021,
	23.5603 33.8332,
	23.3473 34.0953,
	23.2818 34.0625,
	23.249 33.997,
	23.2818 33.8659,
	23.1507 33.7512,
	23.0197 33.6693,
	22.9541 33.6202,
	22.8067 33.358,
	22.7575 33.227,
	22.7411 33.0959,
	22.7247 33.0303,
	22.8394 32.7682,
	22.9705 32.6699,
	23.1016 32.6207,
	23.3637 32.6044,
	23.4948 32.6371,
	23.5603 32.6371,
	23.6914 32.7027,
	23.9536 32.9484,
	24.0846 32.9812,
	24.6089 32.932,
	24.74 32.9484,
	25.0021 32.8829,
	25.2643 32.9157,
	25.5264 32.8174,
	25.5592 32.801,
	25.6903 32.8829,
	25.7558 32.9484,
	25.9033 33.2106,
	25.9524 33.2761,
	26.0835 33.3253,
	26.149 33.3416,
	26.4112 33.2761,
	26.5422 33.2433,
	26.6078 33.2597,
	26.8699 33.2106,
	27.001 33.1942,
	27.2631 33.2433,
	27.5253 33.145,
	27.6564 33.1123,
	27.9185 33.1614,
	28.0496 33.145,
	28.5739 33.2433,
	28.6394 33.227,
	28.7705 33.2925,
	28.836 33.3416,
	28.9671 33.3744,
	29.0326 33.3744,
	29.0654 33.358,
	29.1965 33.4236,
	29.3112 33.5546,
	29.3603 33.6202,
	29.6225 33.7021,
	29.688 33.7185,
	29.8191 33.6857,
	30.0812 33.8004,
	30.1959 33.9315,
	30.2287 34.0625,
	30.2287 34.0953,
	30.2778 34.1608,
	30.3434 34.1281,
	30.4253 33.997,
	30.4908 33.9479,
	30.6219 33.9806,
	30.7038 34.1117,
	30.9659 34.21,
	30.9987 34.2428,
	30.9987 34.3083,
	31.0315 34.3738,
	31.097 34.4066,
	31.2281 34.3247,
	31.3592 34.3083,
	31.6213 34.3575,
	31.7032 34.4885,
	31.7196 34.5541,
	31.7032 34.6196,
	31.5722 34.7179,
	31.5066 34.7179,
	31.4575 34.7834,
	31.4411 34.7998,
	31.4902 34.8654,
	31.7524 34.8817,
	31.8835 34.8981,
	32.0145 34.8654,
	32.0801 34.8326,
	32.3422 34.7998,
	32.4733 34.8162,
	32.6044 34.7998,
	32.7354 34.8162,
	32.8665 34.9145,
	32.932 34.9637,
	33.0631 34.9964,
	33.1287 34.9801,
	33.2597 35.0128,
	33.5219 34.9637,
	33.784 34.9473,
	33.9151 34.9309,
	33.9806 34.9309,
	34.0462 34.8817,
	34.3083 34.8326,
	34.3738 34.8326,
	34.5049 34.9145,
	34.4885 35.0456,
	34.4066 35.1767,
	34.3575 35.2422,
	34.2919 35.275,
	34.2264 35.275,
	34.1608 35.2422,
	34.0298 35.2586,
	33.9642 35.2586,
	33.8332 35.3405,
	33.8168 35.406,
	33.9479 35.4716,
	34.0789 35.488,
	34.1445 35.488,
	34.2755 35.4224,
	34.3411 35.3897,
	34.4721 35.4224,
	34.5213 35.488,
	34.5377 35.5535,
	34.4066 35.6846,
	34.4721 35.7337,
	34.6032 35.7337,
	34.7179 35.7993,
	34.5868 35.8648,
	34.4558 35.832,
	34.423 35.8156,
	34.3575 35.8648,
	34.423 35.9139,
	34.5541 35.9303,
	34.8162 35.8812,
	34.9473 35.832,
	34.9801 35.7993,
	35.2422 35.7337,
	35.3733 35.6518,
	35.5043 35.619,
	35.5371 35.6026,
	35.6026 35.6518,
	35.619 35.7829,
	35.6026 35.8484,
	35.5535 35.9139,
	35.5371 35.9795,
	35.5207 36.0123,
	35.5535 36.0778,
	35.5535 36.1106,
	35.4224 36.2252,
	35.3569 36.2744,
	35.3405 36.3072,
	35.3733 36.3399,
	35.6354 36.2908,
	35.8976 36.3072,
	36.0286 36.3072,
	36.0614 36.2908,
	36.3235 36.4055,
	36.5857 36.5529,
	36.7004 36.684,
	36.7168 36.7495,
	36.6512 36.8806,
	36.5857 36.9461,
	36.5529 37.0117,
	36.5202 37.0445,
	36.5693 37.11,
	36.6348 37.1428,
	36.684 37.2083,
	36.9461 37.3394,
	37.0117 37.3721,
	37.1428 37.5032,
	37.1755 37.5687,
	37.1428 37.6998,
	37.0117 37.8145,
	36.7495 37.8964,
	36.6676 38.0275,
	36.5365 38.1094,
	36.4055 38.2241,
	36.3563 38.2896,
	36.3399 38.3552,
	36.4874 38.6173,
	36.5529 38.6665,
	36.684 38.6501,
	36.9461 38.6829,
	37.0772 38.6501,
	37.1428 38.6337,
	37.4049 38.7484,
	37.536 38.7975,
	37.667 38.8139,
	37.7981 38.8795,
	37.8473 39.0105,
	37.749 39.2727,
	37.4868 39.4201,
	37.3557 39.4693,
	37.2247 39.5512,
	37.1591 39.6823,
	37.1264 39.7478,
	37.11 39.7806,
	37.1755 39.9117,
	37.2411 39.9608,
	37.3066 39.9281,
	37.3394 39.8625,
	37.323 39.7314,
	37.3885 39.6004,
	37.4213 39.5348,
	37.4541 39.5184,
	37.5196 39.5512,
	37.6015 39.6823,
	37.6179 39.8134,
	37.5524 39.9444,
	37.5524 40.0755,
	37.5851 40.1083,
	37.6507 40.1083,
	37.7654 40.2393,
	37.8309 40.3049,
	37.962 40.354,
	38.093 40.3704,
	38.1586 40.4196,
	38.1913 40.6817,
	38.1913 40.8128,
	38.1258 40.9439,
	37.8637 41.1732,
	37.749 41.3043,
	37.6179 41.3862,
	37.5032 41.5173,
	37.4377 41.5828,
	37.3721 41.5992,
	37.2411 41.6812,
	37.2083 41.6812,
	37.1755 41.7139,
	37.1919 41.7795,
	37.3066 41.9105,
	37.3885 42.0416,
	37.4213 42.1727,
	37.4377 42.2382,
	37.536 42.3693,
	37.5851 42.4348,
	37.6015 42.5004,
	37.4213 42.7625,
	37.3885 42.828,
	37.3721 42.8444,
	37.5032 42.9263,
	37.5687 42.9919,
	37.5524 43.123,
	37.4868 43.1721,
	37.3557 43.2049,
	37.2902 43.2049,
	37.1591 43.2868,
	37.1264 43.3196,
	37.1428 43.3851,
	37.1919 43.4506,
	37.323 43.4179,
	37.3885 43.3851,
	37.4213 43.3687,
	37.4868 43.4015,
	37.6179 43.5326,
	37.6834 43.6636,
	37.5687 43.9258,
	37.4541 44.0077,
	37.3885 43.9585,
	37.4049 43.893,
	37.4868 43.7619,
	37.4868 43.6964,
	37.4213 43.6309,
	37.3557 43.6472,
	37.2411 43.7783,
	37.2083 43.8439,
	37.1919 43.8602,
	37.2574 43.9258,
	37.2902 43.9913,
	37.2574 44.0568,
	37.1919 44.0896,
	37.0608 44.0732,
	36.9953 44.0241,
	36.9625 43.9585,
	36.9298 43.9258,
	36.9134 43.8602,
	36.9134 43.8275,
	36.7823 43.7455,
	36.6512 43.7292,
	36.5202 43.7455,
	36.258 43.8766,
	36.1269 43.9094,
	36.0614 43.9749,
	35.9959 43.9913,
	35.8648 44.0896,
	35.7337 44.1388,
	35.701 44.1388,
	35.6354 44.1879,
	35.6846 44.2535,
	35.8156 44.2535,
	35.8812 44.2207,
	35.9467 44.2371,
	35.9631 44.2698,
	35.9303 44.3354,
	35.6682 44.4173,
	35.406 44.532,
	35.275 44.5975,
	35.1439 44.6139,
	35.0292 44.6958,
	35.1603 44.8105,
	35.2914 44.7941,
	35.3569 44.7777,
	35.488 44.8269,
	35.5371 44.8924,
	35.5043 44.958,
	35.4388 44.9744,
	34.9145 44.8597,
	34.7834 44.8597,
	34.6524 44.8269,
	34.4885 45.089,
	34.423 45.2201,
	34.2919 45.3348,
	34.1608 45.3676,
	34.0298 45.2857,
	33.9642 45.2529,
	33.9479 45.2365,
	33.8168 45.302,
	33.7512 45.3184,
	33.6202 45.2529,
	33.571 45.1873,
	33.5546 45.171,
	33.571 45.1546,
	33.5383 45.1218,
	33.4727 45.171,
	33.3416 45.1873,
	33.0795 45.2857,
	32.9484 45.3348,
	32.8174 45.4167,
	32.5552 45.4823,
	32.4241 45.5478,
	32.2931 45.5806,
	32.2275 45.6297,
	32.1948 45.6953,
	32.1784 45.728,
	32.1948 45.7608,
	32.1292 45.8919,
	32.0637 45.941,
	32.0309 45.9574,
	31.8998 45.8919,
	31.8835 45.8755,
	31.6213 46.0393,
	31.5558 46.0066,
	31.5066 45.941,
	31.4902 45.8755,
	31.5066 45.8099,
	31.4411 45.7608,
	31.4083 45.7444,
	31.1462 45.8263,
	30.884 45.9574,
	30.6219 46.0066,
	30.3597 46.0885,
	30.2287 46.1212,
	30.1631 46.1212,
	30.0321 46.1704,
	29.901 46.1868,
	29.8354 46.1868,
	29.5733 46.3015,
	29.4422 46.3506,
	29.3112 46.367,
	29.049 46.3342,
	28.9179 46.367,
	28.8524 46.3834,
	28.7869 46.4325,
	28.5247 46.4489,
	28.2626 46.5145,
	28.197 46.5308,
	28.1643 46.5145,
	28.0332 46.58,
	27.9677 46.6291,
	27.8366 46.58,
	27.771 46.5636,
	27.5089 46.6128,
	27.2468 46.6291,
	26.7225 46.9077,
	26.1982 47.0388,
	25.6739 47.0715,
	25.4117 47.0879,
	25.1496 47.1371,
	25.0841 47.1862,
	24.8219 47.2354,
	24.5598 47.3337,
	24.4942 47.35,
	24.4287 47.3337,
	24.2976 47.2354,
	24.2485 47.1043,
	24.2157 47.0715,
	24.1502 47.0879,
	23.888 47.006,
	23.6259 46.8585,
	23.3637 46.7438,
	23.2327 46.6291,
	23.1343 46.4981,
	23.0852 46.4325,
	23.0524 46.3015,
	23.0688 46.2359,
	23.1507 46.1049,
	23.0852 45.9738,
	23.0197 45.941,
	22.9869 45.9246,
	22.8558 45.9738,
	22.8231 45.9902,
	22.5609 45.8427,
	22.5281 45.7772,
	22.5118 45.7608,
	22.6428 45.6789,
	22.692 45.6461,
	22.5609 45.5642,
	22.4298 45.5806,
	22.2988 45.4986,
	22.1677 45.4495,
	22.1022 45.4495,
	22.0202 45.3184,
	22.0366 45.2529,
	22.2168 44.9907,
	22.2988 44.8597,
	22.2332 44.5975,
	22.1513 44.0732,
	22.1185 44.0077,
	22.1022 43.9749,
	22.1349 43.8439,
	22.1841 43.7947,
	22.0694 43.6636,
	22.0694 43.5326,
	22.0858 43.467,
	22.0694 43.4015,
	22.1841 43.2704,
	22.3151 43.1721,
	22.3807 43.1066,
	22.4134 43.0738,
	22.3807 42.9427,
	22.4626 42.8117,
	22.5281 42.7461,
	22.5609 42.6806,
	22.5609 42.6478,
	22.4298 42.5659,
	22.3971 42.5004,
	22.3807 42.4676,
	22.5118 42.2054,
	22.5773 42.1563,
	22.6101 42.1235,
	22.4954 41.8614,
	22.4298 41.7303,
	22.4462 41.6648,
	22.5118 41.6156,
	22.5609 41.4845,
	22.7084 41.2224,
	22.7411 41.1569,
	22.7411 41.0913,
	22.7247 41.0586,
	22.6592 41.0749,
	22.5281 41.0422,
	22.3971 41.0913,
	22.1349 41.3207,
	22.0038 41.3699,
	21.9383 41.3535,
	21.9055 41.3371,
	21.9055 41.3043,
	21.8728 41.2715,
	21.7417 41.3043,
	21.6106 41.3043,
	21.4796 41.4354,
	21.414 41.4682,
	21.3813 41.4845,
	21.3157 41.4354,
	21.2829 41.3043,
	21.2829 41.2388,
	21.2829 41.206,
	"/>
</Transform>

<Transform dim="0"
 xcoef=" 0 1 0 0 0 0"
 ycoef=" 0 0 1 0 0 0">
<Contour name="TB2_NF07_RSL" hidden="false" closed="true" simplified="true" border="0 0 0.501961" fill="0 0 0.501961" mode="-9"
 points="20.1007 43.0078,
	20.1193 42.9705,
	20.1519 42.9333,
	20.2217 42.8821,
	20.2403 42.8774,
	20.2589 42.8635,
	20.2775 42.8588,
	20.2962 42.8449,
	20.3148 42.8402,
	20.3241 42.8309,
	20.473 42.7983,
	20.7709 42.7751,
	20.8081 42.7611,
	20.8453 42.7378,
	20.9058 42.682,
	20.9338 42.6447,
	20.9756 42.5703,
	21.0455 42.5051,
	21.0734 42.4725,
	21.0873 42.4353,
	21.1106 42.2864,
	21.1292 42.2491,
	21.1665 42.2212,
	21.1851 42.2073,
	21.334 42.291,
	21.4085 42.3422,
	21.4178 42.3608,
	21.4364 42.3795,
	21.4457 42.3981,
	21.4829 42.4213,
	21.5202 42.4213,
	21.5574 42.412,
	21.59 42.3795,
	21.5946 42.3608,
	21.6226 42.3236,
	21.6412 42.3143,
	21.6784 42.3143,
	21.697 42.3236,
	21.7249 42.3608,
	21.7342 42.3981,
	21.7296 42.4353,
	21.7156 42.4725,
	21.6924 42.5098,
	21.6551 42.5424,
	21.6179 42.5656,
	21.5434 42.5935,
	21.5062 42.6075,
	21.469 42.6308,
	21.441 42.6634,
	21.4271 42.682,
	21.4038 42.7564,
	21.3945 42.8309,
	21.3992 42.9054,
	21.441 42.9798,
	21.4643 43.0171,
	21.4969 43.0403,
	21.5155 43.0496,
	21.59 43.0496,
	21.6644 43.0357,
	21.7017 43.0171,
	21.711 43.0171,
	21.7296 43.0031,
	21.7389 43.0031,
	21.8832 42.9054,
	21.9576 42.8495,
	22.0321 42.7797,
	22.06 42.7425,
	22.0786 42.7239,
	22.0973 42.7145,
	22.1112 42.7332,
	22.1159 42.8076,
	22.1112 42.8449,
	22.088 42.8821,
	22.0181 42.9426,
	21.9995 42.9519,
	21.9949 42.9566,
	22.0135 42.9519,
	22.0228 42.9472,
	22.0321 42.9519,
	22.0135 42.9659,
	21.939 42.9984,
	21.9297 43.0078,
	21.7808 43.0636,
	21.7063 43.0962,
	21.6319 43.1194,
	21.6132 43.1241,
	21.6039 43.1241,
	21.5667 43.1474,
	21.5295 43.1567,
	21.4922 43.1753,
	21.4178 43.1986,
	21.3852 43.2218,
	21.334 43.2963,
	21.3061 43.3289,
	21.2875 43.3428,
	21.213 43.3521,
	21.1385 43.3475,
	21.0641 43.3242,
	20.9896 43.3382,
	20.9151 43.3428,
	20.8407 43.3382,
	20.6918 43.3103,
	20.5428 43.2591,
	20.3939 43.2311,
	20.3194 43.2125,
	20.1705 43.1474,
	20.1519 43.1381,
	20.1333 43.1194,
	20.1053 43.045,
	20.1007 43.0124,
	"/>
</Transform>

<Transform dim="0"
 xcoef=" 0 1 0 0 0 0"
 ycoef=" 0 0 1 0 0 0">
<Contour name="TB2_NF07_RSL" hidden="false" closed="true" simplified="true" border="0 0 0.501961" fill="0 0 0.501961" mode="-9"
 points="18.0346 38.0551,
	18.0492 38.0356,
	18.059 38.0259,
	18.098 38.0259,
	18.1371 38.0405,
	18.1761 38.0747,
	18.2542 38.1088,
	18.4103 38.143,
	18.4884 38.1381,
	18.5665 38.1234,
	18.6445 38.1186,
	18.7226 38.1234,
	18.7616 38.1186,
	18.7812 38.1186,
	18.8007 38.1088,
	18.8397 38.1039,
	18.8787 38.1088,
	18.9178 38.1234,
	18.9568 38.1478,
	18.991 38.1869,
	19.0788 38.343,
	19.0983 38.3821,
	19.113 38.4016,
	19.1178 38.4211,
	19.1422 38.4601,
	19.1569 38.4796,
	19.1618 38.4992,
	19.1959 38.5382,
	19.3033 38.6895,
	19.3228 38.709,
	19.3667 38.7871,
	19.3667 38.7968,
	19.3813 38.8163,
	19.396 38.8554,
	19.4057 38.8651,
	19.4106 38.8846,
	19.4252 38.9042,
	19.4252 38.9139,
	19.4789 38.992,
	19.5228 39.0701,
	19.5765 39.1481,
	19.6009 39.2262,
	19.6155 39.2652,
	19.6448 39.3043,
	19.6595 39.3433,
	19.6741 39.4214,
	19.679 39.4995,
	19.6985 39.5775,
	19.718 39.7337,
	19.718 39.7727,
	19.6936 39.9289,
	19.6887 40.0069,
	19.6741 40.046,
	19.6351 40.0801,
	19.6253 40.0899,
	19.5472 40.085,
	19.4838 40.0069,
	19.4643 39.9923,
	19.4545 39.9825,
	19.3765 39.9581,
	19.2984 39.924,
	19.1422 39.9337,
	19.1032 39.9337,
	19.0593 39.8605,
	19.0398 39.8215,
	19.0398 39.7825,
	19.0934 39.7044,
	19.1715 39.6507,
	19.2057 39.6117,
	19.2301 39.5336,
	19.2349 39.4555,
	19.2203 39.3775,
	19.1862 39.2994,
	19.1325 39.1433,
	19.0886 39.0652,
	19.0788 39.0457,
	19.069 39.0359,
	19.069 39.0262,
	18.9666 38.87,
	18.9324 38.8407,
	18.9178 38.8212,
	18.9324 38.8066,
	18.9715 38.7919,
	19.0105 38.7871,
	19.0495 38.7675,
	19.0837 38.7383,
	19.0983 38.7187,
	19.113 38.6797,
	19.113 38.6016,
	19.0983 38.5236,
	19.0739 38.4894,
	19.069 38.4845,
	19.0642 38.4943,
	19.0251 38.4601,
	19.0056 38.4455,
	18.9275 38.4357,
	18.9178 38.4357,
	18.9031 38.4162,
	18.8251 38.4065,
	18.8055 38.4065,
	18.7665 38.3918,
	18.6104 38.3577,
	18.5323 38.3333,
	18.4542 38.2991,
	18.3762 38.2503,
	18.3371 38.221,
	18.2981 38.2015,
	18.1419 38.1478,
	18.0639 38.1137,
	18.0443 38.1039,
	18.0346 38.0942,
	18.0346 38.06,
	"/>
</Transform>

</Section>