<?xml version="1.0"?>
<!DOCTYPE Section SYSTEM "section.dtd">

<Section index="299" thickness="0.08" alignLocked="true">
<Transform dim="0"
 xcoef=" 0 1 0 0 0 0"
 ycoef=" 0 0 1 0 0 0">
<Image mag="0.00749" contrast="1" brightness="0" red="true" green="true" blue="true"
 src="Alg_stitch3-4_299.tif" />
<Contour name="domain1" hidden="false" closed="true" simplified="false" border="1 0 1" fill="1 0 1" mode="11"
 points="0 0,
	15652 0,
	15652 8578,
	0 8578,
	"/>
</Transform>

<Transform dim="0"
 xcoef=" 0 1 0 0 0 0"
 ycoef=" 0 0 1 0 0 0">
<Contour name="TB3_NF01-PG_RSL" hidden="false" closed="true" simplified="true" border="1 1 0" fill="1 1 0" mode="-9"
 points="17.61 10.68,
	17.62 10.52,
	17.65 10.36,
	17.68 10.28,
	17.81 10.13,
	17.84 10.09,
	17.92 10.07,
	18 10.09,
	18.02 10.11,
	18.04 10.19,
	18.06 10.23,
	18.06 10.27,
	18.08 10.31,
	18.08 10.47,
	18.09 10.55,
	18.07 10.71,
	18.01 10.79,
	17.93 10.84,
	17.77 10.88,
	17.74 10.86,
	17.7 10.86,
	17.63 10.78,
	17.61 10.7,
	17.61 10.69,
	"/>
</Transform>

<Transform dim="0"
 xcoef=" 0 1 0 0 0 0"
 ycoef=" 0 0 1 0 0 0">
<Contour name="TB3_NF01-PG_RSL" hidden="false" closed="true" simplified="true" border="1 1 0" fill="1 1 0" mode="-9"
 points="32.33 14.3,
	32.37 14.22,
	32.44 14.14,
	32.76 13.93,
	32.84 13.88,
	32.88 13.87,
	33.03 13.75,
	33.19 13.69,
	33.23 13.67,
	33.39 13.66,
	33.47 13.65,
	33.55 13.67,
	33.71 13.78,
	33.79 13.84,
	33.83 13.88,
	33.91 13.93,
	33.97 14,
	34 14.08,
	34 14.16,
	33.96 14.2,
	33.92 14.21,
	33.77 14.36,
	33.61 14.42,
	33.45 14.45,
	33.29 14.46,
	33.21 14.5,
	33.17 14.53,
	33.09 14.55,
	33.05 14.57,
	32.73 14.57,
	32.57 14.56,
	32.49 14.52,
	32.41 14.46,
	32.34 14.38,
	32.33 14.31,
	"/>
</Transform>

<Transform dim="0"
 xcoef=" 0 1 0 0 0 0"
 ycoef=" 0 0 1 0 0 0">
<Contour name="TB3_NF01-PG_RSL" hidden="false" closed="true" simplified="true" border="1 1 0" fill="1 1 0" mode="-9"
 points="34.68 14.15,
	34.7 14.13,
	34.7 14.11,
	34.78 14.04,
	34.94 13.95,
	35.1 13.92,
	35.26 13.91,
	35.42 13.92,
	35.5 13.93,
	35.58 13.92,
	35.66 13.89,
	35.74 13.89,
	36.06 13.98,
	36.22 14.07,
	36.3 14.1,
	36.46 14.11,
	36.54 14.1,
	36.62 14.07,
	36.7 14.02,
	37.02 14.01,
	37.1 14.01,
	37.26 14.06,
	37.42 14.09,
	37.74 14.1,
	38.06 14.15,
	38.22 14.16,
	38.38 14.21,
	38.54 14.28,
	38.7 14.38,
	39.02 14.47,
	39.18 14.54,
	39.21 14.58,
	39.25 14.6,
	39.3 14.68,
	39.31 14.76,
	39.27 14.84,
	39.21 14.92,
	39.05 14.98,
	38.41 14.98,
	38.25 14.95,
	38.09 14.88,
	37.93 14.83,
	37.61 14.79,
	37.57 14.8,
	37.25 14.78,
	37.17 14.77,
	37.13 14.77,
	37.05 14.73,
	36.89 14.73,
	36.81 14.71,
	36.65 14.7,
	36.49 14.65,
	36.41 14.62,
	36.25 14.53,
	36.17 14.48,
	36.01 14.43,
	35.85 14.41,
	35.69 14.41,
	35.65 14.41,
	35.57 14.38,
	35.25 14.4,
	34.93 14.35,
	34.77 14.28,
	34.7 14.22,
	34.68 14.2,
	34.68 14.16,
	"/>
</Transform>

<Transform dim="0"
 xcoef=" 0 1 0 0 0 0"
 ycoef=" 0 0 1 0 0 0">
<Contour name="TB3_NF01-PG_RSL" hidden="false" closed="true" simplified="true" border="1 1 0" fill="1 1 0" mode="-9"
 points="43.09 15.14,
	43.24 15.01,
	43.32 14.94,
	43.39 14.89,
	43.47 14.86,
	43.63 14.86,
	43.79 14.93,
	43.87 14.99,
	43.91 15.02,
	43.94 15.1,
	43.94 15.18,
	43.92 15.22,
	43.88 15.26,
	43.8 15.28,
	43.76 15.3,
	43.6 15.3,
	43.44 15.32,
	43.28 15.32,
	43.2 15.3,
	43.16 15.29,
	43.12 15.26,
	43.09 15.18,
	43.09 15.15,
	"/>
</Transform>

<Transform dim="0"
 xcoef=" 0 1 0 0 0 0"
 ycoef=" 0 0 1 0 0 0">
<Contour name="TB3_NF01-PG_RSL" hidden="false" closed="true" simplified="true" border="1 1 0" fill="1 1 0" mode="-9"
 points="46.68 15.57,
	46.72 15.54,
	46.76 15.53,
	46.83 15.45,
	46.86 15.42,
	46.94 15.4,
	47.1 15.39,
	47.18 15.37,
	47.34 15.36,
	47.5 15.37,
	47.82 15.42,
	47.98 15.43,
	48.14 15.47,
	48.3 15.53,
	48.46 15.55,
	48.54 15.57,
	48.7 15.64,
	48.86 15.69,
	48.94 15.72,
	48.98 15.73,
	49.06 15.8,
	49.11 15.87,
	49.12 15.95,
	49.04 15.99,
	48.88 16.03,
	48.72 16.02,
	48.4 15.97,
	48.32 15.96,
	48.3 15.96,
	48.29 15.98,
	47.97 15.88,
	47.81 15.84,
	47.49 15.82,
	47.33 15.8,
	47.01 15.79,
	46.93 15.78,
	46.77 15.69,
	46.73 15.67,
	46.68 15.59,
	46.68 15.58,
	"/>
</Transform>

<Transform dim="0"
 xcoef=" 0 1 0 0 0 0"
 ycoef=" 0 0 1 0 0 0">
<Contour name="TB3_NF01-PG_RSL" hidden="false" closed="true" simplified="true" border="1 1 0" fill="1 1 0" mode="-9"
 points="61.38 11.09,
	61.47 10.93,
	61.62 10.8,
	61.66 10.77,
	61.82 10.76,
	61.86 10.77,
	61.93 10.84,
	61.98 10.92,
	62.01 11,
	62.03 11.04,
	62.05 11.2,
	62.06 11.24,
	62.03 11.32,
	62.01 11.36,
	61.86 11.47,
	61.82 11.5,
	61.74 11.53,
	61.7 11.54,
	61.63 11.52,
	61.59 11.52,
	61.51 11.49,
	61.44 11.42,
	61.42 11.38,
	61.4 11.36,
	61.38 11.2,
	61.38 11.12,
	61.38 11.1,
	"/>
</Transform>

<Transform dim="0"
 xcoef=" 0 1 0 0 0 0"
 ycoef=" 0 0 1 0 0 0">
<Contour name="TB3_NF01-PG_RSL" hidden="false" closed="true" simplified="true" border="1 1 0" fill="1 1 0" mode="-9"
 points="65.22 10.12,
	65.28 10.05,
	65.44 9.94,
	65.6 9.91,
	65.68 9.9,
	65.72 9.9,
	65.79 9.98,
	65.82 10.06,
	65.83 10.14,
	65.83 10.18,
	65.81 10.22,
	65.8 10.3,
	65.77 10.38,
	65.71 10.46,
	65.55 10.47,
	65.47 10.46,
	65.43 10.44,
	65.3 10.28,
	65.23 10.2,
	65.22 10.13,
	"/>
</Transform>

<Transform dim="0"
 xcoef=" 0 1 0 0 0 0"
 ycoef=" 0 0 1 0 0 0">
<Contour name="TB3_NF01-PG_RSL" hidden="false" closed="true" simplified="true" border="1 1 0" fill="1 1 0" mode="-9"
 points="67.2 14.3778,
	67.2333 14.3333,
	67.5889 14.2667,
	67.6778 14.2667,
	67.7222 14.2667,
	67.8111 14.3111,
	67.8889 14.3889,
	67.9 14.4778,
	67.9 14.5222,
	67.8667 14.5667,
	67.7778 14.6111,
	67.6889 14.6222,
	67.5111 14.5667,
	67.4222 14.5556,
	67.2444 14.4778,
	67.2111 14.4333,
	67.2 14.3889,
	"/>
</Transform>

<Transform dim="0"
 xcoef=" 0 1 0 0 0 0"
 ycoef=" 0 0 1 0 0 0">
<Contour name="TB3_NF01-PG_RSL" hidden="false" closed="true" simplified="true" border="1 1 0" fill="1 1 0" mode="-9"
 points="36.9333 18.9666,
	36.9777 18.9222,
	37.1555 18.8333,
	37.2444 18.7555,
	37.2889 18.7333,
	37.3111 18.7111,
	37.3333 18.7111,
	37.4222 18.6555,
	37.5 18.5778,
	37.5889 18.5222,
	37.9444 18.4222,
	38.1222 18.4111,
	38.3 18.4444,
	38.6555 18.4666,
	38.7444 18.4889,
	38.9222 18.5889,
	38.9666 18.6111,
	39.0111 18.6555,
	39.0666 18.8333,
	39.0888 18.9222,
	39.0888 19.0111,
	39.0111 19.0889,
	38.9222 19.1222,
	38.7444 19.1333,
	38.6555 19.1111,
	38.4777 19.1111,
	38.3889 19.1,
	38.2111 19.1222,
	38.1666 19.1444,
	38.1222 19.1444,
	38.1 19.1444,
	38.0889 19.1222,
	38.1 19.1111,
	37.9222 19.1111,
	37.7444 19.1333,
	37.6555 19.1555,
	37.3 19.1666,
	37.1222 19.1333,
	37.0777 19.1333,
	37.0333 19.1111,
	36.9666 19.0222,
	36.9333 18.9778,
	"/>
</Transform>

<Transform dim="0"
 xcoef=" 0 1 0 0 0 0"
 ycoef=" 0 0 1 0 0 0">
<Contour name="TB3_NF01-PG_RSL" hidden="false" closed="true" simplified="true" border="1 1 0" fill="1 1 0" mode="-9"
 points="17.61 10.68,
	17.62 10.52,
	17.65 10.36,
	17.68 10.28,
	17.81 10.13,
	17.84 10.09,
	17.92 10.07,
	18 10.09,
	18.02 10.11,
	18.04 10.19,
	18.06 10.23,
	18.06 10.27,
	18.08 10.31,
	18.08 10.47,
	18.09 10.55,
	18.07 10.71,
	18.01 10.79,
	17.93 10.84,
	17.77 10.88,
	17.74 10.86,
	17.7 10.86,
	17.63 10.78,
	17.61 10.7,
	17.61 10.69,
	"/>
</Transform>

<Transform dim="0"
 xcoef=" 0 1 0 0 0 0"
 ycoef=" 0 0 1 0 0 0">
<Contour name="TB3_NF01-PG_RSL" hidden="false" closed="true" simplified="true" border="1 1 0" fill="1 1 0" mode="-9"
 points="32.33 14.3,
	32.37 14.22,
	32.44 14.14,
	32.76 13.93,
	32.84 13.88,
	32.88 13.87,
	33.03 13.75,
	33.19 13.69,
	33.23 13.67,
	33.39 13.66,
	33.47 13.65,
	33.55 13.67,
	33.71 13.78,
	33.79 13.84,
	33.83 13.88,
	33.91 13.93,
	33.97 14,
	34 14.08,
	34 14.16,
	33.96 14.2,
	33.92 14.21,
	33.77 14.36,
	33.61 14.42,
	33.45 14.45,
	33.29 14.46,
	33.21 14.5,
	33.17 14.53,
	33.09 14.55,
	33.05 14.57,
	32.73 14.57,
	32.57 14.56,
	32.49 14.52,
	32.41 14.46,
	32.34 14.38,
	32.33 14.31,
	"/>
</Transform>

<Transform dim="0"
 xcoef=" 0 1 0 0 0 0"
 ycoef=" 0 0 1 0 0 0">
<Contour name="TB3_NF01-PG_RSL" hidden="false" closed="true" simplified="true" border="1 1 0" fill="1 1 0" mode="-9"
 points="34.68 14.15,
	34.7 14.13,
	34.7 14.11,
	34.78 14.04,
	34.94 13.95,
	35.1 13.92,
	35.26 13.91,
	35.42 13.92,
	35.5 13.93,
	35.58 13.92,
	35.66 13.89,
	35.74 13.89,
	36.06 13.98,
	36.22 14.07,
	36.3 14.1,
	36.46 14.11,
	36.54 14.1,
	36.62 14.07,
	36.7 14.02,
	37.02 14.01,
	37.1 14.01,
	37.26 14.06,
	37.42 14.09,
	37.74 14.1,
	38.06 14.15,
	38.22 14.16,
	38.38 14.21,
	38.54 14.28,
	38.7 14.38,
	39.02 14.47,
	39.18 14.54,
	39.21 14.58,
	39.25 14.6,
	39.3 14.68,
	39.31 14.76,
	39.27 14.84,
	39.21 14.92,
	39.05 14.98,
	38.41 14.98,
	38.25 14.95,
	38.09 14.88,
	37.93 14.83,
	37.61 14.79,
	37.57 14.8,
	37.25 14.78,
	37.17 14.77,
	37.13 14.77,
	37.05 14.73,
	36.89 14.73,
	36.81 14.71,
	36.65 14.7,
	36.49 14.65,
	36.41 14.62,
	36.25 14.53,
	36.17 14.48,
	36.01 14.43,
	35.85 14.41,
	35.69 14.41,
	35.65 14.41,
	35.57 14.38,
	35.25 14.4,
	34.93 14.35,
	34.77 14.28,
	34.7 14.22,
	34.68 14.2,
	34.68 14.16,
	"/>
</Transform>

<Transform dim="0"
 xcoef=" 0 1 0 0 0 0"
 ycoef=" 0 0 1 0 0 0">
<Contour name="TB3_NF01-PG_RSL" hidden="false" closed="true" simplified="true" border="1 1 0" fill="1 1 0" mode="-9"
 points="43.09 15.14,
	43.24 15.01,
	43.32 14.94,
	43.39 14.89,
	43.47 14.86,
	43.63 14.86,
	43.79 14.93,
	43.87 14.99,
	43.91 15.02,
	43.94 15.1,
	43.94 15.18,
	43.92 15.22,
	43.88 15.26,
	43.8 15.28,
	43.76 15.3,
	43.6 15.3,
	43.44 15.32,
	43.28 15.32,
	43.2 15.3,
	43.16 15.29,
	43.12 15.26,
	43.09 15.18,
	43.09 15.15,
	"/>
</Transform>

<Transform dim="0"
 xcoef=" 0 1 0 0 0 0"
 ycoef=" 0 0 1 0 0 0">
<Contour name="TB3_NF01-PG_RSL" hidden="false" closed="true" simplified="true" border="1 1 0" fill="1 1 0" mode="-9"
 points="46.68 15.57,
	46.72 15.54,
	46.76 15.53,
	46.83 15.45,
	46.86 15.42,
	46.94 15.4,
	47.1 15.39,
	47.18 15.37,
	47.34 15.36,
	47.5 15.37,
	47.82 15.42,
	47.98 15.43,
	48.14 15.47,
	48.3 15.53,
	48.46 15.55,
	48.54 15.57,
	48.7 15.64,
	48.86 15.69,
	48.94 15.72,
	48.98 15.73,
	49.06 15.8,
	49.11 15.87,
	49.12 15.95,
	49.04 15.99,
	48.88 16.03,
	48.72 16.02,
	48.4 15.97,
	48.32 15.96,
	48.3 15.96,
	48.29 15.98,
	47.97 15.88,
	47.81 15.84,
	47.49 15.82,
	47.33 15.8,
	47.01 15.79,
	46.93 15.78,
	46.77 15.69,
	46.73 15.67,
	46.68 15.59,
	46.68 15.58,
	"/>
</Transform>

<Transform dim="0"
 xcoef=" 0 1 0 0 0 0"
 ycoef=" 0 0 1 0 0 0">
<Contour name="TB3_NF01-PG_RSL" hidden="false" closed="true" simplified="true" border="1 1 0" fill="1 1 0" mode="-9"
 points="61.38 11.09,
	61.47 10.93,
	61.62 10.8,
	61.66 10.77,
	61.82 10.76,
	61.86 10.77,
	61.93 10.84,
	61.98 10.92,
	62.01 11,
	62.03 11.04,
	62.05 11.2,
	62.06 11.24,
	62.03 11.32,
	62.01 11.36,
	61.86 11.47,
	61.82 11.5,
	61.74 11.53,
	61.7 11.54,
	61.63 11.52,
	61.59 11.52,
	61.51 11.49,
	61.44 11.42,
	61.42 11.38,
	61.4 11.36,
	61.38 11.2,
	61.38 11.12,
	61.38 11.1,
	"/>
</Transform>

<Transform dim="0"
 xcoef=" 0 1 0 0 0 0"
 ycoef=" 0 0 1 0 0 0">
<Contour name="TB3_NF01-PG_RSL" hidden="false" closed="true" simplified="true" border="1 1 0" fill="1 1 0" mode="-9"
 points="65.22 10.12,
	65.28 10.05,
	65.44 9.94,
	65.6 9.91,
	65.68 9.9,
	65.72 9.9,
	65.79 9.98,
	65.82 10.06,
	65.83 10.14,
	65.83 10.18,
	65.81 10.22,
	65.8 10.3,
	65.77 10.38,
	65.71 10.46,
	65.55 10.47,
	65.47 10.46,
	65.43 10.44,
	65.3 10.28,
	65.23 10.2,
	65.22 10.13,
	"/>
</Transform>

<Transform dim="0"
 xcoef=" 0 1 0 0 0 0"
 ycoef=" 0 0 1 0 0 0">
<Contour name="TB3_NF01-PG_RSL" hidden="false" closed="true" simplified="true" border="1 1 0" fill="1 1 0" mode="-9"
 points="67.2 14.3778,
	67.2333 14.3333,
	67.5889 14.2667,
	67.6778 14.2667,
	67.7222 14.2667,
	67.8111 14.3111,
	67.8889 14.3889,
	67.9 14.4778,
	67.9 14.5222,
	67.8667 14.5667,
	67.7778 14.6111,
	67.6889 14.6222,
	67.5111 14.5667,
	67.4222 14.5556,
	67.2444 14.4778,
	67.2111 14.4333,
	67.2 14.3889,
	"/>
</Transform>

<Transform dim="0"
 xcoef=" 0 1 0 0 0 0"
 ycoef=" 0 0 1 0 0 0">
<Contour name="TB3_NF01-PG_RSL" hidden="false" closed="true" simplified="true" border="1 1 0" fill="1 1 0" mode="-9"
 points="36.9333 18.9666,
	36.9777 18.9222,
	37.1555 18.8333,
	37.2444 18.7555,
	37.2889 18.7333,
	37.3111 18.7111,
	37.3333 18.7111,
	37.4222 18.6555,
	37.5 18.5778,
	37.5889 18.5222,
	37.9444 18.4222,
	38.1222 18.4111,
	38.3 18.4444,
	38.6555 18.4666,
	38.7444 18.4889,
	38.9222 18.5889,
	38.9666 18.6111,
	39.0111 18.6555,
	39.0666 18.8333,
	39.0888 18.9222,
	39.0888 19.0111,
	39.0111 19.0889,
	38.9222 19.1222,
	38.7444 19.1333,
	38.6555 19.1111,
	38.4777 19.1111,
	38.3889 19.1,
	38.2111 19.1222,
	38.1666 19.1444,
	38.1222 19.1444,
	38.1 19.1444,
	38.0889 19.1222,
	38.1 19.1111,
	37.9222 19.1111,
	37.7444 19.1333,
	37.6555 19.1555,
	37.3 19.1666,
	37.1222 19.1333,
	37.0777 19.1333,
	37.0333 19.1111,
	36.9666 19.0222,
	36.9333 18.9778,
	"/>
</Transform>

<Transform dim="0"
 xcoef=" 0 1 0 0 0 0"
 ycoef=" 0 0 1 0 0 0">
<Image mag="0.00749" contrast="1" brightness="0" red="true" green="true" blue="true"
 src="Alg_stitch3-4_299.tif" />
<Contour name="domain1" hidden="false" closed="true" simplified="false" border="1 0 1" fill="1 0 1" mode="11"
 points="0 0,
	15652 0,
	15652 8578,
	0 8578,
	"/>
</Transform>

<Transform dim="0"
 xcoef=" 0 1 0 0 0 0"
 ycoef=" 0 0 1 0 0 0">
<Image mag="0.00749" contrast="1" brightness="0" red="true" green="true" blue="true"
 src="Alg_stitch3-4_299.tif" />
<Contour name="domain1" hidden="false" closed="true" simplified="false" border="1 0 1" fill="1 0 1" mode="11"
 points="0 0,
	15652 0,
	15652 8578,
	0 8578,
	"/>
</Transform>

<Transform dim="0"
 xcoef=" 0 1 0 0 0 0"
 ycoef=" 0 0 1 0 0 0">
<Image mag="0.00749" contrast="1" brightness="0" red="true" green="true" blue="true"
 src="Alg_stitch3-4_299.tif" />
<Contour name="domain1" hidden="false" closed="true" simplified="false" border="1 0 1" fill="1 0 1" mode="11"
 points="0 0,
	15652 0,
	15652 8578,
	0 8578,
	"/>
</Transform>

<Transform dim="0"
 xcoef=" 0 1 0 0 0 0"
 ycoef=" 0 0 1 0 0 0">
<Image mag="0.00749" contrast="1" brightness="0" red="true" green="true" blue="true"
 src="Alg_stitch3-4_299.tif" />
<Contour name="domain1" hidden="false" closed="true" simplified="false" border="1 0 1" fill="1 0 1" mode="11"
 points="0 0,
	15652 0,
	15652 8578,
	0 8578,
	"/>
</Transform>

<Transform dim="0"
 xcoef=" 0 1 0 0 0 0"
 ycoef=" 0 0 1 0 0 0">
<Image mag="0.00749" contrast="1" brightness="0" red="true" green="true" blue="true"
 src="Alg_stitch3-4_299.tif" />
<Contour name="DENucleus2" hidden="false" closed="true" simplified="false" border="0 0 0.627" fill="0 0 0.627" mode="11"
 points="0 0,
	15652 0,
	15652 8578,
	0 8578,
	"/>
</Transform>

<Transform dim="0"
 xcoef=" 0 1 0 0 0 0"
 ycoef=" 0 0 1 0 0 0">
<Image mag="0.00749" contrast="1" brightness="0" red="true" green="true" blue="true"
 src="Alg_stitch3-4_299.tif" />
<Contour name="domain1" hidden="false" closed="true" simplified="false" border="1 0 1" fill="1 0 1" mode="11"
 points="0 0,
	15652 0,
	15652 8578,
	0 8578,
	"/>
</Transform>

<Transform dim="0"
 xcoef=" 0 1 0 0 0 0"
 ycoef=" 0 0 1 0 0 0">
<Image mag="0.00749" contrast="1" brightness="0" red="true" green="true" blue="true"
 src="Alg_stitch3-4_299.tif" />
<Contour name="domain1" hidden="false" closed="true" simplified="false" border="1 0 1" fill="1 0 1" mode="11"
 points="0 0,
	15652 0,
	15652 8578,
	0 8578,
	"/>
</Transform>

<Transform dim="0"
 xcoef=" 0 1 0 0 0 0"
 ycoef=" 0 0 1 0 0 0">
<Image mag="0.00749" contrast="1" brightness="0" red="true" green="true" blue="true"
 src="Alg_stitch3-4_299.tif" />
<Contour name="domain1" hidden="false" closed="true" simplified="false" border="1 0 1" fill="1 0 1" mode="11"
 points="0 0,
	15652 0,
	15652 8578,
	0 8578,
	"/>
</Transform>

<Transform dim="0"
 xcoef=" 0 1 0 0 0 0"
 ycoef=" 0 0 1 0 0 0">
<Image mag="0.00749" contrast="1" brightness="0" red="true" green="true" blue="true"
 src="Alg_stitch3-4_299.tif" />
<Contour name="domain1" hidden="false" closed="true" simplified="false" border="1 0 1" fill="1 0 1" mode="11"
 points="0 0,
	15652 0,
	15652 8578,
	0 8578,
	"/>
</Transform>

<Transform dim="0"
 xcoef=" 0 1 0 0 0 0"
 ycoef=" 0 0 1 0 0 0">
<Image mag="0.00749" contrast="1" brightness="0" red="true" green="true" blue="true"
 src="Alg_stitch3-4_299.tif" />
<Contour name="domain1" hidden="false" closed="true" simplified="false" border="1 0 1" fill="1 0 1" mode="11"
 points="0 0,
	15652 0,
	15652 8578,
	0 8578,
	"/>
</Transform>

<Transform dim="0"
 xcoef=" 0 1 0 0 0 0"
 ycoef=" 0 0 1 0 0 0">
<Image mag="0.00749" contrast="1" brightness="0" red="true" green="true" blue="true"
 src="Alg_stitch3-4_299.tif" />
<Contour name="domain1" hidden="false" closed="true" simplified="false" border="1 0 1" fill="1 0 1" mode="11"
 points="0 0,
	15652 0,
	15652 8578,
	0 8578,
	"/>
</Transform>

<Transform dim="0"
 xcoef=" 0 1 0 0 0 0"
 ycoef=" 0 0 1 0 0 0">
<Image mag="0.00749" contrast="1" brightness="0" red="true" green="true" blue="true"
 src="Alg_stitch3-4_299.tif" />
<Contour name="domain1" hidden="false" closed="true" simplified="false" border="1 0 1" fill="1 0 1" mode="11"
 points="0 0,
	15652 0,
	15652 8578,
	0 8578,
	"/>
</Transform>

<Transform dim="0"
 xcoef=" 0 1 0 0 0 0"
 ycoef=" 0 0 1 0 0 0">
<Image mag="0.00749" contrast="1" brightness="0" red="true" green="true" blue="true"
 src="Alg_stitch3-4_299.tif" />
<Contour name="domain1" hidden="false" closed="true" simplified="false" border="1 0 1" fill="1 0 1" mode="11"
 points="0 0,
	15652 0,
	15652 8578,
	0 8578,
	"/>
</Transform>

<Transform dim="0"
 xcoef=" 0 1 0 0 0 0"
 ycoef=" 0 0 1 0 0 0">
<Image mag="0.00749" contrast="1" brightness="0" red="true" green="true" blue="true"
 src="Alg_stitch3-4_299.tif" />
<Contour name="domain1" hidden="false" closed="true" simplified="false" border="1 0 1" fill="1 0 1" mode="11"
 points="0 0,
	15652 0,
	15652 8578,
	0 8578,
	"/>
</Transform>

<Transform dim="0"
 xcoef=" 0 1 0 0 0 0"
 ycoef=" 0 0 1 0 0 0">
<Image mag="0.00749" contrast="1" brightness="0" red="true" green="true" blue="true"
 src="Alg_stitch3-4_299.tif" />
<Contour name="domain1" hidden="false" closed="true" simplified="false" border="1 0 1" fill="1 0 1" mode="11"
 points="0 0,
	15652 0,
	15652 8578,
	0 8578,
	"/>
</Transform>

<Transform dim="0"
 xcoef=" 0 1 0 0 0 0"
 ycoef=" 0 0 1 0 0 0">
<Image mag="0.00749" contrast="1" brightness="0" red="true" green="true" blue="true"
 src="Alg_stitch3-4_299.tif" />
<Contour name="DENucleus2" hidden="false" closed="true" simplified="false" border="0 0 0.627" fill="0 0 0.627" mode="11"
 points="0 0,
	15652 0,
	15652 8578,
	0 8578,
	"/>
</Transform>

<Transform dim="0"
 xcoef=" 0 1 0 0 0 0"
 ycoef=" 0 0 1 0 0 0">
<Image mag="0.00749" contrast="1" brightness="0" red="true" green="true" blue="true"
 src="Alg_stitch3-4_299.tif" />
<Contour name="domain1" hidden="false" closed="true" simplified="false" border="1 0 1" fill="1 0 1" mode="11"
 points="0 0,
	15652 0,
	15652 8578,
	0 8578,
	"/>
</Transform>

<Transform dim="0"
 xcoef=" 0 1 0 0 0 0"
 ycoef=" 0 0 1 0 0 0">
<Image mag="0.00749" contrast="1" brightness="0" red="true" green="true" blue="true"
 src="Alg_stitch3-4_299.tif" />
<Contour name="domain1" hidden="false" closed="true" simplified="false" border="1 0 1" fill="1 0 1" mode="11"
 points="0 0,
	15652 0,
	15652 8578,
	0 8578,
	"/>
</Transform>

<Transform dim="0"
 xcoef=" 0 1 0 0 0 0"
 ycoef=" 0 0 1 0 0 0">
<Contour name="Tb2_NF40_LES" hidden="false" closed="true" simplified="true" border="0.501961 0.25098 0.25098" fill="0.501961 0.25098 0.25098" mode="-9"
 points="21.9012 35.1587,
	21.9766 35.0081,
	22.1084 34.8763,
	22.259 34.8386,
	22.3344 34.8386,
	22.485 34.9139,
	22.5792 35.0646,
	22.5603 35.1399,
	22.5603 35.1776,
	22.3532 35.4789,
	22.2779 35.5542,
	22.2025 35.5919,
	22.1272 35.5919,
	22.0519 35.5542,
	21.9389 35.4035,
	21.9012 35.3282,
	21.9012 35.1776,
	"/>
</Transform>

<Transform dim="0"
 xcoef=" 0 1 0 0 0 0"
 ycoef=" 0 0 1 0 0 0">
<Contour name="Tb2_NF29_LES" hidden="false" closed="true" simplified="true" border="0 0.501961 0.74902" fill="0 0.501961 0.74902" mode="-9"
 points="23.0963 32.5205,
	23.1419 32.4596,
	23.1572 32.3987,
	23.1419 32.2769,
	23.2028 32.2313,
	23.4464 32.1704,
	23.5073 32.1856,
	23.5987 32.4292,
	23.5835 32.551,
	23.5073 32.6728,
	23.4769 32.7032,
	23.416 32.7185,
	23.2942 32.6728,
	23.2333 32.6423,
	23.2028 32.6423,
	23.0963 32.551,
	23.0963 32.5358,
	"/>
<Contour name="Tb2_NF29_LES" hidden="false" closed="true" simplified="true" border="0 0.501961 0.74902" fill="0 0.501961 0.74902" mode="-9"
 points="23.4921 36.0984,
	23.5226 36.0679,
	23.7662 35.9614,
	24.0098 35.8852,
	24.1316 35.87,
	24.1925 35.9157,
	24.2229 35.9766,
	24.1925 36.0984,
	24.1316 36.2202,
	24.1011 36.2811,
	23.9793 36.342,
	23.8575 36.3572,
	23.7357 36.342,
	23.6139 36.2811,
	23.4921 36.1593,
	23.4921 36.1136,
	"/>
</Transform>

<Transform dim="0"
 xcoef=" 0 1 0 0 0 0"
 ycoef=" 0 0 1 0 0 0">
<Contour name="Tb2_NF54_LES" hidden="false" closed="true" simplified="true" border="1 0 0" fill="1 0 0" mode="-9"
 points="25.3553 46.1603,
	25.4647 46.0071,
	25.6179 45.8978,
	25.7929 45.8321,
	26.1429 45.8321,
	26.4929 45.9415,
	26.6023 46.0947,
	26.6461 46.0947,
	26.6898 46.1384,
	26.8648 46.1603,
	27.0399 46.1165,
	27.3899 46.1822,
	27.7399 46.204,
	28.44 46.3353,
	28.615 46.3791,
	28.7681 46.5322,
	28.8338 46.6197,
	28.6806 46.751,
	28.3306 46.7728,
	27.9806 46.7072,
	27.8056 46.6416,
	27.6305 46.5322,
	27.4555 46.4884,
	27.368 46.4447,
	27.018 46.4009,
	26.668 46.5103,
	26.4929 46.4884,
	26.1429 46.5541,
	25.7929 46.5103,
	25.6179 46.4666,
	25.4428 46.3353,
	25.3553 46.2478,
	25.3553 46.1822,
	"/>
</Transform>

<Transform dim="0"
 xcoef=" 0 1 0 0 0 0"
 ycoef=" 0 0 1 0 0 0">
<Contour name="TB2_NF001_LES" hidden="false" closed="true" simplified="true" border="1 1 0" fill="1 1 0" mode="-9"
 points="19.401 39.3683,
	19.4445 39.2521,
	19.6624 39.0633,
	19.7059 39.0343,
	19.9383 39.0343,
	19.9964 39.0488,
	20.0109 39.0633,
	20.0254 39.0488,
	20.1416 39.0924,
	20.2577 39.1795,
	20.3013 39.4118,
	20.3884 39.6442,
	20.403 39.7604,
	20.3884 39.8184,
	20.4756 40.0508,
	20.5482 40.5155,
	20.6208 40.6317,
	20.8531 40.8204,
	20.9548 40.8931,
	20.9838 40.9221,
	21.1 40.9657,
	21.2162 41.0528,
	21.3323 41.0964,
	21.4485 41.169,
	21.5066 41.2271,
	21.5502 41.3432,
	21.5647 41.4594,
	21.5502 41.5175,
	21.5066 41.5756,
	21.3904 41.6337,
	21.2743 41.6191,
	21.2162 41.6046,
	20.9838 41.4013,
	20.9548 41.4013,
	20.9403 41.3432,
	20.7079 41.1835,
	20.5917 41.0818,
	20.432 40.8495,
	20.3304 40.6171,
	20.2723 40.501,
	20.2432 40.2686,
	20.1561 40.0363,
	19.9964 39.8039,
	19.9092 39.6878,
	19.7931 39.6151,
	19.735 39.6006,
	19.6478 39.7023,
	19.6188 39.7168,
	19.5607 39.7023,
	19.5026 39.6587,
	19.4591 39.5425,
	19.43 39.5135,
	19.4155 39.3973,
	19.4155 39.3828,
	"/>
</Transform>

<Transform dim="0"
 xcoef=" 0 1 0 0 0 0"
 ycoef=" 0 0 1 0 0 0">
<Image mag="0.00749" contrast="1" brightness="0" red="true" green="true" blue="true"
 src="Alg_stitch3-4_299.tif" />
<Contour name="domain1" hidden="false" closed="true" simplified="false" border="1 0 1" fill="1 0 1" mode="11"
 points="0 0,
	15652 0,
	15652 8578,
	0 8578,
	"/>
</Transform>

<Transform dim="0"
 xcoef=" 0 1 0 0 0 0"
 ycoef=" 0 0 1 0 0 0">
<Contour name="TB2_BasalCell07_nuc_LES" hidden="false" closed="true" simplified="true" border="0.922 0.078 0.624" fill="1 0 0.5" mode="-11"
 points="25.0466 40.6265,
	25.1497 40.5233,
	25.3561 40.4459,
	25.4335 40.3685,
	25.4593 40.2654,
	25.3561 40.059,
	25.3303 39.8527,
	25.2529 39.6463,
	25.2271 39.5431,
	25.4335 39.1304,
	25.6398 38.9498,
	26.0525 38.7177,
	26.2589 38.6403,
	26.3621 38.6661,
	26.4395 38.7435,
	26.8522 38.4597,
	26.9554 38.434,
	27.0069 38.434,
	27.1875 38.6145,
	27.3939 38.6919,
	27.6002 38.7177,
	27.7034 38.6919,
	27.8066 38.6145,
	28.0129 38.5887,
	28.1161 38.5629,
	28.5288 38.5887,
	28.9415 38.5629,
	29.1479 38.6145,
	29.2511 38.6661,
	29.38 38.8725,
	29.3027 38.9498,
	29.0963 38.8725,
	28.9931 38.7951,
	28.89 38.7693,
	28.8384 38.8209,
	28.8384 38.9241,
	29.0447 39.3368,
	29.0447 39.4399,
	28.9157 39.6205,
	28.7094 39.6463,
	28.503 39.6205,
	28.3999 39.6205,
	28.2967 39.6979,
	28.2967 39.7495,
	28.3999 39.8269,
	28.4514 39.93,
	28.4514 40.0332,
	28.2967 40.2396,
	28.1935 40.4459,
	28.1419 40.6523,
	27.9613 40.8586,
	27.755 40.9102,
	27.7034 40.9102,
	27.6002 40.8071,
	27.5486 40.7813,
	27.3423 40.8586,
	27.2391 40.8329,
	27.1359 40.7555,
	26.9296 40.7813,
	26.7232 40.9102,
	26.6716 40.9618,
	26.4653 40.936,
	26.3621 40.8329,
	26.1557 40.8071,
	26.0525 40.8329,
	25.872 41.0392,
	25.4593 41.194,
	25.2529 41.1682,
	25.1239 40.9618,
	25.0466 40.7555,
	25.0466 40.6523,
	"/>
</Transform>

<Transform dim="0"
 xcoef=" 0 1 0 0 0 0"
 ycoef=" 0 0 1 0 0 0">
<Contour name="TB2_BasalCell07_CM_LES" hidden="false" closed="true" simplified="true" border="0.98 0.773 0.91" fill="1 0 0.5" mode="-11"
 points="23.0852 39.9608,
	23.1343 39.8953,
	23.2654 39.8789,
	23.331 39.8953,
	23.3965 39.9444,
	23.5276 39.9608,
	23.5931 39.9444,
	23.7242 39.8297,
	23.7897 39.797,
	23.9208 39.6659,
	23.9699 39.5348,
	23.9536 39.4038,
	23.9044 39.2727,
	23.8552 39.2072,
	23.8389 39.1416,
	23.8061 39.1088,
	23.675 39.2399,
	23.6259 39.3055,
	23.6095 39.3218,
	23.5931 39.2891,
	23.6586 39.158,
	23.7242 39.1088,
	23.7569 38.5846,
	23.7406 38.4535,
	23.7569 38.3879,
	24.0191 38.175,
	24.0846 38.1586,
	24.1174 38.1422,
	24.1829 38.1913,
	24.1829 38.3224,
	24.2485 38.3716,
	24.3795 38.3552,
	24.5106 38.2569,
	24.6089 38.1422,
	25.1332 38.0275,
	25.1987 38.0111,
	25.2315 37.9947,
	25.2971 38.0275,
	25.3298 38.0439,
	25.4609 37.9292,
	25.5264 37.7981,
	25.5756 37.7326,
	25.8377 37.6015,
	25.9688 37.5851,
	26.2309 37.4541,
	26.362 37.4213,
	26.4931 37.4377,
	26.6242 37.4868,
	26.6897 37.5196,
	26.7225 37.6507,
	26.6078 37.7817,
	26.5586 37.8473,
	26.5422 37.8637,
	26.575 37.9292,
	26.6405 37.962,
	26.6569 38.0275,
	26.6242 38.093,
	26.5586 38.1422,
	26.4276 38.1258,
	26.362 38.1422,
	26.3129 38.2077,
	26.3456 38.2733,
	26.3784 38.306,
	26.4439 38.2405,
	26.5095 38.2077,
	26.7716 38.2241,
	26.8372 38.2405,
	27.0993 38.1586,
	27.1648 38.1422,
	27.2959 38.175,
	27.427 38.2896,
	27.5581 38.3388,
	27.5908 38.3552,
	27.7219 38.2896,
	27.771 38.2241,
	27.8038 38.093,
	27.771 37.962,
	27.8366 37.8309,
	27.9021 37.7654,
	28.0332 37.6998,
	28.066 37.6834,
	28.3281 37.7981,
	28.41 38.0603,
	28.41 38.1258,
	28.4592 38.1913,
	28.7213 38.2405,
	29.2456 38.093,
	29.3767 38.0603,
	29.4422 38.0439,
	29.9665 38.2733,
	30.2287 38.3716,
	30.3434 38.4699,
	30.458 38.732,
	30.4417 38.8631,
	30.4417 38.9286,
	30.4253 38.9614,
	30.4744 39.0269,
	30.7366 39.0105,
	30.8676 39.0105,
	30.9332 39.0105,
	30.9987 39.0597,
	31.0315 39.1252,
	30.9823 39.2563,
	30.9659 39.3218,
	30.8349 39.4529,
	30.7038 39.5184,
	30.5727 39.5348,
	30.3106 39.4857,
	29.7863 39.6004,
	29.6552 39.6331,
	29.5241 39.7314,
	29.4914 39.7478,
	29.6225 39.8461,
	29.8846 39.797,
	30.4089 39.8789,
	30.54 39.8953,
	30.8021 40.0427,
	30.8513 40.1738,
	30.8513 40.2066,
	30.9168 40.2557,
	31.0479 40.2885,
	31.31 40.2557,
	31.3756 40.2721,
	31.4247 40.3377,
	31.3919 40.4687,
	31.1298 40.6981,
	31.0643 40.7145,
	30.9332 40.649,
	30.8676 40.6162,
	30.7366 40.6981,
	30.671 40.7636,
	30.1467 41.0586,
	30.0321 41.1732,
	29.9993 41.2388,
	30.0157 41.3043,
	29.9993 41.3699,
	29.9501 41.4354,
	29.688 41.5173,
	29.5569 41.5009,
	29.4258 41.4518,
	29.2948 41.4354,
	28.7705 41.5337,
	28.6394 41.5501,
	28.1151 41.7795,
	27.853 41.9105,
	27.5908 42.0908,
	27.4598 42.2054,
	27.3123 42.4676,
	27.2959 42.5004,
	27.3778 42.6314,
	27.3942 42.697,
	27.3451 42.828,
	27.2468 42.9591,
	27.1812 42.9263,
	27.2631 42.7953,
	27.2631 42.7625,
	27.1976 42.7133,
	27.1648 42.697,
	27.0338 42.7625,
	26.9682 42.7953,
	26.9191 42.8608,
	26.8863 42.9919,
	26.6242 43.2376,
	26.5586 43.2704,
	26.3784 43.5326,
	26.2801 43.7947,
	26.3784 44.0568,
	26.4112 44.319,
	26.3948 44.4501,
	26.3292 44.5811,
	26.1326 44.8433,
	26.0835 44.9088,
	25.9524 44.9744,
	25.8869 45.0235,
	26.018 45.1546,
	26.0835 45.1873,
	26.2146 45.1873,
	26.2801 45.1546,
	26.5422 45.1546,
	26.6733 45.1873,
	26.7389 45.171,
	27.001 45.2529,
	27.1321 45.2365,
	27.1976 45.2201,
	27.3287 45.1054,
	27.4598 45.0563,
	27.5908 45.0399,
	27.853 44.9252,
	27.9185 44.876,
	28.1807 44.9088,
	28.4428 44.9088,
	28.5739 44.8924,
	28.7049 44.9088,
	28.7377 44.9416,
	28.7213 45.0727,
	28.6886 45.1382,
	28.5575 45.2529,
	28.2953 45.3676,
	28.2298 45.4167,
	28.0987 45.4495,
	28.0332 45.4986,
	28.0004 45.5478,
	28.0332 45.5642,
	28.1643 45.4986,
	28.2953 45.4823,
	28.3445 45.5478,
	28.3609 45.5806,
	28.3117 45.7116,
	28.2462 45.7608,
	28.2134 45.7936,
	28.1479 45.8099,
	27.8857 46.0229,
	27.8202 46.0885,
	27.7874 46.1049,
	27.6564 46.0721,
	27.3942 46.0557,
	27.2631 46.0393,
	27.1321 46.0557,
	27.001 46.1049,
	26.8699 46.1212,
	26.7389 46.1049,
	26.6733 46.0885,
	26.5422 45.9574,
	26.4112 45.8755,
	26.2801 45.8427,
	26.2146 45.8263,
	26.0835 45.8427,
	25.9524 45.8263,
	25.6903 45.9082,
	25.5592 45.9574,
	25.4445 46.0721,
	25.4281 46.2032,
	25.51 46.4653,
	25.51 46.5308,
	25.3954 46.6128,
	25.3298 46.6291,
	25.2643 46.5964,
	25.1987 46.5308,
	25.166 46.3998,
	25.1824 46.2687,
	25.1987 46.2032,
	25.1824 46.1376,
	25.1332 46.1049,
	25.0021 46.2195,
	24.9366 46.2687,
	24.8055 46.2851,
	24.6745 46.2032,
	24.6089 46.2195,
	24.5761 46.2359,
	24.4942 46.1049,
	24.4778 46.0393,
	24.7236 45.7772,
	24.8547 45.6461,
	24.9366 45.5314,
	24.9858 45.4003,
	25.0021 45.3348,
	24.9858 45.2693,
	24.74 45.0235,
	24.7072 44.9907,
	24.6417 44.9744,
	24.5106 45.0399,
	24.2812 45.302,
	24.2157 45.3676,
	24.1829 45.4986,
	24.1338 45.5642,
	24.0682 45.5642,
	23.9372 45.4823,
	23.888 45.4167,
	23.8389 45.1546,
	23.8552 45.089,
	23.8061 45.0399,
	23.8716 44.9744,
	24.0027 44.8924,
	23.9863 44.8597,
	23.8552 44.8433,
	23.7897 44.876,
	23.7242 44.9416,
	23.6586 44.958,
	23.5276 44.9252,
	23.4784 44.7941,
	23.6259 44.532,
	23.7078 44.4009,
	23.8389 44.319,
	24.101 44.2371,
	24.3632 44.2043,
	24.4942 44.1715,
	24.5598 44.1388,
	24.6908 44.1224,
	24.7564 44.1224,
	24.8874 44.0241,
	25.0185 43.9749,
	25.1496 43.9913,
	25.2151 43.9585,
	25.2479 43.9258,
	25.1987 43.8602,
	25.1824 43.8275,
	25.2479 43.6964,
	25.2479 43.6636,
	25.1987 43.6145,
	25.1332 43.6472,
	25.0021 43.7783,
	24.8711 43.8275,
	24.6089 43.8111,
	24.3468 43.6636,
	24.2976 43.5981,
	24.3468 43.467,
	24.4778 43.4342,
	24.6089 43.4834,
	24.74 43.4998,
	25.0021 43.2868,
	25.0677 43.254,
	25.1004 43.2376,
	24.8383 43.0902,
	24.7072 43.0083,
	24.6417 42.9755,
	24.3795 42.9591,
	24.2485 42.9755,
	24.1829 42.9919,
	24.101 43.123,
	24.0519 43.1885,
	23.888 42.9263,
	23.9208 42.7953,
	23.9863 42.6642,
	23.9863 42.5331,
	23.9536 42.4676,
	23.9208 42.4348,
	23.8552 42.5004,
	23.7897 42.484,
	23.7406 42.4184,
	23.7569 42.1563,
	23.7406 42.0252,
	23.6914 41.8941,
	23.5603 41.7631,
	23.4784 41.6484,
	23.4293 41.5828,
	23.544 41.4682,
	23.675 41.419,
	23.7569 41.3043,
	23.8061 41.0422,
	23.7897 40.9111,
	23.7406 40.8456,
	23.7242 40.8128,
	23.6586 40.8292,
	23.5931 40.7964,
	23.3473 40.5343,
	23.1835 40.2721,
	23.1343 40.2066,
	23.1016 40.0755,
	23.0852 40.01,
	23.0852 39.9772,
	"/>
</Transform>

<Transform dim="0"
 xcoef=" 0 1 0 0 0 0"
 ycoef=" 0 0 1 0 0 0">
<Contour name="TB2_BasalCell07_CM_LES" hidden="false" closed="true" simplified="true" border="0.98 0.773 0.91" fill="1 0 0.5" mode="-11"
 points="22.2005 37.0608,
	22.2824 36.9298,
	22.4134 36.8151,
	22.6756 36.7495,
	22.9377 36.6348,
	23.0524 36.5038,
	23.0852 36.3727,
	23.1343 36.3235,
	23.2654 36.2908,
	23.5276 36.3072,
	23.7897 36.3563,
	23.9208 36.3563,
	24.0519 36.3235,
	24.1174 36.2908,
	24.1829 36.2252,
	24.314 35.9631,
	24.3468 35.8976,
	24.4123 35.8648,
	24.4778 35.8976,
	24.4942 35.9631,
	24.4123 36.2252,
	24.4123 36.2908,
	24.4451 36.3235,
	24.5761 36.3072,
	24.6417 36.2908,
	24.7728 36.3399,
	24.8219 36.3891,
	24.8383 36.4546,
	24.7891 36.5857,
	24.6908 36.7168,
	24.6417 36.7823,
	24.5106 36.7987,
	24.4451 36.8151,
	24.4123 36.8151,
	24.3959 36.8806,
	24.4451 37.0117,
	24.4123 37.0281,
	24.3468 37.0117,
	24.2976 37.0608,
	24.2812 37.1264,
	24.314 37.2574,
	24.3304 37.323,
	24.314 37.3885,
	24.2485 37.4377,
	24.2157 37.5687,
	24.2157 37.6998,
	24.1502 37.749,
	24.1174 37.7654,
	24.0519 37.749,
	23.9536 37.8637,
	23.8389 37.9456,
	23.8061 37.9456,
	23.8225 38.0766,
	23.7733 38.2077,
	23.6423 38.2896,
	23.5767 38.3552,
	23.5112 38.3879,
	23.4456 38.3879,
	23.4129 38.3716,
	23.1507 38.4207,
	23.0197 38.4371,
	22.8886 38.4863,
	22.8231 38.5026,
	22.7084 38.6337,
	22.6428 38.6501,
	22.5773 38.6009,
	22.5118 38.4699,
	22.4626 38.2077,
	22.4298 38.0766,
	22.4462 37.9456,
	22.3315 37.8637,
	22.2988 37.8309,
	22.2824 37.6998,
	22.2988 37.6343,
	22.2824 37.5032,
	22.2332 37.3721,
	22.2005 37.3066,
	22.2005 37.1755,
	22.2005 37.11,
	22.2005 37.0772,
	"/>
</Transform>

<Transform dim="0"
 xcoef=" 0 1 0 0 0 0"
 ycoef=" 0 0 1 0 0 0">
<Contour name="TB2_NF07_RSL" hidden="false" closed="true" simplified="true" border="0 0 0.501961" fill="0 0 0.501961" mode="-9"
 points="19.6254 39.7591,
	19.6471 39.7158,
	19.6579 39.6942,
	19.6795 39.6726,
	19.7228 39.6618,
	19.766 39.6618,
	19.7876 39.6564,
	19.8309 39.6726,
	19.8417 39.6726,
	19.9228 39.7429,
	19.9877 39.8131,
	20.0471 39.8996,
	20.139 40.0727,
	20.1553 40.1159,
	20.1823 40.1592,
	20.1931 40.1808,
	20.1931 40.1916,
	20.2039 40.2024,
	20.2201 40.2889,
	20.2147 40.4619,
	20.231 40.5484,
	20.2526 40.5917,
	20.2796 40.7647,
	20.285 40.8079,
	20.3012 40.8512,
	20.3661 40.9377,
	20.4472 41.0188,
	20.5283 41.0891,
	20.5445 41.0999,
	20.5878 41.1431,
	20.6635 41.2134,
	20.7229 41.2945,
	20.7554 41.3378,
	20.777 41.381,
	20.7878 41.4675,
	20.7824 41.5108,
	20.7392 41.5324,
	20.7392 41.554,
	20.7392 41.5648,
	20.7175 41.5756,
	20.631 41.5594,
	20.5445 41.5162,
	20.3715 41.408,
	20.285 41.3378,
	20.2418 41.3053,
	20.2364 41.2945,
	20.2256 41.2945,
	20.2039 41.2729,
	20.1823 41.2621,
	20.1012 41.1864,
	20.0634 41.1539,
	19.9985 41.0674,
	19.9769 41.0242,
	19.9606 41.0026,
	19.9552 40.9809,
	19.939 40.9593,
	19.9174 40.8728,
	19.8958 40.8296,
	19.8958 40.8187,
	19.8687 40.7755,
	19.8363 40.689,
	19.7984 40.516,
	19.7336 40.343,
	19.7282 40.17,
	19.7173 40.0835,
	19.7119 40.0402,
	19.6417 39.8672,
	19.6254 39.7807,
	19.6254 39.7645,
	"/>
<Contour name="TB2_NF07_RSL" hidden="false" closed="true" simplified="true" border="0 0 0.501961" fill="0 0 0.501961" mode="-9"
 points="18.8415 38.8724,
	18.8631 38.7859,
	18.8739 38.7427,
	18.9658 38.5697,
	18.9983 38.4832,
	19.0145 38.4399,
	19.0469 38.4021,
	19.0902 38.3696,
	19.1767 38.3264,
	19.2632 38.2939,
	19.3497 38.2831,
	19.3713 38.2885,
	19.4146 38.3264,
	19.5011 38.375,
	19.5443 38.4129,
	19.6038 38.494,
	19.6795 38.5534,
	19.7336 38.6237,
	19.8038 38.7102,
	19.8849 38.7967,
	19.8958 38.8129,
	19.966 38.8886,
	19.9823 38.9103,
	19.9985 38.9211,
	20.0417 38.9643,
	20.058 38.986,
	20.0634 38.9968,
	20.0471 39.013,
	19.9606 39.0076,
	19.7876 39.0238,
	19.7444 39.0238,
	19.6579 39.0508,
	19.6146 39.0725,
	19.5281 39.1427,
	19.4849 39.1806,
	19.4741 39.1914,
	19.4524 39.1752,
	19.4416 39.1536,
	19.447 39.0671,
	19.5065 38.894,
	19.5227 38.8508,
	19.5227 38.8075,
	19.5119 38.7643,
	19.5011 38.7427,
	19.4578 38.7102,
	19.4362 38.7048,
	19.4254 38.694,
	19.42 38.6508,
	19.4578 38.5643,
	19.4686 38.5426,
	19.4686 38.4994,
	19.447 38.4561,
	19.4362 38.4561,
	19.4146 38.4399,
	19.3281 38.4345,
	19.2848 38.4399,
	19.2416 38.4561,
	19.22 38.4615,
	19.1767 38.4886,
	19.1551 38.5048,
	19.1334 38.5102,
	19.0902 38.5372,
	19.0686 38.548,
	19.0469 38.5697,
	19.0361 38.5805,
	19.0307 38.6237,
	19.0307 38.6453,
	19.0469 38.6886,
	19.0632 38.7102,
	19.0794 38.7967,
	19.0524 38.8346,
	18.9658 38.9049,
	18.928 38.9427,
	18.9064 38.9535,
	18.8848 38.9535,
	18.8685 38.9751,
	18.8577 38.9805,
	18.8469 38.9697,
	18.8415 38.8832,
	18.8415 38.8778,
	"/>
</Transform>

</Section>