<?xml version="1.0"?>
<!DOCTYPE Section SYSTEM "section.dtd">

<Section index="286" thickness="0.08" alignLocked="true">
<Transform dim="0"
 xcoef=" 0 1 0 0 0 0"
 ycoef=" 0 0 1 0 0 0">
<Image mag="0.00749" contrast="1" brightness="0" red="true" green="true" blue="true"
 src="Alg_stitch3-4_286.tif" />
<Contour name="domain1" hidden="false" closed="true" simplified="false" border="1 0 1" fill="1 0 1" mode="11"
 points="0 0,
	15652 0,
	15652 8578,
	0 8578,
	"/>
</Transform>

<Transform dim="0"
 xcoef=" 0 1 0 0 0 0"
 ycoef=" 0 0 1 0 0 0">
<Contour name="TB3_NF01-PG_RSL" hidden="false" closed="true" simplified="true" border="1 1 0" fill="1 1 0" mode="-9"
 points="17.99 11.31,
	18.08 11.15,
	18.13 11.07,
	18.14 11.03,
	18.18 11,
	18.34 11.01,
	18.5 11.11,
	18.66 11.18,
	18.74 11.2,
	18.88 11.35,
	18.94 11.43,
	19 11.59,
	19.04 11.75,
	19.06 12.07,
	19.06 12.09,
	19.02 12.11,
	18.94 12.11,
	18.9 12.11,
	18.74 12.03,
	18.72 12.02,
	18.7 12.03,
	18.62 12,
	18.54 11.94,
	18.39 11.79,
	18.35 11.76,
	18.33 11.76,
	18.25 11.71,
	18.1 11.58,
	18.03 11.5,
	18 11.46,
	17.99 11.38,
	17.99 11.34,
	17.99 11.32,
	"/>
</Transform>

<Transform dim="0"
 xcoef=" 0 1 0 0 0 0"
 ycoef=" 0 0 1 0 0 0">
<Contour name="TB3_NF01-PG_RSL" hidden="false" closed="true" simplified="true" border="1 1 0" fill="1 1 0" mode="-9"
 points="22.17 17.12,
	22.18 17.08,
	22.26 17.02,
	22.34 17,
	22.5 17,
	22.58 17.05,
	22.62 17.07,
	22.7 17.14,
	22.74 17.17,
	22.9 17.21,
	22.98 17.24,
	23.02 17.25,
	23.1 17.31,
	23.13 17.33,
	23.17 17.41,
	23.18 17.49,
	23.03 17.6,
	22.95 17.61,
	22.87 17.6,
	22.83 17.59,
	22.75 17.54,
	22.74 17.56,
	22.7 17.56,
	22.62 17.51,
	22.46 17.44,
	22.38 17.41,
	22.22 17.3,
	22.18 17.26,
	22.17 17.18,
	22.17 17.14,
	22.17 17.13,
	"/>
</Transform>

<Transform dim="0"
 xcoef=" 0 1 0 0 0 0"
 ycoef=" 0 0 1 0 0 0">
<Contour name="TB3_NF01-PG_RSL" hidden="false" closed="true" simplified="true" border="1 1 0" fill="1 1 0" mode="-9"
 points="23.9 15.58,
	23.93 15.5,
	23.98 15.42,
	24.02 15.38,
	24.02 15.34,
	24.1 15.26,
	24.18 15.2,
	24.34 15.12,
	24.5 15.07,
	24.66 15,
	24.82 14.99,
	24.98 15,
	25.06 15.04,
	25.13 15.12,
	25.15 15.14,
	25.16 15.22,
	25.13 15.3,
	25.05 15.36,
	24.92 15.52,
	24.76 15.63,
	24.6 15.7,
	24.28 15.77,
	24.12 15.8,
	24.04 15.81,
	23.96 15.8,
	23.92 15.76,
	23.9 15.68,
	23.9 15.6,
	23.9 15.59,
	"/>
</Transform>

<Transform dim="0"
 xcoef=" 0 1 0 0 0 0"
 ycoef=" 0 0 1 0 0 0">
<Contour name="TB3_NF01-PG_RSL" hidden="false" closed="true" simplified="true" border="1 1 0" fill="1 1 0" mode="-9"
 points="26.92 15.16,
	26.93 15.12,
	27.01 15.07,
	27.12 14.91,
	27.16 14.9,
	27.18 14.9,
	27.22 14.87,
	27.24 14.87,
	27.32 14.82,
	27.4 14.79,
	27.48 14.79,
	27.64 14.76,
	27.72 14.73,
	27.88 14.71,
	28.52 14.72,
	28.6 14.73,
	28.68 14.76,
	28.84 14.76,
	29.16 14.73,
	29.24 14.72,
	29.4 14.65,
	29.44 14.64,
	29.46 14.62,
	29.62 14.57,
	29.78 14.49,
	29.94 14.43,
	30.1 14.39,
	30.18 14.36,
	30.26 14.35,
	30.3 14.34,
	30.34 14.35,
	30.38 14.38,
	30.4 14.4,
	30.41 14.56,
	30.4 14.64,
	30.25 14.79,
	30.19 14.87,
	30.15 14.95,
	30.13 14.99,
	29.99 15.14,
	29.95 15.18,
	29.87 15.23,
	29.71 15.29,
	29.67 15.3,
	29.65 15.32,
	29.61 15.33,
	29.57 15.36,
	29.49 15.39,
	29.45 15.41,
	29.41 15.41,
	29.37 15.39,
	29.29 15.31,
	29.26 15.27,
	29.25 15.23,
	29.14 15.07,
	29.06 15.01,
	29.02 14.98,
	28.94 14.97,
	28.78 15.03,
	28.7 15.08,
	28.67 15.12,
	28.64 15.2,
	28.56 15.25,
	28.4 15.28,
	28.08 15.29,
	27.92 15.36,
	27.87 15.52,
	27.84 15.55,
	27.68 15.54,
	27.64 15.53,
	27.61 15.5,
	27.62 15.42,
	27.63 15.38,
	27.58 15.33,
	27.42 15.32,
	27.26 15.33,
	27.1 15.32,
	27.02 15.31,
	27 15.31,
	26.93 15.23,
	26.92 15.19,
	26.92 15.17,
	"/>
</Transform>

<Transform dim="0"
 xcoef=" 0 1 0 0 0 0"
 ycoef=" 0 0 1 0 0 0">
<Contour name="TB3_NF01-PG_RSL" hidden="false" closed="true" simplified="true" border="1 1 0" fill="1 1 0" mode="-9"
 points="62.19 10.34,
	62.21 10.3,
	62.29 10.23,
	62.37 10.19,
	62.45 10.13,
	62.53 10.11,
	62.61 10.16,
	62.64 10.2,
	62.65 10.28,
	62.6 10.36,
	62.56 10.4,
	62.57 10.41,
	62.49 10.46,
	62.41 10.49,
	62.38 10.48,
	62.3 10.49,
	62.26 10.49,
	62.22 10.47,
	62.19 10.43,
	62.19 10.35,
	"/>
</Transform>

<Transform dim="0"
 xcoef=" 0 1 0 0 0 0"
 ycoef=" 0 0 1 0 0 0">
<Contour name="TB3_NF01-PG_RSL" hidden="false" closed="true" simplified="true" border="1 1 0" fill="1 1 0" mode="-9"
 points="64.21 9.97,
	64.24 9.93,
	64.3 9.88,
	64.38 9.83,
	65.02 9.74,
	65.1 9.73,
	65.14 9.72,
	65.16 9.7,
	65.32 9.65,
	65.48 9.63,
	65.52 9.64,
	65.6 9.7,
	65.64 9.72,
	65.79 9.88,
	65.84 9.96,
	65.85 10.04,
	65.8 10.12,
	65.72 10.19,
	65.69 10.23,
	65.61 10.25,
	65.53 10.25,
	65.49 10.23,
	65.33 10.22,
	65.29 10.22,
	64.97 10.12,
	64.81 10.07,
	64.65 10.06,
	64.63 10.06,
	64.55 10.01,
	64.51 9.98,
	64.47 10,
	64.39 10,
	64.23 10.03,
	64.21 10.02,
	64.21 9.98,
	"/>
</Transform>

<Transform dim="0"
 xcoef=" 0 1 0 0 0 0"
 ycoef=" 0 0 1 0 0 0">
<Contour name="TB3_NF01-PG_RSL" hidden="false" closed="true" simplified="true" border="1 1 0" fill="1 1 0" mode="-9"
 points="65.2 14.2,
	65.2778 14.1222,
	65.4556 14.0111,
	65.5 13.9778,
	65.5889 13.9667,
	65.6778 13.9778,
	65.7667 14.0111,
	65.9222 14.1667,
	65.9889 14.2556,
	66.0111 14.3,
	66.0111 14.3889,
	66 14.4333,
	65.9222 14.4889,
	65.8333 14.4778,
	65.8111 14.4667,
	65.8 14.5111,
	65.7556 14.5333,
	65.7111 14.5222,
	65.6667 14.4778,
	65.5 14.3889,
	65.3222 14.3333,
	65.2333 14.2889,
	65.2 14.2444,
	65.2 14.2111,
	"/>
<Contour name="TB3_NF01-PG_RSL" hidden="false" closed="true" simplified="true" border="1 1 0" fill="1 1 0" mode="-9"
 points="63.7667 14.3,
	63.8333 14.1222,
	63.8778 14.0333,
	63.9 13.9444,
	63.9222 13.9,
	63.9667 13.8556,
	64.0556 13.8333,
	64.1444 13.8333,
	64.3222 13.9,
	64.4111 13.9333,
	64.5 13.9444,
	64.6778 14.0333,
	64.7667 14.0444,
	64.8111 14.0556,
	64.8889 14.1444,
	64.9 14.1889,
	64.9 14.2111,
	64.8556 14.2556,
	64.5 14.3333,
	64.4556 14.3556,
	64.4333 14.3778,
	64.5222 14.3556,
	64.5333 14.3667,
	64.4556 14.4444,
	64.2889 14.5444,
	64.2 14.5667,
	64.0222 14.5556,
	63.9333 14.5111,
	63.8444 14.4444,
	63.7778 14.3667,
	63.7667 14.3222,
	63.7667 14.3111,
	"/>
<Contour name="TB3_NF01-PG_RSL" hidden="false" closed="true" simplified="true" border="1 1 0" fill="1 1 0" mode="-9"
 points="60.9889 15.1556,
	61.0333 15.1222,
	61.0444 15.1111,
	61.0556 15.1333,
	61.0222 15.1667,
	61 15.1667,
	"/>
<Contour name="TB3_NF01-PG_RSL" hidden="false" closed="true" simplified="true" border="1 1 0" fill="1 1 0" mode="-9"
 points="59.7333 14.2889,
	59.7556 14.2667,
	59.7556 14.2444,
	59.8 14.2,
	59.9778 14.2,
	60.1556 14.2778,
	60.2444 14.3333,
	60.3222 14.4111,
	60.5 14.5111,
	60.5889 14.5667,
	60.7667 14.5889,
	60.9444 14.6556,
	61.0333 14.6889,
	61.2111 14.7222,
	61.2556 14.8111,
	61.2556 14.9,
	61.1889 14.9889,
	61.0444 15.1333,
	61 15.1667,
	60.9556 15.1778,
	60.9333 15.1889,
	60.9 15.1667,
	60.7222 15.1556,
	60.5444 15.1111,
	60.4556 15.0778,
	60.3667 14.9889,
	60.2889 14.8111,
	60.2889 14.7222,
	60.1222 14.5889,
	59.9444 14.5222,
	59.9 14.5222,
	59.8111 14.4778,
	59.7778 14.4333,
	59.7444 14.3444,
	59.7333 14.3,
	"/>
</Transform>

<Transform dim="0"
 xcoef=" 0 1 0 0 0 0"
 ycoef=" 0 0 1 0 0 0">
<Contour name="TB3_NF01-PG_RSL" hidden="false" closed="true" simplified="true" border="1 1 0" fill="1 1 0" mode="-9"
 points="58.7667 14.1,
	58.8111 14.0667,
	58.9889 14.0333,
	59.1667 14.0556,
	59.2556 14.0667,
	59.2778 14.0667,
	59.4556 14.2111,
	59.4889 14.3,
	59.4889 14.3444,
	59.4889 14.3667,
	59.4 14.4556,
	59.3111 14.4667,
	59.1333 14.4111,
	59.1111 14.4111,
	58.9333 14.3,
	58.8444 14.2889,
	58.7778 14.2111,
	58.7667 14.1222,
	58.7667 14.1111,
	"/>
</Transform>

<Transform dim="0"
 xcoef=" 0 1 0 0 0 0"
 ycoef=" 0 0 1 0 0 0">
<Contour name="TB3_NF01-PG_RSL" hidden="false" closed="true" simplified="true" border="1 1 0" fill="1 1 0" mode="-9"
 points="53.1778 14.3778,
	53.2667 14.3444,
	53.3556 14.3333,
	53.5333 14.2778,
	53.7111 14.2,
	53.8 14.1667,
	54.1556 14.1111,
	54.3333 14.1,
	54.4222 14.1,
	54.5111 14.1222,
	54.6889 14.2111,
	54.8667 14.2778,
	55.2222 14.3556,
	55.4 14.4333,
	55.4444 14.4556,
	55.4667 14.4778,
	55.6444 14.5222,
	55.8222 14.5333,
	55.8667 14.5667,
	55.8778 14.6111,
	55.8667 14.6556,
	55.7778 14.6889,
	55.6 14.7222,
	55.4222 14.7222,
	55.0667 14.6889,
	54.3556 14.6778,
	54 14.7,
	53.9111 14.7,
	53.5556 14.6222,
	53.3778 14.6,
	53.2889 14.5778,
	53.2111 14.5,
	53.1778 14.4556,
	53.1778 14.4111,
	53.1778 14.3889,
	"/>
</Transform>

<Transform dim="0"
 xcoef=" 0 1 0 0 0 0"
 ycoef=" 0 0 1 0 0 0">
<Contour name="TB3_NF01-PG_RSL" hidden="false" closed="true" simplified="true" border="1 1 0" fill="1 1 0" mode="-9"
 points="44.6111 16.4222,
	44.6667 16.3333,
	44.7556 16.2556,
	44.9333 16.2,
	44.9778 16.2,
	45.0667 16.1667,
	45.2444 16.1556,
	45.3333 16.1667,
	45.3556 16.1667,
	45.4333 16.2444,
	45.4667 16.2889,
	45.4778 16.3778,
	45.4222 16.4667,
	45.0778 16.5889,
	44.9 16.6,
	44.7222 16.5667,
	44.6333 16.5222,
	44.6111 16.5,
	44.6111 16.4556,
	44.6111 16.4333,
	"/>
</Transform>

<Transform dim="0"
 xcoef=" 0 1 0 0 0 0"
 ycoef=" 0 0 1 0 0 0">
<Contour name="TB3_NF01-PG_RSL" hidden="false" closed="true" simplified="true" border="1 1 0" fill="1 1 0" mode="-9"
 points="41.9 17.6111,
	41.9889 17.5444,
	42.1667 17.4778,
	42.2556 17.4556,
	42.4333 17.4444,
	42.5222 17.4111,
	42.7 17.3889,
	42.7889 17.4,
	42.8778 17.4556,
	42.9444 17.5111,
	42.9556 17.6,
	42.9111 17.6444,
	42.7333 17.7222,
	42.5556 17.7778,
	42.4667 17.7889,
	42.4222 17.8111,
	42.2444 17.8111,
	42.0667 17.7778,
	41.9778 17.7444,
	41.9 17.6667,
	41.9 17.6222,
	"/>
<Contour name="TB3_NF01-PG_RSL" hidden="false" closed="true" simplified="true" border="1 1 0" fill="1 1 0" mode="-9"
 points="40.0333 18.8778,
	40.1 18.7889,
	40.1778 18.7222,
	40.2667 18.6778,
	40.4444 18.5333,
	40.5333 18.4667,
	40.6222 18.4222,
	40.8 18.3889,
	40.9778 18.2889,
	41.1556 18.2111,
	41.3333 18.1778,
	41.4222 18.1778,
	41.4667 18.1778,
	41.5444 18.2333,
	41.5778 18.2778,
	41.6111 18.3667,
	41.6222 18.4556,
	41.6222 18.5,
	41.5889 18.5889,
	41.5667 18.6333,
	41.4778 18.7,
	41.3889 18.7333,
	41.3 18.7333,
	41.2556 18.7333,
	41.2444 18.7444,
	41.2778 18.7667,
	41.2667 18.7778,
	41.2222 18.7667,
	41.0444 18.7889,
	40.9556 18.7889,
	40.7778 18.7444,
	40.6 18.7333,
	40.4222 18.8556,
	40.3333 18.9111,
	40.1556 18.9444,
	40.0667 18.9444,
	40.0333 18.9,
	40.0333 18.8889,
	"/>
</Transform>

<Transform dim="0"
 xcoef=" 0 1 0 0 0 0"
 ycoef=" 0 0 1 0 0 0">
<Contour name="TB3_NF01-PG_RSL" hidden="false" closed="true" simplified="true" border="1 1 0" fill="1 1 0" mode="-9"
 points="17.99 11.31,
	18.08 11.15,
	18.13 11.07,
	18.14 11.03,
	18.18 11,
	18.34 11.01,
	18.5 11.11,
	18.66 11.18,
	18.74 11.2,
	18.88 11.35,
	18.94 11.43,
	19 11.59,
	19.04 11.75,
	19.06 12.07,
	19.06 12.09,
	19.02 12.11,
	18.94 12.11,
	18.9 12.11,
	18.74 12.03,
	18.72 12.02,
	18.7 12.03,
	18.62 12,
	18.54 11.94,
	18.39 11.79,
	18.35 11.76,
	18.33 11.76,
	18.25 11.71,
	18.1 11.58,
	18.03 11.5,
	18 11.46,
	17.99 11.38,
	17.99 11.34,
	17.99 11.32,
	"/>
</Transform>

<Transform dim="0"
 xcoef=" 0 1 0 0 0 0"
 ycoef=" 0 0 1 0 0 0">
<Contour name="TB3_NF01-PG_RSL" hidden="false" closed="true" simplified="true" border="1 1 0" fill="1 1 0" mode="-9"
 points="22.17 17.12,
	22.18 17.08,
	22.26 17.02,
	22.34 17,
	22.5 17,
	22.58 17.05,
	22.62 17.07,
	22.7 17.14,
	22.74 17.17,
	22.9 17.21,
	22.98 17.24,
	23.02 17.25,
	23.1 17.31,
	23.13 17.33,
	23.17 17.41,
	23.18 17.49,
	23.03 17.6,
	22.95 17.61,
	22.87 17.6,
	22.83 17.59,
	22.75 17.54,
	22.74 17.56,
	22.7 17.56,
	22.62 17.51,
	22.46 17.44,
	22.38 17.41,
	22.22 17.3,
	22.18 17.26,
	22.17 17.18,
	22.17 17.14,
	22.17 17.13,
	"/>
</Transform>

<Transform dim="0"
 xcoef=" 0 1 0 0 0 0"
 ycoef=" 0 0 1 0 0 0">
<Contour name="TB3_NF01-PG_RSL" hidden="false" closed="true" simplified="true" border="1 1 0" fill="1 1 0" mode="-9"
 points="23.9 15.58,
	23.93 15.5,
	23.98 15.42,
	24.02 15.38,
	24.02 15.34,
	24.1 15.26,
	24.18 15.2,
	24.34 15.12,
	24.5 15.07,
	24.66 15,
	24.82 14.99,
	24.98 15,
	25.06 15.04,
	25.13 15.12,
	25.15 15.14,
	25.16 15.22,
	25.13 15.3,
	25.05 15.36,
	24.92 15.52,
	24.76 15.63,
	24.6 15.7,
	24.28 15.77,
	24.12 15.8,
	24.04 15.81,
	23.96 15.8,
	23.92 15.76,
	23.9 15.68,
	23.9 15.6,
	23.9 15.59,
	"/>
</Transform>

<Transform dim="0"
 xcoef=" 0 1 0 0 0 0"
 ycoef=" 0 0 1 0 0 0">
<Contour name="TB3_NF01-PG_RSL" hidden="false" closed="true" simplified="true" border="1 1 0" fill="1 1 0" mode="-9"
 points="26.92 15.16,
	26.93 15.12,
	27.01 15.07,
	27.12 14.91,
	27.16 14.9,
	27.18 14.9,
	27.22 14.87,
	27.24 14.87,
	27.32 14.82,
	27.4 14.79,
	27.48 14.79,
	27.64 14.76,
	27.72 14.73,
	27.88 14.71,
	28.52 14.72,
	28.6 14.73,
	28.68 14.76,
	28.84 14.76,
	29.16 14.73,
	29.24 14.72,
	29.4 14.65,
	29.44 14.64,
	29.46 14.62,
	29.62 14.57,
	29.78 14.49,
	29.94 14.43,
	30.1 14.39,
	30.18 14.36,
	30.26 14.35,
	30.3 14.34,
	30.34 14.35,
	30.38 14.38,
	30.4 14.4,
	30.41 14.56,
	30.4 14.64,
	30.25 14.79,
	30.19 14.87,
	30.15 14.95,
	30.13 14.99,
	29.99 15.14,
	29.95 15.18,
	29.87 15.23,
	29.71 15.29,
	29.67 15.3,
	29.65 15.32,
	29.61 15.33,
	29.57 15.36,
	29.49 15.39,
	29.45 15.41,
	29.41 15.41,
	29.37 15.39,
	29.29 15.31,
	29.26 15.27,
	29.25 15.23,
	29.14 15.07,
	29.06 15.01,
	29.02 14.98,
	28.94 14.97,
	28.78 15.03,
	28.7 15.08,
	28.67 15.12,
	28.64 15.2,
	28.56 15.25,
	28.4 15.28,
	28.08 15.29,
	27.92 15.36,
	27.87 15.52,
	27.84 15.55,
	27.68 15.54,
	27.64 15.53,
	27.61 15.5,
	27.62 15.42,
	27.63 15.38,
	27.58 15.33,
	27.42 15.32,
	27.26 15.33,
	27.1 15.32,
	27.02 15.31,
	27 15.31,
	26.93 15.23,
	26.92 15.19,
	26.92 15.17,
	"/>
</Transform>

<Transform dim="0"
 xcoef=" 0 1 0 0 0 0"
 ycoef=" 0 0 1 0 0 0">
<Contour name="TB3_NF01-PG_RSL" hidden="false" closed="true" simplified="true" border="1 1 0" fill="1 1 0" mode="-9"
 points="62.19 10.34,
	62.21 10.3,
	62.29 10.23,
	62.37 10.19,
	62.45 10.13,
	62.53 10.11,
	62.61 10.16,
	62.64 10.2,
	62.65 10.28,
	62.6 10.36,
	62.56 10.4,
	62.57 10.41,
	62.49 10.46,
	62.41 10.49,
	62.38 10.48,
	62.3 10.49,
	62.26 10.49,
	62.22 10.47,
	62.19 10.43,
	62.19 10.35,
	"/>
</Transform>

<Transform dim="0"
 xcoef=" 0 1 0 0 0 0"
 ycoef=" 0 0 1 0 0 0">
<Contour name="TB3_NF01-PG_RSL" hidden="false" closed="true" simplified="true" border="1 1 0" fill="1 1 0" mode="-9"
 points="64.21 9.97,
	64.24 9.93,
	64.3 9.88,
	64.38 9.83,
	65.02 9.74,
	65.1 9.73,
	65.14 9.72,
	65.16 9.7,
	65.32 9.65,
	65.48 9.63,
	65.52 9.64,
	65.6 9.7,
	65.64 9.72,
	65.79 9.88,
	65.84 9.96,
	65.85 10.04,
	65.8 10.12,
	65.72 10.19,
	65.69 10.23,
	65.61 10.25,
	65.53 10.25,
	65.49 10.23,
	65.33 10.22,
	65.29 10.22,
	64.97 10.12,
	64.81 10.07,
	64.65 10.06,
	64.63 10.06,
	64.55 10.01,
	64.51 9.98,
	64.47 10,
	64.39 10,
	64.23 10.03,
	64.21 10.02,
	64.21 9.98,
	"/>
</Transform>

<Transform dim="0"
 xcoef=" 0 1 0 0 0 0"
 ycoef=" 0 0 1 0 0 0">
<Contour name="TB3_NF01-PG_RSL" hidden="false" closed="true" simplified="true" border="1 1 0" fill="1 1 0" mode="-9"
 points="65.2 14.2,
	65.2778 14.1222,
	65.4556 14.0111,
	65.5 13.9778,
	65.5889 13.9667,
	65.6778 13.9778,
	65.7667 14.0111,
	65.9222 14.1667,
	65.9889 14.2556,
	66.0111 14.3,
	66.0111 14.3889,
	66 14.4333,
	65.9222 14.4889,
	65.8333 14.4778,
	65.8111 14.4667,
	65.8 14.5111,
	65.7556 14.5333,
	65.7111 14.5222,
	65.6667 14.4778,
	65.5 14.3889,
	65.3222 14.3333,
	65.2333 14.2889,
	65.2 14.2444,
	65.2 14.2111,
	"/>
<Contour name="TB3_NF01-PG_RSL" hidden="false" closed="true" simplified="true" border="1 1 0" fill="1 1 0" mode="-9"
 points="63.7667 14.3,
	63.8333 14.1222,
	63.8778 14.0333,
	63.9 13.9444,
	63.9222 13.9,
	63.9667 13.8556,
	64.0556 13.8333,
	64.1444 13.8333,
	64.3222 13.9,
	64.4111 13.9333,
	64.5 13.9444,
	64.6778 14.0333,
	64.7667 14.0444,
	64.8111 14.0556,
	64.8889 14.1444,
	64.9 14.1889,
	64.9 14.2111,
	64.8556 14.2556,
	64.5 14.3333,
	64.4556 14.3556,
	64.4333 14.3778,
	64.5222 14.3556,
	64.5333 14.3667,
	64.4556 14.4444,
	64.2889 14.5444,
	64.2 14.5667,
	64.0222 14.5556,
	63.9333 14.5111,
	63.8444 14.4444,
	63.7778 14.3667,
	63.7667 14.3222,
	63.7667 14.3111,
	"/>
<Contour name="TB3_NF01-PG_RSL" hidden="false" closed="true" simplified="true" border="1 1 0" fill="1 1 0" mode="-9"
 points="60.9889 15.1556,
	61.0333 15.1222,
	61.0444 15.1111,
	61.0556 15.1333,
	61.0222 15.1667,
	61 15.1667,
	"/>
<Contour name="TB3_NF01-PG_RSL" hidden="false" closed="true" simplified="true" border="1 1 0" fill="1 1 0" mode="-9"
 points="59.7333 14.2889,
	59.7556 14.2667,
	59.7556 14.2444,
	59.8 14.2,
	59.9778 14.2,
	60.1556 14.2778,
	60.2444 14.3333,
	60.3222 14.4111,
	60.5 14.5111,
	60.5889 14.5667,
	60.7667 14.5889,
	60.9444 14.6556,
	61.0333 14.6889,
	61.2111 14.7222,
	61.2556 14.8111,
	61.2556 14.9,
	61.1889 14.9889,
	61.0444 15.1333,
	61 15.1667,
	60.9556 15.1778,
	60.9333 15.1889,
	60.9 15.1667,
	60.7222 15.1556,
	60.5444 15.1111,
	60.4556 15.0778,
	60.3667 14.9889,
	60.2889 14.8111,
	60.2889 14.7222,
	60.1222 14.5889,
	59.9444 14.5222,
	59.9 14.5222,
	59.8111 14.4778,
	59.7778 14.4333,
	59.7444 14.3444,
	59.7333 14.3,
	"/>
</Transform>

<Transform dim="0"
 xcoef=" 0 1 0 0 0 0"
 ycoef=" 0 0 1 0 0 0">
<Contour name="TB3_NF01-PG_RSL" hidden="false" closed="true" simplified="true" border="1 1 0" fill="1 1 0" mode="-9"
 points="58.7667 14.1,
	58.8111 14.0667,
	58.9889 14.0333,
	59.1667 14.0556,
	59.2556 14.0667,
	59.2778 14.0667,
	59.4556 14.2111,
	59.4889 14.3,
	59.4889 14.3444,
	59.4889 14.3667,
	59.4 14.4556,
	59.3111 14.4667,
	59.1333 14.4111,
	59.1111 14.4111,
	58.9333 14.3,
	58.8444 14.2889,
	58.7778 14.2111,
	58.7667 14.1222,
	58.7667 14.1111,
	"/>
</Transform>

<Transform dim="0"
 xcoef=" 0 1 0 0 0 0"
 ycoef=" 0 0 1 0 0 0">
<Contour name="TB3_NF01-PG_RSL" hidden="false" closed="true" simplified="true" border="1 1 0" fill="1 1 0" mode="-9"
 points="53.1778 14.3778,
	53.2667 14.3444,
	53.3556 14.3333,
	53.5333 14.2778,
	53.7111 14.2,
	53.8 14.1667,
	54.1556 14.1111,
	54.3333 14.1,
	54.4222 14.1,
	54.5111 14.1222,
	54.6889 14.2111,
	54.8667 14.2778,
	55.2222 14.3556,
	55.4 14.4333,
	55.4444 14.4556,
	55.4667 14.4778,
	55.6444 14.5222,
	55.8222 14.5333,
	55.8667 14.5667,
	55.8778 14.6111,
	55.8667 14.6556,
	55.7778 14.6889,
	55.6 14.7222,
	55.4222 14.7222,
	55.0667 14.6889,
	54.3556 14.6778,
	54 14.7,
	53.9111 14.7,
	53.5556 14.6222,
	53.3778 14.6,
	53.2889 14.5778,
	53.2111 14.5,
	53.1778 14.4556,
	53.1778 14.4111,
	53.1778 14.3889,
	"/>
</Transform>

<Transform dim="0"
 xcoef=" 0 1 0 0 0 0"
 ycoef=" 0 0 1 0 0 0">
<Contour name="TB3_NF01-PG_RSL" hidden="false" closed="true" simplified="true" border="1 1 0" fill="1 1 0" mode="-9"
 points="44.6111 16.4222,
	44.6667 16.3333,
	44.7556 16.2556,
	44.9333 16.2,
	44.9778 16.2,
	45.0667 16.1667,
	45.2444 16.1556,
	45.3333 16.1667,
	45.3556 16.1667,
	45.4333 16.2444,
	45.4667 16.2889,
	45.4778 16.3778,
	45.4222 16.4667,
	45.0778 16.5889,
	44.9 16.6,
	44.7222 16.5667,
	44.6333 16.5222,
	44.6111 16.5,
	44.6111 16.4556,
	44.6111 16.4333,
	"/>
</Transform>

<Transform dim="0"
 xcoef=" 0 1 0 0 0 0"
 ycoef=" 0 0 1 0 0 0">
<Contour name="TB3_NF01-PG_RSL" hidden="false" closed="true" simplified="true" border="1 1 0" fill="1 1 0" mode="-9"
 points="41.9 17.6111,
	41.9889 17.5444,
	42.1667 17.4778,
	42.2556 17.4556,
	42.4333 17.4444,
	42.5222 17.4111,
	42.7 17.3889,
	42.7889 17.4,
	42.8778 17.4556,
	42.9444 17.5111,
	42.9556 17.6,
	42.9111 17.6444,
	42.7333 17.7222,
	42.5556 17.7778,
	42.4667 17.7889,
	42.4222 17.8111,
	42.2444 17.8111,
	42.0667 17.7778,
	41.9778 17.7444,
	41.9 17.6667,
	41.9 17.6222,
	"/>
<Contour name="TB3_NF01-PG_RSL" hidden="false" closed="true" simplified="true" border="1 1 0" fill="1 1 0" mode="-9"
 points="40.0333 18.8778,
	40.1 18.7889,
	40.1778 18.7222,
	40.2667 18.6778,
	40.4444 18.5333,
	40.5333 18.4667,
	40.6222 18.4222,
	40.8 18.3889,
	40.9778 18.2889,
	41.1556 18.2111,
	41.3333 18.1778,
	41.4222 18.1778,
	41.4667 18.1778,
	41.5444 18.2333,
	41.5778 18.2778,
	41.6111 18.3667,
	41.6222 18.4556,
	41.6222 18.5,
	41.5889 18.5889,
	41.5667 18.6333,
	41.4778 18.7,
	41.3889 18.7333,
	41.3 18.7333,
	41.2556 18.7333,
	41.2444 18.7444,
	41.2778 18.7667,
	41.2667 18.7778,
	41.2222 18.7667,
	41.0444 18.7889,
	40.9556 18.7889,
	40.7778 18.7444,
	40.6 18.7333,
	40.4222 18.8556,
	40.3333 18.9111,
	40.1556 18.9444,
	40.0667 18.9444,
	40.0333 18.9,
	40.0333 18.8889,
	"/>
</Transform>

<Transform dim="0"
 xcoef=" 0 1 0 0 0 0"
 ycoef=" 0 0 1 0 0 0">
<Image mag="0.00749" contrast="1" brightness="0" red="true" green="true" blue="true"
 src="Alg_stitch3-4_286.tif" />
<Contour name="domain1" hidden="false" closed="true" simplified="false" border="1 0 1" fill="1 0 1" mode="11"
 points="0 0,
	15652 0,
	15652 8578,
	0 8578,
	"/>
</Transform>

<Transform dim="0"
 xcoef=" 0 1 0 0 0 0"
 ycoef=" 0 0 1 0 0 0">
<Image mag="0.00749" contrast="1" brightness="0" red="true" green="true" blue="true"
 src="Alg_stitch3-4_286.tif" />
<Contour name="domain1" hidden="false" closed="true" simplified="false" border="1 0 1" fill="1 0 1" mode="11"
 points="0 0,
	15652 0,
	15652 8578,
	0 8578,
	"/>
</Transform>

<Transform dim="0"
 xcoef=" 0 1 0 0 0 0"
 ycoef=" 0 0 1 0 0 0">
<Image mag="0.00749" contrast="1" brightness="0" red="true" green="true" blue="true"
 src="Alg_stitch3-4_286.tif" />
<Contour name="domain1" hidden="false" closed="true" simplified="false" border="1 0 1" fill="1 0 1" mode="11"
 points="0 0,
	15652 0,
	15652 8578,
	0 8578,
	"/>
</Transform>

<Transform dim="0"
 xcoef=" 0 1 0 0 0 0"
 ycoef=" 0 0 1 0 0 0">
<Image mag="0.00749" contrast="1" brightness="0" red="true" green="true" blue="true"
 src="Alg_stitch3-4_286.tif" />
<Contour name="domain1" hidden="false" closed="true" simplified="false" border="1 0 1" fill="1 0 1" mode="11"
 points="0 0,
	15652 0,
	15652 8578,
	0 8578,
	"/>
</Transform>

<Transform dim="0"
 xcoef=" 0 1 0 0 0 0"
 ycoef=" 0 0 1 0 0 0">
<Image mag="0.00749" contrast="1" brightness="0" red="true" green="true" blue="true"
 src="Alg_stitch3-4_286.tif" />
<Contour name="DENucleus2" hidden="false" closed="true" simplified="false" border="0 0 0.627" fill="0 0 0.627" mode="11"
 points="0 0,
	15652 0,
	15652 8578,
	0 8578,
	"/>
</Transform>

<Transform dim="0"
 xcoef=" 0 1 0 0 0 0"
 ycoef=" 0 0 1 0 0 0">
<Image mag="0.00749" contrast="1" brightness="0" red="true" green="true" blue="true"
 src="Alg_stitch3-4_286.tif" />
<Contour name="domain1" hidden="false" closed="true" simplified="false" border="1 0 1" fill="1 0 1" mode="11"
 points="0 0,
	15652 0,
	15652 8578,
	0 8578,
	"/>
</Transform>

<Transform dim="0"
 xcoef=" 0 1 0 0 0 0"
 ycoef=" 0 0 1 0 0 0">
<Image mag="0.00749" contrast="1" brightness="0" red="true" green="true" blue="true"
 src="Alg_stitch3-4_286.tif" />
<Contour name="domain1" hidden="false" closed="true" simplified="false" border="1 0 1" fill="1 0 1" mode="11"
 points="0 0,
	15652 0,
	15652 8578,
	0 8578,
	"/>
</Transform>

<Transform dim="0"
 xcoef=" 0 1 0 0 0 0"
 ycoef=" 0 0 1 0 0 0">
<Image mag="0.00749" contrast="1" brightness="0" red="true" green="true" blue="true"
 src="Alg_stitch3-4_286.tif" />
<Contour name="domain1" hidden="false" closed="true" simplified="false" border="1 0 1" fill="1 0 1" mode="11"
 points="0 0,
	15652 0,
	15652 8578,
	0 8578,
	"/>
</Transform>

<Transform dim="0"
 xcoef=" 0 1 0 0 0 0"
 ycoef=" 0 0 1 0 0 0">
<Image mag="0.00749" contrast="1" brightness="0" red="true" green="true" blue="true"
 src="Alg_stitch3-4_286.tif" />
<Contour name="domain1" hidden="false" closed="true" simplified="false" border="1 0 1" fill="1 0 1" mode="11"
 points="0 0,
	15652 0,
	15652 8578,
	0 8578,
	"/>
</Transform>

<Transform dim="0"
 xcoef=" 0 1 0 0 0 0"
 ycoef=" 0 0 1 0 0 0">
<Image mag="0.00749" contrast="1" brightness="0" red="true" green="true" blue="true"
 src="Alg_stitch3-4_286.tif" />
<Contour name="domain1" hidden="false" closed="true" simplified="false" border="1 0 1" fill="1 0 1" mode="11"
 points="0 0,
	15652 0,
	15652 8578,
	0 8578,
	"/>
</Transform>

<Transform dim="0"
 xcoef=" 0 1 0 0 0 0"
 ycoef=" 0 0 1 0 0 0">
<Image mag="0.00749" contrast="1" brightness="0" red="true" green="true" blue="true"
 src="Alg_stitch3-4_286.tif" />
<Contour name="domain1" hidden="false" closed="true" simplified="false" border="1 0 1" fill="1 0 1" mode="11"
 points="0 0,
	15652 0,
	15652 8578,
	0 8578,
	"/>
</Transform>

<Transform dim="0"
 xcoef=" 0 1 0 0 0 0"
 ycoef=" 0 0 1 0 0 0">
<Image mag="0.00749" contrast="1" brightness="0" red="true" green="true" blue="true"
 src="Alg_stitch3-4_286.tif" />
<Contour name="domain1" hidden="false" closed="true" simplified="false" border="1 0 1" fill="1 0 1" mode="11"
 points="0 0,
	15652 0,
	15652 8578,
	0 8578,
	"/>
</Transform>

<Transform dim="0"
 xcoef=" 0 1 0 0 0 0"
 ycoef=" 0 0 1 0 0 0">
<Image mag="0.00749" contrast="1" brightness="0" red="true" green="true" blue="true"
 src="Alg_stitch3-4_286.tif" />
<Contour name="domain1" hidden="false" closed="true" simplified="false" border="1 0 1" fill="1 0 1" mode="11"
 points="0 0,
	15652 0,
	15652 8578,
	0 8578,
	"/>
</Transform>

<Transform dim="0"
 xcoef=" 0 1 0 0 0 0"
 ycoef=" 0 0 1 0 0 0">
<Image mag="0.00749" contrast="1" brightness="0" red="true" green="true" blue="true"
 src="Alg_stitch3-4_286.tif" />
<Contour name="domain1" hidden="false" closed="true" simplified="false" border="1 0 1" fill="1 0 1" mode="11"
 points="0 0,
	15652 0,
	15652 8578,
	0 8578,
	"/>
</Transform>

<Transform dim="0"
 xcoef=" 0 1 0 0 0 0"
 ycoef=" 0 0 1 0 0 0">
<Image mag="0.00749" contrast="1" brightness="0" red="true" green="true" blue="true"
 src="Alg_stitch3-4_286.tif" />
<Contour name="domain1" hidden="false" closed="true" simplified="false" border="1 0 1" fill="1 0 1" mode="11"
 points="0 0,
	15652 0,
	15652 8578,
	0 8578,
	"/>
</Transform>

<Transform dim="0"
 xcoef=" 0 1 0 0 0 0"
 ycoef=" 0 0 1 0 0 0">
<Image mag="0.00749" contrast="1" brightness="0" red="true" green="true" blue="true"
 src="Alg_stitch3-4_286.tif" />
<Contour name="DENucleus2" hidden="false" closed="true" simplified="false" border="0 0 0.627" fill="0 0 0.627" mode="11"
 points="0 0,
	15652 0,
	15652 8578,
	0 8578,
	"/>
</Transform>

<Transform dim="0"
 xcoef=" 0 1 0 0 0 0"
 ycoef=" 0 0 1 0 0 0">
<Image mag="0.00749" contrast="1" brightness="0" red="true" green="true" blue="true"
 src="Alg_stitch3-4_286.tif" />
<Contour name="domain1" hidden="false" closed="true" simplified="false" border="1 0 1" fill="1 0 1" mode="11"
 points="0 0,
	15652 0,
	15652 8578,
	0 8578,
	"/>
</Transform>

<Transform dim="0"
 xcoef=" 0 1 0 0 0 0"
 ycoef=" 0 0 1 0 0 0">
<Image mag="0.00749" contrast="1" brightness="0" red="true" green="true" blue="true"
 src="Alg_stitch3-4_286.tif" />
<Contour name="domain1" hidden="false" closed="true" simplified="false" border="1 0 1" fill="1 0 1" mode="11"
 points="0 0,
	15652 0,
	15652 8578,
	0 8578,
	"/>
</Transform>

<Transform dim="0"
 xcoef=" 0 1 0 0 0 0"
 ycoef=" 0 0 1 0 0 0">
<Contour name="Tb2_NF40_LES" hidden="false" closed="true" simplified="true" border="0.501961 0.25098 0.25098" fill="0.501961 0.25098 0.25098" mode="-9"
 points="19.5096 35.4789,
	19.5473 35.3282,
	19.5849 35.2529,
	19.6603 35.1776,
	19.9616 35.1587,
	20.1122 35.1587,
	20.1875 35.2152,
	20.2064 35.3659,
	20.1122 35.5165,
	19.9616 35.6295,
	19.8109 35.6483,
	19.6603 35.6295,
	19.5849 35.6107,
	19.5096 35.5542,
	19.5096 35.4977,
	"/>
<Contour name="Tb2_NF40_LES" hidden="false" closed="true" simplified="true" border="0.501961 0.25098 0.25098" fill="0.501961 0.25098 0.25098" mode="-9"
 points="20.9973 34.2548,
	21.0915 33.9535,
	21.148 33.8028,
	21.1668 33.7275,
	21.2045 33.6899,
	21.2233 33.6145,
	21.4116 33.3132,
	21.4493 33.2379,
	21.5811 33.0872,
	21.8824 32.9366,
	21.9577 32.9366,
	22.259 33.1437,
	22.485 33.4262,
	22.5603 33.5769,
	22.598 33.8782,
	22.5603 34.1795,
	22.5227 34.3301,
	22.3909 34.462,
	22.372 34.5373,
	22.2402 34.6879,
	22.2214 34.7256,
	21.9201 34.6879,
	21.7694 34.6691,
	21.6941 34.6503,
	21.5434 34.7633,
	21.3928 34.7633,
	21.2421 34.7256,
	21.0915 34.6503,
	21.0161 34.5749,
	20.9973 34.2736,
	"/>
</Transform>

<Transform dim="0"
 xcoef=" 0 1 0 0 0 0"
 ycoef=" 0 0 1 0 0 0">
<Contour name="Tb2_NF29_LES" hidden="false" closed="true" simplified="true" border="0 0.501961 0.74902" fill="0 0.501961 0.74902" mode="-9"
 points="23.7053 32.7489,
	23.7357 32.7185,
	23.8575 32.7337,
	23.9032 32.7946,
	23.9184 32.8555,
	24.0098 32.9773,
	24.0402 33.0382,
	24.1468 33.16,
	24.299 33.4036,
	24.3599 33.5254,
	24.3904 33.6472,
	24.4056 33.7081,
	24.3599 33.9517,
	24.3295 34.0735,
	24.2838 34.1191,
	24.2229 34.1344,
	24.162 34.1191,
	24.1163 34.0582,
	24.0098 33.8146,
	23.9336 33.571,
	23.8423 33.4492,
	23.7966 33.3883,
	23.7509 33.1447,
	23.7509 32.9012,
	23.7205 32.7794,
	23.7053 32.7641,
	"/>
</Transform>

<Transform dim="0"
 xcoef=" 0 1 0 0 0 0"
 ycoef=" 0 0 1 0 0 0">
<Contour name="TB2_NF001_LES" hidden="false" closed="true" simplified="true" border="1 1 0" fill="1 1 0" mode="-9"
 points="17.5482 34.6522,
	17.5772 34.6232,
	17.6353 34.6087,
	18.1 34.7975,
	18.2162 34.8846,
	18.2743 34.9136,
	18.3759 35.0298,
	18.4195 35.146,
	18.434 35.3783,
	18.434 35.4364,
	18.3614 35.5526,
	18.3033 35.5381,
	18.2598 35.4219,
	18.2452 35.3638,
	18.2598 35.3057,
	18.1726 35.0734,
	18.1436 35.0153,
	18.0419 34.9136,
	17.8096 34.812,
	17.7951 34.812,
	17.6644 34.7684,
	17.5482 34.6668,
	"/>
</Transform>

<Transform dim="0"
 xcoef=" 0 1 0 0 0 0"
 ycoef=" 0 0 1 0 0 0">
<Contour name="TB2_NF001_LES" hidden="false" closed="true" simplified="true" border="1 1 0" fill="1 1 0" mode="-9"
 points="20.2432 37.0448,
	20.3158 36.9286,
	20.3739 36.8851,
	20.403 36.856,
	20.432 36.856,
	20.4901 36.7979,
	20.5482 36.6818,
	20.5627 36.5656,
	20.5917 36.5075,
	20.7079 36.3913,
	20.8241 36.3187,
	21.0564 36.2752,
	21.1726 36.2897,
	21.2307 36.3187,
	21.2597 36.3187,
	21.2888 36.3768,
	21.2743 36.4349,
	21.2743 36.4639,
	21.1871 36.5801,
	21.1436 36.6382,
	21.0274 36.7108,
	20.8096 36.8996,
	20.6934 36.9432,
	20.5772 37.0158,
	20.3449 37.1174,
	20.2868 37.1029,
	20.2577 37.0739,
	20.2577 37.0593,
	"/>
<Contour name="TB2_NF001_LES" hidden="false" closed="true" simplified="true" border="1 1 0" fill="1 1 0" mode="-9"
 points="19.2122 37.1755,
	19.3284 37.0739,
	19.3719 37.0593,
	19.4881 37.0884,
	19.6043 37.1465,
	19.7059 37.2481,
	19.735 37.4805,
	19.735 37.5385,
	19.8511 37.7709,
	19.8802 37.829,
	19.9092 37.858,
	19.9237 37.9161,
	19.9528 37.9452,
	19.9528 37.9742,
	20.1706 38.192,
	20.2868 38.2937,
	20.3158 38.3518,
	20.3449 38.3808,
	20.432 38.6132,
	20.4756 38.7293,
	20.461 38.8455,
	20.3739 38.9617,
	20.3739 38.9907,
	20.2723 39.1069,
	20.2142 39.1359,
	20.1851 39.1359,
	20.1416 39.0778,
	20.1125 38.9617,
	20.1125 38.9036,
	19.9818 38.6712,
	19.7931 38.4389,
	19.6478 38.2065,
	19.4736 37.7418,
	19.3719 37.5095,
	19.2122 37.2772,
	19.2122 37.2191,
	19.2122 37.19,
	"/>
</Transform>

<Transform dim="0"
 xcoef=" 0 1 0 0 0 0"
 ycoef=" 0 0 1 0 0 0">
<Image mag="0.00749" contrast="1" brightness="0" red="true" green="true" blue="true"
 src="Alg_stitch3-4_286.tif" />
<Contour name="domain1" hidden="false" closed="true" simplified="false" border="1 0 1" fill="1 0 1" mode="11"
 points="0 0,
	15652 0,
	15652 8578,
	0 8578,
	"/>
</Transform>

<Transform dim="0"
 xcoef=" 0 1 0 0 0 0"
 ycoef=" 0 0 1 0 0 0">
<Contour name="TB2_NF07_RSL" hidden="false" closed="true" simplified="true" border="0 0 0.501961" fill="0 0 0.501961" mode="-9"
 points="19.6146 38.5318,
	19.6417 38.4453,
	19.6417 38.4021,
	19.6254 38.3588,
	19.62 38.3156,
	19.6362 38.2723,
	19.6362 38.2615,
	19.6471 38.2507,
	19.6687 38.2507,
	19.6903 38.2723,
	19.7498 38.3588,
	19.7606 38.3696,
	19.7606 38.3804,
	19.8363 38.4669,
	19.8904 38.5534,
	19.912 38.5967,
	19.9714 38.6832,
	20.058 38.7643,
	20.112 38.8454,
	20.1499 38.9319,
	20.1445 39.1049,
	20.1282 39.1211,
	20.085 39.1319,
	19.9985 39.0941,
	19.9552 39.0725,
	19.912 39.04,
	19.739 38.8778,
	19.7228 38.8562,
	19.7065 38.8129,
	19.6795 38.7697,
	19.6633 38.7481,
	19.6525 38.7048,
	19.6579 38.6616,
	19.6417 38.6183,
	19.6254 38.5967,
	19.6146 38.5534,
	19.6146 38.5372,
	"/>
</Transform>

<Transform dim="0"
 xcoef=" 0 1 0 0 0 0"
 ycoef=" 0 0 1 0 0 0">
<Contour name="TB2_NF07_RSL" hidden="false" closed="true" simplified="true" border="0 0 0.501961" fill="0 0 0.501961" mode="-9"
 points="15.2516 34.0823,
	15.2678 34.039,
	15.3111 34.0228,
	15.4841 34.012,
	15.5273 34.012,
	15.6138 34.039,
	15.6571 34.0445,
	15.8301 34.1093,
	15.9166 34.1688,
	15.9382 34.185,
	15.949 34.185,
	16.0355 34.2499,
	16.0572 34.2661,
	16.0788 34.2715,
	16.1653 34.331,
	16.2031 34.358,
	16.2842 34.4337,
	16.3545 34.5094,
	16.4356 34.5959,
	16.4681 34.6284,
	16.5492 34.7094,
	16.5816 34.7473,
	16.6249 34.7905,
	16.6573 34.8338,
	16.6897 34.9203,
	16.6897 34.9419,
	16.7005 34.9636,
	16.7168 35.0501,
	16.7222 35.1366,
	16.7168 35.1582,
	16.6951 35.1744,
	16.6519 35.1852,
	16.5654 35.1744,
	16.5221 35.1798,
	16.4789 35.2014,
	16.4573 35.2122,
	16.4518 35.2177,
	16.3653 35.1474,
	16.3221 35.1203,
	16.2788 35.0825,
	16.2464 35.0555,
	16.2086 35.0122,
	16.1437 34.9419,
	16.1112 34.8987,
	15.9436 34.7311,
	15.8734 34.6446,
	15.8085 34.5689,
	15.7274 34.4932,
	15.6571 34.4067,
	15.5814 34.3364,
	15.4949 34.2823,
	15.4517 34.2607,
	15.3651 34.2499,
	15.3435 34.2445,
	15.3057 34.2066,
	15.2841 34.185,
	15.2624 34.1418,
	15.2516 34.0985,
	15.2516 34.0877,
	"/>
</Transform>

<Transform dim="0"
 xcoef=" 0 1 0 0 0 0"
 ycoef=" 0 0 1 0 0 0">
<Contour name="Tb2_NF40_LES" hidden="false" closed="true" simplified="true" border="0.501961 0.25098 0.25098" fill="0.501961 0.25098 0.25098" mode="-9"
 points="16.1872 33.5681,
	16.2472 33.5455,
	16.3673 33.5531,
	16.4875 33.5831,
	16.7277 33.6957,
	16.7878 33.7257,
	16.9079 33.7633,
	17.028 33.8233,
	17.0581 33.8459,
	17.0731 33.8459,
	17.1031 33.8684,
	17.2232 33.9134,
	17.2833 33.936,
	17.2983 33.951,
	17.3584 33.966,
	17.3734 33.981,
	17.4935 34.0261,
	17.5536 34.0486,
	17.5836 34.0636,
	17.6137 34.0636,
	17.6737 34.0861,
	17.7338 34.1237,
	17.8464 34.2288,
	17.9065 34.2813,
	18.0191 34.3564,
	18.0566 34.4014,
	18.1768 34.5066,
	18.2293 34.5666,
	18.2443 34.6267,
	18.2518 34.6567,
	18.2443 34.6868,
	18.2218 34.7168,
	18.1617 34.7168,
	18.0416 34.6792,
	17.9215 34.6117,
	17.8614 34.5741,
	17.8314 34.5516,
	17.7713 34.5291,
	17.7413 34.5066,
	17.6812 34.484,
	17.7338 34.5366,
	17.7563 34.5591,
	17.7413 34.5666,
	17.5086 34.409,
	17.4935 34.409,
	17.3734 34.3339,
	17.3133 34.2963,
	17.2833 34.2738,
	17.2683 34.2738,
	17.1482 34.1987,
	17.028 34.1462,
	16.998 34.1312,
	16.983 34.1161,
	16.968 34.1161,
	16.953 34.1011,
	16.8328 34.0486,
	16.5926 33.8984,
	16.4725 33.8233,
	16.4424 33.8083,
	16.4349 33.7933,
	16.4199 33.7933,
	16.3899 33.7708,
	16.3748 33.7558,
	16.3598 33.7558,
	16.2397 33.6732,
	16.1947 33.6131,
	16.1872 33.5831,
	16.1872 33.5756,
	"/>
<Contour name="Tb2_NF40_LES" hidden="false" closed="true" simplified="true" border="0.501961 0.25098 0.25098" fill="0.501961 0.25098 0.25098" mode="-9"
 points="14.9033 32.4569,
	14.9333 32.3968,
	14.9483 32.3668,
	14.9483 32.3518,
	14.9634 32.3368,
	14.9709 32.3067,
	14.9859 32.2917,
	15.0009 32.2317,
	15.0009 32.2016,
	15.0159 32.1941,
	15.106 32.3067,
	15.1511 32.3668,
	15.1961 32.4118,
	15.3538 32.6521,
	15.3988 32.7722,
	15.3988 32.8323,
	15.2411 33.065,
	15.2111 33.0951,
	15.1511 33.1176,
	15.091 33.1251,
	15.061 33.1251,
	15.0309 33.0951,
	14.9784 32.9749,
	14.9558 32.9149,
	14.9183 32.6746,
	14.9033 32.5545,
	14.9033 32.4944,
	14.9033 32.4644,
	"/>
</Transform>

</Section>