<?xml version="1.0"?>
<!DOCTYPE Section SYSTEM "section.dtd">

<Section index="278" thickness="0.08" alignLocked="true">
<Transform dim="0"
 xcoef=" 0 1 0 0 0 0"
 ycoef=" 0 0 1 0 0 0">
<Image mag="0.00749" contrast="1" brightness="0" red="true" green="true" blue="true"
 src="Alg_stitch3-4_278.tif" />
<Contour name="domain1" hidden="false" closed="true" simplified="false" border="1 0 1" fill="1 0 1" mode="11"
 points="0 0,
	15652 0,
	15652 8578,
	0 8578,
	"/>
</Transform>

<Transform dim="0"
 xcoef=" 0 1 0 0 0 0"
 ycoef=" 0 0 1 0 0 0">
<Contour name="TB3_NF01-PG_RSL" hidden="false" closed="true" simplified="true" border="1 1 0" fill="1 1 0" mode="-9"
 points="18.79 11.76,
	18.82 11.68,
	18.85 11.64,
	18.88 11.56,
	18.9 11.54,
	19.06 11.51,
	19.1 11.51,
	19.18 11.55,
	19.25 11.61,
	19.36 11.77,
	19.43 11.85,
	19.47 11.88,
	19.51 11.96,
	19.64 12.11,
	19.71 12.19,
	19.8 12.35,
	19.92 12.67,
	19.95 12.83,
	19.95 12.99,
	19.94 13.07,
	19.94 13.11,
	19.84 13.27,
	19.76 13.35,
	19.69 13.38,
	19.61 13.39,
	19.57 13.38,
	19.55 13.38,
	19.47 13.32,
	19.37 13.16,
	19.35 13.12,
	19.28 13.04,
	19.23 12.96,
	19.18 12.8,
	19.18 12.76,
	19.14 12.68,
	19.08 12.6,
	19.01 12.44,
	18.92 12.28,
	18.88 12.12,
	18.81 11.96,
	18.79 11.8,
	18.79 11.77,
	"/>
</Transform>

<Transform dim="0"
 xcoef=" 0 1 0 0 0 0"
 ycoef=" 0 0 1 0 0 0">
<Contour name="TB3_NF01-PG_RSL" hidden="false" closed="true" simplified="true" border="1 1 0" fill="1 1 0" mode="-9"
 points="21.78 17.11,
	21.86 17.06,
	22.02 17.01,
	22.18 17,
	22.26 17,
	22.34 17.03,
	22.42 17.08,
	22.5 17.16,
	22.53 17.2,
	22.54 17.28,
	22.53 17.32,
	22.51 17.34,
	22.43 17.35,
	22.27 17.33,
	22.19 17.31,
	22.03 17.31,
	21.99 17.31,
	21.97 17.3,
	21.98 17.28,
	21.9 17.26,
	21.86 17.25,
	21.84 17.23,
	21.82 17.23,
	21.78 17.19,
	21.78 17.12,
	"/>
</Transform>

<Transform dim="0"
 xcoef=" 0 1 0 0 0 0"
 ycoef=" 0 0 1 0 0 0">
<Contour name="TB3_NF01-PG_RSL" hidden="false" closed="true" simplified="true" border="1 1 0" fill="1 1 0" mode="-9"
 points="24.94 15.03,
	25 14.95,
	25.15 14.84,
	25.31 14.78,
	25.39 14.75,
	25.71 14.7,
	25.87 14.67,
	26.19 14.67,
	26.27 14.67,
	26.59 14.76,
	26.91 14.75,
	27.07 14.72,
	27.15 14.72,
	27.19 14.71,
	27.35 14.76,
	27.37 14.76,
	27.45 14.83,
	27.53 14.88,
	27.57 14.9,
	27.6 14.98,
	27.6 15.06,
	27.6 15.08,
	27.52 15.16,
	27.44 15.2,
	27.37 15.27,
	27.32 15.35,
	27.24 15.43,
	27.08 15.5,
	27.04 15.52,
	27.02 15.54,
	26.86 15.58,
	26.78 15.62,
	26.7 15.64,
	26.62 15.64,
	26.46 15.59,
	26.38 15.58,
	26.3 15.55,
	26.29 15.57,
	26.21 15.57,
	26.05 15.48,
	25.73 15.42,
	25.57 15.39,
	25.25 15.37,
	25.21 15.37,
	25.13 15.34,
	25.05 15.27,
	24.99 15.21,
	24.94 15.13,
	24.94 15.05,
	24.94 15.04,
	"/>
</Transform>

<Transform dim="0"
 xcoef=" 0 1 0 0 0 0"
 ycoef=" 0 0 1 0 0 0">
<Contour name="TB3_NF01-PG_RSL" hidden="false" closed="true" simplified="true" border="1 1 0" fill="1 1 0" mode="-9"
 points="64.43 9.87,
	64.5 9.81,
	64.52 9.81,
	64.6 9.76,
	64.68 9.75,
	64.72 9.76,
	64.8 9.84,
	64.81 9.92,
	64.8 9.96,
	64.76 10,
	64.68 10.04,
	64.64 10.04,
	64.62 10.05,
	64.46 9.99,
	64.43 9.95,
	64.43 9.88,
	"/>
<Contour name="TB3_NF01-PG_RSL" hidden="false" closed="true" simplified="true" border="1 1 0" fill="1 1 0" mode="-9"
 points="62.76 10.17,
	62.84 10.1,
	62.92 10.06,
	63.24 10.01,
	63.28 10.01,
	63.36 9.96,
	63.49 9.82,
	63.57 9.77,
	63.61 9.74,
	63.65 9.73,
	63.73 9.68,
	63.81 9.65,
	63.89 9.65,
	63.93 9.65,
	64.09 9.74,
	64.16 9.81,
	64.21 9.97,
	64.21 10.01,
	64.15 10.09,
	64 10.23,
	63.84 10.23,
	63.76 10.22,
	63.72 10.2,
	63.64 10.19,
	63.6 10.19,
	63.52 10.24,
	63.44 10.27,
	63.28 10.37,
	63.2 10.38,
	63.12 10.37,
	62.8 10.27,
	62.77 10.23,
	62.76 10.19,
	62.76 10.18,
	"/>
</Transform>

<Transform dim="0"
 xcoef=" 0 1 0 0 0 0"
 ycoef=" 0 0 1 0 0 0">
<Contour name="TB3_NF01-PG_RSL" hidden="false" closed="true" simplified="true" border="1 1 0" fill="1 1 0" mode="-9"
 points="43.3556 17.3444,
	43.5222 17.1889,
	43.6 17.1,
	43.6444 17.1,
	43.7 17.1889,
	43.6889 17.2778,
	43.6111 17.3556,
	43.5778 17.4,
	43.5667 17.4111,
	43.5556 17.3889,
	43.5667 17.3667,
	43.4778 17.4,
	43.3889 17.4,
	43.3556 17.3667,
	43.3556 17.3556,
	"/>
<Contour name="TB3_NF01-PG_RSL" hidden="false" closed="true" simplified="true" border="1 1 0" fill="1 1 0" mode="-9"
 points="41.0889 18.1889,
	41.1222 18.1,
	41.1778 18.0111,
	41.2 17.9667,
	41.2444 17.9222,
	41.3 17.8333,
	41.3778 17.7444,
	41.4222 17.7,
	41.6 17.7111,
	41.6889 17.7444,
	41.7778 17.8111,
	41.8222 17.9889,
	41.8222 18.0778,
	41.7778 18.2556,
	41.7667 18.4333,
	41.7667 18.5222,
	41.7667 18.5667,
	41.7444 18.6111,
	41.7 18.6333,
	41.6556 18.6222,
	41.4778 18.6444,
	41.3889 18.6444,
	41.3 18.6111,
	41.1333 18.4444,
	41.0889 18.4,
	41.0889 18.2222,
	41.0889 18.2,
	"/>
</Transform>

<Transform dim="0"
 xcoef=" 0 1 0 0 0 0"
 ycoef=" 0 0 1 0 0 0">
<Contour name="TB3_NF01-PG_RSL" hidden="false" closed="true" simplified="true" border="1 1 0" fill="1 1 0" mode="-9"
 points="18.79 11.76,
	18.82 11.68,
	18.85 11.64,
	18.88 11.56,
	18.9 11.54,
	19.06 11.51,
	19.1 11.51,
	19.18 11.55,
	19.25 11.61,
	19.36 11.77,
	19.43 11.85,
	19.47 11.88,
	19.51 11.96,
	19.64 12.11,
	19.71 12.19,
	19.8 12.35,
	19.92 12.67,
	19.95 12.83,
	19.95 12.99,
	19.94 13.07,
	19.94 13.11,
	19.84 13.27,
	19.76 13.35,
	19.69 13.38,
	19.61 13.39,
	19.57 13.38,
	19.55 13.38,
	19.47 13.32,
	19.37 13.16,
	19.35 13.12,
	19.28 13.04,
	19.23 12.96,
	19.18 12.8,
	19.18 12.76,
	19.14 12.68,
	19.08 12.6,
	19.01 12.44,
	18.92 12.28,
	18.88 12.12,
	18.81 11.96,
	18.79 11.8,
	18.79 11.77,
	"/>
</Transform>

<Transform dim="0"
 xcoef=" 0 1 0 0 0 0"
 ycoef=" 0 0 1 0 0 0">
<Contour name="TB3_NF01-PG_RSL" hidden="false" closed="true" simplified="true" border="1 1 0" fill="1 1 0" mode="-9"
 points="21.78 17.11,
	21.86 17.06,
	22.02 17.01,
	22.18 17,
	22.26 17,
	22.34 17.03,
	22.42 17.08,
	22.5 17.16,
	22.53 17.2,
	22.54 17.28,
	22.53 17.32,
	22.51 17.34,
	22.43 17.35,
	22.27 17.33,
	22.19 17.31,
	22.03 17.31,
	21.99 17.31,
	21.97 17.3,
	21.98 17.28,
	21.9 17.26,
	21.86 17.25,
	21.84 17.23,
	21.82 17.23,
	21.78 17.19,
	21.78 17.12,
	"/>
</Transform>

<Transform dim="0"
 xcoef=" 0 1 0 0 0 0"
 ycoef=" 0 0 1 0 0 0">
<Contour name="TB3_NF01-PG_RSL" hidden="false" closed="true" simplified="true" border="1 1 0" fill="1 1 0" mode="-9"
 points="24.94 15.03,
	25 14.95,
	25.15 14.84,
	25.31 14.78,
	25.39 14.75,
	25.71 14.7,
	25.87 14.67,
	26.19 14.67,
	26.27 14.67,
	26.59 14.76,
	26.91 14.75,
	27.07 14.72,
	27.15 14.72,
	27.19 14.71,
	27.35 14.76,
	27.37 14.76,
	27.45 14.83,
	27.53 14.88,
	27.57 14.9,
	27.6 14.98,
	27.6 15.06,
	27.6 15.08,
	27.52 15.16,
	27.44 15.2,
	27.37 15.27,
	27.32 15.35,
	27.24 15.43,
	27.08 15.5,
	27.04 15.52,
	27.02 15.54,
	26.86 15.58,
	26.78 15.62,
	26.7 15.64,
	26.62 15.64,
	26.46 15.59,
	26.38 15.58,
	26.3 15.55,
	26.29 15.57,
	26.21 15.57,
	26.05 15.48,
	25.73 15.42,
	25.57 15.39,
	25.25 15.37,
	25.21 15.37,
	25.13 15.34,
	25.05 15.27,
	24.99 15.21,
	24.94 15.13,
	24.94 15.05,
	24.94 15.04,
	"/>
</Transform>

<Transform dim="0"
 xcoef=" 0 1 0 0 0 0"
 ycoef=" 0 0 1 0 0 0">
<Contour name="TB3_NF01-PG_RSL" hidden="false" closed="true" simplified="true" border="1 1 0" fill="1 1 0" mode="-9"
 points="64.43 9.87,
	64.5 9.81,
	64.52 9.81,
	64.6 9.76,
	64.68 9.75,
	64.72 9.76,
	64.8 9.84,
	64.81 9.92,
	64.8 9.96,
	64.76 10,
	64.68 10.04,
	64.64 10.04,
	64.62 10.05,
	64.46 9.99,
	64.43 9.95,
	64.43 9.88,
	"/>
<Contour name="TB3_NF01-PG_RSL" hidden="false" closed="true" simplified="true" border="1 1 0" fill="1 1 0" mode="-9"
 points="62.76 10.17,
	62.84 10.1,
	62.92 10.06,
	63.24 10.01,
	63.28 10.01,
	63.36 9.96,
	63.49 9.82,
	63.57 9.77,
	63.61 9.74,
	63.65 9.73,
	63.73 9.68,
	63.81 9.65,
	63.89 9.65,
	63.93 9.65,
	64.09 9.74,
	64.16 9.81,
	64.21 9.97,
	64.21 10.01,
	64.15 10.09,
	64 10.23,
	63.84 10.23,
	63.76 10.22,
	63.72 10.2,
	63.64 10.19,
	63.6 10.19,
	63.52 10.24,
	63.44 10.27,
	63.28 10.37,
	63.2 10.38,
	63.12 10.37,
	62.8 10.27,
	62.77 10.23,
	62.76 10.19,
	62.76 10.18,
	"/>
</Transform>

<Transform dim="0"
 xcoef=" 0 1 0 0 0 0"
 ycoef=" 0 0 1 0 0 0">
<Contour name="TB3_NF01-PG_RSL" hidden="false" closed="true" simplified="true" border="1 1 0" fill="1 1 0" mode="-9"
 points="43.3556 17.3444,
	43.5222 17.1889,
	43.6 17.1,
	43.6444 17.1,
	43.7 17.1889,
	43.6889 17.2778,
	43.6111 17.3556,
	43.5778 17.4,
	43.5667 17.4111,
	43.5556 17.3889,
	43.5667 17.3667,
	43.4778 17.4,
	43.3889 17.4,
	43.3556 17.3667,
	43.3556 17.3556,
	"/>
<Contour name="TB3_NF01-PG_RSL" hidden="false" closed="true" simplified="true" border="1 1 0" fill="1 1 0" mode="-9"
 points="41.0889 18.1889,
	41.1222 18.1,
	41.1778 18.0111,
	41.2 17.9667,
	41.2444 17.9222,
	41.3 17.8333,
	41.3778 17.7444,
	41.4222 17.7,
	41.6 17.7111,
	41.6889 17.7444,
	41.7778 17.8111,
	41.8222 17.9889,
	41.8222 18.0778,
	41.7778 18.2556,
	41.7667 18.4333,
	41.7667 18.5222,
	41.7667 18.5667,
	41.7444 18.6111,
	41.7 18.6333,
	41.6556 18.6222,
	41.4778 18.6444,
	41.3889 18.6444,
	41.3 18.6111,
	41.1333 18.4444,
	41.0889 18.4,
	41.0889 18.2222,
	41.0889 18.2,
	"/>
</Transform>

<Transform dim="0"
 xcoef=" 0 1 0 0 0 0"
 ycoef=" 0 0 1 0 0 0">
<Image mag="0.00749" contrast="1" brightness="0" red="true" green="true" blue="true"
 src="Alg_stitch3-4_278.tif" />
<Contour name="domain1" hidden="false" closed="true" simplified="false" border="1 0 1" fill="1 0 1" mode="11"
 points="0 0,
	15652 0,
	15652 8578,
	0 8578,
	"/>
</Transform>

<Transform dim="0"
 xcoef=" 0 1 0 0 0 0"
 ycoef=" 0 0 1 0 0 0">
<Image mag="0.00749" contrast="1" brightness="0" red="true" green="true" blue="true"
 src="Alg_stitch3-4_278.tif" />
<Contour name="domain1" hidden="false" closed="true" simplified="false" border="1 0 1" fill="1 0 1" mode="11"
 points="0 0,
	15652 0,
	15652 8578,
	0 8578,
	"/>
</Transform>

<Transform dim="0"
 xcoef=" 0 1 0 0 0 0"
 ycoef=" 0 0 1 0 0 0">
<Image mag="0.00749" contrast="1" brightness="0" red="true" green="true" blue="true"
 src="Alg_stitch3-4_278.tif" />
<Contour name="domain1" hidden="false" closed="true" simplified="false" border="1 0 1" fill="1 0 1" mode="11"
 points="0 0,
	15652 0,
	15652 8578,
	0 8578,
	"/>
</Transform>

<Transform dim="0"
 xcoef=" 0 1 0 0 0 0"
 ycoef=" 0 0 1 0 0 0">
<Image mag="0.00749" contrast="1" brightness="0" red="true" green="true" blue="true"
 src="Alg_stitch3-4_278.tif" />
<Contour name="domain1" hidden="false" closed="true" simplified="false" border="1 0 1" fill="1 0 1" mode="11"
 points="0 0,
	15652 0,
	15652 8578,
	0 8578,
	"/>
</Transform>

<Transform dim="0"
 xcoef=" 0 1 0 0 0 0"
 ycoef=" 0 0 1 0 0 0">
<Image mag="0.00749" contrast="1" brightness="0" red="true" green="true" blue="true"
 src="Alg_stitch3-4_278.tif" />
<Contour name="DENucleus2" hidden="false" closed="true" simplified="false" border="0 0 0.627" fill="0 0 0.627" mode="11"
 points="0 0,
	15652 0,
	15652 8578,
	0 8578,
	"/>
</Transform>

<Transform dim="0"
 xcoef=" 0 1 0 0 0 0"
 ycoef=" 0 0 1 0 0 0">
<Image mag="0.00749" contrast="1" brightness="0" red="true" green="true" blue="true"
 src="Alg_stitch3-4_278.tif" />
<Contour name="domain1" hidden="false" closed="true" simplified="false" border="1 0 1" fill="1 0 1" mode="11"
 points="0 0,
	15652 0,
	15652 8578,
	0 8578,
	"/>
</Transform>

<Transform dim="0"
 xcoef=" 0 1 0 0 0 0"
 ycoef=" 0 0 1 0 0 0">
<Image mag="0.00749" contrast="1" brightness="0" red="true" green="true" blue="true"
 src="Alg_stitch3-4_278.tif" />
<Contour name="domain1" hidden="false" closed="true" simplified="false" border="1 0 1" fill="1 0 1" mode="11"
 points="0 0,
	15652 0,
	15652 8578,
	0 8578,
	"/>
</Transform>

<Transform dim="0"
 xcoef=" 0 1 0 0 0 0"
 ycoef=" 0 0 1 0 0 0">
<Image mag="0.00749" contrast="1" brightness="0" red="true" green="true" blue="true"
 src="Alg_stitch3-4_278.tif" />
<Contour name="domain1" hidden="false" closed="true" simplified="false" border="1 0 1" fill="1 0 1" mode="11"
 points="0 0,
	15652 0,
	15652 8578,
	0 8578,
	"/>
</Transform>

<Transform dim="0"
 xcoef=" 0 1 0 0 0 0"
 ycoef=" 0 0 1 0 0 0">
<Image mag="0.00749" contrast="1" brightness="0" red="true" green="true" blue="true"
 src="Alg_stitch3-4_278.tif" />
<Contour name="domain1" hidden="false" closed="true" simplified="false" border="1 0 1" fill="1 0 1" mode="11"
 points="0 0,
	15652 0,
	15652 8578,
	0 8578,
	"/>
</Transform>

<Transform dim="0"
 xcoef=" 0 1 0 0 0 0"
 ycoef=" 0 0 1 0 0 0">
<Image mag="0.00749" contrast="1" brightness="0" red="true" green="true" blue="true"
 src="Alg_stitch3-4_278.tif" />
<Contour name="domain1" hidden="false" closed="true" simplified="false" border="1 0 1" fill="1 0 1" mode="11"
 points="0 0,
	15652 0,
	15652 8578,
	0 8578,
	"/>
</Transform>

<Transform dim="0"
 xcoef=" 0 1 0 0 0 0"
 ycoef=" 0 0 1 0 0 0">
<Image mag="0.00749" contrast="1" brightness="0" red="true" green="true" blue="true"
 src="Alg_stitch3-4_278.tif" />
<Contour name="domain1" hidden="false" closed="true" simplified="false" border="1 0 1" fill="1 0 1" mode="11"
 points="0 0,
	15652 0,
	15652 8578,
	0 8578,
	"/>
</Transform>

<Transform dim="0"
 xcoef=" 0 1 0 0 0 0"
 ycoef=" 0 0 1 0 0 0">
<Image mag="0.00749" contrast="1" brightness="0" red="true" green="true" blue="true"
 src="Alg_stitch3-4_278.tif" />
<Contour name="domain1" hidden="false" closed="true" simplified="false" border="1 0 1" fill="1 0 1" mode="11"
 points="0 0,
	15652 0,
	15652 8578,
	0 8578,
	"/>
</Transform>

<Transform dim="0"
 xcoef=" 0 1 0 0 0 0"
 ycoef=" 0 0 1 0 0 0">
<Image mag="0.00749" contrast="1" brightness="0" red="true" green="true" blue="true"
 src="Alg_stitch3-4_278.tif" />
<Contour name="domain1" hidden="false" closed="true" simplified="false" border="1 0 1" fill="1 0 1" mode="11"
 points="0 0,
	15652 0,
	15652 8578,
	0 8578,
	"/>
</Transform>

<Transform dim="0"
 xcoef=" 0 1 0 0 0 0"
 ycoef=" 0 0 1 0 0 0">
<Image mag="0.00749" contrast="1" brightness="0" red="true" green="true" blue="true"
 src="Alg_stitch3-4_278.tif" />
<Contour name="domain1" hidden="false" closed="true" simplified="false" border="1 0 1" fill="1 0 1" mode="11"
 points="0 0,
	15652 0,
	15652 8578,
	0 8578,
	"/>
</Transform>

<Transform dim="0"
 xcoef=" 0 1 0 0 0 0"
 ycoef=" 0 0 1 0 0 0">
<Image mag="0.00749" contrast="1" brightness="0" red="true" green="true" blue="true"
 src="Alg_stitch3-4_278.tif" />
<Contour name="domain1" hidden="false" closed="true" simplified="false" border="1 0 1" fill="1 0 1" mode="11"
 points="0 0,
	15652 0,
	15652 8578,
	0 8578,
	"/>
</Transform>

<Transform dim="0"
 xcoef=" 0 1 0 0 0 0"
 ycoef=" 0 0 1 0 0 0">
<Image mag="0.00749" contrast="1" brightness="0" red="true" green="true" blue="true"
 src="Alg_stitch3-4_278.tif" />
<Contour name="DENucleus2" hidden="false" closed="true" simplified="false" border="0 0 0.627" fill="0 0 0.627" mode="11"
 points="0 0,
	15652 0,
	15652 8578,
	0 8578,
	"/>
</Transform>

<Transform dim="0"
 xcoef=" 0 1 0 0 0 0"
 ycoef=" 0 0 1 0 0 0">
<Image mag="0.00749" contrast="1" brightness="0" red="true" green="true" blue="true"
 src="Alg_stitch3-4_278.tif" />
<Contour name="domain1" hidden="false" closed="true" simplified="false" border="1 0 1" fill="1 0 1" mode="11"
 points="0 0,
	15652 0,
	15652 8578,
	0 8578,
	"/>
</Transform>

<Transform dim="0"
 xcoef=" 0 1 0 0 0 0"
 ycoef=" 0 0 1 0 0 0">
<Image mag="0.00749" contrast="1" brightness="0" red="true" green="true" blue="true"
 src="Alg_stitch3-4_278.tif" />
<Contour name="domain1" hidden="false" closed="true" simplified="false" border="1 0 1" fill="1 0 1" mode="11"
 points="0 0,
	15652 0,
	15652 8578,
	0 8578,
	"/>
</Transform>

<Transform dim="0"
 xcoef=" 0 1 0 0 0 0"
 ycoef=" 0 0 1 0 0 0">
<Contour name="Tb2_NF40_LES" hidden="false" closed="true" simplified="true" border="0.501961 0.25098 0.25098" fill="0.501961 0.25098 0.25098" mode="-9"
 points="21.3551 33.784,
	21.5246 33.4827,
	21.5999 33.3321,
	21.8824 33.0496,
	21.9577 32.9931,
	21.9954 32.9931,
	22.0707 32.9366,
	22.146 32.9743,
	22.2402 33.1249,
	22.2402 33.2002,
	22.2967 33.3509,
	22.3344 33.4262,
	22.3532 34.0288,
	22.3909 34.1795,
	22.3909 34.3301,
	22.3344 34.4055,
	22.0331 34.5373,
	21.8824 34.5561,
	21.7317 34.5373,
	21.5811 34.4431,
	21.4116 34.1418,
	21.3551 33.9912,
	21.3551 33.8405,
	21.3551 33.8028,
	"/>
</Transform>

<Transform dim="0"
 xcoef=" 0 1 0 0 0 0"
 ycoef=" 0 0 1 0 0 0">
<Contour name="TB2_NF001_LES" hidden="false" closed="true" simplified="true" border="1 1 0" fill="1 1 0" mode="-9"
 points="15.7996 33.7339,
	15.8577 33.7193,
	16.09 33.8065,
	16.2062 33.8646,
	16.2643 33.8791,
	16.4966 34.0388,
	16.729 34.2421,
	17.1791 34.5471,
	17.4115 34.6487,
	17.4696 34.6778,
	17.4986 34.6778,
	17.731 34.8375,
	17.9633 34.9537,
	18.0214 34.9682,
	18.0795 35.0118,
	18.1085 35.0699,
	18.094 35.186,
	18.0214 35.3022,
	17.9924 35.3313,
	17.9778 35.3893,
	17.9633 35.4184,
	17.9924 35.5346,
	18.1521 35.7524,
	18.1957 35.8105,
	18.2247 35.8395,
	18.2247 35.8686,
	18.2683 35.9266,
	18.2538 35.9557,
	18.4861 36.1009,
	18.6023 36.2026,
	18.7184 36.2752,
	18.7765 36.3332,
	19.0089 36.4639,
	19.0379 36.493,
	19.096 36.5075,
	19.3284 36.6527,
	19.5607 36.7544,
	19.6769 36.827,
	19.7495 36.9432,
	19.7785 37.0593,
	19.764 37.1174,
	19.7204 37.1755,
	19.6043 37.2191,
	19.3719 37.2045,
	19.2557 37.1319,
	19.0379 36.9141,
	18.8056 36.7544,
	18.6894 36.6963,
	18.6313 36.6672,
	18.5151 36.6672,
	18.399 36.6092,
	18.2973 36.493,
	18.1521 36.2606,
	18.1085 36.2026,
	18.1085 36.1735,
	17.9633 35.9412,
	17.731 35.7524,
	17.5131 35.5346,
	17.4115 35.4474,
	17.2953 35.4184,
	17.2663 35.4184,
	17.0339 35.2006,
	16.6564 34.7794,
	16.424 34.5616,
	16.2498 34.3293,
	16.1481 34.2131,
	16.0319 34.1405,
	15.9158 34.0969,
	15.8432 33.9953,
	15.7996 33.8791,
	15.7996 33.7629,
	15.7996 33.7484,
	"/>
</Transform>

<Transform dim="0"
 xcoef=" 0 1 0 0 0 0"
 ycoef=" 0 0 1 0 0 0">
<Image mag="0.00749" contrast="1" brightness="0" red="true" green="true" blue="true"
 src="Alg_stitch3-4_278.tif" />
<Contour name="domain1" hidden="false" closed="true" simplified="false" border="1 0 1" fill="1 0 1" mode="11"
 points="0 0,
	15652 0,
	15652 8578,
	0 8578,
	"/>
</Transform>

<Transform dim="0"
 xcoef=" 0 1 0 0 0 0"
 ycoef=" 0 0 1 0 0 0">
<Contour name="TB1_NF62_LES" hidden="false" closed="true" simplified="true" border="1 0.27451 0.27451" fill="1 0.27451 0.27451" mode="-9"
 points="69.9806 36.7576,
	69.9949 36.7193,
	70.0188 36.6811,
	70.038 36.662,
	70.0571 36.6524,
	70.0667 36.6524,
	70.0762 36.6428,
	70.2293 36.6093,
	70.2675 36.6046,
	70.2867 36.5998,
	70.3632 36.6093,
	70.3823 36.6093,
	70.5354 36.6572,
	70.6885 36.662,
	70.698 36.6572,
	70.7745 36.6715,
	70.7937 36.6811,
	70.8272 36.7193,
	70.8272 36.7289,
	70.8367 36.7385,
	70.8606 36.815,
	70.8702 36.8915,
	70.9037 36.9681,
	70.9228 37.0063,
	70.9372 37.0255,
	70.9467 37.0637,
	70.9515 37.0829,
	70.9515 37.0924,
	70.9324 37.0972,
	70.8559 37.0829,
	70.8176 37.0733,
	70.7793 37.0733,
	70.7411 37.0542,
	70.7219 37.0446,
	70.5689 37.0446,
	70.4158 37.0159,
	70.3393 36.9968,
	70.1862 36.9824,
	70.148 36.9776,
	70.1097 36.9633,
	70.0906 36.9537,
	70.081 36.9537,
	70.0427 36.925,
	70.014 36.8868,
	69.9997 36.8676,
	69.9853 36.8294,
	69.9806 36.7911,
	69.9806 36.772,
	69.9806 36.7624,
	"/>
</Transform>

<Transform dim="0"
 xcoef=" 0 1 0 0 0 0"
 ycoef=" 0 0 1 0 0 0">
<Contour name="TB2_NF07_RSL" hidden="false" closed="true" simplified="true" border="0 0 0.501961" fill="0 0 0.501961" mode="-9"
 points="16.9655 35.4826,
	16.9925 35.4393,
	17.0357 35.4123,
	17.2087 35.3853,
	17.252 35.3798,
	17.2736 35.3798,
	17.3169 35.3961,
	17.398 35.4718,
	17.4412 35.5096,
	17.5115 35.5961,
	17.6467 35.7475,
	17.7926 35.9043,
	17.8737 35.9908,
	17.9062 36.034,
	17.9494 36.0773,
	18.0846 36.2395,
	18.3711 36.5855,
	18.4306 36.672,
	18.4522 36.6936,
	18.5387 36.7261,
	18.582 36.7369,
	18.6036 36.7423,
	18.6144 36.7477,
	18.6306 36.9207,
	18.6361 36.9639,
	18.6793 37.0504,
	18.7604 37.0991,
	18.8037 37.1315,
	18.8469 37.1532,
	18.8685 37.164,
	18.8793 37.164,
	18.9658 37.2126,
	19.0091 37.2289,
	19.0524 37.2343,
	19.0956 37.2505,
	19.1172 37.2505,
	19.1389 37.2613,
	19.1497 37.2613,
	19.1605 37.2721,
	19.1713 37.2721,
	19.1821 37.2829,
	19.1929 37.2829,
	19.2308 37.3262,
	19.3389 37.4992,
	19.393 37.5857,
	19.5281 37.7587,
	19.6362 37.9263,
	19.6903 38.0128,
	19.7119 38.0344,
	19.7606 38.1209,
	19.793 38.2074,
	19.7984 38.2507,
	19.793 38.2939,
	19.7822 38.3156,
	19.7606 38.3372,
	19.7498 38.348,
	19.7282 38.348,
	19.7228 38.3426,
	19.7444 38.2993,
	19.7336 38.2993,
	19.6903 38.3264,
	19.6038 38.3534,
	19.4308 38.375,
	19.3443 38.375,
	19.2578 38.3588,
	19.2145 38.348,
	19.128 38.2885,
	19.0956 38.2561,
	19.0253 38.175,
	19.0037 38.1534,
	18.9496 38.0669,
	18.9334 38.0452,
	18.9334 38.0344,
	18.9172 38.0128,
	18.9172 38.002,
	18.9064 37.9912,
	18.901 37.9695,
	18.8739 37.9263,
	18.8685 37.9047,
	18.8523 37.883,
	18.8469 37.8614,
	18.7982 37.7749,
	18.7766 37.7533,
	18.7172 37.6668,
	18.6739 37.6235,
	18.6036 37.5424,
	18.5387 37.4721,
	18.4793 37.3911,
	18.4468 37.3532,
	18.4036 37.31,
	18.3441 37.2289,
	18.263 37.0559,
	18.263 37.045,
	18.2468 37.0234,
	18.2306 36.9802,
	18.2035 36.9369,
	18.1224 36.8612,
	18.0792 36.8234,
	18.0359 36.7963,
	17.9494 36.7261,
	17.7872 36.6071,
	17.7656 36.5909,
	17.744 36.5855,
	17.5764 36.4611,
	17.5602 36.4503,
	17.4791 36.3746,
	17.4412 36.3422,
	17.3547 36.2557,
	17.2682 36.18,
	17.2304 36.1422,
	17.1168 35.98,
	17.0628 35.8989,
	17.0357 35.861,
	17.0033 35.7745,
	16.9655 35.6015,
	16.9655 35.515,
	16.9655 35.4934,
	16.9655 35.488,
	"/>
</Transform>

<Transform dim="0"
 xcoef=" 0 1 0 0 0 0"
 ycoef=" 0 0 1 0 0 0">
<Contour name="Tb2_NF40_LES" hidden="false" closed="true" simplified="true" border="0.501961 0.25098 0.25098" fill="0.501961 0.25098 0.25098" mode="-9"
 points="15.4056 32.9114,
	15.4376 32.8261,
	15.4589 32.7835,
	15.4802 32.7622,
	15.5228 32.7462,
	15.5655 32.7408,
	15.5868 32.7355,
	15.6295 32.7462,
	15.6508 32.7568,
	15.6614 32.7568,
	15.7041 32.7835,
	15.7254 32.7995,
	15.7361 32.7995,
	15.7467 32.8101,
	15.7574 32.8101,
	15.8427 32.8634,
	15.8853 32.8794,
	15.9067 32.8954,
	15.928 32.9008,
	16.0133 32.9647,
	16.0453 32.9967,
	16.1252 33.0767,
	16.2905 33.1993,
	16.3331 33.2259,
	16.3758 33.2632,
	16.4077 33.3059,
	16.4077 33.3165,
	16.4184 33.3272,
	16.4344 33.3699,
	16.4344 33.4125,
	16.4291 33.4338,
	16.4024 33.4605,
	16.3864 33.4658,
	16.4024 33.4871,
	16.4131 33.4978,
	16.3278 33.5085,
	16.1572 33.5031,
	16.0719 33.4818,
	15.9013 33.4018,
	15.816 33.3645,
	15.6455 33.2419,
	15.5602 33.1833,
	15.4749 33.114,
	15.4429 33.0713,
	15.4269 33.05,
	15.4269 33.0394,
	15.4162 33.0287,
	15.4056 32.986,
	15.4056 32.9434,
	15.4056 32.9221,
	15.4056 32.9168,
	"/>
<Contour name="Tb2_NF40_LES" hidden="false" closed="true" simplified="true" border="0.501961 0.25098 0.25098" fill="0.501961 0.25098 0.25098" mode="-9"
 points="17.5751 34.2494,
	17.6018 34.2068,
	17.6391 34.1641,
	17.6818 34.1428,
	17.7244 34.1375,
	17.767 34.1428,
	17.8523 34.1695,
	17.8737 34.1854,
	18.2148 34.2974,
	18.2575 34.3134,
	18.2681 34.324,
	18.3534 34.3614,
	18.3747 34.3667,
	18.3854 34.3773,
	18.4067 34.3827,
	18.4494 34.42,
	18.4814 34.4626,
	18.5027 34.5053,
	18.5666 34.5852,
	18.604 34.6226,
	18.6466 34.6492,
	18.6893 34.6919,
	18.7426 34.7718,
	18.7692 34.8145,
	18.8065 34.8571,
	18.8918 34.9157,
	18.9131 34.9211,
	18.9345 34.9371,
	18.9558 34.9424,
	19.0411 34.9957,
	19.0624 35.001,
	19.233 35.1236,
	19.2756 35.1556,
	19.2969 35.161,
	19.3822 35.2089,
	19.4249 35.2249,
	19.4462 35.2409,
	19.4569 35.2409,
	19.4675 35.2516,
	19.4782 35.2516,
	19.4942 35.2676,
	19.5048 35.2676,
	19.5901 35.3262,
	19.6115 35.3422,
	19.6967 35.3742,
	19.782 35.4222,
	19.8034 35.4435,
	19.814 35.4648,
	19.8193 35.5074,
	19.814 35.5288,
	19.7714 35.5608,
	19.6861 35.5767,
	19.3449 35.5927,
	19.3023 35.5927,
	19.1317 35.5288,
	18.9611 35.4541,
	18.8758 35.4062,
	18.8332 35.3795,
	18.7905 35.3422,
	18.7052 35.2996,
	18.5347 35.1929,
	18.4494 35.1396,
	18.4067 35.1183,
	18.2415 34.9957,
	18.1988 34.9584,
	18.0442 34.8358,
	17.959 34.7558,
	17.8843 34.6759,
	17.767 34.5159,
	17.7351 34.4733,
	17.6604 34.404,
	17.6231 34.3667,
	17.5751 34.2814,
	17.5751 34.2601,
	17.5751 34.2547,
	"/>
</Transform>

</Section>