<?xml version="1.0"?>
<!DOCTYPE Section SYSTEM "section.dtd">

<Section index="209" thickness="0.08" alignLocked="true">
<Transform dim="0"
 xcoef=" 0 1 0 0 0 0"
 ycoef=" 0 0 1 0 0 0">
<Image mag="0.00749" contrast="1" brightness="0" red="true" green="true" blue="true"
 src="Alg_stitch3-4_209.tif" />
<Contour name="domain1" hidden="false" closed="true" simplified="false" border="1 0 1" fill="1 0 1" mode="11"
 points="0 0,
	15652 0,
	15652 8578,
	0 8578,
	"/>
</Transform>

<Transform dim="0"
 xcoef=" 0 1 0 0 0 0"
 ycoef=" 0 0 1 0 0 0">
<Contour name="TB3_NF01-PG_RSL" hidden="false" closed="true" simplified="true" border="1 1 0" fill="1 1 0" mode="-9"
 points="14.87 16.51,
	14.89 16.5,
	14.9 16.52,
	14.98 16.49,
	15 16.47,
	15.16 16.41,
	15.2 16.39,
	15.36 16.39,
	15.52 16.44,
	15.56 16.47,
	15.6 16.55,
	15.62 16.59,
	15.62 16.67,
	15.57 16.83,
	15.56 16.87,
	15.54 16.89,
	15.52 17.05,
	15.52 17.21,
	15.5 17.37,
	15.45 17.53,
	15.43 17.55,
	15.42 17.71,
	15.42 17.79,
	15.37 17.87,
	15.23 18.02,
	15.15 18.07,
	15.07 18.14,
	15.01 18.21,
	14.98 18.18,
	14.9 16.9,
	14.88 16.58,
	14.88 16.54,
	14.87 16.52,
	"/>
</Transform>

<Transform dim="0"
 xcoef=" 0 1 0 0 0 0"
 ycoef=" 0 0 1 0 0 0">
<Contour name="TB1_Shell_RSL" hidden="false" closed="true" simplified="true" border="0.752941 0.752941 0.752941" fill="0.752941 0.752941 0.752941" mode="9"
 points="64.3864 22.7711,
	66.2385 22.7132,
	67.1646 22.7132,
	67.6276 22.7132,
	68.0907 22.8869,
	69.9428 23.1184,
	70.8689 23.292,
	71.7949 23.3499,
	72.258 23.4078,
	73.1841 23.813,
	73.6471 24.2181,
	74.1101 24.3918,
	75.0362 25.0284,
	75.4992 25.3757,
	75.5571 26.3018,
	76.0201 27.2278,
	76.1938 27.4594,
	76.2517 28.3854,
	76.1938 29.3115,
	76.078 29.7745,
	76.078 30.0061,
	75.7886 30.4691,
	75.4414 31.3952,
	75.3835 31.8582,
	75.3835 32.0897,
	75.0941 32.5528,
	74.9204 33.0158,
	74.8047 33.1316,
	74.6889 33.5946,
	74.3995 34.0576,
	74.2838 34.2891,
	74.0522 34.5207,
	73.9365 34.7522,
	73.8786 36.6043,
	73.7628 37.0674,
	73.5313 37.5304,
	73.1841 37.9934,
	72.9525 38.4565,
	72.6631 39.3825,
	72.6631 39.6141,
	72.4895 39.9035,
	70.6374 40.3086,
	70.1743 40.4244,
	69.9428 40.4823,
	69.4798 40.8295,
	69.2482 41.0032,
	68.7852 41.1189,
	66.9331 41.061,
	66.007 41.2926,
	65.7755 41.3504,
	65.3124 41.6398,
	64.3864 42.045,
	64.2706 42.1608,
	64.1549 42.1608,
	63.6918 42.4502,
	63.2288 42.508,
	62.7657 42.4502,
	61.8397 42.045,
	61.3766 41.8714,
	61.1451 41.6977,
	60.219 41.4662,
	58.3669 41.2926,
	57.4408 41.2347,
	56.9778 41.1768,
	56.5148 41.2926,
	56.399 41.2926,
	56.2254 41.1768,
	56.0517 40.7138,
	55.936 40.4823,
	56.1096 38.6301,
	56.2254 38.1671,
	56.1675 37.241,
	56.1096 37.0095,
	56.0517 36.8937,
	56.2254 35.9676,
	56.3411 35.5046,
	56.7463 34.5785,
	56.862 34.347,
	56.862 34.2313,
	57.0357 33.9997,
	57.0357 33.884,
	57.2093 33.6525,
	57.4987 32.7264,
	57.9617 31.8003,
	57.9617 31.6846,
	58.309 31.2215,
	58.4248 30.99,
	59.3509 30.1797,
	59.5824 29.9482,
	59.8718 29.0221,
	60.2769 28.096,
	60.5084 27.633,
	60.6821 27.4015,
	60.74 27.17,
	60.9136 26.9384,
	60.9136 26.8227,
	61.203 26.3597,
	61.2609 26.1281,
	61.5503 25.6651,
	61.6082 25.4336,
	62.0712 24.9705,
	62.3606 24.5075,
	62.8236 24.1024,
	63.1709 23.6393,
	64.097 23.0026,
	64.3285 22.829,
	"/>
</Transform>

<Transform dim="0"
 xcoef=" 0 1 0 0 0 0"
 ycoef=" 0 0 1 0 0 0">
<Contour name="TB1_NF03_RKJ" hidden="false" closed="true" simplified="true" border="0.501961 0.501961 1" fill="0.501961 0 1" mode="-9"
 points="64.4639 33.0793,
	64.5257 32.9804,
	64.6 32.9061,
	64.6989 32.8443,
	64.7979 32.8072,
	64.8845 32.733,
	64.9216 32.634,
	64.9216 32.4361,
	64.9587 32.3371,
	65.0577 32.2505,
	65.1566 32.2258,
	65.3546 32.2381,
	65.4535 32.3,
	65.5525 32.3247,
	65.6515 32.3124,
	65.701 32.3124,
	65.7999 32.3618,
	65.837 32.4113,
	65.8494 32.5103,
	65.8123 32.6093,
	65.6515 32.7948,
	65.6267 32.8196,
	65.6144 32.7948,
	65.5896 32.7948,
	65.4907 32.8567,
	65.4412 32.869,
	65.3422 32.9309,
	65.2927 32.968,
	65.2432 32.9804,
	65.2061 33.0299,
	65.0206 33.1412,
	64.9711 33.1412,
	64.7732 33.2278,
	64.6742 33.2402,
	64.5752 33.2154,
	64.4763 33.1536,
	64.4639 33.1041,
	64.4639 33.0917,
	"/>
</Transform>

<Transform dim="0"
 xcoef=" 0 1 0 0 0 0"
 ycoef=" 0 0 1 0 0 0">
<Contour name="TB1_NF14_RKJ" hidden="false" closed="true" simplified="true" border="1 1 0" fill="1 1 0" mode="-15"
 points="69.5265 28.0044,
	69.6136 27.8882,
	69.6717 27.8737,
	69.904 27.9027,
	70.0202 27.9463,
	70.0783 27.9898,
	70.1945 28.0044,
	70.2526 28.0189,
	70.3687 27.9608,
	70.4268 27.9172,
	70.4849 27.8011,
	70.4994 27.743,
	70.572 27.6268,
	70.6447 27.3945,
	70.6301 27.1621,
	70.6592 26.9298,
	70.6737 26.8136,
	70.7753 26.6974,
	71.0077 26.5667,
	71.0658 26.5377,
	71.2981 26.5086,
	71.7628 26.5377,
	71.9952 26.5667,
	72.2275 26.5377,
	72.4599 26.5667,
	72.6922 26.6248,
	72.9245 26.741,
	73.0407 26.7991,
	73.0988 26.7991,
	73.215 26.8426,
	73.3312 26.8136,
	73.4473 26.8281,
	73.5635 26.8136,
	73.6216 26.8281,
	73.6506 26.8426,
	73.6797 26.8281,
	73.7813 26.9007,
	73.8249 27.1331,
	73.8539 27.1766,
	74.0863 27.2202,
	74.1879 27.2783,
	74.2024 27.3364,
	74.1734 27.4525,
	74.0718 27.6849,
	74.0572 27.743,
	74.0863 27.8011,
	74.2024 27.8737,
	74.246 27.9172,
	74.2605 28.0334,
	74.217 28.1496,
	74.1153 28.2512,
	74.0427 28.3674,
	74.0282 28.4255,
	74.0137 28.4545,
	74.0718 28.5707,
	74.1879 28.6433,
	74.3041 28.6578,
	74.4203 28.6143,
	74.5364 28.5417,
	74.6526 28.5126,
	74.7107 28.4981,
	74.8269 28.5707,
	74.8124 28.6869,
	74.7688 28.8031,
	74.7543 28.8611,
	74.5945 29.0935,
	74.3622 29.2823,
	74.3331 29.2823,
	74.2315 29.3984,
	74.2315 29.4565,
	74.3477 29.5291,
	74.4638 29.5727,
	74.6962 29.6017,
	74.8124 29.6163,
	74.9285 29.6598,
	74.9721 29.6889,
	74.9866 29.747,
	74.9576 29.805,
	74.8995 29.8341,
	74.7688 30.0664,
	74.7397 30.1826,
	74.7397 30.2407,
	74.6962 30.2843,
	74.4638 30.3423,
	74.4058 30.3714,
	74.3767 30.3569,
	74.4058 30.3423,
	74.1734 30.2117,
	74.1153 30.1971,
	73.9991 30.2407,
	73.9411 30.2407,
	73.8249 30.1536,
	73.7087 30.2262,
	73.6361 30.4585,
	73.6071 30.5747,
	73.6071 30.6037,
	73.5054 30.7199,
	73.4473 30.7635,
	73.3312 30.778,
	73.2731 30.7635,
	73.2295 30.7054,
	73.2005 30.5892,
	73.215 30.473,
	73.2585 30.4295,
	73.3747 30.415,
	73.4328 30.4004,
	73.4618 30.3714,
	73.4473 30.3133,
	73.4909 30.1971,
	73.5199 30.139,
	73.7523 30.0664,
	73.9846 30.0664,
	74.0427 30.0955,
	74.1589 30.081,
	74.217 30.0955,
	74.3331 30.0519,
	74.3767 30.0084,
	74.3912 29.9503,
	74.3477 29.8341,
	74.2751 29.7179,
	74.1734 29.6017,
	74.1298 29.5437,
	74.0137 29.5001,
	73.7813 29.5146,
	73.7232 29.4711,
	73.7668 29.413,
	73.883 29.3694,
	73.9411 29.3404,
	73.9556 29.3113,
	73.8539 29.1951,
	73.7958 29.1661,
	73.7523 29.108,
	73.7668 29.0499,
	73.8685 28.9338,
	73.8975 28.8757,
	73.8975 28.8176,
	73.8685 28.7595,
	73.7523 28.7159,
	73.6942 28.7159,
	73.6361 28.745,
	73.1714 28.6433,
	73.1133 28.6288,
	72.9972 28.6578,
	72.881 28.6143,
	72.8229 28.5707,
	72.7648 28.5852,
	72.7067 28.5707,
	72.6777 28.5417,
	72.6632 28.4255,
	72.6051 28.3819,
	72.1404 28.2803,
	71.908 28.2367,
	71.4433 28.2077,
	71.211 28.1931,
	71.0948 28.1641,
	70.8625 28.2658,
	70.7463 28.3093,
	70.514 28.2367,
	70.3978 28.2803,
	70.2961 28.3819,
	70.2671 28.4981,
	70.209 28.6143,
	70.1654 28.6724,
	69.9331 28.7159,
	69.8169 28.7595,
	69.7588 28.7595,
	69.7153 28.7159,
	69.7007 28.6869,
	69.7298 28.6288,
	69.6717 28.5707,
	69.6136 28.5417,
	69.5846 28.5417,
	69.5265 28.077,
	69.5265 28.0189,
	"/>
</Transform>

<Transform dim="0"
 xcoef=" 0 1 0 0 0 0"
 ycoef=" 0 0 1 0 0 0">
<Contour name="TB1_NF14_RKJ" hidden="false" closed="true" simplified="true" border="1 1 0" fill="1 1 0" mode="-15"
 points="68.8761 28.564,
	68.9342 28.5205,
	69.0503 28.506,
	69.2827 28.564,
	69.3117 28.5931,
	69.4279 28.6076,
	69.6603 28.7093,
	69.7183 28.7238,
	69.82 28.6947,
	69.8345 28.7238,
	69.8055 28.7819,
	69.6893 28.8254,
	69.457 28.869,
	69.3989 28.898,
	69.2827 28.8835,
	69.0503 28.7383,
	68.9342 28.6802,
	68.8761 28.6367,
	68.8761 28.5786,
	"/>
</Transform>

<Transform dim="0"
 xcoef=" 0 1 0 0 0 0"
 ycoef=" 0 0 1 0 0 0">
<Contour name="TB1_NF53_LES" hidden="false" closed="true" simplified="true" border="1 0.501961 0.501961" fill="1 0.501961 0.501961" mode="-9"
 points="86.2708 43.175,
	86.3368 42.9639,
	86.3632 42.8584,
	86.3763 42.8056,
	86.4159 42.7661,
	86.4687 42.7661,
	86.561 42.8584,
	86.627 42.9639,
	86.6534 43.0167,
	86.6402 43.1222,
	86.6402 43.1486,
	86.5874 43.2014,
	86.5346 43.3069,
	86.5215 43.3597,
	86.4423 43.452,
	86.3895 43.452,
	86.2972 43.386,
	86.2708 43.2805,
	86.2708 43.1882,
	"/>
</Transform>

<Transform dim="0"
 xcoef=" 0 1 0 0 0 0"
 ycoef=" 0 0 1 0 0 0">
<Contour name="TB1_NF53_LES" hidden="false" closed="true" simplified="true" border="1 0.501961 0.501961" fill="1 0.501961 0.501961" mode="-9"
 points="86.2708 42.1593,
	86.3368 42.0537,
	86.3763 42.001,
	86.4027 41.9746,
	86.5083 41.9878,
	86.561 42.001,
	86.6534 42.0801,
	86.627 42.1856,
	86.6666 42.3967,
	86.7061 42.5022,
	86.6929 42.555,
	86.6534 42.6078,
	86.627 42.6078,
	86.5346 42.5022,
	86.5215 42.3967,
	86.5083 42.3439,
	86.4819 42.3176,
	86.3763 42.3439,
	86.35 42.3439,
	86.284 42.2384,
	86.2708 42.1856,
	86.2708 42.1724,
	"/>
<Contour name="TB1_NF53_LES" hidden="false" closed="true" simplified="true" border="1 0.501961 0.501961" fill="1 0.501961 0.501961" mode="-9"
 points="86.627 41.1567,
	86.7193 40.9457,
	86.7589 40.8533,
	86.7325 40.8269,
	86.7589 40.8137,
	86.8117 40.8269,
	86.8249 40.8401,
	86.8117 40.8533,
	86.8644 40.8665,
	86.8908 40.8665,
	86.9436 40.8137,
	87.0623 40.6027,
	87.1019 40.4972,
	87.1678 40.3916,
	87.2206 40.3521,
	87.2602 40.2597,
	87.3261 40.1542,
	87.3525 40.141,
	87.458 40.1806,
	87.4712 40.2333,
	87.4053 40.3389,
	87.3789 40.3916,
	87.3525 40.418,
	87.3129 40.5235,
	87.2865 40.5499,
	87.2865 40.6027,
	87.3129 40.6555,
	87.3657 40.6686,
	87.4712 40.5895,
	87.4976 40.5631,
	87.7087 40.4972,
	87.8142 40.484,
	87.867 40.4972,
	87.9197 40.5367,
	87.9329 40.6423,
	87.9197 40.7478,
	87.867 40.7874,
	87.7614 40.8006,
	87.7087 40.8006,
	87.6559 40.8269,
	87.5899 40.9325,
	87.5899 41.038,
	87.6163 41.1435,
	87.6163 41.2491,
	87.5768 41.3546,
	87.5108 41.4601,
	87.458 41.5129,
	87.3525 41.5525,
	87.2997 41.5525,
	87.1942 41.5129,
	87.1414 41.4865,
	86.9304 41.4997,
	86.8249 41.5129,
	86.7985 41.4997,
	86.7985 41.4469,
	86.6929 41.3942,
	86.6402 41.3414,
	86.627 41.2359,
	86.627 41.1831,
	86.627 41.1699,
	"/>
<Contour name="TB1_NF53_LES" hidden="false" closed="true" simplified="true" border="1 0.501961 0.501961" fill="1 0.501961 0.501961" mode="-9"
 points="87.9461 40.6423,
	88.0253 40.5763,
	88.078 40.6027,
	88.1044 40.6291,
	88.144 40.7346,
	88.1308 40.8401,
	88.144 40.8929,
	88.1176 40.9193,
	88.0648 40.9193,
	88.0121 40.8665,
	87.9725 40.761,
	87.9725 40.7346,
	87.9461 40.7082,
	87.9461 40.6555,
	"/>
<Contour name="TB1_NF53_LES" hidden="false" closed="true" simplified="true" border="1 0.501961 0.501961" fill="1 0.501961 0.501961" mode="-9"
 points="87.7219 40.0882,
	87.7614 39.9827,
	87.8142 39.9695,
	87.8802 40.075,
	87.9197 40.1278,
	87.9329 40.2333,
	87.9197 40.3389,
	87.8802 40.3916,
	87.8538 40.418,
	87.8406 40.3125,
	87.7614 40.2069,
	87.7219 40.1542,
	87.7219 40.1014,
	"/>
</Transform>

<Transform dim="0"
 xcoef=" 0 1 0 0 0 0"
 ycoef=" 0 0 1 0 0 0">
<Contour name="TB1_NF53_LES" hidden="false" closed="true" simplified="true" border="1 0.501961 0.501961" fill="1 0.501961 0.501961" mode="-9"
 points="91.8243 43.6499,
	91.8639 43.4388,
	91.9035 43.3333,
	91.9694 43.2277,
	91.9826 43.1222,
	91.9694 43.0958,
	91.9958 42.9903,
	92.009 42.9375,
	92.009 42.9112,
	92.0354 42.8848,
	92.0882 42.898,
	92.1145 42.8848,
	92.2201 42.9112,
	92.2728 42.9507,
	92.3916 43.1618,
	92.4575 43.3729,
	92.4311 43.4784,
	92.4443 43.6894,
	92.4575 43.7422,
	92.4707 43.7554,
	92.4839 43.7422,
	92.4971 43.8477,
	92.4839 43.9005,
	92.2992 44.072,
	92.2201 44.1775,
	92.1673 44.2303,
	92.1145 44.2435,
	92.009 44.1775,
	91.9167 44.072,
	91.8771 43.9665,
	91.8903 43.8609,
	91.8507 43.7554,
	91.8375 43.6631,
	"/>
</Transform>

<Transform dim="0"
 xcoef=" 0 1 0 0 0 0"
 ycoef=" 0 0 1 0 0 0">
<Contour name="TB1_NF53_LES" hidden="false" closed="true" simplified="true" border="1 0.501961 0.501961" fill="1 0.501961 0.501961" mode="-9"
 points="90.1886 43.4784,
	90.2282 43.3729,
	90.2414 43.3201,
	90.2282 43.109,
	90.3997 42.898,
	90.4261 42.8848,
	90.6371 42.898,
	90.7427 42.9112,
	90.835 42.832,
	90.8878 42.7792,
	90.9933 42.7397,
	91.0988 42.7661,
	91.1384 42.8188,
	91.2175 43.0299,
	91.2571 43.1354,
	91.2703 43.1618,
	91.2571 43.1882,
	91.2703 43.2409,
	91.2439 43.3465,
	91.1252 43.5575,
	91.0724 43.6103,
	90.8614 43.729,
	90.7558 43.8214,
	90.6503 43.8477,
	90.6239 43.8741,
	90.5184 43.8609,
	90.4656 43.8477,
	90.2546 43.7026,
	90.1886 43.4916,
	"/>
</Transform>

<Transform dim="0"
 xcoef=" 0 1 0 0 0 0"
 ycoef=" 0 0 1 0 0 0">
<Contour name="TB1_t2cell07_CM_RKJ" hidden="false" closed="true" simplified="true" border="1 0 0.501961" fill="0 0.501961 0.752941" mode="15"
 points="65.6239 31.9387,
	65.7127 31.7809,
	65.7719 31.7019,
	65.8508 31.6329,
	65.9297 31.623,
	65.9692 31.623,
	65.9988 31.5835,
	65.9889 31.5441,
	65.9988 31.5046,
	66.058 31.4355,
	66.1369 31.4257,
	66.1764 31.4355,
	66.2159 31.4257,
	66.3639 31.2678,
	66.4231 31.1888,
	66.502 31.1198,
	66.6599 31.0507,
	66.7388 30.9915,
	66.8769 30.8336,
	66.8868 30.7547,
	66.8868 30.7152,
	66.8868 30.6955,
	66.8473 30.656,
	66.8079 30.5771,
	66.7881 30.5376,
	66.798 30.4982,
	66.798 30.4784,
	66.9263 30.3206,
	67.0841 30.1627,
	67.242 30.064,
	67.3999 29.9851,
	67.5577 29.9358,
	67.6367 29.9259,
	67.6761 29.9259,
	67.834 29.847,
	67.9919 29.7483,
	68.3076 29.4819,
	68.4655 29.3734,
	68.5346 29.2944,
	68.6135 29.1366,
	68.6727 28.9787,
	68.6826 28.9392,
	68.5247 28.9096,
	68.3668 28.959,
	68.2879 28.959,
	68.209 28.9195,
	68.1498 28.8406,
	68.1103 28.7616,
	68.0807 28.6038,
	68.0906 28.5248,
	68.1202 28.4854,
	68.13 28.4459,
	68.1596 28.4064,
	68.1991 28.3867,
	68.2386 28.3867,
	68.2682 28.4262,
	68.2583 28.584,
	68.2583 28.663,
	68.2682 28.7024,
	68.2978 28.7419,
	68.3175 28.7616,
	68.3964 28.7715,
	68.5543 28.7419,
	68.7122 28.663,
	68.7911 28.6432,
	68.87 28.6728,
	68.9095 28.6728,
	68.9884 28.7123,
	69.0279 28.732,
	69.1068 28.8011,
	69.1858 28.8504,
	69.3436 28.8603,
	69.4226 28.8504,
	69.462 28.8406,
	69.541 28.8504,
	69.8567 28.7518,
	70.0146 28.6926,
	70.0935 28.6432,
	70.1231 28.6038,
	70.1724 28.4459,
	70.2514 28.367,
	70.2415 28.3374,
	70.2612 28.2979,
	70.4191 28.219,
	70.4586 28.2091,
	70.4783 28.1992,
	70.5178 28.219,
	70.6756 28.2288,
	70.9914 28.1795,
	71.1493 28.1598,
	71.2282 28.1499,
	71.3071 28.1598,
	71.6229 28.14,
	71.7807 28.1499,
	71.9386 28.14,
	72.2543 28.1894,
	72.3333 28.2091,
	72.4122 28.2486,
	72.4517 28.2683,
	72.501 28.3472,
	72.6293 28.5051,
	72.6687 28.5446,
	72.8266 28.6038,
	72.9055 28.6432,
	73.0634 28.6531,
	73.1423 28.6432,
	73.4581 28.6926,
	73.7738 28.7024,
	73.8527 28.7222,
	73.8725 28.7616,
	73.8133 28.9195,
	73.7935 28.959,
	73.8034 29.0379,
	73.8527 29.1168,
	73.8922 29.1563,
	73.9119 29.1958,
	73.9218 29.2155,
	73.9021 29.255,
	73.8231 29.3043,
	73.7935 29.3339,
	73.8034 29.3734,
	73.8725 29.4424,
	74.0303 29.4918,
	74.1093 29.5214,
	74.2671 29.62,
	74.3461 29.6595,
	74.4152 29.7384,
	74.4448 29.8174,
	74.4546 29.8568,
	74.4448 29.8963,
	74.3757 29.9752,
	74.3362 30.0147,
	74.1783 30.0443,
	73.8626 30.0344,
	73.7047 30.0443,
	73.6258 30.064,
	73.5863 30.064,
	73.5074 30.1232,
	73.4778 30.1627,
	73.4581 30.2416,
	73.4679 30.3206,
	73.4581 30.36,
	73.4679 30.3798,
	73.4285 30.4094,
	73.2706 30.4784,
	73.2311 30.4982,
	73.2015 30.5771,
	73.2213 30.6166,
	73.3002 30.6856,
	73.3791 30.7251,
	73.4186 30.735,
	73.4975 30.7152,
	73.5173 30.7054,
	73.537 30.7251,
	73.5765 30.6462,
	73.5469 30.6067,
	73.5666 30.5278,
	73.6554 30.3699,
	73.685 30.291,
	73.6949 30.2515,
	73.7639 30.1726,
	73.7837 30.1528,
	73.8231 30.143,
	73.8429 30.1232,
	73.8823 30.1331,
	73.9119 30.1726,
	73.9119 30.2515,
	73.9415 30.4094,
	73.9021 30.4883,
	73.8725 30.5278,
	73.8527 30.5475,
	73.8429 30.7054,
	73.833 30.7448,
	73.833 30.7646,
	73.8725 30.804,
	73.8823 30.8139,
	73.9415 30.7448,
	74.0205 30.6955,
	74.0994 30.6659,
	74.2573 30.656,
	74.3362 30.6659,
	74.4941 30.7547,
	74.5632 30.8139,
	74.5928 30.8928,
	74.5829 30.9718,
	74.5138 31.0507,
	74.4744 31.0902,
	74.1586 31.2283,
	74.1191 31.248,
	74.129 31.327,
	74.0994 31.4059,
	74.0895 31.4454,
	74.0994 31.4849,
	74.0501 31.5638,
	73.9711 31.6131,
	73.9317 31.6329,
	73.9021 31.7118,
	73.8922 31.7513,
	73.9119 31.8302,
	73.8725 31.9091,
	73.7935 31.9585,
	73.7541 31.9782,
	73.5962 32.0078,
	73.5173 32.0275,
	73.4778 32.0473,
	73.3989 32.0571,
	73.241 32.1361,
	73.093 32.2841,
	73.0141 32.363,
	72.8562 32.4518,
	72.6983 32.5011,
	72.3826 32.5406,
	72.2247 32.5505,
	72.1458 32.5801,
	72.1063 32.5899,
	72.0767 32.6294,
	72.057 32.9451,
	72.057 33.103,
	72.0274 33.1819,
	71.9583 33.251,
	71.6426 33.3793,
	71.4847 33.5273,
	71.3269 33.6457,
	71.169 33.7345,
	71.0901 33.7641,
	71.0111 33.7739,
	70.9322 33.7542,
	70.8532 33.7542,
	70.6954 33.7246,
	70.3796 33.7345,
	69.7482 33.7937,
	69.5903 33.7838,
	69.2746 33.7937,
	69.1167 33.7542,
	69.0378 33.7443,
	68.8799 33.8134,
	68.8404 33.8331,
	68.7714 33.8134,
	68.7319 33.8331,
	68.7023 33.7937,
	68.6924 33.7542,
	68.7023 33.7147,
	68.722 33.7049,
	68.6727 33.547,
	68.6431 33.4681,
	68.6234 33.4483,
	68.5444 33.4483,
	68.505 33.4385,
	68.3471 33.4878,
	68.3076 33.4977,
	68.2287 33.4582,
	68.1892 33.4483,
	68.1103 33.4681,
	68.0314 33.4385,
	67.9919 33.4089,
	67.8834 33.251,
	67.7255 33.103,
	67.6465 33.0537,
	67.3308 32.9353,
	67.1729 32.8662,
	66.8572 32.7971,
	66.7783 32.7774,
	66.7388 32.7774,
	66.7191 32.7675,
	66.5612 32.8267,
	66.5217 32.8267,
	66.3639 32.7379,
	66.206 32.6787,
	66.1271 32.6393,
	66.0481 32.6393,
	65.9692 32.5801,
	65.9396 32.5406,
	65.9396 32.2249,
	65.9297 32.067,
	65.9001 31.9881,
	65.8212 31.919,
	65.8015 31.9091,
	65.7225 31.9881,
	65.6831 32.0078,
	65.6633 32.0177,
	65.6239 31.9881,
	65.6239 31.9486,
	"/>
</Transform>

<Transform dim="0"
 xcoef=" 0 1 0 0 0 0"
 ycoef=" 0 0 1 0 0 0">
<Contour name="TB1_t2cell07_CM_RKJ" hidden="false" closed="true" simplified="true" border="1 0 0.501961" fill="0 0.501961 0.752941" mode="15"
 points="65.3279 32.3433,
	65.3476 32.3235,
	65.3476 32.2841,
	65.3673 32.2446,
	65.3673 32.2249,
	65.4265 32.1459,
	65.466 32.1065,
	65.5449 32.067,
	65.6239 32.0571,
	65.6633 32.0571,
	65.6831 32.0571,
	65.7225 32.0966,
	65.7324 32.1361,
	65.7324 32.1558,
	65.5943 32.3137,
	65.5548 32.3334,
	65.3969 32.363,
	65.3575 32.3531,
	65.3377 32.3531,
	"/>
</Transform>

<Transform dim="0"
 xcoef=" 0 1 0 0 0 0"
 ycoef=" 0 0 1 0 0 0">
<Contour name="TB1_t2cell07_CM_RKJ" hidden="false" closed="true" simplified="true" border="1 0 0.501961" fill="0 0.501961 0.752941" mode="15"
 points="64.0945 33.0734,
	64.1142 33.0537,
	64.1142 33.0339,
	64.1734 32.9649,
	64.3313 32.8366,
	64.4103 32.7873,
	64.4892 32.7577,
	64.5681 32.7675,
	64.6076 32.7577,
	64.6372 32.6787,
	64.6471 32.5998,
	64.6471 32.5603,
	64.7359 32.4025,
	64.8148 32.3334,
	64.9727 32.2446,
	65.0516 32.1953,
	65.1305 32.1755,
	65.17 32.1657,
	65.2095 32.1953,
	65.1996 32.2347,
	65.1503 32.3038,
	65.0812 32.3827,
	65.0516 32.4222,
	65.022 32.5011,
	64.9924 32.659,
	64.9727 32.6985,
	64.8247 32.807,
	64.7852 32.8267,
	64.7063 32.8958,
	64.6273 32.9353,
	64.5484 32.9945,
	64.4991 33.0635,
	64.5287 33.1425,
	64.5681 33.1819,
	64.5879 33.2017,
	64.6668 33.2115,
	64.8247 33.1819,
	65.1404 33.0339,
	65.2193 32.9846,
	65.2588 32.9747,
	65.2785 32.9649,
	65.2785 32.9451,
	65.318 32.9254,
	65.3279 32.9155,
	65.3377 32.9353,
	65.2095 33.0833,
	64.8937 33.3003,
	64.8148 33.3497,
	64.7359 33.3694,
	64.578 33.3595,
	64.4991 33.3694,
	64.4201 33.3595,
	64.3412 33.3102,
	64.2622 33.3003,
	64.1833 33.2707,
	64.1438 33.251,
	64.1044 33.1721,
	64.0945 33.0931,
	64.0945 33.0833,
	"/>
</Transform>

<Transform dim="0"
 xcoef=" 0 1 0 0 0 0"
 ycoef=" 0 0 1 0 0 0">
<Contour name="TB1_T2Cell07_atmito10_RKJ" hidden="false" closed="true" simplified="true" border="0.25098 0 0.25098" fill="0.501961 0.501961 0.752941" mode="-15"
 points="70.6435 28.5586,
	70.6585 28.5285,
	70.6585 28.5134,
	70.764 28.3929,
	70.7941 28.3779,
	70.8242 28.3478,
	71.0652 28.2498,
	71.0953 28.2348,
	71.2158 28.2423,
	71.6978 28.2197,
	71.9388 28.2273,
	72.0593 28.2348,
	72.3003 28.2875,
	72.3305 28.2875,
	72.3606 28.3026,
	72.3907 28.3026,
	72.4208 28.3327,
	72.4811 28.3553,
	72.5263 28.4155,
	72.5338 28.536,
	72.5263 28.5662,
	72.4811 28.6264,
	72.4208 28.649,
	72.3907 28.6641,
	72.2702 28.6716,
	72.21 28.6942,
	71.969 28.7319,
	71.8485 28.7394,
	71.728 28.7319,
	71.6075 28.7394,
	71.5472 28.7544,
	71.4267 28.7469,
	71.3665 28.7469,
	71.3363 28.7469,
	71.3062 28.762,
	71.246 28.7695,
	71.1255 28.8072,
	71.005 28.8298,
	70.8845 28.8222,
	70.7715 28.7695,
	70.764 28.762,
	70.7564 28.777,
	70.7263 28.762,
	70.6736 28.6415,
	70.651 28.6114,
	70.6435 28.5812,
	70.6435 28.5662,
	"/>
</Transform>

<Transform dim="0"
 xcoef=" 0 1 0 0 0 0"
 ycoef=" 0 0 1 0 0 0">
<Contour name="TB3_NF01-PG_RSL" hidden="false" closed="true" simplified="true" border="1 1 0" fill="1 1 0" mode="-9"
 points="14.87 16.51,
	14.89 16.5,
	14.9 16.52,
	14.98 16.49,
	15 16.47,
	15.16 16.41,
	15.2 16.39,
	15.36 16.39,
	15.52 16.44,
	15.56 16.47,
	15.6 16.55,
	15.62 16.59,
	15.62 16.67,
	15.57 16.83,
	15.56 16.87,
	15.54 16.89,
	15.52 17.05,
	15.52 17.21,
	15.5 17.37,
	15.45 17.53,
	15.43 17.55,
	15.42 17.71,
	15.42 17.79,
	15.37 17.87,
	15.23 18.02,
	15.15 18.07,
	15.07 18.14,
	15.01 18.21,
	14.98 18.18,
	14.9 16.9,
	14.88 16.58,
	14.88 16.54,
	14.87 16.52,
	"/>
</Transform>

<Transform dim="0"
 xcoef=" 0 1 0 0 0 0"
 ycoef=" 0 0 1 0 0 0">
<Contour name="TB1_Shell_RSL" hidden="false" closed="true" simplified="true" border="0.752941 0.752941 0.752941" fill="0.752941 0.752941 0.752941" mode="9"
 points="64.3864 22.7711,
	66.2385 22.7132,
	67.1646 22.7132,
	67.6276 22.7132,
	68.0907 22.8869,
	69.9428 23.1184,
	70.8689 23.292,
	71.7949 23.3499,
	72.258 23.4078,
	73.1841 23.813,
	73.6471 24.2181,
	74.1101 24.3918,
	75.0362 25.0284,
	75.4992 25.3757,
	75.5571 26.3018,
	76.0201 27.2278,
	76.1938 27.4594,
	76.2517 28.3854,
	76.1938 29.3115,
	76.078 29.7745,
	76.078 30.0061,
	75.7886 30.4691,
	75.4414 31.3952,
	75.3835 31.8582,
	75.3835 32.0897,
	75.0941 32.5528,
	74.9204 33.0158,
	74.8047 33.1316,
	74.6889 33.5946,
	74.3995 34.0576,
	74.2838 34.2891,
	74.0522 34.5207,
	73.9365 34.7522,
	73.8786 36.6043,
	73.7628 37.0674,
	73.5313 37.5304,
	73.1841 37.9934,
	72.9525 38.4565,
	72.6631 39.3825,
	72.6631 39.6141,
	72.4895 39.9035,
	70.6374 40.3086,
	70.1743 40.4244,
	69.9428 40.4823,
	69.4798 40.8295,
	69.2482 41.0032,
	68.7852 41.1189,
	66.9331 41.061,
	66.007 41.2926,
	65.7755 41.3504,
	65.3124 41.6398,
	64.3864 42.045,
	64.2706 42.1608,
	64.1549 42.1608,
	63.6918 42.4502,
	63.2288 42.508,
	62.7657 42.4502,
	61.8397 42.045,
	61.3766 41.8714,
	61.1451 41.6977,
	60.219 41.4662,
	58.3669 41.2926,
	57.4408 41.2347,
	56.9778 41.1768,
	56.5148 41.2926,
	56.399 41.2926,
	56.2254 41.1768,
	56.0517 40.7138,
	55.936 40.4823,
	56.1096 38.6301,
	56.2254 38.1671,
	56.1675 37.241,
	56.1096 37.0095,
	56.0517 36.8937,
	56.2254 35.9676,
	56.3411 35.5046,
	56.7463 34.5785,
	56.862 34.347,
	56.862 34.2313,
	57.0357 33.9997,
	57.0357 33.884,
	57.2093 33.6525,
	57.4987 32.7264,
	57.9617 31.8003,
	57.9617 31.6846,
	58.309 31.2215,
	58.4248 30.99,
	59.3509 30.1797,
	59.5824 29.9482,
	59.8718 29.0221,
	60.2769 28.096,
	60.5084 27.633,
	60.6821 27.4015,
	60.74 27.17,
	60.9136 26.9384,
	60.9136 26.8227,
	61.203 26.3597,
	61.2609 26.1281,
	61.5503 25.6651,
	61.6082 25.4336,
	62.0712 24.9705,
	62.3606 24.5075,
	62.8236 24.1024,
	63.1709 23.6393,
	64.097 23.0026,
	64.3285 22.829,
	"/>
</Transform>

<Transform dim="0"
 xcoef=" 0 1 0 0 0 0"
 ycoef=" 0 0 1 0 0 0">
<Contour name="TB1_NF53_LES" hidden="false" closed="true" simplified="true" border="1 0.501961 0.501961" fill="1 0.501961 0.501961" mode="-9"
 points="86.2708 43.175,
	86.3368 42.9639,
	86.3632 42.8584,
	86.3763 42.8056,
	86.4159 42.7661,
	86.4687 42.7661,
	86.561 42.8584,
	86.627 42.9639,
	86.6534 43.0167,
	86.6402 43.1222,
	86.6402 43.1486,
	86.5874 43.2014,
	86.5346 43.3069,
	86.5215 43.3597,
	86.4423 43.452,
	86.3895 43.452,
	86.2972 43.386,
	86.2708 43.2805,
	86.2708 43.1882,
	"/>
</Transform>

<Transform dim="0"
 xcoef=" 0 1 0 0 0 0"
 ycoef=" 0 0 1 0 0 0">
<Contour name="TB1_NF53_LES" hidden="false" closed="true" simplified="true" border="1 0.501961 0.501961" fill="1 0.501961 0.501961" mode="-9"
 points="86.2708 42.1593,
	86.3368 42.0537,
	86.3763 42.001,
	86.4027 41.9746,
	86.5083 41.9878,
	86.561 42.001,
	86.6534 42.0801,
	86.627 42.1856,
	86.6666 42.3967,
	86.7061 42.5022,
	86.6929 42.555,
	86.6534 42.6078,
	86.627 42.6078,
	86.5346 42.5022,
	86.5215 42.3967,
	86.5083 42.3439,
	86.4819 42.3176,
	86.3763 42.3439,
	86.35 42.3439,
	86.284 42.2384,
	86.2708 42.1856,
	86.2708 42.1724,
	"/>
<Contour name="TB1_NF53_LES" hidden="false" closed="true" simplified="true" border="1 0.501961 0.501961" fill="1 0.501961 0.501961" mode="-9"
 points="86.627 41.1567,
	86.7193 40.9457,
	86.7589 40.8533,
	86.7325 40.8269,
	86.7589 40.8137,
	86.8117 40.8269,
	86.8249 40.8401,
	86.8117 40.8533,
	86.8644 40.8665,
	86.8908 40.8665,
	86.9436 40.8137,
	87.0623 40.6027,
	87.1019 40.4972,
	87.1678 40.3916,
	87.2206 40.3521,
	87.2602 40.2597,
	87.3261 40.1542,
	87.3525 40.141,
	87.458 40.1806,
	87.4712 40.2333,
	87.4053 40.3389,
	87.3789 40.3916,
	87.3525 40.418,
	87.3129 40.5235,
	87.2865 40.5499,
	87.2865 40.6027,
	87.3129 40.6555,
	87.3657 40.6686,
	87.4712 40.5895,
	87.4976 40.5631,
	87.7087 40.4972,
	87.8142 40.484,
	87.867 40.4972,
	87.9197 40.5367,
	87.9329 40.6423,
	87.9197 40.7478,
	87.867 40.7874,
	87.7614 40.8006,
	87.7087 40.8006,
	87.6559 40.8269,
	87.5899 40.9325,
	87.5899 41.038,
	87.6163 41.1435,
	87.6163 41.2491,
	87.5768 41.3546,
	87.5108 41.4601,
	87.458 41.5129,
	87.3525 41.5525,
	87.2997 41.5525,
	87.1942 41.5129,
	87.1414 41.4865,
	86.9304 41.4997,
	86.8249 41.5129,
	86.7985 41.4997,
	86.7985 41.4469,
	86.6929 41.3942,
	86.6402 41.3414,
	86.627 41.2359,
	86.627 41.1831,
	86.627 41.1699,
	"/>
<Contour name="TB1_NF53_LES" hidden="false" closed="true" simplified="true" border="1 0.501961 0.501961" fill="1 0.501961 0.501961" mode="-9"
 points="87.9461 40.6423,
	88.0253 40.5763,
	88.078 40.6027,
	88.1044 40.6291,
	88.144 40.7346,
	88.1308 40.8401,
	88.144 40.8929,
	88.1176 40.9193,
	88.0648 40.9193,
	88.0121 40.8665,
	87.9725 40.761,
	87.9725 40.7346,
	87.9461 40.7082,
	87.9461 40.6555,
	"/>
<Contour name="TB1_NF53_LES" hidden="false" closed="true" simplified="true" border="1 0.501961 0.501961" fill="1 0.501961 0.501961" mode="-9"
 points="87.7219 40.0882,
	87.7614 39.9827,
	87.8142 39.9695,
	87.8802 40.075,
	87.9197 40.1278,
	87.9329 40.2333,
	87.9197 40.3389,
	87.8802 40.3916,
	87.8538 40.418,
	87.8406 40.3125,
	87.7614 40.2069,
	87.7219 40.1542,
	87.7219 40.1014,
	"/>
</Transform>

<Transform dim="0"
 xcoef=" 0 1 0 0 0 0"
 ycoef=" 0 0 1 0 0 0">
<Contour name="TB1_NF53_LES" hidden="false" closed="true" simplified="true" border="1 0.501961 0.501961" fill="1 0.501961 0.501961" mode="-9"
 points="91.8243 43.6499,
	91.8639 43.4388,
	91.9035 43.3333,
	91.9694 43.2277,
	91.9826 43.1222,
	91.9694 43.0958,
	91.9958 42.9903,
	92.009 42.9375,
	92.009 42.9112,
	92.0354 42.8848,
	92.0882 42.898,
	92.1145 42.8848,
	92.2201 42.9112,
	92.2728 42.9507,
	92.3916 43.1618,
	92.4575 43.3729,
	92.4311 43.4784,
	92.4443 43.6894,
	92.4575 43.7422,
	92.4707 43.7554,
	92.4839 43.7422,
	92.4971 43.8477,
	92.4839 43.9005,
	92.2992 44.072,
	92.2201 44.1775,
	92.1673 44.2303,
	92.1145 44.2435,
	92.009 44.1775,
	91.9167 44.072,
	91.8771 43.9665,
	91.8903 43.8609,
	91.8507 43.7554,
	91.8375 43.6631,
	"/>
</Transform>

<Transform dim="0"
 xcoef=" 0 1 0 0 0 0"
 ycoef=" 0 0 1 0 0 0">
<Contour name="TB1_NF53_LES" hidden="false" closed="true" simplified="true" border="1 0.501961 0.501961" fill="1 0.501961 0.501961" mode="-9"
 points="90.1886 43.4784,
	90.2282 43.3729,
	90.2414 43.3201,
	90.2282 43.109,
	90.3997 42.898,
	90.4261 42.8848,
	90.6371 42.898,
	90.7427 42.9112,
	90.835 42.832,
	90.8878 42.7792,
	90.9933 42.7397,
	91.0988 42.7661,
	91.1384 42.8188,
	91.2175 43.0299,
	91.2571 43.1354,
	91.2703 43.1618,
	91.2571 43.1882,
	91.2703 43.2409,
	91.2439 43.3465,
	91.1252 43.5575,
	91.0724 43.6103,
	90.8614 43.729,
	90.7558 43.8214,
	90.6503 43.8477,
	90.6239 43.8741,
	90.5184 43.8609,
	90.4656 43.8477,
	90.2546 43.7026,
	90.1886 43.4916,
	"/>
</Transform>

<Transform dim="0"
 xcoef=" 0 1 0 0 0 0"
 ycoef=" 0 0 1 0 0 0">
<Image mag="0.00749" contrast="1" brightness="0" red="true" green="true" blue="true"
 src="Alg_stitch3-4_209.tif" />
<Contour name="domain1" hidden="false" closed="true" simplified="false" border="1 0 1" fill="1 0 1" mode="11"
 points="0 0,
	15652 0,
	15652 8578,
	0 8578,
	"/>
</Transform>

<Transform dim="0"
 xcoef=" 0 1 0 0 0 0"
 ycoef=" 0 0 1 0 0 0">
<Image mag="0.00749" contrast="1" brightness="0" red="true" green="true" blue="true"
 src="Alg_stitch3-4_209.tif" />
<Contour name="domain1" hidden="false" closed="true" simplified="false" border="1 0 1" fill="1 0 1" mode="11"
 points="0 0,
	15652 0,
	15652 8578,
	0 8578,
	"/>
</Transform>

<Transform dim="0"
 xcoef=" 0 1 0 0 0 0"
 ycoef=" 0 0 1 0 0 0">
<Image mag="0.00749" contrast="1" brightness="0" red="true" green="true" blue="true"
 src="Alg_stitch3-4_209.tif" />
<Contour name="domain1" hidden="false" closed="true" simplified="false" border="1 0 1" fill="1 0 1" mode="11"
 points="0 0,
	15652 0,
	15652 8578,
	0 8578,
	"/>
</Transform>

<Transform dim="0"
 xcoef=" 0 1 0 0 0 0"
 ycoef=" 0 0 1 0 0 0">
<Image mag="0.00749" contrast="1" brightness="0" red="true" green="true" blue="true"
 src="Alg_stitch3-4_209.tif" />
<Contour name="domain1" hidden="false" closed="true" simplified="false" border="1 0 1" fill="1 0 1" mode="11"
 points="0 0,
	15652 0,
	15652 8578,
	0 8578,
	"/>
</Transform>

<Transform dim="0"
 xcoef=" 0 1 0 0 0 0"
 ycoef=" 0 0 1 0 0 0">
<Image mag="0.00749" contrast="1" brightness="0" red="true" green="true" blue="true"
 src="Alg_stitch3-4_209.tif" />
<Contour name="DENucleus2" hidden="false" closed="true" simplified="false" border="0 0 0.627" fill="0 0 0.627" mode="11"
 points="0 0,
	15652 0,
	15652 8578,
	0 8578,
	"/>
</Transform>

<Transform dim="0"
 xcoef=" 0 1 0 0 0 0"
 ycoef=" 0 0 1 0 0 0">
<Image mag="0.00749" contrast="1" brightness="0" red="true" green="true" blue="true"
 src="Alg_stitch3-4_209.tif" />
<Contour name="domain1" hidden="false" closed="true" simplified="false" border="1 0 1" fill="1 0 1" mode="11"
 points="0 0,
	15652 0,
	15652 8578,
	0 8578,
	"/>
</Transform>

<Transform dim="0"
 xcoef=" 0 1 0 0 0 0"
 ycoef=" 0 0 1 0 0 0">
<Image mag="0.00749" contrast="1" brightness="0" red="true" green="true" blue="true"
 src="Alg_stitch3-4_209.tif" />
<Contour name="domain1" hidden="false" closed="true" simplified="false" border="1 0 1" fill="1 0 1" mode="11"
 points="0 0,
	15652 0,
	15652 8578,
	0 8578,
	"/>
</Transform>

<Transform dim="0"
 xcoef=" 0 1 0 0 0 0"
 ycoef=" 0 0 1 0 0 0">
<Image mag="0.00749" contrast="1" brightness="0" red="true" green="true" blue="true"
 src="Alg_stitch3-4_209.tif" />
<Contour name="domain1" hidden="false" closed="true" simplified="false" border="1 0 1" fill="1 0 1" mode="11"
 points="0 0,
	15652 0,
	15652 8578,
	0 8578,
	"/>
</Transform>

<Transform dim="0"
 xcoef=" 0 1 0 0 0 0"
 ycoef=" 0 0 1 0 0 0">
<Image mag="0.00749" contrast="1" brightness="0" red="true" green="true" blue="true"
 src="Alg_stitch3-4_209.tif" />
<Contour name="domain1" hidden="false" closed="true" simplified="false" border="1 0 1" fill="1 0 1" mode="11"
 points="0 0,
	15652 0,
	15652 8578,
	0 8578,
	"/>
</Transform>

<Transform dim="0"
 xcoef=" 0 1 0 0 0 0"
 ycoef=" 0 0 1 0 0 0">
<Image mag="0.00749" contrast="1" brightness="0" red="true" green="true" blue="true"
 src="Alg_stitch3-4_209.tif" />
<Contour name="domain1" hidden="false" closed="true" simplified="false" border="1 0 1" fill="1 0 1" mode="11"
 points="0 0,
	15652 0,
	15652 8578,
	0 8578,
	"/>
</Transform>

<Transform dim="0"
 xcoef=" 0 1 0 0 0 0"
 ycoef=" 0 0 1 0 0 0">
<Image mag="0.00749" contrast="1" brightness="0" red="true" green="true" blue="true"
 src="Alg_stitch3-4_209.tif" />
<Contour name="domain1" hidden="false" closed="true" simplified="false" border="1 0 1" fill="1 0 1" mode="11"
 points="0 0,
	15652 0,
	15652 8578,
	0 8578,
	"/>
</Transform>

<Transform dim="0"
 xcoef=" 0 1 0 0 0 0"
 ycoef=" 0 0 1 0 0 0">
<Image mag="0.00749" contrast="1" brightness="0" red="true" green="true" blue="true"
 src="Alg_stitch3-4_209.tif" />
<Contour name="domain1" hidden="false" closed="true" simplified="false" border="1 0 1" fill="1 0 1" mode="11"
 points="0 0,
	15652 0,
	15652 8578,
	0 8578,
	"/>
</Transform>

<Transform dim="0"
 xcoef=" 0 1 0 0 0 0"
 ycoef=" 0 0 1 0 0 0">
<Image mag="0.00749" contrast="1" brightness="0" red="true" green="true" blue="true"
 src="Alg_stitch3-4_209.tif" />
<Contour name="domain1" hidden="false" closed="true" simplified="false" border="1 0 1" fill="1 0 1" mode="11"
 points="0 0,
	15652 0,
	15652 8578,
	0 8578,
	"/>
</Transform>

<Transform dim="0"
 xcoef=" 0 1 0 0 0 0"
 ycoef=" 0 0 1 0 0 0">
<Image mag="0.00749" contrast="1" brightness="0" red="true" green="true" blue="true"
 src="Alg_stitch3-4_209.tif" />
<Contour name="domain1" hidden="false" closed="true" simplified="false" border="1 0 1" fill="1 0 1" mode="11"
 points="0 0,
	15652 0,
	15652 8578,
	0 8578,
	"/>
</Transform>

<Transform dim="0"
 xcoef=" 0 1 0 0 0 0"
 ycoef=" 0 0 1 0 0 0">
<Image mag="0.00749" contrast="1" brightness="0" red="true" green="true" blue="true"
 src="Alg_stitch3-4_209.tif" />
<Contour name="domain1" hidden="false" closed="true" simplified="false" border="1 0 1" fill="1 0 1" mode="11"
 points="0 0,
	15652 0,
	15652 8578,
	0 8578,
	"/>
</Transform>

<Transform dim="0"
 xcoef=" 0 1 0 0 0 0"
 ycoef=" 0 0 1 0 0 0">
<Image mag="0.00749" contrast="1" brightness="0" red="true" green="true" blue="true"
 src="Alg_stitch3-4_209.tif" />
<Contour name="DENucleus2" hidden="false" closed="true" simplified="false" border="0 0 0.627" fill="0 0 0.627" mode="11"
 points="0 0,
	15652 0,
	15652 8578,
	0 8578,
	"/>
</Transform>

<Transform dim="0"
 xcoef=" 0 1 0 0 0 0"
 ycoef=" 0 0 1 0 0 0">
<Image mag="0.00749" contrast="1" brightness="0" red="true" green="true" blue="true"
 src="Alg_stitch3-4_209.tif" />
<Contour name="domain1" hidden="false" closed="true" simplified="false" border="1 0 1" fill="1 0 1" mode="11"
 points="0 0,
	15652 0,
	15652 8578,
	0 8578,
	"/>
</Transform>

<Transform dim="0"
 xcoef=" 0 1 0 0 0 0"
 ycoef=" 0 0 1 0 0 0">
<Image mag="0.00749" contrast="1" brightness="0" red="true" green="true" blue="true"
 src="Alg_stitch3-4_209.tif" />
<Contour name="domain1" hidden="false" closed="true" simplified="false" border="1 0 1" fill="1 0 1" mode="11"
 points="0 0,
	15652 0,
	15652 8578,
	0 8578,
	"/>
</Transform>

<Transform dim="0"
 xcoef=" 0 1 0 0 0 0"
 ycoef=" 0 0 1 0 0 0">
<Contour name="TB1_BasalCell12_nuc_LES" hidden="false" closed="true" simplified="true" border="0.980392 0.709804 0.345098" fill="1 0.502 0.753" mode="11"
 points="38.157 45.8858,
	38.2512 45.7601,
	38.2984 45.5087,
	38.3141 45.3831,
	38.3612 45.3359,
	38.424 45.3359,
	38.5497 45.4459,
	38.5811 45.4773,
	38.7068 45.493,
	38.7696 45.3831,
	38.7853 45.3202,
	38.7853 45.2888,
	38.911 45.2417,
	38.9738 45.2417,
	39.0053 45.2574,
	39.0681 45.2417,
	39.1781 45.1474,
	39.2409 45.0846,
	39.3666 45.0689,
	39.4294 45.1003,
	39.4608 45.1317,
	39.5865 45.1789,
	39.6493 45.1632,
	39.7122 45.116,
	39.8378 45.0846,
	40.0892 45.1003,
	40.152 45.0846,
	40.1834 45.0689,
	40.1991 45.0061,
	40.152 44.8804,
	40.1363 44.7547,
	40.1834 44.629,
	40.3091 44.6133,
	40.5604 44.6605,
	40.8118 44.629,
	41.0631 44.6762,
	41.1888 44.6919,
	41.3145 44.6762,
	41.3773 44.6762,
	41.4401 44.7076,
	41.4716 44.7076,
	41.5972 44.8176,
	41.6444 44.8804,
	41.7072 44.9118,
	41.77 44.8961,
	41.8014 44.8647,
	41.9271 44.8804,
	41.9899 44.9275,
	42.0528 44.9432,
	42.3041 45.1317,
	42.4298 45.1946,
	42.6811 45.2731,
	42.9168 45.5087,
	42.9639 45.6344,
	42.9796 45.6973,
	43.0424 45.7444,
	43.2938 45.8543,
	43.5451 46.0114,
	43.608 46.0743,
	43.6708 46.1999,
	43.8907 46.4199,
	43.9379 46.5455,
	43.9693 46.6084,
	44.0792 46.7183,
	44.1892 46.9697,
	44.252 47.0953,
	44.362 47.221,
	44.4248 47.2524,
	44.4877 47.3153,
	44.5505 47.4409,
	44.5976 47.6923,
	44.5976 47.818,
	44.6605 48.0693,
	44.5662 48.572,
	44.4877 48.6977,
	44.362 48.7762,
	44.1421 49.0118,
	44.0007 49.2475,
	43.8907 49.3731,
	43.8122 49.4988,
	43.7022 49.6088,
	43.5766 49.6088,
	43.5137 49.5774,
	43.4038 49.4674,
	43.1524 49.4831,
	43.0267 49.4674,
	42.9011 49.3889,
	42.8539 49.3417,
	42.7283 49.436,
	42.6654 49.4674,
	42.6026 49.4674,
	42.4769 49.5145,
	42.2256 49.4988,
	42.0999 49.4831,
	42.0371 49.4674,
	41.9899 49.4046,
	42.0371 49.2789,
	42.0528 49.2161,
	42.0057 49.0904,
	41.88 48.9647,
	41.3773 48.8547,
	41.2516 48.839,
	41.0003 48.8705,
	40.8746 48.8705,
	40.6233 48.7762,
	40.4976 48.7134,
	40.4505 48.6505,
	40.4348 48.6191,
	40.4819 48.3678,
	40.4662 48.2421,
	40.3876 48.1164,
	40.262 48.0536,
	40.1991 48.0065,
	39.9478 47.9908,
	39.8221 48.0222,
	39.7593 48.0379,
	39.6493 48.1321,
	39.5236 48.195,
	39.2723 48.1793,
	39.1466 48.1793,
	39.021 48.1478,
	38.7696 48.0379,
	38.6439 47.975,
	38.534 47.8494,
	38.5026 47.818,
	38.5026 47.7865,
	38.4554 47.7237,
	38.4397 47.598,
	38.4554 47.4724,
	38.4869 47.4095,
	38.6125 47.2996,
	38.6754 47.2367,
	38.7068 47.1739,
	38.6754 46.9226,
	38.7068 46.8597,
	38.911 46.6241,
	39.0524 46.3727,
	39.0995 46.3099,
	39.1152 46.2471,
	39.0524 46.1842,
	38.9267 46.1057,
	38.6754 46.0586,
	38.5497 46.1057,
	38.424 46.1214,
	38.2984 46.09,
	38.1727 45.9957,
	38.157 45.9329,
	38.157 45.9015,
	"/>
</Transform>

<Transform dim="0"
 xcoef=" 0 1 0 0 0 0"
 ycoef=" 0 0 1 0 0 0">
<Contour name="TB1_BasalCell12_CM_LES" hidden="false" closed="true" simplified="true" border="0.980392 0.709804 0.345098" fill="1 0.502 0.753" mode="11"
 points="36.1148 46.1213,
	36.1305 46.0585,
	36.3504 45.8229,
	36.4761 45.7129,
	36.5389 45.6501,
	36.7902 45.4773,
	37.0416 45.3359,
	37.1673 45.2416,
	37.4186 45.1317,
	37.5443 45.1003,
	37.5914 44.9746,
	37.7014 44.8489,
	37.827 44.7704,
	37.9527 44.7861,
	38.0155 44.8018,
	38.1412 44.7547,
	38.1726 44.7547,
	38.2826 44.6447,
	38.4083 44.5976,
	38.5339 44.6447,
	38.6596 44.5976,
	38.7224 44.5661,
	38.8481 44.4405,
	38.9738 44.3462,
	39.0209 44.2834,
	39.1309 44.2048,
	39.2094 44.0792,
	39.3351 44.0006,
	39.4608 43.9692,
	39.9634 43.9535,
	40.0263 43.9064,
	40.0577 43.8592,
	40.1834 43.765,
	40.309 43.7179,
	40.3719 43.7336,
	40.4347 43.7807,
	40.4661 43.7964,
	40.7175 43.7493,
	40.8431 43.765,
	40.8746 43.7807,
	41.1259 43.7022,
	41.2516 43.7179,
	41.7543 43.5608,
	42.0056 43.5608,
	42.2569 43.5137,
	42.3826 43.4822,
	42.634 43.4979,
	42.7596 43.5765,
	42.8853 43.5608,
	42.9481 43.5765,
	42.9638 43.6393,
	42.9324 43.7022,
	42.9481 43.765,
	43.011 43.8278,
	43.0424 43.8592,
	43.0267 43.9221,
	42.901 44.0006,
	42.8382 44.032,
	42.7282 44.142,
	42.7125 44.2048,
	42.7439 44.252,
	42.8068 44.2991,
	42.8225 44.3148,
	43.0738 44.1734,
	43.1995 44.1577,
	43.2623 44.1734,
	43.2937 44.2048,
	43.278 44.3305,
	43.1681 44.4562,
	43.1523 44.5819,
	43.388 44.7704,
	43.4508 44.7861,
	43.5608 44.896,
	43.5922 44.9589,
	43.7179 45.0217,
	43.8278 45.1317,
	44.0792 45.2888,
	44.1263 45.3516,
	44.1577 45.4773,
	44.2206 45.6029,
	44.3305 45.7286,
	44.4091 45.8543,
	44.5347 45.98,
	44.629 46.0899,
	44.7704 46.3255,
	44.8018 46.4512,
	44.8332 46.5141,
	44.9432 46.6397,
	45.0374 46.8911,
	45.0531 47.0167,
	45.0688 47.0796,
	45.2416 47.3309,
	45.3673 47.3938,
	45.4773 47.5037,
	45.7286 47.6608,
	45.7914 47.7236,
	45.8229 47.7865,
	45.9485 47.9121,
	45.98 47.9593,
	46.0899 48.0535,
	46.1842 48.1792,
	46.2784 48.4305,
	46.3255 48.5562,
	46.3255 48.6819,
	46.3727 48.8076,
	46.3413 48.9332,
	46.4512 49.0275,
	46.5612 49.1531,
	46.6554 49.4045,
	46.6711 49.5302,
	46.6554 49.6558,
	46.5612 49.9072,
	46.4512 50.0171,
	46.3255 50.0328,
	46.2627 50.0171,
	46.0114 50.0957,
	45.8857 50.1428,
	45.76 50.1428,
	45.6972 50.1271,
	45.4458 50.1742,
	45.1945 50.1585,
	44.9432 50.1114,
	44.8175 50.0643,
	44.5661 50.0957,
	44.3148 50.0486,
	44.0635 50.0486,
	43.8121 50.0171,
	43.6865 50.0014,
	43.6236 50.0014,
	43.1209 49.8286,
	42.9953 49.8129,
	42.7439 49.7344,
	42.4926 49.703,
	42.4297 49.6715,
	42.3041 49.6558,
	42.0527 49.5616,
	41.9271 49.5302,
	41.8642 49.5302,
	41.6129 49.4202,
	41.4872 49.3417,
	41.4244 49.2945,
	41.173 49.3259,
	41.1102 49.3259,
	40.9845 49.2631,
	40.8588 49.1689,
	40.796 49.1217,
	40.6703 49.0746,
	40.4347 49.1531,
	40.309 49.1217,
	40.2305 48.9961,
	39.7278 48.7918,
	39.6021 48.7761,
	39.5393 48.7761,
	39.288 48.6505,
	39.2251 48.6033,
	38.9738 48.5876,
	38.7224 48.5248,
	38.4711 48.4305,
	38.4397 48.4305,
	38.4083 48.3991,
	38.1569 48.3049,
	37.6699 48.0064,
	37.6857 47.9907,
	37.4343 47.865,
	37.183 47.8179,
	37.0573 47.7551,
	37.0259 47.7551,
	36.9002 47.6608,
	36.8845 47.5351,
	36.8374 47.4095,
	36.7274 47.3309,
	36.6017 47.2995,
	36.5389 47.2367,
	36.5389 47.1738,
	36.6489 47.0796,
	36.696 47.0167,
	36.7117 46.8911,
	36.6332 46.7968,
	36.5075 46.6869,
	36.3818 46.6083,
	36.1776 46.3727,
	36.1148 46.247,
	36.1148 46.137,
	"/>
</Transform>

<Transform dim="0"
 xcoef=" 0 1 0 0 0 0"
 ycoef=" 0 0 1 0 0 0">
<Contour name="TB1_NF61_LES" hidden="false" closed="true" simplified="true" border="0.839216 0.67451 0.968627" fill="1 0.502 0.753" mode="11"
 points="21.8197 56.4264,
	21.8982 55.9237,
	21.9453 55.6723,
	21.9768 55.5467,
	22.181 55.2953,
	22.2438 55.2325,
	22.3223 55.1068,
	22.4323 54.9812,
	22.4951 54.9497,
	22.558 54.9654,
	22.5894 54.9654,
	22.6679 55.0911,
	22.7151 55.2168,
	22.7308 55.3425,
	22.6837 55.5938,
	22.6208 55.7195,
	22.558 55.9708,
	22.5109 56.0965,
	22.4951 56.2222,
	22.448 56.3478,
	22.4009 56.5992,
	22.3538 56.662,
	22.3223 56.6934,
	22.071 56.6934,
	21.9453 56.6777,
	21.8354 56.5992,
	21.8197 56.4735,
	21.8197 56.4421,
	"/>
</Transform>

<Transform dim="0"
 xcoef=" 0 1 0 0 0 0"
 ycoef=" 0 0 1 0 0 0">
<Image mag="0.00749" contrast="1" brightness="0" red="true" green="true" blue="true"
 src="Alg_stitch3-4_209.tif" />
<Contour name="domain1" hidden="false" closed="true" simplified="false" border="1 0 1" fill="1 0 1" mode="11"
 points="0 0,
	15652 0,
	15652 8578,
	0 8578,
	"/>
</Transform>

<Transform dim="0"
 xcoef=" 0 1 0 0 0 0"
 ycoef=" 0 0 1 0 0 0">
<Contour name="TB1_Basal_CT_layer_LES" hidden="false" closed="true" simplified="true" border="0.258824 0.329412 0.956863" fill="1 0.5 0" mode="11"
 points="14.9498 29.9643,
	15.0145 13.3966,
	15.0145 5.11271,
	15.0145 0.970767,
	15.0145 0.453025,
	15.0145 0.194153,
	15.144 0.0647178,
	15.4028 0.129436,
	16.4383 -0.0647178,
	18.5093 0,
	18.7682 0,
	19.2212 0.453025,
	19.5448 0.906049,
	20.0625 1.03548,
	20.2567 1.55323,
	20.3214 2.58871,
	20.3214 3.10645,
	20.645 3.55948,
	21.6805 3.43004,
	21.9393 3.55948,
	22.0688 3.68891,
	22.0688 3.94779,
	21.9393 4.07722,
	21.551 5.11271,
	21.4216 5.37158,
	21.4216 5.63045,
	21.098 6.66593,
	20.7097 8.7369,
	20.7744 9.25465,
	20.9038 9.51352,
	20.9038 10.549,
	20.5803 11.5845,
	20.5155 11.8434,
	20.5803 12.1022,
	21.2274 13.1377,
	21.6157 13.5907,
	21.6805 14.6262,
	21.8746 15.144,
	22.1982 15.4676,
	22.1982 15.7264,
	22.1982 15.8559,
	21.6805 16.1795,
	21.1627 16.3736,
	20.9038 16.8913,
	20.5155 18.9623,
	20.5155 19.2212,
	20.4508 19.3506,
	20.5155 19.8684,
	20.5155 20.1272,
	19.9331 21.1627,
	19.4801 22.1982,
	19.1565 22.7159,
	18.9623 23.2337,
	18.8976 23.7514,
	19.027 24.7869,
	18.8329 25.8224,
	18.8329 26.3401,
	19.5448 28.4111,
	19.6095 28.9289,
	19.4801 29.4466,
	19.027 30.4821,
	18.9623 30.9998,
	19.2212 31.5176,
	20.0625 32.5531,
	20.5155 33.0708,
	20.8391 33.5885,
	20.8391 34.624,
	20.645 35.1418,
	20.5803 35.6595,
	20.9038 36.695,
	21.1627 37.2127,
	21.4216 37.4716,
	21.4216 37.601,
	21.551 37.7305,
	22.5218 39.8014,
	23.9456 41.8077,
	24.1397 42.0666,
	24.6575 42.3902,
	24.9811 42.9079,
	25.1752 43.9434,
	26.146 44.9142,
	25.693 45.2377,
	25.4341 45.3025,
	24.9811 45.7555,
	24.528 46.791,
	24.0103 47.1146,
	23.7514 47.244,
	23.4278 47.7617,
	23.622 48.7972,
	23.7514 50.8682,
	23.7514 51.9037,
	23.4926 53.9746,
	23.5573 55.0101,
	23.5573 55.269,
	23.7514 55.7867,
	24.075 56.2398,
	24.5928 56.3045,
	24.8516 56.3692,
	25.2399 56.8869,
	25.6282 57.9224,
	25.8224 58.9579,
	25.9518 59.2168,
	26.2107 59.4757,
	26.7285 59.6698,
	27.2462 59.7345,
	27.3109 59.864,
	27.1168 60.1228,
	26.599 60.317,
	24.528 60.317,
	20.3861 59.9287,
	19.3506 59.9934,
	17.2797 59.9287,
	15.2087 59.7345,
	14.9498 59.6698,
	14.9498 43.1021,
	14.9498 34.8182,
	14.9498 30.6762,
	14.9498 30.1585,
	14.9498 30.0291,
	"/>
</Transform>

<Transform dim="0"
 xcoef=" 0 1 0 0 0 0"
 ycoef=" 0 0 1 0 0 0">
<Contour name="TB1_SeptalCell02_CM_LES" hidden="false" closed="true" simplified="true" border="1 0.611765 0.423529" fill="1 0 0.5" mode="-11"
 points="50.1656 15.6414,
	50.3218 15.5242,
	50.3999 15.4851,
	50.478 15.4851,
	50.5171 15.4656,
	50.6733 15.4851,
	50.7514 15.5047,
	50.9076 15.4851,
	50.9857 15.5242,
	51.0053 15.5632,
	50.7319 15.778,
	50.7319 16.0905,
	50.7514 16.1686,
	50.7124 16.2467,
	50.8295 16.4029,
	50.8881 16.481,
	50.9076 16.5591,
	50.8881 16.6372,
	50.8295 16.6958,
	50.7514 16.7154,
	50.6147 16.5591,
	50.5561 16.4029,
	50.4976 16.3248,
	50.439 16.2858,
	50.3413 16.1295,
	50.3218 16.0514,
	50.2437 15.9733,
	50.1851 15.8171,
	50.1656 15.6609,
	"/>
<Contour name="TB1_SeptalCell02_CM_LES" hidden="false" closed="true" simplified="true" border="1 0.611765 0.423529" fill="1 0 0.5" mode="-11"
 points="44.9323 23.9795,
	44.9713 23.9404,
	45.2838 23.999,
	45.3619 24.0381,
	45.4205 24.1162,
	45.4205 24.2724,
	45.5767 24.3115,
	45.7329 24.4091,
	45.7915 24.4677,
	45.811 24.5458,
	45.7524 24.6239,
	45.6743 24.6434,
	45.5962 24.6239,
	45.44 24.663,
	45.3619 24.6239,
	45.2838 24.6239,
	45.2447 24.5458,
	45.2447 24.3896,
	45.2447 24.3115,
	45.2057 24.2334,
	45.0494 24.1357,
	44.9713 24.0771,
	44.9323 24.0381,
	44.9323 23.999,
	"/>
</Transform>

<Transform dim="0"
 xcoef=" 0 1 0 0 0 0"
 ycoef=" 0 0 1 0 0 0">
<Contour name="TB1_NF70_LES" hidden="false" closed="true" simplified="true" border="0.337255 0.819608 0.921569" fill="1 0 0" mode="-11"
 points="48.5299 23.4861,
	48.8536 23.2839,
	49.1773 23.2636,
	49.5009 23.385,
	49.6628 23.4457,
	49.9864 23.4052,
	50.1483 23.385,
	50.1685 23.4052,
	50.4922 23.3041,
	50.654 23.2636,
	50.8158 23.2636,
	50.8968 23.2636,
	50.9777 23.3041,
	51.0181 23.3445,
	51.0181 23.4255,
	50.9574 23.5873,
	50.9372 23.6682,
	50.9372 23.7087,
	50.7754 23.8098,
	50.4517 23.9312,
	50.2899 24.0121,
	49.9662 24.0323,
	49.6425 23.9514,
	49.5616 23.9514,
	49.238 23.7896,
	48.9143 23.7289,
	48.7525 23.7087,
	48.6715 23.7087,
	48.5906 23.648,
	48.5299 23.5064,
	"/>
</Transform>

<Transform dim="0"
 xcoef=" 0 1 0 0 0 0"
 ycoef=" 0 0 1 0 0 0">
<Contour name="TB1_NF71_LES" hidden="false" closed="true" simplified="true" border="0.223529 0.0862745 0.505882" fill="1 0 0" mode="-11"
 points="18.4491 35.4214,
	18.5098 35.2596,
	18.5907 35.2191,
	18.7525 35.1989,
	18.9143 35.2393,
	18.9953 35.2393,
	19.0964 35.3405,
	19.1369 35.5023,
	19.0964 35.6641,
	18.9953 35.8057,
	18.9346 35.8867,
	18.7727 35.9069,
	18.6918 35.8462,
	18.6109 35.826,
	18.5098 35.6641,
	18.4491 35.5023,
	18.4491 35.4416,
	"/>
</Transform>

<Transform dim="0"
 xcoef=" 0 1 0 0 0 0"
 ycoef=" 0 0 1 0 0 0">
<Contour name="TB1_NF71_LES" hidden="false" closed="true" simplified="true" border="0.223529 0.0862745 0.505882" fill="1 0 0" mode="-11"
 points="46.244 24.5178,
	46.325 24.4571,
	46.6486 24.4167,
	46.7295 24.4369,
	46.77 24.4369,
	46.9318 24.5381,
	47.0734 24.6797,
	47.0734 24.7606,
	47.033 24.801,
	47.033 24.8415,
	46.9521 24.9022,
	46.6284 24.8617,
	46.4666 24.8415,
	46.3856 24.801,
	46.2643 24.6392,
	46.244 24.5583,
	46.244 24.5381,
	"/>
</Transform>

<Transform dim="0"
 xcoef=" 0 1 0 0 0 0"
 ycoef=" 0 0 1 0 0 0">
<Contour name="TB1_NF61_LES" hidden="false" closed="true" simplified="true" border="0.839216 0.67451 0.964706" fill="0.839216 0.67451 0.964706" mode="-9"
 points="21.6467 57.5884,
	21.6624 57.4627,
	21.6703 57.3999,
	21.7567 57.1486,
	21.7959 56.8972,
	21.8116 56.8344,
	21.8431 56.7716,
	21.9609 56.6852,
	21.9923 56.6694,
	22.0159 56.693,
	22.1415 56.7401,
	22.2044 56.748,
	22.2672 56.7794,
	22.3065 56.8344,
	22.4164 56.9208,
	22.4321 57.1721,
	22.4243 57.2978,
	22.4007 57.3606,
	22.4007 57.3763,
	22.3536 57.4392,
	22.3379 57.502,
	22.3065 57.5648,
	22.2751 57.5963,
	22.2594 57.6277,
	22.1415 57.7141,
	22.0866 57.7769,
	21.9609 57.8633,
	21.8352 57.879,
	21.8038 57.879,
	21.741 57.8476,
	21.6938 57.7848,
	21.6703 57.7219,
	21.6467 57.5963,
	"/>
<Contour name="TB1_NF61_LES" hidden="false" closed="true" simplified="true" border="0.839216 0.67451 0.964706" fill="0.839216 0.67451 0.964706" mode="-9"
 points="21.9373 55.2792,
	21.953 55.2164,
	22.0708 54.965,
	22.1494 54.8394,
	22.1965 54.7765,
	22.2201 54.753,
	22.2279 54.7216,
	22.33 54.5959,
	22.3457 54.5802,
	22.4714 54.5723,
	22.5343 54.5802,
	22.5971 54.6352,
	22.6207 54.698,
	22.6285 54.7137,
	22.5892 54.8394,
	22.5735 54.8708,
	22.5578 54.8865,
	22.5421 54.9493,
	22.5735 54.9572,
	22.5814 54.965,
	22.5264 55.0279,
	22.495 55.0593,
	22.4793 55.075,
	22.4557 55.0514,
	22.4243 55.0672,
	22.3929 55.0986,
	22.33 55.2242,
	22.2122 55.3421,
	22.173 55.4049,
	22.1415 55.4363,
	22.0787 55.452,
	22.0159 55.4442,
	21.9609 55.3892,
	21.9373 55.3263,
	21.9373 55.2949,
	21.9373 55.2871,
	"/>
</Transform>

<Transform dim="0"
 xcoef=" 0 1 0 0 0 0"
 ycoef=" 0 0 1 0 0 0">
<Contour name="TB1_NF62_LES" hidden="false" closed="true" simplified="true" border="1 0.27451 0.27451" fill="1 0.27451 0.27451" mode="-9"
 points="52.0194 42.2698,
	52.0511 42.2275,
	52.1355 42.1853,
	52.2094 42.1115,
	52.2938 42.0587,
	52.336 42.0271,
	52.5048 41.9743,
	52.5892 41.9427,
	52.6736 41.8899,
	52.7581 41.8582,
	52.9269 41.7422,
	53.0113 41.7,
	53.0957 41.6261,
	53.2645 41.5206,
	53.3489 41.4784,
	53.3912 41.4573,
	53.56 41.4362,
	53.6444 41.4784,
	53.6866 41.5206,
	53.7394 41.6894,
	53.7288 41.7738,
	53.6444 41.8477,
	53.5811 41.9004,
	53.5494 41.9849,
	53.5283 42.0271,
	53.5283 42.0482,
	53.5072 42.0693,
	53.5072 42.0904,
	53.4861 42.1115,
	53.4861 42.1326,
	53.4439 42.1748,
	53.1063 42.312,
	53.0218 42.3331,
	52.9796 42.3542,
	52.642 42.4069,
	52.6209 42.3964,
	52.5787 42.4069,
	52.5365 42.3964,
	52.5048 42.3647,
	52.1672 42.3858,
	52.0828 42.3647,
	52.0405 42.3225,
	52.0194 42.2803,
	"/>
</Transform>

<Transform dim="0"
 xcoef=" 0 1 0 0 0 0"
 ycoef=" 0 0 1 0 0 0">
<Contour name="TB1_NF70_LES" hidden="false" closed="true" simplified="true" border="0.337255 0.819608 0.921569" fill="0.337255 0.819608 0.921569" mode="-9"
 points="14.9432 38.0071,
	14.9568 37.9799,
	15.0112 37.9391,
	15.0656 37.9119,
	15.283 37.8643,
	15.7179 37.8168,
	15.7723 37.81,
	15.7995 37.81,
	15.8266 37.7964,
	15.881 37.7896,
	16.0985 37.6945,
	16.2072 37.6333,
	16.3159 37.5518,
	16.4179 37.443,
	16.5062 37.3411,
	16.6081 37.2392,
	16.7033 37.1508,
	16.812 37.0829,
	16.8392 37.0625,
	16.8664 37.0557,
	16.8935 37.0353,
	17.111 36.9606,
	17.3284 36.9266,
	17.3828 36.913,
	17.41 36.8994,
	17.4236 36.8994,
	17.5255 36.8246,
	17.5799 36.7771,
	17.6071 36.7499,
	17.6206 36.7499,
	17.6682 36.7023,
	17.7701 36.6412,
	17.9876 36.5528,
	18.008 36.5324,
	18.0216 36.5324,
	18.2322 36.3761,
	18.4293 36.1995,
	18.4429 36.1995,
	18.4565 36.1859,
	18.5109 36.1655,
	18.6196 36.1519,
	18.6739 36.1519,
	18.7283 36.1723,
	18.7691 36.2198,
	18.7895 36.2742,
	18.7963 36.3286,
	18.7895 36.3829,
	18.7555 36.4373,
	18.7147 36.4781,
	18.606 36.5596,
	18.5516 36.6072,
	18.3342 36.7431,
	18.307 36.7567,
	18.2051 36.845,
	18.008 37.0489,
	17.8993 37.1508,
	17.8449 37.1916,
	17.8313 37.1916,
	17.8041 37.212,
	17.5867 37.2935,
	17.3692 37.3887,
	17.2605 37.443,
	17.043 37.5314,
	16.9887 37.5518,
	16.9751 37.5518,
	16.9615 37.5653,
	16.9071 37.5789,
	16.6897 37.6741,
	16.6353 37.7081,
	16.6217 37.7081,
	16.513 37.7896,
	16.4994 37.7896,
	16.4722 37.8168,
	16.2548 37.9391,
	16.146 37.9935,
	16.0917 38.0138,
	15.9829 38.0274,
	15.7655 38.0274,
	15.3306 38.0614,
	15.2218 38.0818,
	15.1131 38.1158,
	15.0588 38.1226,
	15.0044 38.109,
	14.9568 38.0682,
	14.9432 38.041,
	14.9432 38.0138,
	"/>
</Transform>

<Transform dim="0"
 xcoef=" 0 1 0 0 0 0"
 ycoef=" 0 0 1 0 0 0">
<Contour name="TB1_NF72_LES" hidden="false" closed="true" simplified="true" border="0.0784314 0.509804 0.101961" fill="0.0784314 0.509804 0.101961" mode="-9"
 points="17.576 25.7805,
	17.5938 25.7092,
	17.6116 25.6736,
	17.6116 25.6558,
	17.6473 25.6201,
	17.6651 25.6023,
	17.7363 25.5756,
	17.8076 25.5667,
	17.8789 25.54,
	17.8967 25.54,
	17.9323 25.5132,
	17.9501 25.5132,
	18.0214 25.4509,
	18.1639 25.3707,
	18.3065 25.3529,
	18.449 25.3618,
	18.5203 25.3796,
	18.5559 25.4063,
	18.5915 25.4776,
	18.5915 25.5132,
	18.5915 25.5311,
	18.5203 25.5667,
	18.4935 25.5578,
	18.5292 25.5222,
	18.547 25.5132,
	18.4045 25.5311,
	18.3332 25.5578,
	18.3154 25.5756,
	18.2976 25.5756,
	18.1818 25.7092,
	18.0927 25.825,
	18.0927 25.8429,
	18.0392 25.9052,
	18.0214 25.9408,
	17.9501 25.9943,
	17.8789 26.021,
	17.7363 26.0299,
	17.7007 26.021,
	17.6383 25.9676,
	17.5938 25.8963,
	17.576 25.825,
	17.576 25.7894,
	"/>
</Transform>

</Section>