<?xml version="1.0"?>
<!DOCTYPE Section SYSTEM "section.dtd">

<Section index="460" thickness="0.085" alignLocked="true">
<Transform dim="0"
 xcoef=" 0 1 0 0 0 0"
 ycoef=" 0 0 1 0 0 0">
<Image mag="0.0079" contrast="1" brightness="0" red="true" green="true" blue="true"
 src="Aligned TF21460.tif" />
<Contour name="domain1" hidden="false" closed="true" simplified="false" border="1 0 1" fill="1 0 1" mode="11"
 points="0 0,
	15991 0,
	15991 12171,
	0 12171,
	"/>
</Transform>

<Transform dim="0"
 xcoef=" 0 1 0 0 0 0"
 ycoef=" 0 0 1 0 0 0">
<Contour name="TB1_AP12_EM" hidden="false" closed="true" simplified="true" border="0.792157 0 0" fill="1 0.701961 0.701961" mode="9"
 points="33.6679 34.0397,
	33.7554 33.9632,
	33.7992 33.9522,
	33.8429 33.9632,
	34.0179 34.1053,
	34.1053 34.1491,
	34.2803 34.1819,
	34.3678 34.1928,
	34.4552 34.1709,
	34.499 34.1709,
	34.5208 34.1709,
	34.5646 34.2037,
	34.5646 34.2256,
	34.5865 34.2475,
	34.6739 34.2365,
	34.7614 34.2037,
	34.8489 34.1381,
	34.8708 34.1272,
	34.9582 34.1928,
	35.002 34.2256,
	35.0895 34.2256,
	35.1769 34.2912,
	35.2207 34.3022,
	35.2316 34.3459,
	35.166 34.4334,
	35.1551 34.4771,
	35.1879 34.5646,
	35.2644 34.6521,
	35.3519 34.7067,
	35.5268 34.7723,
	35.5706 34.7833,
	35.6581 34.7395,
	35.6799 34.7286,
	35.8439 34.9036,
	35.8986 35.0785,
	36.2376 35.4175,
	36.3251 35.4066,
	36.4126 35.4175,
	36.4563 35.4394,
	36.5766 35.6143,
	36.6531 35.7893,
	36.675 35.8768,
	36.6531 35.9642,
	36.6422 35.9861,
	36.7297 36.1611,
	36.8499 36.336,
	36.9046 36.4235,
	37.0796 36.5328,
	37.1233 36.5219,
	37.1452 36.511,
	37.2327 36.5438,
	37.2764 36.5656,
	37.3967 36.7406,
	37.4404 36.8281,
	37.7356 37.178,
	37.8013 37.2655,
	38.1512 37.506,
	38.2605 37.681,
	38.4355 37.8559,
	38.5229 37.9215,
	38.5448 37.9434,
	38.5339 37.9543,
	38.7088 38.1184,
	38.8619 38.2824,
	38.9494 38.3261,
	39.0478 38.5011,
	39.0697 38.5448,
	39.2337 38.7198,
	39.3212 38.8073,
	39.5508 39.1572,
	39.6711 39.3321,
	39.9554 39.682,
	40.1085 39.857,
	40.4475 40.185,
	40.4365 40.196,
	40.6115 40.3709,
	40.6771 40.4584,
	40.7646 40.5131,
	40.9395 40.5568,
	41.027 40.5787,
	41.2019 40.699,
	41.3769 40.7755,
	41.4644 40.7864,
	41.5519 40.8302,
	41.5956 40.852,
	41.6175 40.8958,
	41.9674 41.1035,
	42.0549 41.1582,
	42.1423 41.2348,
	42.1861 41.2785,
	42.2407 41.366,
	42.2736 41.4097,
	42.361 41.4534,
	42.4485 41.4644,
	42.4922 41.4534,
	42.6672 41.5081,
	42.7109 41.53,
	42.8859 41.7049,
	43.1374 42.0549,
	43.203 42.1423,
	43.2249 42.1861,
	43.3123 42.2407,
	43.4873 42.4048,
	43.6404 42.5797,
	43.6732 42.6235,
	43.706 42.7109,
	43.8153 42.8859,
	43.87 42.9734,
	43.9903 43.3233,
	44.0012 43.367,
	44.0668 43.4545,
	44.0996 43.542,
	44.1106 43.5638,
	44.0996 43.5857,
	44.1324 43.6732,
	44.1434 43.7607,
	44.209 43.9356,
	44.209 43.9794,
	44.2418 44.0668,
	44.2527 44.1543,
	44.2855 44.2418,
	44.2965 44.2855,
	44.3074 44.2965,
	44.2855 44.3074,
	44.2965 44.3949,
	44.2965 44.4386,
	44.3402 44.5261,
	44.373 44.7011,
	44.3621 44.876,
	44.4605 45.2259,
	44.4824 45.4009,
	44.5589 45.5758,
	44.5698 45.6633,
	44.5589 45.7508,
	44.5917 45.9257,
	44.6026 45.9695,
	44.5698 46.1444,
	44.5917 46.3194,
	44.5917 46.4943,
	44.5917 46.5818,
	44.6573 46.7568,
	44.6792 46.9317,
	44.712 47.0192,
	44.7229 47.3691,
	44.7229 47.4566,
	44.7995 47.6316,
	44.8213 47.6753,
	44.8323 47.6972,
	44.7995 47.7409,
	44.712 47.6753,
	44.6573 47.5878,
	44.6464 47.5659,
	44.6245 47.5878,
	44.5808 47.5769,
	44.4058 47.6753,
	44.3621 47.7081,
	44.3293 47.7956,
	44.3183 47.8393,
	44.1653 48.0143,
	44.0887 48.1017,
	44.0012 48.1345,
	43.9138 48.2002,
	43.8919 48.2439,
	43.8919 48.3314,
	43.7935 48.5063,
	43.7716 48.5501,
	43.6841 48.6047,
	43.6185 48.6922,
	43.5638 48.8672,
	43.542 48.9547,
	43.3889 49.3046,
	43.2686 49.4795,
	43.1702 49.6435,
	43.0937 49.8185,
	43.0499 49.906,
	43.0062 50.0809,
	42.9952 50.1247,
	42.9078 50.1903,
	42.7875 50.3652,
	42.7109 50.5402,
	42.6781 50.6277,
	42.6235 50.9776,
	42.4813 51.3275,
	42.4376 51.5024,
	42.4048 51.5899,
	42.372 51.9398,
	42.361 52.0273,
	42.372 52.1148,
	42.361 52.2897,
	42.3501 52.3772,
	42.372 52.5522,
	42.3938 52.6396,
	42.4704 52.8146,
	42.5141 52.9021,
	42.536 52.9896,
	42.5469 53.0333,
	42.536 53.1208,
	42.525 53.1645,
	42.4922 53.1973,
	42.4048 53.1973,
	42.3173 53.1645,
	42.2736 53.1536,
	42.2517 53.1317,
	42.2189 53.1754,
	42.1314 53.2192,
	42.0877 53.252,
	42.0658 53.2739,
	42.0549 53.3176,
	42.0549 53.3395,
	42.033 53.3613,
	41.6831 53.416,
	41.5956 53.4379,
	41.5519 53.4597,
	41.2238 53.7878,
	41.0489 53.9299,
	40.9067 54.1049,
	40.7974 54.2799,
	40.7536 54.3236,
	40.699 54.4111,
	40.6661 54.4985,
	40.6224 54.8485,
	40.5787 54.9359,
	40.5568 54.9797,
	40.5349 55.0015,
	40.4475 55.0125,
	40.36 55.0015,
	40.3381 54.9797,
	40.3381 54.9359,
	40.36 54.8922,
	40.4037 54.8485,
	40.4256 54.8047,
	40.5131 54.7719,
	40.5677 54.6844,
	40.5896 54.6626,
	40.5896 54.5751,
	40.5787 54.5313,
	40.4912 54.5751,
	40.3272 54.7172,
	40.2069 54.8922,
	40.1194 55.0671,
	40.1085 55.1546,
	40.1303 55.1984,
	40.1741 55.2312,
	40.196 55.253,
	40.196 55.2968,
	40.1522 55.3405,
	40.1085 55.3515,
	40.021 55.3186,
	39.9991 55.3296,
	39.9773 55.3186,
	39.9335 55.3405,
	39.9117 55.3624,
	39.9007 55.4061,
	39.9335 55.4936,
	39.9445 55.5373,
	39.9554 55.5592,
	39.9117 55.6467,
	39.8898 55.7342,
	39.9226 55.8216,
	39.9445 55.8654,
	39.9335 55.9529,
	39.9117 55.9966,
	39.9226 56.0403,
	39.8898 56.1278,
	39.8351 56.2153,
	39.7476 56.3028,
	39.6602 56.3465,
	39.5727 56.3574,
	39.4852 56.3356,
	39.4633 56.3137,
	39.5071 56.2809,
	39.5945 56.259,
	39.682 56.1934,
	39.7258 56.1606,
	39.7476 56.1387,
	39.7039 56.1059,
	39.6164 56.095,
	39.5289 56.1278,
	39.4415 56.1934,
	39.2665 56.27,
	39.0916 56.4012,
	39.0041 56.4559,
	38.9603 56.4777,
	38.9057 56.5652,
	38.7307 56.7292,
	38.6979 56.8167,
	38.5558 56.9917,
	38.512 57.0791,
	38.3371 57.2104,
	38.3152 57.2213,
	38.2933 57.3088,
	38.2933 57.3525,
	38.184 57.5275,
	38.1293 57.7024,
	38.0856 57.7899,
	38.0746 57.8774,
	37.9981 58.0523,
	37.9215 58.1289,
	37.8778 58.1398,
	37.7028 58.3038,
	37.6372 58.4788,
	37.4732 58.6537,
	37.3857 58.6975,
	37.3529 58.7412,
	37.342 58.7849,
	37.2108 58.9599,
	37.167 58.9927,
	37.1233 59.0036,
	37.1014 59.0036,
	37.0358 59.0911,
	36.8609 59.2551,
	36.6859 59.3754,
	36.5984 59.5504,
	36.5656 59.6379,
	36.5438 59.8128,
	36.5219 59.9003,
	36.5 59.944,
	36.511 60.0315,
	36.4891 60.119,
	36.5219 60.2939,
	36.511 60.3814,
	36.5219 60.4689,
	36.5 60.6438,
	36.5 60.7313,
	36.4891 60.7751,
	36.511 60.8188,
	36.5219 60.8407,
	36.4782 60.9281,
	36.4563 60.9719,
	36.4782 61.0594,
	36.4016 61.2343,
	36.3907 61.2781,
	36.4126 61.3655,
	36.3797 61.453,
	36.4016 61.628,
	36.3797 61.8029,
	36.3907 61.9779,
	36.4454 62.1528,
	36.4782 62.3278,
	36.4782 62.5027,
	36.4891 62.5465,
	36.5547 62.634,
	36.5656 62.8089,
	36.5 62.8855,
	36.4891 62.9729,
	36.4891 63.0167,
	36.4563 63.0604,
	36.4454 63.0713,
	36.4344 63.0276,
	36.4563 62.8527,
	36.4563 62.8089,
	36.4563 62.787,
	36.4782 62.7652,
	36.4782 62.7433,
	36.3032 62.623,
	36.2813 62.6012,
	36.2704 61.9013,
	36.2704 61.7264,
	36.2267 61.6389,
	36.1829 61.6061,
	36.1829 61.5842,
	36.2157 61.5405,
	36.2048 61.4968,
	36.1173 61.4093,
	36.0736 61.3655,
	36.0298 61.2781,
	35.997 61.2343,
	35.9096 61.2015,
	35.7346 61.1906,
	35.6909 61.1796,
	35.5159 61.2343,
	35.3956 61.4093,
	35.3738 61.4968,
	35.3191 61.5842,
	34.9692 61.9123,
	34.9254 61.9232,
	34.8926 61.9669,
	34.8598 62.0544,
	34.8161 62.0872,
	34.7286 62.1091,
	34.6849 62.0982,
	34.6521 62.0654,
	34.6958 62.0326,
	34.7833 62.0107,
	34.9582 61.8357,
	35.1004 61.6608,
	35.1223 61.5733,
	35.1988 61.4858,
	35.2316 61.3983,
	35.2207 61.3109,
	35.2535 61.2234,
	35.2644 61.0484,
	35.3081 60.961,
	35.4503 60.786,
	35.5268 60.7095,
	35.5596 60.622,
	35.6362 60.5345,
	35.6581 60.4908,
	35.6471 60.4033,
	35.6799 60.2283,
	35.669 60.1846,
	35.6581 60.1737,
	35.7237 60.0862,
	35.7565 60.0424,
	35.7674 59.9987,
	35.7565 59.955,
	35.8002 59.78,
	35.8658 59.605,
	35.8986 59.5176,
	35.9533 59.4301,
	35.9861 59.3426,
	35.997 59.2551,
	36.0736 59.0802,
	36.1939 58.9052,
	36.2485 58.8178,
	36.2813 58.6428,
	36.336 58.4678,
	36.3579 58.4241,
	36.3579 58.4022,
	36.4235 58.3148,
	36.4344 58.2273,
	36.4344 58.1835,
	36.3907 58.0961,
	36.2267 57.9211,
	36.1064 57.7462,
	36.0517 57.5712,
	36.0408 57.5493,
	36.0626 57.5165,
	36.1501 57.5931,
	36.2048 57.6805,
	36.2813 57.768,
	36.3032 57.8118,
	36.3141 57.8227,
	36.3797 57.7352,
	36.3797 57.6477,
	36.3469 57.5603,
	36.3469 57.5165,
	36.3797 57.429,
	36.3907 57.3416,
	36.3688 57.2541,
	36.3907 57.1666,
	36.3907 57.1229,
	36.4016 57.101,
	36.3469 57.0135,
	36.3251 56.926,
	36.3141 56.8823,
	36.3907 56.7074,
	36.3579 56.6199,
	36.336 56.5761,
	36.3688 56.4012,
	36.3797 56.3137,
	36.3579 56.1387,
	36.3579 56.0513,
	36.3579 56.0075,
	36.2813 55.8326,
	36.2376 55.7451,
	36.2048 55.5701,
	36.2376 55.4827,
	36.2704 55.5264,
	36.2923 55.6139,
	36.2923 55.6576,
	36.3469 55.7342,
	36.4126 55.6467,
	36.4235 55.5592,
	36.4126 55.4717,
	36.4454 55.2968,
	36.4344 55.1218,
	36.4016 54.9469,
	36.3907 54.7719,
	36.3907 54.6844,
	36.4126 54.597,
	36.3907 54.422,
	36.3469 54.3345,
	36.3141 54.1596,
	36.1282 53.8097,
	36.1064 53.7659,
	36.0954 53.591,
	36.1173 53.5035,
	36.0189 53.3285,
	35.9642 53.2411,
	35.9533 53.1973,
	35.9642 53.1536,
	36.0408 53.077,
	36.0736 53.0333,
	36.1282 52.8583,
	36.1501 52.6834,
	36.1392 52.5959,
	36.1611 52.5084,
	36.1939 52.4647,
	36.2267 52.2897,
	36.2267 52.1148,
	36.2595 51.9398,
	36.2813 51.8523,
	36.2704 51.6774,
	36.2267 51.5024,
	36.2267 51.3275,
	36.2267 51.2837,
	36.1501 51.2291,
	35.9752 51.1853,
	35.8002 51.0869,
	35.7127 51.0432,
	35.6799 50.9557,
	35.669 50.912,
	35.6799 50.8792,
	35.7018 50.8682,
	35.8768 51.0322,
	35.9642 51.0869,
	36.0517 51.0979,
	36.1392 51.076,
	36.1829 51.0869,
	36.2048 51.0869,
	36.2923 51.0104,
	36.3579 50.9229,
	36.3907 50.8354,
	36.3688 50.7917,
	36.1939 50.6714,
	36.1064 50.6167,
	36.0626 50.5839,
	35.9752 50.5621,
	35.9314 50.5402,
	35.8439 50.4527,
	35.8111 50.2778,
	35.8002 50.234,
	35.7674 50.1903,
	35.7565 50.1465,
	35.7783 50.0591,
	35.7783 49.8841,
	35.8111 49.8404,
	35.7783 49.7529,
	35.7565 49.731,
	35.7127 49.5561,
	35.7018 49.3811,
	35.6799 49.2936,
	35.6034 49.2062,
	35.5487 49.1187,
	35.4831 48.9437,
	35.4503 48.8562,
	35.4284 48.8125,
	35.4066 48.7906,
	35.4175 48.6157,
	35.3738 48.5719,
	35.3956 48.222,
	35.4066 48.1345,
	35.4175 48.0908,
	35.4394 48.0689,
	35.4722 47.894,
	35.4612 47.8065,
	35.4503 47.7628,
	35.3847 47.6753,
	35.341 47.5878,
	35.3081 47.4129,
	35.1332 47.0629,
	35.0895 46.888,
	35.0785 46.8443,
	35.0895 46.7568,
	35.1004 46.713,
	35.0566 46.5381,
	34.9145 46.1882,
	34.8708 46.1007,
	34.838 46.057,
	34.838 46.0351,
	34.6849 45.8601,
	34.6083 45.7727,
	34.5974 45.7289,
	34.6302 45.554,
	34.663 45.4665,
	34.7177 45.379,
	34.7395 45.3571,
	34.7395 45.1822,
	34.7942 44.8323,
	34.838 44.6573,
	34.8489 44.4824,
	34.838 44.3949,
	34.8489 44.2199,
	34.8708 44.1324,
	34.8708 44.045,
	34.9145 43.87,
	34.9364 43.7825,
	34.8926 43.7388,
	34.8708 43.7169,
	34.8489 43.542,
	34.7942 43.367,
	34.7177 43.1921,
	34.7067 43.1046,
	34.7395 42.9296,
	34.7286 42.8422,
	34.663 42.6672,
	34.6739 42.5797,
	34.6193 42.4048,
	34.5427 42.2298,
	34.5208 42.0549,
	34.4552 41.8799,
	34.4334 41.7049,
	34.324 41.355,
	34.3131 41.1801,
	34.3131 41.1363,
	34.335 41.0926,
	34.3568 41.0817,
	34.3896 41.1691,
	34.4006 41.2566,
	34.4334 41.3441,
	34.4552 41.3878,
	34.5318 41.4753,
	34.5318 41.5628,
	34.6302 41.9127,
	34.7067 42.2626,
	34.7723 42.4376,
	34.7942 42.6125,
	34.8489 42.7875,
	34.8598 42.8312,
	34.8489 42.875,
	34.8598 42.9624,
	34.8489 43.0499,
	34.838 43.0718,
	34.8926 43.2467,
	34.8926 43.2686,
	34.9692 43.3561,
	35.0566 43.4108,
	35.1441 43.4873,
	35.1769 43.531,
	35.1879 43.6185,
	35.1332 43.7935,
	35.1004 44.1434,
	35.0676 44.3183,
	35.0566 44.4933,
	35.0348 44.5808,
	35.0457 44.7557,
	35.0785 44.9307,
	35.0895 45.1056,
	35.0785 45.1931,
	35.1223 45.543,
	35.1441 45.8929,
	35.1879 46.2428,
	35.1988 46.5928,
	35.2207 46.7677,
	35.3081 46.9427,
	35.33 47.1176,
	35.3956 47.2926,
	35.4175 47.4675,
	35.4284 47.555,
	35.4612 47.5987,
	35.505 47.6097,
	35.5378 47.6534,
	35.5487 47.7409,
	35.5378 47.8284,
	35.5487 48.0033,
	35.5378 48.0908,
	35.5268 48.1345,
	35.5487 48.3095,
	35.5378 48.397,
	35.5706 48.4845,
	35.6253 48.5719,
	35.6581 48.7469,
	35.6471 48.9218,
	35.6362 48.9656,
	35.6471 49.0093,
	35.7893 49.1843,
	35.8439 49.3592,
	35.9205 49.4467,
	35.9642 49.5342,
	35.9752 49.5779,
	35.9752 49.5998,
	36.1173 49.7638,
	36.1392 49.8513,
	36.4235 50.1903,
	36.5875 50.3652,
	36.664 50.4418,
	36.839 50.5402,
	36.9265 50.5839,
	37.0796 50.7479,
	37.1561 50.8245,
	37.2436 50.8792,
	37.2873 50.8901,
	37.3748 50.9448,
	37.4623 50.9776,
	37.4842 50.9885,
	37.5279 50.9557,
	37.5498 50.9338,
	37.7247 50.9666,
	37.7685 50.9776,
	37.8559 50.9448,
	37.9434 50.8901,
	37.9871 50.8901,
	38.0746 50.9448,
	38.1184 50.9776,
	38.2058 50.9557,
	38.2496 50.9666,
	38.2715 50.9666,
	38.2933 50.9885,
	38.4683 51.0213,
	38.5558 51.0869,
	38.5995 51.0979,
	38.687 51.0869,
	38.8619 51.0979,
	39.0369 51.0869,
	39.0587 51.0979,
	39.1462 51.076,
	39.3212 51.1744,
	39.3431 51.1963,
	39.4196 51.1197,
	39.4633 51.0979,
	39.5071 51.1088,
	39.5289 51.1525,
	39.5399 51.1635,
	39.5836 51.1307,
	39.6711 51.1197,
	39.7148 51.1525,
	39.7586 51.1525,
	39.8351 51.0869,
	39.857 51.076,
	39.9445 51.1307,
	39.9663 51.1525,
	40.0101 51.1416,
	40.0319 51.1416,
	40.0647 51.0979,
	40.1085 51.076,
	40.196 51.0869,
	40.2178 51.1088,
	40.3928 50.9994,
	40.4803 50.9666,
	40.524 50.9338,
	40.5677 50.9338,
	40.6115 50.912,
	40.9614 50.6277,
	41.0489 50.5511,
	41.1363 50.5292,
	41.2238 50.4746,
	41.3113 50.398,
	41.4863 50.2887,
	41.53 50.2449,
	41.5847 50.1684,
	41.6284 50.1465,
	41.6721 50.0591,
	41.6831 49.8841,
	41.694 49.7966,
	41.8034 49.6217,
	41.9783 49.4576,
	42.1533 49.403,
	42.3282 49.3702,
	42.4157 49.3483,
	42.5907 49.228,
	42.6672 49.1405,
	42.7109 49.0531,
	42.7219 49.0093,
	42.7984 48.9218,
	42.8312 48.8344,
	42.9406 48.6594,
	43.0171 48.5719,
	43.1046 48.5282,
	43.1921 48.4626,
	43.2358 48.4298,
	43.2905 48.2548,
	43.3561 48.1674,
	43.3452 48.1236,
	43.3561 48.0799,
	43.4108 47.9924,
	43.4545 47.9815,
	43.4764 47.9924,
	43.5092 47.9596,
	43.5201 47.9159,
	43.5092 47.8284,
	43.5201 47.7409,
	43.531 47.6972,
	43.5201 47.6534,
	43.5092 47.6425,
	43.5638 47.555,
	43.5748 47.4675,
	43.5638 47.4238,
	43.5529 47.4019,
	43.5857 47.3144,
	43.5857 47.227,
	43.6185 47.052,
	43.6295 46.8771,
	43.6295 46.7896,
	43.6404 46.7458,
	43.6185 46.5709,
	43.6732 46.3959,
	43.6732 46.3522,
	43.7279 46.1772,
	43.7169 46.0023,
	43.7279 45.9148,
	43.706 45.7399,
	43.7169 45.6961,
	43.706 45.6524,
	43.7279 45.4774,
	43.7169 45.3025,
	43.7607 44.9526,
	43.7825 44.6026,
	43.7497 44.4277,
	43.7279 44.3839,
	43.7497 44.2965,
	43.6732 43.9466,
	43.6295 43.7716,
	43.6404 43.6841,
	43.5966 43.5966,
	43.531 43.5092,
	43.5092 43.4654,
	43.5201 43.4217,
	43.5092 43.378,
	43.2358 43.028,
	43.1155 42.8531,
	43.039 42.6781,
	42.8968 42.5032,
	42.864 42.4157,
	42.7328 42.2407,
	42.6781 42.1533,
	42.6453 42.0658,
	42.4704 41.8908,
	42.3829 41.8471,
	42.2954 41.7706,
	42.2079 41.7487,
	42.1205 41.6721,
	42.033 41.6612,
	42.0111 41.6393,
	41.9236 41.6284,
	41.8362 41.6393,
	41.6612 41.6065,
	41.5737 41.5737,
	41.4863 41.5191,
	41.3988 41.4425,
	41.2785 41.2676,
	41.0817 40.9176,
	40.9067 40.7646,
	40.8192 40.7099,
	40.6661 40.5349,
	40.5896 40.4475,
	40.2397 40.1632,
	40.0647 39.9991,
	39.9117 39.8242,
	39.8351 39.7367,
	39.6602 39.5945,
	39.5508 39.4196,
	39.4087 39.2446,
	39.3212 39.1681,
	39.1462 39.0697,
	39.0587 39.015,
	39.015 38.9275,
	38.9931 38.8401,
	38.9385 38.7526,
	38.7854 38.5776,
	38.7416 38.5448,
	38.6542 38.512,
	38.5229 38.3371,
	38.4355 38.2824,
	38.3589 38.1949,
	38.2605 38.02,
	38.0856 37.9106,
	38.0418 37.8778,
	37.9215 37.7028,
	37.8778 37.6591,
	37.7903 37.6263,
	37.7466 37.6154,
	37.7028 37.6263,
	37.6154 37.5716,
	37.5279 37.4951,
	37.4842 37.4513,
	37.3967 37.4076,
	37.2217 37.2545,
	37.0577 37.0796,
	37.0358 37.0358,
	36.9484 36.9702,
	36.9046 36.9374,
	36.8609 36.9593,
	36.7843 36.8827,
	36.7515 36.9265,
	36.7297 36.9484,
	36.6859 36.9484,
	36.5984 36.8609,
	36.5547 36.839,
	36.5438 36.8281,
	36.3688 36.9374,
	36.2813 36.9593,
	36.2048 36.9046,
	36.1611 36.9374,
	36.1173 36.9484,
	35.9424 36.8937,
	35.8986 36.8937,
	35.8439 36.9812,
	35.7565 37.0686,
	35.7127 37.0905,
	35.6581 37.178,
	35.5924 37.3529,
	35.5596 37.3967,
	35.505 37.3092,
	35.4831 37.2655,
	35.4722 37.2436,
	35.5159 37.1561,
	35.669 36.9812,
	35.7674 36.8062,
	35.8439 36.7187,
	35.8877 36.6969,
	35.9205 36.6531,
	35.9424 36.6312,
	35.9424 36.6094,
	35.8986 36.5766,
	35.8768 36.5656,
	35.7018 36.6422,
	35.6143 36.6859,
	35.4394 36.8281,
	35.3519 36.8827,
	35.1769 36.9484,
	35.0895 36.9921,
	35.0457 37.0249,
	34.9801 37.1998,
	34.9582 37.2873,
	34.9692 37.3748,
	34.8708 38.0746,
	34.8708 38.4245,
	34.9036 38.7744,
	34.9145 38.8619,
	34.8926 38.9057,
	34.827 38.8182,
	34.7614 38.4683,
	34.6739 38.2933,
	34.6411 38.2058,
	34.6521 38.0309,
	34.6193 37.9434,
	34.5865 37.8997,
	34.499 37.845,
	34.4662 37.8013,
	34.4443 37.7794,
	34.4115 37.6044,
	34.3896 37.517,
	34.335 37.4295,
	34.2584 37.0796,
	34.1709 36.9046,
	34.1272 36.8718,
	34.0835 36.8609,
	34.0616 36.839,
	33.9741 36.8499,
	33.9413 36.8937,
	33.9194 36.9812,
	33.9741 37.1561,
	33.996 37.3311,
	34.0725 37.681,
	34.0507 37.7685,
	34.0397 37.8122,
	34.0397 37.8341,
	33.996 37.8669,
	33.9741 37.9543,
	33.9194 38.0418,
	33.832 38.1074,
	33.8101 38.1074,
	33.7882 38.0637,
	33.7882 38.0418,
	33.8757 37.9543,
	33.9194 37.8669,
	33.9632 37.6919,
	33.9741 37.6044,
	33.985 37.5607,
	33.9522 37.3857,
	33.9413 37.2983,
	33.8976 37.2108,
	33.8429 37.0358,
	33.821 36.9484,
	33.8429 36.7734,
	33.8866 36.6859,
	33.9194 36.511,
	33.8648 36.336,
	33.8538 36.2923,
	33.9304 36.1173,
	33.9632 36.0298,
	33.9522 35.9424,
	33.9413 35.8986,
	33.9741 35.7237,
	33.985 35.6362,
	33.9741 35.5487,
	33.996 35.4612,
	33.996 35.4503,
	34.0725 35.5159,
	34.0944 35.4722,
	34.0835 35.2972,
	34.0725 35.2097,
	34.0944 35.0348,
	34.1163 34.9473,
	34.1053 34.9036,
	34.0944 34.8817,
	34.1053 34.838,
	34.1053 34.8161,
	34.1381 34.7723,
	34.16 34.7505,
	34.1709 34.663,
	34.0944 34.488,
	34.0397 34.4006,
	33.8648 34.2365,
	33.7773 34.1709,
	33.6898 34.1272,
	33.6679 34.1053,
	33.6679 34.0616,
	33.6679 34.0507,
	"/>
</Transform>

<Transform dim="0"
 xcoef=" 0 1 0 0 0 0"
 ycoef=" 0 0 1 0 0 0">
<Contour name="TB1_AP22_EM" hidden="false" closed="true" simplified="true" border="0.133333 0.568627 1" fill="0 1 0" mode="9"
 points="25.2075 47.5397,
	25.265 47.4966,
	25.3801 47.4822,
	25.4377 47.511,
	25.4808 47.5685,
	25.5096 47.5973,
	25.5815 47.4822,
	25.6391 47.439,
	25.7254 47.2089,
	25.7397 47.1513,
	25.7685 47.1369,
	25.8836 47.1657,
	25.9555 47.0506,
	25.9987 46.9931,
	26.0418 46.9643,
	26.1569 46.7342,
	26.1857 46.7198,
	26.3008 46.7486,
	26.4158 46.7198,
	26.646 46.5903,
	26.8762 46.4896,
	26.9912 46.4321,
	27.02 46.3889,
	27.1351 46.3745,
	27.1926 46.3745,
	27.2358 46.4177,
	27.2646 46.5328,
	27.3221 46.6479,
	27.3653 46.7054,
	27.3796 46.6479,
	27.4228 46.5903,
	27.4372 46.5328,
	27.394 46.3026,
	27.3796 46.1875,
	27.394 46.13,
	27.394 46.1012,
	27.4516 46.0725,
	27.5091 46.0868,
	27.581 46.317,
	27.6817 46.5472,
	27.6961 46.6047,
	27.7824 46.7198,
	27.9982 46.9356,
	28.0845 47.0506,
	28.3147 47.2664,
	28.3722 47.3096,
	28.6024 47.2952,
	28.7174 47.3096,
	28.7606 47.3671,
	28.7462 47.4246,
	28.6311 47.5253,
	28.5736 47.5397,
	28.6311 47.6548,
	28.8469 47.885,
	28.9044 47.9425,
	29.0195 47.9425,
	29.0771 47.9569,
	29.149 48.072,
	29.3792 48.2302,
	29.4942 48.259,
	29.5805 48.3741,
	29.6093 48.4891,
	29.5949 48.6042,
	29.5518 48.7193,
	29.5518 48.7768,
	29.5949 48.8919,
	29.6237 49.1221,
	29.6525 49.2372,
	29.6812 49.2947,
	29.7388 49.3379,
	29.7532 49.3954,
	29.7244 49.4529,
	29.71 49.4673,
	29.8107 49.5824,
	30.0552 50.0427,
	30.1128 50.1578,
	30.1991 50.2729,
	30.2423 50.3304,
	30.271 50.3592,
	30.2423 50.3736,
	30.2854 50.4311,
	30.3286 50.6613,
	30.3573 50.7764,
	30.4149 50.8914,
	30.5012 51.0065,
	30.5731 51.2367,
	30.6306 51.3518,
	30.717 51.4668,
	31.2204 52.3875,
	31.3355 52.5026,
	31.4506 52.5745,
	31.5369 52.6896,
	31.5801 52.9197,
	31.6232 53.0348,
	31.6232 53.0923,
	31.6664 53.2074,
	31.8534 53.4376,
	31.9972 53.6677,
	32.0835 53.7828,
	32.2562 54.2431,
	32.3137 54.3582,
	32.4288 54.4733,
	32.4719 54.5308,
	32.5151 54.761,
	32.5007 54.9912,
	32.5439 55.4515,
	32.587 55.6816,
	32.7309 56.142,
	32.8316 56.3721,
	32.9179 56.4872,
	33.0186 56.7174,
	33.2343 56.8612,
	33.2919 56.9187,
	33.3494 57.0338,
	33.407 57.4941,
	33.4357 57.7243,
	33.4357 57.7818,
	33.4789 57.8969,
	33.4933 58.012,
	33.4933 58.0695,
	33.4789 58.0839,
	33.522 58.1415,
	33.5364 58.199,
	33.5076 58.3141,
	33.4789 58.3716,
	33.5508 58.832,
	33.6515 59.2923,
	33.6803 59.4074,
	33.7522 59.5224,
	33.9536 59.7382,
	34.1837 59.8533,
	34.2413 59.9684,
	34.2701 60.4287,
	34.2557 60.5438,
	34.2125 60.6588,
	34.1981 60.7164,
	34.1406 60.7739,
	34.1118 60.8027,
	34.0974 60.8602,
	34.1262 60.9753,
	34.2269 61.2055,
	34.2269 61.3206,
	34.2125 61.3781,
	34.2701 61.6083,
	34.2988 61.6658,
	34.3132 61.6946,
	34.2844 61.7665,
	34.2269 61.7665,
	34.1981 61.7953,
	34.1981 61.8096,
	33.968 61.6658,
	33.9104 61.6658,
	33.8817 61.6514,
	33.8241 61.6946,
	33.8097 61.7521,
	33.7666 61.7665,
	33.5364 61.6802,
	33.3063 61.4788,
	33.1049 61.2486,
	32.961 61.0185,
	32.8891 60.9034,
	32.774 60.8459,
	32.5439 60.6876,
	32.4288 60.6588,
	32.3712 60.6588,
	32.1411 60.5438,
	31.9109 60.3711,
	31.4506 59.954,
	30.9903 59.6087,
	30.7601 59.4217,
	30.53 59.1916,
	30.1559 58.7313,
	29.9258 58.5011,
	29.8251 58.386,
	29.7963 58.3285,
	29.5662 58.1127,
	29.4079 57.8825,
	29.3072 57.6524,
	29.2785 57.5948,
	29.2497 57.5661,
	29.2209 57.451,
	29.1921 57.3935,
	29.0771 57.3071,
	28.9764 57.1921,
	28.8901 56.9619,
	28.8181 56.8468,
	28.775 56.7893,
	28.6887 56.5591,
	28.5161 56.329,
	28.401 56.0988,
	28.3434 55.9837,
	28.2571 55.8686,
	28.1996 55.7536,
	28.1996 55.6385,
	28.142 55.5234,
	28.1133 55.4659,
	28.0557 55.4802,
	27.9407 55.4371,
	27.84 55.322,
	27.7968 55.2069,
	27.7824 55.0919,
	27.7393 54.9768,
	27.7249 54.7466,
	27.6673 54.6315,
	27.6098 54.574,
	27.581 54.5452,
	27.5235 54.5308,
	27.4084 54.4301,
	27.3509 54.3726,
	27.1207 54.2575,
	26.9625 54.0274,
	26.8618 53.7972,
	26.8474 53.6821,
	26.8905 53.567,
	26.8762 53.5095,
	26.9193 53.2793,
	26.9481 53.1643,
	26.9481 53.1067,
	26.9049 53.0636,
	26.8762 53.1211,
	26.8762 53.1786,
	26.833 53.2362,
	26.7899 53.1786,
	26.7899 53.0636,
	26.7467 52.9485,
	26.7323 52.8909,
	26.8042 52.7759,
	26.8474 52.6608,
	26.8618 52.6032,
	26.7899 52.4882,
	26.7611 52.3731,
	26.7755 52.258,
	26.7467 52.0278,
	26.7179 51.9128,
	26.7323 51.7977,
	26.7179 51.6826,
	26.646 51.5675,
	26.6028 51.4524,
	26.5597 51.2223,
	26.5022 51.1072,
	26.4734 50.9921,
	26.2432 50.7764,
	26.0994 50.5462,
	26.0706 50.4887,
	26.1138 50.4311,
	26.2145 50.5462,
	26.2864 50.6613,
	26.4015 50.7332,
	26.4446 50.762,
	26.4734 50.7332,
	26.4158 50.503,
	26.3151 50.2729,
	26.2432 50.1578,
	26.2145 50.1003,
	26.2145 50.0427,
	26.2432 49.9852,
	26.1713 49.755,
	26.1569 49.6399,
	26.1713 49.5249,
	26.1569 49.4098,
	25.9699 48.9495,
	25.9268 48.8344,
	25.8836 48.6042,
	25.898 48.5754,
	25.7685 48.3453,
	25.711 48.1151,
	25.6822 48.0576,
	25.5671 47.9425,
	25.452 47.8706,
	25.2794 47.6404,
	25.2363 47.5829,
	25.2075 47.5541,
	"/>
</Transform>

<Transform dim="0"
 xcoef=" 0 1 0 0 0 0"
 ycoef=" 0 0 1 0 0 0">
<Contour name="TB1_AP22_EM" hidden="false" closed="true" simplified="true" border="0.133333 0.568627 1" fill="0 1 0" mode="9"
 points="26.6123 37.4298,
	26.6842 37.1996,
	26.8136 36.9695,
	26.8712 36.8544,
	27.0294 36.6386,
	27.087 36.5811,
	27.1733 36.3509,
	27.202 36.2358,
	27.202 36.207,
	27.3027 36.092,
	27.3603 36.0632,
	27.389 36.02,
	27.5041 35.9337,
	27.5617 35.8762,
	27.6767 35.8618,
	27.7343 35.8906,
	27.7487 36.0057,
	27.7918 36.1207,
	27.6911 36.3509,
	27.6767 36.4084,
	27.6911 36.466,
	27.7343 36.5091,
	27.9644 36.5379,
	28.022 36.5379,
	28.0795 36.5091,
	28.1802 36.3941,
	28.209 36.3653,
	28.2521 36.4084,
	28.2665 36.5235,
	28.2809 36.5811,
	28.2521 36.6961,
	28.209 36.7537,
	28.1802 36.7824,
	28.1658 36.7681,
	28.0651 36.8831,
	27.9501 36.9119,
	27.7343 37.0989,
	27.6192 37.214,
	27.5185 37.2859,
	27.4034 37.401,
	27.3459 37.4442,
	27.2164 37.6599,
	27.1733 37.6887,
	27.0582 37.6168,
	27.015 37.588,
	26.9863 37.6168,
	26.9719 37.7319,
	26.9719 37.7606,
	26.9431 37.7894,
	26.828 37.8325,
	26.7993 37.8613,
	26.828 37.9764,
	26.8424 38.0339,
	26.8424 38.0627,
	26.8136 38.0915,
	26.7561 38.1059,
	26.7129 38.336,
	26.6986 38.3936,
	26.6986 38.4223,
	26.6698 38.4367,
	26.641 38.3792,
	26.6123 38.149,
	26.6266 37.9189,
	26.641 37.8613,
	26.6123 37.6312,
	26.6123 37.5161,
	26.6123 37.4585,
	26.6123 37.4442,
	"/>
</Transform>

<Transform dim="0"
 xcoef=" 0 1 0 0 0 0"
 ycoef=" 0 0 1 0 0 0">
<Contour name="TB1_AP22_EM" hidden="false" closed="true" simplified="true" border="0.133333 0.568627 1" fill="0 1 0" mode="9"
 points="29.1419 34.7072,
	29.2575 34.6205,
	29.3154 34.5771,
	29.3732 34.4615,
	29.4021 34.3458,
	29.431 34.288,
	29.4888 34.2302,
	29.5467 34.2013,
	29.6623 34.1868,
	29.7779 34.1145,
	29.8936 34.0712,
	30.3562 34.0278,
	30.4718 34.0133,
	30.5296 34.0133,
	30.7609 33.9122,
	30.8765 33.8977,
	30.9922 33.8254,
	31.2235 33.7821,
	31.2813 33.7532,
	31.3825 33.6375,
	31.4981 33.5941,
	31.7294 33.6375,
	31.845 33.652,
	31.9607 33.6086,
	32.0185 33.5941,
	32.1342 33.5074,
	32.192 33.464,
	32.2209 33.4351,
	32.3365 33.4207,
	32.5678 33.4496,
	32.6256 33.4351,
	32.6545 33.4062,
	32.7702 33.3918,
	32.828 33.3918,
	32.8858 33.4207,
	33.0015 33.4062,
	33.0593 33.4207,
	33.0882 33.4207,
	33.2038 33.5363,
	33.4207 33.9989,
	33.5941 34.2157,
	33.7098 34.2591,
	33.7676 34.288,
	33.811 34.4036,
	33.8399 34.8662,
	33.9122 35.0975,
	33.8688 35.3288,
	33.8399 35.4444,
	33.8832 35.6757,
	33.8977 35.7913,
	33.8399 35.907,
	33.7387 36.0226,
	33.6953 36.0805,
	33.6664 36.1094,
	33.5508 36.0082,
	33.4785 35.8925,
	33.4496 35.8347,
	33.4207 35.8058,
	33.3918 35.8058,
	33.2761 35.7046,
	33.1894 35.589,
	33.1316 35.4733,
	33.0304 35.3577,
	32.987 35.2999,
	32.8714 35.2565,
	32.4377 34.7939,
	32.3221 34.6783,
	32.2643 34.6205,
	32.2064 34.5916,
	32.1775 34.5916,
	32.1486 34.5626,
	31.9173 34.5337,
	31.8595 34.5337,
	31.7439 34.6494,
	31.5126 34.7795,
	31.3969 34.8373,
	31.2813 34.8518,
	31.2235 34.8084,
	31.0789 34.5771,
	30.891 34.3458,
	30.8476 34.2302,
	30.8332 34.2013,
	30.6019 34.1868,
	30.3706 34.3169,
	30.255 34.3747,
	30.1393 34.4615,
	30.0381 34.5771,
	29.9659 34.6927,
	29.8502 34.7939,
	29.7346 34.8518,
	29.6768 34.8807,
	29.5611 34.8518,
	29.4455 34.8807,
	29.3876 34.8951,
	29.1564 34.8228,
	29.1419 34.7217,
	"/>
</Transform>

<Transform dim="0"
 xcoef=" 0 1 0 0 0 0"
 ycoef=" 0 0 1 0 0 0">
<Contour name="TB1_AP23_EM" hidden="false" closed="true" simplified="true" border="0.176471 0.588235 1" fill="0 0 1" mode="9"
 points="34.9635 37.444,
	35.0912 37.1522,
	35.1642 37.0974,
	35.2006 37.1157,
	35.2736 37.061,
	35.3283 37.2069,
	35.3648 37.2798,
	35.4377 37.3528,
	35.4742 37.4987,
	35.5289 37.5534,
	35.6748 37.5169,
	35.7478 37.5169,
	35.8207 37.5534,
	35.839 37.6993,
	35.7478 37.9911,
	35.6748 38.0641,
	35.5289 38.0823,
	35.383 38.0641,
	35.2371 37.9364,
	35.1642 37.8817,
	35.0912 37.8635,
	35.0182 37.8088,
	34.9635 37.5169,
	34.9635 37.4622,
	"/>
<Contour name="TB1_AP23_EM" hidden="false" closed="true" simplified="true" border="0.176471 0.588235 1" fill="0 0 1" mode="9"
 points="35.2371 40.9093,
	35.2918 40.6175,
	35.3101 40.3257,
	35.3101 40.2527,
	35.3465 40.1798,
	35.4013 39.888,
	35.4013 39.5961,
	35.456 39.3043,
	35.4924 39.1584,
	35.5654 39.0125,
	35.6019 38.976,
	35.7478 38.9396,
	35.8207 38.9396,
	35.9119 39.0855,
	35.9484 39.2314,
	35.9667 39.3043,
	35.839 39.888,
	35.8025 40.0339,
	35.8755 40.3257,
	35.8937 40.4716,
	35.7843 41.0552,
	35.6566 41.3471,
	35.5289 41.9307,
	35.5107 42.2225,
	35.456 42.5143,
	35.4377 42.5873,
	35.4013 42.6238,
	35.3465 42.5508,
	35.3283 42.4231,
	35.3648 42.1313,
	35.3465 41.8395,
	35.3101 41.7665,
	35.3283 41.4747,
	35.3283 41.3288,
	35.2553 41.037,
	35.2553 40.964,
	35.2371 40.9276,
	"/>
</Transform>

<Transform dim="0"
 xcoef=" 0 1 0 0 0 0"
 ycoef=" 0 0 1 0 0 0">
<Contour name="TB3_AP01_EM" hidden="false" closed="true" simplified="true" border="0 1 0" fill="0 1 0" mode="9"
 points="97.4257 64.3754,
	97.488 64.0428,
	97.592 63.7102,
	97.6959 63.6063,
	97.7375 63.6063,
	97.8622 63.7725,
	97.9037 63.8557,
	97.9037 63.8973,
	97.9453 63.9181,
	98.1116 63.8141,
	98.1948 63.6478,
	98.2987 63.3152,
	98.361 63.149,
	98.3403 62.8164,
	98.5689 61.486,
	98.6313 61.1535,
	98.9015 60.4883,
	98.9015 60.4052,
	99.047 60.0726,
	99.0678 59.9063,
	99.0262 59.5737,
	99.2133 58.9085,
	99.2756 58.7422,
	99.338 58.4097,
	99.3796 58.2434,
	99.4004 57.9108,
	99.4835 57.5782,
	99.5043 57.4119,
	99.6082 57.0793,
	99.6914 56.913,
	99.7329 56.8715,
	99.7953 56.5389,
	99.92 56.2063,
	100.107 55.8737,
	100.149 55.7906,
	100.169 55.7698,
	100.086 55.6035,
	100.066 55.5204,
	100.086 55.4372,
	100.024 55.2709,
	100.024 55.1046,
	100.107 54.9383,
	100.149 54.7721,
	100.149 54.6058,
	100.149 54.5642,
	100.066 54.5018,
	100.003 54.3355,
	99.9824 54.294,
	100.066 54.1277,
	100.211 53.9822,
	100.253 53.8159,
	100.211 53.6496,
	100.149 53.5664,
	100.107 53.5249,
	100.066 53.3586,
	100.066 53.1923,
	100.128 52.8597,
	100.066 52.5271,
	100.086 52.1945,
	100.149 51.862,
	100.169 51.7788,
	100.066 51.4462,
	100.066 51.2799,
	100.107 51.1137,
	100.128 51.0305,
	100.128 50.9889,
	100.19 50.9058,
	100.315 50.5732,
	100.398 50.4069,
	100.419 50.3238,
	100.481 50.2406,
	100.46 50.0743,
	100.544 49.7418,
	100.544 49.4092,
	100.585 49.0766,
	100.46 48.9103,
	100.44 48.8895,
	100.398 48.9103,
	100.315 48.8479,
	100.315 48.6817,
	100.315 48.5985,
	100.377 48.5154,
	100.481 48.1828,
	100.523 47.8502,
	100.668 47.5176,
	100.71 47.4345,
	100.71 47.3929,
	100.876 47.2474,
	101.042 47.185,
	101.126 47.1642,
	101.292 47.2682,
	101.333 47.3305,
	101.562 47.0187,
	101.666 46.8525,
	101.978 46.5822,
	102.144 46.4991,
	102.477 46.2496,
	102.643 46.1457,
	102.809 45.9794,
	102.851 45.9379,
	102.892 45.9379,
	102.976 45.8755,
	103.308 45.7923,
	103.641 45.7508,
	103.973 45.6468,
	104.14 45.5221,
	104.223 45.4598,
	104.389 45.4182,
	104.472 45.3974,
	104.639 45.439,
	104.722 45.5013,
	104.763 45.5221,
	104.93 45.4182,
	105.013 45.3766,
	105.179 45.4182,
	105.345 45.5637,
	105.636 46.2289,
	105.719 46.3952,
	105.886 46.5614,
	105.906 47.2266,
	105.844 47.8918,
	105.844 48.2244,
	105.803 48.5569,
	105.803 48.8895,
	105.699 49.5547,
	105.719 49.8873,
	105.823 50.2198,
	105.865 50.5524,
	105.844 50.7187,
	105.823 50.8019,
	105.553 51.1344,
	105.491 51.467,
	105.47 52.1322,
	105.428 52.4648,
	105.387 52.6311,
	105.221 52.9636,
	104.68 54.294,
	104.472 54.9591,
	104.348 55.2917,
	104.223 55.458,
	104.181 55.5411,
	104.098 55.6243,
	104.036 55.7906,
	103.973 55.8737,
	103.849 56.2063,
	103.786 56.2895,
	103.765 56.4557,
	103.62 56.7883,
	103.225 57.4535,
	102.996 58.1187,
	102.851 58.4512,
	102.685 58.5967,
	102.539 58.7007,
	102.394 58.867,
	102.331 59.0333,
	102.31 59.3658,
	102.331 59.449,
	102.207 59.7816,
	102.019 60.1141,
	101.874 60.4467,
	101.832 60.613,
	101.749 60.7793,
	101.728 60.8625,
	101.666 60.9456,
	101.541 61.2782,
	101.479 61.6108,
	101.375 61.9433,
	101.292 62.0265,
	101.23 62.1928,
	101.084 62.3591,
	100.751 62.6085,
	100.627 62.7748,
	100.481 63.1074,
	100.502 63.2737,
	100.481 63.3568,
	100.336 63.4815,
	100.273 63.5647,
	100.253 63.731,
	100.253 63.7725,
	100.086 63.8141,
	99.9616 63.9804,
	99.92 64.1467,
	99.8161 64.2922,
	99.7745 64.2506,
	99.7329 64.0843,
	99.7122 64.0012,
	99.629 63.9388,
	99.5459 63.9804,
	99.4211 64.1467,
	99.338 64.2091,
	99.2549 64.2298,
	99.0886 64.2091,
	99.047 64.1883,
	98.7768 64.5001,
	98.4442 64.5832,
	98.2779 64.6248,
	98.1116 64.7079,
	98.0285 64.7287,
	97.6959 64.9989,
	97.6127 64.9989,
	97.5296 64.9574,
	97.4672 64.7911,
	97.4257 64.7079,
	97.4257 64.3961,
	"/>
</Transform>

<Transform dim="0"
 xcoef=" 0 1 0 0 0 0"
 ycoef=" 0 0 1 0 0 0">
<Contour name="TB3_Nuc01_EM" hidden="false" closed="true" simplified="true" border="0 1 0" fill="0 1 0" mode="9"
 points="100.902 50.2017,
	101.038 49.4764,
	101.106 49.2951,
	101.151 49.2045,
	101.197 49.1591,
	101.219 49.0685,
	101.514 48.7058,
	101.786 48.4339,
	101.945 48.2752,
	102.126 48.1619,
	102.171 48.1619,
	102.217 48.1166,
	102.262 48.1166,
	102.307 48.0712,
	102.489 48.0032,
	102.579 48.0032,
	102.76 47.9126,
	102.851 47.8446,
	102.896 47.7993,
	102.942 47.7993,
	103.123 47.6633,
	103.214 47.5726,
	103.576 47.3686,
	103.939 47.2553,
	104.12 47.278,
	104.46 47.5726,
	104.732 47.9353,
	104.846 48.1166,
	105.004 48.2979,
	105.072 48.3659,
	105.163 48.7285,
	105.208 48.8192,
	105.254 49.5444,
	105.254 49.9071,
	105.276 50.0884,
	105.231 50.8136,
	105.186 51.1763,
	105.095 51.5389,
	104.46 52.9894,
	104.37 53.0801,
	104.188 53.1934,
	104.052 53.3747,
	104.052 53.42,
	104.007 53.4654,
	103.984 53.556,
	103.826 53.7373,
	103.463 53.9413,
	103.1 54.0773,
	102.919 54.1453,
	102.738 54.168,
	102.557 54.1453,
	102.375 54.0773,
	102.194 53.964,
	102.013 53.896,
	101.673 53.6694,
	101.582 53.5787,
	101.174 52.8534,
	101.129 52.7628,
	101.083 52.7174,
	100.97 52.3548,
	100.902 51.6296,
	100.902 50.9043,
	100.902 50.5417,
	100.902 50.3603,
	100.902 50.2697,
	100.902 50.2244,
	"/>
</Transform>

<Transform dim="0"
 xcoef=" 0 1 0 0 0 0"
 ycoef=" 0 0 1 0 0 0">
<Contour name="TB0_Nuc07_EM" hidden="false" closed="true" simplified="true" border="0.823529 0 0" fill="0 1 0" mode="9"
 points="19.5029 65.7664,
	19.5669 65.6385,
	19.5669 65.5746,
	19.7267 65.3188,
	19.8226 65.063,
	20.1104 64.5515,
	20.2702 64.2957,
	20.2702 64.2317,
	20.3342 64.1678,
	20.558 63.6563,
	20.9417 63.1447,
	21.4532 62.6651,
	21.709 62.5372,
	21.8688 62.3454,
	22.1246 62.1536,
	22.3804 62.0577,
	22.892 61.9617,
	23.0198 61.9298,
	23.2756 61.9937,
	23.3396 61.9937,
	23.4674 62.1216,
	23.4994 62.2495,
	23.4994 62.3134,
	23.5634 62.3134,
	23.5953 62.3774,
	23.4994 62.6331,
	23.4674 63.1447,
	23.3396 63.6563,
	23.1477 63.912,
	22.6362 64.2317,
	22.1246 64.6474,
	21.9328 64.8392,
	21.677 64.9991,
	21.1655 65.4467,
	20.6539 65.7664,
	20.4941 66.0222,
	20.3981 66.278,
	20.1743 66.5018,
	20.0464 66.5657,
	19.7907 66.4698,
	19.5669 66.278,
	19.5029 66.0222,
	19.5029 65.7984,
	"/>
</Transform>

<Transform dim="0"
 xcoef=" 0 1 0 0 0 0"
 ycoef=" 0 0 1 0 0 0">
<Contour name="TB0_Nuc04_EM" hidden="false" closed="true" simplified="true" border="0 0.717647 0.180392" fill="0 1 1" mode="9"
 points="26.9524 64.5834,
	27.0803 64.5195,
	27.3361 64.4875,
	27.4639 64.4875,
	27.9755 64.7753,
	28.2313 64.9351,
	28.3592 65.031,
	28.3911 65.1589,
	28.3592 65.1909,
	28.4551 65.4467,
	28.4871 65.7025,
	28.519 65.8303,
	28.551 65.8943,
	28.4551 65.9902,
	27.9755 65.5106,
	27.4639 65.1589,
	27.3361 65.127,
	27.1123 64.9032,
	26.9524 64.6474,
	26.9524 64.6154,
	"/>
<Contour name="TB0_Nuc04_EM" hidden="false" closed="true" simplified="true" border="0 0.717647 0.180392" fill="0 1 1" mode="9"
 points="18.5757 71.1377,
	18.7995 70.8819,
	19.0553 70.786,
	19.1832 70.754,
	19.3111 70.786,
	19.5669 70.9778,
	19.7267 71.2336,
	19.7907 71.3615,
	19.7587 71.6173,
	19.6628 71.8731,
	19.5669 72.0009,
	19.439 72.0649,
	19.1832 72.0329,
	19.0553 72.0009,
	18.9914 72.0009,
	18.7676 71.7771,
	18.6077 71.5214,
	18.5757 71.2656,
	18.5757 71.1697,
	"/>
</Transform>

<Transform dim="0"
 xcoef=" 0 1 0 0 0 0"
 ycoef=" 0 0 1 0 0 0">
<Contour name="TB0_Nuc11_EM" hidden="false" closed="true" simplified="true" border="0.823529 0 0" fill="0 1 0" mode="9"
 points="19.192 57.6698,
	19.2389 57.4824,
	19.4029 57.2949,
	19.5201 57.1074,
	19.8482 56.7559,
	20.0356 56.6153,
	20.1762 56.4279,
	20.3403 56.2873,
	20.434 56.2404,
	20.5043 56.1467,
	20.6918 56.0529,
	20.7855 56.0295,
	20.9495 55.9123,
	21.0433 55.842,
	21.4182 55.8186,
	21.512 55.7952,
	21.676 55.9123,
	21.8635 55.9358,
	22.2384 55.7717,
	22.4259 55.678,
	22.8008 55.7249,
	22.8945 55.7483,
	23.0351 55.9358,
	23.082 56.0295,
	23.082 56.1232,
	23.0586 56.1467,
	23.0351 56.1232,
	23.0351 56.4982,
	23.082 56.6856,
	23.1757 56.7091,
	23.3632 56.6622,
	23.5507 56.6856,
	23.6444 56.6856,
	24.0193 56.8497,
	24.1599 57.0371,
	24.3474 57.4121,
	24.4411 57.5995,
	24.4411 57.6464,
	24.488 57.6933,
	24.8161 58.4431,
	24.9567 58.8181,
	25.027 59.568,
	25.027 59.7554,
	24.9567 59.9429,
	24.8864 60.3178,
	24.7223 60.4819,
	24.5349 60.5756,
	23.785 60.6225,
	23.5975 60.7865,
	23.4101 60.8334,
	23.3163 60.9037,
	23.2929 60.9974,
	23.2226 61.0677,
	23.1289 61.0911,
	22.379 60.9505,
	22.0041 60.9271,
	21.6291 61.0443,
	21.4417 61.1614,
	21.0667 61.302,
	20.8792 61.302,
	20.7855 61.3255,
	20.598 61.2786,
	20.4106 61.1849,
	20.3168 61.138,
	20.1528 60.9505,
	20.0356 60.7865,
	19.9185 60.0366,
	19.8482 59.2868,
	19.7076 58.9118,
	19.5201 58.5369,
	19.4967 58.4431,
	19.3795 58.2557,
	19.3326 58.2088,
	19.3326 58.1619,
	19.2623 58.0682,
	19.192 57.6933,
	"/>
<Contour name="TB0_Nuc11_EM" hidden="false" closed="true" simplified="true" border="0.823529 0 0" fill="0 1 0" mode="9"
 points="19.3561 56.0998,
	19.3795 55.9123,
	19.4498 55.7249,
	19.5201 55.6311,
	19.567 55.4437,
	19.5435 54.6938,
	19.5904 54.5063,
	19.6841 54.3189,
	19.7779 54.272,
	19.8716 54.1783,
	20.0591 54.108,
	20.2465 54.108,
	20.6215 54.2017,
	20.9964 54.4595,
	21.3714 54.6235,
	21.5588 54.6704,
	21.9338 54.8813,
	22.3087 55.0453,
	22.4727 55.1625,
	22.4962 55.3499,
	22.4024 55.5374,
	22.215 55.6546,
	22.1212 55.678,
	22.0275 55.7483,
	21.84 55.7249,
	21.6526 55.7483,
	21.5588 55.7952,
	21.3714 55.7952,
	21.1839 55.842,
	21.137 55.842,
	21.0433 55.9123,
	20.6683 56.0529,
	20.4809 56.1701,
	20.1059 56.3341,
	19.9185 56.4513,
	19.5435 56.4044,
	19.3795 56.2404,
	19.3561 56.1467,
	19.3561 56.1232,
	"/>
</Transform>

<Transform dim="0"
 xcoef=" 0 1 0 0 0 0"
 ycoef=" 0 0 1 0 0 0">
<Contour name="TB2_AP14_EM" hidden="false" closed="true" simplified="true" border="0 1 0" fill="0 1 0" mode="9"
 points="67.2232 61.5417,
	67.3597 60.7478,
	67.4589 59.9538,
	67.4713 59.7554,
	67.4341 59.3584,
	67.4217 59.3088,
	67.4465 59.2095,
	67.5582 59.0111,
	67.8435 58.6141,
	67.9303 58.5149,
	67.9799 58.4652,
	68.0296 58.366,
	68.042 58.2668,
	68.042 58.2171,
	68.1288 58.1179,
	68.1536 58.0931,
	68.3521 58.0807,
	69.146 58.1179,
	69.3445 58.1179,
	69.543 58.0559,
	69.7415 58.0187,
	69.94 58.0062,
	70.3369 58.0311,
	70.5354 58.0187,
	70.6346 58.0187,
	70.6843 58.0062,
	71.0812 58.0435,
	71.4782 58.0559,
	72.2721 58.0187,
	72.4706 58.0062,
	72.6691 58.0187,
	72.7683 58.0435,
	72.9668 58.1303,
	73.3638 58.366,
	73.5622 58.5025,
	73.7607 58.5893,
	73.86 58.6265,
	73.9592 58.6885,
	74.046 58.7754,
	74.1701 58.9738,
	74.2569 59.0731,
	74.3562 59.2716,
	74.3934 59.3708,
	74.4182 59.3832,
	74.4678 59.3708,
	74.5671 59.4328,
	74.6539 59.6313,
	74.6911 59.8298,
	74.7531 59.929,
	74.8028 59.9787,
	74.84 60.0779,
	74.8524 60.1771,
	74.7903 60.9711,
	74.7655 61.0703,
	74.6663 61.2688,
	74.6043 61.6658,
	74.6043 61.7154,
	74.505 61.9139,
	74.381 62.1123,
	74.3438 62.2116,
	74.3314 62.3108,
	74.3314 62.3604,
	74.381 62.4597,
	74.4058 62.4721,
	74.4554 62.4349,
	74.505 62.4473,
	74.505 62.5465,
	74.4802 62.5961,
	74.4306 62.6333,
	74.4058 62.6333,
	74.3562 62.6706,
	74.2817 62.869,
	74.2445 62.9187,
	74.1453 62.9683,
	74.1205 62.9931,
	74.0957 63.0923,
	74.0833 63.142,
	74.0336 63.1916,
	73.9344 63.2412,
	73.9096 63.266,
	73.8848 63.266,
	73.8228 63.3653,
	73.7855 63.5637,
	73.7855 63.7622,
	73.8228 63.9607,
	73.8103 64.1592,
	73.7731 64.3577,
	73.7607 64.5561,
	73.6987 64.7546,
	73.4382 65.1392,
	73.4134 65.1268,
	73.2521 65.3129,
	73.0536 65.4741,
	72.9048 65.6726,
	72.8303 65.7718,
	72.7311 65.8463,
	72.6319 65.8711,
	72.4334 65.9827,
	72.2349 66.1192,
	72.1357 66.1812,
	71.9372 66.268,
	71.7387 66.3053,
	71.3417 66.2804,
	71.1432 66.268,
	70.9448 66.2804,
	70.7463 66.3425,
	70.647 66.3797,
	70.5478 66.4417,
	70.3493 66.5037,
	69.9524 66.5037,
	69.7539 66.5037,
	69.7043 66.5161,
	69.5058 66.4417,
	69.3073 66.4665,
	69.2081 66.4789,
	69.1584 66.4665,
	69.1336 66.4665,
	69.0344 66.3797,
	68.9848 66.3425,
	68.9351 66.3301,
	68.8359 66.3673,
	68.7367 66.3549,
	68.5382 66.268,
	68.4513 66.1812,
	68.3893 66.082,
	68.2901 66.0199,
	68.1536 65.8339,
	68.1412 65.7842,
	68.104 65.7346,
	68.0172 65.3377,
	67.9675 64.9407,
	67.8807 64.5437,
	67.8683 64.4445,
	67.8311 64.3949,
	67.7691 64.1964,
	67.6822 63.9979,
	67.6574 63.9731,
	67.645 63.9235,
	67.583 63.8242,
	67.5458 63.725,
	67.5086 63.6754,
	67.4961 63.5761,
	67.5086 63.4769,
	67.583 63.2784,
	67.5954 63.2288,
	67.6078 63.2164,
	67.521 63.0179,
	67.4837 62.8194,
	67.4713 62.6209,
	67.4341 62.4225,
	67.2977 62.0255,
	67.248 61.827,
	67.2232 61.6285,
	67.2232 61.5789,
	67.2232 61.5541,
	"/>
</Transform>

<Transform dim="0"
 xcoef=" 0 1 0 0 0 0"
 ycoef=" 0 0 1 0 0 0">
<Contour name="TB2_AP14_EM" hidden="false" closed="true" simplified="true" border="0 1 0" fill="0 1 0" mode="9"
 points="64.7748 17.9914,
	64.9022 17.5385,
	65.0013 17.312,
	65.0438 17.1987,
	65.0862 17.1421,
	65.0862 17.1138,
	65.1287 17.0572,
	65.2136 16.8307,
	65.2702 16.7174,
	65.2986 16.6891,
	65.2986 16.6608,
	65.4401 16.4343,
	65.5109 16.3211,
	65.6241 16.2079,
	65.8506 16.0521,
	65.9072 16.0238,
	66.1196 15.8115,
	66.1762 15.6983,
	66.2186 15.6416,
	66.2894 15.4152,
	66.3036 15.3019,
	66.346 15.1887,
	66.4168 15.0754,
	66.6292 14.8773,
	66.7282 14.764,
	66.7849 14.6508,
	66.8698 14.5375,
	66.8981 14.4809,
	67.2803 14.0704,
	67.4785 13.8581,
	67.6483 13.6457,
	67.8465 13.4193,
	67.9456 13.306,
	68.0588 13.0795,
	68.1296 12.9663,
	68.1721 12.9097,
	68.2287 12.8814,
	68.3419 12.8955,
	68.4552 12.938,
	68.5684 13.0229,
	68.6251 13.0512,
	68.8515 13.2494,
	68.9223 13.3626,
	68.9648 13.4051,
	68.9648 13.4334,
	68.9931 13.4617,
	69.0356 13.575,
	69.0214 14.0279,
	68.9789 14.2544,
	68.9648 14.3677,
	68.9223 14.4243,
	68.7383 14.8773,
	68.6109 15.1037,
	68.5684 15.1604,
	68.4977 15.3868,
	68.4693 15.4435,
	68.4693 15.4718,
	68.441 15.5001,
	68.3986 15.6133,
	68.3844 15.67,
	68.1155 16.1229,
	67.8182 16.5759,
	67.5493 17.0289,
	67.3935 17.2554,
	67.3228 17.3686,
	67.1104 17.5809,
	66.9972 17.68,
	66.9689 17.7083,
	66.7424 17.7791,
	66.5159 17.8782,
	66.4027 17.9348,
	66.1762 18.0905,
	65.9639 18.3028,
	65.8506 18.4019,
	65.6241 18.5435,
	65.5109 18.6143,
	65.4543 18.6567,
	65.341 18.685,
	65.2278 18.6709,
	65.1712 18.6567,
	65.1428 18.6284,
	65.0862 18.6143,
	64.973 18.5293,
	64.8314 18.3028,
	64.789 18.1896,
	64.7748 18.0764,
	64.7748 18.0197,
	64.7748 18.0056,
	"/>
</Transform>

<Transform dim="0"
 xcoef=" 0 1 0 0 0 0"
 ycoef=" 0 0 1 0 0 0">
<Contour name="TB3_Nuc03_EM" hidden="false" closed="true" simplified="true" border="0 1 0" fill="0 1 0" mode="9"
 points="89.6248 50.3047,
	89.6872 49.9718,
	89.8744 49.3061,
	89.9576 48.9732,
	90.1032 48.6404,
	90.1449 48.4739,
	90.2073 48.3907,
	90.3321 48.0578,
	90.7066 47.3921,
	91.1435 46.7264,
	91.2683 46.5599,
	91.3099 46.4767,
	91.5804 46.1438,
	91.7468 45.9774,
	92.0172 45.7278,
	92.1005 45.6653,
	92.1837 45.6445,
	92.2253 45.6029,
	92.891 45.4157,
	93.2239 45.3533,
	93.8896 45.2909,
	94.2225 45.3325,
	94.5554 45.4157,
	94.7218 45.5405,
	94.8674 45.707,
	94.9714 45.8734,
	95.1171 46.0398,
	95.2211 46.1855,
	95.5332 46.4975,
	95.5956 46.5807,
	95.762 47.2465,
	95.8036 47.3297,
	95.8244 47.6626,
	95.8452 47.7458,
	95.762 48.4115,
	95.6788 48.7444,
	95.658 48.9108,
	95.554 49.2437,
	95.4083 49.5766,
	95.3043 49.743,
	95.2627 49.7846,
	95.2211 49.7846,
	95.0755 50.1175,
	95.0131 50.2839,
	94.5762 50.9496,
	94.5138 51.0328,
	94.4929 51.1161,
	94.3265 51.2825,
	94.0769 51.6154,
	93.744 51.9274,
	93.6816 52.0106,
	93.5151 52.0939,
	93.4319 52.1563,
	93.3903 52.1563,
	93.0575 52.4059,
	92.891 52.4891,
	92.5582 52.5724,
	92.4749 52.5724,
	92.1421 52.6972,
	92.0588 52.7388,
	91.3931 52.7804,
	91.2267 52.7596,
	90.8938 52.6348,
	90.5817 52.3851,
	90.2697 52.0731,
	90.0408 51.7818,
	89.8328 51.4489,
	89.708 51.1161,
	89.6248 50.7832,
	89.6248 50.4503,
	89.6248 50.3671,
	89.6248 50.3255,
	"/>
</Transform>

<Transform dim="0"
 xcoef=" 0 1 0 0 0 0"
 ycoef=" 0 0 1 0 0 0">
<Contour name="TB3_Nuc08_EM" hidden="false" closed="true" simplified="true" border="0 1 0" fill="0 1 0" mode="9"
 points="85.5373 63.4771,
	85.6579 62.7048,
	85.6821 62.5117,
	85.8269 62.1255,
	85.9476 61.9325,
	86.1165 61.7876,
	86.1889 61.7152,
	86.9613 61.5946,
	87.0578 61.6428,
	87.1302 61.7394,
	87.1544 61.8359,
	87.1302 61.9325,
	86.9613 62.1014,
	86.8647 62.198,
	86.7682 62.2462,
	86.5751 62.4152,
	86.2131 62.6807,
	86.2131 62.7289,
	86.3096 62.7531,
	86.4062 62.7048,
	86.5027 62.7048,
	86.8889 62.4393,
	87.0578 62.2462,
	87.1544 62.1738,
	87.3475 62.1497,
	87.5405 62.1738,
	87.6371 62.2462,
	87.7336 62.2704,
	87.9267 62.4634,
	88.1439 63.2358,
	88.1922 63.3323,
	88.1922 63.7185,
	88.2163 63.8151,
	88.2163 63.8633,
	88.3853 64.0564,
	88.6025 64.4426,
	88.7232 64.8288,
	88.7956 65.2149,
	88.9163 65.6011,
	88.9404 65.9873,
	88.9163 66.1804,
	88.6749 66.5665,
	88.7473 66.7596,
	88.6991 66.9527,
	88.4336 67.3389,
	88.3612 67.532,
	88.337 67.725,
	88.337 67.8216,
	87.9508 67.8457,
	87.8543 67.8699,
	87.4681 67.725,
	87.082 67.4354,
	86.6958 67.3147,
	86.5268 67.1217,
	86.4303 66.9286,
	86.4062 66.832,
	86.3579 66.7838,
	86.2855 66.5907,
	86.2131 66.2045,
	86.2131 66.108,
	85.9476 65.7459,
	85.851 65.6494,
	85.6821 65.2632,
	85.5373 63.7185,
	85.5373 63.5254,
	85.5373 63.5013,
	"/>
</Transform>

<Transform dim="0"
 xcoef=" 0 1 0 0 0 0"
 ycoef=" 0 0 1 0 0 0">
<Contour name="TB3_Nuc33_EM" hidden="false" closed="true" simplified="true" border="0 1 1" fill="0 1 1" mode="9"
 points="98.0959 29.3458,
	98.1256 29.2273,
	98.1256 29.1088,
	98.2589 28.6348,
	98.3478 28.3978,
	98.3774 28.3385,
	98.3774 28.3089,
	98.407 28.2792,
	98.407 28.2496,
	98.5552 28.0126,
	98.7477 27.7904,
	98.8366 27.6867,
	98.8811 27.6571,
	98.9996 27.5534,
	99.1181 27.4941,
	99.2366 27.4645,
	99.4736 27.3312,
	99.7106 27.3164,
	99.9476 27.2719,
	100.185 27.3015,
	100.422 27.3756,
	100.54 27.4645,
	100.659 27.5237,
	100.718 27.5386,
	100.836 27.6274,
	100.866 27.6867,
	100.866 27.7163,
	100.955 27.82,
	101.014 27.8793,
	101.103 28.1163,
	101.133 28.2348,
	101.251 28.4718,
	101.266 28.7088,
	101.355 29.1829,
	101.355 29.3014,
	101.236 29.5384,
	101.192 29.5977,
	101.162 29.6273,
	101.162 29.6569,
	101.073 29.7606,
	101.014 29.8791,
	100.822 30.1161,
	100.599 30.3087,
	100.362 30.4717,
	100.244 30.5457,
	100.125 30.5902,
	100.066 30.6198,
	100.007 30.605,
	99.9773 30.605,
	99.9328 30.5605,
	99.8736 30.5754,
	99.8143 30.5605,
	99.7995 30.3235,
	99.7699 30.2643,
	99.6514 30.205,
	99.6217 30.205,
	99.5921 30.1754,
	99.5329 30.1606,
	99.4292 30.205,
	99.3255 30.3235,
	99.207 30.368,
	99.1773 30.3828,
	99.0588 30.3383,
	98.8218 30.3087,
	98.5848 30.2346,
	98.4663 30.205,
	98.407 30.1754,
	98.2885 30.0569,
	98.1996 29.9384,
	98.1108 29.7014,
	98.0959 29.4643,
	98.0959 29.3606,
	"/>
</Transform>

<Transform dim="0"
 xcoef=" 0 1 0 0 0 0"
 ycoef=" 0 0 1 0 0 0">
<Contour name="TB3_Nuc34_EM" hidden="false" closed="true" simplified="true" border="0 1 1" fill="0 1 1" mode="9"
 points="92.1891 39.6641,
	92.3468 38.9433,
	92.4594 38.5829,
	92.527 38.4028,
	92.6396 38.2226,
	92.7072 38.0424,
	92.7297 37.682,
	92.7072 37.5018,
	92.7522 37.3216,
	92.9549 36.9612,
	93.2478 36.6009,
	93.3604 36.4207,
	93.4054 36.3306,
	93.4054 35.9702,
	93.4955 35.6098,
	94.1712 34.1683,
	94.3289 33.8079,
	94.4415 33.6278,
	94.5992 33.4476,
	94.6893 33.3575,
	94.8469 32.9971,
	95.1172 32.6367,
	95.2298 32.4565,
	95.365 32.0961,
	95.3875 32.0061,
	95.5677 31.8484,
	95.7479 31.7358,
	95.9281 31.5781,
	96.0407 31.3979,
	96.1983 31.0375,
	96.2209 30.9474,
	96.5362 30.6096,
	96.7164 30.542,
	96.8966 30.6096,
	96.9867 30.6772,
	97.0092 30.7673,
	97.0993 30.8348,
	97.2795 30.8573,
	97.4597 30.9249,
	97.5948 31.1051,
	97.6399 31.2853,
	97.6849 31.3754,
	97.6624 31.7358,
	97.6173 31.916,
	97.3245 32.2763,
	97.1443 32.4115,
	97.0542 32.5016,
	97.0092 32.5917,
	97.0317 33.3124,
	96.9641 33.6728,
	96.8966 33.853,
	96.7389 34.0332,
	96.6939 34.0782,
	96.6038 34.0557,
	96.5362 33.9656,
	96.4011 33.6052,
	96.3785 33.2449,
	96.4912 32.8845,
	96.5362 32.7043,
	96.5137 32.6142,
	96.5137 32.5691,
	96.4686 32.5241,
	96.2659 32.8619,
	96.1983 33.0421,
	96.2434 33.4025,
	96.2659 33.5827,
	96.4011 33.9431,
	96.5812 34.3035,
	96.5587 34.4836,
	96.4912 34.6638,
	96.4686 34.7089,
	96.5137 34.7539,
	96.5587 34.7314,
	96.6488 34.7765,
	96.6713 34.8666,
	96.6263 35.0467,
	96.5812 35.1368,
	96.6488 35.8576,
	96.6263 36.218,
	96.5812 36.3982,
	96.5587 37.1189,
	96.4686 37.8397,
	96.311 38.5604,
	96.1758 38.9208,
	96.1082 39.2812,
	96.1308 39.4614,
	96.2209 39.6416,
	96.2209 39.8217,
	96.0632 40.1821,
	96.0857 40.3623,
	96.0632 40.5425,
	95.9956 40.7227,
	95.9731 40.8128,
	95.8154 40.993,
	95.7253 41.0155,
	95.6353 41.0831,
	95.5452 41.1056,
	95.1848 40.9704,
	95.0046 40.993,
	94.9145 41.0155,
	94.7343 41.1732,
	94.6442 41.2407,
	94.464 41.2858,
	94.3739 41.3083,
	94.3289 41.3083,
	94.2838 41.2633,
	94.1036 41.1957,
	94.0136 41.1506,
	93.7883 40.7903,
	93.7207 40.6101,
	93.6982 40.4299,
	93.4955 40.0695,
	93.3153 39.9344,
	92.9549 39.9118,
	92.7748 39.9794,
	92.5946 40.092,
	92.4144 40.1146,
	92.2342 39.9569,
	92.1891 39.8668,
	92.1891 39.6866,
	"/>
</Transform>

<Transform dim="0"
 xcoef=" 0 1 0 0 0 0"
 ycoef=" 0 0 1 0 0 0">
<Contour name="TB3_Nuc35_EM" hidden="false" closed="true" simplified="true" border="0 1 0" fill="0 1 0" mode="9"
 points="101.445 31.8572,
	101.521 31.7358,
	101.582 31.7055,
	101.658 31.584,
	101.688 31.5537,
	101.703 31.4323,
	101.688 31.3109,
	101.658 31.2501,
	101.658 31.0073,
	101.688 30.8859,
	101.734 30.8252,
	101.81 30.5823,
	101.81 30.3395,
	101.825 30.2181,
	101.825 30.1574,
	101.855 30.0967,
	101.855 30.036,
	101.946 29.7931,
	102.113 29.5503,
	102.371 29.0646,
	102.417 28.9432,
	102.629 28.7004,
	102.872 28.503,
	103.115 28.3968,
	103.176 28.3816,
	103.418 28.4423,
	103.479 28.4272,
	103.54 28.3816,
	103.661 28.3513,
	103.783 28.3665,
	103.904 28.3361,
	104.025 28.3513,
	104.147 28.3968,
	104.39 28.5486,
	104.511 28.5941,
	104.572 28.6093,
	104.693 28.5638,
	104.936 28.3968,
	105.133 28.154,
	105.285 27.9111,
	105.407 27.7897,
	105.528 27.7442,
	105.649 27.729,
	105.771 27.7745,
	105.892 27.8656,
	105.938 27.9111,
	105.938 27.9415,
	106.029 28.0629,
	106.059 28.0933,
	106.302 28.1236,
	106.363 28.1084,
	106.484 28.1236,
	106.727 28.0933,
	107.213 28.1084,
	107.456 28.1084,
	107.577 28.1236,
	107.638 28.1388,
	107.865 28.3209,
	107.896 28.4423,
	107.774 28.928,
	107.698 29.0494,
	107.577 29.1709,
	107.547 29.2012,
	107.562 29.2619,
	107.623 29.2771,
	108.108 29.1709,
	108.23 29.1557,
	108.29 29.1557,
	108.321 29.1557,
	108.427 29.2771,
	108.442 29.5199,
	108.427 29.7628,
	108.488 30.0056,
	108.533 30.127,
	108.548 30.2484,
	108.518 30.3699,
	108.26 30.8555,
	108.169 31.0984,
	108.108 31.2198,
	107.881 31.4626,
	107.759 31.5537,
	107.729 31.6144,
	107.623 31.7358,
	107.38 31.9028,
	107.319 31.9483,
	107.198 31.9331,
	107.076 31.8876,
	106.833 31.7358,
	106.712 31.7055,
	106.59 31.7206,
	106.53 31.7358,
	106.332 31.9331,
	106.211 31.9483,
	106.09 31.9179,
	105.847 31.7662,
	105.604 31.6599,
	105.361 31.6448,
	105.24 31.6599,
	104.754 31.6296,
	104.268 31.6751,
	104.025 31.6751,
	103.904 31.7358,
	103.843 31.751,
	103.601 31.9483,
	103.358 32.1001,
	103.115 32.2822,
	102.872 32.3884,
	102.751 32.4188,
	102.629 32.525,
	102.568 32.5858,
	102.447 32.6465,
	102.204 32.8741,
	102.144 32.9197,
	102.113 32.95,
	101.992 32.9652,
	101.931 32.9652,
	101.81 32.9045,
	101.734 32.6616,
	101.597 32.4188,
	101.506 32.2974,
	101.476 32.2367,
	101.445 31.9938,
	101.445 31.8724,
	"/>
</Transform>

<Transform dim="0"
 xcoef=" 0 1 0 0 0 0"
 ycoef=" 0 0 1 0 0 0">
<Contour name="TB3_Nuc36_EM" hidden="false" closed="true" simplified="true" border="0 1 1" fill="0 1 1" mode="9"
 points="98.9299 39.2465,
	99.0006 38.8691,
	99.0478 38.6804,
	99.1893 38.303,
	99.2129 38.2794,
	99.3308 37.9021,
	99.3544 37.8549,
	99.378 37.6662,
	99.378 37.5719,
	99.4251 37.3832,
	99.5077 37.1945,
	99.5549 37.1002,
	99.5902 37.053,
	99.5902 37.0294,
	99.72 36.8407,
	99.8733 36.652,
	100.05 36.4751,
	100.121 36.4044,
	100.31 36.2511,
	100.345 36.2275,
	100.534 36.0506,
	100.569 36.0034,
	100.628 35.8148,
	100.758 35.6379,
	100.935 35.4728,
	101.3 35.2251,
	101.489 35.0718,
	101.536 35.0246,
	101.654 34.8359,
	101.689 34.7416,
	101.713 34.718,
	101.713 34.6944,
	101.772 34.6001,
	101.961 34.435,
	102.149 34.3171,
	102.196 34.2935,
	102.22 34.2699,
	102.244 34.2699,
	102.338 34.2109,
	102.527 34.152,
	102.621 34.1402,
	102.81 34.0694,
	102.904 34.034,
	102.928 34.0105,
	102.951 34.0105,
	102.998 33.9633,
	103.034 33.8689,
	103.093 33.7864,
	103.14 33.751,
	103.163 33.751,
	103.187 33.7274,
	103.942 33.4916,
	104.319 33.3854,
	104.697 33.3265,
	105.074 33.3029,
	105.263 33.2911,
	105.31 33.3029,
	105.333 33.3029,
	105.404 33.3972,
	105.428 33.409,
	105.439 33.5034,
	105.381 33.692,
	105.345 33.7864,
	105.333 33.8336,
	105.31 33.8571,
	105.286 33.9515,
	105.263 33.9751,
	105.204 34.3524,
	105.156 34.5411,
	105.133 34.5647,
	105.109 34.6591,
	105.086 34.6826,
	105.074 34.7298,
	105.039 34.777,
	105.027 34.8242,
	104.897 35.0128,
	104.826 35.1072,
	104.649 35.2959,
	104.579 35.3902,
	104.484 35.4846,
	104.39 35.5435,
	104.366 35.5435,
	104.189 35.6732,
	103.824 36.027,
	103.458 36.3454,
	103.364 36.4044,
	103.187 36.5813,
	103.093 36.6756,
	103.022 36.77,
	102.987 36.8171,
	102.987 36.8407,
	102.951 36.8879,
	102.951 36.9115,
	102.928 36.9351,
	102.916 36.9822,
	102.892 37.0058,
	102.727 37.3832,
	102.704 37.4068,
	102.704 37.4304,
	102.621 37.5247,
	102.621 37.5483,
	102.444 37.7252,
	102.255 37.8785,
	102.161 37.9493,
	102.079 38.0436,
	102.02 38.1379,
	101.996 38.1615,
	101.996 38.1851,
	101.89 38.3738,
	101.807 38.5625,
	101.748 38.7512,
	101.713 38.8455,
	101.678 38.8927,
	101.654 38.9163,
	101.642 38.9634,
	101.607 39.0106,
	101.583 39.0342,
	101.571 39.0814,
	101.454 39.27,
	101.43 39.2936,
	101.43 39.3172,
	101.371 39.4116,
	101.347 39.4351,
	101.347 39.4587,
	101.229 39.6474,
	101.194 39.6946,
	101.17 39.7182,
	101.17 39.7418,
	100.864 40.1191,
	100.793 40.2135,
	100.77 40.2606,
	100.722 40.3078,
	100.699 40.355,
	100.522 40.5437,
	100.333 40.6498,
	100.239 40.6852,
	99.8615 40.7206,
	99.6728 40.7206,
	99.4841 40.6852,
	99.2954 40.6262,
	99.2718 40.6262,
	99.1893 40.5437,
	99.1657 40.4965,
	99.1421 40.4729,
	99.036 40.0955,
	98.977 39.9069,
	98.9416 39.7182,
	98.9299 39.3408,
	98.9299 39.2583,
	"/>
</Transform>

<Transform dim="0"
 xcoef=" 0 1 0 0 0 0"
 ycoef=" 0 0 1 0 0 0">
<Contour name="TB3_Nuc40_EM" hidden="false" closed="true" simplified="true" border="0 1 0" fill="0 1 0" mode="9"
 points="117.901 34.4166,
	118.043 34.2928,
	118.326 34.1689,
	118.397 34.1512,
	118.68 33.9743,
	118.715 33.9389,
	118.733 33.7973,
	118.609 33.5142,
	118.379 33.2311,
	118.291 33.1072,
	118.255 32.9656,
	118.273 32.6825,
	118.308 32.541,
	118.414 32.3994,
	118.485 32.3463,
	118.556 32.2048,
	118.538 32.0632,
	118.556 31.9216,
	118.574 31.8509,
	118.981 31.2846,
	119.529 30.7715,
	119.795 30.5061,
	119.865 30.453,
	120.007 30.4176,
	120.078 30.3822,
	120.219 30.4176,
	120.502 30.3645,
	120.786 30.2052,
	121.069 29.9929,
	121.352 29.9044,
	121.635 29.8513,
	121.776 29.8336,
	121.918 29.8513,
	121.989 29.8867,
	122.06 29.9575,
	122.13 30.0991,
	122.219 30.3822,
	122.272 30.6653,
	122.307 30.8069,
	122.325 31.09,
	122.272 31.6562,
	122.237 31.9393,
	122.042 32.5056,
	121.953 32.7887,
	121.918 32.8595,
	121.918 32.8949,
	121.865 32.9656,
	121.812 33.2488,
	121.776 33.3903,
	121.741 33.4611,
	121.723 33.7442,
	121.653 34.0273,
	121.546 34.3105,
	121.458 34.452,
	121.21 34.6821,
	121.069 34.7528,
	120.927 34.7882,
	120.786 34.8944,
	120.644 34.9652,
	120.573 35.0006,
	120.538 35.036,
	120.502 35.036,
	120.361 35.1421,
	120.078 35.266,
	119.954 35.3545,
	119.883 35.4252,
	119.848 35.4606,
	119.812 35.4606,
	119.582 35.6907,
	119.441 35.7791,
	119.158 35.7968,
	118.875 35.7437,
	118.733 35.7261,
	118.662 35.673,
	118.591 35.3899,
	118.609 35.1067,
	118.609 34.9652,
	118.591 34.8944,
	118.326 34.8059,
	118.291 34.7705,
	118.255 34.7705,
	117.972 34.6113,
	117.919 34.5405,
	117.901 34.4697,
	117.901 34.4343,
	"/>
</Transform>

<Transform dim="0"
 xcoef=" 0 1 0 0 0 0"
 ycoef=" 0 0 1 0 0 0">
<Contour name="TB3_Nuc56_EM" hidden="false" closed="true" simplified="true" border="1 0 0" fill="1 0 0" mode="9"
 points="101.138 25.6324,
	101.186 25.5381,
	101.28 25.4909,
	101.469 25.5617,
	101.563 25.5853,
	101.657 25.5381,
	101.728 25.4438,
	101.728 25.3494,
	101.634 25.1608,
	101.61 24.9722,
	101.846 24.5949,
	101.987 24.4062,
	102.082 24.3119,
	102.129 24.2647,
	102.317 24.2647,
	102.459 24.4534,
	102.648 24.6184,
	102.836 24.6892,
	103.025 24.5713,
	102.86 24.4298,
	102.789 24.3355,
	102.813 24.2411,
	102.813 24.194,
	102.883 24.0997,
	103.072 24.0053,
	103.166 23.911,
	103.19 23.8167,
	103.143 23.7224,
	102.954 23.6516,
	102.765 23.6516,
	102.671 23.6752,
	102.482 23.8403,
	102.388 23.911,
	102.2 23.8874,
	102.105 23.7931,
	102.034 23.4158,
	102.105 23.0385,
	102.223 22.8499,
	102.6 22.6141,
	102.789 22.5905,
	102.978 22.5197,
	103.355 22.2603,
	103.544 22.0717,
	103.756 21.6944,
	103.85 21.5058,
	103.992 21.3171,
	104.062 21.2228,
	104.157 21.1756,
	104.204 21.152,
	104.393 21.2464,
	104.487 21.2935,
	104.581 21.2935,
	104.77 21.3879,
	105.147 21.4586,
	105.336 21.4822,
	105.454 21.6472,
	105.524 21.8359,
	105.572 21.9302,
	105.642 22.6848,
	105.619 23.0621,
	105.454 23.4394,
	105.359 23.5337,
	105.265 23.5573,
	105.076 23.463,
	104.888 23.4158,
	104.793 23.4394,
	104.746 23.5337,
	104.793 23.7224,
	105.124 24.0997,
	105.289 24.477,
	105.336 24.6656,
	105.359 24.7599,
	105.312 24.9486,
	105.194 25.1372,
	105.124 25.3259,
	105.076 25.4202,
	105.147 25.7975,
	105.124 25.9861,
	105.029 26.1748,
	104.841 26.2455,
	104.487 26.5285,
	104.534 26.7171,
	104.51 26.9058,
	104.133 27.1888,
	103.945 27.3774,
	103.19 27.684,
	103.001 27.7783,
	102.813 27.7547,
	102.624 27.684,
	102.435 27.684,
	102.247 27.6132,
	102.082 27.4246,
	101.987 27.2359,
	101.964 27.1416,
	101.775 26.9529,
	101.586 26.835,
	101.469 26.6464,
	101.233 25.8918,
	101.138 25.7032,
	101.138 25.656,
	"/>
</Transform>

<Transform dim="0"
 xcoef=" 0 1 0 0 0 0"
 ycoef=" 0 0 1 0 0 0">
<Contour name="TB3_AP04_EM" hidden="false" closed="true" simplified="true" border="1 0 0" fill="1 0 1" mode="9"
 points="94.1438 65.7122,
	94.2013 65.4819,
	94.2445 65.3668,
	94.2877 65.3093,
	94.3884 65.2373,
	94.4459 65.1942,
	94.4747 65.1366,
	94.5754 65.0215,
	94.6186 64.9064,
	94.9351 64.446,
	95.1078 63.9855,
	95.1366 63.928,
	95.2517 63.8273,
	95.3668 63.7553,
	95.4819 63.6546,
	95.5395 63.6258,
	95.6546 63.5107,
	95.7697 63.4244,
	95.7985 63.4244,
	95.8992 63.3237,
	96.0143 63.2661,
	96.115 63.1798,
	96.2301 63.0647,
	96.2589 63.0359,
	96.2589 63.0071,
	96.3021 62.9496,
	96.4316 62.4891,
	96.5179 62.2589,
	96.5754 62.2014,
	96.6905 62.2158,
	96.6762 62.446,
	96.6762 62.4748,
	96.7337 62.5179,
	96.8488 62.4748,
	96.9064 62.446,
	96.9351 62.3884,
	96.9639 62.4172,
	97.0071 62.6474,
	97.0215 62.8776,
	96.9927 63.1078,
	96.8632 63.5683,
	96.8632 63.6834,
	96.82 63.9136,
	96.7913 64.0287,
	96.6042 64.4891,
	96.4603 64.7194,
	96.3884 64.8345,
	96.3596 64.9496,
	96.3596 65.0071,
	96.3884 65.0359,
	96.4891 64.9352,
	96.5179 64.9208,
	96.5323 64.9783,
	96.4891 65.0935,
	96.4603 65.1222,
	96.4603 65.151,
	96.4172 65.2086,
	96.374 65.3237,
	96.3596 65.3812,
	96.2877 65.4819,
	96.1869 65.5539,
	95.9567 65.6402,
	95.8416 65.7122,
	95.7697 65.8129,
	95.7409 65.8704,
	95.6834 65.928,
	95.4675 66.0863,
	95.2805 66.2733,
	95.2517 66.3021,
	95.1798 66.5323,
	95.1366 66.6474,
	95.0503 66.7481,
	94.9495 66.8057,
	94.892 66.8488,
	94.8632 66.8488,
	94.8057 66.892,
	94.7481 66.9064,
	94.6905 66.892,
	94.6186 66.8201,
	94.6186 66.7913,
	94.4603 66.5611,
	94.3884 66.446,
	94.3452 66.3309,
	94.3308 66.1006,
	94.3308 65.9855,
	94.3308 65.928,
	94.3021 65.8704,
	94.2733 65.856,
	94.2445 65.8704,
	94.1869 65.8417,
	94.1582 65.7841,
	94.1582 65.7265,
	"/>
</Transform>

<Transform dim="0"
 xcoef=" 0 1 0 0 0 0"
 ycoef=" 0 0 1 0 0 0">
<Contour name="TB3_AP04_EM" hidden="false" closed="true" simplified="true" border="1 0 0" fill="1 0 1" mode="9"
 points="118.279 19.1484,
	118.335 18.8521,
	118.316 18.5558,
	118.372 18.2595,
	118.464 17.9632,
	118.464 17.6669,
	118.464 17.5187,
	118.538 17.2224,
	118.575 17.0743,
	118.612 17.0002,
	118.631 16.852,
	118.668 16.778,
	118.724 16.4817,
	118.761 16.3335,
	118.909 16.0372,
	119.113 15.7594,
	119.15 15.6854,
	119.15 15.6483,
	119.205 15.5743,
	119.224 15.5002,
	119.427 15.2039,
	119.575 15.0928,
	119.65 15.0372,
	119.687 15.0002,
	119.724 15.0002,
	119.983 15.2409,
	120.057 15.278,
	120.205 15.2409,
	120.353 15.1483,
	120.501 15.0187,
	120.613 14.8705,
	120.668 14.7224,
	120.705 14.4261,
	120.724 14.352,
	120.853 14.2224,
	121.001 14.2039,
	121.298 14.2965,
	121.446 14.2779,
	121.52 14.2594,
	121.594 14.2965,
	121.705 14.8891,
	121.724 15.0372,
	121.705 15.1854,
	121.575 15.4817,
	121.52 15.5557,
	121.483 15.5928,
	121.483 15.6298,
	121.372 15.778,
	121.279 16.0743,
	121.224 16.3706,
	121.205 16.5187,
	121.15 16.6669,
	121.15 16.7039,
	121.113 16.7409,
	121.057 16.8891,
	120.927 17.0372,
	120.872 17.1113,
	120.835 17.1483,
	120.816 17.2224,
	120.65 17.5187,
	120.613 17.5558,
	120.594 17.6298,
	120.501 17.778,
	120.242 18.0743,
	120.131 18.2224,
	120.094 18.3706,
	120.075 18.4447,
	120.094 18.5928,
	120.02 18.8891,
	119.89 19.1854,
	119.742 19.778,
	119.687 19.9262,
	119.687 20.0002,
	119.575 20.2965,
	119.446 20.8891,
	119.335 21.1854,
	119.316 21.3336,
	119.279 21.4077,
	119.168 22.0003,
	119.113 22.5929,
	119.094 22.6114,
	119.057 22.4817,
	118.909 22.6114,
	118.835 22.6669,
	118.816 22.6855,
	118.798 22.6114,
	118.872 22.4632,
	118.872 22.1669,
	118.853 22.1299,
	118.909 21.8336,
	118.853 21.5373,
	118.835 21.3891,
	118.742 21.0928,
	118.724 20.9447,
	118.742 20.6484,
	118.724 20.5002,
	118.557 20.2039,
	118.501 19.9076,
	118.483 19.8336,
	118.372 19.6854,
	118.353 19.5373,
	118.298 19.3891,
	118.279 19.241,
	118.279 19.1669,
	"/>
</Transform>

<Transform dim="0"
 xcoef=" 0 1 0 0 0 0"
 ycoef=" 0 0 1 0 0 0">
<Contour name="TB3_AP05_EM" hidden="false" closed="true" simplified="true" border="0 1 1" fill="0 1 1" mode="9"
 points="102.339 45.4291,
	102.511 45.035,
	102.856 44.7147,
	103.029 44.5422,
	103.127 44.4437,
	103.25 44.2959,
	103.571 43.9263,
	103.915 43.6553,
	104.113 43.5322,
	104.211 43.4336,
	104.186 43.2365,
	104.186 43.1873,
	104.236 43.138,
	104.31 43.2119,
	104.359 43.409,
	104.359 43.5075,
	104.433 43.7046,
	104.531 43.7539,
	104.605 43.8524,
	104.63 43.951,
	104.556 44.1481,
	104.285 44.5422,
	104.162 44.7393,
	103.965 44.9118,
	103.768 44.9364,
	103.718 44.9118,
	103.62 44.9364,
	103.423 45.0842,
	103.324 45.1828,
	103.127 45.2321,
	103.078 45.2813,
	103.102 45.3552,
	103.201 45.3306,
	103.3 45.3552,
	103.324 45.4045,
	103.275 45.5031,
	103.078 45.6262,
	102.684 45.7741,
	102.487 45.8233,
	102.437 45.8233,
	102.363 45.7248,
	102.339 45.5277,
	102.339 45.4538,
	"/>
</Transform>

<Transform dim="0"
 xcoef=" 0 1 0 0 0 0"
 ycoef=" 0 0 1 0 0 0">
<Contour name="TB3_AP04_EM" hidden="false" closed="true" simplified="true" border="1 0 0" fill="1 0 0" mode="9"
 points="100.388 42.3006,
	100.57 41.6504,
	100.713 41.3253,
	100.916 40.6752,
	101.18 40.025,
	101.322 39.6999,
	101.505 39.3749,
	101.627 39.2123,
	101.79 38.8873,
	102.054 38.5825,
	102.379 38.3184,
	102.541 38.1762,
	102.602 38.0949,
	102.623 38.0136,
	103.049 37.3635,
	103.232 37.0384,
	103.74 36.3882,
	103.984 36.0632,
	104.106 35.9006,
	104.756 35.413,
	104.878 35.2505,
	104.959 35.1692,
	105.162 34.8441,
	105.243 34.6816,
	105.467 34.3565,
	105.751 34.0314,
	105.812 33.8689,
	106.016 33.5438,
	106.056 33.4625,
	106.381 33.1984,
	106.706 33.0156,
	107.031 32.914,
	107.356 32.7108,
	107.682 32.4264,
	108.007 32.2232,
	108.657 31.9794,
	108.982 31.8372,
	109.307 31.7762,
	110.607 31.3089,
	111.257 31.1057,
	111.582 30.9635,
	111.664 30.9432,
	111.826 30.8213,
	112.476 30.6181,
	112.801 30.4759,
	112.964 30.415,
	113.045 30.3946,
	113.086 30.3743,
	113.106 30.4556,
	113.106 30.4962,
	112.944 30.6588,
	112.619 30.8619,
	112.334 31.187,
	112.09 31.5121,
	111.887 31.8372,
	111.887 31.8778,
	111.826 31.9387,
	111.806 31.9184,
	111.664 32.2435,
	111.481 32.5686,
	111.176 33.2187,
	110.79 33.8689,
	110.506 34.519,
	110.181 35.1692,
	109.937 35.8193,
	109.896 35.799,
	109.855 35.8397,
	109.795 36.0022,
	109.693 36.1647,
	109.632 36.246,
	109.612 36.3273,
	109.551 36.4085,
	109.53 36.4898,
	109.49 36.5305,
	109.469 36.6117,
	109.226 36.9368,
	109.022 37.2619,
	108.697 37.5666,
	108.454 37.8917,
	108.352 38.0542,
	108.21 38.2168,
	108.21 38.2574,
	107.925 38.5825,
	107.803 38.745,
	107.742 38.8263,
	107.702 38.8669,
	107.682 38.9482,
	107.621 39.0295,
	107.58 39.0701,
	107.58 39.1107,
	107.031 39.7609,
	106.95 39.9234,
	106.666 40.2485,
	105.365 41.1222,
	105.04 41.3253,
	104.878 41.4066,
	104.553 41.691,
	104.39 41.8333,
	103.74 42.2802,
	103.415 42.4834,
	103.09 42.7475,
	102.44 43.3367,
	102.277 43.4586,
	101.952 43.5602,
	101.79 43.6009,
	101.627 43.5602,
	100.977 43.1742,
	100.896 43.1539,
	100.814 43.0929,
	100.774 43.0523,
	100.733 43.0523,
	100.591 42.8898,
	100.51 42.8085,
	100.51 42.7679,
	100.469 42.7272,
	100.469 42.6866,
	100.428 42.646,
	100.388 42.4834,
	100.388 42.3209,
	"/>
</Transform>

<Transform dim="0"
 xcoef=" 0 1 0 0 0 0"
 ycoef=" 0 0 1 0 0 0">
<Contour name="TB1_NF14_RSL" hidden="false" closed="true" simplified="true" border="0.501961 0 1" fill="0.501961 0 1" mode="-9"
 points="33.6558 42.1309,
	33.6995 41.5717,
	33.6908 41.5018,
	33.6995 41.4319,
	33.7694 41.3883,
	33.8393 41.362,
	33.9092 41.3533,
	33.9441 41.3533,
	34.0053 41.4145,
	34.0228 41.4145,
	34.0665 41.4844,
	34.0927 41.5543,
	34.1189 41.8339,
	34.1101 41.9736,
	34.1014 42.0435,
	34.1101 42.1134,
	34.0927 42.2532,
	34.049 42.393,
	34.049 42.428,
	34.0315 42.4629,
	33.9966 42.4891,
	33.8568 42.5066,
	33.8218 42.5241,
	33.7519 42.4979,
	33.7082 42.428,
	33.6733 42.393,
	33.6558 42.3231,
	33.6558 42.1833,
	33.6558 42.1484,
	33.6558 42.1397,
	"/>
</Transform>

<Transform dim="0"
 xcoef=" 0 1 0 0 0 0"
 ycoef=" 0 0 1 0 0 0">
<Contour name="TB1_AP47_atM02_RSL" hidden="false" closed="true" simplified="true" border="1 0 0" fill="1 0 0" mode="-9"
 points="32.4271 38.1427,
	32.5423 37.6511,
	32.5577 37.5281,
	32.5654 37.4667,
	32.573 37.436,
	32.6268 37.3745,
	32.6576 37.3591,
	32.719 37.3668,
	32.8266 37.482,
	32.865 37.5435,
	32.888 37.605,
	32.9418 38.0966,
	33.0109 38.5883,
	33.0724 38.8341,
	33.1108 38.9571,
	33.1339 39.08,
	33.1569 39.1414,
	33.2107 39.3873,
	33.2337 39.4487,
	33.3029 39.9404,
	33.4104 40.4321,
	33.5641 40.9237,
	33.5794 40.9391,
	33.518 40.6933,
	33.5026 40.6318,
	33.4949 40.6011,
	33.4872 40.5857,
	33.4949 40.5703,
	33.5717 40.8162,
	33.6255 41.062,
	33.6947 41.5537,
	33.6486 42.0453,
	33.6102 42.2912,
	33.5871 42.4141,
	33.5717 42.4756,
	33.5717 42.4909,
	33.5103 42.514,
	33.4488 42.5063,
	33.4181 42.4986,
	33.4027 42.4986,
	33.3413 42.4525,
	33.3182 42.4218,
	33.3029 42.4064,
	33.3029 42.3911,
	33.2568 42.3296,
	33.1953 42.2067,
	33.1723 42.1452,
	33.1569 42.1145,
	33.1415 42.0991,
	33.1415 42.0838,
	33.1185 42.053,
	33.1108 42.0223,
	33.0878 41.9916,
	32.9802 41.7457,
	32.9648 41.715,
	32.9648 41.6996,
	32.9418 41.6689,
	32.8573 41.4231,
	32.7421 40.9314,
	32.7036 40.8085,
	32.6191 40.3168,
	32.55 39.8252,
	32.527 39.7022,
	32.4962 39.2106,
	32.4962 38.9647,
	32.4885 38.8418,
	32.4501 38.596,
	32.4271 38.3502,
	32.4271 38.2272,
	32.4271 38.1658,
	32.4271 38.1504,
	"/>
</Transform>

<Transform dim="0"
 xcoef=" 0 1 0 0 0 0"
 ycoef=" 0 0 1 0 0 0">
<Contour name="TB1_NF15_RSL" hidden="false" closed="true" simplified="true" border="1 0.501961 0.752941" fill="1 0.501961 0.752941" mode="-9"
 points="32.9558 37.8973,
	33.0109 37.6034,
	33.0201 37.4564,
	33.0384 37.4472,
	33.1854 37.5299,
	33.3232 37.6585,
	33.4701 37.7595,
	33.5344 37.8146,
	33.5987 37.8881,
	33.6355 37.9249,
	33.6538 37.9616,
	33.7181 38.0351,
	33.7457 38.0718,
	33.7732 38.0902,
	33.8284 38.1545,
	33.9018 38.2188,
	33.9753 38.2647,
	34.1131 38.3933,
	34.1774 38.4668,
	34.2049 38.5035,
	34.2233 38.5219,
	34.2417 38.5954,
	34.2233 38.8893,
	34.2233 39.0363,
	34.2968 39.6241,
	34.2876 39.6976,
	34.2417 39.7711,
	34.2141 39.8445,
	34.2141 39.918,
	34.2509 40.065,
	34.2692 40.1384,
	34.2692 40.2854,
	34.2509 40.3038,
	34.2233 40.267,
	34.1498 40.4048,
	34.1039 40.5518,
	34.1315 40.8457,
	34.1406 40.9192,
	34.1315 40.9927,
	34.0672 41.1396,
	34.0304 41.2131,
	33.9753 41.2866,
	33.9386 41.3141,
	33.8651 41.3233,
	33.7916 41.2866,
	33.7273 41.2315,
	33.6906 41.2039,
	33.6263 41.057,
	33.5344 40.763,
	33.4885 40.4691,
	33.4242 40.3222,
	33.3783 40.0282,
	33.2864 39.7343,
	33.2497 39.6608,
	33.1119 39.073,
	33.0936 38.926,
	33.066 38.8526,
	33.0568 38.7791,
	33.0293 38.7056,
	33.0017 38.4117,
	32.9833 38.2647,
	32.965 38.1912,
	32.9558 37.9065,
	"/>
</Transform>

<Transform dim="0"
 xcoef=" 0 1 0 0 0 0"
 ycoef=" 0 0 1 0 0 0">
<Contour name="TB1_NF17_RSL" hidden="false" closed="true" simplified="true" border="0.501961 0.501961 0.752941" fill="0.501961 0.501961 0.752941" mode="-9"
 points="36.357 61.7911,
	36.3887 61.7067,
	36.3992 61.6644,
	36.4414 61.6222,
	36.5259 61.6222,
	36.5681 61.6222,
	36.6525 61.6961,
	36.6736 61.6961,
	36.6947 61.7172,
	36.7791 61.7489,
	36.8214 61.7594,
	36.8636 61.7911,
	37.2013 61.8966,
	37.3701 61.9388,
	37.539 62.0338,
	37.6234 62.076,
	37.6656 62.1077,
	37.7079 62.1182,
	37.729 62.1393,
	37.8134 62.1605,
	37.8556 62.171,
	37.8767 62.1921,
	37.9189 62.2027,
	38.0772 62.3293,
	38.1617 62.4032,
	38.32 62.5193,
	38.4888 62.6143,
	38.6471 62.7303,
	38.7949 62.8781,
	38.911 63.0258,
	38.9637 63.1103,
	39.0165 63.2791,
	39.0376 63.6168,
	39.0482 63.7857,
	39.0376 63.9546,
	39.0165 63.9968,
	38.8476 64.0073,
	38.7632 63.9968,
	38.5944 63.9335,
	38.2566 63.8701,
	38.0878 63.8279,
	37.9189 63.8174,
	37.7501 63.7329,
	37.5812 63.6274,
	37.4124 63.5746,
	37.2435 63.543,
	37.2013 63.5535,
	37.0324 63.5324,
	36.9902 63.5219,
	36.8214 63.4163,
	36.7369 63.3741,
	36.5786 63.2369,
	36.5259 63.1525,
	36.5048 63.0681,
	36.5048 62.9836,
	36.5681 62.8148,
	36.5892 62.6459,
	36.5681 62.5615,
	36.5153 62.4771,
	36.5048 62.4348,
	36.4836 62.4243,
	36.4836 62.3399,
	36.4625 62.2554,
	36.4625 62.2132,
	36.3992 62.0444,
	36.3676 61.9599,
	36.357 61.8016,
	"/>
</Transform>

<Transform dim="0"
 xcoef=" 0 1 0 0 0 0"
 ycoef=" 0 0 1 0 0 0">
<Contour name="TB1_NF20_RSL" hidden="false" closed="true" simplified="true" border="1 0.501961 1" fill="1 0.501961 1" mode="-9"
 points="23.8347 47.1084,
	23.8621 46.6706,
	23.8758 46.5612,
	23.8894 46.5064,
	23.9305 46.4517,
	24.0399 46.4106,
	24.2589 46.397,
	24.3136 46.3833,
	24.3683 46.397,
	24.3957 46.397,
	24.6146 46.5748,
	24.7241 46.6296,
	24.8335 46.7117,
	25.0388 46.9306,
	25.1209 47.04,
	25.1619 47.1495,
	25.1893 47.3684,
	25.2166 47.4779,
	25.285 47.5873,
	25.3261 47.6421,
	25.3261 47.6694,
	25.4903 47.8883,
	25.4903 47.9157,
	25.5587 48.0252,
	25.5861 48.0799,
	25.5861 48.1073,
	25.6271 48.162,
	25.7092 48.3809,
	25.7502 48.4904,
	25.7639 48.5451,
	25.7913 48.5725,
	25.9828 49.0103,
	26.0239 49.1198,
	26.0513 49.1471,
	26.1334 49.366,
	26.1744 49.4755,
	26.2154 49.6807,
	26.2702 49.6534,
	26.2975 49.6671,
	26.2154 49.7765,
	26.2018 49.8312,
	26.1607 49.886,
	26.106 49.8997,
	25.9965 49.8723,
	25.7776 49.7491,
	25.6955 49.6534,
	25.6545 49.5986,
	25.6545 49.5713,
	25.5724 49.4618,
	25.5313 49.4208,
	25.5313 49.3934,
	25.504 49.3797,
	25.504 49.3524,
	25.3261 49.1471,
	25.2166 49.0513,
	24.9977 48.9008,
	24.8062 48.7093,
	24.7241 48.6135,
	24.6146 48.5041,
	24.5599 48.4767,
	24.5325 48.4493,
	24.5051 48.4493,
	24.2999 48.2988,
	24.2178 48.1894,
	24.1768 48.0799,
	24.0536 47.861,
	23.9715 47.7515,
	23.9442 47.6968,
	23.9168 47.6694,
	23.9031 47.6147,
	23.8758 47.5873,
	23.8347 47.3684,
	23.8347 47.1495,
	23.8347 47.1221,
	"/>
</Transform>

<Transform dim="0"
 xcoef=" 0 1 0 0 0 0"
 ycoef=" 0 0 1 0 0 0">
<Contour name="TB1_NF22_RSL" hidden="false" closed="true" simplified="true" border="0.502 0.502 0" fill="0.502 0.502 0" mode="-9"
 points="41.2506 41.0191,
	41.3931 40.9122,
	41.5356 40.93,
	41.8206 41.0369,
	42.1055 41.2328,
	42.1768 41.304,
	42.2124 41.4465,
	42.1233 41.5534,
	42.0699 41.6246,
	41.7849 41.5712,
	41.6424 41.5,
	41.3575 41.2506,
	41.2684 41.1081,
	41.2506 41.0369,
	"/>
<Contour name="TB1_NF22_RSL" hidden="false" closed="true" simplified="true" border="0.502 0.502 0" fill="0.502 0.502 0" mode="-9"
 points="42.907 41.5356,
	42.9783 41.3931,
	43.0317 41.3218,
	43.1742 41.304,
	43.4592 41.4109,
	43.7085 41.6603,
	43.9401 41.9452,
	43.9935 42.0877,
	43.9935 42.2302,
	43.9935 42.3015,
	43.9579 42.3727,
	43.9223 42.4083,
	43.7798 42.4083,
	43.6373 42.3727,
	43.4948 42.3015,
	43.0139 41.8027,
	42.9248 41.6603,
	42.907 41.589,
	42.907 41.5534,
	"/>
</Transform>

<Transform dim="0"
 xcoef=" 0 1 0 0 0 0"
 ycoef=" 0 0 1 0 0 0">
<Contour name="TB1_AP13_atM06_RSL" hidden="false" closed="true" simplified="true" border="1 0 0" fill="1 0 0" mode="-9"
 points="36.8061 61.4703,
	36.8518 61.4095,
	36.8822 61.379,
	36.9431 61.3562,
	37.0039 61.3486,
	37.1256 61.3714,
	37.3691 61.4703,
	37.3843 61.4855,
	37.4452 61.5007,
	37.506 61.5388,
	37.5669 61.592,
	37.6506 61.7062,
	37.6658 61.7366,
	37.6582 61.8583,
	37.643 61.8887,
	37.5821 61.9268,
	37.5212 61.9192,
	37.4908 61.9192,
	37.2474 61.8507,
	37.1865 61.8279,
	37.1561 61.8203,
	37.1409 61.8203,
	37.1104 61.7898,
	36.9887 61.7442,
	36.9735 61.7442,
	36.9126 61.6986,
	36.8518 61.6377,
	36.8213 61.5768,
	36.8061 61.5464,
	36.8061 61.4855,
	36.8061 61.4779,
	"/>
</Transform>

<Transform dim="0"
 xcoef=" 0 1 0 0 0 0"
 ycoef=" 0 0 1 0 0 0">
<Contour name="TB1_NF22_RSL" hidden="false" closed="true" simplified="true" border="0.501961 0.501961 0" fill="0.501961 0.501961 0" mode="-9"
 points="34.9194 62.1931,
	34.9422 62.0713,
	35.0031 61.9496,
	35.0411 61.8887,
	35.0563 61.8659,
	35.1552 61.7442,
	35.1857 61.7138,
	35.2465 61.6757,
	35.3074 61.6225,
	35.3606 61.5007,
	35.3835 61.379,
	35.4291 61.3182,
	35.5356 61.2193,
	35.5965 61.1964,
	35.7182 61.1888,
	35.7486 61.1888,
	35.8095 61.2269,
	35.8704 61.2421,
	35.9312 61.2801,
	35.9464 61.2801,
	36.0073 61.3258,
	36.1062 61.4475,
	36.1595 61.5084,
	36.1823 61.5388,
	36.2127 61.6605,
	36.2508 61.904,
	36.2812 62.3909,
	36.2812 62.5126,
	36.2736 62.543,
	36.2812 62.5734,
	36.3344 62.6191,
	36.3573 62.6799,
	36.3573 62.7104,
	36.342 62.7408,
	36.3116 62.7636,
	36.2964 62.7788,
	36.2355 62.8017,
	36.1138 62.8777,
	35.8704 62.9766,
	35.7486 63.0071,
	35.7182 63.0071,
	35.5965 62.9386,
	35.5661 62.9158,
	35.5508 62.9006,
	35.5356 62.9006,
	35.4139 62.8321,
	35.353 62.8017,
	35.2313 62.7104,
	35.1705 62.6647,
	35.1248 62.6191,
	35.0868 62.5582,
	35.0335 62.4974,
	34.965 62.3756,
	34.927 62.2539,
	34.9194 62.2007,
	"/>
</Transform>

<Transform dim="0"
 xcoef=" 0 1 0 0 0 0"
 ycoef=" 0 0 1 0 0 0">
<Contour name="TB1_NF22_RSL" hidden="false" closed="true" simplified="true" border="0.502 0.502 0" fill="0.502 0.502 0" mode="-9"
 points="36.455 70.7797,
	36.4994 70.6377,
	36.526 70.5667,
	36.5704 70.4957,
	36.5793 70.4601,
	36.6592 70.3181,
	36.6858 70.2471,
	36.7035 70.2116,
	36.7035 70.1939,
	36.8899 69.9098,
	36.9432 69.8388,
	36.9787 69.8033,
	37.1207 69.7412,
	37.2627 69.7412,
	37.3338 69.7767,
	37.4669 69.8921,
	37.5024 69.9276,
	37.5202 69.9631,
	37.5912 70.0252,
	37.7332 70.0341,
	37.7687 70.043,
	37.7865 70.043,
	37.8575 70.1051,
	37.9018 70.1761,
	37.9462 70.3181,
	37.9551 70.3891,
	37.9551 70.4246,
	37.9373 70.4601,
	37.9107 70.4246,
	37.8575 70.2826,
	37.8131 70.2116,
	37.7421 70.2382,
	37.7066 70.256,
	37.6799 70.2915,
	37.6888 70.3625,
	37.7332 70.5045,
	37.7243 70.5755,
	37.6622 70.6377,
	37.5202 70.6732,
	37.4492 70.6732,
	37.4136 70.6909,
	37.4048 70.6998,
	37.4225 70.7353,
	37.3071 70.8773,
	37.2361 71.0194,
	37.1917 71.0904,
	37.1207 71.1525,
	36.9787 71.2413,
	36.8367 71.3123,
	36.7657 71.3478,
	36.6947 71.3389,
	36.5704 71.2146,
	36.526 71.1436,
	36.4994 71.0016,
	36.455 70.8596,
	36.455 70.7886,
	"/>
</Transform>

<Transform dim="0"
 xcoef=" 0 1 0 0 0 0"
 ycoef=" 0 0 1 0 0 0">
<Contour name="TB1_AP58_RSL" hidden="false" closed="true" simplified="true" border="0.502 0 0" fill="0.502 0 0" mode="9"
 points="34.1113 40.2265,
	34.2332 39.9015,
	34.2941 39.5764,
	34.3144 39.2513,
	34.2535 38.6012,
	34.2332 38.2761,
	34.2332 38.1949,
	34.2332 38.1542,
	34.3144 38.0933,
	34.477 38.1136,
	34.5582 38.1339,
	34.6192 38.2152,
	34.7411 38.8653,
	34.8223 39.1904,
	34.863 39.8405,
	34.9036 40.003,
	34.9239 40.0843,
	34.9239 40.1249,
	35.0661 40.2875,
	35.2084 40.9376,
	35.2693 41.5877,
	35.2896 41.9128,
	35.3709 42.2378,
	35.4318 42.888,
	35.3303 43.0505,
	35.1677 43.1724,
	35.1271 43.1927,
	35.0458 43.1724,
	34.9646 43.1114,
	34.8833 42.9489,
	34.6598 41.6487,
	34.5582 41.3236,
	34.477 41.2627,
	34.4363 41.222,
	34.2738 41.1611,
	34.1925 41.0798,
	34.1722 40.7547,
	34.2332 40.4297,
	34.2535 40.389,
	34.1722 40.3687,
	34.1316 40.3687,
	34.1113 40.2875,
	34.1113 40.2468,
	"/>
</Transform>

<Transform dim="0"
 xcoef=" 0 1 0 0 0 0"
 ycoef=" 0 0 1 0 0 0">
<Contour name="TB1_NF55_RSL" hidden="false" closed="true" simplified="true" border="0.501961 0 0" fill="0.501961 0 0" mode="-9"
 points="37.7778 20.5944,
	37.7873 20.5563,
	37.7968 20.5372,
	37.9493 20.4419,
	38.016 20.3752,
	38.0636 20.299,
	38.0779 20.2228,
	38.0732 20.218,
	38.0446 20.2561,
	38.0398 20.2514,
	38.0827 20.1751,
	38.097 20.1561,
	38.097 20.1466,
	38.1113 20.1275,
	38.1208 20.118,
	38.1684 19.9655,
	38.178 19.9465,
	38.1637 19.9084,
	38.1398 19.8703,
	38.1351 19.8321,
	38.1351 19.8226,
	38.1541 19.8083,
	38.2304 19.8036,
	38.2399 19.8036,
	38.2589 19.7845,
	38.2732 19.7464,
	38.278 19.7083,
	38.2732 19.6702,
	38.2685 19.6511,
	38.278 19.6321,
	38.2971 19.6178,
	38.3066 19.6082,
	38.3161 19.6082,
	38.3256 19.5987,
	38.3637 19.594,
	38.3828 19.5892,
	38.4019 19.594,
	38.4304 19.6273,
	38.4447 19.6654,
	38.4495 19.8179,
	38.4495 19.8941,
	38.4304 20.0465,
	38.4162 20.1227,
	38.4114 20.1609,
	38.3828 20.2371,
	38.3733 20.2466,
	38.3733 20.2561,
	38.359 20.2752,
	38.3352 20.3514,
	38.3352 20.3705,
	38.3256 20.38,
	38.3066 20.5324,
	38.2971 20.6087,
	38.2923 20.6468,
	38.278 20.6849,
	38.2542 20.723,
	38.2208 20.7563,
	38.1446 20.7706,
	37.9922 20.7706,
	37.9159 20.7659,
	37.8969 20.7611,
	37.8874 20.7611,
	37.8492 20.7373,
	37.8302 20.7278,
	37.7921 20.6897,
	37.7921 20.6801,
	37.7826 20.6706,
	37.7778 20.5991,
	"/>
</Transform>

<Transform dim="0"
 xcoef=" 0 1 0 0 0 0"
 ycoef=" 0 0 1 0 0 0">
<Contour name="TB1_NF55_RSL" hidden="false" closed="true" simplified="true" border="0.502 0 0" fill="0.502 0 0" mode="-9"
 points="37.3556 20.1146,
	37.3857 19.9218,
	37.3978 19.8736,
	37.44 19.7772,
	37.452 19.7652,
	37.458 19.7411,
	37.5725 19.5483,
	37.5845 19.5242,
	37.5845 19.5121,
	37.5966 19.5061,
	37.5966 19.4941,
	37.6267 19.4459,
	37.6689 19.4097,
	37.693 19.3856,
	37.7894 19.3495,
	37.8375 19.3374,
	37.8857 19.3374,
	37.9339 19.3796,
	37.9821 19.3977,
	37.9942 19.4097,
	38.0183 19.4158,
	38.0665 19.4519,
	38.0966 19.5001,
	38.1147 19.5242,
	38.1508 19.6206,
	38.1568 19.717,
	38.1448 19.8134,
	38.1388 19.8615,
	38.1327 19.8856,
	38.1448 19.9338,
	38.1448 19.9579,
	38.1448 19.97,
	38.1568 19.976,
	38.1448 20.0001,
	38.1207 20.0242,
	38.1086 20.0483,
	38.1086 20.0724,
	38.0966 20.0965,
	38.0785 20.1929,
	38.0363 20.2893,
	38.0062 20.3254,
	37.9219 20.4097,
	37.8255 20.476,
	37.7773 20.5061,
	37.6809 20.5122,
	37.5845 20.4941,
	37.5363 20.476,
	37.5243 20.476,
	37.5122 20.464,
	37.5002 20.464,
	37.452 20.4278,
	37.44 20.4278,
	37.4219 20.4037,
	37.4159 20.3796,
	37.3797 20.3375,
	37.3616 20.2893,
	37.3556 20.1929,
	37.3556 20.1447,
	37.3556 20.1206,
	"/>
</Transform>

<Transform dim="0"
 xcoef=" 0 1 0 0 0 0"
 ycoef=" 0 0 1 0 0 0">
<Contour name="TB1_NF55_RSL" hidden="false" closed="true" simplified="true" border="0.502 0 0" fill="0.502 0 0" mode="-9"
 points="42.2894 20.2591,
	42.3195 20.1628,
	42.3496 19.97,
	42.3677 19.9218,
	42.3978 19.8736,
	42.4821 19.8134,
	42.5785 19.7832,
	42.6026 19.7832,
	42.6267 19.7953,
	42.6749 19.8013,
	42.699 19.8073,
	42.7472 19.8435,
	42.8255 19.9338,
	42.8436 19.982,
	42.8556 20.0784,
	42.8677 20.464,
	42.8496 20.5603,
	42.8135 20.6085,
	42.8135 20.6206,
	42.7352 20.711,
	42.7231 20.723,
	42.7111 20.723,
	42.6629 20.7591,
	42.6147 20.7832,
	42.5665 20.7832,
	42.5183 20.7652,
	42.4821 20.735,
	42.434 20.6989,
	42.3918 20.6507,
	42.3617 20.6025,
	42.3376 20.5061,
	42.3436 20.482,
	42.2894 20.2893,
	42.2894 20.2652,
	"/>
</Transform>

<Transform dim="0"
 xcoef=" 0 1 0 0 0 0"
 ycoef=" 0 0 1 0 0 0">
<Contour name="TB1_AP13_RSL_LYS" hidden="false" closed="true" simplified="true" border="0 0 0" fill="1 1 0" mode="-9"
 points="42.7943 52.5089,
	42.9045 52.4144,
	42.9675 52.4459,
	42.999 52.4774,
	42.999 52.5089,
	42.9518 52.5718,
	42.8888 52.6033,
	42.8573 52.6191,
	42.8101 52.5561,
	42.7943 52.5246,
	"/>
<Contour name="TB1_AP13_RSL_LYS" hidden="false" closed="true" simplified="true" border="0 0 0" fill="1 1 0" mode="-9"
 points="44.542 55.2799,
	44.6522 55.1697,
	44.6837 55.1382,
	44.9356 55.154,
	45.1875 55.2327,
	45.1875 55.2642,
	45.2348 55.3272,
	45.2505 55.3901,
	45.2033 55.6421,
	45.1718 55.768,
	45.0931 55.8782,
	45.0616 55.9412,
	44.9986 55.9884,
	44.9356 55.9412,
	44.8726 55.9412,
	44.8097 55.9097,
	44.7782 55.9255,
	44.6679 55.8153,
	44.6207 55.7523,
	44.542 55.5004,
	44.542 55.3744,
	44.542 55.3114,
	44.542 55.2957,
	"/>
<Contour name="TB1_AP13_RSL_LYS" hidden="false" closed="true" simplified="true" border="0 0 0" fill="1 1 0" mode="-9"
 points="42.4794 56.0829,
	42.5424 55.957,
	42.6526 55.8467,
	42.7156 55.831,
	42.8416 55.9097,
	43.0462 56.1616,
	43.0777 56.2246,
	42.999 56.3506,
	42.8888 56.4608,
	42.6369 56.4765,
	42.5739 56.4765,
	42.5109 56.445,
	42.4794 56.3191,
	42.4794 56.1931,
	42.4794 56.1302,
	42.4794 56.0987,
	"/>
<Contour name="TB1_AP13_RSL_LYS" hidden="false" closed="true" simplified="true" border="0 0 0" fill="1 1 0" mode="-9"
 points="41.8811 56.9016,
	41.9756 56.7757,
	42.0386 56.7127,
	42.1645 56.6655,
	42.2905 56.6655,
	42.4164 56.7127,
	42.4794 56.7442,
	42.5424 56.7442,
	42.5896 56.7757,
	42.6684 56.9016,
	42.6211 57.1536,
	42.5896 57.2795,
	42.5739 57.3425,
	42.322 57.5157,
	42.196 57.5629,
	42.1645 57.5629,
	41.9284 57.3425,
	41.8811 57.2165,
	41.8811 56.9646,
	41.8811 56.9174,
	"/>
<Contour name="TB1_AP13_RSL_LYS" hidden="false" closed="true" simplified="true" border="0 0 0" fill="1 1 0" mode="-9"
 points="43.5816 58.6651,
	43.6918 58.5548,
	43.9437 58.5076,
	44.0067 58.5076,
	44.0382 58.4919,
	44.1326 58.6021,
	44.2743 58.854,
	44.3058 58.917,
	44.3216 58.9485,
	44.2114 59.2004,
	44.1799 59.2161,
	44.1484 59.2004,
	44.0224 59.2319,
	43.8965 59.2319,
	43.8335 59.2161,
	43.7075 59.1059,
	43.613 58.9957,
	43.5816 58.8697,
	43.5816 58.7438,
	43.5816 58.6808,
	"/>
<Contour name="TB1_AP13_RSL_LYS" hidden="false" closed="true" simplified="true" border="0 0 0" fill="1 1 0" mode="-9"
 points="42.5267 61.0425,
	42.5896 60.7906,
	42.6526 60.6646,
	42.6841 60.6017,
	42.7471 60.5387,
	42.873 60.5544,
	42.999 60.6017,
	43.125 60.6174,
	43.2352 60.7276,
	43.2824 60.7906,
	43.3139 60.9166,
	43.2824 61.1685,
	43.2509 61.2944,
	43.2194 61.3574,
	43.0935 61.4676,
	43.0305 61.4834,
	42.999 61.4991,
	42.936 61.4676,
	42.8101 61.4834,
	42.7471 61.4676,
	42.6684 61.3732,
	42.6369 61.3417,
	42.6369 61.3102,
	42.5896 61.2472,
	42.5581 61.2157,
	42.5267 61.0898,
	42.5267 61.0583,
	"/>
<Contour name="TB1_AP13_RSL_LYS" hidden="false" closed="true" simplified="true" border="0 0 0" fill="1 1 0" mode="-9"
 points="38.9054 59.1532,
	39.0156 59.0429,
	39.1415 58.9642,
	39.2675 58.917,
	39.3934 58.9642,
	39.4564 59.0114,
	39.4564 59.2634,
	39.4407 59.3893,
	39.3934 59.5153,
	39.362 59.5783,
	39.3462 59.6097,
	39.11 59.4523,
	38.9841 59.3736,
	38.9368 59.3106,
	38.9054 59.1846,
	38.9054 59.1689,
	"/>
<Contour name="TB1_AP13_RSL_LYS" hidden="false" closed="true" simplified="true" border="0 0 0" fill="1 1 0" mode="-9"
 points="37.693 59.1846,
	37.8032 59.0744,
	37.9292 59.0587,
	37.9922 59.0744,
	38.1024 59.3263,
	38.1181 59.4523,
	38.1024 59.4838,
	37.8505 59.4838,
	37.7875 59.4838,
	37.7088 59.3578,
	37.693 59.2319,
	37.693 59.2004,
	"/>
</Transform>

</Section>