<?xml version="1.0"?>
<!DOCTYPE Section SYSTEM "section.dtd">

<Section index="609" thickness="0.085" alignLocked="true">
<Transform dim="0"
 xcoef=" 0 1 0 0 0 0"
 ycoef=" 0 0 1 0 0 0">
<Image mag="0.0079" contrast="1" brightness="0" red="true" green="true" blue="true"
 src="Aligned TF21609.tif" />
<Contour name="domain1" hidden="false" closed="true" simplified="false" border="1 0 1" fill="1 0 1" mode="11"
 points="0 0,
	15991 0,
	15991 12171,
	0 12171,
	"/>
</Transform>

<Transform dim="0"
 xcoef=" 0 1 0 0 0 0"
 ycoef=" 0 0 1 0 0 0">
<Contour name="TB2_Shell_EM" hidden="false" closed="true" simplified="true" border="0.733333 1 1" fill="0 1 1" mode="9"
 points="67.9974 33.1956,
	68.1759 32.8386,
	68.1759 32.6602,
	68.8897 32.214,
	69.6036 32.1248,
	70.3175 32.3032,
	70.6745 32.3925,
	70.8529 32.3925,
	71.2099 32.7494,
	70.9422 34.1772,
	70.6745 34.8911,
	70.4067 35.248,
	69.7821 36.6758,
	69.7821 37.0327,
	69.6929 37.1219,
	68.7113 35.6942,
	68.2651 34.9803,
	68.0866 34.6233,
	67.9974 33.2848,
	"/>
</Transform>

<Transform dim="0"
 xcoef=" 0 1 0 0 0 0"
 ycoef=" 0 0 1 0 0 0">
<Contour name="TB3_Nuc48_EM" hidden="false" closed="true" simplified="true" border="1 0 0" fill="1 0 0" mode="9"
 points="98.1086 65.4836,
	98.1553 65.359,
	98.3423 65.1097,
	98.389 64.8604,
	98.5292 64.3618,
	98.7318 63.8633,
	98.8097 63.7386,
	98.8564 63.614,
	98.9655 63.4893,
	99.0901 63.4114,
	99.1524 63.3959,
	99.4017 63.2401,
	99.5264 63.1154,
	99.5575 63.0687,
	99.8068 62.8973,
	100.041 62.6948,
	100.274 62.539,
	100.523 62.5234,
	100.555 62.5234,
	100.788 62.6792,
	100.835 62.7415,
	100.866 62.7727,
	100.851 62.8038,
	100.788 62.8038,
	100.773 62.8194,
	100.882 63.0687,
	100.944 63.5672,
	101.006 63.8165,
	101.038 63.8788,
	101.022 64.1281,
	100.96 64.3774,
	100.913 64.5021,
	100.804 64.6111,
	100.555 64.7669,
	100.492 64.8916,
	100.492 65.1408,
	100.492 65.2655,
	100.383 65.5148,
	100.227 65.7641,
	100.165 65.8887,
	100.072 66.0133,
	99.947 66.1224,
	99.6977 66.2782,
	99.5731 66.3249,
	99.5108 66.3561,
	99.464 66.4184,
	99.4173 66.5431,
	99.3082 66.6521,
	99.2459 66.6833,
	99.2148 66.7144,
	98.7162 66.8235,
	98.5915 66.8858,
	98.5292 66.917,
	98.4046 66.917,
	98.2799 66.8547,
	98.202 66.73,
	98.1865 66.6677,
	98.2332 66.5431,
	98.3111 66.4184,
	98.3423 66.3873,
	98.3267 66.2626,
	98.2176 66.0133,
	98.1553 65.8887,
	98.1086 65.6394,
	98.1086 65.5148,
	98.1086 65.4992,
	"/>
</Transform>

<Transform dim="0"
 xcoef=" 0 1 0 0 0 0"
 ycoef=" 0 0 1 0 0 0">
<Contour name="TB3_Nuc50_EM" hidden="false" closed="true" simplified="true" border="0 1 1" fill="0 1 1" mode="9"
 points="83.8933 63.4545,
	83.9318 63.3004,
	83.9318 63.1463,
	83.9896 62.8381,
	83.9896 62.5299,
	84.1052 61.9134,
	84.2786 61.6052,
	84.3749 61.4511,
	84.9335 60.8347,
	85.2418 60.5843,
	85.3959 60.5265,
	85.7041 60.5072,
	86.3205 60.3338,
	86.3976 60.3531,
	86.4746 60.3338,
	87.0911 60.6228,
	87.3993 60.7769,
	87.7075 60.9695,
	88.0157 61.1236,
	88.0928 61.1622,
	88.401 61.4319,
	88.5358 61.586,
	88.8633 62.2024,
	88.9789 62.5106,
	89.3064 63.1271,
	89.8265 64.3599,
	89.865 64.437,
	89.9036 64.7452,
	89.8843 65.0534,
	89.865 65.2075,
	89.8843 65.5158,
	89.865 65.824,
	89.8458 65.9781,
	89.7302 66.2863,
	89.5953 66.4404,
	89.5376 66.5175,
	89.4798 66.6716,
	88.8826 67.2687,
	88.7285 67.4229,
	88.5744 67.5384,
	88.2662 67.6925,
	88.1891 67.7311,
	87.5727 67.8081,
	87.2644 67.7889,
	86.9562 67.8081,
	86.648 67.7889,
	86.4939 67.7889,
	86.1857 67.654,
	85.8775 67.3651,
	85.6656 67.0568,
	85.5114 66.9605,
	85.2032 66.6716,
	85.0491 66.556,
	84.818 66.2478,
	84.7024 66.0937,
	84.4519 65.4772,
	84.163 64.8608,
	83.9511 64.2444,
	83.8933 63.6279,
	83.8933 63.4738,
	"/>
</Transform>

<Transform dim="0"
 xcoef=" 0 1 0 0 0 0"
 ycoef=" 0 0 1 0 0 0">
<Contour name="TB3_Nuc51_EM" hidden="false" closed="true" simplified="true" border="0 1 1" fill="0 1 1" mode="9"
 points="90.0709 60.1285,
	90.1684 59.9336,
	90.2171 59.8361,
	90.2171 59.7387,
	90.2414 59.6899,
	90.1684 59.495,
	90.1196 59.3976,
	90.1196 59.2027,
	90.3145 59.0078,
	90.3633 58.8129,
	90.3633 58.7154,
	90.3145 58.618,
	90.3389 58.4231,
	90.3145 58.2281,
	90.2658 58.1794,
	90.2902 58.082,
	90.4364 57.8871,
	90.5338 57.814,
	90.7043 57.4242,
	90.8262 57.2536,
	91.0211 57.1318,
	91.216 56.9613,
	91.3378 56.7664,
	91.7276 56.5471,
	91.9225 56.4496,
	92.02 56.4496,
	92.4098 56.3034,
	92.5072 56.2791,
	92.897 56.3522,
	93.0919 56.4984,
	93.2625 56.6933,
	93.4574 56.7664,
	93.5548 56.7664,
	93.9447 57.0831,
	94.0421 57.1805,
	94.237 57.2049,
	94.3345 57.1562,
	94.5294 57.2049,
	94.6999 57.3998,
	94.8948 57.4485,
	94.9923 57.4729,
	95.0897 57.546,
	95.1872 57.5703,
	95.2359 57.6191,
	95.2359 57.814,
	95.1385 58.2038,
	95.1385 58.3012,
	95.2115 58.3987,
	95.4065 58.4961,
	95.5039 58.5205,
	95.6988 58.6667,
	95.7963 58.7398,
	95.8937 58.9347,
	95.7475 59.7143,
	95.7232 59.9092,
	95.5039 60.299,
	95.2846 61.0786,
	95.1872 61.2736,
	94.8461 61.6634,
	94.4563 62.0044,
	94.0665 62.2968,
	93.8716 62.443,
	93.6767 62.4917,
	93.5792 62.4673,
	93.5305 62.443,
	93.3356 62.5161,
	93.1407 62.6866,
	93.0432 62.7841,
	92.6534 62.9546,
	92.4585 63.0033,
	92.361 63.0277,
	92.1661 62.9303,
	92.0687 62.8815,
	91.6789 62.8328,
	91.484 62.8328,
	91.0942 62.711,
	90.7287 62.3455,
	90.6069 62.1506,
	90.5825 61.9557,
	90.4364 61.7608,
	90.2658 61.371,
	90.1684 61.1761,
	90.1927 60.7863,
	90.1927 60.5914,
	90.1927 60.4939,
	90.0709 60.299,
	90.0709 60.2016,
	90.0709 60.1528,
	"/>
</Transform>

<Transform dim="0"
 xcoef=" 0 1 0 0 0 0"
 ycoef=" 0 0 1 0 0 0">
<Contour name="TB3_Nuc52_EM" hidden="false" closed="true" simplified="true" border="0 1 0" fill="0 1 0" mode="9"
 points="82.8959 56.7664,
	82.9568 56.5227,
	82.9568 56.4009,
	83.2005 55.9136,
	83.3223 55.67,
	83.3832 55.6091,
	83.4746 55.7309,
	83.5659 56.2182,
	83.6573 56.34,
	83.7182 56.34,
	83.8095 56.2182,
	83.7486 55.2436,
	83.8095 55,
	83.8705 54.8782,
	83.9923 54.7868,
	84.2359 54.6955,
	84.3577 54.665,
	84.845 54.2691,
	84.9668 54.2082,
	85.0886 54.2691,
	85.1495 54.4823,
	85.0582 54.7259,
	84.9059 54.9696,
	84.7536 55.4568,
	84.845 55.7005,
	85.0582 55.4568,
	85.2713 54.9696,
	85.3627 54.4823,
	85.3018 54.2387,
	85.3323 53.995,
	85.4236 53.8732,
	85.515 53.995,
	85.4845 54.9696,
	85.4541 55.4568,
	85.4845 55.9441,
	85.515 56.1877,
	85.7891 56.675,
	85.9718 56.9186,
	86.2459 57.4059,
	86.4895 57.5582,
	86.6113 57.5277,
	86.6722 57.4059,
	86.6113 57.1623,
	86.4286 56.9186,
	85.9413 56.4923,
	85.8195 56.4009,
	85.6977 56.1573,
	85.6368 55.67,
	85.6672 55.1827,
	85.6977 54.9391,
	85.7282 54.8173,
	85.8195 54.6955,
	86.0631 54.5737,
	86.5504 54.5128,
	86.6722 54.4823,
	87.1595 54.1168,
	87.4031 54.0864,
	87.6468 54.1168,
	88.134 54.4518,
	88.3777 54.3909,
	88.8649 54.5432,
	89.3522 54.7564,
	89.474 54.8173,
	89.5654 54.9391,
	89.6263 55.1827,
	89.5958 55.67,
	89.1999 56.6445,
	89.0781 56.8882,
	89.0476 57.1318,
	89.0781 57.3754,
	89.1695 57.6191,
	89.1086 58.1063,
	88.9563 58.5936,
	88.7431 59.0809,
	88.5908 59.5681,
	88.3777 59.8118,
	88.2558 59.9031,
	87.7686 59.964,
	87.5249 59.964,
	87.0377 59.8422,
	86.5504 59.7813,
	86.3068 59.6899,
	86.0936 59.5377,
	86.0631 59.294,
	86.0631 59.1722,
	85.85 58.959,
	85.7891 59.02,
	85.85 59.2636,
	85.85 59.3854,
	85.7891 59.5072,
	85.6672 59.5377,
	85.18 59.2636,
	84.6927 59.1722,
	84.4491 59.294,
	84.3273 59.3245,
	84.0836 59.2331,
	83.5964 58.959,
	83.17 58.5327,
	83.0177 58.2891,
	82.8959 57.8018,
	82.8959 56.8273,
	82.8959 56.7968,
	"/>
</Transform>

<Transform dim="0"
 xcoef=" 0 1 0 0 0 0"
 ycoef=" 0 0 1 0 0 0">
<Contour name="TB1_Shell_EM" hidden="false" closed="true" simplified="true" border="0 1 1" fill="0 1 1" mode="9"
 points="33.3669 45.7135,
	33.6795 44.4632,
	33.6795 43.8381,
	33.9139 43.2129,
	34.4609 42.6659,
	34.7735 42.3533,
	36.0238 41.7282,
	36.6489 41.4938,
	39.1495 41.2593,
	40.3998 41.4938,
	41.0249 41.7282,
	41.3375 41.9626,
	41.6501 42.5878,
	42.1189 43.1348,
	43.3692 43.2911,
	43.6818 43.4473,
	44.3069 44.0725,
	44.5413 44.6976,
	44.6195 45.3228,
	44.6976 45.6353,
	44.4632 46.8856,
	44.3069 47.5108,
	43.6036 48.761,
	43.4473 49.0736,
	43.1348 51.5742,
	42.7441 52.8245,
	42.4315 53.4496,
	42.0408 54.6999,
	41.7282 55.325,
	39.3058 57.5912,
	38.9932 57.9037,
	38.6806 58.06,
	37.4304 58.1382,
	36.1801 57.9037,
	34.9298 57.2786,
	34.3046 56.8097,
	34.0702 56.4972,
	33.9139 56.3409,
	33.6795 55.0906,
	33.5232 52.59,
	33.3669 51.9649,
	33.4451 51.3398,
	33.6795 50.7146,
	33.7576 50.402,
	33.9921 50.0895,
	34.0702 49.4643,
	33.8358 48.214,
	33.4451 46.9638,
	33.3669 45.7916,
	"/>
</Transform>

</Section>