<?xml version="1.0"?>
<!DOCTYPE Section SYSTEM "section.dtd">

<Section index="579" thickness="0.085" alignLocked="true">
<Transform dim="0"
 xcoef=" 0 1 0 0 0 0"
 ycoef=" 0 0 1 0 0 0">
<Image mag="0.0079" contrast="1" brightness="0" red="true" green="true" blue="true"
 src="Aligned TF21579.tif" />
<Contour name="domain1" hidden="false" closed="true" simplified="false" border="1 0 1" fill="1 0 1" mode="11"
 points="0 0,
	15991 0,
	15991 12171,
	0 12171,
	"/>
</Transform>

<Transform dim="0"
 xcoef=" 0 1 0 0 0 0"
 ycoef=" 0 0 1 0 0 0">
<Contour name="TB2_Shell_EM" hidden="false" closed="true" simplified="true" border="0.733333 1 1" fill="0 1 1" mode="9"
 points="57.7353 42.4761,
	58.003 41.0483,
	58.5384 39.6205,
	58.8061 38.9066,
	59.0739 38.5497,
	59.1631 38.1928,
	61.037 35.4265,
	61.5724 34.7126,
	62.911 31.857,
	63.5356 30.4293,
	63.8033 29.7154,
	63.9818 29.5369,
	64.5172 28.1092,
	65.3203 26.6814,
	66.3912 25.4321,
	67.0158 24.9859,
	68.4436 23.8259,
	69.1575 23.4689,
	69.5144 23.2904,
	70.9422 23.0227,
	72.3699 22.9335,
	73.0838 22.9335,
	74.5116 23.3797,
	75.2255 23.8259,
	75.9393 24.5397,
	77.0102 25.789,
	77.8133 27.1276,
	78.9733 29.9831,
	79.2411 32.8386,
	79.2411 34.2664,
	78.3487 39.9775,
	77.9918 41.4052,
	77.7241 42.1191,
	77.7241 42.4761,
	76.6532 45.3316,
	76.4748 46.0455,
	75.8501 47.4732,
	74.2439 50.3288,
	72.7269 56.0398,
	72.1022 57.4676,
	71.1206 58.8061,
	70.496 59.52,
	69.7821 59.7877,
	68.3543 59.6093,
	66.9266 58.9846,
	66.2127 58.7169,
	64.7849 57.8246,
	63.3572 56.6645,
	62.1971 55.326,
	61.2155 53.8982,
	60.4124 52.4704,
	59.2523 49.6149,
	58.8954 48.901,
	58.003 46.0455,
	57.7353 43.1899,
	57.7353 42.5653,
	"/>
</Transform>

<Transform dim="0"
 xcoef=" 0 1 0 0 0 0"
 ycoef=" 0 0 1 0 0 0">
<Contour name="TB1_AP50_EM" hidden="false" closed="true" simplified="true" border="0 1 0" fill="0 1 0" mode="9"
 points="38.9421 47.6658,
	39.1219 47.3061,
	39.3018 47.1262,
	39.5042 46.7665,
	39.6615 46.4067,
	39.8639 46.047,
	39.9763 45.8671,
	40.0663 45.7996,
	40.2461 45.7772,
	40.2911 45.7772,
	40.6508 45.4399,
	40.8307 45.2825,
	41.0106 45.1926,
	41.1005 45.1701,
	41.2579 45.0352,
	41.5052 44.6979,
	41.6851 44.5855,
	41.7076 44.563,
	41.8875 44.6755,
	41.9324 44.6979,
	41.9774 44.6755,
	42.1573 44.7429,
	42.2022 44.7429,
	42.2472 44.8328,
	42.4271 44.9677,
	42.517 45.0577,
	42.562 45.1476,
	42.9217 45.3725,
	43.0791 45.5298,
	43.1915 45.7097,
	43.3264 46.4292,
	43.3489 46.5191,
	43.3939 46.5641,
	43.5737 46.4966,
	43.6637 46.5191,
	43.8436 46.6765,
	43.9785 46.8564,
	44.1583 47.2161,
	44.1808 47.396,
	44.0909 47.7557,
	44.0234 47.9356,
	43.911 48.1155,
	43.7311 48.1829,
	43.5513 48.1829,
	43.1915 47.9356,
	43.0116 47.8457,
	42.8318 47.8007,
	42.7418 47.8232,
	42.562 47.9806,
	42.472 48.048,
	42.4945 48.2279,
	42.562 48.4078,
	42.6744 48.5876,
	42.6969 48.6776,
	42.7643 48.7675,
	42.7643 48.8125,
	42.8318 48.9024,
	42.8543 49.0823,
	42.8318 49.1722,
	42.7643 49.2397,
	42.5845 49.2622,
	42.2697 48.9024,
	42.1123 48.79,
	42.0224 48.8575,
	41.9774 48.9474,
	41.7975 49.0598,
	41.7301 49.4196,
	41.6851 49.5994,
	41.6176 49.6894,
	41.5277 49.7343,
	41.5052 49.7568,
	41.1905 49.3971,
	41.0555 49.2397,
	41.0106 49.1947,
	40.8307 49.2846,
	40.7408 49.3071,
	40.5609 49.2397,
	40.3136 48.8799,
	40.2686 48.835,
	40.1112 49.0148,
	40.0663 49.0373,
	39.8864 48.9474,
	39.5491 48.6101,
	39.2793 48.2504,
	39.0545 47.8906,
	38.9645 47.7108,
	38.9421 47.6883,
	"/>
</Transform>

<Transform dim="0"
 xcoef=" 0 1 0 0 0 0"
 ycoef=" 0 0 1 0 0 0">
<Contour name="TB3_Nuc48_EM" hidden="false" closed="true" simplified="true" border="1 0 0" fill="1 0 0" mode="9"
 points="98.1397 67.2598,
	98.1709 67.1351,
	98.1709 67.0728,
	98.202 67.0105,
	98.2176 66.8858,
	98.3734 66.6365,
	98.7474 66.1536,
	98.9499 65.9043,
	99.0278 65.7796,
	99.059 65.7173,
	99.0901 65.6862,
	99.3082 65.1876,
	99.4796 64.9383,
	99.6043 64.8137,
	99.8535 64.6267,
	100.072 64.4397,
	100.29 64.206,
	100.633 63.723,
	100.71 63.5984,
	100.835 63.4738,
	101.084 63.3024,
	101.334 63.1622,
	101.458 63.0843,
	101.521 63.0375,
	101.645 63.0219,
	101.77 62.9752,
	102.019 62.8194,
	102.222 62.5857,
	102.455 62.3831,
	102.705 62.2118,
	103.157 61.8223,
	103.281 61.6976,
	103.406 61.6197,
	103.655 61.5418,
	103.717 61.5107,
	103.749 61.5107,
	103.78 61.4795,
	103.842 61.4639,
	103.873 61.4328,
	103.936 61.4172,
	104.06 61.3081,
	104.419 60.8095,
	104.45 60.7472,
	104.652 60.5135,
	104.824 60.2954,
	104.917 60.2019,
	105.026 60.0773,
	105.26 59.8747,
	105.509 59.7189,
	105.634 59.641,
	105.696 59.5943,
	105.758 59.5787,
	105.992 59.3762,
	106.179 59.1425,
	106.304 59.0334,
	106.366 58.9867,
	106.397 58.9867,
	106.522 58.9088,
	107.02 58.7374,
	107.083 58.6906,
	107.145 58.6751,
	107.394 58.5037,
	107.644 58.3946,
	107.768 58.379,
	107.893 58.4414,
	108.018 58.5348,
	108.142 58.6595,
	108.251 58.9088,
	108.298 59.0334,
	108.282 59.2827,
	108.095 60.2798,
	108.064 60.4045,
	108.064 60.4668,
	107.986 60.7161,
	107.846 60.9653,
	107.737 61.09,
	107.628 61.1835,
	107.566 61.2458,
	107.457 61.3237,
	107.348 61.4328,
	107.301 61.4951,
	107.207 61.7444,
	107.176 61.8067,
	107.052 61.9313,
	106.802 62.0404,
	106.693 62.0715,
	106.631 62.056,
	106.506 62.1183,
	106.397 62.2429,
	106.319 62.3676,
	106.273 62.4922,
	106.273 62.7415,
	106.257 62.8661,
	106.21 62.9908,
	106.117 63.1154,
	105.992 63.2401,
	105.914 63.3647,
	105.899 63.4893,
	105.852 63.614,
	105.758 63.723,
	105.634 63.8009,
	105.385 63.8788,
	105.26 63.91,
	105.198 63.9412,
	105.135 64.0035,
	105.104 64.0658,
	105.182 64.5644,
	105.182 64.6267,
	105.151 64.689,
	105.026 64.8137,
	104.792 64.9695,
	104.668 65.0162,
	104.606 65.0318,
	104.543 65.0785,
	104.294 65.1564,
	104.263 65.1564,
	104.138 65.2343,
	104.076 65.2811,
	104.045 65.2811,
	103.92 65.3745,
	103.858 65.4057,
	103.733 65.5303,
	103.671 65.655,
	103.624 65.7173,
	103.453 66.2159,
	103.406 66.4652,
	103.234 66.9637,
	103.001 67.4623,
	102.845 67.7116,
	102.783 67.7739,
	102.783 67.8051,
	102.736 67.8674,
	102.705 67.8985,
	102.705 67.9297,
	102.502 68.179,
	102.268 68.4127,
	102.206 68.4438,
	102.082 68.5529,
	102.019 68.6152,
	101.957 68.6308,
	101.708 68.7866,
	101.583 68.8489,
	101.521 68.8645,
	101.489 68.8957,
	101.365 68.9424,
	101.116 68.9736,
	100.991 69.0203,
	100.929 69.0515,
	100.804 69.0671,
	100.773 69.0515,
	100.523 69.0982,
	100.274 69.0982,
	100.025 69.0515,
	99.7756 68.9736,
	99.5264 68.9268,
	99.2771 68.9268,
	99.1524 68.9268,
	99.0278 68.8801,
	98.9966 68.8801,
	98.872 68.8022,
	98.7629 68.6931,
	98.685 68.5685,
	98.6539 68.5373,
	98.6227 68.4127,
	98.6694 67.9141,
	98.6539 67.6648,
	98.576 67.5558,
	98.3267 67.4779,
	98.2644 67.4779,
	98.1709 67.3844,
	98.1397 67.3221,
	98.1397 67.2753,
	"/>
</Transform>

<Transform dim="0"
 xcoef=" 0 1 0 0 0 0"
 ycoef=" 0 0 1 0 0 0">
<Contour name="TB3_Nuc50_EM" hidden="false" closed="true" simplified="true" border="0 1 1" fill="0 1 1" mode="9"
 points="84.7024 63.5123,
	84.8372 62.8959,
	84.9335 62.5877,
	85.0684 62.2795,
	85.1647 62.1253,
	85.2032 62.0483,
	85.5114 61.7401,
	85.6656 61.586,
	85.9738 61.3933,
	86.1279 61.3163,
	86.7443 61.2585,
	86.8984 61.22,
	87.2066 61.22,
	87.3608 61.2392,
	87.669 61.2007,
	87.9772 61.3355,
	88.1313 61.3741,
	88.4395 61.5474,
	88.5936 61.7015,
	88.6322 61.7786,
	88.7863 61.9134,
	89.0945 62.5299,
	89.2293 62.8381,
	89.2679 62.9922,
	89.5568 63.6086,
	89.7109 64.2251,
	89.8072 64.5333,
	89.865 64.8415,
	89.8843 64.9956,
	89.7687 65.6121,
	89.7109 65.9203,
	89.6146 66.2285,
	89.5761 66.3826,
	89.422 66.6908,
	89.133 66.9991,
	88.5744 67.5192,
	88.4203 67.5962,
	88.112 67.654,
	87.8038 67.7503,
	87.4956 67.9044,
	87.4186 67.943,
	87.2644 67.943,
	86.9562 67.7889,
	86.648 67.5384,
	86.3398 67.3265,
	86.0701 67.0183,
	85.9352 66.8642,
	85.8389 66.7101,
	85.55 66.4211,
	85.4729 66.267,
	85.3959 65.9588,
	85.2225 65.6506,
	85.1262 65.4965,
	84.9528 64.8801,
	84.8565 64.5718,
	84.7409 63.9554,
	84.7024 63.6472,
	84.7024 63.5701,
	84.7024 63.5316,
	"/>
</Transform>

<Transform dim="0"
 xcoef=" 0 1 0 0 0 0"
 ycoef=" 0 0 1 0 0 0">
<Contour name="TB3_Nuc52_EM" hidden="false" closed="true" simplified="true" border="0 1 0" fill="0 1 0" mode="9"
 points="86.1241 57.2536,
	86.185 57.1318,
	86.4286 57.1013,
	86.6722 57.1927,
	87.1595 57.2232,
	87.2813 57.2536,
	87.7686 57.1318,
	87.8295 57.1318,
	87.8599 57.01,
	87.7686 56.7664,
	87.9818 56.6141,
	88.2254 56.5836,
	88.7127 56.6141,
	88.9563 56.6445,
	89.1999 56.7359,
	89.3217 56.7664,
	89.4435 56.7359,
	89.6872 56.5836,
	89.9308 56.5227,
	90.0526 56.5227,
	90.5399 56.34,
	90.6617 56.3095,
	90.7226 56.34,
	90.9358 56.1573,
	91.1794 56.0964,
	91.2403 56.1573,
	91.2708 56.2791,
	91.149 56.7664,
	90.9358 57.2536,
	90.8444 57.4972,
	90.7226 58.4718,
	90.6617 58.7154,
	90.3876 59.2027,
	90.1744 59.4159,
	90.1135 59.4768,
	90.0526 59.4768,
	89.8395 59.6899,
	89.7176 59.7813,
	89.2304 59.9031,
	88.7431 59.8118,
	88.2558 59.7813,
	88.0122 59.7204,
	87.8904 59.6899,
	87.6468 59.5377,
	87.5249 59.4768,
	87.2813 59.2331,
	87.2204 59.1113,
	87.2204 58.9895,
	87.1595 58.8677,
	87.0377 58.7459,
	86.5504 58.5327,
	86.4895 58.5327,
	86.2763 58.2891,
	86.185 57.8018,
	86.1241 57.5582,
	86.1241 57.3145,
	86.1241 57.2841,
	"/>
</Transform>

<Transform dim="0"
 xcoef=" 0 1 0 0 0 0"
 ycoef=" 0 0 1 0 0 0">
<Contour name="TB3_Nuc54_EM" hidden="false" closed="true" simplified="true" border="0 1 0" fill="0 1 0" mode="9"
 points="103.617 33.326,
	103.692 32.9298,
	103.816 32.5337,
	104.311 31.7414,
	104.583 31.3452,
	104.905 30.9738,
	104.979 30.8005,
	105.004 30.4044,
	105.029 30.2063,
	105.103 30.1073,
	105.499 29.9092,
	105.697 29.8101,
	105.895 29.7854,
	105.945 29.8349,
	106.019 30.231,
	106.044 30.6272,
	106.069 30.6767,
	106.168 30.7015,
	106.366 30.85,
	106.44 31.0481,
	106.366 31.2462,
	106.118 31.6423,
	106.093 31.7414,
	106.242 31.9394,
	106.341 32.1375,
	106.366 32.3356,
	106.291 32.7317,
	106.118 33.1279,
	105.796 33.524,
	105.623 33.7221,
	105.549 33.9202,
	105.425 34.7125,
	105.326 34.9105,
	105.054 35.3067,
	104.88 35.5048,
	104.831 35.5295,
	104.038 35.381,
	103.89 35.2077,
	103.741 34.8115,
	103.642 34.4154,
	103.617 33.6231,
	103.617 33.425,
	103.617 33.3507,
	"/>
</Transform>

<Transform dim="0"
 xcoef=" 0 1 0 0 0 0"
 ycoef=" 0 0 1 0 0 0">
<Contour name="TB1_NF22_RSL" hidden="false" closed="true" simplified="true" border="0.502 0.502 0" fill="0.502 0.502 0" mode="-9"
 points="31.5832 46.8386,
	31.6019 46.764,
	31.6112 46.7267,
	31.6765 46.6521,
	31.7511 46.6148,
	31.8257 46.5962,
	31.863 46.5869,
	31.8816 46.5869,
	31.863 46.5496,
	31.9003 46.5402,
	32.1987 46.5962,
	32.2733 46.6335,
	32.3479 46.6894,
	32.4038 46.7547,
	32.4224 46.7734,
	32.4411 46.9226,
	32.3945 47.221,
	32.3479 47.3702,
	32.3572 47.4075,
	32.4784 47.5473,
	32.525 47.6126,
	32.553 47.6872,
	32.553 47.8364,
	32.5343 47.911,
	32.4784 47.9856,
	32.4038 48.0322,
	32.3292 48.0415,
	32.2546 48.0042,
	32.2173 47.9763,
	32.1893 47.9017,
	32.18 47.7525,
	32.1893 47.6033,
	32.1893 47.5287,
	32.18 47.4914,
	32.152 47.4541,
	32.0774 47.4168,
	32.0588 47.4168,
	31.9935 47.3608,
	31.9189 47.3235,
	31.9003 47.3049,
	31.863 47.2956,
	31.7884 47.2396,
	31.7697 47.2396,
	31.6951 47.1743,
	31.6112 47.0251,
	31.5832 46.8759,
	31.5832 46.848,
	"/>
</Transform>

<Transform dim="0"
 xcoef=" 0 1 0 0 0 0"
 ycoef=" 0 0 1 0 0 0">
<Contour name="TB1_Shell_EM" hidden="false" closed="true" simplified="true" border="0 1 1" fill="0 1 1" mode="9"
 points="46.6467 53.4594,
	46.5716 53.4594,
	"/>
</Transform>

<Transform dim="0"
 xcoef=" 0 1 0 0 0 0"
 ycoef=" 0 0 1 0 0 0">
<Contour name="TB0_Shell_EM" hidden="false" closed="true" simplified="true" border="0 1 0" fill="0 1 0" mode="9"
 points="16.7091 42.2811,
	16.8653 41.656,
	18.1156 39.1554,
	18.897 37.9051,
	19.0533 37.5926,
	20.1473 36.3423,
	20.7725 35.9516,
	21.085 35.7953,
	21.2413 35.7171,
	21.4758 35.7953,
	22.3353 36.9674,
	23.4293 39.468,
	23.82 40.7183,
	24.0545 43.2188,
	24.0545 44.391,
	23.9763 44.8598,
	23.7419 45.485,
	23.4293 47.9855,
	23.3512 48.6107,
	22.9605 49.861,
	22.179 51.1113,
	21.5539 51.502,
	21.3976 51.5801,
	20.7725 51.1894,
	20.4599 51.0331,
	19.444 49.7828,
	18.9752 49.1577,
	17.6468 46.6571,
	17.0998 45.4068,
	16.7091 42.9063,
	16.7091 42.3593,
	"/>
</Transform>

<Transform dim="0"
 xcoef=" 0 1 0 0 0 0"
 ycoef=" 0 0 1 0 0 0">
<Contour name="TB1_Shell_EM" hidden="false" closed="true" simplified="true" border="0 1 1" fill="0 1 1" mode="9"
 points="22.5051 37.5085,
	23.0521 36.2582,
	23.521 35.6331,
	23.7554 35.3205,
	25.0057 34.6954,
	27.5062 34.3046,
	30.0068 34.0702,
	30.6319 34.0702,
	31.2571 34.2265,
	32.5074 34.8516,
	33.7576 35.9456,
	34.3828 36.5708,
	34.6954 36.8834,
	35.7894 39.3839,
	36.0238 40.0091,
	36.0238 40.3216,
	36.6489 41.5719,
	36.7271 42.1971,
	36.6489 42.8222,
	36.8834 44.0725,
	37.4304 45.3228,
	37.9774 45.8698,
	38.2899 46.0261,
	38.8369 45.4791,
	38.9151 45.1665,
	39.6965 43.9162,
	40.2435 42.6659,
	40.4779 42.0408,
	40.9468 39.5402,
	41.0249 38.9151,
	40.4779 37.6648,
	40.3998 37.0396,
	40.4779 36.4145,
	40.7905 36.2582,
	42.0408 36.6489,
	42.6659 37.1178,
	42.9785 37.2741,
	43.7599 38.5244,
	44.6976 39.7746,
	47.0419 42.1971,
	47.4326 42.8222,
	47.5889 43.4473,
	47.7452 43.7599,
	47.9015 45.0102,
	47.8233 47.5108,
	47.3545 50.0113,
	47.12 50.6365,
	46.7293 53.137,
	46.2605 53.7622,
	45.7135 55.0125,
	45.4009 55.6376,
	44.9321 56.2627,
	44.3069 56.8097,
	43.9943 57.0442,
	42.7441 57.1223,
	42.4315 57.1223,
	42.2752 57.0442,
	41.0249 57.7475,
	38.5244 58.4507,
	36.0238 58.9196,
	33.5232 58.6852,
	31.0227 58.2163,
	29.7724 57.7475,
	29.1472 57.513,
	27.8969 56.8097,
	27.2718 56.4972,
	26.0215 55.325,
	25.0057 54.0747,
	24.3805 53.5277,
	23.4428 52.2775,
	22.974 51.0272,
	22.8958 49.7769,
	22.8177 49.1518,
	24.3024 44.1506,
	24.615 42.9003,
	24.5368 42.2752,
	24.3024 41.6501,
	24.068 41.3375,
	24.068 41.1812,
	23.0521 39.9309,
	22.6614 39.3058,
	22.5051 38.6806,
	22.5051 38.0555,
	22.5051 37.7429,
	22.5051 37.5866,
	"/>
</Transform>

<Transform dim="0"
 xcoef=" 0 1 0 0 0 0"
 ycoef=" 0 0 1 0 0 0">
<Contour name="TB1_NF55_RSL" hidden="false" closed="true" simplified="true" border="0.502 0 0" fill="0.502 0 0" mode="-9"
 points="31.1728 45.1817,
	31.2146 45.0146,
	31.2354 44.931,
	31.2354 44.8892,
	31.2772 44.8579,
	31.4444 44.8892,
	31.5279 44.9205,
	31.5697 44.9414,
	31.5906 44.9414,
	31.6638 45.0041,
	31.6951 45.0459,
	31.6951 45.0668,
	31.716 45.0877,
	31.7264 45.1713,
	31.716 45.1817,
	31.6846 45.1399,
	31.7055 45.2235,
	31.7264 45.2653,
	31.7369 45.3488,
	31.7369 45.3906,
	31.7369 45.4115,
	31.7891 45.4951,
	31.81 45.5369,
	31.7891 45.704,
	31.7787 45.7876,
	31.7787 45.8294,
	31.7996 45.8712,
	31.81 45.9548,
	31.81 45.9756,
	31.7891 45.9965,
	31.7682 45.9965,
	31.4444 45.7772,
	31.4026 45.7563,
	31.2668 45.61,
	31.2146 45.5264,
	31.1728 45.3593,
	31.1728 45.1921,
	"/>
<Contour name="TB1_NF55_RSL" hidden="false" closed="true" simplified="true" border="0.502 0 0" fill="0.502 0 0" mode="-9"
 points="29.846 40.8777,
	29.8669 40.7105,
	29.8774 40.042,
	29.8878 39.9584,
	29.9192 39.8748,
	29.9192 39.8539,
	29.9505 39.8121,
	29.9714 39.7286,
	30.0341 39.645,
	30.1177 39.6136,
	30.2848 39.5928,
	30.4519 39.6136,
	30.4937 39.6241,
	30.5564 39.7077,
	30.5982 39.7912,
	30.6086 39.8748,
	30.6295 39.9166,
	30.6609 40.0837,
	30.8489 40.418,
	30.9847 40.5747,
	31.0161 40.6583,
	31.0579 40.9926,
	31.0683 41.1597,
	31.0996 41.3269,
	31.0996 41.4105,
	31.0474 41.5776,
	31.0265 41.6612,
	31.0161 41.9955,
	31.0161 42.0791,
	31.0056 42.1208,
	31.0161 42.2044,
	31.0787 42.3716,
	31.2146 42.5283,
	31.2668 42.6118,
	31.3295 42.779,
	31.4026 43.1133,
	31.413 43.4476,
	31.3921 43.7819,
	31.3921 43.8654,
	31.3712 43.949,
	31.319 44.0326,
	31.2877 44.0744,
	31.2668 44.1579,
	31.2459 44.1684,
	31.1623 44.1057,
	31.1101 44.0221,
	31.0892 43.9803,
	31.0683 43.9594,
	30.9638 43.6252,
	30.922 43.458,
	30.9012 43.4162,
	30.9012 43.3953,
	30.7445 43.2909,
	30.6504 43.1342,
	30.64 43.0924,
	30.5878 43.0088,
	30.4415 42.8521,
	30.3475 42.6954,
	30.337 42.6536,
	30.3161 42.6327,
	30.3161 42.6118,
	30.2952 42.5909,
	30.2952 42.57,
	30.2744 42.5492,
	30.243 42.4656,
	30.2326 42.2984,
	30.3057 41.9641,
	30.3266 41.9224,
	30.3266 41.8388,
	30.337 41.797,
	30.3161 41.7134,
	30.0236 41.4314,
	30.0236 41.4105,
	29.9818 41.3687,
	29.8878 41.2015,
	29.8565 41.118,
	29.846 40.9508,
	29.846 40.909,
	29.846 40.8881,
	"/>
</Transform>

<Transform dim="0"
 xcoef=" 0 1 0 0 0 0"
 ycoef=" 0 0 1 0 0 0">
<Contour name="TB1_NF55_RSL" hidden="false" closed="true" simplified="true" border="0.502 0 0" fill="0.502 0 0" mode="-9"
 points="41.2662 36.0972,
	41.3198 36.0114,
	41.3949 35.9578,
	41.4378 35.9363,
	41.4592 35.9363,
	41.4914 35.9042,
	41.5343 35.9042,
	41.6201 35.9471,
	41.663 35.9685,
	41.6844 35.9899,
	41.7273 36.0007,
	41.7595 36.0328,
	41.7702 36.0543,
	41.7917 36.0543,
	41.8131 36.0757,
	41.8131 36.0972,
	41.8775 36.183,
	41.8989 36.2259,
	41.9311 36.569,
	41.8882 36.7406,
	41.8346 36.8264,
	41.7917 36.8586,
	41.7059 36.8479,
	41.5343 36.7835,
	41.4592 36.6977,
	41.4163 36.6119,
	41.4056 36.569,
	41.3305 36.4833,
	41.2984 36.3975,
	41.2662 36.2259,
	41.2662 36.1401,
	41.2662 36.1079,
	"/>
<Contour name="TB1_NF55_RSL" hidden="false" closed="true" simplified="true" border="0.502 0 0" fill="0.502 0 0" mode="-9"
 points="33.6199 38.9712,
	33.7057 38.8104,
	33.8237 38.6495,
	33.9846 38.5208,
	34.0703 38.4887,
	34.4135 38.4565,
	34.5851 38.4672,
	34.7567 38.5316,
	34.7996 38.5637,
	34.821 38.5744,
	34.821 38.5959,
	34.8639 38.6388,
	34.8746 38.7246,
	34.8746 38.7675,
	34.8532 38.8104,
	34.7674 38.8854,
	34.6816 38.9176,
	34.6387 38.9391,
	34.4671 38.9391,
	34.3813 38.9712,
	34.3706 38.982,
	34.4135 38.982,
	34.435 38.9927,
	34.2634 39.057,
	34.0918 39.1535,
	34.0703 39.175,
	34.0274 39.1857,
	33.9846 39.2179,
	33.813 39.2822,
	33.7701 39.2822,
	33.6843 39.2286,
	33.6521 39.1428,
	33.6307 39.0999,
	33.6307 39.0141,
	33.6199 38.982,
	"/>
</Transform>

<Transform dim="0"
 xcoef=" 0 1 0 0 0 0"
 ycoef=" 0 0 1 0 0 0">
<Contour name="TB1_NF55_RSL" hidden="false" closed="true" simplified="true" border="0.502 0 0" fill="0.502 0 0" mode="-9"
 points="32.2449 39.8335,
	32.2812 39.7608,
	32.4267 39.6154,
	32.4903 39.5427,
	32.5357 39.47,
	32.563 39.4336,
	32.5721 39.3973,
	32.5902 39.3882,
	32.5902 39.37,
	32.6539 39.2973,
	32.6902 39.2701,
	32.7629 39.2519,
	32.9083 39.261,
	32.981 39.2791,
	33.0174 39.2882,
	33.0537 39.3155,
	33.0901 39.3882,
	33.1083 39.4064,
	33.1264 39.5518,
	33.1264 39.5881,
	33.0628 39.7336,
	33.0083 39.7972,
	32.8629 39.9153,
	32.7266 40.0153,
	32.6902 40.0426,
	32.672 40.0698,
	32.6357 40.1062,
	32.4903 40.1607,
	32.3449 40.1334,
	32.3085 40.1062,
	32.2903 40.088,
	32.2449 39.9426,
	32.2449 39.8699,
	32.2449 39.8426,
	"/>
</Transform>

<Transform dim="0"
 xcoef=" 0 1 0 0 0 0"
 ycoef=" 0 0 1 0 0 0">
<Contour name="TB1_NF55_RSL" hidden="false" closed="true" simplified="true" border="0.502 0 0" fill="0.502 0 0" mode="-9"
 points="31.2179 40.188,
	31.227 40.1153,
	31.3452 39.8244,
	31.3997 39.679,
	31.4451 39.6063,
	31.4815 39.5791,
	31.5542 39.57,
	31.6269 39.5791,
	31.6632 39.5881,
	31.7905 39.7063,
	31.7996 39.7426,
	31.8268 39.7608,
	31.8541 39.8335,
	31.8723 39.8699,
	31.8723 39.9426,
	31.845 40.088,
	31.7632 40.3788,
	31.745 40.4152,
	31.736 40.4879,
	31.7087 40.5242,
	31.5633 40.5151,
	31.5269 40.5151,
	31.3815 40.4424,
	31.2452 40.3243,
	31.2179 40.2879,
	31.2179 40.2152,
	31.2179 40.1971,
	"/>
</Transform>

</Section>