<?xml version="1.0"?>
<!DOCTYPE Section SYSTEM "section.dtd">

<Section index="462" thickness="0.085" alignLocked="true">
<Transform dim="0"
 xcoef=" 0 1 0 0 0 0"
 ycoef=" 0 0 1 0 0 0">
<Image mag="0.0079" contrast="1" brightness="0" red="true" green="true" blue="true"
 src="Aligned TF21462.tif" />
<Contour name="domain1" hidden="false" closed="true" simplified="false" border="1 0 1" fill="1 0 1" mode="11"
 points="0 0,
	15991 0,
	15991 12171,
	0 12171,
	"/>
</Transform>

<Transform dim="0"
 xcoef=" 0 1 0 0 0 0"
 ycoef=" 0 0 1 0 0 0">
<Contour name="TB1_Nuc48_PH" hidden="false" closed="true" simplified="true" border="1 0 0" fill="1 0 0" mode="-13"
 points="27.4543 42.6136,
	27.6746 42.2611,
	27.895 41.556,
	27.895 41.2035,
	27.9831 41.0272,
	28.1594 40.8509,
	28.3357 40.8509,
	28.5119 41.0272,
	28.7323 41.7323,
	28.6882 42.0848,
	28.556 42.4374,
	28.0712 43.0984,
	27.895 43.1425,
	27.5424 43.0103,
	27.4543 42.834,
	27.4543 42.6577,
	"/>
</Transform>

<Transform dim="0"
 xcoef=" 0 1 0 0 0 0"
 ycoef=" 0 0 1 0 0 0">
<Contour name="TB1_AP12_EM" hidden="false" closed="true" simplified="true" border="0.792157 0 0" fill="1 0.701961 0.701961" mode="9"
 points="34.3241 40.6334,
	34.346 40.5897,
	34.3897 40.5569,
	34.4334 40.5459,
	34.4772 40.5569,
	34.499 40.5569,
	34.5209 40.535,
	34.5428 40.3601,
	34.5319 40.1851,
	34.5428 40.0976,
	34.5537 40.0539,
	34.5865 40.0101,
	34.6084 39.9992,
	34.7068 40.1742,
	34.7396 40.2616,
	34.7505 40.3491,
	34.7177 40.5241,
	34.7068 40.6116,
	34.6959 40.6334,
	34.7177 40.6662,
	34.6959 40.7537,
	34.7068 41.1036,
	34.7396 41.1911,
	34.7615 41.3661,
	34.7724 41.4535,
	34.7505 41.6285,
	34.7396 41.716,
	34.7068 41.8034,
	34.7177 41.8909,
	34.6849 42.0659,
	34.674 42.1534,
	34.6521 42.1752,
	34.6303 42.1643,
	34.6084 41.9893,
	34.6084 41.9456,
	34.5975 41.9237,
	34.6084 41.9019,
	34.5975 41.8581,
	34.5975 41.8362,
	34.5428 41.7488,
	34.5428 41.6613,
	34.5756 41.4863,
	34.5865 41.3114,
	34.5756 41.1364,
	34.51 41.0489,
	34.51 40.9615,
	34.5319 40.874,
	34.5319 40.7865,
	34.4662 40.71,
	34.3788 40.699,
	34.335 40.699,
	34.3241 40.6553,
	34.3241 40.6444,
	"/>
</Transform>

<Transform dim="0"
 xcoef=" 0 1 0 0 0 0"
 ycoef=" 0 0 1 0 0 0">
<Contour name="TB1_AP12_EM" hidden="false" closed="true" simplified="true" border="0.792157 0 0" fill="1 0.701961 0.701961" mode="9"
 points="33.8209 34.6486,
	33.8537 34.6048,
	33.9411 34.572,
	33.9849 34.572,
	34.0286 34.5939,
	34.0724 34.6377,
	34.2473 34.7142,
	34.291 34.7142,
	34.3785 34.6705,
	34.4223 34.6705,
	34.466 34.6923,
	34.4988 34.7361,
	34.5425 34.7251,
	34.5644 34.7251,
	34.7394 34.8782,
	34.8268 34.9548,
	34.9143 34.9985,
	34.9581 34.9985,
	35.0018 35.0422,
	35.0674 35.2172,
	35.1002 35.3047,
	35.133 35.3484,
	35.144 35.3921,
	35.2314 35.4796,
	35.4064 35.5015,
	35.5813 35.4031,
	35.6688 35.3593,
	35.6907 35.3484,
	35.7782 35.3921,
	35.8656 35.4687,
	36.0515 35.8186,
	36.0625 35.8623,
	36.1499 35.9389,
	36.2374 35.9936,
	36.2812 36.0264,
	36.314 36.1138,
	36.2921 36.1576,
	36.2812 36.1794,
	36.4452 36.3544,
	36.6201 36.4966,
	36.6748 36.584,
	36.8498 36.759,
	37.0794 37.1089,
	37.1341 37.1964,
	37.309 37.3713,
	37.3528 37.4041,
	37.3746 37.426,
	37.3637 37.4479,
	37.4184 37.5353,
	37.5933 37.6775,
	37.6808 37.7322,
	37.7245 37.754,
	37.7464 37.754,
	37.9214 37.929,
	38.0963 38.0711,
	38.2713 38.1805,
	38.3588 38.2352,
	38.7087 38.5413,
	38.8836 38.7054,
	39.1679 39.0553,
	39.496 39.4052,
	39.8021 39.7551,
	39.9333 39.93,
	40.1083 40.0941,
	40.8081 40.6517,
	40.9831 40.7502,
	41.0268 40.783,
	41.0487 40.783,
	41.1362 40.8486,
	41.1799 40.8595,
	41.3549 40.9798,
	41.4423 41.0454,
	41.5298 41.0782,
	41.6173 41.1329,
	41.661 41.1657,
	41.6829 41.1766,
	41.6392 41.2094,
	41.5517 41.2203,
	41.5189 41.3078,
	41.5298 41.3953,
	41.5626 41.4828,
	41.6501 41.5703,
	41.8251 41.6577,
	42.175 41.7015,
	42.5249 41.778,
	42.6124 41.7671,
	42.6998 41.8108,
	42.8638 41.9639,
	42.9185 42.0514,
	42.9404 42.1389,
	43.1044 42.3138,
	43.1591 42.4013,
	43.2356 42.456,
	43.3996 42.6309,
	43.5746 42.7512,
	43.6621 42.8059,
	43.7277 42.8934,
	43.7824 43.0683,
	43.848 43.1558,
	43.8808 43.1995,
	43.9245 43.3745,
	43.9245 43.4182,
	43.9901 43.5057,
	44.0011 43.5932,
	44.1323 43.9431,
	44.176 44.0306,
	44.2088 44.0743,
	44.2854 44.4242,
	44.3182 44.7741,
	44.3182 44.8616,
	44.3619 45.0366,
	44.3838 45.124,
	44.3728 45.2115,
	44.3838 45.2552,
	44.4384 45.3427,
	44.4494 45.4302,
	44.4275 45.6052,
	44.4166 45.6489,
	44.4931 45.9988,
	44.4603 46.0863,
	44.4603 46.1738,
	44.4603 46.1956,
	44.4931 46.2394,
	44.5369 46.2612,
	44.5587 46.3487,
	44.5587 46.3925,
	44.5587 46.4143,
	44.5369 46.4362,
	44.5041 46.6111,
	44.4931 46.6986,
	44.5697 46.8736,
	44.5806 47.0485,
	44.6462 47.1251,
	44.6899 47.136,
	44.7446 47.2235,
	44.7118 47.3984,
	44.5915 47.5734,
	44.515 47.6609,
	44.4713 47.6718,
	44.3838 47.6609,
	44.34 47.639,
	44.3182 47.6171,
	44.2635 47.7046,
	44.2416 47.7921,
	44.2526 47.9671,
	44.1651 48.142,
	44.1104 48.317,
	44.1104 48.3607,
	44.0011 48.5357,
	43.9901 48.6231,
	43.9573 48.7106,
	43.848 48.8856,
	43.7933 48.973,
	43.7058 49.0605,
	43.6183 49.1043,
	43.3231 49.4542,
	43.1372 49.8041,
	43.0935 49.8916,
	43.0388 50.0665,
	43.006 50.2415,
	42.9513 50.3289,
	42.7764 50.4274,
	42.7436 50.5039,
	42.7764 50.6789,
	42.7982 50.7226,
	42.7764 50.8101,
	42.7654 50.8538,
	42.6889 50.9413,
	42.6342 51.0288,
	42.6124 51.0725,
	42.6233 51.1162,
	42.4921 51.4662,
	42.4483 51.6411,
	42.4155 51.7286,
	42.4155 51.8161,
	42.4374 51.9035,
	42.4155 52.2535,
	42.4483 52.6034,
	42.5358 52.7783,
	42.5577 52.8221,
	42.5686 52.9095,
	42.5577 52.9533,
	42.5139 52.9861,
	42.4702 52.997,
	42.2952 52.9095,
	42.2078 52.833,
	42.1859 52.8549,
	42.164 52.9423,
	42.1203 53.0298,
	42.0984 53.1173,
	42.0766 53.161,
	42.0766 53.2485,
	42.0656 53.2923,
	42.0219 53.3141,
	41.9344 53.2923,
	41.7594 53.3251,
	41.672 53.336,
	41.5845 53.3907,
	41.4095 53.5328,
	41.3658 53.5766,
	41.2455 53.7406,
	41.0706 53.839,
	41.0159 53.9265,
	40.9831 53.9702,
	40.9721 54.0139,
	40.8409 54.1889,
	40.8081 54.2326,
	40.7753 54.3201,
	40.6769 54.4951,
	40.6222 54.67,
	40.6004 54.7575,
	40.5894 54.8012,
	40.5129 54.8887,
	40.4363 54.9434,
	40.4254 54.8559,
	40.4691 54.7684,
	40.4801 54.681,
	40.4691 54.6372,
	40.4582 54.6153,
	40.4363 54.6153,
	40.4035 54.7028,
	40.327 54.7903,
	40.2833 54.834,
	40.2614 54.845,
	40.2395 54.9325,
	40.2286 54.9762,
	40.2614 55.0637,
	40.2942 55.1074,
	40.2833 55.1512,
	40.2395 55.184,
	40.152 55.1293,
	40.1083 55.1183,
	40.0646 55.1293,
	40.0208 55.173,
	39.9005 55.5229,
	39.8459 55.6104,
	39.8131 55.6979,
	39.8131 55.7854,
	39.7475 55.9603,
	39.6928 56.0478,
	39.6709 56.1353,
	39.6272 56.2228,
	39.5506 56.2993,
	39.5397 56.343,
	39.5069 56.3758,
	39.4632 56.3868,
	39.3538 56.5399,
	39.1789 56.6383,
	39.0039 56.7914,
	38.9164 56.846,
	38.7415 56.9007,
	38.7196 56.9007,
	38.6431 56.9882,
	38.4681 57.1303,
	38.3806 57.1741,
	38.2057 57.3053,
	38.1729 57.3272,
	38.2494 57.4146,
	38.2822 57.4474,
	38.1619 57.6224,
	38.0963 57.7099,
	37.9323 58.0598,
	37.8667 58.2347,
	37.5168 58.5737,
	37.3746 58.7487,
	37.2872 58.8143,
	37.1231 58.9892,
	37.0357 59.022,
	36.9919 59.0548,
	36.9482 59.1423,
	36.7951 59.2845,
	36.5873 59.6344,
	36.5327 59.7219,
	36.5108 59.7984,
	36.4889 59.8312,
	36.4999 59.9187,
	36.478 59.9624,
	36.478 60.0499,
	36.5108 60.1374,
	36.4889 60.2249,
	36.4889 60.5748,
	36.5217 60.9247,
	36.5108 61.0996,
	36.4889 61.1871,
	36.4014 61.2418,
	36.3905 61.2855,
	36.4124 61.4605,
	36.4342 61.5479,
	36.478 61.5589,
	36.4342 61.6464,
	36.4124 61.6901,
	36.3905 61.8651,
	36.4124 62.04,
	36.467 62.215,
	36.5545 62.3899,
	36.6201 62.5649,
	36.6311 62.6524,
	36.5873 62.8273,
	36.5983 63.0023,
	36.6092 63.0897,
	36.5655 63.1225,
	36.5108 63.046,
	36.4999 62.9585,
	36.5108 62.871,
	36.5436 62.7836,
	36.5217 62.7398,
	36.4452 62.6524,
	36.3905 62.5649,
	36.3577 62.4774,
	36.314 62.1275,
	36.2921 61.9525,
	36.314 61.7776,
	36.2921 61.6026,
	36.2593 61.5151,
	36.0953 61.3511,
	36.0078 61.2746,
	35.9641 61.2418,
	35.9422 61.2199,
	35.8547 61.198,
	35.811 61.1652,
	35.636 61.1871,
	35.5485 61.2418,
	35.5048 61.2855,
	35.4829 61.3293,
	35.4392 61.373,
	35.3408 61.5479,
	35.308 61.6354,
	35.2205 61.7229,
	35.133 61.7776,
	34.9909 61.9525,
	34.9362 62.04,
	34.8925 62.0728,
	34.8706 62.0728,
	34.8487 62.0947,
	34.8159 62.0837,
	35.0346 61.7338,
	35.133 61.5589,
	35.144 61.5151,
	35.2642 61.3402,
	35.308 61.2527,
	35.3189 61.1652,
	35.2861 61.0778,
	35.2752 61.034,
	35.3626 60.9575,
	35.3845 60.87,
	35.3626 60.7825,
	35.3736 60.7388,
	35.4064 60.695,
	35.4392 60.5201,
	35.4939 60.4326,
	35.5267 60.3451,
	35.5267 60.3014,
	35.5267 60.2795,
	35.5923 60.192,
	35.6251 60.1046,
	35.6251 60.0827,
	35.6907 59.9952,
	35.7344 59.8203,
	35.7563 59.7328,
	35.8656 59.5578,
	35.9203 59.3829,
	36.1171 59.033,
	36.1718 58.9455,
	36.2046 58.858,
	36.2702 58.7705,
	36.314 58.7268,
	36.3577 58.6393,
	36.3796 58.5518,
	36.3905 58.5081,
	36.3468 58.4753,
	36.303 58.4862,
	36.2593 58.4753,
	36.2156 58.4316,
	36.1937 58.3441,
	36.1499 58.2566,
	36.139 58.2129,
	36.1062 58.1691,
	36.0953 58.1254,
	36.0843 58.1035,
	36.0953 58.0598,
	36.1281 58.0379,
	36.303 58.191,
	36.3249 58.191,
	36.3577 58.1473,
	36.3577 57.9723,
	36.3577 57.8848,
	36.3358 57.7973,
	36.3358 57.7536,
	36.3577 57.7099,
	36.3249 57.6661,
	36.3577 57.4912,
	36.4124 57.3162,
	36.4233 57.2287,
	36.4014 56.8788,
	36.3905 56.7039,
	36.4014 56.5289,
	36.3905 56.4414,
	36.3686 56.3977,
	36.3468 56.2228,
	36.3468 56.1353,
	36.3249 56.0478,
	36.303 56.0041,
	36.314 55.9166,
	36.4014 55.7416,
	36.4342 55.5667,
	36.4452 55.3917,
	36.4561 55.3042,
	36.4014 54.9543,
	36.3796 54.7794,
	36.3796 54.7356,
	36.3577 54.6919,
	36.3686 54.5169,
	36.3577 54.4295,
	36.3686 54.3857,
	36.2921 54.0358,
	36.2702 53.8609,
	36.2374 53.7734,
	36.1827 53.6859,
	36.1281 53.5109,
	36.1171 53.4672,
	36.1609 53.2923,
	36.1499 53.2048,
	36.1827 53.0298,
	36.2484 52.8549,
	36.2921 52.6799,
	36.314 52.5924,
	36.3249 52.2425,
	36.303 51.8926,
	36.2812 51.7177,
	36.2921 51.6302,
	36.2812 51.5427,
	36.2921 51.4552,
	36.2812 51.3677,
	36.2702 51.324,
	36.2484 51.3021,
	36.0734 51.2912,
	36.0297 51.2584,
	36.0187 51.2147,
	36.1062 51.1819,
	36.2812 51.1819,
	36.3249 51.1709,
	36.4014 51.0834,
	36.4452 50.996,
	36.4561 50.9522,
	36.4561 50.9304,
	36.4889 50.8866,
	36.4999 50.8429,
	36.467 50.7554,
	36.2921 50.6351,
	36.2702 50.6789,
	36.1827 50.6898,
	36.139 50.6789,
	36.0953 50.6461,
	36.0843 50.6023,
	36.0953 50.5586,
	36.0078 50.5258,
	35.9531 50.4383,
	35.9203 50.3508,
	35.9094 50.2633,
	35.9312 50.2305,
	35.9531 50.2196,
	35.8984 50.1321,
	35.8438 49.9572,
	35.811 49.7822,
	35.8 49.6947,
	35.8328 49.3448,
	35.8438 49.3011,
	35.8328 49.2573,
	35.6579 49.1152,
	35.5595 48.9402,
	35.5267 48.7653,
	35.4939 48.4154,
	35.4829 48.3935,
	35.4501 48.481,
	35.4283 48.6559,
	35.3845 48.7434,
	35.3736 48.7653,
	35.3408 48.7215,
	35.3189 48.5466,
	35.3517 48.1967,
	35.3189 48.0217,
	35.3189 47.9342,
	35.4064 47.7593,
	35.4064 47.6718,
	35.3845 47.5843,
	35.297 47.5297,
	35.2424 47.4422,
	35.2205 47.3547,
	35.2314 47.311,
	35.1768 47.136,
	35.1658 47.1141,
	35.1877 47.0704,
	35.1986 47.0485,
	35.1549 46.9611,
	35.144 46.7861,
	35.144 46.6986,
	35.1658 46.6111,
	35.1549 46.5237,
	34.794 45.8239,
	34.7175 45.7364,
	34.6956 45.6489,
	34.6738 45.299,
	34.7175 45.124,
	34.7503 45.0366,
	34.8706 44.8616,
	34.8487 44.6866,
	34.8925 43.9868,
	34.9253 43.8119,
	34.9362 43.6369,
	34.9362 43.5932,
	34.9362 43.5713,
	34.969 43.5276,
	34.9799 43.5166,
	35.0565 43.6041,
	35.1002 43.7791,
	35.1111 44.129,
	35.1658 44.8288,
	35.1877 45.0037,
	35.1768 45.1787,
	35.1986 45.3537,
	35.1768 45.5286,
	35.1549 45.6161,
	35.1549 45.791,
	35.1986 45.966,
	35.1877 46.141,
	35.1768 46.2284,
	35.2096 46.3159,
	35.3189 46.4909,
	35.3736 46.6658,
	35.3408 46.8408,
	35.3736 47.0157,
	35.3517 47.3656,
	35.3736 47.4531,
	35.4611 47.5078,
	35.5267 47.5953,
	35.5595 47.6827,
	35.5704 47.7702,
	35.5595 47.8577,
	35.6141 48.2076,
	35.636 48.5575,
	35.6579 48.7325,
	35.7126 48.9074,
	35.8 49.0824,
	35.9641 49.2573,
	36.1171 49.6073,
	36.2046 49.7822,
	36.3249 49.9572,
	36.3577 50.0446,
	36.3577 50.0884,
	36.4452 50.1759,
	37.145 50.5586,
	37.32 50.6461,
	37.4949 50.6789,
	37.8448 50.657,
	37.9323 50.6789,
	38.0963 50.7773,
	38.1838 50.8101,
	38.2275 50.8319,
	38.5774 50.8429,
	38.6649 50.8429,
	38.8399 50.8866,
	38.9274 50.8976,
	38.9711 50.9194,
	39.321 50.9304,
	39.496 50.9632,
	39.5834 50.9522,
	39.6709 50.9194,
	39.7147 50.9085,
	39.8896 50.9304,
	39.9771 50.9085,
	40.0208 50.8866,
	40.1958 50.8757,
	40.3707 50.821,
	40.5457 50.7991,
	40.6332 50.7882,
	40.6769 50.7773,
	40.8519 50.6351,
	41.0268 50.5476,
	41.2018 50.4274,
	41.2893 50.3946,
	41.3767 50.3399,
	41.4205 50.318,
	41.497 50.2305,
	41.5408 50.1868,
	41.6829 49.8369,
	41.7376 49.7494,
	41.9125 49.6073,
	42.0875 49.5088,
	42.4374 49.2573,
	42.6124 49.1261,
	42.6561 49.1043,
	42.831 48.9293,
	42.9076 48.8418,
	42.9404 48.7981,
	42.9404 48.7762,
	42.9841 48.7325,
	43.0169 48.645,
	43.0716 48.5575,
	43.0825 48.5138,
	43.0935 48.4919,
	43.1372 48.481,
	43.2247 48.4154,
	43.2575 48.3279,
	43.3778 48.1529,
	43.4106 47.978,
	43.4325 47.9342,
	43.4762 47.8905,
	43.4653 47.803,
	43.4981 47.7156,
	43.5855 47.6281,
	43.6074 47.5406,
	43.5965 47.4531,
	43.6183 47.2782,
	43.5965 47.1032,
	43.5855 47.0157,
	43.5965 46.972,
	43.6074 46.9501,
	43.5855 46.9064,
	43.6402 46.5565,
	43.6183 46.3815,
	43.6293 46.0316,
	43.6511 45.8567,
	43.6621 45.7692,
	43.6511 45.7254,
	43.673 45.5505,
	43.7168 45.3755,
	43.7386 45.2006,
	43.7496 45.1131,
	43.7714 45.0694,
	43.7933 45.0475,
	43.7933 45.0256,
	43.7714 45.0037,
	43.7605 44.8288,
	43.7824 44.6538,
	43.7277 44.3039,
	43.7168 44.2165,
	43.684 44.129,
	43.684 44.1071,
	43.6621 44.0852,
	43.6293 43.9103,
	43.6293 43.8228,
	43.6402 43.7791,
	43.6183 43.6916,
	43.5746 43.6478,
	43.5199 43.5604,
	43.4653 43.3854,
	43.4215 43.2979,
	43.345 43.2105,
	43.2575 43.1448,
	43.181 42.9699,
	43.1263 42.7949,
	42.9951 42.62,
	42.8201 42.445,
	42.7108 42.2701,
	42.5358 42.1279,
	42.3609 41.9639,
	42.2734 41.8874,
	42.0984 41.778,
	42.0109 41.7343,
	41.661 41.6249,
	41.5736 41.5703,
	41.3986 41.4062,
	41.0815 41.0563,
	40.7316 40.7173,
	40.6441 40.6627,
	40.5566 40.5752,
	40.3817 40.4658,
	40.2067 40.3237,
	40.0318 40.1487,
	39.9443 40.0941,
	39.7803 39.941,
	39.6053 39.8207,
	39.5178 39.7988,
	39.4304 39.7988,
	39.3866 39.8098,
	39.2991 39.8644,
	39.2554 39.8754,
	39.0804 39.8535,
	39.0258 39.7988,
	39.0148 39.6239,
	39.0148 39.5364,
	39.0039 39.4927,
	39.0367 39.3177,
	38.8727 39.1756,
	38.8836 39.1318,
	38.8399 39.0443,
	38.6649 38.8913,
	38.5774 38.8147,
	38.49 38.76,
	38.315 38.6179,
	38.1401 38.5085,
	38.0526 38.4429,
	37.7027 38.1258,
	37.5277 38.0165,
	37.4402 37.9618,
	37.2981 37.7868,
	37.2325 37.6994,
	37.1997 37.6119,
	37.1669 37.5791,
	37.1231 37.59,
	37.0794 37.5682,
	36.9919 37.4807,
	36.9482 37.4479,
	36.9372 37.4369,
	36.7842 37.6119,
	36.6967 37.6556,
	36.6748 37.6666,
	36.6529 37.6228,
	36.642 37.601,
	36.6529 37.5791,
	36.6311 37.5572,
	36.5873 37.5791,
	36.5655 37.59,
	36.478 37.5244,
	36.4561 37.4807,
	36.3796 37.426,
	36.3577 37.4479,
	36.3358 37.5353,
	36.2484 37.6228,
	36.2265 37.6338,
	36.139 37.5572,
	36.1062 37.5135,
	36.0187 37.4697,
	35.9969 37.4479,
	35.9531 37.4807,
	35.9203 37.5682,
	36.0297 37.7431,
	36.0406 37.7868,
	35.9859 37.9618,
	35.975 38.0493,
	35.9094 38.2242,
	35.8 38.3992,
	35.6251 38.5085,
	35.4829 38.6835,
	35.4283 38.771,
	35.2642 38.9459,
	35.144 39.1209,
	35.0565 39.1646,
	35.0346 39.1756,
	34.9909 39.1537,
	34.969 39.1427,
	34.9253 39.1537,
	34.9034 39.1646,
	34.7284 39.0771,
	34.641 39.0334,
	34.5972 39.0443,
	34.5097 39.1209,
	34.4551 39.0334,
	34.4332 38.8584,
	34.4332 38.8147,
	34.4004 38.771,
	34.3676 38.8147,
	34.3457 38.9022,
	34.302 38.9897,
	34.2692 39.1646,
	34.2582 39.2084,
	34.2145 39.1209,
	34.2254 39.0334,
	34.2145 38.9459,
	34.2036 38.9022,
	34.2473 38.8147,
	34.2582 38.7272,
	34.2473 38.6835,
	34.2582 38.6398,
	34.1489 38.2898,
	34.1052 38.2024,
	34.0286 38.1258,
	34.0067 38.093,
	34.0286 38.0493,
	34.0724 38.0274,
	34.0833 37.8525,
	34.0724 37.765,
	34.0833 37.59,
	34.0942 37.5463,
	34.0724 37.4588,
	34.0724 37.3713,
	34.0942 37.3276,
	34.0833 37.1526,
	34.0505 36.9777,
	33.9958 36.8027,
	34.0177 36.6278,
	34.0505 36.5403,
	34.0724 36.4966,
	34.0833 36.3216,
	34.1052 36.2341,
	34.1052 36.0592,
	34.1489 35.9717,
	34.1598 35.8842,
	34.138 35.7967,
	34.138 35.7093,
	34.1598 35.6218,
	34.1598 35.5343,
	34.1817 35.4468,
	34.1817 35.2719,
	34.2036 35.1844,
	34.2036 35.0969,
	34.1708 35.0094,
	34.1052 34.922,
	33.9302 34.8017,
	33.8537 34.7142,
	33.8318 34.6705,
	33.8209 34.6595,
	"/>
</Transform>

<Transform dim="0"
 xcoef=" 0 1 0 0 0 0"
 ycoef=" 0 0 1 0 0 0">
<Contour name="TB1_AP22_EM" hidden="false" closed="true" simplified="true" border="0.133333 0.568627 1" fill="0 1 0" mode="9"
 points="26.7129 39.084,
	26.828 38.6237,
	26.8424 38.3936,
	26.8856 38.1634,
	26.8856 38.0483,
	26.8568 37.9332,
	26.7849 37.8182,
	26.7561 37.588,
	26.7561 37.4729,
	26.7273 37.3578,
	26.7273 37.2428,
	26.7993 37.1277,
	26.9143 37.0701,
	27.015 36.9838,
	27.1013 36.8688,
	27.1013 36.84,
	27.1301 36.8112,
	27.1301 36.7824,
	27.1589 36.7537,
	27.1877 36.6386,
	27.2164 36.6098,
	27.2452 36.4947,
	27.3027 36.3797,
	27.4034 36.279,
	27.461 36.2502,
	27.5329 36.02,
	27.5904 35.905,
	27.8206 35.7611,
	27.8494 35.7323,
	27.9644 35.6892,
	28.022 35.646,
	28.1371 35.6604,
	28.1802 35.7755,
	28.1658 35.8906,
	28.1802 36.0057,
	28.3097 36.2358,
	28.3385 36.466,
	28.3528 36.5235,
	28.4679 36.6386,
	28.5686 36.8688,
	28.5974 36.9838,
	28.5542 37.0414,
	28.3241 37.1421,
	28.2953 37.1565,
	28.3241 37.2715,
	28.3385 37.3003,
	28.3097 37.3291,
	28.2521 37.3435,
	28.1658 37.4585,
	28.1083 37.5736,
	28.022 37.6743,
	27.9069 37.7031,
	27.8494 37.6743,
	27.7343 37.6887,
	27.6192 37.7462,
	27.5185 37.8325,
	27.461 37.9476,
	27.4466 38.0052,
	27.2452 38.2353,
	27.1877 38.2929,
	27.1589 38.3216,
	27.0438 38.782,
	26.9863 39.0121,
	26.9431 39.1272,
	26.9287 39.1847,
	26.828 39.2854,
	26.7705 39.2998,
	26.7273 39.2567,
	26.7129 39.1416,
	26.7129 39.0984,
	"/>
</Transform>

<Transform dim="0"
 xcoef=" 0 1 0 0 0 0"
 ycoef=" 0 0 1 0 0 0">
<Contour name="TB1_AP22_EM" hidden="false" closed="true" simplified="true" border="0.133333 0.568627 1" fill="0 1 0" mode="9"
 points="28.7372 35.1409,
	28.7661 35.1119,
	28.8817 35.1119,
	28.9395 35.1264,
	28.9684 35.1264,
	29.0118 35.0686,
	29.0407 34.9529,
	29.1419 34.8518,
	29.3732 34.7795,
	29.4888 34.7506,
	29.6045 34.6927,
	29.6334 34.6638,
	29.6912 34.6494,
	29.749 34.606,
	29.9803 34.5337,
	30.0381 34.5193,
	30.067 34.5048,
	30.1249 34.5193,
	30.2405 34.4904,
	30.3562 34.4181,
	30.4718 34.3747,
	30.5296 34.3603,
	30.5874 34.3747,
	30.8187 34.3314,
	30.8765 34.288,
	30.9055 34.2591,
	30.9055 34.2013,
	30.9344 34.1434,
	31.05 34.1001,
	31.1656 34.0856,
	31.3969 34.1579,
	31.5126 34.1434,
	31.5704 34.1434,
	31.6282 34.1724,
	31.6427 34.1868,
	31.7583 34.0712,
	31.874 34.0567,
	31.9896 34.0712,
	32.1052 34.0567,
	32.2209 34.1145,
	32.2787 34.1579,
	32.3221 34.1001,
	32.351 34.0712,
	32.5823 34.0278,
	32.7268 33.7965,
	32.7991 33.6809,
	32.8569 33.6375,
	32.9147 33.6664,
	33.0304 33.7821,
	33.146 34.0133,
	33.1749 34.129,
	33.2328 34.2446,
	33.2761 34.3025,
	33.3918 34.3747,
	33.5074 34.4036,
	33.6231 34.4759,
	33.6809 34.5916,
	33.6953 34.8228,
	33.6664 34.8662,
	33.6953 34.8807,
	33.7098 34.8662,
	33.7242 34.9819,
	33.7098 35.0397,
	33.8254 35.1264,
	33.8977 35.242,
	33.9122 35.2999,
	33.8832 35.4155,
	33.8688 35.6468,
	33.7965 35.7624,
	33.7532 36.225,
	33.7532 36.2828,
	33.6809 36.3985,
	33.6231 36.4418,
	33.5941 36.4707,
	33.5363 36.4418,
	33.305 35.9793,
	33.2761 35.8636,
	33.2183 35.748,
	32.987 35.5167,
	32.9292 35.4589,
	32.6979 35.3143,
	32.5823 35.242,
	32.51 35.1264,
	32.4522 35.083,
	32.4233 35.0686,
	32.3076 35.0975,
	32.192 35.0397,
	31.9607 34.8373,
	31.9318 34.8228,
	31.874 34.8518,
	31.7728 34.9529,
	31.6571 35.0108,
	31.4692 35.242,
	31.3825 35.3577,
	31.2668 35.3866,
	31.1512 35.3721,
	31.0934 35.3721,
	31.0356 35.3288,
	30.9922 35.2131,
	30.9922 35.1553,
	31.0211 35.0975,
	31.0356 35.083,
	30.9199 35.0252,
	30.8043 35.083,
	30.7464 35.1264,
	30.6886 35.0975,
	30.6019 34.9819,
	30.4863 34.9674,
	30.3706 34.9819,
	30.255 35.0397,
	30.1393 35.1409,
	30.0237 35.1698,
	29.7924 35.3432,
	29.5611 35.3721,
	29.3298 35.3577,
	29.2142 35.3721,
	29.0985 35.4155,
	28.9829 35.43,
	28.9251 35.4155,
	28.8383 35.2999,
	28.7372 35.2131,
	28.7372 35.1553,
	"/>
</Transform>

<Transform dim="0"
 xcoef=" 0 1 0 0 0 0"
 ycoef=" 0 0 1 0 0 0">
<Contour name="TB3_AP01_EM" hidden="false" closed="true" simplified="true" border="0 1 0" fill="0 1 0" mode="9"
 points="98.2571 64.022,
	98.465 63.3568,
	98.5481 63.0242,
	98.5689 62.6917,
	98.5689 62.5254,
	98.6313 62.3591,
	98.8391 62.0265,
	98.9015 61.6939,
	98.9223 61.3613,
	98.9638 61.195,
	98.9015 61.0287,
	98.8807 60.6962,
	99.1717 60.031,
	99.2549 59.8647,
	99.2964 59.6984,
	99.338 59.6153,
	99.3796 58.9501,
	99.5043 58.6175,
	99.5251 58.5344,
	99.5043 58.2018,
	99.5251 58.1187,
	99.629 57.9524,
	99.7537 57.2872,
	99.8369 56.9546,
	99.8992 56.7883,
	100.003 56.622,
	100.024 56.2895,
	100.003 56.1232,
	100.045 55.9569,
	100.045 55.6243,
	100.107 55.458,
	100.086 55.1254,
	100.024 54.9591,
	100.024 54.876,
	100.003 54.8344,
	100.149 54.5018,
	100.211 54.4187,
	100.253 54.0861,
	100.211 53.9198,
	100.211 53.7535,
	100.315 53.5872,
	100.336 53.4209,
	100.232 53.0884,
	100.128 52.9221,
	100.107 52.8389,
	100.169 52.6726,
	100.232 52.5895,
	100.232 52.5479,
	100.294 52.4648,
	100.336 52.2985,
	100.315 52.1322,
	100.211 51.9659,
	100.149 51.7996,
	100.169 51.7165,
	100.253 51.6333,
	100.336 51.6333,
	100.398 51.5502,
	100.398 51.467,
	100.294 51.3007,
	100.273 51.1344,
	100.253 51.0513,
	100.481 50.3861,
	100.585 50.2198,
	100.689 49.8873,
	100.71 49.721,
	100.689 49.5547,
	100.564 49.3884,
	100.544 49.2221,
	100.564 49.0558,
	100.689 48.7232,
	100.751 48.3906,
	100.793 48.2244,
	100.897 48.0581,
	100.939 48.0165,
	101.022 48.0165,
	101.063 48.0581,
	101.23 47.9749,
	101.5 47.6423,
	101.812 47.3098,
	102.144 47.0811,
	102.477 46.7693,
	102.56 46.6862,
	102.601 46.6446,
	102.768 46.6238,
	102.934 46.6446,
	103.017 46.6238,
	103.1 46.6446,
	103.267 46.6238,
	103.35 46.603,
	103.516 46.4783,
	103.558 46.4783,
	103.62 46.6446,
	103.641 46.6862,
	103.745 46.5199,
	103.89 46.3536,
	103.973 46.312,
	103.994 46.2912,
	104.077 46.3536,
	104.14 46.5199,
	104.472 46.7485,
	104.555 46.7901,
	104.722 46.7901,
	105.054 46.603,
	105.137 46.5199,
	105.179 46.4783,
	105.262 46.4783,
	105.366 46.6446,
	105.47 46.9772,
	105.512 47.0603,
	105.532 47.1019,
	105.699 47.1019,
	105.74 47.0811,
	105.844 47.2266,
	105.906 47.5592,
	105.844 48.8895,
	105.803 49.2221,
	105.886 49.5547,
	105.927 49.6378,
	105.906 49.8041,
	105.823 49.9704,
	105.803 50.1367,
	105.906 50.8019,
	105.948 50.9681,
	105.553 52.2985,
	105.428 52.6311,
	105.262 53.2962,
	105.241 53.3794,
	105.013 53.7119,
	104.93 53.8782,
	104.826 54.2108,
	104.68 54.5434,
	104.576 54.7097,
	104.431 55.0423,
	104.368 55.2086,
	104.306 55.5411,
	104.202 55.8737,
	104.14 56.04,
	104.077 56.1232,
	103.953 56.4557,
	103.89 56.622,
	103.786 56.7883,
	103.724 56.9546,
	103.662 57.0378,
	103.558 57.3703,
	103.495 57.5366,
	103.474 57.6198,
	103.308 57.7861,
	103.225 58.1187,
	102.955 58.7838,
	102.851 58.9501,
	102.581 59.2619,
	102.31 59.9271,
	102.248 60.2597,
	102.207 60.4259,
	102.103 60.5922,
	102.019 60.6754,
	101.978 60.6962,
	101.895 61.0287,
	101.687 61.3613,
	101.604 61.3821,
	101.437 61.3198,
	101.354 61.299,
	101.313 61.299,
	101.25 61.3821,
	101.209 61.4237,
	101.209 61.5068,
	101.209 61.5484,
	101.375 61.6523,
	101.437 61.7355,
	101.458 61.9018,
	101.458 61.9849,
	101.396 62.0681,
	101.23 62.0889,
	101.146 62.0889,
	101.063 62.1304,
	100.918 62.463,
	100.751 62.6293,
	100.689 62.7956,
	100.585 62.9619,
	100.523 63.1282,
	100.294 63.4608,
	100.273 63.5439,
	100.232 63.5855,
	100.211 63.6686,
	100.066 63.8349,
	99.9824 63.8765,
	99.8992 63.8765,
	99.8161 63.8349,
	99.5459 63.5231,
	99.4627 63.5647,
	99.4004 63.6478,
	99.338 63.9804,
	99.338 64.022,
	99.1717 64.1675,
	99.0054 64.2714,
	98.9223 64.3546,
	98.7144 64.6871,
	98.6521 64.8534,
	98.5066 64.9989,
	98.3403 65.0197,
	98.2987 65.0197,
	98.2571 64.8534,
	98.2571 64.1883,
	98.2571 64.0428,
	"/>
</Transform>

<Transform dim="0"
 xcoef=" 0 1 0 0 0 0"
 ycoef=" 0 0 1 0 0 0">
<Contour name="TB3_Nuc01_EM" hidden="false" closed="true" simplified="true" border="0 1 0" fill="0 1 0" mode="9"
 points="100.97 51.3802,
	101.061 50.655,
	101.265 49.9297,
	101.333 49.7484,
	101.559 49.3858,
	101.831 49.0231,
	101.99 48.8418,
	102.353 48.6379,
	102.398 48.5925,
	102.76 48.4565,
	102.851 48.3885,
	103.214 48.2752,
	103.304 48.2299,
	103.486 48.2072,
	103.848 48.2526,
	104.03 48.2526,
	104.12 48.2979,
	104.302 48.4792,
	104.324 48.5245,
	104.37 48.5019,
	104.732 48.8192,
	105.004 49.1818,
	105.05 49.2725,
	105.05 49.3178,
	105.095 49.3631,
	105.208 49.7257,
	105.231 50.451,
	105.254 50.6323,
	105.027 52.0828,
	104.732 52.8081,
	104.732 52.8534,
	104.506 53.1934,
	104.392 53.3747,
	104.347 53.4654,
	104.256 53.556,
	104.211 53.6467,
	103.508 54.1453,
	103.327 54.2813,
	103.146 54.3719,
	102.783 54.4626,
	102.421 54.4399,
	102.239 54.3946,
	101.877 54.236,
	101.786 54.1906,
	101.469 53.8507,
	101.401 53.76,
	101.378 53.6694,
	101.333 53.624,
	101.287 53.4427,
	101.197 53.2614,
	101.106 52.8988,
	101.061 52.8081,
	100.97 52.0828,
	100.97 51.7202,
	100.97 51.5389,
	100.97 51.4482,
	100.97 51.4029,
	"/>
</Transform>

<Transform dim="0"
 xcoef=" 0 1 0 0 0 0"
 ycoef=" 0 0 1 0 0 0">
<Contour name="TB0_Nuc08_EM" hidden="false" closed="true" simplified="true" border="0.823529 0 0" fill="1 0 0" mode="9"
 points="13.0954 33.4611,
	13.3582 32.7604,
	13.7085 32.0596,
	13.6647 31.3588,
	13.7523 31.0085,
	13.9713 30.6581,
	14.3217 30.4391,
	14.4969 30.3077,
	14.8473 30.1763,
	15.1976 29.9135,
	15.3728 29.7821,
	15.7232 29.7383,
	16.0736 29.9573,
	16.3802 30.2639,
	16.424 30.3515,
	16.3802 30.4391,
	16.4678 30.7895,
	16.424 31.4902,
	16.3802 31.8406,
	16.3364 32.0158,
	16.424 32.7166,
	16.2926 33.4173,
	16.2926 34.1181,
	16.2488 34.4684,
	16.205 34.6436,
	15.6794 35.3006,
	15.329 35.3882,
	14.6283 35.1692,
	13.9275 34.8626,
	13.7523 34.775,
	13.5772 34.5998,
	13.3582 34.2495,
	13.183 34.0743,
	13.0954 33.7239,
	13.0954 33.5487,
	13.0954 33.5049,
	"/>
</Transform>

<Transform dim="0"
 xcoef=" 0 1 0 0 0 0"
 ycoef=" 0 0 1 0 0 0">
<Contour name="TB2_AP14_EM" hidden="false" closed="true" simplified="true" border="0 1 0" fill="0 1 0" mode="9"
 points="67.0744 59.8174,
	67.124 59.6189,
	67.2108 59.4204,
	67.2729 59.3212,
	67.2977 59.2716,
	67.3969 59.1971,
	67.4465 59.1723,
	67.5086 59.0731,
	67.5334 59.0235,
	67.5706 58.825,
	67.6078 58.7257,
	67.6946 58.6389,
	67.7443 58.6017,
	67.7939 58.6141,
	67.8435 58.6513,
	67.8931 58.6389,
	67.9924 58.5521,
	68.0916 58.5645,
	68.1412 58.5645,
	68.228 58.4776,
	68.2777 58.428,
	68.4762 58.3536,
	68.5754 58.2792,
	68.6746 58.2295,
	69.0716 58.1427,
	69.1708 58.1303,
	69.3693 58.1923,
	69.4189 58.2047,
	69.6174 58.1799,
	69.7167 58.1675,
	69.8159 58.2047,
	69.9151 58.2792,
	69.9648 58.3288,
	70.0144 58.3536,
	70.2129 58.2543,
	70.3121 58.2171,
	70.4113 58.2295,
	70.461 58.2295,
	70.6594 58.3288,
	70.7587 58.3784,
	70.9572 58.4404,
	71.1557 58.4528,
	71.5526 58.4156,
	71.7511 58.3784,
	71.9496 58.304,
	72.0488 58.2668,
	72.2473 58.2543,
	72.3465 58.2792,
	72.545 58.2916,
	72.6443 58.2792,
	72.8427 58.3164,
	73.2397 58.4776,
	73.4382 58.5893,
	73.5374 58.6513,
	73.5871 58.7009,
	73.7855 58.7878,
	73.984 58.9738,
	74.0833 59.0359,
	74.1825 59.1227,
	74.1949 59.1723,
	74.2569 59.2716,
	74.2817 59.3708,
	74.2941 59.4204,
	74.2941 59.4452,
	74.3934 59.5321,
	74.443 59.5445,
	74.4678 59.5445,
	74.5671 59.6189,
	74.6415 59.7182,
	74.7779 60.5121,
	74.8648 60.7106,
	74.9144 60.8098,
	74.9392 60.909,
	74.9268 61.1075,
	74.8152 61.5045,
	74.8028 61.5541,
	74.7779 61.5789,
	74.7159 61.7774,
	74.6291 61.9759,
	74.5919 62.0751,
	74.5919 62.4721,
	74.6043 62.5713,
	74.5919 62.6706,
	74.5422 62.683,
	74.505 62.6706,
	74.4802 63.0675,
	74.4678 63.1668,
	74.4554 63.2164,
	74.2941 63.4149,
	74.2445 63.5141,
	73.9468 63.9111,
	73.9344 63.9607,
	73.9096 63.9855,
	73.8848 64.184,
	73.8972 64.2832,
	73.7607 65.0772,
	73.7235 65.1764,
	73.4878 65.5734,
	73.3017 65.7718,
	73.1033 65.9083,
	73.004 65.9703,
	72.8055 66.144,
	72.7559 66.1688,
	72.5574 66.3425,
	72.4582 66.4417,
	72.3589 66.5161,
	72.2597 66.5534,
	72.0612 66.5782,
	71.962 66.5782,
	71.7635 66.6402,
	71.6643 66.6898,
	71.4658 66.7022,
	71.3665 66.7146,
	71.1681 66.8015,
	70.9696 66.8635,
	70.8703 66.9255,
	70.6719 67.0868,
	70.585 67.1736,
	70.5354 67.2108,
	70.1384 67.2729,
	70.0392 67.2853,
	69.8407 67.248,
	69.7415 67.2232,
	69.6422 67.1612,
	69.4686 66.9627,
	69.2701 66.8511,
	69.1708 66.7891,
	69.1212 66.7767,
	68.9227 66.6278,
	68.7243 66.5782,
	68.625 66.5534,
	68.5258 66.4913,
	68.4265 66.3921,
	68.3025 66.1936,
	68.1412 66.0075,
	68.0916 65.9579,
	68.042 65.8587,
	67.9799 65.4617,
	67.9427 65.3625,
	67.8311 65.164,
	67.7939 65.0647,
	67.7939 65.0151,
	67.6946 64.8166,
	67.6326 64.6182,
	67.6078 64.4197,
	67.5334 64.2212,
	67.4961 64.122,
	67.5086 63.9235,
	67.5458 63.725,
	67.5582 63.5265,
	67.5458 63.328,
	67.4589 63.2288,
	67.4217 63.1792,
	67.3969 63.0799,
	67.3969 62.9807,
	67.4217 62.8815,
	67.3473 62.7822,
	67.3225 62.683,
	67.3101 62.4845,
	67.2853 62.3852,
	67.2729 61.5913,
	67.2729 61.3928,
	67.248 61.1944,
	67.186 60.9959,
	67.2232 60.7974,
	67.2108 60.4004,
	67.1488 60.202,
	67.1116 60.1523,
	67.0744 59.9538,
	67.0744 59.8546,
	67.0744 59.8298,
	"/>
</Transform>

<Transform dim="0"
 xcoef=" 0 1 0 0 0 0"
 ycoef=" 0 0 1 0 0 0">
<Contour name="TB2_AP14_EM" hidden="false" closed="true" simplified="true" border="0 1 0" fill="0 1 0" mode="9"
 points="64.4634 19.2371,
	64.5342 18.7841,
	64.6616 18.3312,
	64.7607 18.1047,
	64.9022 17.8782,
	64.9588 17.8216,
	65.0296 17.7083,
	65.2419 17.4818,
	65.341 17.3686,
	65.61 16.9156,
	65.7657 16.7033,
	65.794 16.6467,
	65.9072 16.5334,
	66.0913 16.3636,
	66.3177 16.1654,
	66.6999 15.769,
	66.8556 15.5426,
	66.983 15.3161,
	67.0113 15.2878,
	67.0255 15.2311,
	67.1104 15.1179,
	67.1387 15.0613,
	67.3369 14.8348,
	67.5634 14.6225,
	67.6766 14.5092,
	68.1155 14.1695,
	68.2004 14.0846,
	68.2995 13.8581,
	68.3136 13.8015,
	68.3561 13.7448,
	68.3561 13.7165,
	68.4693 13.6174,
	68.526 13.575,
	68.6392 13.5608,
	68.6958 13.5891,
	68.7241 13.6174,
	68.7241 13.6457,
	68.8799 13.8722,
	68.9789 13.9855,
	69.0497 14.0987,
	69.0497 14.212,
	69.0497 14.2686,
	69.0639 14.2969,
	68.9648 14.7499,
	68.9223 14.9763,
	68.8799 15.0754,
	68.8515 15.0188,
	68.8515 14.9622,
	68.8374 14.948,
	68.8232 15.0613,
	68.7949 15.1179,
	68.7949 15.1745,
	68.7525 15.2878,
	68.71 15.3444,
	68.6675 15.4576,
	68.5967 15.9106,
	68.4269 16.3636,
	68.1862 16.8165,
	67.9173 17.2695,
	67.8607 17.3827,
	67.6908 17.6092,
	67.62 17.7225,
	67.4219 17.9348,
	67.1954 18.1188,
	66.9689 18.2179,
	66.8556 18.2604,
	66.8273 18.2604,
	66.7707 18.3028,
	66.7424 18.3312,
	66.7141 18.3312,
	66.6008 18.4302,
	66.4876 18.501,
	66.431 18.5293,
	65.9922 18.9681,
	65.7657 19.1946,
	65.5392 19.3503,
	65.0862 19.6051,
	64.973 19.6759,
	64.9447 19.7042,
	64.9164 19.7042,
	64.888 19.7325,
	64.7748 19.7608,
	64.7182 19.775,
	64.6049 19.7325,
	64.5483 19.7042,
	64.5059 19.6476,
	64.4775 19.4211,
	64.4634 19.3079,
	64.4634 19.2513,
	"/>
</Transform>

<Transform dim="0"
 xcoef=" 0 1 0 0 0 0"
 ycoef=" 0 0 1 0 0 0">
<Contour name="TB3_Nuc03_EM" hidden="false" closed="true" simplified="true" border="0 1 0" fill="0 1 0" mode="9"
 points="89.7704 50.2423,
	89.8328 49.9094,
	89.9576 49.5766,
	90.02 49.4101,
	90.0824 49.3269,
	90.2073 48.994,
	90.3737 48.6612,
	90.3945 48.5779,
	90.4985 48.4115,
	90.5609 48.2451,
	90.5817 48.1619,
	90.6442 48.0786,
	90.7066 47.9122,
	91.1435 47.2465,
	91.4347 46.9344,
	91.7468 46.664,
	91.9132 46.5183,
	91.9964 46.4767,
	92.0797 46.3935,
	92.2461 46.2895,
	92.3293 46.2063,
	92.6622 45.9982,
	92.7454 45.9358,
	92.9118 45.8734,
	93.5776 45.8526,
	93.9104 45.8734,
	94.0769 45.8942,
	94.2433 45.9566,
	94.5762 46.1855,
	94.8466 46.4351,
	95.1795 46.768,
	95.3251 46.9136,
	95.4291 47.08,
	95.4916 47.4129,
	95.5124 47.5793,
	95.5748 47.7458,
	95.6996 48.4115,
	95.7204 48.5779,
	95.6788 48.7444,
	95.6788 48.8276,
	95.6372 48.9108,
	95.6372 49.0772,
	95.5956 49.2437,
	95.5956 49.3269,
	95.3875 49.9926,
	95.3251 50.1591,
	95.1379 50.4919,
	95.0547 50.6584,
	94.9506 50.9912,
	94.7218 51.3241,
	94.1185 51.9482,
	93.952 52.0939,
	93.6192 52.3227,
	93.536 52.4059,
	93.3695 52.4891,
	93.2863 52.5516,
	93.2447 52.5516,
	93.1615 52.6348,
	93.1199 52.6348,
	93.0783 52.6764,
	92.7454 52.822,
	92.7038 52.8636,
	92.6206 52.8844,
	92.579 52.926,
	92.2461 53.0301,
	91.9132 53.0717,
	91.5804 53.0717,
	91.2475 52.9884,
	91.081 52.9052,
	90.9978 52.8844,
	90.665 52.6556,
	90.3321 52.3643,
	90.0616 52.0315,
	89.9784 51.865,
	89.9368 51.7818,
	89.9368 51.7402,
	89.8952 51.6986,
	89.8536 51.5322,
	89.8536 51.1993,
	89.7704 50.5335,
	89.7704 50.3671,
	89.7704 50.2839,
	89.7704 50.2631,
	"/>
</Transform>

<Transform dim="0"
 xcoef=" 0 1 0 0 0 0"
 ycoef=" 0 0 1 0 0 0">
<Contour name="TB3_Nuc08_EM" hidden="false" closed="true" simplified="true" border="0 1 0" fill="0 1 0" mode="9"
 points="85.6097 63.984,
	85.7786 63.2117,
	85.8269 62.8255,
	85.851 62.6324,
	85.9234 62.4393,
	85.9717 62.3428,
	86.02 62.2945,
	86.2131 62.2945,
	86.5992 62.1738,
	86.9854 62.1497,
	87.3716 62.1738,
	87.4681 62.2221,
	87.4923 62.3186,
	87.3233 62.4876,
	87.1302 62.5841,
	87.0337 62.6083,
	86.6475 62.8979,
	86.5992 62.8979,
	86.4303 63.0427,
	86.3579 63.2358,
	86.382 63.3323,
	86.5751 63.2841,
	86.9613 62.9944,
	87.082 62.8255,
	87.1544 62.7289,
	87.2509 62.7048,
	87.3475 62.7289,
	87.4923 62.922,
	87.5888 62.9462,
	87.7095 62.7531,
	87.806 62.6807,
	87.9026 62.6807,
	88.0715 62.8496,
	88.1439 63.0427,
	88.2646 63.8151,
	88.4336 64.2012,
	88.6749 64.9736,
	88.8439 65.3597,
	88.9646 65.5528,
	89.1094 65.939,
	89.1818 66.1321,
	89.1576 66.5183,
	89.0852 66.9044,
	89.0128 67.001,
	88.9887 67.1941,
	88.9646 67.2906,
	88.9887 67.6768,
	88.8197 67.7975,
	88.7715 67.9905,
	88.7473 68.3767,
	88.7473 68.425,
	88.6508 68.5215,
	88.2646 68.5939,
	88.1681 68.5939,
	88.1198 68.6422,
	87.7336 68.5698,
	87.3475 68.425,
	87.2992 68.425,
	87.2509 68.3767,
	87.2026 68.3767,
	87.1061 68.2802,
	86.7199 68.0388,
	86.3337 67.725,
	86.2613 67.6285,
	86.0924 66.8562,
	86.0441 66.6631,
	85.9234 66.47,
	85.8269 66.3734,
	85.8028 65.9873,
	85.7304 65.7942,
	85.7062 65.408,
	85.7062 65.2149,
	85.6338 64.8288,
	85.6097 64.0564,
	85.6097 64.0081,
	"/>
</Transform>

<Transform dim="0"
 xcoef=" 0 1 0 0 0 0"
 ycoef=" 0 0 1 0 0 0">
<Contour name="TB3_Nuc08_EM" hidden="false" closed="true" simplified="true" border="0 1 0" fill="0 1 0" mode="9"
 points="87.0578 61.2808,
	87.1061 61.2567,
	87.2992 61.4256,
	87.3475 61.5221,
	87.3475 61.6187,
	87.275 61.7152,
	87.1785 61.6911,
	87.1544 61.498,
	87.0578 61.4015,
	87.0578 61.3049,
	"/>
</Transform>

<Transform dim="0"
 xcoef=" 0 1 0 0 0 0"
 ycoef=" 0 0 1 0 0 0">
<Contour name="TB3_Nuc33_EM" hidden="false" closed="true" simplified="true" border="0 1 1" fill="0 1 1" mode="9"
 points="98.1404 29.8199,
	98.2145 29.3458,
	98.2885 29.1088,
	98.4218 28.8718,
	98.5848 28.6348,
	98.6144 28.5755,
	98.6737 28.5163,
	98.7033 28.457,
	98.8959 28.22,
	99.1181 28.0126,
	99.2366 27.9089,
	99.2958 27.8645,
	99.3255 27.8645,
	99.3847 27.82,
	99.6217 27.7756,
	99.8588 27.7608,
	99.9773 27.746,
	100.451 27.8496,
	100.688 27.9978,
	100.807 28.057,
	100.925 28.1459,
	101.118 28.3533,
	101.177 28.4126,
	101.236 28.6496,
	101.325 28.8866,
	101.414 29.3606,
	101.473 29.5977,
	101.518 29.7162,
	101.503 29.9532,
	101.488 30.0717,
	101.429 30.1902,
	101.399 30.2495,
	101.37 30.2791,
	101.37 30.3087,
	101.192 30.5161,
	101.103 30.6346,
	101.044 30.6939,
	101.014 30.7531,
	100.777 30.9457,
	100.54 31.1087,
	100.422 31.1827,
	100.214 31.3753,
	99.9773 31.5382,
	99.8588 31.5382,
	99.7995 31.5086,
	99.7699 31.4494,
	99.7551 31.3309,
	99.7699 31.0938,
	99.7551 30.9753,
	99.7551 30.9161,
	99.6514 30.842,
	99.5921 30.8568,
	99.4884 30.9605,
	99.4144 31.079,
	99.3847 31.1235,
	99.1477 31.316,
	99.0885 31.3605,
	98.9699 31.3605,
	98.9403 31.3605,
	98.8959 31.3012,
	98.8514 31.1827,
	98.6292 30.9753,
	98.5107 30.9605,
	98.4515 30.9605,
	98.3922 30.9309,
	98.2885 30.8272,
	98.2145 30.7087,
	98.17 30.4717,
	98.1404 30.3532,
	98.1404 29.8791,
	98.1404 29.8347,
	"/>
</Transform>

<Transform dim="0"
 xcoef=" 0 1 0 0 0 0"
 ycoef=" 0 0 1 0 0 0">
<Contour name="TB3_Nuc34_EM" hidden="false" closed="true" simplified="true" border="0 1 1" fill="0 1 1" mode="9"
 points="92.3018 39.7542,
	92.4144 39.3938,
	92.527 39.2136,
	92.527 39.1686,
	92.5946 39.0785,
	92.5946 39.0334,
	92.7072 38.8532,
	92.8423 38.4929,
	92.9099 37.7721,
	92.9775 37.4117,
	93.0901 37.0513,
	93.2478 36.691,
	93.2928 36.6459,
	93.4955 35.9252,
	93.5631 35.745,
	93.7883 35.4071,
	94.1487 34.6864,
	94.1937 34.6413,
	94.2163 34.5512,
	94.4415 34.1908,
	94.5766 34.0107,
	94.6667 33.8305,
	94.7118 33.7854,
	94.7118 33.7404,
	94.7568 33.6953,
	94.8244 33.5151,
	95.0496 33.1548,
	95.1623 32.9746,
	95.1623 32.9295,
	95.2073 32.8845,
	95.2073 32.8394,
	95.4776 32.479,
	95.7704 32.1862,
	96.2884 31.4655,
	96.4461 31.3078,
	96.6263 31.1952,
	96.7164 31.2177,
	96.8966 31.3303,
	96.9867 31.4204,
	97.0993 31.5781,
	97.2795 31.5781,
	97.3696 31.6006,
	97.5272 31.7583,
	97.5948 31.9385,
	97.6173 32.2989,
	97.5498 32.479,
	97.4371 32.6592,
	97.257 32.8394,
	97.1218 32.9746,
	97.0768 33.0196,
	97.0768 33.1097,
	97.1443 33.1998,
	97.1669 33.38,
	97.1443 33.5602,
	97.0768 33.7404,
	96.9641 33.9206,
	96.8966 34.1007,
	96.9191 34.4611,
	96.8741 34.6413,
	96.7614 34.8215,
	96.6713 34.9116,
	96.6263 34.9116,
	96.4011 34.5512,
	96.311 34.371,
	96.3335 34.0107,
	96.356 33.8305,
	96.3785 33.7404,
	96.311 33.5827,
	96.2209 33.6278,
	96.0857 33.8079,
	96.0632 33.9881,
	96.0857 34.1683,
	96.1533 34.3485,
	96.1758 34.4386,
	96.0632 34.6188,
	95.883 34.7314,
	95.7028 34.7314,
	95.5226 34.8215,
	95.365 34.9792,
	95.2524 35.3395,
	95.1172 36.0603,
	95.0046 36.4207,
	94.9595 36.7811,
	94.9595 36.9612,
	95.0722 37.0739,
	95.2524 37.0513,
	95.3875 36.9162,
	95.5001 36.5558,
	95.2524 36.2405,
	95.2073 36.0603,
	95.2524 35.8801,
	95.2749 35.79,
	95.3875 35.6098,
	95.7479 35.4071,
	95.9281 35.3395,
	96.1082 35.317,
	96.2884 35.3846,
	96.4686 35.4972,
	96.5362 35.5873,
	96.5812 35.6324,
	96.6038 35.9927,
	96.6713 36.3531,
	96.7389 36.5333,
	96.7614 36.7135,
	96.7389 37.0739,
	96.7614 37.7946,
	96.7164 38.155,
	96.5362 38.8758,
	96.2884 39.5965,
	96.2884 39.9569,
	96.311 40.1371,
	96.2434 40.4975,
	96.1758 40.6776,
	96.1983 41.038,
	96.1983 41.2182,
	96.1983 41.3083,
	95.9956 41.6687,
	95.9281 41.7588,
	95.7479 41.8714,
	95.5677 41.939,
	95.4776 41.984,
	95.3875 41.984,
	95.2974 41.8939,
	95.2524 41.8489,
	94.5316 42.0065,
	94.3514 42.0516,
	94.1712 41.984,
	94.0136 41.8038,
	93.9685 41.7137,
	93.8784 41.6236,
	93.6982 41.2633,
	93.6081 41.0831,
	93.5631 40.9029,
	93.5406 40.8128,
	93.473 40.7227,
	93.3829 40.7002,
	93.2027 40.7677,
	92.8423 40.8353,
	92.6621 40.8578,
	92.4819 40.8353,
	92.3243 40.6776,
	92.3018 39.9569,
	92.3018 39.7767,
	"/>
</Transform>

<Transform dim="0"
 xcoef=" 0 1 0 0 0 0"
 ycoef=" 0 0 1 0 0 0">
<Contour name="TB3_Nuc35_EM" hidden="false" closed="true" simplified="true" border="0 1 0" fill="0 1 0" mode="9"
 points="101.445 32.5402,
	101.521 32.2974,
	101.552 32.2367,
	101.658 32.1153,
	101.734 31.9938,
	101.764 31.751,
	101.779 31.6296,
	101.87 31.3867,
	101.87 31.1439,
	102.022 30.6582,
	102.037 30.5368,
	102.144 30.294,
	102.204 30.1726,
	102.31 30.0663,
	102.371 30.0056,
	102.584 29.5199,
	102.66 29.3985,
	102.781 29.2923,
	103.024 29.1557,
	103.145 29.0798,
	103.267 29.0646,
	103.509 28.9735,
	103.631 28.928,
	103.692 28.8977,
	103.813 28.9128,
	103.934 28.9584,
	104.056 28.9735,
	104.299 29.0798,
	104.42 29.1405,
	104.542 29.2467,
	104.602 29.3074,
	104.724 29.3074,
	104.784 29.2923,
	104.951 29.0494,
	105.194 28.8218,
	105.255 28.7914,
	105.376 28.67,
	105.452 28.5486,
	105.574 28.4727,
	105.634 28.4575,
	105.756 28.503,
	105.877 28.6093,
	105.953 28.7307,
	106.014 28.9735,
	106.014 29.0343,
	106.044 29.095,
	106.074 29.1101,
	106.272 28.8825,
	106.393 28.7914,
	106.515 28.7611,
	106.575 28.7459,
	106.606 28.7307,
	106.727 28.7762,
	106.97 28.7914,
	107.091 28.7762,
	107.334 28.8066,
	107.456 28.8369,
	107.577 28.8977,
	107.82 28.9735,
	107.881 29.0191,
	107.896 29.1405,
	107.865 29.3833,
	107.82 29.5048,
	107.805 29.5655,
	107.683 29.6717,
	107.44 29.8235,
	107.365 29.9449,
	107.349 30.0056,
	107.365 30.0663,
	107.425 30.0815,
	107.668 30.036,
	108.154 29.8538,
	108.214 29.8387,
	108.275 29.8538,
	108.321 29.9145,
	108.351 30.1574,
	108.306 30.4002,
	108.29 30.5216,
	108.366 31.0073,
	108.381 31.1287,
	108.306 31.3716,
	108.23 31.493,
	108.184 31.6144,
	108.093 31.7358,
	108.017 31.9787,
	107.941 32.1001,
	107.714 32.2974,
	107.486 32.525,
	107.365 32.5858,
	107.243 32.5858,
	107.122 32.5402,
	107 32.4643,
	106.879 32.4492,
	106.757 32.4947,
	106.636 32.5706,
	106.545 32.6768,
	106.484 32.692,
	106.454 32.6768,
	106.332 32.7072,
	106.272 32.7072,
	105.786 32.4492,
	105.725 32.4036,
	105.604 32.3581,
	105.118 32.2974,
	104.875 32.3126,
	104.754 32.3429,
	104.511 32.3277,
	104.268 32.2822,
	104.208 32.267,
	104.177 32.2367,
	103.934 32.3126,
	103.449 32.6616,
	103.327 32.7679,
	103.206 32.8438,
	102.735 33.2536,
	102.614 33.3598,
	102.584 33.3598,
	102.523 33.4053,
	102.493 33.4053,
	102.25 33.6026,
	102.128 33.6482,
	102.068 33.6785,
	101.946 33.6633,
	101.885 33.633,
	101.81 33.5116,
	101.719 33.2687,
	101.703 33.208,
	101.521 32.9652,
	101.445 32.7223,
	101.445 32.6009,
	101.445 32.5554,
	"/>
</Transform>

<Transform dim="0"
 xcoef=" 0 1 0 0 0 0"
 ycoef=" 0 0 1 0 0 0">
<Contour name="TB3_Nuc36_EM" hidden="false" closed="true" simplified="true" border="0 1 1" fill="0 1 1" mode="9"
 points="98.8355 39.9422,
	98.8709 39.7535,
	98.9888 39.3762,
	99.0478 39.1875,
	99.0478 39.1403,
	99.0832 39.046,
	99.2011 38.8573,
	99.2836 38.6686,
	99.3426 38.4799,
	99.3662 38.2912,
	99.4251 38.1026,
	99.602 37.7252,
	99.6728 37.6308,
	99.7789 37.4422,
	99.7789 37.4186,
	99.9322 37.2299,
	99.9558 37.1945,
	100.003 37.1473,
	100.121 36.9587,
	100.298 36.8053,
	100.487 36.6874,
	100.604 36.5105,
	100.663 36.4162,
	100.687 36.369,
	100.77 36.2747,
	100.84 36.2157,
	101.029 36.086,
	101.218 36.0034,
	101.312 35.9445,
	101.359 35.8973,
	101.454 35.8383,
	101.807 35.5199,
	101.996 35.343,
	102.09 35.2723,
	102.267 35.0954,
	102.456 34.9421,
	102.55 34.8831,
	102.574 34.8831,
	102.621 34.8477,
	102.998 34.7298,
	103.187 34.6355,
	103.564 34.3407,
	103.612 34.3289,
	103.635 34.3053,
	103.824 34.2463,
	104.201 34.1638,
	104.579 34.0458,
	104.767 33.9633,
	104.956 33.9161,
	105.145 33.9161,
	105.239 33.9751,
	105.298 34.0694,
	105.31 34.0576,
	105.369 34.152,
	105.392 34.2463,
	105.274 34.6237,
	105.109 35.001,
	104.897 35.3784,
	104.767 35.5553,
	104.461 35.9327,
	104.307 36.1214,
	104.119 36.2747,
	104.072 36.2983,
	103.883 36.4634,
	103.8 36.5341,
	103.435 36.9115,
	103.246 37.0884,
	103.057 37.2417,
	102.939 37.4304,
	102.892 37.5247,
	102.857 37.5719,
	102.845 37.6191,
	102.821 37.6426,
	102.704 38.02,
	102.68 38.0672,
	102.68 38.0908,
	102.656 38.1143,
	102.645 38.1615,
	102.621 38.1851,
	102.621 38.2087,
	102.562 38.303,
	102.385 38.4799,
	102.291 38.5389,
	102.114 38.7158,
	102.031 38.7983,
	101.784 39.1757,
	101.654 39.3644,
	101.619 39.4116,
	101.619 39.4351,
	101.418 39.8125,
	101.371 39.9069,
	101.359 39.954,
	101.241 40.1427,
	101.229 40.1899,
	101.076 40.3786,
	101.053 40.4257,
	100.876 40.6144,
	100.828 40.6616,
	100.828 40.6852,
	100.758 40.7795,
	100.581 40.9682,
	100.439 41.1333,
	100.357 41.2041,
	99.9794 41.3338,
	99.9322 41.3574,
	99.5549 41.3928,
	99.4605 41.381,
	99.4134 41.381,
	99.3662 41.3574,
	99.3426 41.3574,
	99.2483 41.2748,
	99.1185 41.0861,
	99.1185 41.0626,
	99.0596 40.9682,
	98.9181 40.5908,
	98.8945 40.4965,
	98.8591 40.1191,
	98.8473 40.0248,
	98.8473 39.9776,
	98.8473 39.954,
	"/>
</Transform>

<Transform dim="0"
 xcoef=" 0 1 0 0 0 0"
 ycoef=" 0 0 1 0 0 0">
<Contour name="TB3_Nuc40_EM" hidden="false" closed="true" simplified="true" border="0 1 0" fill="0 1 0" mode="9"
 points="118.131 35.089,
	118.273 34.9829,
	118.556 34.859,
	118.627 34.8413,
	118.662 34.8413,
	118.804 34.7528,
	118.928 34.629,
	118.928 34.4874,
	118.91 34.4166,
	118.786 34.2928,
	118.751 34.2574,
	118.733 34.1158,
	118.768 33.9743,
	118.733 33.9035,
	118.609 33.7619,
	118.521 33.6204,
	118.503 33.4788,
	118.644 33.1957,
	118.733 33.0541,
	118.821 32.771,
	118.804 32.6294,
	118.875 32.4879,
	118.981 32.3463,
	119.122 32.2402,
	119.193 32.2048,
	119.335 32.0809,
	119.476 32.0101,
	119.547 31.9747,
	119.582 31.9393,
	119.618 31.9393,
	119.653 31.904,
	119.724 31.8863,
	119.989 31.6739,
	120.06 31.6208,
	120.095 31.5854,
	120.166 31.5854,
	120.308 31.5324,
	120.449 31.5147,
	121.016 31.32,
	121.299 31.2315,
	121.44 31.1431,
	121.476 31.0015,
	121.546 30.9661,
	121.83 30.9661,
	121.971 31.0546,
	122.042 31.1077,
	122.13 31.2315,
	122.183 31.3023,
	122.272 31.5854,
	122.307 31.6562,
	122.307 31.9393,
	122.219 32.2225,
	122.13 32.364,
	122.042 32.6471,
	122.007 33.2134,
	121.971 33.4965,
	121.936 33.6381,
	121.865 33.7796,
	121.794 33.8504,
	121.723 33.8681,
	121.653 33.7973,
	121.582 33.7619,
	121.546 33.7442,
	121.476 33.7973,
	121.476 33.8681,
	121.529 33.9389,
	121.6 33.9743,
	121.653 34.045,
	121.67 34.3282,
	121.67 34.4697,
	121.617 34.6113,
	121.617 34.6467,
	121.529 34.7882,
	121.493 34.859,
	121.228 35.1421,
	120.98 35.3368,
	120.839 35.4075,
	120.768 35.4606,
	120.485 35.5491,
	120.343 35.6022,
	120.202 35.6907,
	120.131 35.7437,
	120.06 35.8853,
	120.007 35.9561,
	119.724 36.0976,
	119.441 36.2746,
	119.158 36.3277,
	119.016 36.3454,
	118.945 36.3454,
	118.804 36.2746,
	118.733 36.133,
	118.698 35.8499,
	118.644 35.7084,
	118.503 35.5845,
	118.432 35.5491,
	118.202 35.2837,
	118.149 35.2129,
	118.131 35.1421,
	118.131 35.1067,
	"/>
</Transform>

<Transform dim="0"
 xcoef=" 0 1 0 0 0 0"
 ycoef=" 0 0 1 0 0 0">
<Contour name="TB3_Nuc56_EM" hidden="false" closed="true" simplified="true" border="1 0 0" fill="1 0 0" mode="9"
 points="101.351 26.1748,
	101.445 26.0805,
	101.539 26.0569,
	101.728 26.104,
	101.917 26.1984,
	102.105 26.2219,
	102.2 26.2219,
	102.223 26.1984,
	102.011 25.8211,
	102.034 25.4438,
	102.152 25.2551,
	102.341 25.208,
	102.435 25.1844,
	102.482 25.1372,
	103.237 25.208,
	103.331 25.1844,
	103.402 25.0901,
	103.237 24.9014,
	103.19 24.7128,
	103.072 24.5241,
	102.978 24.5713,
	102.86 24.7599,
	102.789 24.8307,
	102.6 24.8778,
	102.223 24.8071,
	102.129 24.7599,
	102.082 24.6656,
	102.2 24.2883,
	102.2 23.911,
	102.2 23.7224,
	102.294 23.5337,
	102.671 23.18,
	103.048 23.0621,
	103.426 22.8027,
	103.614 22.6141,
	103.732 22.4254,
	103.897 22.2368,
	103.992 22.1424,
	104.369 21.9066,
	104.558 21.8595,
	104.935 21.9774,
	105.124 22.0245,
	105.312 22.1189,
	105.407 22.166,
	105.548 22.3547,
	105.619 22.5433,
	105.737 23.2979,
	105.666 23.6752,
	105.572 23.8638,
	105.501 23.9346,
	105.312 23.9582,
	105.124 23.911,
	105.029 23.8638,
	104.935 23.8874,
	104.911 23.911,
	104.935 24.0053,
	105.1 24.1468,
	105.312 24.5241,
	105.359 24.6184,
	105.43 25.373,
	105.407 25.5617,
	105.194 25.939,
	105.171 26.0333,
	105.218 26.2219,
	105.265 26.3163,
	105.241 26.5049,
	105.171 26.6936,
	105.124 26.7879,
	104.935 26.9529,
	104.841 27.0237,
	104.77 27.401,
	104.628 27.5896,
	104.44 27.684,
	104.251 27.7311,
	104.157 27.7783,
	103.803 28.132,
	103.662 28.2971,
	103.473 28.3914,
	103.096 28.4621,
	102.341 28.2971,
	102.294 28.2499,
	102.2 28.2263,
	102.034 28.0848,
	101.799 27.7075,
	101.657 27.3302,
	101.586 26.9529,
	101.469 26.5756,
	101.398 26.4813,
	101.351 26.2927,
	101.351 26.1984,
	"/>
</Transform>

<Transform dim="0"
 xcoef=" 0 1 0 0 0 0"
 ycoef=" 0 0 1 0 0 0">
<Contour name="TB3_AP04_EM" hidden="false" closed="true" simplified="true" border="1 0 0" fill="1 0 1" mode="9"
 points="94.2445 65.9136,
	94.2877 65.7985,
	94.3308 65.7409,
	94.3884 65.7553,
	94.4316 65.8129,
	94.4603 65.928,
	94.4747 65.9855,
	94.4747 66.0143,
	94.5035 66.0431,
	94.5323 66.0431,
	94.5754 65.9855,
	94.633 65.7553,
	94.6618 65.6402,
	94.7625 65.41,
	94.7913 65.3524,
	94.82 65.1222,
	94.8344 65.0071,
	94.8488 64.9496,
	94.892 64.892,
	94.9064 64.8345,
	95.079 64.6186,
	95.1654 64.5179,
	95.2805 64.4316,
	95.3956 64.4028,
	95.5107 64.3309,
	95.8848 63.8704,
	95.8992 63.8129,
	95.928 63.7841,
	95.9999 63.3237,
	96.0862 63.0935,
	96.0862 63.0359,
	96.1006 63.0071,
	96.0718 62.7769,
	96.115 62.5467,
	96.1582 62.4316,
	96.1726 62.3165,
	96.2157 62.2014,
	96.2589 62.1582,
	96.3164 62.1582,
	96.5323 61.9855,
	96.5898 61.928,
	96.6186 61.8704,
	96.6474 61.6402,
	96.7193 61.41,
	96.8632 61.1798,
	96.9783 60.9496,
	97.0359 60.8489,
	97.0934 60.8201,
	97.151 60.8776,
	97.1654 60.9927,
	97.1366 61.223,
	97.1366 61.3381,
	97.1222 61.3956,
	97.1366 61.5107,
	97.151 61.5683,
	97.1222 61.6834,
	97.1078 61.6978,
	97.1366 61.7122,
	97.2517 61.6834,
	97.3092 61.669,
	97.3668 61.5539,
	97.41 61.5107,
	97.4387 61.4963,
	97.4675 61.5251,
	97.4387 61.6402,
	97.4531 61.8704,
	97.4675 61.8848,
	97.5107 61.8273,
	97.597 61.5971,
	97.6114 61.5395,
	97.597 61.4819,
	97.6114 61.4244,
	97.6402 61.41,
	97.6833 61.4532,
	97.7121 61.5683,
	97.6977 61.6834,
	97.7553 61.9136,
	97.7409 62.0287,
	97.6977 62.1438,
	97.5682 62.374,
	97.5539 62.4316,
	97.4819 62.5467,
	97.4531 62.6042,
	97.4531 62.633,
	97.41 62.6906,
	97.2229 63.151,
	97.079 63.6114,
	97.0359 63.8417,
	96.8632 64.3021,
	96.7481 64.5323,
	96.7481 64.5611,
	96.7193 64.5899,
	96.6474 64.8201,
	96.6186 64.9352,
	96.4891 65.1654,
	96.4316 65.2805,
	96.4028 65.3093,
	96.374 65.4244,
	96.3884 65.5251,
	96.4747 65.4388,
	96.561 65.3237,
	96.6186 65.2086,
	96.633 65.151,
	96.6762 65.1078,
	96.7049 65.1366,
	96.6905 65.2517,
	96.6474 65.3668,
	96.6186 65.3956,
	96.6042 65.4532,
	96.5754 65.4819,
	96.5754 65.5107,
	96.5179 65.5683,
	96.5179 65.5971,
	96.3308 65.8129,
	96.115 65.9999,
	96.0575 66.0287,
	95.9999 66.0863,
	95.8848 66.1438,
	95.7697 66.2301,
	95.6546 66.3453,
	95.3236 66.8057,
	95.2805 66.8632,
	95.0503 66.964,
	94.9351 66.964,
	94.82 66.8776,
	94.6905 66.6474,
	94.6474 66.5323,
	94.5467 66.4172,
	94.4316 66.3596,
	94.3308 66.2589,
	94.2733 66.1438,
	94.2445 66.0287,
	94.2445 65.928,
	"/>
</Transform>

<Transform dim="0"
 xcoef=" 0 1 0 0 0 0"
 ycoef=" 0 0 1 0 0 0">
<Contour name="TB3_AP04_EM" hidden="false" closed="true" simplified="true" border="1 0 0" fill="1 0 1" mode="9"
 points="118.261 20.2965,
	118.298 20.2225,
	118.298 19.6299,
	118.39 19.0373,
	118.409 18.8891,
	118.594 18.2965,
	118.724 17.7039,
	118.761 17.4076,
	118.853 17.1113,
	118.909 17.0372,
	118.927 16.9632,
	119.15 16.6669,
	119.205 16.5928,
	119.242 16.5557,
	119.261 16.4817,
	119.353 16.3335,
	119.446 16.0372,
	119.483 15.8891,
	119.575 15.7409,
	119.724 15.6298,
	119.798 15.6113,
	119.835 15.5928,
	119.946 15.7409,
	120.001 15.8891,
	120.02 16.0372,
	120.168 16.1298,
	120.316 16.0743,
	120.575 15.778,
	120.575 15.7409,
	120.65 15.6668,
	120.687 15.6298,
	120.761 15.6298,
	120.909 15.7409,
	121.409 16.315,
	121.39 16.6113,
	121.372 16.7595,
	121.39 17.0558,
	121.372 17.2039,
	121.372 17.278,
	121.279 17.4261,
	120.983 17.7039,
	120.742 17.9817,
	120.631 18.1298,
	120.557 18.1854,
	120.52 18.2039,
	120.483 18.1854,
	120.409 18.2595,
	120.39 18.3335,
	120.335 18.4076,
	120.298 18.4447,
	120.279 18.5187,
	120.187 18.6669,
	120.094 19.2595,
	120.02 19.5558,
	119.909 19.8521,
	119.779 20.4447,
	119.687 20.741,
	119.668 20.778,
	119.705 20.9262,
	119.687 21.0743,
	119.668 21.1484,
	119.631 21.1854,
	119.613 21.3336,
	119.501 21.6299,
	119.409 22.2225,
	119.372 22.5188,
	119.353 22.6669,
	119.224 22.9632,
	119.15 23.1114,
	119.113 23.1484,
	119.038 23.1114,
	118.964 22.8151,
	118.927 22.6669,
	118.927 22.5929,
	118.835 22.4447,
	118.779 22.2966,
	118.761 22.0003,
	118.742 21.8521,
	118.687 21.704,
	118.668 21.4077,
	118.594 21.1114,
	118.557 21.0743,
	118.501 20.9262,
	118.335 20.6299,
	118.279 20.5558,
	118.261 20.4076,
	118.261 20.3336,
	118.261 20.3151,
	"/>
</Transform>

<Transform dim="0"
 xcoef=" 0 1 0 0 0 0"
 ycoef=" 0 0 1 0 0 0">
<Contour name="TB3_AP05_EM" hidden="false" closed="true" simplified="true" border="0 1 1" fill="0 1 1" mode="9"
 points="102.018 46.4639,
	102.142 46.0697,
	102.413 45.7001,
	102.61 45.5277,
	102.708 45.4291,
	102.758 45.4291,
	103.127 45.0596,
	103.275 44.9364,
	103.472 44.7393,
	103.866 44.6654,
	103.965 44.6162,
	103.989 44.6408,
	104.162 44.4437,
	104.285 44.2466,
	104.384 44.1481,
	104.482 44.1234,
	104.556 44.2959,
	104.482 44.493,
	104.457 44.5915,
	104.186 44.9857,
	103.965 45.3799,
	103.792 45.577,
	103.694 45.6755,
	103.595 45.7001,
	103.201 46.0204,
	102.856 46.39,
	102.462 46.5624,
	102.388 46.661,
	102.289 46.7102,
	102.092 46.7349,
	102.018 46.6363,
	102.018 46.5378,
	102.018 46.4885,
	"/>
</Transform>

<Transform dim="0"
 xcoef=" 0 1 0 0 0 0"
 ycoef=" 0 0 1 0 0 0">
<Contour name="TB3_AP04_EM" hidden="false" closed="true" simplified="true" border="1 0 0" fill="1 0 0" mode="9"
 points="100.327 42.524,
	100.591 41.8739,
	100.896 41.2237,
	101.038 40.8987,
	101.403 40.2485,
	101.444 40.1672,
	101.586 40.0047,
	101.952 39.3546,
	102.176 39.0295,
	102.46 38.7247,
	103.09 38.2168,
	103.151 38.1355,
	103.171 37.8104,
	103.232 37.6479,
	103.456 37.3228,
	103.537 37.1603,
	103.842 36.8352,
	104.167 36.5508,
	104.329 36.3882,
	104.35 36.307,
	104.593 35.9819,
	105.183 35.3724,
	105.264 35.2911,
	105.284 35.2098,
	105.406 35.0473,
	105.731 34.7222,
	105.812 34.6409,
	105.833 34.6206,
	105.792 34.58,
	105.812 34.4987,
	106.036 34.1736,
	106.198 34.0517,
	106.28 34.0111,
	106.442 33.8689,
	107.092 33.6048,
	107.417 33.3813,
	107.742 33.2391,
	107.905 33.1172,
	108.027 32.9546,
	108.189 32.8327,
	108.515 32.7108,
	108.677 32.6905,
	109.002 32.467,
	109.327 32.2841,
	109.977 32.0607,
	110.14 31.9591,
	110.465 31.8575,
	110.628 31.7762,
	110.709 31.7559,
	110.79 31.6949,
	111.115 31.573,
	111.196 31.5527,
	111.278 31.4918,
	111.603 31.3699,
	111.928 31.2886,
	112.09 31.248,
	112.415 31.0854,
	112.578 30.9635,
	112.741 30.8823,
	113.066 30.7807,
	113.228 30.6994,
	113.878 30.1711,
	114.203 30.0696,
	114.366 30.0696,
	114.528 30.0086,
	114.854 29.7648,
	115.016 29.6023,
	115.179 29.5007,
	115.219 29.521,
	115.158 29.6835,
	114.996 29.8461,
	114.671 30.0696,
	114.346 30.2118,
	114.021 30.3946,
	113.695 30.6588,
	113.391 30.9838,
	113.228 31.1057,
	113.147 31.187,
	112.822 31.4105,
	112.659 31.5527,
	112.415 31.8778,
	112.233 32.2029,
	112.151 32.3654,
	112.111 32.4467,
	111.968 32.6092,
	111.664 33.2594,
	111.623 33.3406,
	111.481 33.5032,
	111.44 33.5844,
	111.359 33.6657,
	111.318 33.7064,
	111.298 33.8689,
	111.217 34.0314,
	110.973 34.3565,
	110.749 35.0067,
	110.079 36.307,
	109.734 36.9571,
	109.551 37.2822,
	109.327 37.6073,
	109.063 37.9323,
	108.921 38.0949,
	108.819 38.2574,
	108.555 38.5825,
	108.372 38.9076,
	108.271 39.0701,
	107.966 39.3952,
	107.803 39.5171,
	107.722 39.5577,
	107.641 39.639,
	107.6 39.8015,
	107.499 39.9641,
	107.174 40.2282,
	107.113 40.3095,
	107.092 40.2688,
	106.788 40.5939,
	106.462 40.8783,
	106.3 40.9596,
	106.036 41.2847,
	105.914 41.4472,
	105.751 41.5691,
	105.67 41.6301,
	105.629 41.6301,
	105.548 41.691,
	105.386 41.7317,
	105.223 41.8739,
	104.898 42.0568,
	104.573 42.2802,
	104.41 42.4021,
	104.248 42.5647,
	104.085 42.6663,
	104.004 42.7475,
	103.963 42.7475,
	103.923 42.7882,
	103.76 42.8491,
	103.435 43.0523,
	103.11 43.3164,
	102.785 43.6212,
	102.623 43.7837,
	102.541 43.8244,
	102.46 43.9056,
	102.135 44.0885,
	101.972 44.1494,
	101.81 44.1291,
	101.647 44.1494,
	101.322 44.2917,
	101.16 44.2917,
	101.078 44.2917,
	100.916 44.1901,
	100.591 43.8853,
	100.449 43.7228,
	100.327 43.0726,
	100.327 42.7475,
	100.327 42.585,
	100.327 42.5444,
	"/>
</Transform>

<Transform dim="0"
 xcoef=" 0 1 0 0 0 0"
 ycoef=" 0 0 1 0 0 0">
<Contour name="TB1_NF14_RSL" hidden="false" closed="true" simplified="true" border="0.501961 0 1" fill="0.501961 0 1" mode="-9"
 points="33.6995 41.3271,
	33.717 41.2572,
	33.7257 41.2222,
	33.7781 41.1611,
	33.8043 41.1349,
	33.8742 41.1261,
	33.8917 41.1436,
	33.9616 41.1698,
	33.9966 41.196,
	34.0402 41.3358,
	34.0665 41.4756,
	34.0752 41.6154,
	34.0752 41.6853,
	34.1014 41.7203,
	34.1189 41.7377,
	34.0752 41.8076,
	34.0839 41.8775,
	34.0752 41.9474,
	34.0665 41.9824,
	34.0665 41.9999,
	34.0315 42.0348,
	33.9966 42.0523,
	33.9267 42.0523,
	33.8917 42.0435,
	33.8742 42.0435,
	33.8043 41.9824,
	33.7607 41.8426,
	33.7519 41.7028,
	33.7344 41.6329,
	33.717 41.5979,
	33.7082 41.4582,
	33.7082 41.3883,
	33.6995 41.3533,
	33.6995 41.3358,
	"/>
</Transform>

<Transform dim="0"
 xcoef=" 0 1 0 0 0 0"
 ycoef=" 0 0 1 0 0 0">
<Contour name="TB1_AP47_atM02_RSL" hidden="false" closed="true" simplified="true" border="1 0 0" fill="1 0 0" mode="-9"
 points="32.55 38.8572,
	32.6038 38.6113,
	32.6268 38.5499,
	32.6576 38.3041,
	32.6652 38.1811,
	32.6883 38.0582,
	32.7113 37.9968,
	32.7497 37.9353,
	32.8035 37.8738,
	32.865 37.8508,
	32.9264 37.8585,
	32.9802 37.9123,
	33.0263 38.0352,
	33.0493 38.0966,
	33.057 38.1581,
	33.0801 38.2196,
	33.1799 38.7112,
	33.2184 38.9571,
	33.2875 39.2029,
	33.3874 39.6946,
	33.4104 39.8175,
	33.4181 40.0633,
	33.4258 40.1862,
	33.4488 40.3091,
	33.4565 40.3706,
	33.4488 40.386,
	33.5564 40.6318,
	33.5948 40.7547,
	33.6409 41.0006,
	33.6947 41.4922,
	33.7254 41.7381,
	33.7254 41.7995,
	33.71 41.861,
	33.6947 42.1068,
	33.687 42.1683,
	33.6639 42.2297,
	33.6178 42.2835,
	33.5564 42.2912,
	33.4949 42.2835,
	33.4335 42.2605,
	33.372 42.222,
	33.3105 42.1606,
	33.2645 42.0991,
	33.2645 42.0838,
	33.2414 42.053,
	33.2414 42.0377,
	33.203 41.9762,
	33.1492 41.8533,
	33.1185 41.7918,
	33.1108 41.7611,
	33.0954 41.7457,
	33.0954 41.7304,
	33.057 41.6689,
	33.0033 41.5537,
	32.9956 41.5229,
	32.9802 41.5076,
	32.8803 41.2618,
	32.8342 41.1388,
	32.719 40.6472,
	32.7036 40.5857,
	32.7036 40.555,
	32.6806 40.4935,
	32.6422 40.2477,
	32.6191 40.1248,
	32.6038 39.8789,
	32.5961 39.756,
	32.5577 39.5102,
	32.55 39.3873,
	32.5577 39.1414,
	32.55 38.8956,
	32.55 38.8649,
	"/>
</Transform>

<Transform dim="0"
 xcoef=" 0 1 0 0 0 0"
 ycoef=" 0 0 1 0 0 0">
<Contour name="TB1_NF15_RSL" hidden="false" closed="true" simplified="true" border="1 0.501961 0.752941" fill="1 0.501961 0.752941" mode="-9"
 points="33.1303 38.081,
	33.2681 37.9708,
	33.3416 37.9616,
	33.415 37.9708,
	33.4885 37.9983,
	33.5069 37.9983,
	33.6538 38.1086,
	33.7916 38.2555,
	33.911 38.3933,
	33.9294 38.43,
	34.0672 38.5678,
	34.1315 38.6137,
	34.1682 38.6505,
	34.2049 38.724,
	34.2233 38.7974,
	34.2233 38.8709,
	34.1958 39.0179,
	34.1958 39.0914,
	34.2141 39.1648,
	34.2325 39.2016,
	34.306 39.2659,
	34.3335 39.3026,
	34.3519 39.3761,
	34.3335 39.5231,
	34.3243 39.5598,
	34.3427 39.5874,
	34.3243 39.5965,
	34.306 39.5874,
	34.2509 39.8813,
	34.2417 40.0282,
	34.2509 40.1752,
	34.2417 40.4691,
	34.2233 40.5426,
	34.2141 40.6896,
	34.2141 40.7263,
	34.1866 40.7998,
	34.1866 40.8365,
	34.1682 40.8732,
	34.1682 40.9467,
	34.1774 40.9835,
	34.2417 41.0478,
	34.2417 41.0845,
	34.2049 41.158,
	34.1774 41.1947,
	34.1039 41.1855,
	34.0304 41.158,
	33.8835 41.1304,
	33.81 41.1029,
	33.7365 41.0478,
	33.6814 40.9743,
	33.6079 40.8273,
	33.562 40.6804,
	33.5436 40.6436,
	33.5344 40.5701,
	33.5069 40.5334,
	33.4885 40.4599,
	33.4701 40.4232,
	33.3875 39.8353,
	33.3691 39.7619,
	33.3691 39.6884,
	33.314 39.3945,
	33.314 39.321,
	33.2864 39.174,
	33.2221 39.0271,
	33.2038 38.9536,
	33.1854 38.9168,
	33.167 38.7699,
	33.1395 38.182,
	33.1303 38.1086,
	33.1303 38.0902,
	"/>
</Transform>

<Transform dim="0"
 xcoef=" 0 1 0 0 0 0"
 ycoef=" 0 0 1 0 0 0">
<Contour name="TB1_NF22_RSL" hidden="false" closed="true" simplified="true" border="0.502 0.502 0" fill="0.502 0.502 0" mode="-9"
 points="41.5 41.2506,
	41.5356 41.215,
	41.6781 41.2328,
	41.7493 41.2328,
	42.3193 41.3931,
	42.6042 41.4821,
	42.7467 41.5178,
	43.3167 41.4821,
	43.4592 41.5,
	43.5304 41.5,
	43.6729 41.589,
	43.7442 41.6603,
	43.9401 41.9452,
	44.1004 42.2302,
	44.2072 42.5152,
	44.2251 42.8002,
	44.1716 42.9427,
	44.1538 43.0139,
	44.1182 43.0317,
	44.0469 42.9961,
	44.0113 42.9605,
	43.9935 42.9783,
	44.0291 43.0495,
	44.0469 43.0851,
	44.0113 43.103,
	43.8154 42.818,
	43.5304 42.5686,
	43.2454 42.3727,
	43.1208 42.2302,
	43.0673 42.159,
	42.9783 41.874,
	42.9427 41.7315,
	42.907 41.6603,
	42.6221 41.6781,
	42.0521 41.6246,
	41.7671 41.5712,
	41.6246 41.5356,
	41.5534 41.4643,
	41.5 41.3218,
	41.5 41.2684,
	"/>
</Transform>

<Transform dim="0"
 xcoef=" 0 1 0 0 0 0"
 ycoef=" 0 0 1 0 0 0">
<Contour name="TB1_AP13_atM06_RSL" hidden="false" closed="true" simplified="true" border="1 0 0" fill="1 0 0" mode="-9"
 points="36.8289 61.6073,
	36.8822 61.5464,
	36.905 61.5236,
	37.0267 61.5007,
	37.1485 61.5236,
	37.2702 61.5768,
	37.331 61.6149,
	37.3767 61.6605,
	37.4376 61.6986,
	37.468 61.7138,
	37.4984 61.7442,
	37.5288 61.8051,
	37.5365 61.8355,
	37.5288 61.8659,
	37.5288 61.8811,
	37.468 61.9192,
	37.4071 61.9344,
	37.3463 61.9268,
	37.3158 61.9116,
	37.2854 61.9116,
	37.255 61.8964,
	37.1941 61.8887,
	37.1637 61.8887,
	36.9202 61.7518,
	36.8594 61.6909,
	36.8365 61.6605,
	36.8289 61.6301,
	36.8289 61.6149,
	"/>
</Transform>

<Transform dim="0"
 xcoef=" 0 1 0 0 0 0"
 ycoef=" 0 0 1 0 0 0">
<Contour name="TB1_NF22_RSL" hidden="false" closed="true" simplified="true" border="0.501961 0.501961 0" fill="0.501961 0.501961 0" mode="-9"
 points="35.0487 62.1931,
	35.0716 62.1322,
	35.0944 62.1018,
	35.0868 62.0865,
	35.0944 61.9648,
	35.1172 61.8431,
	35.1857 61.729,
	35.2389 61.6757,
	35.2541 61.6529,
	35.3606 61.5388,
	35.4139 61.4171,
	35.4215 61.3866,
	35.5052 61.2649,
	35.6041 61.1508,
	35.665 61.128,
	35.7867 61.128,
	35.9084 61.1964,
	36.0225 61.2877,
	36.1366 61.4018,
	36.1975 61.5236,
	36.2279 61.5844,
	36.2355 61.6149,
	36.2508 61.6301,
	36.3344 62.117,
	36.3725 62.3604,
	36.3801 62.4213,
	36.4029 62.4821,
	36.4105 62.543,
	36.4333 62.6039,
	36.4333 62.6343,
	36.4714 62.6952,
	36.4866 62.756,
	36.4714 62.9995,
	36.4638 63.0603,
	36.4486 63.0908,
	36.3268 63.0984,
	36.0834 63.0603,
	36.0225 63.0527,
	35.9921 63.0375,
	35.9312 63.0299,
	35.9008 63.0223,
	35.8856 63.0071,
	35.8247 62.9919,
	35.5813 62.8854,
	35.4595 62.8169,
	35.3378 62.7636,
	35.3074 62.7408,
	35.277 62.7332,
	35.2161 62.6876,
	35.1476 62.5734,
	35.1096 62.4517,
	35.0944 62.3909,
	35.0868 62.3604,
	35.0868 62.3452,
	35.0716 62.33,
	35.0487 62.2691,
	35.0487 62.2083,
	35.0487 62.2007,
	"/>
</Transform>

<Transform dim="0"
 xcoef=" 0 1 0 0 0 0"
 ycoef=" 0 0 1 0 0 0">
<Contour name="TB1_NF22_RSL" hidden="false" closed="true" simplified="true" border="0.502 0.502 0" fill="0.502 0.502 0" mode="-9"
 points="36.4816 70.5755,
	36.5171 70.4335,
	36.5349 70.3625,
	36.6148 70.2205,
	36.6414 70.1495,
	36.6858 70.0785,
	36.7479 70.0075,
	37.0142 69.7678,
	37.0497 69.75,
	37.1207 69.7412,
	37.1917 69.7678,
	37.2627 69.8122,
	37.3959 69.9453,
	37.4669 69.9897,
	37.5379 69.9986,
	37.5734 69.9986,
	37.6089 69.972,
	37.6267 69.9631,
	37.7687 70.0075,
	37.8042 70.0252,
	37.8663 70.0962,
	37.8841 70.1317,
	37.9018 70.1495,
	37.9107 70.2205,
	37.9018 70.2915,
	37.9107 70.327,
	37.9373 70.3625,
	37.9551 70.4335,
	37.9551 70.4513,
	37.9906 70.4513,
	37.9995 70.4601,
	37.8575 70.5755,
	37.8131 70.6377,
	37.6977 70.7708,
	37.6267 70.8152,
	37.4847 70.8418,
	37.4136 70.8773,
	37.3426 70.9306,
	37.2716 71.0016,
	37.1296 71.1081,
	37.0586 71.1347,
	36.9166 71.1525,
	36.7746 71.1347,
	36.7035 71.1081,
	36.6325 71.0637,
	36.5615 70.9927,
	36.5171 70.9217,
	36.4994 70.8507,
	36.4905 70.7087,
	36.4816 70.6377,
	36.4816 70.6022,
	36.4816 70.5844,
	"/>
</Transform>

<Transform dim="0"
 xcoef=" 0 1 0 0 0 0"
 ycoef=" 0 0 1 0 0 0">
<Contour name="TB1_AP58_RSL" hidden="false" closed="true" simplified="true" border="0.502 0 0" fill="0.502 0 0" mode="9"
 points="34.9036 41.8925,
	35.0052 41.7299,
	34.9849 41.4049,
	34.9849 41.2423,
	35.0865 40.9173,
	35.1271 40.5922,
	35.1677 40.4297,
	35.2287 40.3687,
	35.3099 40.45,
	35.3506 40.5313,
	35.2896 40.8563,
	35.2693 41.0189,
	35.2896 41.1814,
	35.2896 41.2627,
	35.3303 41.3439,
	35.3506 41.669,
	35.3506 41.8315,
	35.4522 42.1566,
	35.4318 42.8067,
	35.3912 42.9692,
	35.3912 43.0099,
	35.2693 43.1724,
	35.2287 43.213,
	35.1474 43.1927,
	35.1677 43.2537,
	35.1271 43.274,
	35.0052 42.9489,
	34.9239 42.6239,
	34.9036 42.2988,
	34.9036 42.1363,
	34.9646 41.9737,
	34.9442 41.9128,
	34.9239 41.9128,
	"/>
</Transform>

<Transform dim="0"
 xcoef=" 0 1 0 0 0 0"
 ycoef=" 0 0 1 0 0 0">
<Contour name="TB1_NF55_RSL" hidden="false" closed="true" simplified="true" border="0.501961 0 0" fill="0.501961 0 0" mode="-9"
 points="37.6539 20.966,
	37.673 20.8897,
	37.6873 20.8516,
	37.692 20.8326,
	37.692 20.823,
	37.7492 20.7468,
	37.7587 20.7278,
	37.7683 20.7182,
	37.7826 20.6801,
	37.8064 20.6468,
	37.8826 20.6277,
	37.9588 20.5848,
	38.035 20.561,
	38.0446 20.561,
	38.0827 20.5372,
	38.1494 20.4657,
	38.1732 20.4276,
	38.178 20.4086,
	38.1875 20.3991,
	38.1875 20.3609,
	38.2065 20.2847,
	38.2256 20.2466,
	38.2351 20.2276,
	38.2732 20.199,
	38.3113 20.1894,
	38.3495 20.1942,
	38.3828 20.2276,
	38.4019 20.2466,
	38.4114 20.2561,
	38.4257 20.2942,
	38.4352 20.3705,
	38.4352 20.4467,
	38.4257 20.5229,
	38.4066 20.5991,
	38.4114 20.6039,
	38.3828 20.642,
	38.3828 20.6611,
	38.3733 20.6706,
	38.3495 20.7468,
	38.3447 20.7849,
	38.3399 20.804,
	38.2685 20.8802,
	38.2494 20.8993,
	38.2304 20.9088,
	38.2208 20.9088,
	38.2113 20.9183,
	38.1351 20.9421,
	38.0732 21.0041,
	38.0065 21.0803,
	37.9874 21.0993,
	37.9493 21.1136,
	37.8731 21.1184,
	37.7968 21.1136,
	37.7206 21.0803,
	37.6873 21.0469,
	37.6635 21.0136,
	37.6539 20.9755,
	37.6539 20.9707,
	"/>
</Transform>

<Transform dim="0"
 xcoef=" 0 1 0 0 0 0"
 ycoef=" 0 0 1 0 0 0">
<Contour name="TB1_NF55_RSL" hidden="false" closed="true" simplified="true" border="0.502 0 0" fill="0.502 0 0" mode="-9"
 points="37.1809 20.2471,
	37.205 20.1507,
	37.2412 20.0543,
	37.2592 20.0061,
	37.3857 19.8194,
	37.452 19.723,
	37.4942 19.6868,
	37.5183 19.6748,
	37.5303 19.6628,
	37.5785 19.6447,
	37.6749 19.6387,
	37.8677 19.6025,
	37.9159 19.5844,
	38.0002 19.4881,
	38.0243 19.464,
	38.0484 19.4519,
	38.1448 19.464,
	38.1628 19.482,
	38.1809 19.6748,
	38.1869 19.723,
	38.193 19.7471,
	38.2653 19.8435,
	38.3074 19.9399,
	38.3135 20.0362,
	38.3135 20.0483,
	38.3255 20.0603,
	38.3014 20.0844,
	38.2954 20.0724,
	38.3014 20.0603,
	38.2954 20.0483,
	38.2713 20.0905,
	38.2592 20.1387,
	38.2472 20.1628,
	38.2472 20.1869,
	38.1869 20.3796,
	38.1628 20.4278,
	38.1267 20.47,
	38.0785 20.5061,
	38.0424 20.5363,
	37.946 20.6025,
	37.8496 20.6567,
	37.8255 20.6628,
	37.7291 20.735,
	37.6809 20.7712,
	37.6327 20.7832,
	37.5363 20.7772,
	37.4881 20.7772,
	37.44 20.7591,
	37.3677 20.6688,
	37.2833 20.5844,
	37.2351 20.4881,
	37.199 20.3917,
	37.1809 20.2953,
	37.1809 20.2531,
	"/>
</Transform>

<Transform dim="0"
 xcoef=" 0 1 0 0 0 0"
 ycoef=" 0 0 1 0 0 0">
<Contour name="TB1_NF55_RSL" hidden="false" closed="true" simplified="true" border="0.502 0 0" fill="0.502 0 0" mode="-9"
 points="42.446 20.6326,
	42.5062 20.4399,
	42.5303 20.3435,
	42.5364 20.2953,
	42.5605 20.2471,
	42.5966 20.2049,
	42.6087 20.1989,
	42.6328 20.217,
	42.6448 20.217,
	42.6568 20.229,
	42.6809 20.235,
	42.699 20.2049,
	42.7653 20.3977,
	42.7834 20.4459,
	42.8135 20.4941,
	42.8315 20.5182,
	42.8376 20.5664,
	42.8436 20.5905,
	42.8135 20.6869,
	42.7713 20.7832,
	42.7352 20.8254,
	42.6388 20.8917,
	42.6147 20.9158,
	42.5665 20.9218,
	42.5243 20.8857,
	42.4882 20.8375,
	42.4701 20.8134,
	42.452 20.7652,
	42.446 20.6688,
	42.446 20.6447,
	42.446 20.6387,
	"/>
</Transform>

<Transform dim="0"
 xcoef=" 0 1 0 0 0 0"
 ycoef=" 0 0 1 0 0 0">
<Contour name="TB1_NF17_RSL" hidden="false" closed="true" simplified="true" border="0.501961 0.501961 0.752941" fill="0.501961 0.501961 0.752941" mode="-9"
 points="36.4431 61.9221,
	36.4585 61.8607,
	36.4623 61.8453,
	36.4854 61.8145,
	36.5123 61.7953,
	36.5738 61.7684,
	36.6352 61.7646,
	36.6967 61.753,
	36.7275 61.7492,
	36.789 61.7569,
	36.8197 61.7607,
	36.8812 61.7838,
	36.9427 61.8222,
	37.0657 61.8799,
	37.1272 61.9106,
	37.2501 61.9529,
	37.3731 61.9759,
	37.3885 61.9836,
	37.5115 61.999,
	37.5422 62.0144,
	37.6037 62.0643,
	37.6536 62.122,
	37.6882 62.1835,
	37.7151 62.2027,
	37.7766 62.2257,
	37.8996 62.2565,
	37.9611 62.2757,
	37.9918 62.2911,
	38.0072 62.2949,
	38.2531 62.4871,
	38.3069 62.5447,
	38.3339 62.5754,
	38.3953 62.6216,
	38.5183 62.733,
	38.5798 62.7907,
	38.6336 62.8521,
	38.7566 62.9367,
	38.8181 62.979,
	38.8488 62.9943,
	38.8949 63.0558,
	38.9603 63.1788,
	38.9756 63.2095,
	38.9756 63.2403,
	38.9872 63.271,
	38.9948 63.2864,
	39.0102 63.5324,
	39.0141 63.5938,
	39.0179 63.6246,
	38.9833 63.8705,
	38.9833 63.8859,
	38.9679 63.9167,
	38.941 63.9397,
	38.9257 63.9512,
	38.8027 63.9551,
	38.7412 63.9551,
	38.7105 63.9551,
	38.5875 63.9167,
	38.5567 63.9051,
	38.4338 63.9013,
	38.3723 63.9013,
	38.2493 63.8898,
	38.1263 63.8552,
	38.0648 63.8321,
	38.0341 63.8167,
	37.9726 63.809,
	37.8496 63.7668,
	37.7267 63.6899,
	37.6037 63.6246,
	37.5729 63.6092,
	37.5422 63.5823,
	37.4192 63.5439,
	37.3577 63.5285,
	37.2962 63.5208,
	37.1733 63.5324,
	37.0503 63.5708,
	37.0195 63.5785,
	37.0042 63.5862,
	36.9427 63.59,
	36.9119 63.5938,
	36.8505 63.5862,
	36.8351 63.5862,
	36.8043 63.5708,
	36.6814 63.4901,
	36.666 63.4824,
	36.6045 63.4209,
	36.5469 63.3709,
	36.5315 63.3095,
	36.5276 63.2941,
	36.5315 63.2633,
	36.5353 63.248,
	36.6199 63.125,
	36.6391 63.0943,
	36.6506 63.0789,
	36.666 63.0174,
	36.6737 62.9866,
	36.6737 62.8637,
	36.6737 62.8329,
	36.6621 62.7714,
	36.6621 62.7638,
	36.6775 62.7484,
	36.6852 62.7407,
	36.6852 62.71,
	36.6852 62.6946,
	36.6007 62.4486,
	36.5776 62.3871,
	36.5507 62.2642,
	36.5392 62.2027,
	36.4815 62.0797,
	36.4508 62.0182,
	36.4431 61.9567,
	36.4431 61.926,
	"/>
</Transform>

<Transform dim="0"
 xcoef=" 0 1 0 0 0 0"
 ycoef=" 0 0 1 0 0 0">
<Contour name="TB1_NF20_RSL" hidden="false" closed="true" simplified="true" border="1 0.501961 1" fill="1 0.501961 1" mode="-9"
 points="23.9989 46.7664,
	24.081 46.5475,
	24.1494 46.438,
	24.2041 46.3833,
	24.3136 46.3286,
	24.4231 46.3149,
	24.4778 46.3149,
	24.5599 46.397,
	24.7651 46.6159,
	24.984 46.7664,
	25.0798 46.8758,
	25.1209 46.9853,
	25.1209 47.04,
	25.0251 47.1495,
	24.984 47.2042,
	24.9704 47.259,
	24.984 47.3137,
	25.0798 47.4231,
	25.1209 47.5326,
	25.1345 47.7515,
	25.1893 47.7789,
	25.244 47.7789,
	25.2714 47.7789,
	25.3261 47.8883,
	25.3945 48.1073,
	25.4492 48.2167,
	25.4766 48.3262,
	25.4766 48.3809,
	25.5176 48.4904,
	25.5313 48.5998,
	25.5176 48.7093,
	25.4766 48.764,
	25.4219 48.7914,
	25.203 48.7777,
	25.1756 48.7777,
	25.1619 48.8051,
	24.943 48.723,
	24.8335 48.6819,
	24.7377 48.6135,
	24.642 48.5177,
	24.5188 48.2988,
	24.3546 48.0799,
	24.3136 48.0252,
	24.2862 47.9157,
	24.2862 47.6968,
	24.2725 47.5873,
	24.1905 47.3684,
	24.1768 47.3137,
	24.1084 47.2042,
	24.0263 46.9853,
	23.9989 46.7801,
	"/>
</Transform>

<Transform dim="0"
 xcoef=" 0 1 0 0 0 0"
 ycoef=" 0 0 1 0 0 0">
<Contour name="TB1_AP22_EM" hidden="false" closed="true" simplified="true" border="0.133333 0.568627 1" fill="0 1 0" mode="9"
 points="24.8483 47.1519,
	24.8747 47.1387,
	24.8813 47.1354,
	24.9342 47.1519,
	25.0401 47.218,
	25.093 47.2445,
	25.1062 47.2511,
	25.1591 47.2379,
	25.1657 47.2379,
	25.2715 47.142,
	25.2781 47.1354,
	25.3839 47.1354,
	25.3972 47.1354,
	25.4501 47.1089,
	25.5426 47.0064,
	25.5658 46.9833,
	25.6716 46.9171,
	25.7113 46.8642,
	25.7245 46.7584,
	25.7245 46.7452,
	25.7642 46.6394,
	25.8303 46.5336,
	25.8369 46.5204,
	25.8634 46.4972,
	25.87 46.4906,
	25.9758 46.4741,
	26.0022 46.4642,
	26.0551 46.4311,
	26.0816 46.4146,
	26.108 46.4046,
	26.2139 46.4046,
	26.3197 46.3385,
	26.4255 46.2955,
	26.5313 46.2757,
	26.5577 46.2724,
	26.6635 46.2096,
	26.7693 46.1071,
	26.7925 46.0806,
	26.8189 45.9748,
	26.7793 45.869,
	26.776 45.8558,
	26.7098 45.75,
	26.6933 45.697,
	26.69 45.6838,
	26.7032 45.6574,
	26.7032 45.6541,
	26.7561 45.6805,
	26.8586 45.783,
	26.8851 45.8062,
	27.0967 45.9351,
	27.1496 45.9649,
	27.1628 45.9715,
	27.2554 46.0773,
	27.2852 46.1302,
	27.2918 46.1434,
	27.3447 46.1302,
	27.3579 46.1269,
	27.5695 45.9781,
	27.5794 45.9715,
	27.791 46.1137,
	27.8076 46.1368,
	27.9927 46.56,
	28.0159 46.6129,
	28.0324 46.6394,
	28.244 46.8113,
	28.2573 46.8213,
	28.3102 46.7948,
	28.3234 46.7849,
	28.33 46.7783,
	28.4358 46.8411,
	28.4523 46.8642,
	28.459 46.8775,
	28.5119 46.8642,
	28.5383 46.851,
	28.5449 46.8477,
	28.6507 46.9138,
	28.7565 46.9568,
	28.7698 46.9601,
	28.9979 47.38,
	29.0938 47.5917,
	29.1169 47.6446,
	29.2459 47.8562,
	29.2624 47.8826,
	29.355 47.9884,
	29.3682 48.0017,
	29.484 48.2133,
	29.4972 48.2397,
	29.5633 48.4513,
	29.5931 48.8746,
	29.5964 48.9275,
	29.7022 49.3507,
	29.7088 49.3772,
	29.8146 49.5888,
	29.8675 49.6946,
	29.8807 49.721,
	30.2081 50.1443,
	30.2445 50.1972,
	30.6049 51.0436,
	30.6512 51.1494,
	30.8628 51.5727,
	30.9554 51.7843,
	30.962 51.7975,
	30.9355 51.8504,
	30.9322 51.8537,
	31.1967 52.277,
	31.2265 52.3299,
	31.2662 52.4357,
	31.3323 52.5415,
	31.4381 52.6341,
	31.4811 52.687,
	31.4976 52.7134,
	31.5241 52.8192,
	31.577 52.925,
	31.5902 52.9515,
	31.739 53.1631,
	31.7787 53.2689,
	31.9043 53.4805,
	31.9208 53.507,
	31.9374 53.6128,
	31.9407 53.6657,
	31.9407 53.6789,
	32.0564 53.8905,
	32.0696 53.917,
	32.0696 53.9699,
	32.0564 53.9963,
	32.0961 54.1021,
	32.1556 54.2079,
	32.1721 54.2344,
	32.3441 54.6576,
	32.4334 54.8692,
	32.4565 54.9221,
	32.4962 55.1338,
	32.4995 55.1867,
	32.5028 55.2131,
	32.5425 55.3189,
	32.5689 55.3718,
	32.5722 55.5834,
	32.5722 55.6099,
	32.6516 55.8215,
	32.6913 55.9273,
	32.7012 55.9538,
	32.7012 56.0067,
	32.7442 56.1125,
	32.7938 56.2183,
	32.9095 56.4299,
	32.9359 56.4828,
	32.9624 56.5886,
	32.9756 56.6415,
	33.0781 56.7076,
	33.0913 56.7176,
	33.1971 56.744,
	33.2236 56.7605,
	33.3261 56.8564,
	33.4319 57.068,
	33.5113 57.2797,
	33.5212 57.3061,
	33.4815 57.5177,
	33.4584 57.6235,
	33.4451 57.6764,
	33.4385 57.7029,
	33.4352 57.7095,
	33.5013 57.9211,
	33.5146 57.974,
	33.5212 58.0005,
	33.508 58.0269,
	33.5476 58.1327,
	33.5576 58.1856,
	33.5609 58.2385,
	33.5741 58.2914,
	33.5807 58.3179,
	33.5542 58.4237,
	33.5509 58.4369,
	33.5642 58.5427,
	33.5509 58.5956,
	33.5609 58.7014,
	33.5642 58.7147,
	33.541 58.7676,
	33.5377 58.7742,
	33.5774 58.8271,
	33.5873 58.8535,
	33.5906 58.88,
	33.5939 58.8932,
	33.5675 58.999,
	33.5642 59.0056,
	33.6303 59.2173,
	33.6601 59.3231,
	33.6667 59.3495,
	33.7196 59.4553,
	33.7262 59.4686,
	33.9378 59.6802,
	34.0238 59.786,
	34.0436 59.8124,
	34.0932 59.8653,
	34.1097 59.9182,
	34.113 59.9248,
	34.0469 60.1365,
	34.0337 60.1894,
	34.0271 60.2158,
	34.1329 60.639,
	34.1461 60.692,
	34.2916 61.1152,
	34.3114 61.221,
	34.3147 61.2474,
	34.2718 61.3532,
	34.2585 61.4062,
	34.2552 61.4194,
	34.2685 61.4723,
	34.2585 61.4987,
	34.2288 61.5516,
	34.2122 61.5781,
	34.1858 61.5979,
	34.1593 61.6078,
	34.1329 61.6078,
	34.1197 61.6078,
	34.113 61.6078,
	34.0072 61.7103,
	33.9014 61.75,
	33.8485 61.7533,
	33.7427 61.707,
	33.6898 61.6839,
	33.6634 61.674,
	33.6501 61.6674,
	33.4584 61.4557,
	33.4055 61.4062,
	33.3823 61.3797,
	33.3162 61.2739,
	32.9326 60.8507,
	32.883 60.7978,
	32.8599 60.7713,
	32.8467 60.7581,
	32.7409 60.7449,
	32.7276 60.7449,
	32.6218 60.7052,
	32.1986 60.4407,
	32.1721 60.4241,
	32.1589 60.4175,
	31.7754 59.9943,
	31.7291 59.9414,
	31.6497 59.8356,
	31.5968 59.786,
	31.5042 59.5744,
	31.491 59.5479,
	31.3852 59.4818,
	31.2794 59.4785,
	31.2662 59.4785,
	31.1604 59.4156,
	31.1471 59.409,
	31.0975 59.3561,
	31.0711 59.3396,
	30.8595 59.2503,
	30.7537 59.2338,
	30.747 59.2338,
	30.5354 59.0387,
	30.4858 58.9858,
	30.4428 58.9329,
	30.4197 58.9065,
	30.3767 58.8006,
	30.3503 58.7477,
	30.3337 58.7246,
	30.1221 58.5791,
	30.0163 58.513,
	29.9899 58.4931,
	29.8973 58.3873,
	29.8841 58.3344,
	29.8841 58.3278,
	29.8311 58.2782,
	29.8179 58.2683,
	29.7121 58.2286,
	29.6592 58.2154,
	29.603 58.1129,
	29.5766 58.06,
	29.56 58.0335,
	29.4542 57.9443,
	29.2657 57.521,
	29.2558 57.4946,
	29.1897 57.3888,
	29.1632 57.3359,
	28.9946 56.9126,
	28.7863 56.7771,
	28.7598 56.7605,
	28.7334 56.7738,
	28.5582 56.5622,
	28.5416 56.5357,
	28.5019 56.4299,
	28.5019 56.3241,
	28.5019 56.3109,
	28.4325 56.0992,
	28.2275 55.676,
	28.2011 55.6231,
	28.1581 55.5173,
	28.1515 55.5041,
	28.0456 55.3983,
	27.9398 55.3189,
	27.7547 55.1106,
	27.7315 55.0842,
	27.7249 55.0775,
	27.7117 54.9717,
	27.7216 54.9188,
	27.7249 54.9056,
	27.6588 54.694,
	27.6489 54.6675,
	27.5001 54.4559,
	27.4207 54.3501,
	27.4009 54.327,
	27.1893 54.1782,
	26.9777 54.0062,
	26.9512 53.9864,
	26.8222 53.7748,
	26.7826 53.669,
	26.776 53.6558,
	26.8024 53.5499,
	26.8057 53.5367,
	26.852 53.4838,
	26.8752 53.4574,
	26.8851 53.4441,
	26.8917 53.4375,
	26.9314 53.2259,
	26.9347 53.1995,
	26.8553 52.7762,
	26.8487 52.7498,
	26.7594 52.644,
	26.7462 52.6307,
	26.6404 52.5679,
	26.6139 52.5514,
	26.6007 52.5448,
	26.4949 52.5712,
	26.442 52.5845,
	26.4288 52.5878,
	26.4023 52.5613,
	26.3891 52.5481,
	26.3759 52.5216,
	26.3726 52.5183,
	26.4618 52.4125,
	26.5048 52.3596,
	26.5214 52.3332,
	26.5445 52.2274,
	26.4916 52.0157,
	26.485 51.9893,
	26.3097 51.5661,
	26.2932 51.5132,
	26.2866 51.4867,
	26.3131 51.3809,
	26.3164 51.1693,
	26.3164 51.1428,
	26.2899 51.037,
	26.2866 50.9312,
	26.2866 50.9048,
	26.3131 50.8519,
	26.3263 50.8254,
	26.3296 50.8188,
	26.2767 50.713,
	26.2701 50.6998,
	26.2436 50.6733,
	26.2304 50.6601,
	26.2039 50.6733,
	26.2006 50.6766,
	26.161 50.6237,
	26.1047 50.4121,
	26.0783 50.3063,
	26.0717 50.2798,
	26.0717 50.174,
	26.075 50.1476,
	26.0816 50.1343,
	26.0849 50.1277,
	25.9659 49.9161,
	25.9394 49.8632,
	25.9262 49.8368,
	25.8997 49.6252,
	25.8964 49.6119,
	25.913 49.5061,
	25.913 49.4929,
	25.7774 49.0697,
	25.7642 49.0168,
	25.7576 48.9639,
	25.7576 48.9374,
	25.7509 48.911,
	25.6551 48.6993,
	25.6418 48.6464,
	25.6385 48.6332,
	25.6286 48.6233,
	25.6253 48.6134,
	25.6385 48.5605,
	25.6418 48.5076,
	25.6352 48.4811,
	25.5856 48.4282,
	25.536 48.3819,
	25.5129 48.3621,
	25.4897 48.3092,
	25.4831 48.2827,
	25.4765 48.1769,
	25.4831 48.124,
	25.4963 48.0711,
	25.503 48.0182,
	25.503 47.9653,
	25.503 47.9521,
	25.493 47.9256,
	25.4765 47.8992,
	25.4501 47.8793,
	25.3972 47.8529,
	25.2913 47.8198,
	25.2384 47.8066,
	25.1855 47.8,
	25.1326 47.8,
	25.1062 47.8,
	25.093 47.8,
	25.0897 47.8,
	25.0963 47.7834,
	25.1227 47.757,
	25.1326 47.7438,
	25.1855 47.7272,
	25.212 47.7173,
	25.2219 47.7074,
	25.2351 47.6016,
	25.2351 47.5487,
	25.2318 47.5388,
	25.1789 47.5123,
	25.126 47.5255,
	25.0996 47.5355,
	25.093 47.5388,
	24.9739 47.3271,
	24.9673 47.3139,
	24.8747 47.2081,
	24.8615 47.1949,
	24.8483 47.1684,
	24.8483 47.1552,
	"/>
</Transform>

<Transform dim="0"
 xcoef=" 0 1 0 0 0 0"
 ycoef=" 0 0 1 0 0 0">
<Contour name="TB1_AP13_RSL_LYS" hidden="false" closed="true" simplified="true" border="0 0 0" fill="1 1 0" mode="-9"
 points="44.479 55.6263,
	44.605 55.5476,
	44.6679 55.5319,
	44.7309 55.5476,
	44.8569 55.6578,
	44.9041 55.6893,
	44.9199 55.705,
	44.8097 55.7995,
	44.6837 55.8153,
	44.6207 55.8153,
	44.5892 55.8153,
	44.479 55.705,
	44.479 55.6421,
	"/>
<Contour name="TB1_AP13_RSL_LYS" hidden="false" closed="true" simplified="true" border="0 0 0" fill="1 1 0" mode="-9"
 points="42.4479 56.2404,
	42.4952 56.1144,
	42.4952 56.0514,
	42.5267 55.9884,
	42.6526 55.9255,
	42.7786 55.894,
	42.9045 55.9097,
	43.0305 55.957,
	43.1565 56.0514,
	43.125 56.3033,
	43.1092 56.4293,
	43.1092 56.4923,
	42.999 56.571,
	42.9675 56.6025,
	42.8416 56.634,
	42.5896 56.634,
	42.4952 56.5238,
	42.4479 56.3978,
	42.4479 56.2719,
	42.4479 56.2561,
	"/>
<Contour name="TB1_AP13_RSL_LYS" hidden="false" closed="true" simplified="true" border="0 0 0" fill="1 1 0" mode="-9"
 points="44.2271 56.1931,
	44.3373 56.0829,
	44.4003 56.0514,
	44.6522 56.0672,
	44.7624 56.1774,
	44.7782 56.2089,
	44.6365 56.4608,
	44.5105 56.4765,
	44.3845 56.4608,
	44.3531 56.3978,
	44.2901 56.3348,
	44.2271 56.2089,
	"/>
<Contour name="TB1_AP13_RSL_LYS" hidden="false" closed="true" simplified="true" border="0 0 0" fill="1 1 0" mode="-9"
 points="41.7394 58.1927,
	41.7867 57.9408,
	41.8339 57.8148,
	41.9126 57.7046,
	41.9598 57.6574,
	42.0858 57.6259,
	42.2118 57.6417,
	42.4637 57.8148,
	42.6841 58.0038,
	42.7156 58.0668,
	42.7156 58.1297,
	42.7313 58.1612,
	42.5267 58.4131,
	42.4164 58.5391,
	42.3535 58.6021,
	42.2275 58.6336,
	42.1645 58.6336,
	42.0386 58.5391,
	41.9756 58.5076,
	41.8654 58.3817,
	41.7867 58.3187,
	41.7552 58.3187,
	41.7394 58.2085,
	"/>
<Contour name="TB1_AP13_RSL_LYS" hidden="false" closed="true" simplified="true" border="0 0 0" fill="1 1 0" mode="-9"
 points="43.6918 58.917,
	43.739 58.791,
	43.7862 58.7438,
	43.802 58.7123,
	43.9279 58.6966,
	43.9909 58.6966,
	44.1011 58.791,
	44.1641 58.8225,
	44.2271 58.8855,
	44.2271 58.9485,
	44.0854 59.2004,
	44.0382 59.2634,
	43.9752 59.2791,
	43.8492 59.2634,
	43.7862 59.2161,
	43.7705 59.1532,
	43.7233 59.1059,
	43.6918 58.98,
	43.6918 58.9327,
	"/>
<Contour name="TB1_AP13_RSL_LYS" hidden="false" closed="true" simplified="true" border="0 0 0" fill="1 1 0" mode="-9"
 points="44.2901 58.8383,
	44.3531 58.791,
	44.479 58.7753,
	44.542 58.7753,
	44.6679 58.8225,
	44.7309 58.8697,
	44.7624 58.8697,
	44.7939 58.9012,
	44.7939 58.9327,
	44.6679 59.0114,
	44.605 59.0587,
	44.479 59.0902,
	44.416 59.1059,
	44.3845 59.1059,
	44.3058 58.98,
	44.2901 58.854,
	"/>
<Contour name="TB1_AP13_RSL_LYS" hidden="false" closed="true" simplified="true" border="0 0 0" fill="1 1 0" mode="-9"
 points="42.4007 60.1451,
	42.4479 60.0821,
	42.5109 60.0506,
	42.5739 60.0506,
	42.6999 60.0978,
	42.7628 60.1608,
	42.7943 60.1923,
	42.7943 60.2553,
	42.7943 60.2868,
	42.7313 60.334,
	42.6841 60.2868,
	42.6684 60.2553,
	42.6054 60.3025,
	42.5424 60.3183,
	42.4794 60.3025,
	42.4164 60.2553,
	42.4007 60.1923,
	42.4007 60.1608,
	"/>
<Contour name="TB1_AP13_RSL_LYS" hidden="false" closed="true" simplified="true" border="0 0 0" fill="1 1 0" mode="-9"
 points="42.6369 61.137,
	42.7313 60.8851,
	42.7943 60.8221,
	42.9203 60.7906,
	43.0462 60.8064,
	43.1565 60.8851,
	43.3296 61.137,
	43.3454 61.263,
	43.2667 61.3889,
	43.2509 61.4047,
	43.2824 61.4204,
	43.0777 61.6723,
	42.9518 61.6881,
	42.8258 61.6566,
	42.7156 61.5464,
	42.6684 61.4204,
	42.6369 61.3574,
	42.6369 61.2315,
	42.6369 61.1685,
	42.6369 61.1527,
	"/>
<Contour name="TB1_AP13_RSL_LYS" hidden="false" closed="true" simplified="true" border="0 0 0" fill="1 1 0" mode="-9"
 points="39.6139 58.6178,
	39.6296 58.5548,
	39.7398 58.4446,
	39.8028 58.3974,
	39.913 58.3502,
	39.976 58.3502,
	40.039 58.3817,
	40.2122 58.6336,
	40.2437 58.6808,
	40.1649 58.9327,
	40.0547 59.0587,
	39.9917 59.0744,
	39.8658 58.9957,
	39.8343 58.9957,
	39.7083 58.9012,
	39.6769 58.9012,
	39.6296 58.854,
	39.6296 58.728,
	39.6139 58.6651,
	39.6139 58.6336,
	"/>
<Contour name="TB1_AP13_RSL_LYS" hidden="false" closed="true" simplified="true" border="0 0 0" fill="1 1 0" mode="-9"
 points="38.7951 59.3263,
	38.8109 59.2004,
	38.8266 59.1374,
	39.0313 58.8855,
	39.0943 58.8383,
	39.2203 58.8225,
	39.2832 58.8068,
	39.3462 58.8225,
	39.3777 58.8225,
	39.4722 58.9485,
	39.5194 59.0744,
	39.5509 59.1374,
	39.4879 59.6412,
	39.4722 59.7042,
	39.4407 59.6885,
	39.3147 59.72,
	39.0628 59.657,
	39.0313 59.657,
	38.7951 59.4366,
	38.7951 59.3736,
	38.7951 59.3421,
	"/>
</Transform>

</Section>