<?xml version="1.0"?>
<!DOCTYPE Section SYSTEM "section.dtd">

<Section index="442" thickness="0.085" alignLocked="true">
<Transform dim="0"
 xcoef=" 0 1 0 0 0 0"
 ycoef=" 0 0 1 0 0 0">
<Image mag="0.0079" contrast="1" brightness="0" red="true" green="true" blue="true"
 src="Aligned TF21442.tif" />
<Contour name="domain1" hidden="false" closed="true" simplified="false" border="1 0 1" fill="1 0 1" mode="11"
 points="0 0,
	15991 0,
	15991 12171,
	0 12171,
	"/>
</Transform>

<Transform dim="0"
 xcoef=" 0 1 0 0 0 0"
 ycoef=" 0 0 1 0 0 0">
<Contour name="TB1_AP12_EM" hidden="false" closed="true" simplified="true" border="0.792157 0 0" fill="1 0.701961 0.701961" mode="9"
 points="33.1479 29.9625,
	33.1763 29.9341,
	33.2048 29.9341,
	33.3185 30.0336,
	33.4323 30.0478,
	33.4892 30.0478,
	33.5461 30.0194,
	33.6029 30.0336,
	33.674 29.9341,
	33.6883 29.8772,
	33.7878 29.7776,
	34.0153 29.6781,
	34.0722 29.6781,
	34.2997 29.7776,
	34.3708 29.8772,
	34.4135 29.9341,
	34.4419 29.9056,
	34.5557 29.9198,
	34.6695 29.9909,
	34.7832 30.0905,
	34.8686 30.2043,
	34.9539 30.4318,
	34.9539 30.4602,
	35.0534 30.574,
	35.0961 30.6877,
	35.1245 30.7162,
	35.1814 30.7162,
	35.2952 30.7589,
	35.4089 30.8584,
	35.5227 30.9011,
	35.6365 30.9153,
	35.7502 31.0148,
	35.9778 30.9722,
	36.0346 30.9437,
	36.12 30.83,
	36.1768 30.7162,
	36.3333 30.4887,
	36.4044 30.3749,
	36.5039 30.2611,
	36.5324 30.2327,
	36.5892 30.2185,
	36.6461 30.2611,
	36.7599 30.2896,
	36.8736 30.4033,
	36.9305 30.5171,
	36.959 30.574,
	37.1865 30.7304,
	37.3003 30.83,
	37.4425 31.0575,
	37.6273 31.285,
	37.6558 31.3988,
	37.6558 31.4557,
	37.7695 31.5552,
	37.8264 31.541,
	37.926 31.5979,
	38.0397 31.8254,
	38.0255 31.9391,
	38.0397 31.996,
	37.9686 32.2236,
	37.9544 32.2804,
	37.9828 32.3942,
	38.0966 32.6217,
	38.1535 32.7355,
	38.1819 32.7924,
	38.1393 32.9061,
	38.125 32.963,
	38.0966 32.9915,
	38.1677 33.1052,
	38.2104 33.3328,
	38.2388 33.4465,
	38.509 33.9016,
	38.5943 34.1291,
	38.6939 34.2429,
	38.8219 34.4704,
	38.8503 34.5842,
	38.8645 34.641,
	39.092 34.8543,
	39.1916 35.0819,
	39.2769 35.1956,
	39.3338 35.2525,
	39.4476 35.48,
	39.5471 35.5938,
	39.6609 35.6649,
	39.7746 35.7645,
	40.0875 36.2195,
	40.571 37.1296,
	40.6136 37.1865,
	40.6563 37.414,
	40.699 37.5278,
	40.7701 37.6416,
	40.8269 37.6984,
	40.8412 37.8122,
	40.8127 37.926,
	41.026 38.381,
	41.1113 38.4948,
	41.2962 38.9498,
	41.3673 39.1774,
	41.5664 39.6324,
	41.6091 39.7462,
	41.6375 39.9737,
	41.6517 40.0875,
	41.7228 40.315,
	41.737 40.4288,
	41.7797 40.5425,
	41.9219 40.7701,
	42.1068 40.9976,
	42.2632 41.2251,
	42.2916 41.282,
	42.2632 41.3389,
	42.249 41.3673,
	42.3201 41.4811,
	42.7609 41.9361,
	43.216 42.1779,
	43.3297 42.2348,
	43.3866 42.2205,
	43.4435 42.249,
	43.5288 42.3627,
	43.7421 42.8178,
	43.8986 43.0453,
	44.2683 43.5004,
	44.5243 43.9554,
	44.6096 44.0692,
	44.6522 44.183,
	44.6665 44.2967,
	44.6665 44.3536,
	44.8513 44.8087,
	44.8655 44.9224,
	44.8229 44.9793,
	44.6238 44.7518,
	44.4958 44.5243,
	44.4532 44.2967,
	44.4389 44.183,
	44.4532 44.0692,
	44.4389 43.9554,
	44.3963 43.8417,
	44.3252 43.7279,
	44.2114 43.6141,
	44.1545 43.5857,
	44.1403 43.5715,
	44.1119 43.5999,
	43.9981 43.5004,
	43.9412 43.4435,
	43.7137 43.3013,
	43.6568 43.2729,
	43.6141 43.216,
	43.5999 43.1591,
	43.3724 42.9458,
	43.1449 42.7751,
	43.0453 42.6614,
	42.9173 42.4338,
	42.8605 42.3201,
	42.7467 42.249,
	42.5903 42.0215,
	42.377 41.7939,
	42.3343 41.737,
	42.2916 41.6233,
	42.1352 41.3958,
	42.0357 41.282,
	41.9077 41.0545,
	41.7513 40.8269,
	41.6517 40.7132,
	41.4953 40.4856,
	41.2678 40.2581,
	41.1967 40.1444,
	40.9691 39.9453,
	40.8554 39.8742,
	40.8127 39.8173,
	40.7843 39.7888,
	40.7701 39.732,
	40.7132 39.6751,
	40.6847 39.6182,
	40.6563 39.5898,
	40.6278 39.476,
	40.5852 39.4191,
	40.5141 39.1916,
	40.443 39.0778,
	40.4003 38.9641,
	40.3292 38.8503,
	40.3292 38.7934,
	40.3292 38.765,
	40.3577 38.7365,
	40.3719 38.6228,
	40.2439 38.3952,
	40.1728 38.2815,
	39.7604 37.8264,
	39.5755 37.5989,
	39.4902 37.4851,
	39.4333 37.3714,
	39.4191 37.3429,
	39.4476 37.3287,
	39.5044 37.3571,
	39.5329 37.3571,
	39.6466 37.4567,
	39.8031 37.6842,
	39.8315 37.7411,
	39.8884 37.7838,
	39.9168 37.7838,
	40.0306 37.8833,
	40.059 37.8975,
	40.1159 37.8549,
	40.1301 37.798,
	40.0733 37.5704,
	40.0021 37.4567,
	39.9595 37.3998,
	39.9026 37.1723,
	39.8742 37.0585,
	39.8457 37.0016,
	39.8173 36.9732,
	39.8031 36.9163,
	39.6466 36.6888,
	39.5755 36.4613,
	39.5044 36.0062,
	39.5187 35.992,
	39.2911 35.8213,
	39.1489 35.5938,
	39.0778 35.48,
	38.8787 35.2667,
	38.8219 35.0392,
	38.8076 34.9254,
	38.7081 34.6979,
	38.6654 34.5842,
	38.6512 34.4704,
	38.2104 34.0438,
	37.9828 33.8731,
	37.8833 33.7736,
	37.8549 33.7451,
	37.8122 33.5176,
	37.7411 33.2901,
	37.7553 33.1763,
	37.6984 33.0626,
	37.7127 33.0483,
	37.5847 32.8208,
	37.4993 32.7071,
	37.414 32.4795,
	37.3714 32.3658,
	37.286 32.252,
	37.2576 32.1382,
	37.2149 32.0814,
	37.2007 32.0529,
	37.087 32.0245,
	37.0159 32.1382,
	36.9732 32.1951,
	36.9163 32.0956,
	36.9305 32.0387,
	36.9163 32.0245,
	36.8452 32.1382,
	36.6177 32.3515,
	36.5466 32.4511,
	36.3902 32.9061,
	36.3617 33.0199,
	36.3902 33.1337,
	36.3759 33.1905,
	36.3902 33.2474,
	36.3759 33.3043,
	36.4328 33.5318,
	36.4755 33.6456,
	36.4897 33.7025,
	36.447 33.802,
	36.3759 33.6883,
	36.319 33.4607,
	36.3048 33.347,
	36.2906 33.2901,
	36.319 33.0626,
	36.2622 32.835,
	36.0346 32.7497,
	35.992 32.7213,
	35.9351 32.7497,
	35.8924 32.8066,
	35.8782 32.8635,
	35.9493 33.091,
	35.9635 33.2048,
	35.9493 33.2617,
	36.0204 33.4892,
	36.0489 33.6029,
	36.0489 33.6598,
	36.0489 33.6883,
	36.0204 33.7025,
	35.9493 33.6029,
	35.9209 33.5461,
	35.9067 33.4323,
	35.8924 33.3754,
	35.7929 33.2759,
	35.7218 33.1621,
	35.7076 33.1052,
	35.6933 33.0768,
	35.4658 33.1194,
	35.3521 33.1479,
	35.2383 33.1337,
	35.0108 32.9346,
	34.9539 32.8777,
	34.9254 32.8493,
	34.897 32.6217,
	34.7406 32.3942,
	34.7264 32.3373,
	34.5131 32.1098,
	34.4419 31.996,
	34.314 31.541,
	34.2571 31.4272,
	34.1718 31.3134,
	34.058 31.1997,
	34.0011 31.157,
	33.8874 31.1428,
	33.8305 31.1712,
	33.802 31.1855,
	33.5745 30.9722,
	33.5176 30.9153,
	33.4892 30.4602,
	33.4323 30.3465,
	33.3328 30.2327,
	33.219 30.1616,
	33.1763 30.0478,
	33.1621 29.9909,
	33.1479 29.9767,
	"/>
</Transform>

<Transform dim="0"
 xcoef=" 0 1 0 0 0 0"
 ycoef=" 0 0 1 0 0 0">
<Contour name="TB1_AP22_EM" hidden="false" closed="true" simplified="true" border="0.133333 0.568627 1" fill="0 1 0" mode="9"
 points="26.1666 48.8517,
	26.1982 48.8279,
	26.2299 48.8279,
	26.4831 48.9941,
	26.5147 49.002,
	26.578 49.0574,
	26.6572 49.184,
	26.6967 49.2473,
	26.76 49.271,
	26.8233 49.2789,
	26.8866 49.2631,
	26.9499 49.2156,
	26.9816 49.1919,
	26.9974 49.1603,
	26.9974 49.1444,
	27.029 49.1207,
	27.0923 49.1365,
	27.124 49.1444,
	27.3772 49.0891,
	27.5038 49.0178,
	27.5671 48.9625,
	27.6937 48.8912,
	27.7253 48.8754,
	27.7886 48.8833,
	27.8519 48.915,
	27.9785 48.9387,
	28.1051 48.9862,
	28.1684 48.9862,
	28.295 49.0495,
	28.3583 49.0732,
	28.4849 49.0653,
	28.5482 49.0732,
	28.8014 49.1998,
	28.928 49.271,
	28.9913 49.3343,
	29.2841 49.8407,
	29.3474 49.9673,
	29.4265 50.2205,
	29.4819 50.3471,
	29.6085 50.4737,
	29.6639 50.537,
	29.6956 50.6003,
	29.7114 50.6636,
	29.8934 50.9168,
	29.9883 51.0434,
	30.0358 51.1067,
	30.0991 51.1621,
	30.194 51.2887,
	30.3206 51.4074,
	30.4472 51.5024,
	30.5026 51.5577,
	30.5264 51.5894,
	30.6371 52.0958,
	30.6688 52.2224,
	30.7242 52.349,
	30.8112 52.6022,
	30.8429 52.6655,
	30.8587 52.7921,
	30.8745 52.8554,
	30.8824 52.887,
	30.9615 53.0136,
	31.0248 53.1402,
	31.0565 53.2035,
	31.0881 53.3301,
	31.0802 53.3934,
	31.0723 53.4093,
	31.1435 53.5359,
	31.1673 53.5675,
	31.1989 53.5833,
	31.2306 53.5754,
	31.2939 53.6229,
	31.3334 53.6862,
	31.3809 53.8128,
	31.3967 53.8761,
	31.4521 54.0027,
	31.5233 54.2559,
	31.6341 54.5091,
	31.7607 54.7623,
	31.824 54.8889,
	31.911 55.0155,
	31.9823 55.1421,
	32.0297 55.2687,
	32.093 55.3953,
	32.1722 55.5219,
	32.3858 55.7751,
	32.4966 55.9017,
	32.6627 56.1549,
	32.6865 56.1865,
	32.6944 56.2182,
	32.8131 56.3448,
	32.9159 56.4714,
	32.9871 56.598,
	33.0109 56.6613,
	33.0188 56.6929,
	32.9713 56.8195,
	32.9476 56.9461,
	32.9238 57.0094,
	32.9001 57.2626,
	32.9159 57.3892,
	32.9318 57.4525,
	32.9951 57.5791,
	33.0188 57.6424,
	32.9951 57.8956,
	33.0109 58.0222,
	33.0188 58.0855,
	33.0663 58.2121,
	33.09 58.2754,
	33.0821 58.3387,
	33.0979 58.402,
	33.1375 58.4653,
	33.1533 58.5286,
	33.1296 58.5919,
	33.1217 58.6236,
	33.1296 58.6552,
	33.2403 58.7818,
	33.2562 58.8135,
	33.2562 58.8768,
	33.3036 59.0034,
	33.3353 59.13,
	33.3432 59.1933,
	33.3511 59.2249,
	33.3274 59.3515,
	33.3195 59.4148,
	33.3353 59.5414,
	33.3511 59.6047,
	33.3274 59.7313,
	33.3036 59.7946,
	33.2957 59.8263,
	33.2878 59.8421,
	33.3195 59.9054,
	33.3749 59.9687,
	33.4461 60.0953,
	33.6755 60.6017,
	33.7388 60.7283,
	33.8496 60.8549,
	33.9129 60.9103,
	33.9604 60.9736,
	34.087 61.0923,
	34.1503 61.1477,
	34.1978 61.211,
	34.2294 61.2743,
	34.3481 61.393,
	34.3718 61.4246,
	34.4351 61.4563,
	34.5617 61.4563,
	34.625 61.4563,
	34.6883 61.4404,
	34.7516 61.4563,
	34.7595 61.4721,
	34.7358 61.5037,
	34.6725 61.5433,
	34.5459 61.567,
	34.4826 61.5829,
	34.451 61.5908,
	34.4351 61.6066,
	34.4351 61.6382,
	34.4668 61.7015,
	34.4826 61.7332,
	34.4905 61.749,
	34.4668 61.8123,
	34.4589 61.844,
	34.4984 61.9073,
	34.5063 61.9706,
	34.4826 62.0339,
	34.4826 62.0972,
	34.5222 62.2238,
	34.538 62.2871,
	34.538 62.3187,
	34.5063 62.3504,
	34.4905 62.3662,
	34.4826 62.4295,
	34.5063 62.6827,
	34.5063 62.746,
	34.5617 62.8726,
	34.5617 62.9359,
	34.5538 62.9675,
	34.5063 63.0308,
	34.4747 63.0546,
	34.3481 63.0625,
	34.2848 63.0467,
	34.2531 63.0308,
	34.2215 62.9992,
	34.1978 62.9359,
	34.1582 62.8726,
	34.0949 62.8963,
	33.9683 62.8884,
	33.7151 62.8489,
	33.5885 62.8251,
	33.4619 62.7856,
	33.3353 62.7064,
	33.3116 62.6748,
	33.3353 62.6431,
	33.3511 62.6273,
	33.3274 62.5957,
	33.0742 62.4928,
	33.0109 62.4532,
	32.9476 62.4295,
	32.8843 62.4532,
	32.821 62.4928,
	32.7577 62.5007,
	32.726 62.4928,
	32.6627 62.4374,
	32.5361 62.3583,
	32.2829 62.1446,
	32.2196 62.0972,
	32.188 62.0813,
	32.1247 62.018,
	32.0772 61.8914,
	32.0456 61.8281,
	31.9823 61.7728,
	31.919 61.7411,
	31.7924 61.6224,
	31.6816 61.4958,
	31.6262 61.4325,
	31.6025 61.4009,
	31.5392 61.3692,
	31.5075 61.3059,
	31.4442 61.2585,
	31.3967 61.2031,
	31.3334 61.1793,
	31.3018 61.1714,
	31.1989 61.0527,
	31.1673 61.029,
	31.1356 61.0211,
	31.0486 60.9024,
	31.0011 60.8391,
	30.9378 60.8074,
	30.8745 60.76,
	30.8349 60.6967,
	30.7954 60.5701,
	30.7637 60.5068,
	30.7558 60.4751,
	30.6371 60.3643,
	30.5501 60.2377,
	30.4235 60.1507,
	30.3919 60.1349,
	30.376 60.1191,
	30.3444 60.127,
	30.2811 60.0637,
	30.2494 60.0004,
	30.2336 59.8738,
	30.202 59.7472,
	30.1861 59.6839,
	30.194 59.5573,
	30.2257 59.494,
	30.289 59.4386,
	30.3206 59.3753,
	30.3365 59.3436,
	30.2732 59.3041,
	30.2415 59.2724,
	30.2415 59.2091,
	30.2573 59.1458,
	30.289 59.1221,
	30.3206 59.1221,
	30.3523 59.1063,
	30.3286 58.9797,
	30.202 58.8689,
	30.0754 58.7898,
	30.0121 58.7581,
	29.9883 58.7265,
	29.9804 58.6632,
	29.9804 58.6473,
	30.0121 58.6394,
	30.0437 58.6473,
	30.0595 58.6473,
	30.1228 58.7106,
	30.1545 58.7423,
	30.2178 58.7106,
	30.3286 58.584,
	30.3919 58.5682,
	30.4552 58.5366,
	30.5026 58.4733,
	30.5185 58.4416,
	30.5185 58.4258,
	30.3919 58.3467,
	30.3602 58.3308,
	30.2336 58.3071,
	30.1703 58.2754,
	30.1149 58.2121,
	30.0754 58.1488,
	30.0358 58.0222,
	30.0041 57.769,
	29.9883 57.6424,
	29.9725 57.5791,
	29.9092 57.4525,
	29.8775 57.3892,
	29.8617 57.3259,
	29.7984 57.1993,
	29.7668 57.136,
	29.7509 57.0727,
	29.7589 57.0411,
	29.8142 57.0174,
	29.8459 57.0253,
	29.8934 56.9699,
	29.9092 56.8433,
	29.9488 56.7167,
	29.9883 56.4635,
	30.0121 56.4002,
	30.02 56.3369,
	30.0279 56.3052,
	29.9646 56.2498,
	29.9408 56.2261,
	29.9329 56.2182,
	29.9725 56.1549,
	29.9804 56.1232,
	29.925 56.0599,
	29.8696 56.0125,
	29.9013 55.9492,
	29.9092 55.9175,
	29.8855 55.8542,
	29.8696 55.8226,
	29.8617 55.8067,
	29.8775 55.7751,
	29.8617 55.7118,
	29.7826 55.5852,
	29.7509 55.5219,
	29.743 55.5061,
	29.7668 55.4428,
	29.7509 55.4111,
	29.7193 55.3795,
	29.7035 55.3162,
	29.7114 55.2845,
	29.6956 55.2529,
	29.6323 55.2212,
	29.5136 55.0946,
	29.4503 54.968,
	29.3237 54.881,
	29.2604 54.8256,
	29.2287 54.7623,
	29.2445 54.7307,
	29.2762 54.7227,
	29.5294 54.8889,
	29.561 54.8731,
	29.569 54.7465,
	29.561 54.6832,
	29.6006 54.5566,
	29.6243 54.43,
	29.6481 54.3667,
	29.656 54.3034,
	29.6323 54.2401,
	29.6402 54.1135,
	29.6164 53.9869,
	29.6006 53.9236,
	29.5927 53.797,
	29.6006 53.7337,
	29.3791 53.2273,
	29.2683 52.9741,
	29.1179 52.7209,
	29.0863 52.6576,
	28.8568 52.4123,
	28.7935 52.3886,
	28.7302 52.349,
	28.7065 52.2857,
	28.5878 52.167,
	28.6115 52.1354,
	28.6274 52.1195,
	28.6115 52.1037,
	28.5482 52.1195,
	28.5166 52.1274,
	28.4849 52.1195,
	28.3821 51.9929,
	28.3742 51.9296,
	28.3821 51.9138,
	28.2555 51.6606,
	28.1843 51.534,
	28.1605 51.4707,
	28.121 51.4074,
	28.0023 51.2966,
	27.9944 51.265,
	28.0102 51.2333,
	27.8836 50.9801,
	27.8361 50.9168,
	27.7095 50.6636,
	27.67 50.537,
	27.6304 50.4737,
	27.6146 50.4421,
	27.5513 50.3788,
	27.488 50.2522,
	27.4642 50.1889,
	27.3614 50.0623,
	27.2348 49.9515,
	27.1715 49.8961,
	27.1398 49.8803,
	27.037 49.7537,
	26.9578 49.6271,
	26.9262 49.5638,
	26.8787 49.5005,
	26.8629 49.4688,
	26.8312 49.4372,
	26.7046 49.3739,
	26.673 49.3581,
	26.5939 49.2315,
	26.4752 49.1049,
	26.3486 49.0099,
	26.222 48.9466,
	26.1903 48.915,
	26.1666 48.8596,
	"/>
</Transform>

<Transform dim="0"
 xcoef=" 0 1 0 0 0 0"
 ycoef=" 0 0 1 0 0 0">
<Contour name="TB1_AP22_EM" hidden="false" closed="true" simplified="true" border="0.133333 0.568627 1" fill="0 1 0" mode="9"
 points="30.1682 31.0645,
	30.2839 30.9633,
	30.3995 30.9488,
	30.4573 30.9488,
	30.5007 30.891,
	30.5296 30.7898,
	30.5874 30.7609,
	30.6453 30.7754,
	30.7609 30.7031,
	30.8332 30.5874,
	30.9488 30.4863,
	31.0066 30.4863,
	31.0356 30.4863,
	31.0645 30.4573,
	31.0789 30.2261,
	31.1078 30.1971,
	31.1656 30.1827,
	31.2235 30.067,
	31.2379 29.9514,
	31.2235 29.8358,
	31.2524 29.7779,
	31.3102 29.749,
	31.5415 29.7346,
	31.5993 29.7201,
	31.8306 29.749,
	31.9462 29.7635,
	32.0619 29.7201,
	32.2932 29.6768,
	32.4088 29.6189,
	32.4666 29.59,
	32.5823 29.59,
	32.6835 29.6768,
	32.7557 29.7779,
	32.7846 29.7779,
	32.9003 29.8647,
	32.9581 29.8936,
	33.0304 30.0092,
	33.0448 30.067,
	33.146 30.1827,
	33.2183 30.414,
	33.2617 30.5296,
	33.2761 30.6453,
	33.4062 30.8765,
	33.5074 30.9922,
	33.5797 31.1078,
	33.7965 31.2957,
	33.8543 31.3536,
	33.8688 31.4114,
	33.8254 31.527,
	33.6086 31.7439,
	33.493 31.7439,
	33.2617 31.686,
	33.2038 31.7005,
	33.0015 31.9318,
	32.9437 31.9462,
	32.7124 31.9029,
	32.5967 31.8306,
	32.4811 31.7294,
	32.4233 31.6716,
	32.3944 31.6427,
	32.2787 31.6138,
	32.2209 31.6138,
	32.1631 31.5849,
	32.1342 31.5849,
	32.1052 31.5559,
	32.0763 31.5559,
	31.845 31.3391,
	31.7439 31.2379,
	31.686 31.2235,
	31.5704 31.2379,
	31.4548 31.209,
	31.2524 31.4258,
	31.0211 31.5415,
	30.9055 31.5849,
	30.8476 31.5993,
	30.7898 31.5849,
	30.7609 31.5559,
	30.8043 31.4403,
	30.8043 31.4114,
	30.6886 31.3391,
	30.573 31.2957,
	30.4573 31.3102,
	30.3417 31.3536,
	30.2839 31.368,
	30.2116 31.2524,
	30.1682 31.1367,
	30.1682 31.0789,
	"/>
</Transform>

<Transform dim="0"
 xcoef=" 0 1 0 0 0 0"
 ycoef=" 0 0 1 0 0 0">
<Contour name="TB1_AP12_EM" hidden="false" closed="true" simplified="true" border="0.792157 0 0" fill="1 0.701961 0.701961" mode="9"
 points="33.8286 45.607,
	33.856 45.5887,
	33.9199 45.6435,
	33.9656 45.7896,
	33.993 45.9357,
	34.0843 46.2279,
	34.1025 46.3009,
	34.1391 46.3739,
	34.1756 46.4013,
	34.1664 46.4744,
	34.1573 46.5109,
	34.2578 47.0953,
	34.2669 47.1683,
	34.413 47.2687,
	34.4495 47.2961,
	34.5317 47.4422,
	34.5865 47.5883,
	34.5956 47.6248,
	34.6595 47.6979,
	34.6869 47.7344,
	34.7782 48.0266,
	34.8512 48.3187,
	34.8786 48.4648,
	34.8786 48.5014,
	34.9425 48.547,
	34.9243 48.8392,
	34.9791 49.1314,
	34.9973 49.2044,
	35.0704 49.3505,
	35.1069 49.4235,
	35.1252 49.4601,
	35.1343 49.7522,
	35.1343 49.8983,
	35.1799 50.0444,
	35.2165 50.1175,
	35.253 50.2636,
	35.2347 50.4096,
	35.2712 50.7018,
	35.2804 50.8479,
	35.3534 51.1401,
	35.3991 51.4323,
	35.4082 51.5053,
	35.5452 51.7975,
	35.6091 51.9436,
	35.6912 52.0897,
	35.8647 52.674,
	35.9286 52.8201,
	36.2482 53.4045,
	36.2665 53.441,
	36.4126 53.5779,
	36.4856 53.651,
	36.5678 53.7971,
	36.6317 53.9432,
	36.6773 54.0893,
	36.6956 54.1623,
	36.723 54.1988,
	36.8691 54.2536,
	37.1613 54.3175,
	37.4534 54.4545,
	37.5265 54.4819,
	37.5995 54.4727,
	37.6726 54.4453,
	37.8187 54.3632,
	37.8917 54.3175,
	38.1839 54.2353,
	38.33 54.2079,
	38.403 54.1806,
	38.4395 54.1623,
	38.5856 54.1532,
	38.6587 54.1623,
	38.8048 54.1258,
	38.8778 54.1075,
	38.9143 54.0984,
	38.9874 54.1075,
	39.0239 54.1166,
	39.033 54.1258,
	39.1061 54.0801,
	39.1426 54.0619,
	39.243 53.9158,
	39.3617 53.7697,
	39.4348 53.7058,
	39.5809 53.6236,
	39.6813 53.4866,
	39.8274 53.4045,
	39.9735 53.304,
	40.1196 53.1853,
	40.147 53.1579,
	40.2109 53.2127,
	40.2565 53.2858,
	40.3296 53.3405,
	40.357 53.3679,
	40.3843 53.2949,
	40.3752 53.1488,
	40.3752 53.0758,
	40.3752 53.0392,
	40.4848 52.8931,
	40.503 52.8201,
	40.6765 52.5279,
	40.777 52.2358,
	41.0144 51.6514,
	41.1239 51.3592,
	41.1696 51.2131,
	41.2335 51.067,
	41.27 50.921,
	41.2974 50.6288,
	41.3065 50.4827,
	41.3065 50.4096,
	41.3339 50.2636,
	41.3522 50.1905,
	41.3613 50.0444,
	41.3796 49.9714,
	41.3796 49.9531,
	41.407 49.9166,
	41.4709 49.9622,
	41.48 50.1083,
	41.4344 50.4005,
	41.407 50.4736,
	41.4344 50.7657,
	41.4252 50.9118,
	41.3978 50.9849,
	41.3431 51.5692,
	41.3431 51.7153,
	41.3339 51.7884,
	41.3248 51.8249,
	41.3613 51.971,
	41.3704 52.044,
	41.3613 52.1901,
	41.3522 52.2631,
	41.4161 52.5553,
	41.4526 52.7014,
	41.4618 52.9936,
	41.4709 53.1397,
	41.4526 53.2858,
	41.4618 53.3588,
	41.4709 53.3953,
	41.4526 53.4684,
	41.5896 53.7606,
	41.6535 53.9066,
	41.69 54.0527,
	41.6809 54.1258,
	41.5804 54.418,
	41.5531 54.491,
	41.5622 54.5275,
	41.4983 54.6736,
	41.48 54.7466,
	41.5074 55.0388,
	41.4891 55.1849,
	41.3613 55.4771,
	41.3431 55.5136,
	41.3065 55.5319,
	41.2335 55.4862,
	41.197 55.4588,
	41.1239 55.4862,
	41.0874 55.5045,
	41.0235 55.4954,
	40.987 55.4862,
	40.923 55.4132,
	40.8865 55.3858,
	40.7404 55.3584,
	40.6674 55.3858,
	40.6035 55.4588,
	40.5852 55.4771,
	40.5852 55.4954,
	40.4757 55.6323,
	40.43 55.7054,
	40.4117 55.7419,
	40.2839 55.888,
	40.2017 56.0341,
	40.1926 56.0706,
	39.9278 56.3628,
	39.873 56.4358,
	39.8365 56.5088,
	39.5717 56.801,
	39.5443 56.8375,
	39.5352 56.9836,
	39.5352 57.0202,
	39.243 57.3032,
	39.0969 57.4219,
	39.0787 57.4402,
	38.7865 57.4949,
	38.6404 57.5406,
	38.3482 57.7323,
	38.2021 57.8236,
	38.0561 57.9332,
	37.7913 58.2254,
	37.6634 58.3715,
	37.5721 58.5176,
	37.5356 58.5906,
	37.4261 58.7367,
	37.3804 58.8828,
	37.3713 58.901,
	37.3987 58.9193,
	37.4534 58.8463,
	37.4717 58.8097,
	37.5082 58.7823,
	37.5174 58.7732,
	37.5447 58.8006,
	37.4808 58.9467,
	37.3621 59.0928,
	37.2617 59.2389,
	37.2069 59.3119,
	37.1704 59.3302,
	37.1521 59.3667,
	37.0974 59.6589,
	37.07 59.805,
	37.0243 59.9511,
	37.006 60.0241,
	36.9878 60.0606,
	37.0152 60.1337,
	37.0334 60.1702,
	37.0426 60.3163,
	37.0243 60.4624,
	36.9239 60.7545,
	36.8143 60.9006,
	36.7595 60.9737,
	36.6865 61.1198,
	36.65 61.1928,
	36.6134 61.3389,
	36.586 61.4119,
	36.5495 61.7041,
	36.4034 62.2885,
	36.3395 62.4346,
	36.1752 62.7267,
	36.1478 62.7998,
	36.1204 63.092,
	36.1021 63.2381,
	36.0199 63.5302,
	35.956 63.6763,
	35.8191 63.8224,
	35.746 63.8955,
	35.7095 63.932,
	35.673 63.9502,
	35.6547 63.9776,
	35.6456 63.9411,
	35.6365 63.9228,
	35.8099 63.6307,
	35.8556 63.4846,
	35.8647 63.4481,
	35.8282 63.302,
	35.8191 63.2289,
	35.7826 63.1559,
	35.6456 63.0372,
	35.4995 62.9367,
	35.3534 62.8728,
	35.2804 62.8454,
	35.253 62.8272,
	35.1069 62.9185,
	35.0338 62.955,
	34.8969 63.2472,
	34.8695 63.3202,
	34.8604 63.3933,
	34.8512 63.4298,
	34.8421 63.4481,
	34.8147 63.4115,
	34.8238 63.2654,
	34.8238 63.1924,
	34.9791 62.9002,
	35.0247 62.8272,
	35.0886 62.7541,
	35.0978 62.7359,
	35.0612 62.6628,
	35.043 62.6263,
	35.1069 62.5533,
	35.1343 62.5167,
	34.9882 62.398,
	34.9152 62.3433,
	34.9882 62.3159,
	35.0612 62.325,
	35.1343 62.3524,
	35.1708 62.3707,
	35.2439 62.325,
	35.3625 62.188,
	35.4082 61.8959,
	35.4356 61.7498,
	35.4539 61.6767,
	35.6091 61.3846,
	35.8465 60.8002,
	35.9012 60.7272,
	35.956 60.5811,
	36.0199 60.508,
	36.093 60.3619,
	36.166 60.3071,
	36.1934 60.3254,
	36.2847 60.1793,
	36.3486 60.0332,
	36.3578 59.9967,
	36.3578 59.9785,
	36.4217 59.9054,
	36.4582 59.8689,
	36.4856 59.7228,
	36.4582 59.5767,
	36.4491 59.5037,
	36.4765 59.3576,
	36.4308 59.0654,
	36.3669 58.7732,
	36.3213 58.6271,
	36.2939 58.481,
	36.303 58.408,
	36.2847 58.2619,
	36.2665 58.1889,
	36.2847 57.8967,
	36.3121 57.7506,
	36.376 57.6045,
	36.3943 57.5315,
	36.3669 57.2393,
	36.2665 56.9471,
	36.2208 56.801,
	36.2026 56.6549,
	36.2391 56.3628,
	36.2482 56.2897,
	36.2208 56.1436,
	36.1752 55.9975,
	36.1113 55.8514,
	36.0108 55.7145,
	35.9378 55.6871,
	35.8739 55.6141,
	35.8373 55.5775,
	35.8008 55.5045,
	35.7917 55.468,
	35.8282 55.3219,
	35.8465 55.2488,
	35.8465 55.1027,
	35.8465 55.0297,
	35.7917 54.8836,
	35.7643 54.8106,
	35.7552 54.5184,
	35.7369 54.4453,
	35.5999 54.1532,
	35.5726 54.0801,
	35.5634 54.0071,
	35.5726 53.9706,
	35.6365 53.9066,
	35.673 53.8975,
	35.6912 53.8975,
	35.8282 53.7697,
	35.8556 53.6966,
	35.8647 53.6784,
	35.7643 53.3862,
	35.7095 53.2401,
	35.6091 53.094,
	35.5908 53.0575,
	35.5269 52.9845,
	35.4812 52.9205,
	35.3352 52.7836,
	35.2439 52.4914,
	35.1708 52.1992,
	35.1708 52.0531,
	35.1708 51.9801,
	35.2347 51.6879,
	35.2712 51.5418,
	35.2804 51.3957,
	35.2804 51.3592,
	35.2439 51.2862,
	35.2256 51.2497,
	35.1525 51.2223,
	35.1343 51.2223,
	35.116 51.1492,
	35.1069 51.1401,
	35.0612 51.4323,
	35.0521 51.5053,
	35.043 51.5418,
	35.0065 51.5784,
	34.9791 51.5053,
	34.9699 51.4688,
	34.9973 51.3227,
	34.9973 51.2497,
	35.0156 51.1766,
	35.0247 51.1401,
	34.9608 51.0944,
	34.9243 51.0305,
	34.9517 50.8844,
	34.9699 50.8114,
	34.9699 50.6653,
	35.0156 50.3731,
	35.0247 50.3001,
	35.0156 50.227,
	34.9517 50.0809,
	34.9791 49.9349,
	34.9973 49.8618,
	34.9791 49.5696,
	34.9699 49.4966,
	34.9243 49.3505,
	34.7965 49.0583,
	34.696 48.9122,
	34.6595 48.8757,
	34.5865 48.7296,
	34.5499 48.6566,
	34.5317 48.6201,
	34.5043 48.474,
	34.4586 48.3279,
	34.4404 48.2548,
	34.4038 48.1818,
	34.276 48.0357,
	34.2121 47.9627,
	34.1664 47.8896,
	34.1391 47.8531,
	34.0934 47.2687,
	34.0569 46.9766,
	34.0477 46.8305,
	34.0569 46.7574,
	33.9564 46.1731,
	33.9291 46.027,
	33.8834 45.8809,
	33.856 45.8078,
	33.8377 45.6618,
	33.8286 45.6252,
	33.8286 45.6161,
	"/>
</Transform>

<Transform dim="0"
 xcoef=" 0 1 0 0 0 0"
 ycoef=" 0 0 1 0 0 0">
<Contour name="TB1_AP23_EM" hidden="false" closed="true" simplified="true" border="0.176471 0.588235 1" fill="0 0 1" mode="9"
 points="34.5258 41.0552,
	34.5623 40.9823,
	34.5805 40.3986,
	34.5623 40.1068,
	34.617 39.5232,
	34.6535 39.3773,
	34.544 38.21,
	34.544 37.9182,
	34.5988 37.3346,
	34.5805 36.7509,
	34.5623 36.4591,
	34.7447 34.1245,
	34.7447 33.9786,
	34.7447 33.9057,
	34.8541 33.6139,
	35.0912 33.322,
	35.1642 33.2673,
	35.456 33.2491,
	35.5289 33.2673,
	35.8025 33.468,
	36.0031 33.7415,
	36.149 33.778,
	36.1673 33.7598,
	36.2402 33.7963,
	36.3132 33.7963,
	36.3861 33.8327,
	36.6415 34.1245,
	36.678 34.2705,
	36.678 34.3434,
	36.8421 34.6352,
	36.9333 34.7811,
	37.0245 35.073,
	37.061 35.2189,
	37.061 35.2918,
	37.1886 35.5836,
	37.3528 36.1673,
	37.3528 36.2402,
	37.4257 36.3861,
	37.4622 36.678,
	37.444 37.2616,
	37.4622 37.8452,
	37.4622 38.1371,
	37.2981 39.3043,
	37.2434 40.4716,
	37.2251 41.0552,
	37.2251 41.3471,
	37.1886 41.6389,
	37.2798 42.2225,
	37.3346 42.8062,
	37.4075 43.098,
	37.5534 43.3898,
	37.6081 43.6816,
	37.6264 43.9734,
	37.7176 44.5571,
	37.6081 45.1407,
	37.5899 45.2866,
	37.444 45.5784,
	37.4257 45.7243,
	37.4622 46.0162,
	37.4805 46.0891,
	37.2981 46.3809,
	37.0245 46.618,
	36.9333 46.7639,
	36.8421 47.0558,
	36.7692 47.2017,
	36.678 47.4935,
	36.6415 47.6394,
	36.5685 47.7853,
	36.4409 47.913,
	36.2949 47.9859,
	36.222 48.0042,
	36.1126 48.1318,
	35.9667 48.1683,
	35.8207 48.1501,
	35.5289 48.1866,
	35.383 48.2413,
	35.3101 48.2595,
	35.2736 48.2595,
	35.2189 48.3325,
	35.1824 48.4784,
	35.1459 48.5513,
	35.073 48.606,
	35 48.5696,
	34.9453 48.4966,
	34.7447 47.3293,
	34.6717 47.0375,
	34.6352 46.8916,
	34.617 46.5998,
	34.5623 46.308,
	34.5805 46.0162,
	34.5988 45.8702,
	34.5805 45.7243,
	34.6535 45.4325,
	34.7082 44.8489,
	34.6535 44.5571,
	34.5988 44.4112,
	34.5805 44.3382,
	34.6717 44.0464,
	34.7082 43.7546,
	34.7082 43.4627,
	34.6535 42.8791,
	34.6352 41.7118,
	34.5988 41.42,
	34.5623 41.2741,
	34.5258 41.2011,
	34.5258 41.0735,
	"/>
</Transform>

<Transform dim="0"
 xcoef=" 0 1 0 0 0 0"
 ycoef=" 0 0 1 0 0 0">
<Contour name="TB3_AP01_EM" hidden="false" closed="true" simplified="true" border="0 1 0" fill="0 1 0" mode="9"
 points="96.7189 71.1725,
	96.8644 70.8399,
	96.9268 70.5073,
	96.9476 70.1747,
	96.906 69.5096,
	96.9684 69.177,
	96.9684 68.8444,
	96.906 68.5118,
	96.8852 68.3455,
	96.9476 68.013,
	97.1347 67.6804,
	97.6127 67.0152,
	97.779 66.8489,
	97.8206 66.8489,
	98.174 66.1838,
	98.2987 66.0175,
	98.4442 65.6849,
	98.5066 65.3523,
	98.5273 65.0197,
	98.5481 64.8534,
	98.6728 64.5209,
	98.8391 64.1883,
	98.9015 64.022,
	98.9223 63.8557,
	99.0054 63.6894,
	99.047 63.3568,
	99.047 63.1905,
	99.047 63.1074,
	99.1717 62.7748,
	99.2756 62.6085,
	99.3796 62.2759,
	99.5043 61.6108,
	99.5667 61.2782,
	99.6914 60.9456,
	99.7329 60.7793,
	99.8161 60.613,
	99.8577 60.5299,
	99.8784 60.4883,
	99.8577 60.4467,
	99.8992 60.3636,
	99.9824 60.2804,
	100.066 60.1141,
	100.024 59.449,
	99.9824 59.1164,
	99.9824 58.9501,
	100.045 58.6175,
	100.149 58.2849,
	100.169 58.1187,
	100.232 57.9524,
	100.253 57.8692,
	100.211 57.7861,
	100.169 57.7445,
	100.128 57.5782,
	100.169 57.2456,
	100.149 56.913,
	100.211 56.5805,
	100.211 56.2479,
	100.128 55.5827,
	99.6498 54.2524,
	99.338 52.9221,
	99.3588 52.5895,
	99.4835 52.2569,
	99.5459 52.1738,
	99.5667 52.0075,
	99.5043 51.6749,
	99.5874 51.3423,
	99.6082 51.3007,
	99.5043 50.9681,
	99.4835 50.8019,
	99.5043 50.6356,
	99.7329 50.303,
	99.8784 49.9704,
	99.92 49.6378,
	99.9616 49.4715,
	99.9616 49.139,
	100.107 48.8064,
	100.169 48.6401,
	100.232 48.5777,
	100.253 48.4114,
	100.232 48.2451,
	100.273 47.9126,
	100.253 47.58,
	100.169 47.2474,
	100.149 46.9148,
	100.19 46.5822,
	100.273 46.2496,
	100.419 46.1249,
	100.398 45.7923,
	100.502 45.6468,
	100.502 45.4806,
	100.481 45.3974,
	100.523 45.2311,
	100.606 45.148,
	100.627 45.0648,
	100.585 44.8985,
	100.627 44.7322,
	100.751 44.566,
	100.814 44.3997,
	100.835 44.2334,
	100.897 44.0671,
	100.897 44.0255,
	101.063 43.9216,
	101.126 43.8384,
	101.146 43.7553,
	101.354 43.4227,
	101.417 43.2564,
	101.604 42.9238,
	101.604 42.8823,
	101.749 42.716,
	101.832 42.6536,
	101.999 42.612,
	102.082 42.6328,
	102.165 42.612,
	102.29 42.4665,
	102.622 42.4042,
	102.705 42.425,
	102.747 42.425,
	102.789 42.4665,
	102.83 42.4665,
	102.976 42.6328,
	103.183 42.9654,
	103.308 43.298,
	103.433 43.4435,
	103.516 43.4435,
	103.599 43.4019,
	103.932 43.4643,
	104.098 43.5266,
	104.181 43.5266,
	104.264 43.4851,
	104.431 43.4851,
	104.514 43.5266,
	104.597 43.6098,
	104.68 43.6514,
	104.784 43.8176,
	104.826 44.1502,
	104.846 44.3165,
	104.846 44.3581,
	104.992 44.5244,
	105.096 44.857,
	105.096 45.0233,
	105.075 45.1064,
	104.95 45.2727,
	104.826 45.6053,
	104.846 45.6884,
	104.992 45.7923,
	105.137 45.9586,
	105.179 46.0418,
	105.241 46.3744,
	105.387 46.5407,
	105.491 46.8732,
	105.512 47.0395,
	105.615 47.2058,
	105.761 47.3721,
	105.865 47.5384,
	105.865 47.7047,
	105.865 47.7878,
	105.719 48.1204,
	105.761 48.453,
	105.844 48.4322,
	105.865 48.4114,
	106.01 48.5777,
	106.01 48.744,
	105.886 49.4092,
	105.886 49.5755,
	105.948 49.7418,
	106.01 49.8249,
	106.031 49.9912,
	105.969 50.3238,
	105.948 50.4069,
	105.927 50.4485,
	105.99 50.7811,
	106.01 50.8642,
	105.99 51.0305,
	105.948 51.1137,
	105.865 51.1968,
	105.699 51.5294,
	105.636 51.6957,
	105.615 51.7788,
	105.47 51.9035,
	105.449 51.9867,
	105.428 52.0283,
	105.595 52.3608,
	105.699 52.5271,
	105.387 53.1923,
	105.262 53.3586,
	105.179 53.4417,
	105.096 53.608,
	105.054 53.7743,
	105.096 54.1069,
	105.096 54.19,
	105.117 54.2316,
	105.013 54.3979,
	104.846 54.5434,
	104.659 54.876,
	104.639 54.9591,
	104.306 55.2917,
	104.202 55.458,
	104.16 56.1232,
	104.14 56.2895,
	104.015 56.622,
	103.953 56.7883,
	103.662 57.1209,
	103.516 57.2872,
	103.454 57.3703,
	103.35 57.7029,
	103.308 57.7861,
	103.225 57.8484,
	102.913 58.5136,
	102.851 58.8462,
	102.726 59.1788,
	102.518 59.5113,
	102.435 59.6776,
	102.414 59.8439,
	102.373 59.9271,
	102.352 60.0934,
	101.749 61.4237,
	101.645 61.7563,
	101.541 61.9226,
	101.521 62.0889,
	101.188 62.754,
	101.126 62.9203,
	101.126 63.0866,
	101.084 63.2529,
	100.897 63.5855,
	100.648 64.2506,
	100.585 64.3338,
	100.481 64.6664,
	100.46 64.8327,
	100.336 65.1652,
	100.273 65.3315,
	100.024 65.6641,
	99.8992 65.8304,
	99.6082 66.4956,
	99.3588 66.8281,
	99.2133 67.1607,
	99.1509 67.327,
	98.9223 67.6596,
	98.8391 67.7427,
	98.6313 68.0753,
	98.4858 68.4079,
	98.4234 68.5742,
	98.2987 68.7405,
	98.2363 68.9068,
	98.174 68.9899,
	98.07 69.3225,
	97.7582 69.9877,
	97.5296 70.3202,
	97.3841 70.4865,
	97.2802 70.8191,
	97.0931 71.1517,
	96.9684 71.2972,
	96.9476 71.2764,
	96.8021 71.4219,
	96.7397 71.3388,
	96.7189 71.1933,
	"/>
</Transform>

<Transform dim="0"
 xcoef=" 0 1 0 0 0 0"
 ycoef=" 0 0 1 0 0 0">
<Contour name="TB3_Nuc01_EM" hidden="false" closed="true" simplified="true" border="0 1 0" fill="0 1 0" mode="9"
 points="100.063 51.8109,
	100.177 51.6296,
	100.245 51.4482,
	100.245 51.0856,
	100.29 50.9043,
	100.29 50.5417,
	100.267 50.3603,
	100.222 50.2697,
	100.222 49.9071,
	100.358 49.1818,
	100.381 49.0005,
	100.539 48.6379,
	100.562 48.5472,
	100.607 48.5019,
	100.925 47.0513,
	101.015 46.6887,
	101.061 46.5074,
	101.242 46.1448,
	101.514 45.7821,
	101.605 45.6915,
	101.65 45.6461,
	101.741 45.6235,
	101.786 45.5782,
	102.511 45.4648,
	102.874 45.3742,
	103.055 45.3742,
	103.236 45.4195,
	103.327 45.4648,
	103.69 45.8275,
	103.871 45.9861,
	104.234 46.2128,
	104.415 46.3487,
	105.027 47.074,
	105.276 47.4366,
	105.39 47.7993,
	105.458 48.5245,
	105.503 48.8872,
	105.752 49.6124,
	105.82 49.7937,
	105.798 49.9751,
	105.639 50.3377,
	105.594 50.383,
	105.548 50.5643,
	105.503 50.655,
	105.458 51.0176,
	105.412 51.1989,
	105.299 51.3802,
	105.118 51.5389,
	105.05 51.6296,
	105.027 51.9922,
	105.004 52.1735,
	104.959 52.2642,
	104.8 52.4455,
	104.778 52.5361,
	104.596 52.7174,
	104.438 52.8534,
	103.962 53.5787,
	103.78 53.76,
	103.418 53.8733,
	103.236 53.964,
	102.874 54.2813,
	102.692 54.3946,
	102.602 54.3946,
	102.511 54.4399,
	102.149 54.4399,
	101.786 54.3946,
	101.605 54.2813,
	101.242 54.1226,
	101.151 54.0773,
	100.811 53.7147,
	100.653 53.5334,
	100.562 53.4427,
	100.426 53.0801,
	100.403 52.8988,
	100.109 52.1735,
	100.063 52.0828,
	100.063 51.9015,
	100.063 51.8335,
	"/>
</Transform>

<Transform dim="0"
 xcoef=" 0 1 0 0 0 0"
 ycoef=" 0 0 1 0 0 0">
<Contour name="TB2_AP08_EM" hidden="false" closed="true" simplified="true" border="0 1 0" fill="0 1 0" mode="9"
 points="79.9724 53.9578,
	80.0163 53.7825,
	80.3012 53.0812,
	80.3889 52.9059,
	80.9148 52.2484,
	81.1998 51.8977,
	81.4408 51.569,
	81.7696 51.2183,
	82.1202 51.0211,
	82.4709 50.9115,
	82.6462 50.9115,
	82.9531 51.2183,
	83.0626 51.3936,
	83.0626 51.4813,
	83.0846 51.5251,
	82.975 51.8758,
	82.975 51.9196,
	82.8435 52.095,
	82.6901 52.2265,
	82.5805 52.3799,
	82.4709 52.7305,
	82.5805 53.0812,
	82.5147 53.4319,
	82.5147 53.6072,
	82.6243 53.9578,
	82.7777 54.1113,
	82.8654 54.177,
	82.8873 54.2647,
	82.8435 54.44,
	82.7996 54.4838,
	82.7558 54.6592,
	82.7558 55.0098,
	82.7558 55.1852,
	82.6024 55.5358,
	82.5366 55.6235,
	82.5147 55.7111,
	82.2956 56.0618,
	82.1641 56.2371,
	82.0983 56.3248,
	82.0545 56.5001,
	82.1202 57.2014,
	82.1422 57.5521,
	82.0764 57.7274,
	81.9668 57.9028,
	81.8353 58.2534,
	81.7257 58.4288,
	81.5504 58.5822,
	81.1998 58.7356,
	81.1121 58.6698,
	80.9368 58.6041,
	80.8491 58.5822,
	80.8053 58.5603,
	80.6299 58.5822,
	80.4546 58.6479,
	80.2793 58.6479,
	80.2354 58.6479,
	80.1259 58.4726,
	80.082 58.2973,
	80.1478 57.9466,
	80.1259 57.5959,
	80.0601 57.2453,
	79.9944 57.0699,
	79.9724 56.7193,
	80.0382 56.018,
	80.0601 55.6673,
	80.0382 54.966,
	79.9724 54.2647,
	79.9724 54.0893,
	79.9724 54.0017,
	79.9724 53.9798,
	"/>
</Transform>

<Transform dim="0"
 xcoef=" 0 1 0 0 0 0"
 ycoef=" 0 0 1 0 0 0">
<Contour name="TB0_Nuc11_EM" hidden="false" closed="true" simplified="true" border="0.823529 0 0" fill="0 1 0" mode="9"
 points="20.3637 58.5838,
	20.4809 58.3963,
	20.598 58.0213,
	20.6683 57.8339,
	20.8558 57.6464,
	21.0433 57.5527,
	21.0902 57.5058,
	21.137 57.5058,
	21.512 57.1543,
	21.8869 56.9434,
	22.0744 56.8731,
	22.4493 56.8965,
	22.6368 57.0606,
	23.0117 57.2012,
	23.1992 57.2715,
	23.2929 57.3183,
	23.3866 57.3183,
	23.5741 57.4824,
	23.7147 57.8573,
	23.7381 57.951,
	23.7381 57.9979,
	24.1131 58.3728,
	24.2537 58.7478,
	24.4177 58.9118,
	24.5114 59.0056,
	24.5349 59.3805,
	24.5583 59.568,
	24.6052 59.6617,
	24.7692 59.8492,
	24.8864 60.0366,
	24.9567 60.2241,
	25.0035 60.599,
	24.9801 60.7865,
	24.8864 60.974,
	24.6989 61.138,
	24.5583 61.5129,
	24.5349 61.6067,
	24.4411 61.7004,
	24.0662 61.8176,
	23.8787 61.8644,
	23.785 61.8879,
	23.5975 61.841,
	23.5038 61.7707,
	23.2695 61.4192,
	23.082 61.4192,
	22.7071 61.4895,
	22.5196 61.4661,
	22.3321 61.4895,
	21.9572 61.6535,
	21.7697 61.5832,
	21.5823 61.4426,
	21.3948 61.3489,
	21.3011 61.302,
	20.9261 60.9505,
	20.6683 60.5756,
	20.5746 60.3881,
	20.5277 60.2944,
	20.5043 59.9195,
	20.5746 59.5445,
	20.5512 59.3571,
	20.434 58.9821,
	20.3637 58.6072,
	"/>
</Transform>

<Transform dim="0"
 xcoef=" 0 1 0 0 0 0"
 ycoef=" 0 0 1 0 0 0">
<Contour name="TB2_AP14_EM" hidden="false" closed="true" simplified="true" border="0 1 0" fill="0 1 0" mode="9"
 points="67.8435 62.3232,
	67.8931 62.1247,
	67.9799 61.9263,
	68.0048 61.7278,
	68.0048 61.5293,
	67.9924 61.4301,
	67.9799 61.3804,
	68.1164 60.9835,
	68.1536 60.5865,
	68.2777 60.1895,
	68.3273 60.0903,
	68.4141 59.9911,
	68.4389 59.9414,
	68.5382 59.8422,
	68.6126 59.743,
	68.6622 59.6933,
	68.7615 59.6685,
	68.8483 59.6065,
	69.0468 59.5445,
	69.146 59.4949,
	69.3445 59.4576,
	69.543 59.5321,
	69.6422 59.5817,
	69.8407 59.5445,
	69.94 59.5073,
	70.0392 59.4452,
	70.2377 59.2716,
	70.3369 59.1847,
	70.3865 59.1475,
	70.4113 59.1351,
	70.5106 59.1723,
	70.5602 59.1599,
	70.6098 59.1723,
	70.8083 59.0979,
	71.0068 59.0483,
	71.0564 59.0235,
	71.4534 58.9863,
	71.503 58.9863,
	71.7015 59.0979,
	71.9 59.2716,
	72.0984 59.3708,
	72.2845 59.5569,
	72.3714 59.6561,
	72.4086 59.7057,
	72.4086 59.7306,
	72.4954 59.8298,
	72.545 59.8546,
	72.7435 59.8174,
	72.8427 59.805,
	73.0412 59.8298,
	73.2397 59.8918,
	73.4382 59.9787,
	73.6367 60.1523,
	73.8103 60.3508,
	73.922 60.5493,
	73.984 60.9463,
	74.0088 61.1447,
	74.0088 61.3432,
	73.9344 61.7402,
	73.8228 62.1371,
	73.7607 62.3356,
	73.5995 63.1296,
	73.5746 63.5265,
	73.5622 63.5761,
	73.525 63.6134,
	73.4382 64.0103,
	73.401 64.2088,
	73.339 64.4073,
	73.2521 64.6058,
	73.1157 64.8042,
	73.0536 64.9035,
	73.0164 65.0027,
	72.88 65.2012,
	72.5202 65.5858,
	72.3217 65.747,
	72.2349 65.8339,
	72.1108 66.0323,
	72.086 66.0448,
	72.0364 65.9455,
	71.9868 65.9579,
	71.7883 66.144,
	71.627 66.3425,
	71.5526 66.4417,
	71.3541 66.6278,
	71.1557 66.7891,
	71.106 66.8263,
	71.0068 66.8511,
	70.8083 66.8387,
	70.7091 66.8635,
	70.6594 66.8883,
	70.2625 66.8759,
	70.064 66.9255,
	69.8655 66.9999,
	69.7663 67.0124,
	69.667 66.9875,
	69.4686 66.8883,
	69.3693 66.8759,
	69.1708 66.8015,
	69.0716 66.7146,
	69.0344 66.665,
	69.022 66.6154,
	68.96 66.5161,
	68.9351 66.4169,
	68.7863 66.2184,
	68.7243 66.1192,
	68.625 66.0572,
	68.5506 65.9579,
	68.5382 65.9083,
	68.501 65.8587,
	68.4265 65.6602,
	68.4017 65.561,
	68.3645 65.5113,
	68.3645 65.4865,
	68.3273 65.4369,
	68.2777 65.2384,
	68.2653 65.1888,
	68.166 65.1144,
	68.0916 64.9159,
	68.0916 64.7174,
	68.0544 64.5189,
	67.9924 64.3204,
	67.9551 64.2212,
	67.9427 64.0227,
	67.9799 63.8242,
	67.9924 63.6258,
	67.9924 63.5265,
	67.9055 63.1296,
	67.8559 62.7326,
	67.8435 62.3356,
	"/>
</Transform>

<Transform dim="0"
 xcoef=" 0 1 0 0 0 0"
 ycoef=" 0 0 1 0 0 0">
<Contour name="TB2_AP14_EM" hidden="false" closed="true" simplified="true" border="0 1 0" fill="0 1 0" mode="9"
 points="66.0488 15.1887,
	66.2611 14.2827,
	66.4451 13.8298,
	66.4876 13.7165,
	66.5159 13.6882,
	66.5301 13.6316,
	66.8273 13.1786,
	67.2095 12.7256,
	67.6342 12.301,
	68.0164 11.8905,
	68.1296 11.7914,
	68.5826 11.5083,
	68.8091 11.3809,
	69.0356 11.2818,
	69.262 11.211,
	69.3187 11.211,
	69.5452 11.1402,
	69.6018 11.1119,
	69.6584 11.1119,
	69.7716 11.0695,
	69.8849 11.0553,
	69.9415 11.0553,
	69.9557 11.0412,
	70.0123 11.0695,
	70.0406 11.0695,
	70.0972 11.1261,
	70.1114 11.1544,
	70.0123 11.3809,
	69.9557 11.4941,
	69.7433 11.7065,
	69.5168 11.8622,
	69.2904 12.0603,
	69.1913 12.1453,
	69.1346 12.2019,
	69.0639 12.4284,
	69.0214 12.6549,
	69.0214 12.7115,
	68.8374 13.1645,
	68.7241 13.3909,
	68.6392 13.6174,
	68.5826 13.7307,
	68.5826 13.7873,
	68.3986 14.2403,
	68.3278 14.4668,
	68.2995 14.5234,
	68.2995 14.5517,
	68.2712 14.58,
	68.2287 14.6932,
	68.2004 14.7499,
	68.1721 14.7782,
	68.1579 14.8348,
	68.1296 14.8631,
	68.1296 14.8914,
	67.6908 15.3019,
	67.6342 15.3444,
	67.6059 15.3727,
	67.5776 15.3727,
	67.3652 15.5709,
	67.252 15.67,
	66.8981 16.1088,
	66.8981 16.1371,
	66.799 16.2503,
	66.7424 16.3069,
	66.6292 16.3494,
	66.5159 16.3353,
	66.4027 16.2503,
	66.3177 16.1371,
	66.1337 15.6841,
	66.0629 15.4576,
	66.0488 15.2311,
	66.0488 15.2028,
	"/>
</Transform>

<Transform dim="0"
 xcoef=" 0 1 0 0 0 0"
 ycoef=" 0 0 1 0 0 0">
<Contour name="TB0_nerve1_EM" hidden="false" closed="true" simplified="true" border="1 0 1" fill="1 0 1" mode="9"
 points="16.8751 43.3568,
	16.8947 43.347,
	16.9338 43.3665,
	17.0903 43.3763,
	17.2468 43.435,
	17.3153 43.5133,
	17.3447 43.5916,
	17.3544 43.7481,
	17.3447 43.8263,
	17.3153 43.8655,
	17.3153 43.885,
	17.2957 43.8948,
	17.2273 43.8166,
	17.149 43.7676,
	17.1001 43.6894,
	17.0707 43.6111,
	16.9436 43.4644,
	16.8849 43.3861,
	16.8751 43.3665,
	"/>
</Transform>

<Transform dim="0"
 xcoef=" 0 1 0 0 0 0"
 ycoef=" 0 0 1 0 0 0">
<Contour name="TB0_nerve1_EM" hidden="false" closed="true" simplified="true" border="1 0 1" fill="1 0 1" mode="9"
 points="17.149 38.7785,
	17.3055 38.4654,
	17.3936 38.3089,
	17.4229 38.2796,
	17.4621 38.2698,
	17.5012 38.2796,
	17.6479 38.4165,
	17.7164 38.485,
	17.7555 38.5143,
	17.8044 38.5926,
	17.9316 39.2187,
	17.9414 39.3752,
	17.9316 39.5317,
	17.8827 39.6883,
	17.8534 39.7665,
	17.824 40.0796,
	17.8142 40.2361,
	17.7555 40.5491,
	17.6577 40.8622,
	17.6479 40.9404,
	17.6381 40.96,
	17.6186 40.9502,
	17.6186 41.0285,
	17.6088 41.0578,
	17.5599 40.9796,
	17.5305 40.9013,
	17.4229 40.7448,
	17.3153 40.4317,
	17.2566 40.2752,
	17.2273 40.197,
	17.2566 39.5709,
	17.2468 39.4144,
	17.1881 39.1013,
	17.1881 39.023,
	17.1588 38.8665,
	17.149 38.7883,
	"/>
</Transform>

<Transform dim="0"
 xcoef=" 0 1 0 0 0 0"
 ycoef=" 0 0 1 0 0 0">
<Contour name="TB3_Nuc03_EM" hidden="false" closed="true" simplified="true" border="0 1 0" fill="0 1 0" mode="9"
 points="89.2295 49.8678,
	89.2503 49.5349,
	89.3127 49.2021,
	89.3543 49.1189,
	89.3543 49.0356,
	89.3959 48.9524,
	89.4375 48.6196,
	89.4791 48.5363,
	89.4791 48.4531,
	89.6872 47.7874,
	89.7704 47.621,
	89.8328 47.5377,
	89.8952 47.3713,
	90.3737 46.7056,
	90.4569 46.6223,
	90.9146 45.9566,
	91.4347 45.4365,
	91.6012 45.2909,
	91.934 45.1036,
	92.0172 45.0828,
	92.1005 45.0204,
	92.1837 44.9996,
	92.3501 44.8748,
	92.683 44.7708,
	93.0158 44.8124,
	93.1823 44.8748,
	93.3487 44.9996,
	93.4319 45.062,
	93.5151 45.0828,
	93.848 45.2909,
	94.0144 45.4157,
	94.3473 45.5197,
	94.6802 45.4573,
	94.8466 45.4573,
	94.9298 45.4573,
	95.0963 45.5197,
	95.2627 45.6237,
	95.5956 45.9566,
	95.7412 46.2895,
	95.8244 46.6223,
	95.866 46.7056,
	95.9284 47.3713,
	95.9492 47.7042,
	95.9076 48.3699,
	95.8244 48.7028,
	95.554 49.3685,
	95.3667 49.7014,
	95.2627 49.8678,
	95.2003 50.0342,
	95.0963 50.2007,
	94.9506 50.5335,
	94.7426 50.8664,
	94.4929 51.1993,
	94.1809 51.5322,
	93.8688 51.8026,
	93.7024 51.9274,
	93.6192 51.9898,
	93.2863 52.1355,
	93.2031 52.1979,
	93.1615 52.2395,
	93.1199 52.2395,
	92.4541 52.6556,
	92.2877 52.7596,
	92.1213 52.822,
	91.4555 52.9052,
	91.1227 52.9676,
	90.9562 52.9676,
	90.7898 52.926,
	90.7066 52.8636,
	90.665 52.5308,
	90.5609 52.4059,
	90.4569 52.0731,
	90.4153 51.7402,
	90.2697 51.4073,
	89.9784 51.0953,
	89.6664 50.8664,
	89.3543 50.5752,
	89.2503 50.2423,
	89.2295 49.9094,
	89.2295 49.8886,
	"/>
</Transform>

<Transform dim="0"
 xcoef=" 0 1 0 0 0 0"
 ycoef=" 0 0 1 0 0 0">
<Contour name="TB3_Nuc04_EM" hidden="false" closed="true" simplified="true" border="1 0 0" fill="1 0 0" mode="9"
 points="94.553 40.1087,
	94.5725 39.9531,
	94.5919 39.8753,
	94.7281 39.7391,
	94.8837 39.7002,
	94.9226 39.6613,
	94.9031 39.5057,
	94.8837 39.4279,
	94.7086 39.1167,
	94.6892 38.961,
	94.7086 38.8054,
	94.9809 38.183,
	95.0004 38.0274,
	94.9615 37.8718,
	94.942 37.794,
	94.942 37.7551,
	94.9031 37.7162,
	94.8253 37.4049,
	94.8448 37.0937,
	94.9226 36.7825,
	95.0587 36.4713,
	95.0976 36.1601,
	95.2727 35.5376,
	95.3116 35.4598,
	95.3116 35.4209,
	95.4867 35.1097,
	95.5839 34.9541,
	95.7201 34.8179,
	95.8951 34.1955,
	95.9535 33.8842,
	95.9924 33.7286,
	95.9924 33.573,
	96.0119 33.4952,
	96.0119 33.4563,
	96.0897 33.3785,
	96.2453 33.3007,
	96.4203 32.9895,
	96.4398 32.9117,
	96.6343 32.6199,
	96.8872 32.4059,
	97.1984 32.2114,
	97.354 32.1336,
	97.4318 32.0947,
	97.4707 32.0947,
	97.5096 32.0558,
	97.6652 31.9975,
	97.743 31.9391,
	97.8014 31.7835,
	97.743 31.4723,
	97.6652 31.3167,
	97.6458 31.1611,
	97.6652 30.8498,
	97.7236 30.5386,
	97.8014 30.383,
	97.8597 30.3052,
	97.8597 30.2663,
	97.8986 30.2274,
	97.8986 30.1885,
	98.0153 30.0329,
	98.1709 29.8967,
	98.2488 29.8384,
	98.2877 29.8384,
	98.4433 29.7217,
	98.5211 29.6828,
	98.56 29.6828,
	98.5989 29.6439,
	98.7545 29.6244,
	98.8323 29.6244,
	98.9879 29.6828,
	99.0268 29.6828,
	99.1824 29.78,
	99.4353 30.0329,
	99.5325 30.1885,
	99.5909 30.3441,
	99.6298 30.4219,
	99.6298 30.4608,
	99.6882 30.5386,
	99.7076 30.6164,
	99.6103 30.9276,
	99.6298 31.0833,
	99.766 31.3945,
	99.7854 31.5501,
	99.7271 31.8613,
	99.6103 32.1725,
	99.552 32.3281,
	99.4936 32.9506,
	99.3769 33.573,
	99.3186 33.8842,
	99.2019 34.1955,
	99.1046 34.8179,
	99.0463 35.1291,
	99.0268 35.4404,
	98.9685 35.7516,
	98.9685 35.8294,
	98.8323 36.1406,
	98.7739 36.2184,
	98.7739 36.2573,
	98.6961 36.3351,
	98.6572 36.4129,
	98.5794 36.4907,
	97.9181 37.7356,
	97.7819 38.0468,
	97.5874 38.3581,
	97.1011 38.9805,
	96.8872 39.2917,
	96.7121 39.6029,
	96.6343 39.7586,
	96.5176 39.9142,
	96.4398 40.0698,
	96.1869 40.381,
	96.0313 40.5172,
	95.7201 40.6922,
	95.5645 40.7117,
	95.5256 40.7117,
	95.4672 40.8673,
	95.5061 40.8867,
	95.4089 41.198,
	95.3311 41.2563,
	95.2532 41.2758,
	95.0976 41.2174,
	94.942 41.0618,
	94.7281 40.4394,
	94.5919 40.2837,
	94.553 40.2059,
	94.553 40.1281,
	"/>
</Transform>

<Transform dim="0"
 xcoef=" 0 1 0 0 0 0"
 ycoef=" 0 0 1 0 0 0">
<Contour name="TB3_Nuc16_EM" hidden="false" closed="true" simplified="true" border="1 0 0" fill="1 0 0" mode="9"
 points="107.777 57.8761,
	107.833 57.578,
	107.852 57.4289,
	107.814 57.2798,
	107.833 56.9817,
	107.907 56.8326,
	108.038 56.7394,
	108.112 56.7208,
	108.131 56.7022,
	108.261 56.7953,
	108.336 56.9444,
	108.336 57.0935,
	108.243 57.3916,
	108.112 57.6898,
	108.094 57.8388,
	108.15 57.9134,
	108.168 57.9879,
	108.206 58.0252,
	108.206 58.0624,
	108.317 58.2115,
	108.448 58.5096,
	108.485 58.6587,
	108.466 58.8078,
	108.411 58.9568,
	108.355 59.0127,
	108.317 59.0127,
	108.206 58.8823,
	108.168 58.8078,
	108.038 58.6587,
	107.87 58.3606,
	107.777 58.0624,
	107.777 57.9134,
	107.777 57.8947,
	"/>
</Transform>

<Transform dim="0"
 xcoef=" 0 1 0 0 0 0"
 ycoef=" 0 0 1 0 0 0">
<Contour name="TB3_Nuc34_EM" hidden="false" closed="true" simplified="true" border="0 1 1" fill="0 1 1" mode="9"
 points="92.527 37.8847,
	92.6396 37.5243,
	92.6847 37.4793,
	92.7522 37.2991,
	92.7297 37.1189,
	92.7072 37.0288,
	92.7522 36.8486,
	92.7748 36.7585,
	92.8423 36.6684,
	93 35.9477,
	93.0676 35.7675,
	93.1126 35.6774,
	93.1577 35.317,
	93.1802 35.1368,
	93.2027 35.0918,
	93.2478 35.0918,
	93.3829 34.7314,
	93.6081 34.371,
	93.6982 34.2809,
	93.9235 33.9431,
	94.0361 33.7629,
	94.3739 33.0421,
	94.4415 32.952,
	94.464 32.8619,
	94.7118 32.5016,
	94.8019 32.4115,
	94.8469 32.3439,
	95.0271 32.1637,
	95.0722 32.0736,
	95.3875 31.7132,
	95.5452 31.5331,
	95.6578 31.3529,
	95.7028 31.3078,
	95.7028 31.2628,
	95.9281 30.9024,
	96.0182 30.7222,
	96.0632 30.542,
	96.1533 30.3618,
	96.3335 30.2042,
	96.4912 30.1141,
	96.6713 30.1366,
	96.8515 30.2717,
	96.9191 30.3618,
	96.9641 30.3844,
	97.0092 30.7447,
	97.0092 30.8348,
	96.9191 31.015,
	96.8966 31.3754,
	96.8741 31.5556,
	96.8515 31.6457,
	96.5587 31.9835,
	96.4686 32.0736,
	96.356 32.434,
	96.2659 32.6142,
	96.1308 32.7944,
	96.0407 32.9746,
	95.9281 33.3349,
	95.8605 33.425,
	95.7929 33.6052,
	95.6803 33.7854,
	95.5001 33.9431,
	95.41 33.9881,
	95.3424 34.0782,
	95.2974 34.4386,
	95.2524 34.6188,
	94.9595 34.9566,
	94.7568 35.317,
	94.7343 35.6774,
	94.7343 35.7675,
	94.6893 35.8576,
	94.5992 35.9026,
	94.5766 36.0828,
	94.5992 36.263,
	94.5766 36.4432,
	94.4415 36.8036,
	94.3739 36.9838,
	94.3514 37.3441,
	94.3965 37.4342,
	94.3739 37.7946,
	94.2388 38.155,
	94.1937 38.3352,
	94.2388 38.5154,
	94.2388 38.6956,
	94.1487 38.8758,
	94.1262 39.0559,
	94.1487 39.4163,
	94.0586 39.5965,
	94.0136 39.6416,
	93.6532 39.619,
	93.473 39.5289,
	93.2928 39.3487,
	92.9324 39.146,
	92.7748 38.9658,
	92.572 38.6055,
	92.527 38.4253,
	92.527 38.0649,
	92.527 37.9072,
	"/>
</Transform>

<Transform dim="0"
 xcoef=" 0 1 0 0 0 0"
 ycoef=" 0 0 1 0 0 0">
<Contour name="TB3_Nuc35_EM" hidden="false" closed="true" simplified="true" border="0 1 0" fill="0 1 0" mode="9"
 points="101.734 30.1118,
	101.794 29.9904,
	101.901 29.869,
	101.946 29.7476,
	101.961 29.6262,
	101.931 29.5048,
	101.931 29.0191,
	101.961 28.8977,
	101.961 28.7762,
	102.022 28.6548,
	102.144 28.5334,
	102.386 28.3968,
	102.508 28.3665,
	102.629 28.2906,
	102.69 28.245,
	102.705 28.1843,
	102.872 27.9415,
	102.978 27.6986,
	103.176 27.4558,
	103.236 27.3951,
	103.358 27.3496,
	103.388 27.3344,
	103.449 27.3496,
	103.57 27.304,
	104.056 27.4558,
	104.177 27.4558,
	104.299 27.3799,
	104.42 27.2585,
	104.542 27.0157,
	104.587 26.7728,
	104.617 26.6514,
	104.739 26.4086,
	104.83 26.3023,
	104.891 26.2568,
	104.921 26.2264,
	105.164 26.1657,
	105.285 26.1657,
	105.771 26.2872,
	106.014 26.363,
	106.135 26.4086,
	106.621 26.4693,
	106.864 26.4238,
	106.985 26.4389,
	107.107 26.5148,
	107.167 26.5452,
	107.41 26.5755,
	107.653 26.6362,
	107.774 26.6666,
	107.896 26.7425,
	108.123 26.9701,
	108.184 27.0308,
	108.427 27.1826,
	108.442 27.2433,
	108.397 27.4862,
	108.336 27.6076,
	108.306 27.729,
	108.29 27.7897,
	108.321 27.9111,
	108.321 27.9718,
	108.397 28.0933,
	108.457 28.154,
	108.7 28.2299,
	108.943 28.3361,
	109.004 28.3816,
	109.049 28.503,
	108.973 28.7459,
	108.806 28.9887,
	108.776 29.1101,
	108.791 29.353,
	108.73 29.5958,
	108.685 29.7172,
	108.488 29.9601,
	108.321 30.2029,
	108.199 30.3092,
	108.093 30.385,
	108.078 30.3699,
	107.972 30.4913,
	107.85 30.5672,
	107.607 30.6279,
	107.365 30.6431,
	107.122 30.5975,
	106.879 30.5823,
	106.757 30.552,
	106.515 30.5368,
	106.272 30.552,
	106.15 30.5823,
	106.029 30.6582,
	105.907 30.7038,
	105.665 30.7038,
	105.543 30.6582,
	105.422 30.5823,
	105.391 30.552,
	105.27 30.5216,
	105.027 30.552,
	104.906 30.552,
	104.845 30.552,
	104.602 30.6431,
	104.359 30.7796,
	104.238 30.8252,
	104.208 30.8252,
	103.965 31.0225,
	103.859 31.1439,
	103.752 31.235,
	103.267 31.4019,
	103.145 31.4475,
	103.024 31.4626,
	102.963 31.4626,
	102.842 31.584,
	102.72 31.6751,
	102.477 31.7662,
	102.356 31.7662,
	102.235 31.7358,
	102.113 31.6751,
	102.068 31.6144,
	102.083 31.5537,
	102.037 31.4323,
	102.007 31.1894,
	101.992 31.068,
	101.961 31.0073,
	101.84 30.8859,
	101.764 30.6431,
	101.81 30.5216,
	101.825 30.4609,
	101.794 30.3395,
	101.764 30.3092,
	101.734 30.1877,
	101.734 30.127,
	"/>
</Transform>

<Transform dim="0"
 xcoef=" 0 1 0 0 0 0"
 ycoef=" 0 0 1 0 0 0">
<Contour name="TB3_Nuc36_EM" hidden="false" closed="true" simplified="true" border="0 1 1" fill="0 1 1" mode="9"
 points="99.378 37.3006,
	99.4251 37.112,
	99.5077 36.9233,
	99.6138 36.7346,
	99.661 36.6402,
	99.7082 36.4516,
	99.7318 36.3572,
	99.7436 36.3101,
	99.7436 36.2865,
	99.7789 36.2393,
	99.7907 36.1921,
	100.109 35.8148,
	100.274 35.6261,
	100.652 35.343,
	100.781 35.1544,
	100.817 35.06,
	100.805 34.8713,
	100.805 34.777,
	100.97 34.3996,
	101.076 34.2109,
	101.206 34.0222,
	101.524 33.6449,
	101.619 33.5505,
	101.713 33.4916,
	101.866 33.3029,
	101.961 33.2203,
	102.149 33.0906,
	102.244 33.0552,
	102.338 32.9727,
	102.362 32.9255,
	102.409 32.8783,
	102.491 32.6897,
	102.538 32.501,
	102.633 32.3123,
	102.715 32.2179,
	102.904 32.0882,
	103.281 31.9821,
	103.47 31.9231,
	103.659 31.8877,
	103.847 31.8995,
	104.225 31.876,
	104.414 31.8642,
	104.602 31.8877,
	104.791 31.9467,
	104.98 32.0293,
	105.357 32.1472,
	105.546 32.2062,
	105.593 32.2179,
	105.64 32.2533,
	105.711 32.442,
	105.758 32.5364,
	105.911 32.7132,
	106.1 32.8666,
	106.182 32.9609,
	106.23 33.0552,
	106.218 33.1496,
	106.135 33.3383,
	106.088 33.4326,
	105.84 33.81,
	105.711 33.9987,
	105.64 34.093,
	105.451 34.2699,
	105.451 34.2935,
	105.404 34.3407,
	105.345 34.435,
	105.322 34.4586,
	105.286 34.5529,
	105.168 34.7416,
	104.991 34.9303,
	104.614 35.2723,
	104.437 35.461,
	104.248 35.6143,
	104.06 35.7912,
	104.013 35.8265,
	103.989 35.8265,
	103.895 35.8973,
	103.517 35.9916,
	103.423 35.9916,
	103.364 36.086,
	103.352 36.1803,
	103.411 36.369,
	103.435 36.4634,
	103.388 36.652,
	103.211 36.8289,
	103.128 36.9233,
	103.069 37.0176,
	103.01 37.2063,
	102.975 37.3006,
	102.916 37.395,
	102.833 37.5837,
	102.821 37.6308,
	102.739 37.7252,
	102.645 37.7724,
	102.597 37.7959,
	102.55 37.8903,
	102.527 37.9375,
	102.538 38.1261,
	102.527 38.2205,
	102.444 38.4092,
	102.326 38.5979,
	102.279 38.6922,
	101.925 39.0578,
	101.737 39.1639,
	101.689 39.1757,
	101.595 39.2347,
	101.501 39.27,
	101.123 39.5413,
	100.935 39.671,
	100.557 39.7771,
	100.369 39.8243,
	100.274 39.8479,
	100.18 39.8361,
	100.086 39.7889,
	99.9912 39.7064,
	99.8733 39.5177,
	99.8379 39.4705,
	99.8379 39.4469,
	99.6846 39.27,
	99.5902 39.2111,
	99.5313 39.1167,
	99.4959 39.0224,
	99.5313 38.8337,
	99.5431 38.7394,
	99.8969 37.9846,
	99.9794 37.7959,
	100.038 37.6073,
	100.074 37.5129,
	100.156 37.4186,
	100.251 37.3832,
	100.345 37.3006,
	100.722 37.0766,
	100.911 36.994,
	101.005 36.9351,
	101.1 36.8525,
	101.288 36.7582,
	101.383 36.711,
	101.512 36.5223,
	101.536 36.428,
	101.548 36.3808,
	101.512 36.3454,
	101.418 36.3336,
	101.324 36.369,
	101.229 36.3808,
	101.135 36.428,
	101.088 36.4516,
	101.041 36.4987,
	100.663 36.7228,
	100.569 36.7818,
	100.475 36.8643,
	100.286 36.994,
	100.097 37.1473,
	100.003 37.2181,
	99.944 37.3006,
	99.7789 37.678,
	99.7318 37.7724,
	99.6492 37.8667,
	99.602 37.9021,
	99.5549 37.9021,
	99.5313 37.9021,
	99.4487 37.8077,
	99.4134 37.7606,
	99.378 37.6662,
	99.378 37.4775,
	99.378 37.3832,
	99.378 37.336,
	99.378 37.3124,
	"/>
</Transform>

<Transform dim="0"
 xcoef=" 0 1 0 0 0 0"
 ycoef=" 0 0 1 0 0 0">
<Contour name="TB3_Nuc40_EM" hidden="false" closed="true" simplified="true" border="0 1 0" fill="0 1 0" mode="9"
 points="116.663 34.7351,
	116.698 34.5936,
	116.68 34.0273,
	116.68 33.7442,
	116.751 33.4611,
	116.769 33.3195,
	116.733 33.0364,
	116.769 32.7533,
	116.999 32.1871,
	117.087 31.904,
	117.087 31.8332,
	117.14 31.6916,
	117.176 31.6208,
	117.229 31.3377,
	117.282 31.1962,
	117.37 31.0546,
	117.37 30.9838,
	117.424 30.8423,
	117.441 30.8246,
	117.459 30.86,
	117.441 30.9307,
	117.547 30.8069,
	117.707 30.5237,
	117.777 30.453,
	117.866 30.3114,
	117.99 30.1698,
	118.149 29.8867,
	118.344 29.6213,
	118.45 29.4797,
	118.698 28.9135,
	118.733 28.7719,
	118.928 28.5065,
	119.158 28.2588,
	119.299 28.1172,
	119.441 28.0642,
	119.724 27.9049,
	119.989 27.6749,
	120.095 27.551,
	120.662 27.0909,
	120.945 26.9317,
	120.98 26.9317,
	121.016 26.8963,
	121.157 26.8609,
	121.299 26.8609,
	121.44 26.914,
	121.723 26.9494,
	122.007 26.8963,
	122.148 26.8432,
	122.431 26.8078,
	122.502 26.8255,
	122.767 27.0378,
	122.909 27.1617,
	122.98 27.2148,
	123.104 27.781,
	123.157 28.0642,
	123.139 29.1966,
	123.121 29.7629,
	122.997 30.3291,
	122.767 30.8953,
	122.697 31.0369,
	122.59 31.1608,
	122.537 31.3023,
	122.626 31.5854,
	122.608 31.8686,
	122.555 32.1517,
	122.484 32.2932,
	122.449 32.364,
	122.413 32.3994,
	122.413 32.4348,
	122.378 32.4702,
	122.307 32.7533,
	122.272 32.8949,
	122.219 32.9656,
	122.095 33.2488,
	122.095 33.2842,
	122.06 33.3195,
	121.971 33.6027,
	121.812 33.8858,
	121.794 33.9566,
	121.759 33.992,
	121.723 34.1335,
	121.688 34.1689,
	121.688 34.2043,
	121.653 34.2397,
	121.653 34.2751,
	121.564 34.4166,
	121.511 34.5582,
	121.476 34.5936,
	121.476 34.629,
	121.405 34.6997,
	121.334 34.8413,
	121.21 34.9829,
	121.139 35.0536,
	120.998 35.1421,
	120.732 35.4075,
	120.591 35.496,
	120.449 35.5491,
	119.883 35.6199,
	119.742 35.6199,
	119.671 35.6199,
	119.529 35.7084,
	119.494 35.7614,
	119.441 36.0446,
	119.388 36.1861,
	119.299 36.3277,
	119.228 36.3985,
	118.945 36.5223,
	118.662 36.54,
	118.379 36.5046,
	118.308 36.4869,
	118.237 36.4339,
	118.202 36.3631,
	118.184 36.08,
	118.202 35.7968,
	118.291 35.5137,
	118.308 35.4429,
	118.308 35.4075,
	118.237 35.3368,
	117.954 35.3545,
	117.671 35.5137,
	117.53 35.5491,
	116.963 35.3899,
	116.84 35.3014,
	116.733 35.1598,
	116.733 35.1244,
	116.698 35.089,
	116.663 34.8059,
	116.663 34.7528,
	"/>
</Transform>

<Transform dim="0"
 xcoef=" 0 1 0 0 0 0"
 ycoef=" 0 0 1 0 0 0">
<Contour name="TB3_Nuc56_EM" hidden="false" closed="true" simplified="true" border="1 0 0" fill="1 0 0" mode="9"
 points="101.327 24.5241,
	101.374 24.3355,
	101.469 24.1468,
	101.469 24.0997,
	101.634 23.911,
	101.704 23.7224,
	101.822 23.5337,
	101.987 23.3687,
	102.176 23.3687,
	102.27 23.4158,
	102.412 23.6045,
	102.506 23.6752,
	102.695 23.7224,
	103.072 23.6988,
	103.261 23.5573,
	103.331 23.5101,
	103.355 23.4158,
	103.331 23.3215,
	102.954 23.2979,
	102.765 23.2507,
	102.388 23.2272,
	102.27 22.8499,
	102.294 22.6612,
	102.317 22.5669,
	102.317 22.5197,
	102.624 22.2132,
	102.789 22.0717,
	102.978 21.9774,
	103.143 21.7887,
	103.261 21.6001,
	103.355 21.5058,
	103.544 21.4114,
	103.662 21.2228,
	103.709 21.1285,
	103.803 21.0577,
	103.992 21.0577,
	104.369 21.152,
	104.463 21.1756,
	104.841 21.0813,
	105.029 21.0577,
	105.124 21.0341,
	105.501 21.3171,
	105.548 21.3643,
	105.737 21.4114,
	105.831 21.4822,
	105.878 21.5765,
	105.972 21.6708,
	105.996 21.7652,
	105.949 21.9538,
	105.925 22.001,
	105.996 22.0953,
	106.043 22.2839,
	105.972 22.6612,
	106.02 23.0385,
	105.949 23.2272,
	105.619 23.5809,
	105.501 23.7695,
	105.43 23.9582,
	105.407 24.0525,
	105.265 24.2411,
	105.171 24.3355,
	105.124 24.4298,
	105.029 24.5005,
	104.841 24.5241,
	104.652 24.3826,
	104.558 24.2883,
	104.393 24.1704,
	104.298 24.1704,
	104.275 24.2647,
	104.298 24.359,
	104.369 24.4534,
	104.558 24.5477,
	104.723 24.7128,
	104.746 25.0901,
	104.628 25.2787,
	104.51 25.4202,
	104.322 25.5617,
	104.133 25.7503,
	103.756 25.9861,
	103.567 26.1276,
	103.473 26.1984,
	103.284 26.2219,
	103.096 26.1984,
	102.907 26.1276,
	102.152 26.0569,
	101.775 25.939,
	101.586 25.7739,
	101.421 25.3966,
	101.351 25.0193,
	101.327 24.642,
	101.327 24.5477,
	"/>
</Transform>

<Transform dim="0"
 xcoef=" 0 1 0 0 0 0"
 ycoef=" 0 0 1 0 0 0">
<Contour name="TB3_AP04_EM" hidden="false" closed="true" simplified="true" border="1 0 0" fill="1 0 1" mode="9"
 points="93.5873 68.7985,
	93.6178 68.7756,
	93.6865 68.89,
	93.717 68.9511,
	93.7323 68.9816,
	93.7628 68.9968,
	93.7933 68.9892,
	93.8085 68.8672,
	93.8009 68.8061,
	93.8085 68.7451,
	93.7628 68.5011,
	93.778 68.44,
	93.7856 68.4095,
	93.8085 68.379,
	93.8238 68.3638,
	93.839 68.3638,
	93.8924 68.3104,
	93.9229 68.1883,
	93.9306 68.1273,
	93.9535 68.0663,
	94.0602 67.9443,
	94.0907 67.929,
	94.1518 67.9214,
	94.2128 67.8985,
	94.2433 67.8832,
	94.2891 67.8222,
	94.3196 67.7993,
	94.3501 67.7917,
	94.4111 67.8146,
	94.4721 67.7765,
	94.5331 67.7231,
	94.5941 67.6849,
	94.6552 67.6773,
	94.7162 67.6849,
	94.7772 67.7307,
	94.8687 67.8527,
	94.8687 67.9137,
	94.8153 68.1578,
	94.8001 68.2799,
	94.8153 68.5239,
	94.8001 68.768,
	94.7925 68.89,
	94.8153 69.0121,
	94.8306 69.2562,
	94.8306 69.2867,
	94.8458 69.3172,
	94.8382 69.4392,
	94.8153 69.5612,
	94.8001 69.6223,
	94.8001 69.7443,
	94.8001 69.8053,
	94.7772 69.8663,
	94.6933 69.9884,
	94.678 70.0189,
	94.6857 70.0494,
	94.8001 70.118,
	94.823 70.1791,
	94.8611 70.2401,
	94.8764 70.2706,
	94.884 70.3926,
	94.8687 70.6367,
	94.8611 70.7587,
	94.8687 70.8198,
	94.9297 70.9418,
	94.9755 71.0028,
	95.0289 71.1249,
	95.0594 71.2469,
	95.1052 71.735,
	95.1128 71.8571,
	95.0975 71.9791,
	95.0899 72.0401,
	95.1128 72.1622,
	95.1357 72.2232,
	95.1433 72.3452,
	95.1281 72.4673,
	95.1204 72.5283,
	95.0747 72.6503,
	95.0442 72.7724,
	95.0136 73.0164,
	95.0518 73.2605,
	95.0747 73.3825,
	95.0823 73.4436,
	95.0747 73.5046,
	95.0975 73.6266,
	95.1509 74.1148,
	95.1509 74.1453,
	95.1738 74.2063,
	95.1815 74.2673,
	95.2577 74.5114,
	95.3035 74.7555,
	95.3264 74.9995,
	95.334 75.2436,
	95.3264 75.3046,
	95.3264 75.3351,
	95.3569 75.3504,
	95.3493 75.4724,
	95.3798 75.7165,
	95.3798 75.9606,
	95.4103 76.2047,
	95.4332 76.3267,
	95.4789 76.4487,
	95.4865 76.5708,
	95.4637 76.8148,
	95.4484 76.9369,
	95.4408 76.9979,
	95.456 77.242,
	95.456 77.486,
	95.4484 77.6081,
	95.456 77.8522,
	95.4637 77.9742,
	95.4332 78.2183,
	95.4255 78.3403,
	95.4179 78.3708,
	95.4408 78.6149,
	95.4332 78.7369,
	95.3874 78.981,
	95.3798 79.0115,
	95.3645 79.0268,
	95.3493 79.0268,
	95.2806 79.1488,
	95.2654 79.1793,
	95.2501 79.1717,
	95.2501 79.1107,
	95.1967 78.9886,
	95.1738 78.8666,
	95.1815 78.8056,
	95.1586 78.6835,
	95.1586 78.5615,
	95.1662 78.5005,
	95.1281 78.2564,
	95.1204 78.1344,
	95.1281 77.8903,
	95.1357 77.7683,
	95.1128 77.5242,
	95.1128 77.4021,
	95.0975 77.2801,
	95.0823 77.2191,
	95.0594 76.7309,
	95.0136 76.2428,
	95.0136 76.1208,
	94.9908 75.8767,
	94.9984 75.7546,
	95.0213 75.6326,
	95.0289 75.6097,
	95.0213 75.5487,
	95.0442 75.4877,
	95.0365 75.2436,
	95.0213 75.1216,
	95.0213 75.0606,
	94.9679 74.8165,
	94.9374 74.5724,
	94.8916 74.3283,
	94.8535 74.2063,
	94.8306 74.1453,
	94.8077 74.0232,
	94.8153 73.9012,
	94.8153 73.8402,
	94.8306 73.7792,
	94.8382 73.7487,
	94.8001 73.6266,
	94.678 73.3825,
	94.6247 73.2605,
	94.5941 73.1995,
	94.5713 73.0774,
	94.4263 72.5893,
	94.3424 72.1011,
	94.3196 71.8571,
	94.3043 71.735,
	94.2891 71.674,
	94.2891 71.6435,
	94.2509 71.5215,
	94.2357 71.491,
	94.2357 71.4757,
	94.1975 71.4147,
	94.0755 71.2927,
	93.8924 71.0486,
	93.8543 70.9876,
	93.839 70.9265,
	93.8238 70.896,
	93.8009 70.652,
	93.778 70.5299,
	93.7551 70.4689,
	93.7399 70.3469,
	93.7475 70.2248,
	93.7933 69.9808,
	93.8009 69.8587,
	93.7704 69.3706,
	93.7475 69.2485,
	93.7246 69.1875,
	93.656 69.0655,
	93.6026 68.9434,
	93.5873 68.8824,
	93.5873 68.8214,
	93.5873 68.8061,
	"/>
</Transform>

<Transform dim="0"
 xcoef=" 0 1 0 0 0 0"
 ycoef=" 0 0 1 0 0 0">
<Contour name="TB3_AP04_EM" hidden="false" closed="true" simplified="true" border="1 0 0" fill="1 0 1" mode="9"
 points="118.742 17.7409,
	118.798 17.4446,
	118.761 16.852,
	118.798 16.7039,
	118.798 16.6669,
	118.909 16.5187,
	119.205 16.278,
	119.075 16.2409,
	119.001 16.2409,
	118.927 16.1854,
	118.89 16.1113,
	118.946 15.9631,
	119.075 15.8335,
	119.131 15.7594,
	119.224 15.4631,
	119.316 15.315,
	119.39 15.2965,
	119.538 15.3891,
	119.687 15.4261,
	119.983 15.4076,
	120.131 15.2965,
	120.187 15.2594,
	120.242 15.1854,
	120.279 15.1483,
	120.372 14.852,
	120.427 14.5557,
	120.409 14.4076,
	120.261 14.1113,
	120.075 13.5187,
	120.038 13.3705,
	119.964 13.2224,
	119.927 13.0742,
	120.02 12.9261,
	120.168 12.815,
	120.446 12.5372,
	120.668 12.2409,
	120.705 12.1668,
	120.705 12.1298,
	120.742 12.0927,
	120.853 11.5001,
	120.927 11.2038,
	120.964 11.0557,
	120.964 10.7594,
	121.001 10.4631,
	121.02 10.426,
	121.131 10.5557,
	121.187 10.4075,
	121.205 10.3335,
	121.242 10.2964,
	121.316 10.0001,
	121.353 9.85197,
	121.427 9.79641,
	121.464 9.81493,
	121.483 10.1112,
	121.464 10.2594,
	121.483 10.5557,
	121.446 10.852,
	121.464 11.1483,
	121.501 11.2964,
	121.501 11.5927,
	121.464 11.889,
	121.464 12.0372,
	121.427 12.1853,
	121.39 12.7779,
	121.316 13.3705,
	121.279 13.6668,
	121.205 13.9631,
	121.187 14.2594,
	121.242 14.5557,
	121.261 14.7039,
	121.316 14.852,
	121.335 14.9261,
	121.372 14.9631,
	121.372 15.0002,
	121.501 15.1483,
	121.557 15.2224,
	121.594 15.3706,
	121.613 15.4446,
	121.594 15.7409,
	121.501 16.0372,
	121.372 16.3335,
	121.353 16.4076,
	121.316 16.4446,
	121.15 17.0372,
	121.038 17.3335,
	120.835 17.6113,
	120.705 17.9076,
	120.483 18.1854,
	120.427 18.3335,
	120.372 18.4076,
	120.353 18.4817,
	120.298 18.5558,
	120.205 18.8521,
	120.15 19.0002,
	120.131 19.1484,
	119.946 19.741,
	119.872 19.8891,
	119.761 20.4817,
	119.742 20.6299,
	119.687 20.7039,
	119.65 20.6854,
	119.631 20.5373,
	119.65 20.3891,
	119.65 20.3151,
	119.668 20.278,
	119.557 19.9817,
	119.52 19.8336,
	119.464 19.7595,
	119.446 19.6854,
	119.279 19.3891,
	119.224 19.241,
	119.187 18.9447,
	119.113 18.7965,
	119.075 18.7595,
	119.075 18.7224,
	119.038 18.6854,
	119.038 18.6484,
	118.946 18.5002,
	118.909 18.3521,
	118.779 18.0558,
	118.742 17.9076,
	118.742 17.7595,
	"/>
</Transform>

<Transform dim="0"
 xcoef=" 0 1 0 0 0 0"
 ycoef=" 0 0 1 0 0 0">
<Contour name="TB3_AP05_EM" hidden="false" closed="true" simplified="true" border="0 1 1" fill="0 1 1" mode="9"
 points="104.26 41.6598,
	104.384 41.2656,
	104.457 41.1671,
	104.531 40.97,
	104.556 40.8715,
	104.728 40.699,
	104.926 40.6497,
	105.024 40.6744,
	105.073 40.699,
	105.246 40.5758,
	105.418 40.3787,
	105.468 40.2802,
	105.566 40.2063,
	105.591 40.1816,
	105.788 40.2063,
	105.886 40.1816,
	105.936 40.1816,
	106.034 40.1077,
	106.083 40.0092,
	106.157 39.9599,
	106.231 40.0585,
	106.108 40.2555,
	106.083 40.3541,
	106.034 40.4034,
	105.96 40.6005,
	105.985 40.9946,
	105.96 41.1917,
	105.936 41.2903,
	105.936 41.3395,
	105.739 41.512,
	105.418 41.8323,
	105.147 42.1772,
	104.753 42.5714,
	104.679 42.6699,
	104.482 42.6945,
	104.433 42.6945,
	104.31 42.4974,
	104.31 42.1033,
	104.31 42.0047,
	104.26 41.9062,
	104.26 41.7091,
	104.26 41.6844,
	"/>
</Transform>

<Transform dim="0"
 xcoef=" 0 1 0 0 0 0"
 ycoef=" 0 0 1 0 0 0">
<Contour name="TB3_Nuc16_EM" hidden="false" closed="true" simplified="true" border="1 0 0" fill="1 0 0" mode="9"
 points="106.804 59.4735,
	107.251 59.0268,
	107.846 59.4735,
	107.995 60.6647,
	107.697 60.9625,
	107.102 60.8136,
	106.804 60.6647,
	106.804 59.9202,
	106.804 59.6224,
	"/>
</Transform>

<Transform dim="0"
 xcoef=" 0 1 0 0 0 0"
 ycoef=" 0 0 1 0 0 0">
<Contour name="TB3_AP05_EM" hidden="false" closed="true" simplified="true" border="0 1 1" fill="0 1 1" mode="9"
 points="96.7223 71.6786,
	96.8475 71.5355,
	96.9906 71.4282,
	97.1158 71.2851,
	97.1874 71.2135,
	97.2232 71.2135,
	97.7419 70.6411,
	97.9029 70.3549,
	98.0997 70.0686,
	98.1533 69.9255,
	98.1355 69.8719,
	98.0102 69.9434,
	97.9387 69.9971,
	97.9029 69.9971,
	97.885 69.9255,
	97.9208 69.854,
	98.0639 69.7288,
	98.1712 69.5857,
	98.2607 69.2994,
	98.3859 69.0132,
	98.5648 68.727,
	98.6542 68.5839,
	98.7794 68.2977,
	98.851 68.1546,
	98.8868 68.0115,
	99.012 67.7253,
	99.4055 67.2065,
	99.7096 66.6341,
	99.7454 66.5983,
	99.7633 66.5268,
	99.9601 66.2405,
	99.978 66.169,
	100.085 66.0259,
	100.085 65.9901,
	100.121 65.9543,
	100.121 65.9185,
	100.157 65.8828,
	100.318 65.3103,
	100.372 65.2388,
	100.461 64.9526,
	100.586 64.6664,
	100.783 64.3802,
	100.98 63.8077,
	101.033 63.5215,
	101.159 63.2353,
	101.355 62.6629,
	101.409 62.5913,
	101.516 62.3051,
	101.677 62.0189,
	101.785 61.7327,
	101.82 61.5896,
	101.856 61.5538,
	102.071 60.9814,
	102.268 60.6952,
	102.518 60.4089,
	102.661 60.2658,
	102.715 60.1943,
	102.697 60.1585,
	102.786 59.8723,
	102.822 59.8007,
	102.822 59.765,
	102.894 59.7113,
	102.912 59.6755,
	102.965 59.6576,
	103.108 59.7113,
	103.198 59.8365,
	103.216 59.9081,
	103.162 60.1943,
	103.18 60.4805,
	103.001 61.0529,
	102.751 61.6253,
	102.733 61.6969,
	102.679 61.7685,
	102.679 61.8042,
	102.572 61.9473,
	102.536 62.0189,
	102.536 62.0547,
	102.482 62.1262,
	102.429 62.6986,
	102.357 62.9849,
	102.339 63.0564,
	102.339 63.0922,
	102.303 63.128,
	102.232 63.4142,
	102.214 63.5573,
	102.053 64.1297,
	101.928 64.4159,
	101.695 64.6843,
	101.552 64.72,
	101.481 64.7379,
	101.445 64.7558,
	101.445 64.7916,
	101.57 64.8989,
	101.57 64.9705,
	101.498 65.042,
	101.373 65.3282,
	101.212 65.6144,
	101.159 65.9007,
	101.105 66.0438,
	101.069 66.1153,
	101.033 66.4015,
	101.033 66.5446,
	101.033 66.6162,
	101.033 66.652,
	100.998 66.6877,
	100.926 66.6877,
	100.89 66.6877,
	100.765 66.813,
	100.568 67.0992,
	100.532 67.1707,
	100.497 67.2065,
	100.497 67.2423,
	100.3 67.5285,
	100.264 67.5643,
	100.264 67.6001,
	100.05 67.8863,
	99.9243 67.9936,
	99.7096 68.2619,
	99.6023 68.3693,
	99.5307 68.5124,
	99.4413 69.0848,
	99.3876 69.2279,
	99.334 69.2994,
	99.2088 69.5857,
	99.1551 69.6572,
	99.1193 69.693,
	99.1193 69.7288,
	98.9941 69.8719,
	98.9047 70.015,
	98.7794 70.1402,
	98.4038 70.6947,
	98.207 70.981,
	98.046 71.2135,
	97.9566 71.3566,
	97.8492 71.6428,
	97.6882 71.929,
	97.5809 72.0721,
	97.5273 72.1437,
	97.4199 72.4299,
	97.241 72.7161,
	97.1516 72.8413,
	97.1158 72.8056,
	97.1695 72.5193,
	97.2589 72.2331,
	97.241 72.2152,
	97.1516 72.3584,
	97.1337 72.3941,
	97.0979 72.3762,
	97.0979 72.2331,
	97.1337 72.1616,
	97.0085 72.2689,
	96.9369 72.2868,
	96.9012 72.2689,
	96.9012 72.1974,
	96.9369 72.1258,
	97.08 72.0185,
	97.1516 71.9469,
	97.2768 71.6607,
	97.402 71.5176,
	97.4378 71.446,
	97.4378 71.3745,
	97.4199 71.3566,
	97.3484 71.4103,
	97.2053 71.6965,
	97.0979 71.8217,
	97.0264 71.8575,
	96.8833 71.9827,
	96.8117 72.0006,
	96.7759 71.9827,
	96.7759 71.9111,
	96.7759 71.8754,
	96.8833 71.7323,
	96.9191 71.6607,
	96.9012 71.6428,
	96.7581 71.768,
	96.7223 71.7502,
	96.7223 71.6965,
	"/>
</Transform>

<Transform dim="0"
 xcoef=" 0 1 0 0 0 0"
 ycoef=" 0 0 1 0 0 0">
<Contour name="TB3_AP04_EM" hidden="false" closed="true" simplified="true" border="1 0 0" fill="1 0 0" mode="9"
 points="102.318 39.4561,
	102.358 39.2936,
	102.379 39.2123,
	102.419 39.1717,
	102.582 38.5215,
	102.704 38.1965,
	102.704 38.1558,
	102.744 38.1152,
	102.805 37.9527,
	102.805 37.912,
	102.866 37.8308,
	102.927 37.6682,
	102.968 37.587,
	102.968 37.5463,
	103.009 37.5057,
	103.009 37.465,
	103.313 37.1603,
	103.476 36.9978,
	103.943 36.3476,
	104.106 36.2054,
	104.268 36.1241,
	104.573 35.799,
	104.837 35.474,
	105.142 35.1895,
	105.223 35.1082,
	105.569 34.4581,
	105.772 34.133,
	105.873 33.9705,
	105.955 33.8892,
	105.975 33.8079,
	106.178 33.4829,
	106.219 33.4016,
	106.483 33.0765,
	106.544 32.9952,
	106.564 32.9546,
	106.605 32.9749,
	106.727 32.8733,
	106.869 32.7108,
	107.194 32.5686,
	107.519 32.3654,
	107.6 32.3045,
	107.682 32.2841,
	107.702 32.2638,
	107.864 32.3045,
	107.946 32.3045,
	107.986 32.2841,
	108.047 32.3451,
	108.027 32.3857,
	108.108 32.5483,
	108.129 32.6295,
	108.21 32.7108,
	108.291 32.7311,
	108.332 32.7718,
	108.982 32.9952,
	109.144 33.0968,
	109.246 33.2391,
	109.287 33.2797,
	109.429 33.9298,
	109.327 34.58,
	109.307 34.7425,
	109.043 35.3927,
	109.002 35.5552,
	108.901 35.7178,
	108.86 35.7584,
	108.799 35.9209,
	108.596 36.246,
	108.575 36.3273,
	108.535 36.3679,
	108.515 36.4492,
	108.413 36.6117,
	108.372 36.693,
	108.332 36.7336,
	108.332 36.7743,
	108.291 36.8149,
	108.291 36.8555,
	108.088 37.1806,
	107.58 37.8104,
	107.417 37.973,
	107.194 38.2981,
	106.93 38.6028,
	106.767 38.745,
	106.727 38.7857,
	106.686 38.7857,
	106.523 38.9076,
	106.442 38.9685,
	106.402 39.0092,
	106.361 39.0092,
	105.711 39.4561,
	105.65 39.5374,
	105.487 39.6187,
	105.162 39.639,
	105 39.639,
	104.675 39.7406,
	104.024 40.025,
	103.862 40.1063,
	103.699 40.1469,
	103.049 40.1063,
	102.887 40.1469,
	102.724 40.1266,
	102.562 40.025,
	102.419 39.8625,
	102.358 39.7812,
	102.318 39.6187,
	102.318 39.4765,
	"/>
</Transform>

<Transform dim="0"
 xcoef=" 0 1 0 0 0 0"
 ycoef=" 0 0 1 0 0 0">
<Contour name="TB1_NF14_RSL" hidden="false" closed="true" simplified="true" border="0.501961 0 1" fill="0.501961 0 1" mode="-9"
 points="33.4024 44.4375,
	33.4286 44.158,
	33.4374 44.0881,
	33.4636 44.0182,
	33.4898 43.9832,
	33.5247 43.9657,
	33.5946 43.9657,
	33.7344 44.0007,
	33.7694 44.0094,
	33.8043 44.0356,
	33.8393 44.0444,
	33.9092 44.0968,
	33.9966 44.3764,
	33.9966 44.5162,
	33.9529 44.7958,
	33.9616 44.8045,
	33.9354 44.8307,
	33.9092 44.9705,
	33.9004 45.2501,
	33.8917 45.3899,
	33.8742 45.4598,
	33.8568 45.4948,
	33.8218 45.521,
	33.7519 45.521,
	33.717 45.5122,
	33.6558 45.4511,
	33.5859 45.3113,
	33.5684 45.2763,
	33.5684 45.2414,
	33.5247 45.1715,
	33.4898 45.0317,
	33.4723 44.8919,
	33.4374 44.7521,
	33.4112 44.6822,
	33.4024 44.5424,
	33.4024 44.4725,
	33.4024 44.4463,
	"/>
</Transform>

<Transform dim="0"
 xcoef=" 0 1 0 0 0 0"
 ycoef=" 0 0 1 0 0 0">
<Contour name="TB1_NF15_RSL" hidden="false" closed="true" simplified="true" border="1 0.502 0.753" fill="1 0.502 0.753" mode="-9"
 points="32.9054 44.3909,
	32.9852 44.311,
	33.0764 44.2654,
	33.1677 44.197,
	33.2133 44.1742,
	33.2589 44.1742,
	33.2818 44.1742,
	33.316 44.2198,
	33.3616 44.4023,
	33.3958 44.4935,
	33.4072 44.676,
	33.4871 45.041,
	33.5555 45.2235,
	33.6467 45.406,
	33.9091 45.771,
	33.9433 45.8166,
	33.9205 45.828,
	33.8748 45.7938,
	33.9091 45.9763,
	34.0345 46.3412,
	34.0687 46.5237,
	34.0801 46.7062,
	34.0687 46.8887,
	34.0459 46.98,
	33.9889 47.0598,
	33.9091 47.1282,
	33.8634 47.1625,
	33.7722 47.1739,
	33.7266 47.1853,
	33.6809 47.1739,
	33.4985 47.0598,
	33.4072 46.9914,
	33.3388 46.8089,
	33.3046 46.6264,
	33.1563 46.2614,
	33.1335 46.0789,
	33.0764 45.8964,
	32.9966 45.7139,
	32.9624 45.5314,
	32.9282 44.8015,
	32.9054 44.4365,
	32.9054 44.4023,
	"/>
</Transform>

<Transform dim="0"
 xcoef=" 0 1 0 0 0 0"
 ycoef=" 0 0 1 0 0 0">
<Contour name="TB1_NF15_RSL" hidden="false" closed="true" simplified="true" border="1 0.502 0.753" fill="1 0.502 0.753" mode="-9"
 points="30.9664 34.8329,
	31.0348 34.7417,
	31.2059 34.6162,
	31.3884 34.525,
	31.4797 34.5022,
	31.5595 34.4451,
	31.685 34.274,
	31.742 34.1828,
	31.799 34.1144,
	31.8903 34.0231,
	32.0727 33.8863,
	32.1184 33.852,
	32.164 33.8406,
	32.2096 33.8634,
	32.2552 33.9091,
	32.3465 34.0916,
	32.4719 34.4565,
	32.4834 34.5478,
	32.4719 34.639,
	32.4149 34.7189,
	32.3351 34.8101,
	32.2781 34.9926,
	32.2895 35.1751,
	32.3237 35.3576,
	32.3351 35.4032,
	32.3579 35.4146,
	32.3465 35.4374,
	32.3009 35.4146,
	32.3351 35.7796,
	32.3465 35.9621,
	32.3123 36.1446,
	32.3123 36.1902,
	32.1184 36.5552,
	31.9929 36.7263,
	31.9359 36.8175,
	31.9131 36.8631,
	31.8674 36.8973,
	31.7762 36.8973,
	31.7306 36.8745,
	31.7078 36.8517,
	31.685 36.8517,
	31.6051 36.7605,
	31.3998 36.3955,
	31.3314 36.213,
	31.3086 36.0305,
	31.2972 35.9393,
	31.2629 35.848,
	31.0234 35.483,
	30.9892 35.3918,
	31.0006 35.2093,
	31.0006 35.1181,
	30.9664 34.9356,
	30.9664 34.8443,
	"/>
</Transform>

<Transform dim="0"
 xcoef=" 0 1 0 0 0 0"
 ycoef=" 0 0 1 0 0 0">
<Contour name="TB1_NF17_RSL" hidden="false" closed="true" simplified="true" border="0.501961 0.501961 0.752941" fill="0.501961 0.501961 0.752941" mode="-9"
 points="36.7053 63.9229,
	36.7264 63.8385,
	36.7475 63.8174,
	36.758 63.7751,
	36.9902 63.448,
	37.0641 63.3741,
	37.1169 63.2897,
	37.1485 63.2053,
	37.1907 63.1736,
	37.3596 63.1419,
	37.444 63.1736,
	37.4651 63.1736,
	37.4862 63.1947,
	37.5073 63.1947,
	37.5918 63.258,
	37.6129 63.2686,
	37.6551 63.258,
	37.824 63.3741,
	37.8662 63.4058,
	37.8873 63.448,
	38.0561 63.6168,
	38.13 63.7013,
	38.1933 63.7646,
	38.3622 63.9335,
	38.4888 64.0918,
	38.5838 64.2606,
	38.5838 64.4295,
	38.626 64.7672,
	38.6471 64.936,
	38.5733 64.9888,
	38.4044 65.0099,
	38.0667 64.9994,
	37.8978 64.9888,
	37.729 64.9466,
	37.6445 64.9255,
	37.4757 64.9255,
	37.3913 64.9149,
	37.3068 64.8833,
	37.2857 64.8622,
	37.1169 64.7883,
	37.0324 64.725,
	36.9902 64.7039,
	36.853 64.5456,
	36.7686 64.3767,
	36.7158 64.2078,
	36.7053 64.039,
	36.7053 63.9546,
	36.7053 63.9335,
	"/>
</Transform>

<Transform dim="0"
 xcoef=" 0 1 0 0 0 0"
 ycoef=" 0 0 1 0 0 0">
<Contour name="TB1_AP13_atM02_RSL" hidden="false" closed="true" simplified="true" border="1 0 0" fill="1 0 0" mode="-9"
 points="38.5627 64.3239,
	38.5838 64.3028,
	38.626 64.3134,
	38.6471 64.3134,
	38.6682 64.3345,
	38.6893 64.3345,
	39.0059 64.6511,
	39.0904 64.725,
	39.1537 64.8094,
	39.1959 64.8938,
	39.2065 64.9783,
	39.2065 65.0205,
	39.1854 65.0627,
	39.1009 65.1154,
	39.0587 65.1366,
	38.9743 65.1154,
	38.9004 65.0521,
	38.816 64.9677,
	38.6999 64.8094,
	38.6577 64.725,
	38.6049 64.5561,
	38.5733 64.4717,
	38.5627 64.3873,
	38.5627 64.345,
	38.5627 64.3345,
	"/>
</Transform>

<Transform dim="0"
 xcoef=" 0 1 0 0 0 0"
 ycoef=" 0 0 1 0 0 0">
<Contour name="TB1_AP13_atM03_RSL" hidden="false" closed="true" simplified="true" border="1 0 0" fill="1 0 0" mode="-9"
 points="37.7501 63.2053,
	37.8028 63.1208,
	37.8873 63.1103,
	37.9295 63.0997,
	38.0139 63.1314,
	38.1828 63.258,
	38.2566 63.3213,
	38.32 63.4058,
	38.4572 63.543,
	38.5416 63.5852,
	38.5733 63.6063,
	38.5521 63.6168,
	38.6471 63.9546,
	38.6682 64.039,
	38.6682 64.0812,
	38.6471 64.1023,
	38.6049 64.1023,
	38.531 64.0601,
	38.4466 63.9862,
	38.3833 63.9229,
	38.2989 63.8385,
	38.13 63.7224,
	37.9717 63.5535,
	37.8873 63.4691,
	37.824 63.3847,
	37.7817 63.3425,
	37.7501 63.258,
	37.7501 63.2158,
	"/>
</Transform>

<Transform dim="0"
 xcoef=" 0 1 0 0 0 0"
 ycoef=" 0 0 1 0 0 0">
<Contour name="TB1_NF20_RSL" hidden="false" closed="true" simplified="true" border="1 0.501961 1" fill="1 0.501961 1" mode="-9"
 points="26.152 49.5837,
	26.1781 49.5489,
	26.1868 49.5315,
	26.3259 49.5229,
	26.3954 49.5229,
	26.6735 49.5837,
	26.7083 49.5837,
	26.8473 49.688,
	26.8821 49.7228,
	26.9429 49.7575,
	27.0733 49.8879,
	27.1863 49.9922,
	27.3167 50.1139,
	27.3775 50.1834,
	27.56 50.4615,
	27.6469 50.6006,
	27.9077 51.1568,
	27.9685 51.2959,
	27.9772 51.3306,
	28.0033 51.3654,
	28.0641 51.5045,
	28.2553 51.7826,
	28.3509 51.9129,
	28.3944 51.9825,
	28.4552 52.0346,
	28.5769 52.1737,
	28.855 52.4431,
	28.9593 52.5648,
	29.1331 52.8342,
	29.2809 53.1123,
	29.3504 53.2514,
	29.3852 53.3209,
	29.3852 53.3383,
	29.4026 53.3557,
	29.446 53.4948,
	29.5069 53.6338,
	29.5416 53.7729,
	29.5677 53.8424,
	29.5764 53.9119,
	29.5938 53.9467,
	29.6198 54.0858,
	29.6285 54.2248,
	29.6198 54.3639,
	29.5938 54.5029,
	29.5503 54.5638,
	29.4808 54.6159,
	29.4113 54.6507,
	29.3417 54.6594,
	29.2027 54.6507,
	29.1331 54.6072,
	29.0028 54.4943,
	28.8637 54.416,
	28.5856 54.3552,
	28.5508 54.3465,
	28.49 54.2944,
	28.4378 54.2248,
	28.4118 54.1901,
	28.4031 54.1553,
	28.3596 54.0858,
	28.3335 54.0162,
	28.3162 53.9989,
	28.3075 53.9641,
	28.264 53.8946,
	28.264 53.8772,
	28.2379 53.8424,
	28.2292 53.8076,
	28.2032 53.7729,
	28.1945 53.7381,
	28.1684 53.7034,
	28.1597 53.6686,
	27.9859 53.3905,
	27.7686 53.121,
	27.6643 52.982,
	27.5426 52.8429,
	27.4383 52.7125,
	27.3601 52.5822,
	27.1776 52.3041,
	27.1341 52.2345,
	27.1081 52.1998,
	27.0907 52.1824,
	27.0907 52.165,
	27.0559 52.1302,
	27.0472 52.0955,
	26.8821 51.8173,
	26.8386 51.7478,
	26.8213 51.7304,
	26.8126 51.6957,
	26.7691 51.6261,
	26.7691 51.6088,
	26.6909 51.4697,
	26.6648 51.4349,
	26.6561 51.4002,
	26.63 51.3654,
	26.604 51.2959,
	26.5866 51.2785,
	26.5344 51.1394,
	26.5171 51.1047,
	26.5171 51.0351,
	26.4736 50.8961,
	26.4388 50.8265,
	26.4301 50.7918,
	26.4128 50.7744,
	26.4041 50.7396,
	26.3519 50.6788,
	26.3519 50.6614,
	26.2737 50.5223,
	26.2476 50.4528,
	26.2389 50.3138,
	26.2129 50.1747,
	26.2042 49.8966,
	26.1607 49.7575,
	26.152 49.6185,
	26.152 49.5924,
	"/>
</Transform>

<Transform dim="0"
 xcoef=" 0 1 0 0 0 0"
 ycoef=" 0 0 1 0 0 0">
<Contour name="TB1_NF20_RSL" hidden="false" closed="true" simplified="true" border="1 0.501961 1" fill="1 0.501961 1" mode="-9"
 points="21.5771 44.7961,
	21.6045 44.7688,
	21.7139 44.7824,
	21.8234 44.714,
	21.9192 44.6046,
	21.9739 44.4951,
	22.0834 44.4951,
	22.1107 44.5225,
	22.1381 44.5225,
	22.3433 44.6593,
	22.5212 44.8509,
	22.7128 45.0698,
	22.8633 45.275,
	22.9864 45.4939,
	23.0001 45.5487,
	23.0685 45.6581,
	23.2601 45.877,
	23.4242 46.0823,
	23.8073 46.4927,
	23.9989 46.7117,
	24.0673 46.8211,
	24.0947 46.8758,
	24.0947 46.9853,
	24.0536 47.0948,
	23.9579 47.1632,
	23.7389 47.1358,
	23.3011 46.9716,
	23.1916 46.9032,
	23.0822 46.8622,
	22.8769 46.7253,
	22.658 46.5338,
	22.5486 46.4243,
	22.4528 46.3422,
	22.3981 46.3012,
	22.2749 46.178,
	22.056 46.0549,
	22.0013 46.0002,
	21.9739 45.9591,
	21.8781 45.8497,
	21.7276 45.6307,
	21.6592 45.5213,
	21.6182 45.4118,
	21.5908 44.974,
	21.5771 44.8645,
	21.5771 44.8098,
	"/>
</Transform>

<Transform dim="0"
 xcoef=" 0 1 0 0 0 0"
 ycoef=" 0 0 1 0 0 0">
<Contour name="TB1_NF22_RSL" hidden="false" closed="true" simplified="true" border="0.502 0.502 0" fill="0.502 0.502 0" mode="-9"
 points="40.4822 38.2661,
	40.5209 38.163,
	40.5595 38.1115,
	40.611 38.0986,
	40.6626 38.1115,
	40.8687 38.2532,
	40.946 38.3563,
	40.9718 38.4078,
	40.9976 38.4336,
	41.0105 38.4851,
	41.1264 38.6913,
	41.2166 38.8974,
	41.281 39.1036,
	41.2939 39.3097,
	41.281 39.4128,
	41.2424 39.5159,
	41.2037 39.5674,
	41.2037 39.5932,
	41.1006 39.6576,
	40.9976 39.6834,
	40.946 39.6705,
	40.8558 39.5674,
	40.8172 39.5159,
	40.7399 39.3097,
	40.6626 39.2067,
	40.5595 39.1036,
	40.508 39.0005,
	40.4822 38.5882,
	40.4822 38.3821,
	40.4822 38.279,
	"/>
</Transform>

<Transform dim="0"
 xcoef=" 0 1 0 0 0 0"
 ycoef=" 0 0 1 0 0 0">
<Contour name="TB1_NF22_RSL" hidden="false" closed="true" simplified="true" border="0.502 0.502 0" fill="0.502 0.502 0" mode="-9"
 points="43.9492 43.5743,
	44.0464 43.4771,
	44.1019 43.491,
	44.3102 43.6992,
	44.3935 43.8103,
	44.4352 43.8659,
	44.4352 43.9214,
	44.3935 43.977,
	44.3935 44.0047,
	44.4213 44.0325,
	44.3658 44.0464,
	44.1436 43.9214,
	44.0881 43.8659,
	44.0603 43.8242,
	44.0047 43.7687,
	43.9631 43.6576,
	43.9492 43.602,
	43.9492 43.5882,
	"/>
<Contour name="TB1_NF22_RSL" hidden="false" closed="true" simplified="true" border="0.502 0.502 0" fill="0.502 0.502 0" mode="-9"
 points="39.0058 36.3535,
	39.0335 36.298,
	39.1446 36.1869,
	39.2141 36.0758,
	39.2418 36.0481,
	39.2418 35.937,
	39.2279 35.8814,
	39.2418 35.8259,
	39.2835 35.7842,
	39.339 35.7981,
	39.4362 35.8953,
	39.4918 35.9509,
	39.5196 36.0064,
	39.5473 36.0342,
	39.6168 36.2563,
	39.714 36.7007,
	39.9778 37.1451,
	40.0195 37.2561,
	40.0472 37.3117,
	40.0611 37.3395,
	40.0472 37.3533,
	39.95 37.27,
	40.0195 37.4922,
	40.0333 37.5477,
	40.1444 37.6449,
	40.2 37.7005,
	40.1722 37.8116,
	40.1167 37.8671,
	40.0056 37.8532,
	39.8945 37.8116,
	39.8389 37.7699,
	39.7834 37.6588,
	39.6306 37.4367,
	39.5334 37.3395,
	39.4224 37.27,
	39.3113 37.1589,
	39.0752 36.7146,
	39.0058 36.4924,
	39.0058 36.3813,
	39.0058 36.3674,
	"/>
</Transform>

<Transform dim="0"
 xcoef=" 0 1 0 0 0 0"
 ycoef=" 0 0 1 0 0 0">
<Contour name="TB1_AP13_atM07_RSL" hidden="false" closed="true" simplified="true" border="1 0 0" fill="1 0 0" mode="-9"
 points="37.0648 62.8473,
	37.118 62.7256,
	37.1789 62.6723,
	37.2093 62.6571,
	37.331 62.6571,
	37.3919 62.6647,
	37.4528 62.7028,
	37.4984 62.756,
	37.506 62.8777,
	37.506 62.9082,
	37.468 62.969,
	37.4147 63.0147,
	37.3843 63.0071,
	37.3767 63.0375,
	37.3539 63.0603,
	37.3234 63.0679,
	37.2017 63.0299,
	37.1409 62.9995,
	37.0876 62.9386,
	37.0648 62.8777,
	37.0648 62.8549,
	"/>
</Transform>

<Transform dim="0"
 xcoef=" 0 1 0 0 0 0"
 ycoef=" 0 0 1 0 0 0">
<Contour name="TB1_NF22_RSL" hidden="false" closed="true" simplified="true" border="0.501961 0.501961 0" fill="0.501961 0.501961 0" mode="-9"
 points="34.9097 63.2415,
	34.9376 63.1296,
	34.9586 63.0737,
	35.0565 62.9619,
	35.1124 62.9129,
	35.1683 62.8919,
	35.2802 62.8919,
	35.3361 62.8919,
	35.5598 62.9619,
	35.5877 62.9688,
	35.8044 63.1296,
	35.8394 63.1855,
	35.8534 63.2415,
	35.8534 63.3533,
	35.8534 63.4092,
	35.8394 63.4652,
	35.7765 63.577,
	35.6856 63.6888,
	35.5738 63.7937,
	35.5598 63.8077,
	35.4479 63.8147,
	35.2242 63.7588,
	35.1124 63.6958,
	35.0565 63.6539,
	35.0006 63.598,
	34.9656 63.5421,
	34.9237 63.4302,
	34.9097 63.3184,
	34.9097 63.2624,
	34.9097 63.2485,
	"/>
</Transform>

<Transform dim="0"
 xcoef=" 0 1 0 0 0 0"
 ycoef=" 0 0 1 0 0 0">
<Contour name="TB1_NF22_RSL" hidden="false" closed="true" simplified="true" border="0.502 0.502 0" fill="0.502 0.502 0" mode="-9"
 points="38.967 73.3538,
	39.0025 73.2828,
	39.0735 73.2207,
	39.1179 73.1497,
	39.1357 73.0787,
	39.1445 73.0432,
	39.1712 73.0076,
	39.2067 72.9899,
	39.3487 72.9988,
	39.4197 73.0343,
	39.4818 73.0964,
	39.4996 73.1674,
	39.5262 73.1941,
	39.5085 73.2296,
	39.4996 73.2384,
	39.4907 73.2207,
	39.4552 73.2296,
	39.4641 73.2651,
	39.4818 73.2828,
	39.4996 73.3538,
	39.4996 73.4248,
	39.4818 73.4958,
	39.4463 73.5669,
	39.3842 73.6112,
	39.3487 73.6379,
	39.3309 73.6556,
	39.2599 73.6645,
	39.1889 73.6556,
	39.1179 73.6201,
	39.0824 73.6024,
	39.0114 73.5314,
	38.9936 73.4958,
	38.9759 73.4781,
	38.967 73.4071,
	38.967 73.3716,
	38.967 73.3627,
	"/>
</Transform>

<Transform dim="0"
 xcoef=" 0 1 0 0 0 0"
 ycoef=" 0 0 1 0 0 0">
<Contour name="TB1_NF22_RSL" hidden="false" closed="true" simplified="true" border="0.502 0.502 0" fill="0.502 0.502 0" mode="-9"
 points="36.8367 72.1733,
	36.9166 72.0313,
	36.9876 71.9602,
	37.0586 71.9159,
	37.1296 71.9159,
	37.1651 71.907,
	37.1829 71.907,
	37.2539 71.8537,
	37.2894 71.8271,
	37.3604 71.8182,
	37.4314 71.8449,
	37.4758 71.9159,
	37.4669 71.9869,
	37.3959 71.9958,
	37.3249 71.9691,
	37.2539 71.9602,
	37.2184 71.9602,
	37.1829 71.978,
	37.1651 71.9958,
	37.174 72.0313,
	37.245 72.0401,
	37.2805 72.049,
	37.3338 72.12,
	37.3604 72.1555,
	37.3693 72.1733,
	37.3071 72.2354,
	37.2361 72.2709,
	37.0941 72.2975,
	36.9521 72.3419,
	36.9166 72.3419,
	36.8988 72.3419,
	36.8633 72.3064,
	36.8367 72.2354,
	36.8367 72.1999,
	36.8367 72.1822,
	"/>
<Contour name="TB1_NF22_RSL" hidden="false" closed="true" simplified="true" border="0.502 0.502 0" fill="0.502 0.502 0" mode="-9"
 points="37.7509 71.907,
	37.7953 71.836,
	37.822 71.8005,
	37.8397 71.6585,
	37.8663 71.5874,
	37.9373 71.5253,
	38.0705 71.4277,
	38.1415 71.3744,
	38.2125 71.3389,
	38.2303 71.3212,
	38.3723 71.2945,
	38.4433 71.2945,
	38.5143 71.2768,
	38.5321 71.2768,
	38.6652 71.1614,
	38.7096 71.0904,
	38.7806 71.046,
	38.8516 71.0194,
	38.9936 71.0105,
	39.0646 71.0282,
	39.1357 71.0637,
	39.2777 71.0904,
	39.3487 71.117,
	39.4108 71.1791,
	39.4552 71.3212,
	39.4552 71.3922,
	39.3753 71.5342,
	39.2599 71.6762,
	39.1179 71.765,
	39.0469 71.8182,
	38.9404 71.9602,
	38.9226 71.9869,
	38.8516 72.049,
	38.8161 72.0756,
	38.7451 72.0934,
	38.4611 72.2177,
	38.177 72.2265,
	38.035 72.2088,
	37.964 72.2088,
	37.893 72.191,
	37.822 72.1289,
	37.7865 72.1023,
	37.7687 72.0845,
	37.7509 72.0135,
	37.7509 71.9425,
	37.7509 71.9159,
	"/>
</Transform>

<Transform dim="0"
 xcoef=" 0 1 0 0 0 0"
 ycoef=" 0 0 1 0 0 0">
<Contour name="TB1_AP58_RSL" hidden="false" closed="true" simplified="true" border="0.502 0 0" fill="0.502 0 0" mode="9"
 points="32.1602 33.3592,
	32.1722 33.3112,
	32.1782 33.2873,
	32.1902 33.2633,
	32.3251 33.0715,
	32.391 32.9756,
	32.409 32.9516,
	32.6188 32.568,
	32.6667 32.4721,
	32.6697 32.4241,
	32.7057 32.3761,
	32.7237 32.3522,
	32.8016 32.1604,
	32.8645 32.0645,
	32.8945 32.0165,
	33.0863 31.8517,
	33.1822 31.7707,
	33.2302 31.7348,
	33.2542 31.7168,
	33.3501 31.6898,
	33.398 31.6778,
	33.422 31.6718,
	33.8056 31.6928,
	33.9015 31.6928,
	33.9495 31.7048,
	33.9734 31.7108,
	33.9854 31.7138,
	34.0813 31.7917,
	34.1293 31.8337,
	34.1772 31.8696,
	34.2012 31.8876,
	34.2132 31.8966,
	34.3091 31.9206,
	34.3571 31.9326,
	34.3691 31.9356,
	34.5609 32.1214,
	34.6568 32.2173,
	34.6807 32.2413,
	34.7497 32.4331,
	34.7856 32.529,
	34.8066 32.577,
	34.8456 32.6249,
	34.8636 32.6489,
	34.8875 32.7448,
	34.8995 32.7927,
	34.9025 32.8886,
	34.8995 32.9845,
	34.8306 33.3682,
	34.7946 33.56,
	34.7497 33.7518,
	34.7407 33.7997,
	34.7047 34.567,
	34.6867 34.9506,
	34.6837 35.0465,
	34.6628 35.2383,
	34.6358 35.4301,
	34.5519 35.8138,
	34.5099 36.0056,
	34.5009 36.0535,
	34.4979 36.4371,
	34.4979 36.629,
	34.4979 36.7249,
	34.5219 37.1085,
	34.5339 37.3003,
	34.5369 37.3482,
	34.5579 37.4442,
	34.5309 37.8278,
	34.5189 37.9237,
	34.5669 38.6909,
	34.5908 39.0745,
	34.6178 39.8418,
	34.6178 39.8897,
	34.6328 39.9856,
	34.6388 40.0336,
	34.6268 40.8008,
	34.6208 41.1845,
	34.6178 41.3763,
	34.6448 42.1435,
	34.6568 42.5271,
	34.7017 43.2944,
	34.7137 43.3903,
	34.7167 43.4382,
	34.7197 43.4622,
	34.6837 43.8458,
	34.6658 44.0377,
	34.6628 44.0856,
	34.5968 44.4692,
	34.5848 44.661,
	34.5788 44.7569,
	34.5908 45.1406,
	34.5968 45.3324,
	34.5998 45.4283,
	34.5878 45.8119,
	34.5818 46.0037,
	34.5489 46.3873,
	34.5099 46.771,
	34.4979 46.8669,
	34.456 46.9118,
	34.3631 46.8159,
	34.3151 46.768,
	34.2072 46.5762,
	34.1533 46.4802,
	34.1383 46.4563,
	34.1233 46.4083,
	34.0394 46.0247,
	33.9974 45.8329,
	33.9884 45.7849,
	33.9884 45.737,
	33.9884 45.713,
	33.9075 45.5212,
	33.9045 45.4972,
	33.9105 45.4013,
	33.9105 45.3054,
	33.9075 45.2575,
	33.9135 45.1615,
	33.9704 44.7779,
	33.9794 44.682,
	33.9824 44.5861,
	33.9794 44.4902,
	33.9645 44.3943,
	33.9585 44.3703,
	33.9525 44.3583,
	33.9285 44.1665,
	33.8326 44.0706,
	33.7846 44.0227,
	33.6887 43.9657,
	33.6408 43.9358,
	33.6288 43.9268,
	33.5808 43.9238,
	33.5569 43.9238,
	33.5449 43.9238,
	33.449 43.9717,
	33.401 43.9957,
	33.377 44.0077,
	33.2811 44.0916,
	33.2332 44.1366,
	33.2212 44.1455,
	33.2092 44.1485,
	33.1612 44.1366,
	33.1493 44.1336,
	33.1373 44.1246,
	33.1223 44.0766,
	33.1163 44.0526,
	33.1942 43.9567,
	33.2422 43.9178,
	33.3351 43.8518,
	33.3471 43.8399,
	33.3561 43.8339,
	33.395 43.7889,
	33.401 43.7769,
	33.413 43.7649,
	33.434 43.717,
	33.449 43.669,
	33.458 43.5731,
	33.458 43.5252,
	33.437 43.4293,
	33.404 43.3333,
	33.38 43.2854,
	33.365 43.2614,
	33.3261 43.2165,
	33.3231 43.2165,
	33.3141 43.2015,
	33.2901 42.4342,
	33.2811 42.0506,
	33.2781 41.8588,
	33.1972 41.4752,
	33.1553 41.2834,
	33.1283 41.1875,
	33.0144 40.9957,
	32.9574 40.8997,
	32.8615 40.8068,
	32.8406 40.7829,
	32.8316 40.7709,
	32.8196 40.675,
	32.8136 40.627,
	32.8106 40.603,
	32.8855 39.8358,
	32.8915 39.7878,
	32.8765 39.6919,
	32.8705 39.644,
	32.8915 39.5481,
	32.8436 39.1645,
	32.8196 38.9726,
	32.7536 38.589,
	32.7387 38.3972,
	32.7327 38.3013,
	32.7297 38.2534,
	32.6697 37.8697,
	32.6398 37.6779,
	32.6308 37.63,
	32.6158 37.2463,
	32.6098 37.0545,
	32.6068 36.9586,
	32.5858 36.8627,
	32.5738 36.8148,
	32.5678 36.7908,
	32.5678 36.599,
	32.5678 36.5031,
	32.5678 36.4551,
	32.5409 36.2633,
	32.5289 36.1674,
	32.5259 35.9756,
	32.4779 35.7838,
	32.4539 35.6879,
	32.427 35.4961,
	32.406 35.3043,
	32.406 35.2084,
	32.406 35.1604,
	32.379 35.0645,
	32.367 35.0165,
	32.364 35.0046,
	32.388 34.9087,
	32.4 34.8607,
	32.442 34.7648,
	32.4569 34.6689,
	32.4629 34.6209,
	32.4659 34.597,
	32.406 34.2133,
	32.376 34.0215,
	32.367 33.9736,
	32.361 33.9496,
	32.3041 33.8537,
	32.2741 33.8057,
	32.2531 33.7578,
	32.1932 33.566,
	32.1632 33.4701,
	32.1602 33.3742,
	32.1602 33.3622,
	"/>
</Transform>

<Transform dim="0"
 xcoef=" 0 1 0 0 0 0"
 ycoef=" 0 0 1 0 0 0">
<Contour name="TB1_AP67_RSL" hidden="false" closed="true" simplified="true" border="1 0.502 0" fill="1 0.502 0" mode="9"
 points="29.6537 36.9683,
	29.7102 36.9118,
	29.8231 36.8694,
	29.8514 36.8694,
	29.9079 36.9118,
	29.9361 36.94,
	29.9644 36.94,
	30.388 37.2083,
	30.4445 37.2507,
	30.5715 37.4766,
	30.6704 37.7026,
	30.7834 37.7873,
	30.8398 37.8155,
	31.0658 37.8296,
	31.094 37.8438,
	31.207 37.8014,
	31.32 37.7873,
	31.3764 37.7732,
	31.5882 37.5613,
	31.6024 37.3354,
	31.5882 37.1095,
	31.5882 37.053,
	31.5882 37.0248,
	31.6165 36.9965,
	31.673 36.9824,
	31.7859 37.0106,
	31.8424 36.9965,
	31.913 36.9259,
	31.9695 36.7,
	31.9977 36.587,
	32.0542 36.474,
	32.139 36.3611,
	32.2096 36.1351,
	32.2519 36.0222,
	32.2802 35.7962,
	32.266 35.5703,
	32.2378 35.5138,
	32.2378 35.2879,
	32.266 35.1749,
	32.266 35.1184,
	32.2802 35.0902,
	32.3084 35.1043,
	32.379 35.5562,
	32.492 36.0081,
	32.5343 36.234,
	32.5485 36.4599,
	32.5202 36.9118,
	32.492 37.1377,
	32.5061 37.5896,
	32.5343 37.8155,
	32.5908 38.0415,
	32.6191 38.1544,
	32.6191 38.2109,
	32.6473 38.2674,
	32.7885 39.1711,
	32.8591 39.623,
	32.8591 39.8489,
	32.8309 40.0749,
	32.7744 40.3008,
	32.7462 40.5267,
	32.732 40.6397,
	32.732 40.6962,
	32.8026 40.8091,
	33.0003 41.0351,
	33.1274 41.261,
	33.1698 41.374,
	33.2121 41.8258,
	33.2121 42.7296,
	33.2263 42.9555,
	33.2404 43.0685,
	33.3957 43.5203,
	33.4098 43.6333,
	33.3957 43.7463,
	33.3675 43.8027,
	33.311 43.8169,
	33.2686 43.7604,
	33.2404 43.5344,
	33.2404 43.5062,
	33.198 43.478,
	33.1415 43.5062,
	33.0851 43.5062,
	32.9721 43.5768,
	32.8591 43.6757,
	32.7462 43.6615,
	32.6332 43.6192,
	32.5767 43.6192,
	32.3508 43.7463,
	32.3084 43.8027,
	32.2802 43.9157,
	32.2519 43.9722,
	32.2237 44.0004,
	32.1672 44.0004,
	32.1107 43.9722,
	31.9977 43.8592,
	31.9554 43.8027,
	31.8989 43.7745,
	31.673 43.7604,
	31.447 43.7039,
	31.3341 43.6757,
	31.2211 43.6051,
	31.1364 43.5203,
	30.9811 43.0685,
	30.9387 42.9555,
	30.9246 42.899,
	30.9246 42.8708,
	30.9811 42.8425,
	31.094 42.8566,
	31.1505 42.8284,
	31.1929 42.7719,
	31.1929 42.659,
	31.1364 42.546,
	31.0375 42.433,
	30.8681 42.2495,
	30.7834 42.1365,
	30.7269 42.0235,
	30.6845 41.7976,
	30.6139 41.5717,
	30.5715 41.4587,
	30.5574 41.3457,
	30.4727 41.1198,
	30.4727 41.0915,
	30.388 40.9927,
	30.275 40.9221,
	30.2044 40.8091,
	30.1762 40.7526,
	30.1762 40.6962,
	30.1056 40.5832,
	29.9926 40.4844,
	29.9361 40.4279,
	29.9079 40.4279,
	29.8514 40.3714,
	29.7525 40.1455,
	29.7243 40.0325,
	29.7243 39.976,
	29.7949 39.863,
	30.0208 39.7218,
	30.0773 39.6653,
	30.1056 39.5524,
	30.1056 39.4394,
	30.0914 39.3829,
	30.0491 39.3264,
	30.035 39.27,
	29.9079 39.044,
	29.8373 38.8181,
	29.8231 38.5922,
	29.8373 38.3662,
	29.8231 38.1403,
	29.6678 37.2366,
	29.6537 37.0106,
	29.6537 36.9824,
	"/>
</Transform>

<Transform dim="0"
 xcoef=" 0 1 0 0 0 0"
 ycoef=" 0 0 1 0 0 0">
<Contour name="TB1_NF55_RSL" hidden="false" closed="true" simplified="true" border="0.501961 0 0" fill="0.501961 0 0" mode="-9"
 points="38.116 18.2553,
	38.1256 18.2172,
	38.1351 18.1981,
	38.1446 18.1219,
	38.1494 18.0838,
	38.1541 18.0647,
	38.1684 18.0457,
	38.178 18.0457,
	38.1875 18.0362,
	38.2065 18.0362,
	38.2447 18.0219,
	38.2828 18.0171,
	38.3018 18.0219,
	38.3113 18.0314,
	38.3495 18.0457,
	38.3876 18.079,
	38.4066 18.0981,
	38.4447 18.1743,
	38.4686 18.2505,
	38.4924 18.403,
	38.5067 18.4792,
	38.5114 18.5554,
	38.5067 18.6316,
	38.5019 18.6507,
	38.4828 18.6602,
	38.4066 18.6555,
	38.3876 18.6507,
	38.3161 18.5935,
	38.278 18.5697,
	38.2685 18.5602,
	38.2589 18.5602,
	38.2399 18.5459,
	38.2208 18.5411,
	38.1827 18.503,
	38.1637 18.484,
	38.1541 18.4649,
	38.1351 18.4459,
	38.1256 18.4077,
	38.1351 18.3982,
	38.1208 18.322,
	38.116 18.2839,
	38.116 18.2648,
	38.116 18.2601,
	"/>
</Transform>

<Transform dim="0"
 xcoef=" 0 1 0 0 0 0"
 ycoef=" 0 0 1 0 0 0">
<Contour name="TB1_NF55_RSL" hidden="false" closed="true" simplified="true" border="0.502 0 0" fill="0.502 0 0" mode="-9"
 points="38.2532 18.6868,
	38.2773 18.6627,
	38.3737 18.6507,
	38.4701 18.6688,
	38.5122 18.7109,
	38.5544 18.8073,
	38.5604 18.8314,
	38.5665 18.8435,
	38.5484 18.8615,
	38.5243 18.8555,
	38.4821 18.8856,
	38.4339 18.8977,
	38.3857 18.8796,
	38.3375 18.8435,
	38.3255 18.8194,
	38.2833 18.7772,
	38.2653 18.7531,
	38.2532 18.7411,
	38.2532 18.6929,
	"/>
</Transform>

<Transform dim="0"
 xcoef=" 0 1 0 0 0 0"
 ycoef=" 0 0 1 0 0 0">
<Contour name="TB1_NF55_RSL" hidden="false" closed="true" simplified="true" border="0.502 0 0" fill="0.502 0 0" mode="-9"
 points="43.0906 18.9338,
	43.1026 18.9097,
	43.1508 18.8676,
	43.2472 18.8495,
	43.2713 18.8435,
	43.3255 18.9338,
	43.3315 18.9579,
	43.2653 19.0483,
	43.2171 19.0664,
	43.1689 19.0664,
	43.1448 19.0543,
	43.1026 19.0061,
	43.0906 18.982,
	43.0906 18.9399,
	"/>
</Transform>

<Transform dim="0"
 xcoef=" 0 1 0 0 0 0"
 ycoef=" 0 0 1 0 0 0">
<Contour name="TB1_NF22_RSL" hidden="false" closed="true" simplified="true" border="0.502 0.502 0" fill="0.502 0.502 0" mode="-9"
 points="44.4639 44.2545,
	44.4882 44.2059,
	44.5337 44.1664,
	44.558 44.1452,
	44.5702 44.133,
	44.5732 44.13,
	44.6218 44.1664,
	44.6491 44.212,
	44.7311 44.4062,
	44.7887 44.6005,
	44.8252 44.6977,
	44.8464 44.7462,
	44.8586 44.7705,
	44.8646 44.7827,
	44.8646 44.807,
	44.8859 44.8221,
	44.892 44.8252,
	44.8798 44.8737,
	44.8707 44.898,
	44.8616 44.9102,
	44.8525 44.9345,
	44.8373 44.9557,
	44.8252 44.9587,
	44.813 44.9527,
	44.7189 44.8646,
	44.6977 44.8404,
	44.6855 44.8282,
	44.6582 44.7796,
	44.6461 44.7554,
	44.643 44.7311,
	44.6066 44.6825,
	44.5884 44.6582,
	44.5034 44.4639,
	44.4912 44.4396,
	44.467 44.3425,
	44.4639 44.2939,
	44.4639 44.2696,
	44.4639 44.2575,
	"/>
</Transform>

<Transform dim="0"
 xcoef=" 0 1 0 0 0 0"
 ycoef=" 0 0 1 0 0 0">
<Contour name="TB1_AP13_RSL_LYS" hidden="false" closed="true" simplified="true" border="0 0 0" fill="1 1 0" mode="-9"
 points="43.1675 57.7605,
	43.2374 57.7081,
	43.3073 57.6906,
	43.3422 57.6906,
	43.4121 57.743,
	43.4471 57.7605,
	43.3947 57.9003,
	43.3597 57.9702,
	43.2199 57.9877,
	43.1849 57.9528,
	43.1675 57.813,
	43.1675 57.778,
	"/>
<Contour name="TB1_AP13_RSL_LYS" hidden="false" closed="true" simplified="true" border="0 0 0" fill="1 1 0" mode="-9"
 points="45.1423 56.7294,
	45.2647 56.6245,
	45.4045 56.5721,
	45.5268 56.6944,
	45.5793 56.7644,
	45.4569 57.044,
	45.3171 57.0615,
	45.2472 57.0615,
	45.1773 57.009,
	45.1423 56.7469,
	"/>
<Contour name="TB1_AP13_RSL_LYS" hidden="false" closed="true" simplified="true" border="0 0 0" fill="1 1 0" mode="-9"
 points="37.4526 60.6966,
	37.54 60.5568,
	37.5924 60.5218,
	37.6448 60.4519,
	37.7846 60.382,
	37.8546 60.3296,
	37.9245 60.3121,
	37.9944 60.3296,
	38.0293 60.3646,
	38.1691 60.3995,
	38.239 60.6791,
	38.239 60.8189,
	38.2565 60.8889,
	38.2041 61.0287,
	38.1342 61.0811,
	38.0643 61.0461,
	37.9245 61.0986,
	37.8546 61.1161,
	37.7147 61.0811,
	37.4875 60.8189,
	37.4526 60.749,
	37.4526 60.7141,
	"/>
</Transform>

</Section>