<?xml version="1.0"?>
<!DOCTYPE Section SYSTEM "section.dtd">

<Section index="561" thickness="0.085" alignLocked="true">
<Transform dim="0"
 xcoef=" 0 1 0 0 0 0"
 ycoef=" 0 0 1 0 0 0">
<Image mag="0.0079" contrast="1" brightness="0" red="true" green="true" blue="true"
 src="Aligned TF21561.tif" />
<Contour name="domain1" hidden="false" closed="true" simplified="false" border="1 0 1" fill="1 0 1" mode="11"
 points="0 0,
	15991 0,
	15991 12171,
	0 12171,
	"/>
</Transform>

<Transform dim="0"
 xcoef=" 0 1 0 0 0 0"
 ycoef=" 0 0 1 0 0 0">
<Contour name="TB2_Shell_EM" hidden="false" closed="true" simplified="true" border="0.733333 1 1" fill="0 1 1" mode="9"
 points="54.7905 44.4392,
	55.0583 41.5837,
	55.8614 38.7282,
	58.0923 33.0171,
	59.1631 30.1616,
	59.9662 28.7338,
	61.1263 27.306,
	61.7509 26.5922,
	62.1971 25.8783,
	64.6957 23.112,
	65.4096 22.4873,
	66.8373 21.595,
	67.1943 21.5057,
	67.5512 21.238,
	68.979 20.6134,
	70.4067 20.1672,
	71.8345 19.8995,
	73.2623 19.8995,
	74.69 20.078,
	76.1178 20.6134,
	77.5456 21.5057,
	78.1702 22.2196,
	78.3487 22.3981,
	78.6164 23.112,
	78.7056 24.5397,
	78.3487 25.9675,
	78.081 26.6814,
	78.081 27.0383,
	77.6348 28.4661,
	77.4563 29.8939,
	77.5456 31.3216,
	77.8133 32.7494,
	77.9025 33.4633,
	78.081 33.8202,
	78.081 34.1772,
	78.2595 34.5341,
	79.1518 40.2452,
	79.4195 43.1007,
	79.3303 45.9562,
	78.9733 48.8118,
	78.3487 51.6673,
	77.0994 54.5228,
	76.2963 55.9506,
	75.7609 56.6645,
	75.5824 57.0214,
	75.2255 57.3784,
	74.7793 58.0923,
	73.53 59.52,
	72.8161 60.2339,
	72.4592 60.5909,
	72.1022 60.7693,
	71.7453 61.1263,
	71.0314 61.5724,
	69.6036 61.9294,
	69.2467 61.9294,
	68.8897 62.1079,
	66.0342 61.9294,
	65.3203 61.8401,
	63.8926 61.9294,
	62.4648 61.6617,
	61.7509 61.394,
	60.3231 60.5016,
	58.8954 59.1631,
	58.5384 58.8061,
	57.6461 57.3784,
	57.1107 55.9506,
	56.486 53.0951,
	56.3076 52.7381,
	56.2183 52.0243,
	55.2367 49.1687,
	54.969 47.741,
	54.7905 44.8854,
	54.7905 44.5285,
	"/>
</Transform>

<Transform dim="0"
 xcoef=" 0 1 0 0 0 0"
 ycoef=" 0 0 1 0 0 0">
<Contour name="TB2_AP19_EM" hidden="false" closed="true" simplified="true" border="1 0 1" fill="1 0 1" mode="9"
 points="73.0129 52.2635,
	73.0315 51.9665,
	73.0686 51.818,
	73.18 51.6696,
	73.4584 51.4654,
	73.4955 51.4654,
	73.5697 51.4097,
	73.644 51.4097,
	73.7368 51.5396,
	73.7182 51.8366,
	73.6996 51.9851,
	73.7182 52.1335,
	73.811 52.282,
	73.9595 52.3563,
	74.0152 52.4119,
	74.0337 52.4862,
	73.9409 52.6347,
	73.811 52.7831,
	73.5326 53.0244,
	73.5141 53.0615,
	73.3841 52.9316,
	73.347 52.8945,
	73.2913 52.746,
	73.2542 52.6718,
	73.1057 52.5604,
	73.0315 52.5047,
	73.0129 52.3563,
	73.0129 52.282,
	"/>
</Transform>

<Transform dim="0"
 xcoef=" 0 1 0 0 0 0"
 ycoef=" 0 0 1 0 0 0">
<Contour name="TB3_Nuc19_EM" hidden="false" closed="true" simplified="true" border="0 1 1" fill="0 1 1" mode="9"
 points="114.285 48.2924,
	114.472 47.7929,
	114.597 46.794,
	114.784 46.2945,
	114.94 46.0448,
	115.034 45.7951,
	115.065 45.6702,
	115.159 45.5453,
	115.315 45.0458,
	115.315 44.921,
	115.44 44.6712,
	115.533 44.5776,
	115.783 44.4839,
	115.814 43.9845,
	115.783 43.7347,
	115.846 43.485,
	115.97 43.3914,
	116.095 43.3601,
	116.158 43.3289,
	116.407 43.485,
	116.844 43.9533,
	117.001 44.203,
	117.094 44.2966,
	117.125 44.3279,
	117.219 44.0781,
	117.188 43.5787,
	117.157 43.3289,
	117.188 43.0792,
	117.25 42.9543,
	117.313 42.8919,
	117.562 42.8919,
	117.812 42.9543,
	117.937 42.9855,
	118.062 43.0792,
	118.156 43.3289,
	118.249 44.3279,
	118.468 44.8273,
	118.499 45.0771,
	118.468 45.2019,
	118.28 45.4517,
	117.812 45.7638,
	117.656 46.0136,
	117.562 46.1384,
	117.531 46.3882,
	117.594 46.8876,
	117.438 47.1374,
	117.188 47.1998,
	117.063 47.2935,
	117.063 47.5432,
	117.188 47.7929,
	117.188 48.0427,
	117.157 48.1675,
	116.938 48.4173,
	116.688 48.5733,
	116.47 48.8231,
	116.345 49.3226,
	116.283 49.385,
	115.783 49.3538,
	115.533 49.3226,
	115.409 49.3538,
	115.377 49.4162,
	115.409 49.5411,
	115.596 49.7596,
	115.846 49.822,
	116.095 49.9781,
	116.127 50.103,
	115.97 50.3527,
	115.721 50.54,
	115.596 50.5712,
	115.533 50.5712,
	115.471 50.821,
	115.471 50.8834,
	115.346 50.9146,
	115.221 50.8834,
	114.971 50.7273,
	114.878 50.6024,
	114.909 50.4776,
	115.128 50.2903,
	115.128 50.2278,
	114.909 49.9781,
	114.815 49.8532,
	114.815 49.6035,
	114.878 49.3538,
	115.003 49.2289,
	114.971 49.104,
	114.753 48.8543,
	114.316 48.4485,
	114.285 48.3236,
	"/>
</Transform>

<Transform dim="0"
 xcoef=" 0 1 0 0 0 0"
 ycoef=" 0 0 1 0 0 0">
<Contour name="TB3_Nuc48_EM" hidden="false" closed="true" simplified="true" border="1 0 0" fill="1 0 0" mode="9"
 points="101.474 67.4156,
	101.505 67.1663,
	101.692 66.9481,
	102.144 66.5431,
	102.378 66.2938,
	102.487 66.1691,
	102.518 66.138,
	102.518 66.1068,
	102.565 66.0445,
	102.658 65.7952,
	102.798 65.5459,
	102.829 65.5148,
	102.829 65.4836,
	102.861 65.4524,
	102.861 65.4213,
	102.892 65.3901,
	102.892 65.359,
	103.047 65.1097,
	103.047 65.0785,
	103.188 64.8292,
	103.281 64.58,
	103.344 64.4553,
	103.359 64.393,
	103.39 64.3618,
	103.39 64.3307,
	103.421 64.2995,
	103.515 64.0502,
	103.577 63.9256,
	103.577 63.8944,
	103.749 63.6451,
	104.2 63.1466,
	104.434 62.9129,
	104.543 62.8038,
	104.902 62.3208,
	105.073 62.0715,
	105.182 61.9469,
	105.244 61.8846,
	105.322 61.7755,
	105.571 61.5574,
	105.634 61.5262,
	105.758 61.5262,
	105.821 61.573,
	105.868 61.4483,
	105.914 61.1991,
	105.992 61.0744,
	106.023 61.0121,
	106.273 60.7784,
	106.397 60.7316,
	106.46 60.7316,
	106.475 60.7161,
	106.537 60.7316,
	106.662 60.8407,
	106.833 61.09,
	106.865 61.1212,
	107.114 61.1679,
	107.239 61.277,
	107.426 61.5107,
	107.441 61.573,
	107.472 61.6041,
	107.519 61.7288,
	107.55 61.9781,
	107.566 62.1027,
	107.535 62.352,
	107.472 62.6013,
	107.457 62.6636,
	107.41 62.7259,
	107.363 62.8506,
	107.363 62.8817,
	107.332 62.9129,
	107.254 63.1622,
	107.176 63.6607,
	107.13 63.91,
	107.052 64.1593,
	107.02 64.2216,
	107.02 64.2528,
	106.989 64.2839,
	106.989 64.3151,
	106.958 64.3463,
	106.943 64.4086,
	106.911 64.4397,
	106.911 64.4709,
	106.74 64.7202,
	106.647 64.8448,
	106.647 64.876,
	106.569 65.0006,
	106.537 65.0629,
	106.506 65.0941,
	106.506 65.1253,
	106.054 65.6238,
	105.852 65.8264,
	105.4 66.3094,
	105.011 66.8079,
	104.839 67.0572,
	104.808 67.0884,
	104.808 67.1195,
	104.668 67.3688,
	104.606 67.4935,
	104.403 67.7272,
	103.92 68.0855,
	103.671 68.1946,
	103.546 68.2569,
	103.047 68.3971,
	102.798 68.3971,
	102.549 68.3659,
	102.3 68.3659,
	102.05 68.288,
	101.926 68.2101,
	101.832 68.1167,
	101.77 68.0699,
	101.614 67.8362,
	101.583 67.7739,
	101.552 67.7427,
	101.552 67.7116,
	101.521 67.6804,
	101.474 67.4311,
	"/>
</Transform>

<Transform dim="0"
 xcoef=" 0 1 0 0 0 0"
 ycoef=" 0 0 1 0 0 0">
<Contour name="TB3_Nuc50_EM" hidden="false" closed="true" simplified="true" border="0 1 1" fill="0 1 1" mode="9"
 points="86.0123 64.0325,
	86.2435 63.416,
	86.3013 63.2619,
	86.5132 62.9537,
	86.5709 62.7996,
	86.7058 62.6455,
	86.9947 62.4528,
	87.0718 62.4143,
	87.38 62.4336,
	87.6882 62.4914,
	87.9772 62.7418,
	88.112 62.8959,
	88.2662 63.0115,
	88.767 63.5316,
	88.9404 63.8398,
	89.056 64.148,
	89.1138 64.4563,
	89.133 64.7645,
	89.1138 65.3809,
	89.0945 65.6891,
	88.9211 66.3056,
	88.8441 66.4597,
	88.7092 66.6138,
	88.401 66.6908,
	88.2469 66.7872,
	87.9387 66.9027,
	87.8616 66.9413,
	87.5534 66.9413,
	87.2452 66.8642,
	87.1681 66.8642,
	87.014 66.7872,
	86.937 66.7679,
	86.8021 66.633,
	86.5902 66.0166,
	86.5709 65.9396,
	86.4554 65.7854,
	86.359 65.4772,
	86.2049 65.169,
	86.1279 64.8608,
	86.0316 64.2444,
	86.0123 64.0902,
	86.0123 64.0517,
	"/>
</Transform>

<Transform dim="0"
 xcoef=" 0 1 0 0 0 0"
 ycoef=" 0 0 1 0 0 0">
<Contour name="TB3_Nuc52_EM" hidden="false" closed="true" simplified="true" border="0 1 0" fill="0 1 0" mode="9"
 points="89.5654 58.5327,
	89.6263 57.5582,
	89.7481 57.0709,
	89.9004 56.8273,
	90.0222 56.7054,
	90.1744 56.4618,
	90.2049 56.34,
	90.3572 56.0964,
	90.479 56.005,
	90.7226 55.9745,
	90.8444 56.005,
	91.0881 56.1877,
	91.1794 56.2791,
	91.3012 56.7664,
	91.2403 57.2536,
	91.0881 57.7409,
	90.9663 57.9845,
	90.9053 58.0759,
	90.6922 58.3195,
	90.5703 58.3804,
	90.0831 58.7763,
	90.0222 58.8372,
	89.7785 58.8677,
	89.6567 58.8068,
	89.5958 58.7459,
	89.5654 58.624,
	89.5654 58.5631,
	"/>
</Transform>

<Transform dim="0"
 xcoef=" 0 1 0 0 0 0"
 ycoef=" 0 0 1 0 0 0">
<Contour name="TB3_Nuc54_EM" hidden="false" closed="true" simplified="true" border="0 1 0" fill="0 1 0" mode="9"
 points="102.949 33.2022,
	103.073 32.806,
	103.246 32.4099,
	103.246 32.2118,
	103.147 32.0137,
	103.098 31.8156,
	103.147 31.4195,
	103.246 31.3205,
	103.296 31.2709,
	103.345 31.2709,
	103.543 31.1471,
	103.617 31.0481,
	103.543 30.85,
	103.37 30.7015,
	103.296 30.6024,
	103.246 30.2063,
	103.271 29.8101,
	103.32 29.7111,
	103.419 29.6121,
	103.617 29.5378,
	103.692 29.4388,
	103.717 29.3397,
	103.642 28.5474,
	103.667 28.3493,
	103.989 27.557,
	104.063 27.458,
	104.063 27.4085,
	104.212 27.2104,
	104.41 27.1361,
	104.459 27.1114,
	104.855 27.2104,
	105.054 27.2352,
	105.153 27.2352,
	105.202 27.2352,
	105.598 27.0123,
	105.796 26.9876,
	105.895 26.9876,
	106.093 27.1609,
	106.192 27.1857,
	106.291 27.2599,
	106.391 27.458,
	106.465 27.8542,
	106.465 27.9037,
	106.539 28.0027,
	106.638 28.0275,
	106.737 28.1018,
	106.811 28.4979,
	106.811 28.696,
	106.935 29.0921,
	107.034 29.1169,
	107.208 29.2902,
	107.282 29.4883,
	107.282 29.6863,
	107.158 30.0825,
	107.158 30.2806,
	107.158 30.3301,
	107.257 30.4044,
	107.356 30.6024,
	107.43 30.9986,
	107.356 31.1967,
	107.232 31.3947,
	107.158 31.4938,
	107.183 31.8899,
	107.158 32.088,
	107.059 32.2861,
	107.034 32.4841,
	107.109 32.8803,
	107.158 33.0784,
	107.158 33.2764,
	107.059 33.6726,
	106.737 34.4649,
	106.663 34.5639,
	106.514 34.9601,
	106.44 35.1581,
	106.366 35.5543,
	106.217 35.9504,
	106.143 36.1485,
	106.019 36.3466,
	105.821 36.4209,
	105.722 36.3961,
	105.524 36.2723,
	105.326 36.099,
	105.227 36,
	105.177 35.9504,
	104.979 35.9504,
	104.583 35.8266,
	104.385 35.8266,
	104.286 35.8019,
	104.088 35.8514,
	103.89 35.8266,
	103.692 35.7028,
	103.568 35.5048,
	103.221 34.7125,
	103.048 33.9202,
	102.974 33.524,
	102.949 33.326,
	102.949 33.2269,
	"/>
</Transform>

<Transform dim="0"
 xcoef=" 0 1 0 0 0 0"
 ycoef=" 0 0 1 0 0 0">
<Contour name="TB1_NF22_RSL" hidden="false" closed="true" simplified="true" border="0.502 0.502 0" fill="0.502 0.502 0" mode="-9"
 points="32.3572 49.8039,
	32.3852 49.7293,
	32.4691 49.5895,
	32.5343 49.5149,
	32.6089 49.5055,
	32.6835 49.5335,
	32.8048 49.6827,
	32.8327 49.72,
	32.8514 49.6454,
	32.87 49.6081,
	32.8887 49.5895,
	32.9633 49.6174,
	32.9819 49.6361,
	33.0006 49.6361,
	33.0659 49.7107,
	33.243 50.0091,
	33.3083 50.3075,
	33.3363 50.4567,
	33.4389 50.7551,
	33.4855 50.9043,
	33.5508 51.0535,
	33.5881 51.2027,
	33.5881 51.3519,
	33.5787 51.4265,
	33.5787 51.4638,
	33.5414 51.529,
	33.3922 51.3892,
	33.271 51.2493,
	33.2244 51.1747,
	33.1684 51.0255,
	33.1498 50.9509,
	33.1405 50.9136,
	32.9913 50.8856,
	32.9167 50.8763,
	32.7675 50.811,
	32.6929 50.7551,
	32.6276 50.6805,
	32.581 50.6059,
	32.3852 50.0091,
	32.3572 49.8599,
	32.3572 49.8226,
	32.3572 49.8133,
	"/>
</Transform>

<Transform dim="0"
 xcoef=" 0 1 0 0 0 0"
 ycoef=" 0 0 1 0 0 0">
<Contour name="TB0_Shell_EM" hidden="false" closed="true" simplified="true" border="0 1 0" fill="0 1 0" mode="9"
 points="12.6456 48.6107,
	13.9741 43.6096,
	14.2085 42.9844,
	14.2866 42.3593,
	14.6773 41.109,
	14.8336 40.4838,
	15.6932 39.2336,
	16.0839 38.6084,
	16.0839 37.9833,
	16.3965 37.3581,
	18.897 35.092,
	19.2096 34.7794,
	19.444 34.7013,
	20.6162 35.8734,
	22.1009 38.2177,
	23.0386 40.7183,
	23.273 41.9686,
	23.5075 44.4691,
	23.7419 45.7194,
	23.82 46.9697,
	23.7419 47.5948,
	23.3512 48.8451,
	23.3512 49.1577,
	23.3512 49.2358,
	23.1949 49.4703,
	23.1949 49.7828,
	22.8823 50.408,
	22.4135 51.0331,
	22.3353 51.3457,
	21.5539 52.596,
	20.6162 53.8462,
	20.3036 54.1588,
	19.5222 55.4091,
	19.3659 55.7217,
	18.1156 56.8938,
	17.4905 57.2064,
	16.8653 57.2845,
	16.2402 57.2064,
	16.0839 57.2064,
	14.8336 56.0342,
	13.4271 53.5337,
	13.0363 52.2834,
	12.8801 51.9708,
	12.6456 49.4703,
	12.6456 48.8451,
	12.6456 48.6888,
	"/>
</Transform>

<Transform dim="0"
 xcoef=" 0 1 0 0 0 0"
 ycoef=" 0 0 1 0 0 0">
<Contour name="TB1_Shell_EM" hidden="false" closed="true" simplified="true" border="0 1 1" fill="0 1 1" mode="9"
 points="21.5674 35.0861,
	22.1144 33.8358,
	22.8177 32.5855,
	23.4428 32.0385,
	23.7554 31.7259,
	24.068 31.6478,
	24.6931 31.1789,
	25.9434 30.6319,
	28.4439 29.9287,
	29.6942 29.7724,
	30.9445 30.0068,
	31.5697 30.1631,
	31.8822 30.2412,
	32.5074 30.6319,
	33.1325 30.8664,
	33.4451 31.0227,
	33.6014 31.1789,
	33.9139 31.2571,
	35.0861 32.2729,
	35.6331 33.5232,
	35.7112 33.8358,
	35.9456 34.1484,
	35.9456 34.3046,
	37.1178 35.5549,
	37.5866 36.1801,
	38.8369 37.1959,
	40.0872 38.0555,
	40.7123 38.1336,
	41.0249 38.1336,
	41.1812 37.9774,
	41.2593 37.3522,
	41.5719 36.7271,
	42.1971 36.4145,
	43.4473 36.6489,
	45.9479 37.6648,
	46.2605 37.8211,
	46.6512 38.4462,
	46.8856 38.7588,
	47.2763 40.0091,
	47.4326 40.3216,
	47.4326 40.4779,
	47.667 40.7905,
	48.4485 43.2911,
	48.9173 44.5413,
	49.1518 45.1665,
	49.308 46.4168,
	49.2299 48.9173,
	48.5266 51.4179,
	48.1359 52.6682,
	47.12 55.1687,
	46.4949 57.6693,
	46.1042 58.9196,
	45.7916 59.5447,
	44.6195 60.7169,
	42.1189 62.7486,
	40.8686 63.2956,
	39.6183 63.4519,
	38.9932 63.4519,
	38.6806 63.3737,
	37.4304 63.53,
	34.9298 63.2174,
	33.6795 62.8267,
	33.0544 62.436,
	32.7418 62.2797,
	31.5697 61.0294,
	29.0691 58.9196,
	27.8188 58.2163,
	26.5685 57.2786,
	24.615 54.8562,
	24.2242 54.231,
	23.6772 51.7305,
	23.8335 49.2299,
	24.1461 47.9796,
	24.3024 47.3545,
	23.5991 44.8539,
	23.2084 43.6036,
	22.8177 41.1031,
	22.2707 38.6025,
	21.5674 36.1019,
	21.5674 35.4768,
	21.5674 35.1642,
	"/>
</Transform>

<Transform dim="0"
 xcoef=" 0 1 0 0 0 0"
 ycoef=" 0 0 1 0 0 0">
<Contour name="TB1_NF55_RSL" hidden="false" closed="true" simplified="true" border="0.502 0 0" fill="0.502 0 0" mode="-9"
 points="29.9923 38.5376,
	30.0863 38.3705,
	30.1281 38.2869,
	30.1908 38.2034,
	30.2744 38.1302,
	30.3579 38.1198,
	30.5251 38.2138,
	30.6086 38.2765,
	30.64 38.3078,
	30.6922 38.2242,
	30.7236 38.1407,
	30.7758 38.0571,
	30.8594 38.0258,
	30.9429 38.0153,
	31.0265 38.0258,
	31.0996 38.078,
	31.1623 38.1511,
	31.2354 38.3183,
	31.2668 38.4854,
	31.2877 38.569,
	31.3504 38.6526,
	31.3817 38.6943,
	31.413 38.7779,
	31.4235 38.8615,
	31.413 38.9451,
	31.3712 39.0286,
	31.3504 39.0704,
	31.2041 39.2271,
	31.1414 39.2898,
	31.0579 39.3316,
	31.0161 39.342,
	30.9638 39.4152,
	30.9743 39.5823,
	30.9638 39.7495,
	30.9325 39.9166,
	30.8698 40.0837,
	30.8385 40.1255,
	30.7967 40.1464,
	30.7445 40.0629,
	30.7131 39.9793,
	30.7027 39.8121,
	30.7027 39.7703,
	30.7549 39.6032,
	30.7758 39.5196,
	30.7653 39.4361,
	30.6504 39.2689,
	30.6295 39.2271,
	30.6295 39.2062,
	30.4624 39.1749,
	30.3788 39.1435,
	30.337 39.1331,
	30.1803 38.9868,
	30.1072 38.9242,
	30.0654 38.8406,
	30.0445 38.8197,
	29.9923 38.6526,
	29.9923 38.569,
	29.9923 38.5481,
	"/>
</Transform>

<Transform dim="0"
 xcoef=" 0 1 0 0 0 0"
 ycoef=" 0 0 1 0 0 0">
<Contour name="TB1_NF55_RSL" hidden="false" closed="true" simplified="true" border="0.502 0 0" fill="0.502 0 0" mode="-9"
 points="41.9034 38.973,
	41.9443 38.9424,
	42.1076 38.9322,
	42.1893 38.9016,
	42.2199 38.8607,
	42.2097 38.6974,
	42.2506 38.6565,
	42.2914 38.6361,
	42.3118 38.6157,
	42.4752 38.5646,
	42.6386 38.5748,
	42.6794 38.585,
	42.7611 38.6463,
	42.8938 38.7893,
	42.9551 38.8709,
	42.9857 38.9118,
	43.0164 38.9935,
	43.0164 39.0751,
	43.0164 39.116,
	42.9959 39.1568,
	42.9143 39.2079,
	42.7509 39.1977,
	42.71 39.1977,
	42.6284 39.167,
	42.5671 39.0854,
	42.5467 39.0547,
	42.5875 39.0445,
	42.6079 39.0445,
	42.5773 39.0241,
	42.5365 39.0241,
	42.516 39.0037,
	42.4956 39.0037,
	42.516 39.0343,
	42.4344 39.0547,
	42.3527 39.0547,
	42.1893 39.1262,
	42.1485 39.1466,
	42.0872 39.2283,
	42.0668 39.2385,
	41.9953 39.167,
	41.9647 39.1262,
	41.9443 39.0445,
	41.9034 39.0037,
	41.9034 38.9833,
	"/>
<Contour name="TB1_NF55_RSL" hidden="false" closed="true" simplified="true" border="0.502 0 0" fill="0.502 0 0" mode="-9"
 points="42.8326 39.4427,
	42.8938 39.361,
	42.9347 39.3406,
	43.098 39.3406,
	43.1797 39.3508,
	43.2206 39.361,
	43.2614 39.3917,
	43.2818 39.4325,
	43.292 39.5142,
	43.292 39.555,
	43.292 39.5755,
	43.2512 39.6061,
	42.9245 39.5755,
	42.8428 39.5448,
	42.8326 39.4631,
	42.8326 39.4529,
	"/>
<Contour name="TB1_NF55_RSL" hidden="false" closed="true" simplified="true" border="0.502 0 0" fill="0.502 0 0" mode="-9"
 points="39.4325 41.1172,
	39.4836 41.0355,
	39.5652 40.9947,
	39.6061 40.9947,
	39.6265 40.9845,
	39.6673 41.0151,
	39.6776 41.0355,
	39.7184 41.0355,
	39.7388 41.0355,
	39.749 41.1172,
	39.7388 41.1989,
	39.7388 41.2397,
	39.6878 41.3214,
	39.6061 41.3316,
	39.5857 41.3316,
	39.4325 41.1887,
	39.4325 41.1479,
	39.4325 41.1274,
	"/>
</Transform>

<Transform dim="0"
 xcoef=" 0 1 0 0 0 0"
 ycoef=" 0 0 1 0 0 0">
<Contour name="TB1_NF55_RSL" hidden="false" closed="true" simplified="true" border="0.502 0 0" fill="0.502 0 0" mode="-9"
 points="37.7886 40.2187,
	37.8091 40.137,
	37.8601 40.0553,
	37.9316 40.0043,
	38.0133 40.0145,
	38.1766 40.0962,
	38.2583 40.1472,
	38.3808 40.3106,
	38.4829 40.4638,
	38.5646 40.6271,
	38.5953 40.7905,
	38.5953 40.8313,
	38.5748 40.8722,
	38.4217 40.9947,
	38.3808 41.0253,
	38.2175 41.0355,
	38.1766 41.0151,
	38.0235 40.862,
	37.9826 40.8313,
	37.9316 40.7599,
	37.901 40.719,
	37.8805 40.6986,
	37.8295 40.5352,
	37.7988 40.3719,
	37.7988 40.2902,
	37.7886 40.2493,
	37.7886 40.2289,
	"/>
</Transform>

</Section>