<?xml version="1.0"?>
<!DOCTYPE Section SYSTEM "section.dtd">

<Section index="553" thickness="0.085" alignLocked="true">
<Transform dim="0"
 xcoef=" 0 1 0 0 0 0"
 ycoef=" 0 0 1 0 0 0">
<Image mag="0.0079" contrast="1" brightness="0" red="true" green="true" blue="true"
 src="Aligned TF21553.tif" />
<Contour name="domain1" hidden="false" closed="true" simplified="false" border="1 0 1" fill="1 0 1" mode="11"
 points="0 0,
	15991 0,
	15991 12171,
	0 12171,
	"/>
</Transform>

<Transform dim="0"
 xcoef=" 0 1 0 0 0 0"
 ycoef=" 0 0 1 0 0 0">
<Contour name="TB1_AP13_EM" hidden="false" closed="true" simplified="true" border="0 0.501961 0" fill="0 0.501961 0" mode="9"
 points="40.0504 51.6841,
	40.1177 51.5046,
	40.2187 51.3251,
	40.2523 51.2802,
	40.2972 51.269,
	40.387 51.2129,
	40.4767 51.1793,
	40.5216 51.1456,
	40.544 51.1456,
	40.6338 51.0895,
	40.7235 51.1007,
	40.8133 51.168,
	40.9815 51.3475,
	41.0264 51.4373,
	41.0376 51.6168,
	41.0152 51.7065,
	40.9928 51.7514,
	40.9703 51.7738,
	40.9367 51.8636,
	40.8694 51.9533,
	40.8357 51.9982,
	40.8133 51.9758,
	40.7572 52.0655,
	40.6674 52.1216,
	40.6226 52.1441,
	40.5328 52.1553,
	40.4431 52.1441,
	40.2636 52.0319,
	40.1177 51.8748,
	40.0616 51.7851,
	40.0504 51.6953,
	"/>
</Transform>

<Transform dim="0"
 xcoef=" 0 1 0 0 0 0"
 ycoef=" 0 0 1 0 0 0">
<Contour name="TB1_AP13_EM" hidden="false" closed="true" simplified="true" border="0 0.501961 0" fill="0 0.501961 0" mode="9"
 points="40.6226 50.0798,
	40.6674 49.9901,
	40.7572 49.9564,
	40.802 49.9452,
	40.8918 49.9676,
	40.9367 49.9564,
	40.9815 49.9228,
	41.0152 49.7433,
	41.0152 49.6984,
	41.0601 49.6086,
	41.1498 49.5638,
	41.2396 49.5413,
	41.2844 49.5526,
	41.4639 49.7096,
	41.5088 49.7994,
	41.5537 49.9789,
	41.5649 50.0686,
	41.6547 50.2481,
	41.6883 50.3379,
	41.8005 50.5174,
	41.8117 50.5622,
	41.8454 50.5959,
	41.9351 50.5622,
	42.1146 50.5734,
	42.1483 50.6183,
	42.1595 50.6632,
	42.1595 50.6856,
	42.2268 50.7754,
	42.2492 50.8203,
	42.2492 50.91,
	42.2492 50.9324,
	42.1707 51.0222,
	42.1371 51.2017,
	42.1483 51.2466,
	42.238 51.3363,
	42.2717 51.37,
	42.3053 51.3363,
	42.3614 51.1568,
	42.4175 51.0783,
	42.44 51.1568,
	42.3839 51.3363,
	42.3502 51.4261,
	42.3278 51.4709,
	42.2492 51.5607,
	42.1595 51.6168,
	42.1146 51.6056,
	41.7668 51.269,
	41.7332 51.2241,
	41.6883 51.2241,
	41.6547 51.1793,
	41.621 51.0895,
	41.5986 51.0446,
	41.5537 51.0222,
	41.4639 51.0783,
	41.4191 51.1119,
	41.3742 51.1232,
	41.3293 51.1119,
	41.2508 51.0222,
	41.2059 50.9885,
	41.1723 50.8988,
	41.1498 50.8539,
	41.0601 50.7754,
	40.9703 50.7193,
	40.903 50.6295,
	40.8806 50.6071,
	40.8357 50.6408,
	40.7908 50.652,
	40.7347 50.5622,
	40.7011 50.4725,
	40.6786 50.293,
	40.6226 50.1135,
	40.6226 50.091,
	"/>
</Transform>

<Transform dim="0"
 xcoef=" 0 1 0 0 0 0"
 ycoef=" 0 0 1 0 0 0">
<Contour name="TB0_Shell_EM" hidden="false" closed="true" simplified="true" border="0 1 0" fill="0 1 0" mode="9"
 points="12.072 39.5545,
	"/>
</Transform>

<Transform dim="0"
 xcoef=" 0 1 0 0 0 0"
 ycoef=" 0 0 1 0 0 0">
<Contour name="TB2_Shell_EM" hidden="false" closed="true" simplified="true" border="0.733333 1 1" fill="0 1 1" mode="9"
 points="55.2367 42.6545,
	55.5044 39.799,
	55.6829 38.3712,
	55.6829 38.0143,
	55.8614 37.6573,
	56.3076 34.8018,
	56.486 34.4449,
	56.5753 33.731,
	57.1107 32.3032,
	57.2891 31.9463,
	57.4676 31.7678,
	58.0923 30.34,
	60.1447 27.4845,
	61.394 26.0567,
	61.5724 25.6998,
	62.911 24.272,
	63.5356 23.5582,
	64.8742 22.4873,
	65.588 21.9519,
	68.4436 20.6134,
	69.1575 20.3457,
	69.3359 20.3457,
	69.5144 20.1672,
	72.3699 19.3641,
	73.0838 19.1856,
	74.5116 19.2749,
	75.9393 19.5426,
	77.3671 20.3457,
	78.7949 21.3273,
	79.5088 21.8627,
	79.7765 22.2196,
	79.9549 22.3981,
	79.9549 22.5766,
	80.2226 22.9335,
	80.6688 25.789,
	80.5796 27.2168,
	80.4904 27.9307,
	80.0442 29.3585,
	79.7765 30.0723,
	79.5088 31.5001,
	79.598 34.3556,
	79.9549 37.2112,
	80.0442 42.9222,
	79.7765 45.7778,
	79.598 47.2055,
	79.4195 47.5625,
	79.3303 48.2764,
	79.3303 48.6333,
	79.1518 48.9902,
	78.8841 50.418,
	77.9918 53.2735,
	77.4563 54.7013,
	77.1886 55.4152,
	76.7425 56.1291,
	76.6532 56.486,
	75.7609 57.9138,
	74.6008 59.3416,
	73.173 60.5909,
	71.7453 61.5724,
	70.3175 62.1971,
	68.8897 62.6433,
	68.1759 62.6433,
	65.3203 63.0894,
	64.6064 63.0894,
	63.1787 62.7325,
	62.4648 62.554,
	61.7509 62.1971,
	61.037 61.6617,
	59.6093 60.3231,
	58.9846 59.7877,
	58.36 59.0739,
	58.003 58.7169,
	57.6461 58.003,
	57.3784 57.6461,
	55.6829 51.935,
	55.4152 50.5072,
	55.2367 47.6517,
	55.2367 44.7962,
	55.2367 43.3684,
	55.2367 42.7438,
	"/>
</Transform>

<Transform dim="0"
 xcoef=" 0 1 0 0 0 0"
 ycoef=" 0 0 1 0 0 0">
<Contour name="TB2_AP19_EM" hidden="false" closed="true" simplified="true" border="1 0 1" fill="1 0 1" mode="9"
 points="72.883 51.2613,
	72.9016 50.9643,
	72.9944 50.6673,
	73.2357 50.389,
	73.3656 50.2776,
	73.4398 50.2034,
	73.7368 50.0363,
	73.811 49.9806,
	74.4049 49.8322,
	74.7019 49.8136,
	74.8503 49.8136,
	75.1473 49.9435,
	75.2772 50.0734,
	75.3329 50.1477,
	75.3329 50.1848,
	75.537 50.4818,
	75.7969 50.7787,
	76.001 51.0757,
	76.0196 51.1499,
	75.9639 51.2984,
	75.9268 51.3726,
	75.7969 51.5025,
	75.7226 51.5768,
	75.7041 51.7252,
	75.7226 51.8737,
	75.8525 52.1707,
	76.0753 52.4676,
	76.1681 52.6161,
	76.2237 52.6903,
	76.3165 52.9873,
	76.3351 53.1358,
	76.3165 53.2842,
	76.1866 53.5812,
	76.1681 53.7297,
	76.2609 54.0266,
	76.2609 54.1751,
	76.2237 54.3236,
	76.1495 54.4535,
	75.8525 54.6948,
	75.7226 54.8247,
	75.7041 55.1216,
	75.6855 55.2701,
	75.6298 55.3443,
	75.6113 55.3815,
	75.4628 55.3629,
	75.3143 55.2887,
	75.2401 55.2887,
	75.1844 55.4371,
	75.1473 55.5114,
	75.1102 55.5485,
	75.0359 55.5485,
	74.9617 55.6042,
	74.6647 55.7341,
	74.5163 55.7898,
	74.442 55.8083,
	74.4049 55.8269,
	74.3307 55.7898,
	74.3121 55.7526,
	74.3307 55.7341,
	74.1822 55.6598,
	74.0708 55.5299,
	73.9409 55.233,
	73.9038 55.1959,
	73.9038 55.1587,
	73.6996 54.8803,
	73.5512 54.8061,
	73.4769 54.7319,
	73.4584 54.5834,
	73.5883 54.2864,
	73.5883 54.138,
	73.4398 53.841,
	73.347 53.2471,
	73.347 53.21,
	73.2542 53.0615,
	73.2357 52.913,
	73.2542 52.7646,
	73.4584 52.4676,
	73.4955 52.3934,
	73.4769 52.2449,
	73.4027 52.1707,
	73.3841 51.8737,
	73.347 51.7252,
	73.3285 51.6881,
	73.18 51.7252,
	73.0315 51.7252,
	72.9573 51.6696,
	72.883 51.5211,
	72.883 51.3726,
	72.883 51.2984,
	72.883 51.2798,
	"/>
</Transform>

<Transform dim="0"
 xcoef=" 0 1 0 0 0 0"
 ycoef=" 0 0 1 0 0 0">
<Contour name="TB3_Nuc19_EM" hidden="false" closed="true" simplified="true" border="0 1 1" fill="0 1 1" mode="9"
 points="113.098 51.1643,
	113.223 50.6649,
	113.411 50.1654,
	113.536 49.9157,
	113.442 49.6659,
	113.442 49.5411,
	113.629 49.3226,
	113.754 49.2289,
	113.879 48.9792,
	113.941 48.8543,
	113.973 48.3548,
	113.973 48.23,
	114.097 47.9802,
	114.254 47.4808,
	114.285 47.3559,
	114.41 47.231,
	114.534 47.1998,
	114.597 47.1998,
	114.847 46.9813,
	115.034 46.4818,
	115.065 46.2321,
	115.096 46.1072,
	115.003 45.9824,
	114.94 45.7326,
	115.128 45.2331,
	115.159 44.7337,
	115.128 44.4839,
	115.159 44.2342,
	115.284 43.9845,
	115.315 43.8596,
	115.315 43.7972,
	114.815 43.8284,
	114.691 43.766,
	114.659 43.6411,
	114.753 43.3914,
	114.971 43.1416,
	115.096 43.0168,
	115.252 42.8295,
	115.471 42.6734,
	115.97 42.5173,
	116.095 42.4861,
	116.345 42.5797,
	116.47 42.5797,
	116.72 42.4549,
	116.844 42.3612,
	117.094 42.2988,
	117.344 42.33,
	117.438 42.3924,
	117.5 42.3612,
	117.75 42.4236,
	117.812 42.4236,
	117.937 42.5485,
	118.031 42.7982,
	118.156 42.8607,
	118.218 42.9231,
	118.218 42.9855,
	118.437 43.2353,
	118.593 43.485,
	118.686 43.6099,
	118.749 44.1093,
	118.749 44.3591,
	118.78 44.4839,
	118.686 45.4829,
	118.686 45.7326,
	118.593 46.2321,
	118.187 47.231,
	118.031 47.4808,
	117.937 47.5744,
	117.875 47.6056,
	117.625 47.5432,
	117.562 47.5744,
	117.594 47.8241,
	117.625 47.949,
	117.625 48.0114,
	117.375 48.1363,
	117.188 48.386,
	117.188 48.5109,
	117.344 48.7606,
	117.406 48.8855,
	117.375 49.0104,
	116.907 49.385,
	116.72 49.6347,
	116.626 49.8845,
	116.626 50.0093,
	116.688 50.1342,
	116.688 50.1966,
	116.751 50.2591,
	116.751 50.3839,
	116.626 50.6337,
	116.407 50.821,
	116.158 50.9146,
	115.908 51.1019,
	115.814 51.2268,
	115.877 51.7262,
	115.846 51.976,
	115.689 52.4754,
	115.627 52.6003,
	115.502 52.694,
	115.44 52.7564,
	115.315 52.7876,
	115.221 53.0374,
	115.221 53.0998,
	115.284 53.131,
	115.221 53.6305,
	115.19 53.7553,
	114.378 54.7231,
	114.254 54.8167,
	114.004 54.8791,
	113.754 54.8791,
	113.66 54.7855,
	113.567 54.286,
	113.473 54.0363,
	113.379 53.9114,
	113.348 53.6617,
	113.411 53.412,
	113.411 53.2871,
	113.286 53.0374,
	113.255 52.9125,
	113.192 52.85,
	113.098 52.3506,
	113.098 51.3516,
	113.098 51.2268,
	113.098 51.1956,
	"/>
<Contour name="TB3_Nuc19_EM" hidden="false" closed="true" simplified="true" border="0 1 1" fill="0 1 1" mode="9"
 points="113.879 47.0749,
	113.973 46.9813,
	114.004 46.8564,
	113.941 46.6067,
	114.097 46.3882,
	114.066 46.1384,
	114.097 46.0136,
	114.191 45.8887,
	114.191 45.3892,
	114.191 45.2644,
	114.316 45.0146,
	114.378 44.7649,
	114.503 44.7025,
	114.597 44.7961,
	114.597 45.0458,
	114.534 45.2956,
	114.534 45.5453,
	114.691 46.0448,
	114.628 46.5443,
	114.472 46.794,
	114.378 46.9189,
	114.129 47.0749,
	114.004 47.1062,
	113.941 47.1998,
	113.879 47.1374,
	113.879 47.1062,
	"/>
</Transform>

<Transform dim="0"
 xcoef=" 0 1 0 0 0 0"
 ycoef=" 0 0 1 0 0 0">
<Contour name="TB3_Nuc48_EM" hidden="false" closed="true" simplified="true" border="1 0 0" fill="1 0 0" mode="9"
 points="102.518 67.2442,
	102.565 67.1195,
	102.596 67.0572,
	102.596 67.026,
	102.689 66.9014,
	102.783 66.8079,
	102.829 66.7768,
	103.001 66.5275,
	103.11 66.2782,
	103.172 66.1536,
	103.203 66.0912,
	103.234 66.0601,
	103.234 66.0289,
	103.297 65.9666,
	103.297 65.9354,
	103.499 65.6862,
	103.53 65.655,
	103.53 65.6238,
	103.671 65.3745,
	103.717 65.3122,
	103.717 65.2811,
	103.749 65.2499,
	103.749 65.2187,
	103.826 65.0941,
	103.858 65.0629,
	103.858 65.0318,
	103.889 65.0006,
	103.889 64.9695,
	103.92 64.9383,
	104.013 64.689,
	104.076 64.5644,
	104.091 64.5021,
	104.123 64.4709,
	104.138 64.4086,
	104.169 64.3774,
	104.216 64.2528,
	104.247 64.1905,
	104.247 64.1593,
	104.278 64.1281,
	104.325 64.0035,
	104.341 63.9412,
	104.496 63.6919,
	104.574 63.5672,
	105.011 63.0843,
	105.213 62.835,
	105.462 62.6013,
	105.712 62.4299,
	105.836 62.352,
	105.899 62.352,
	106.023 62.4143,
	106.195 62.648,
	106.428 62.8817,
	106.537 63.0064,
	106.6 63.131,
	106.631 63.1622,
	106.678 63.2868,
	106.709 63.3491,
	106.724 63.4738,
	106.615 63.9723,
	106.584 64.097,
	106.522 64.2216,
	106.506 64.2839,
	106.35 64.5332,
	106.288 64.6579,
	106.257 64.7825,
	106.241 64.8448,
	106.195 64.9071,
	106.195 64.9383,
	106.148 65.0006,
	106.148 65.0318,
	106.117 65.0629,
	106.117 65.0941,
	105.977 65.3434,
	105.977 65.3745,
	105.945 65.4057,
	105.836 65.655,
	105.774 65.7796,
	105.758 65.842,
	105.712 65.9043,
	105.603 66.1536,
	105.462 66.4028,
	105.369 66.5275,
	105.338 66.5586,
	105.338 66.5898,
	104.87 67.0572,
	104.372 67.4779,
	104.123 67.6493,
	103.873 67.7895,
	103.624 67.8985,
	103.375 67.9297,
	103.25 67.9297,
	103.001 67.8518,
	102.876 67.8051,
	102.767 67.7116,
	102.596 67.4623,
	102.533 67.3377,
	102.518 67.2753,
	102.518 67.2598,
	"/>
</Transform>

<Transform dim="0"
 xcoef=" 0 1 0 0 0 0"
 ycoef=" 0 0 1 0 0 0">
<Contour name="TB3_Nuc50_EM" hidden="false" closed="true" simplified="true" border="0 1 1" fill="0 1 1" mode="9"
 points="87.014 64.9378,
	87.0911 64.6296,
	87.1296 64.5911,
	87.1489 64.437,
	87.1296 64.1288,
	87.1681 63.8206,
	87.1874 63.7435,
	87.3415 63.7242,
	87.4956 63.7435,
	87.8038 63.8783,
	87.9579 63.9169,
	88.0157 63.9554,
	88.035 63.9361,
	88.1698 64.2444,
	88.2084 64.3985,
	88.1891 65.0149,
	88.1313 65.3231,
	87.9965 65.6313,
	87.8809 65.7662,
	87.7268 65.8818,
	87.4186 65.9588,
	87.2644 65.9396,
	87.1103 65.8432,
	87.0333 65.6891,
	87.014 65.3809,
	87.0333 65.0727,
	87.014 64.9956,
	87.014 64.9571,
	"/>
</Transform>

<Transform dim="0"
 xcoef=" 0 1 0 0 0 0"
 ycoef=" 0 0 1 0 0 0">
<Contour name="TB3_Nuc54_EM" hidden="false" closed="true" simplified="true" border="0 1 0" fill="0 1 0" mode="9"
 points="102.677 31.4443,
	102.8 31.2462,
	102.998 31.0729,
	103.098 31.0233,
	103.172 30.8253,
	103.172 30.7262,
	102.899 30.3548,
	102.776 30.1815,
	102.751 29.7854,
	102.776 29.5873,
	102.899 29.3892,
	103.098 29.2654,
	103.172 29.1664,
	103.147 28.9683,
	103.098 28.8693,
	103.098 28.6712,
	103.098 28.5722,
	103.147 28.4731,
	103.172 28.077,
	103.147 28.0275,
	103.221 27.6313,
	103.37 27.2352,
	103.419 27.1857,
	103.419 27.1361,
	103.717 26.74,
	103.816 26.6657,
	104.212 26.5419,
	104.583 26.1953,
	104.781 26.022,
	104.979 25.8982,
	105.177 25.8239,
	105.276 25.7991,
	105.474 25.8239,
	105.672 25.8982,
	105.772 25.9229,
	106.143 26.2943,
	106.242 26.3934,
	106.291 26.4924,
	106.291 26.8885,
	106.316 26.9876,
	106.49 27.1114,
	106.589 27.1857,
	106.737 27.5818,
	106.811 27.7799,
	106.91 28.5722,
	106.935 28.7703,
	106.985 28.8198,
	106.985 29.0178,
	107.009 29.1169,
	107.133 29.315,
	107.208 29.513,
	107.232 29.7111,
	106.96 30.0825,
	107.109 30.4786,
	107.183 30.6767,
	107.208 30.8748,
	107.183 31.0729,
	107.109 31.2709,
	106.935 31.4443,
	106.811 31.6176,
	106.861 31.8156,
	106.91 31.9147,
	106.91 32.1128,
	106.762 32.3108,
	106.712 32.4099,
	106.737 32.6079,
	106.935 32.7813,
	106.91 33.1774,
	106.638 34.762,
	106.49 35.1581,
	106.291 35.5543,
	106.019 35.9504,
	105.846 36.1238,
	105.747 36.1733,
	105.549 36.198,
	105.45 36.2723,
	105.252 36.2971,
	104.855 36.2723,
	104.756 36.2475,
	104.707 36.2475,
	104.657 36.198,
	104.707 36.1238,
	103.915 35.9752,
	103.816 35.9752,
	103.617 35.8514,
	103.296 35.48,
	103.122 35.0839,
	103.048 34.8858,
	103.048 34.7868,
	102.8 33.9945,
	102.751 33.5983,
	102.751 33.2022,
	102.8 32.806,
	102.974 32.4099,
	103.023 32.3108,
	102.974 32.1128,
	102.825 31.9394,
	102.726 31.8404,
	102.677 31.7414,
	102.677 31.5433,
	102.677 31.469,
	"/>
</Transform>

<Transform dim="0"
 xcoef=" 0 1 0 0 0 0"
 ycoef=" 0 0 1 0 0 0">
<Contour name="TB1_NF22_RSL" hidden="false" closed="true" simplified="true" border="0.502 0.502 0" fill="0.502 0.502 0" mode="-9"
 points="33.1871 51.3425,
	33.2617 51.2773,
	33.4109 51.2493,
	33.4668 51.3239,
	33.5135 51.4731,
	33.5228 51.5477,
	33.5135 51.6223,
	33.5321 51.6969,
	33.5508 51.7342,
	33.5508 51.7528,
	33.6067 51.8181,
	33.6813 51.8927,
	33.7279 51.9673,
	33.7373 52.1165,
	33.8491 52.2564,
	33.8958 52.4056,
	33.9237 52.5548,
	33.9424 52.8532,
	33.9144 53.0024,
	33.8491 53.0676,
	33.8119 53.0863,
	33.6627 53.0583,
	33.5228 52.9184,
	33.327 52.62,
	33.2244 52.4802,
	33.2057 52.4429,
	33.2151 52.1445,
	33.2151 51.9953,
	33.271 51.8554,
	33.2803 51.7808,
	33.2337 51.6316,
	33.2151 51.4824,
	33.2151 51.4451,
	33.1871 51.3705,
	33.1871 51.3519,
	"/>
</Transform>

<Transform dim="0"
 xcoef=" 0 1 0 0 0 0"
 ycoef=" 0 0 1 0 0 0">
<Contour name="TB0_Shell_EM" hidden="false" closed="true" simplified="true" border="0 1 0" fill="0 1 0" mode="9"
 points="12.1768 39.3117,
	13.8178 36.8111,
	14.7555 35.5609,
	15.9276 34.3106,
	16.2402 33.998,
	18.7408 32.5914,
	19.991 31.9663,
	20.6162 31.7319,
	20.8506 31.5756,
	21.085 31.6537,
	21.632 32.904,
	22.3353 35.4046,
	22.5698 36.6549,
	22.8042 39.1554,
	23.0386 40.4057,
	22.9605 42.9063,
	22.8823 43.5314,
	22.726 43.844,
	22.5698 46.3446,
	22.6479 48.8451,
	22.726 50.0954,
	23.1168 51.3457,
	23.3512 51.6583,
	23.4293 51.9708,
	23.5856 52.1271,
	23.5856 52.3615,
	23.3512 53.0648,
	22.9605 53.69,
	21.8665 56.1905,
	21.4758 56.8157,
	20.8506 57.4408,
	20.2255 57.7534,
	18.9752 57.8315,
	18.6626 57.8315,
	16.1621 56.8157,
	15.5369 56.5812,
	14.2866 55.4091,
	13.8178 54.784,
	13.1926 53.5337,
	12.8801 52.9085,
	12.7238 52.596,
	12.6456 51.9708,
	12.5675 51.6583,
	12.3331 51.3457,
	11.7861 48.8451,
	11.6298 46.3446,
	11.8642 41.3434,
	11.9423 40.0931,
	12.1768 39.468,
	12.1768 39.3899,
	"/>
</Transform>

<Transform dim="0"
 xcoef=" 0 1 0 0 0 0"
 ycoef=" 0 0 1 0 0 0">
<Contour name="TB1_Shell_EM" hidden="false" closed="true" simplified="true" border="0 1 1" fill="0 1 1" mode="15"
 points="22.1925 32.8199,
	22.7395 31.5697,
	23.2084 30.9445,
	25.6308 28.9128,
	26.8811 28.0532,
	28.1314 27.6625,
	29.3817 27.5062,
	30.0068 27.4281,
	31.2571 27.5062,
	32.5074 27.8188,
	33.7576 28.5221,
	36.1801 30.6319,
	36.8052 31.2571,
	37.1178 31.4134,
	37.4304 31.7259,
	38.0555 32.1166,
	38.6806 32.6636,
	38.9932 32.8981,
	39.1495 32.8981,
	39.7746 33.2888,
	40.0872 33.3669,
	40.2435 33.5232,
	40.3998 33.5232,
	40.7123 33.7576,
	41.0249 33.8358,
	41.6501 34.2265,
	42.9003 34.7735,
	44.1506 35.6331,
	45.4009 36.6489,
	46.4168 37.8992,
	46.8075 38.5244,
	46.8856 39.1495,
	47.4326 40.3998,
	47.8233 41.6501,
	48.3703 42.9003,
	48.761 44.1506,
	49.1518 46.6512,
	49.308 49.1518,
	49.1518 51.6523,
	48.6048 54.1529,
	48.3703 55.4032,
	48.214 56.0283,
	47.9015 56.6535,
	47.7452 57.2786,
	47.12 58.5289,
	46.3386 59.7792,
	46.0261 60.4043,
	44.9321 61.6546,
	44.3851 62.2797,
	43.7599 62.7486,
	41.2593 64.077,
	40.0091 64.624,
	39.3839 64.8584,
	38.1336 64.9366,
	36.8834 64.7803,
	35.6331 64.3896,
	35.0079 63.9207,
	34.3828 63.2956,
	33.6014 62.0453,
	33.3669 61.4202,
	33.2888 60.795,
	30.7882 59.154,
	25.8652 54.5436,
	24.8494 53.2933,
	24.3024 52.7463,
	23.6772 51.496,
	23.3647 50.8709,
	22.974 48.3703,
	22.8958 45.8698,
	22.8958 44.6195,
	23.4428 39.6183,
	23.4428 38.9932,
	23.4428 38.6806,
	22.974 37.4304,
	22.6614 36.1801,
	22.5051 34.9298,
	22.2707 34.3046,
	22.1925 33.0544,
	22.1925 32.8981,
	"/>
</Transform>

<Transform dim="0"
 xcoef=" 0 1 0 0 0 0"
 ycoef=" 0 0 1 0 0 0">
<Contour name="TB1_NF55_RSL" hidden="false" closed="true" simplified="true" border="0.502 0 0" fill="0.502 0 0" mode="-9"
 points="30.1951 38.361,
	30.3821 37.9621,
	30.432 37.9247,
	30.5317 37.9995,
	30.5816 38.0119,
	30.6315 37.9995,
	30.6689 37.9496,
	30.6938 37.7501,
	30.7437 37.5507,
	30.7935 37.5133,
	30.8434 37.5133,
	30.8683 37.5133,
	30.993 37.7127,
	31.0304 37.7626,
	31.0179 37.8623,
	30.9556 38.0618,
	30.9182 38.4607,
	30.8309 38.8597,
	30.7935 38.9594,
	30.7811 39.0093,
	30.7686 39.0342,
	30.7437 39.0218,
	30.7063 39.0592,
	30.6938 39.0841,
	30.5941 39.0716,
	30.5691 39.0716,
	30.3821 38.8846,
	30.2699 38.6852,
	30.245 38.5854,
	30.22 38.5355,
	30.2076 38.4358,
	30.1951 38.3859,
	30.1951 38.3735,
	"/>
</Transform>

<Transform dim="0"
 xcoef=" 0 1 0 0 0 0"
 ycoef=" 0 0 1 0 0 0">
<Contour name="TB1_NF55_RSL" hidden="false" closed="true" simplified="true" border="0.502 0 0" fill="0.502 0 0" mode="-9"
 points="42.8121 43.2206,
	42.853 43.1899,
	43.0164 43.1899,
	43.0572 43.2001,
	43.098 43.241,
	43.1185 43.2818,
	43.1287 43.3022,
	43.0572 43.3533,
	42.9755 43.3737,
	42.8938 43.3431,
	42.8121 43.2614,
	42.8121 43.2308,
	"/>
<Contour name="TB1_NF55_RSL" hidden="false" closed="true" simplified="true" border="0.502 0 0" fill="0.502 0 0" mode="-9"
 points="42.8632 39.504,
	42.8836 39.4223,
	42.9959 39.2691,
	43.0368 39.2385,
	43.0572 39.2181,
	43.1389 39.2181,
	43.2206 39.2487,
	43.3022 39.2998,
	43.3431 39.3202,
	43.4146 39.3917,
	43.4656 39.4631,
	43.4962 39.6265,
	43.4962 39.7899,
	43.486 39.8716,
	43.486 39.9124,
	43.4452 39.9226,
	43.4043 39.9124,
	43.3635 39.943,
	43.2001 39.943,
	43.0368 39.9124,
	42.9551 39.8511,
	42.9347 39.8307,
	42.9143 39.749,
	42.8938 39.7286,
	42.8632 39.5652,
	42.8632 39.5244,
	42.8632 39.5142,
	"/>
<Contour name="TB1_NF55_RSL" hidden="false" closed="true" simplified="true" border="0.502 0 0" fill="0.502 0 0" mode="-9"
 points="39.7082 41.5665,
	39.8001 41.4031,
	39.8613 41.3214,
	39.943 41.25,
	40.0145 41.1989,
	40.0962 41.1683,
	40.1779 41.1683,
	40.3412 41.2091,
	40.3821 41.2295,
	40.4229 41.3112,
	40.4331 41.3929,
	40.2698 41.5461,
	40.1881 41.6277,
	40.1779 41.9545,
	40.1574 42.0362,
	40.1166 42.0668,
	40.0349 42.0668,
	39.9532 42.0464,
	39.8818 42.0055,
	39.8205 41.9238,
	39.7388 41.7605,
	39.7082 41.5971,
	39.7082 41.5767,
	"/>
</Transform>

</Section>