<?xml version="1.0"?>
<!DOCTYPE Section SYSTEM "section.dtd">

<Section index="619" thickness="0.085" alignLocked="true">
<Transform dim="0"
 xcoef=" 0 1 0 0 0 0"
 ycoef=" 0 0 1 0 0 0">
<Image mag="0.0079" contrast="1" brightness="0" red="true" green="true" blue="true"
 src="Aligned TF21619.tif" />
<Contour name="domain1" hidden="false" closed="true" simplified="false" border="1 0 1" fill="1 0 1" mode="11"
 points="0 0,
	15991 0,
	15991 12171,
	0 12171,
	"/>
</Transform>

<Transform dim="0"
 xcoef=" 0 1 0 0 0 0"
 ycoef=" 0 0 1 0 0 0">
<Contour name="TB3_Nuc50_EM" hidden="false" closed="true" simplified="true" border="0 1 1" fill="0 1 1" mode="9"
 points="83.4502 63.6086,
	83.5658 62.9922,
	83.6043 62.8381,
	83.6043 62.761,
	83.8162 62.1446,
	84.0281 61.8364,
	84.1052 61.7593,
	84.3171 61.4511,
	84.5868 61.1429,
	84.6638 61.0658,
	84.7024 61.0273,
	84.7409 61.0273,
	84.895 60.9117,
	85.2032 60.7962,
	85.3573 60.7384,
	85.4344 60.7191,
	85.7426 60.5457,
	86.0316 60.3338,
	86.1086 60.3146,
	86.2627 60.3531,
	86.3398 60.3724,
	86.4746 60.4687,
	86.7828 60.5843,
	87.0911 60.7576,
	87.2452 60.8539,
	87.5341 61.1622,
	87.6497 61.2777,
	87.9387 61.5474,
	88.1506 61.8364,
	88.2854 61.9905,
	88.5551 62.6069,
	88.5936 62.6455,
	88.8441 63.2619,
	88.9789 63.5701,
	89.0752 63.8783,
	89.1715 64.4948,
	89.1908 64.803,
	89.1908 64.9571,
	89.1715 64.9956,
	89.1908 65.0342,
	89.1715 65.1883,
	89.1715 65.2653,
	89.0174 65.5735,
	88.8055 66.19,
	88.7092 66.4982,
	88.6129 66.6523,
	88.3239 66.9027,
	88.2469 66.9413,
	88.2084 66.9798,
	88.0543 67.0376,
	87.7653 67.2495,
	87.1489 67.3651,
	86.8406 67.4229,
	86.5324 67.4421,
	86.3783 67.4229,
	86.3013 67.4229,
	85.993 67.3073,
	85.3959 66.9605,
	85.2418 66.922,
	84.9335 66.7294,
	84.7794 66.633,
	84.6253 66.4982,
	84.5483 66.4211,
	84.4519 66.2863,
	84.3171 66.1322,
	84.24 66.0551,
	84.1437 65.901,
	83.874 65.5928,
	83.7585 65.458,
	83.7199 65.3039,
	83.7007 64.9956,
	83.5273 64.3792,
	83.4502 64.071,
	83.4502 63.7628,
	83.4502 63.6279,
	"/>
</Transform>

<Transform dim="0"
 xcoef=" 0 1 0 0 0 0"
 ycoef=" 0 0 1 0 0 0">
<Contour name="TB3_Nuc51_EM" hidden="false" closed="true" simplified="true" border="0 1 1" fill="0 1 1" mode="9"
 points="89.3887 59.5438,
	89.5836 58.7641,
	89.8516 57.9845,
	89.9247 57.7896,
	90.1684 57.3998,
	90.1927 57.3023,
	90.3389 57.1318,
	90.5338 56.9856,
	90.9236 56.6202,
	91.0211 56.5714,
	91.3865 56.206,
	91.5571 56.0111,
	91.6058 55.9624,
	91.9956 55.938,
	92.1905 55.9867,
	92.3854 56.1329,
	92.5803 56.206,
	92.9701 56.1816,
	93.165 56.2304,
	93.2625 56.2547,
	93.6523 56.4984,
	93.8472 56.5227,
	94.0421 56.5958,
	94.237 56.7176,
	94.4319 56.9125,
	94.5294 56.9856,
	94.9192 57.0587,
	95.309 57.3511,
	95.4795 57.546,
	95.5526 57.6434,
	95.6257 58.0332,
	95.6988 58.2281,
	95.7232 58.4231,
	95.7963 58.4961,
	95.845 59.2758,
	95.8937 59.6656,
	95.845 60.0554,
	95.7475 60.4452,
	95.3821 61.2248,
	95.0654 61.6146,
	94.6999 62.0044,
	94.505 62.1994,
	94.3101 62.3212,
	93.9203 62.4186,
	93.5792 62.7353,
	92.7996 63.3444,
	92.6047 63.4419,
	92.2149 63.5637,
	91.8251 63.6124,
	91.4352 63.5393,
	91.0454 63.3201,
	90.948 63.2713,
	90.5582 62.9303,
	90.1684 62.5404,
	89.9978 62.3455,
	89.9247 62.1506,
	89.9004 61.9557,
	89.9004 61.8583,
	89.6324 61.4685,
	89.5105 61.2736,
	89.4375 60.4939,
	89.4375 60.1041,
	89.3887 59.7143,
	89.3887 59.6169,
	89.3887 59.5681,
	"/>
</Transform>

<Transform dim="0"
 xcoef=" 0 1 0 0 0 0"
 ycoef=" 0 0 1 0 0 0">
<Contour name="TB3_Nuc52_EM" hidden="false" closed="true" simplified="true" border="0 1 0" fill="0 1 0" mode="9"
 points="82.165 57.0404,
	82.2868 56.5532,
	82.6827 55.5786,
	83.1091 55.0914,
	83.3223 54.8477,
	83.5659 54.6955,
	83.6573 54.6346,
	83.7182 54.665,
	83.7182 54.7868,
	83.505 55.2741,
	83.4136 55.5177,
	83.3832 55.6396,
	83.4136 55.67,
	83.5355 55.5482,
	83.6268 55.3046,
	83.9314 54.8173,
	84.0836 54.5737,
	84.1445 54.4518,
	84.175 54.3909,
	84.2968 54.3605,
	84.3577 54.33,
	84.51 54.5737,
	84.6623 55.0609,
	84.6318 55.5482,
	84.7232 56.0355,
	84.7841 56.2791,
	84.5404 56.7664,
	84.4491 57.01,
	84.4186 57.2536,
	84.4795 57.3145,
	84.5404 57.3145,
	84.7841 57.0709,
	84.9363 56.5836,
	84.9668 56.34,
	84.9363 56.0964,
	84.845 55.8527,
	84.8145 55.6091,
	84.845 55.1218,
	84.6927 54.6346,
	84.6014 54.3909,
	84.6318 54.1473,
	84.7232 54.0559,
	84.9668 53.995,
	85.2104 53.995,
	85.3323 54.0255,
	85.4236 53.9646,
	85.5454 54.0255,
	85.6977 54.2691,
	85.7891 54.7564,
	85.8195 55.2436,
	85.9109 55.7309,
	85.9413 55.9745,
	85.9718 56.0964,
	86.0936 56.2182,
	86.1545 56.2182,
	86.2154 56.0964,
	86.1241 55.6091,
	86.0327 55.3655,
	85.85 54.3909,
	85.8195 54.1473,
	85.9109 53.9037,
	86.1545 53.6905,
	86.3981 53.66,
	86.52 53.6296,
	86.7636 53.66,
	86.8854 53.6905,
	87.129 53.6296,
	87.2509 53.5991,
	87.4945 53.66,
	87.7381 53.8123,
	87.9818 53.9037,
	88.1036 53.9341,
	88.3472 54.1168,
	88.469 54.2387,
	88.5299 54.3605,
	88.7736 54.5432,
	89.0172 54.6346,
	89.2608 54.8173,
	89.3217 55.0609,
	89.3217 55.5482,
	89.2608 55.7918,
	89.1086 56.0355,
	89.0476 56.1573,
	88.9258 56.2791,
	88.8345 56.5227,
	88.8345 56.7664,
	88.5299 57.2536,
	88.4386 57.4972,
	88.4081 57.9845,
	88.3777 58.2281,
	88.1949 58.4718,
	88.1949 58.7154,
	88.0427 59.1722,
	87.9818 59.0809,
	87.8904 59.3245,
	87.6468 59.4159,
	87.1595 59.4463,
	86.6722 59.4159,
	86.185 59.5072,
	85.6977 59.6595,
	85.6063 59.5377,
	85.4845 59.4768,
	84.9973 59.0504,
	84.8754 58.9895,
	84.6318 59.1418,
	84.3882 59.2331,
	83.9009 59.2027,
	83.7791 59.2027,
	83.2918 58.9286,
	83.0482 58.8677,
	82.9264 58.8068,
	82.5914 58.3195,
	82.1955 57.345,
	82.165 57.1013,
	82.165 57.0709,
	"/>
</Transform>

</Section>