<?xml version="1.0"?>
<!DOCTYPE Section SYSTEM "section.dtd">

<Section index="617" thickness="0.085" alignLocked="true">
<Transform dim="0"
 xcoef=" 0 1 0 0 0 0"
 ycoef=" 0 0 1 0 0 0">
<Image mag="0.0079" contrast="1" brightness="0" red="true" green="true" blue="true"
 src="Aligned TF21617.tif" />
<Contour name="domain1" hidden="false" closed="true" simplified="false" border="1 0 1" fill="1 0 1" mode="11"
 points="0 0,
	15991 0,
	15991 12171,
	0 12171,
	"/>
</Transform>

<Transform dim="0"
 xcoef=" 0 1 0 0 0 0"
 ycoef=" 0 0 1 0 0 0">
<Contour name="TB3_Nuc50_EM" hidden="false" closed="true" simplified="true" border="0 1 1" fill="0 1 1" mode="9"
 points="83.6429 63.9554,
	83.7392 63.339,
	83.7777 63.0307,
	83.797 62.8766,
	83.8548 62.7225,
	83.874 62.5684,
	84.2015 61.952,
	84.3171 61.6438,
	84.3942 61.4896,
	84.529 61.3355,
	84.8372 61.1044,
	85.4537 60.7384,
	85.6078 60.6613,
	85.916 60.565,
	86.2242 60.4301,
	86.3783 60.3916,
	86.6865 60.5072,
	86.8406 60.5843,
	86.9947 60.7191,
	87.303 60.8732,
	87.9194 61.3163,
	88.2276 61.6052,
	88.5744 62.2217,
	88.7285 62.5299,
	89.2101 63.7628,
	89.3064 64.071,
	89.3642 64.2251,
	89.3834 64.5333,
	89.2871 65.7662,
	89.2486 66.0744,
	89.1715 66.3826,
	89.0752 66.5367,
	88.7863 66.8449,
	88.6322 66.9991,
	88.4781 67.0954,
	88.401 67.1339,
	88.2469 67.2687,
	88.0928 67.3265,
	87.9387 67.3073,
	87.7846 67.3265,
	87.7075 67.3458,
	87.5534 67.4614,
	87.3993 67.5384,
	87.3608 67.5384,
	87.2837 67.6155,
	87.1296 67.6925,
	86.9755 67.7118,
	86.8214 67.6733,
	86.7443 67.654,
	86.5902 67.5577,
	86.4361 67.577,
	85.8197 67.4036,
	85.5114 67.288,
	85.2032 67.1339,
	84.895 66.8449,
	84.4134 66.2285,
	84.2015 65.9203,
	83.8548 65.3039,
	83.7585 64.9956,
	83.6429 64.3792,
	83.6429 64.071,
	83.6429 63.9939,
	83.6429 63.9747,
	"/>
</Transform>

<Transform dim="0"
 xcoef=" 0 1 0 0 0 0"
 ycoef=" 0 0 1 0 0 0">
<Contour name="TB3_Nuc51_EM" hidden="false" closed="true" simplified="true" border="0 1 1" fill="0 1 1" mode="9"
 points="89.6324 60.2503,
	89.7055 59.8605,
	89.7298 59.4707,
	89.7055 59.2758,
	89.7785 58.886,
	89.9004 58.4961,
	90.0709 58.1063,
	90.144 58.0089,
	90.1684 57.9114,
	90.3145 57.7165,
	90.3145 57.6678,
	90.412 57.5703,
	90.4607 57.5216,
	90.4607 57.4729,
	90.5338 57.3754,
	90.6069 57.1805,
	90.6556 57.0831,
	91.0454 56.8638,
	91.2403 56.7176,
	91.4109 56.5227,
	91.6058 56.3765,
	91.8007 56.3522,
	91.8981 56.3522,
	92.0931 56.2304,
	92.288 56.206,
	93.0676 56.3765,
	93.8472 56.6933,
	94.6268 57.1074,
	95.0166 57.2293,
	95.2115 57.3267,
	95.4065 57.4729,
	95.4795 57.5703,
	95.5526 57.7652,
	95.5526 57.814,
	95.7475 58.0089,
	95.8694 58.3987,
	95.9181 58.5936,
	95.9424 58.9834,
	95.9668 59.1783,
	95.9424 59.3732,
	95.9668 59.4707,
	95.7719 60.2503,
	95.7232 60.4452,
	95.5526 60.6157,
	95.3821 60.7376,
	95.309 60.835,
	95.2846 61.0299,
	95.309 61.2248,
	95.2846 61.3223,
	95.0897 61.4928,
	95.0654 61.5903,
	95.0897 61.639,
	94.9192 61.8339,
	94.8217 61.8826,
	94.7243 61.9801,
	94.6756 62.0775,
	94.4806 62.1994,
	94.2857 62.175,
	94.1883 62.175,
	94.0908 62.2237,
	94.0421 62.2724,
	94.0177 62.3699,
	93.7741 62.7597,
	93.6279 62.9546,
	93.433 63.1252,
	93.0432 63.2957,
	92.8483 63.3932,
	92.0687 63.6124,
	91.9712 63.6368,
	91.5814 63.5393,
	91.3865 63.4175,
	90.9967 63.247,
	90.6069 62.9303,
	90.4607 62.7353,
	90.3876 62.5404,
	90.412 62.3455,
	90.3633 62.1506,
	90.3145 62.0532,
	90.144 61.8583,
	89.9004 61.4685,
	89.7542 61.0786,
	89.6324 60.299,
	89.6324 60.2747,
	"/>
</Transform>

<Transform dim="0"
 xcoef=" 0 1 0 0 0 0"
 ycoef=" 0 0 1 0 0 0">
<Contour name="TB3_Nuc52_EM" hidden="false" closed="true" simplified="true" border="0 1 0" fill="0 1 0" mode="9"
 points="82.4696 56.8273,
	82.6523 56.34,
	82.7741 56.0964,
	82.835 55.9745,
	83.0482 55.7309,
	83.2005 55.4873,
	83.3832 55,
	83.5964 54.7868,
	83.6573 54.7259,
	83.7182 54.7259,
	83.7791 54.7868,
	83.6877 55.2741,
	83.5355 55.7614,
	83.505 56.005,
	83.5355 56.0659,
	83.6877 55.8223,
	83.8095 55.335,
	83.8705 55.0914,
	83.9923 54.8477,
	84.3882 54.3909,
	84.51 54.3605,
	84.6623 54.5737,
	84.7536 55.0609,
	84.7232 55.5482,
	84.7536 56.0355,
	84.6927 56.5227,
	84.6318 56.7664,
	84.6318 57.01,
	84.6623 57.1318,
	84.6927 57.1927,
	84.9363 56.9795,
	85.0886 56.4923,
	85.0886 56.2486,
	84.9973 56.005,
	84.9668 55.7614,
	84.9668 55.6396,
	85.0582 55.3959,
	85.0582 55.1523,
	85.0582 55.0305,
	84.8754 54.5432,
	84.7841 54.2996,
	84.7536 54.1778,
	84.9059 53.9646,
	85.3932 54.0559,
	85.6063 54.1778,
	85.6977 54.4214,
	85.7282 55.3959,
	85.7586 55.8832,
	85.8195 56.1268,
	86.0631 56.6141,
	86.185 56.675,
	86.2459 56.7054,
	86.3677 56.6141,
	86.3981 56.3704,
	86.3677 56.2486,
	86.1545 56.005,
	86.0327 55.7614,
	86.0327 54.7868,
	85.9718 54.2996,
	86.0327 54.1778,
	86.1545 54.0864,
	86.2763 54.0864,
	86.3981 54.0255,
	86.8854 53.9646,
	87.3727 54.0559,
	87.6163 54.0559,
	88.1036 54.1473,
	88.3472 54.2387,
	88.8345 54.5432,
	88.9563 54.5737,
	89.4435 55.0609,
	89.5349 55.3046,
	89.5654 55.5482,
	89.5349 55.7918,
	89.2913 56.2791,
	89.1695 56.4009,
	89.0476 56.6445,
	89.0172 57.1318,
	88.804 57.6191,
	88.6822 58.1063,
	88.6822 58.35,
	88.5908 58.5936,
	88.4386 58.8372,
	88.3472 59.0809,
	88.3472 59.1418,
	87.8904 59.5377,
	87.6468 59.629,
	87.4031 59.6595,
	87.1595 59.629,
	86.6722 59.6595,
	86.4286 59.629,
	85.9413 59.7204,
	85.6977 59.7508,
	85.6368 59.7508,
	85.1495 59.3245,
	85.0277 59.2636,
	84.5404 59.4159,
	84.2968 59.3549,
	84.0532 59.2331,
	83.9314 59.1113,
	83.6877 59.02,
	83.5659 58.959,
	83.4441 58.959,
	83.2005 58.8372,
	83.1396 58.8372,
	82.9264 58.5936,
	82.5305 57.6191,
	82.4696 57.1318,
	82.4696 56.8882,
	82.4696 56.8577,
	"/>
</Transform>

<Transform dim="0"
 xcoef=" 0 1 0 0 0 0"
 ycoef=" 0 0 1 0 0 0">
<Contour name="TB1_Shell_EM" hidden="false" closed="true" simplified="true" border="0 1 1" fill="0 1 1" mode="9"
 points="31.5697 50.0895,
	31.9604 48.8392,
	32.0385 48.214,
	32.6636 47.667,
	33.9139 47.0419,
	35.1642 46.8075,
	36.4145 46.8856,
	37.6648 47.1982,
	38.9151 47.9015,
	39.2276 48.0578,
	39.5402 48.3703,
	39.6965 48.6829,
	39.6965 49.308,
	39.8528 49.9332,
	39.8528 50.5583,
	40.1653 51.8086,
	40.1653 51.9649,
	39.8528 52.1212,
	39.6965 52.1212,
	39.6183 52.2775,
	39.9309 53.5277,
	40.0091 54.1529,
	40.0872 54.4655,
	39.8528 55.0906,
	39.7746 55.7157,
	39.3058 56.966,
	38.9151 57.5912,
	38.3681 58.1382,
	37.7429 58.3726,
	36.4926 58.4507,
	35.8675 58.4507,
	34.6172 58.1382,
	33.9921 57.8256,
	33.6795 57.6693,
	32.6636 56.4972,
	32.4292 55.872,
	32.5855 54.6217,
	32.5855 53.9966,
	32.5855 53.684,
	32.0385 52.4338,
	31.6478 51.8086,
	31.5697 50.5583,
	31.5697 50.2458,
	31.5697 50.1676,
	"/>
</Transform>

</Section>