<?xml version="1.0"?>
<!DOCTYPE Section SYSTEM "section.dtd">

<Section index="36" thickness="0.085" alignLocked="true">
<Transform dim="0"
 xcoef=" 0 1 0 0 0 0"
 ycoef=" 0 0 1 0 0 0">
<Image mag="0.0079" contrast="1" brightness="0" red="true" green="true" blue="true"
 src="Aligned TF21036.tif" />
<Contour name="domain1" hidden="false" closed="true" simplified="false" border="1 0 1" fill="1 0 1" mode="11"
 points="0 0,
	15991 0,
	15991 12171,
	0 12171,
	"/>
</Transform>

<Transform dim="0"
 xcoef=" 0 1 0 0 0 0"
 ycoef=" 0 0 1 0 0 0">
<Contour name="TB1_AP19_EM" hidden="false" closed="true" simplified="true" border="1 0 0" fill="0.501961 1 0" mode="15"
 points="31.1612 45.3558,
	31.203 45.3001,
	31.2448 45.0772,
	31.3144 44.8543,
	31.3702 44.7986,
	31.4398 44.5757,
	31.4677 44.4643,
	31.4955 44.4364,
	31.4955 44.4086,
	31.593 44.3111,
	31.6209 44.0882,
	31.7323 44.0185,
	31.8438 43.7956,
	31.8995 43.6842,
	31.9274 43.6285,
	31.9831 43.5867,
	32.0945 43.5728,
	32.206 43.5031,
	32.3035 43.4056,
	32.3313 43.3499,
	32.3592 43.322,
	32.3592 43.2942,
	32.401 43.2385,
	32.4149 43.1827,
	32.4985 43.0852,
	32.5263 43.0574,
	32.6378 43.0434,
	32.6935 43.0713,
	32.9164 43.0156,
	33.0278 43.0016,
	33.1393 42.9459,
	33.2507 42.8623,
	33.3621 42.8345,
	33.585 42.6952,
	33.6407 42.6813,
	33.6686 42.6534,
	33.8915 42.6255,
	34.1144 42.4444,
	34.5601 42.2355,
	34.783 42.1101,
	35.0059 42.0683,
	35.1173 41.9987,
	35.3402 41.8037,
	35.3959 41.7897,
	35.8417 41.8872,
	36.0645 41.8594,
	36.0924 41.8455,
	36.2038 41.9151,
	36.2596 41.9708,
	36.4128 42.1937,
	36.775 42.6395,
	36.9143 42.8623,
	37.1232 43.3081,
	37.1789 43.531,
	37.1929 43.6424,
	37.3322 44.0882,
	37.3879 44.3111,
	37.4018 44.4225,
	37.3879 44.4782,
	37.4575 44.924,
	37.4993 45.1468,
	37.5133 45.5926,
	37.4715 46.0384,
	37.4854 46.4841,
	37.4575 46.5956,
	37.4715 46.707,
	37.4157 47.1528,
	37.4436 47.5985,
	37.4018 47.8214,
	37.374 47.9328,
	37.3461 47.9886,
	37.2764 48.4343,
	37.2904 48.6572,
	37.3182 48.7686,
	37.374 48.8801,
	37.4436 49.1029,
	37.555 49.3258,
	37.6247 49.5487,
	37.6804 49.6601,
	37.7222 49.7159,
	37.8336 49.7576,
	37.8476 49.8134,
	37.8197 49.9248,
	37.7919 49.9805,
	37.7779 50.092,
	37.7501 50.1477,
	37.7222 50.3706,
	37.7361 50.8163,
	37.7501 50.9278,
	37.7361 51.0392,
	37.7361 51.0949,
	37.6804 51.2064,
	37.6665 51.2203,
	37.6943 51.276,
	37.6943 51.7218,
	37.7083 51.9446,
	37.7222 52.0561,
	37.7083 52.1675,
	37.764 52.3904,
	37.8476 52.6133,
	37.8476 52.669,
	37.7919 52.6969,
	37.7361 52.6829,
	37.7083 52.669,
	37.5968 52.7387,
	37.36 53.1844,
	37.1371 53.4073,
	36.6914 53.7416,
	36.58 53.8113,
	36.1342 53.9227,
	36.0785 53.9366,
	35.8556 53.8948,
	35.6327 53.8809,
	35.577 53.867,
	35.5213 53.8252,
	35.4098 53.7973,
	34.9641 53.8391,
	34.9084 53.867,
	34.6855 53.853,
	34.4626 53.7555,
	34.3512 53.7416,
	34.1283 53.658,
	33.6825 53.3376,
	33.4597 53.1565,
	33.2786 52.9337,
	33.1532 52.7108,
	32.9303 52.5018,
	32.8467 52.3904,
	32.7353 52.1675,
	32.5681 51.9446,
	32.4985 51.8332,
	32.3731 51.3874,
	32.2756 50.9417,
	32.2477 50.8303,
	32.1363 50.6074,
	32.1084 50.4959,
	32.1363 50.0502,
	32.0667 49.8273,
	32.0388 49.7159,
	32.0249 49.6601,
	32.0667 49.5487,
	32.0527 49.4373,
	31.997 49.3258,
	31.9134 49.2144,
	31.7184 48.7686,
	31.6906 48.6572,
	31.7045 48.5457,
	31.6488 48.3229,
	31.6209 48.1,
	31.4955 47.6542,
	31.4259 47.4314,
	31.3702 46.5398,
	31.3423 46.4284,
	31.3423 46.3727,
	31.2866 46.2612,
	31.2169 45.8155,
	31.1612 45.5926,
	31.1612 45.3697,
	"/>
</Transform>

<Transform dim="0"
 xcoef=" 0 1 0 0 0 0"
 ycoef=" 0 0 1 0 0 0">
<Contour name="TB1_AP15_EM" hidden="false" closed="true" simplified="true" border="1 0.2 0.2" fill="1 0.27451 0.27451" mode="9"
 points="28.7798 25.6473,
	28.8099 25.5268,
	28.84 25.4666,
	28.8702 25.4365,
	28.9304 25.4515,
	29.0057 25.572,
	29.0358 25.813,
	29.0358 25.8732,
	28.9906 25.9335,
	28.9605 25.9636,
	28.9003 25.9636,
	28.825 25.8431,
	28.7949 25.7226,
	28.7798 25.6624,
	"/>
</Transform>

<Transform dim="0"
 xcoef=" 0 1 0 0 0 0"
 ycoef=" 0 0 1 0 0 0">
<Contour name="TB1_AP15_EM" hidden="false" closed="true" simplified="true" border="1 0.2 0.2" fill="1 0.27451 0.27451" mode="9"
 points="28.7346 21.9425,
	28.8099 21.8221,
	28.84 21.7919,
	28.9605 21.7769,
	29.0057 21.6564,
	29.0358 21.5962,
	29.066 21.566,
	29.0961 21.5811,
	29.1111 21.6413,
	29.066 21.8823,
	28.8702 22.1233,
	28.8099 22.1684,
	28.7798 22.1684,
	28.7497 22.1082,
	28.7346 21.9877,
	28.7346 21.9576,
	"/>
</Transform>

<Transform dim="0"
 xcoef=" 0 1 0 0 0 0"
 ycoef=" 0 0 1 0 0 0">
<Contour name="TB1_AP33_EM" hidden="false" closed="true" simplified="true" border="0 0.843137 0" fill="1 0 0" mode="9"
 points="40.69 23.0931,
	40.7437 23.0215,
	40.7616 22.9499,
	40.7079 22.8067,
	40.7974 22.5202,
	40.8511 22.2338,
	40.9227 22.0906,
	40.9585 22.019,
	40.9943 21.9832,
	41.0659 21.9653,
	41.1196 21.8937,
	41.2091 21.6072,
	41.227 21.5356,
	41.3165 21.3924,
	41.3702 21.2492,
	41.4418 21.2134,
	41.4955 21.2134,
	41.5134 21.285,
	41.5134 21.3208,
	41.5492 21.3566,
	41.6208 21.3387,
	41.6566 21.3029,
	41.7999 21.2671,
	41.7283 21.4103,
	41.7462 21.4819,
	41.8178 21.4819,
	41.961 21.3924,
	42.1221 21.106,
	41.9968 20.8196,
	41.9789 20.7838,
	41.9968 20.7121,
	42.1042 20.6405,
	42.3906 20.7838,
	42.5338 20.8196,
	42.6054 20.8196,
	42.6771 20.7838,
	42.7129 20.4973,
	42.7487 20.3541,
	42.7487 20.2825,
	42.8382 20.1393,
	43.3931 19.5843,
	43.5005 19.2979,
	43.5542 19.0115,
	43.5542 18.725,
	43.59 18.4386,
	43.6616 18.2954,
	43.9302 18.0269,
	44.0734 17.8837,
	44.1271 17.83,
	44.0734 17.7584,
	44.0555 17.7225,
	44.1271 17.6688,
	44.1987 17.6688,
	44.2703 17.633,
	44.3061 17.6151,
	44.4493 17.7046,
	44.5746 17.8479,
	44.6462 17.9016,
	44.6821 18.4744,
	44.5925 18.7609,
	44.4314 19.0473,
	44.3598 19.1905,
	44.2345 19.7634,
	44.2166 19.9066,
	44.1987 19.9782,
	44.2166 20.1214,
	44.1987 20.2646,
	44.2166 20.551,
	44.2345 20.6942,
	44.145 21.2671,
	44.1987 21.5535,
	44.2166 21.6967,
	44.2345 21.7684,
	44.1629 22.0548,
	44.145 22.1264,
	44.1629 22.2696,
	44.1808 22.3412,
	44.1092 22.6276,
	44.0734 22.7709,
	44.1092 23.0573,
	44.0913 23.3437,
	43.9839 23.9166,
	43.966 24.203,
	43.9481 24.3462,
	44.0376 24.9191,
	44.0018 25.2055,
	44.0197 25.3487,
	43.8944 25.9216,
	43.8765 26.0648,
	43.8765 26.1364,
	43.8765 26.1722,
	43.9123 26.1901,
	44.0555 26.1006,
	44.0913 26.1364,
	44.0734 26.2796,
	43.8765 26.8525,
	43.7512 27.1389,
	43.6616 27.2821,
	43.5542 27.5685,
	43.5542 27.7118,
	43.5363 27.7834,
	43.4647 27.8371,
	43.4289 27.8371,
	43.3573 27.9087,
	43.232 28.1951,
	43.1783 28.3383,
	43.0709 28.4815,
	42.9993 28.768,
	42.9814 28.9112,
	42.8561 29.1976,
	42.8024 29.484,
	42.8203 29.6272,
	42.874 29.7705,
	42.9993 29.9137,
	43.2857 30.4865,
	43.3036 30.6297,
	43.2857 30.773,
	43.3931 31.0594,
	43.4647 31.3458,
	43.5005 31.6322,
	43.4826 31.9187,
	43.5005 32.0619,
	43.5363 32.0977,
	43.5721 32.0798,
	43.6616 32.6526,
	43.7512 32.9391,
	43.787 33.0823,
	43.7691 33.1539,
	43.8586 33.4403,
	43.9302 33.5835,
	43.966 33.7268,
	43.9481 34.0132,
	43.966 34.1564,
	43.9123 34.4428,
	43.8586 34.586,
	43.8407 34.6577,
	43.6975 34.7472,
	43.6079 34.6039,
	43.5184 34.3175,
	43.232 33.7447,
	43.1604 33.6014,
	43.1067 33.0286,
	43.053 32.7422,
	42.9277 32.4557,
	42.9277 32.3841,
	42.8024 32.0977,
	42.6233 31.5248,
	42.5517 30.952,
	42.5338 30.8088,
	42.4085 30.5223,
	42.3369 30.2359,
	42.319 30.0927,
	42.2116 29.8063,
	42.14 29.663,
	42.0147 29.0902,
	41.9252 28.8038,
	41.8894 28.6605,
	41.7641 28.3741,
	41.7104 28.0877,
	41.7283 27.5148,
	41.6745 26.942,
	41.6566 26.7988,
	41.6387 26.7272,
	41.7462 26.4407,
	41.7462 26.2975,
	41.4776 25.7247,
	41.2807 25.1518,
	41.2628 25.0802,
	41.2807 25.0086,
	41.227 24.8654,
	41.3165 24.5789,
	41.3344 24.4357,
	41.3165 24.2925,
	41.1912 24.0061,
	41.1017 23.8629,
	40.9764 23.7197,
	40.8869 23.4332,
	40.7079 23.1468,
	40.69 23.111,
	"/>
</Transform>

<Transform dim="0"
 xcoef=" 0 1 0 0 0 0"
 ycoef=" 0 0 1 0 0 0">
<Contour name="TB1_AP05_EM" hidden="false" closed="true" simplified="true" border="0.101961 1 0.101961" fill="1 0 0" mode="9"
 points="38.7928 53.6114,
	38.8281 53.5937,
	38.9516 53.7349,
	39.0927 53.7878,
	39.2339 53.8054,
	39.2868 53.7349,
	39.3397 53.4526,
	39.2868 53.1703,
	39.3044 53.0998,
	39.6925 52.5353,
	39.9748 51.4062,
	40.0101 51.2651,
	40.1512 50.9828,
	40.2394 50.4183,
	40.3805 49.8538,
	40.4511 49.5716,
	40.4864 49.4304,
	40.4687 49.1482,
	40.5569 48.8659,
	40.6804 48.5837,
	40.8216 48.0191,
	40.9098 47.7369,
	40.9274 47.4546,
	40.8921 47.1724,
	40.8921 46.8901,
	40.8568 46.8195,
	40.8216 46.7843,
	40.8039 46.7137,
	40.751 46.6431,
	40.7334 46.5726,
	40.6452 46.4314,
	40.4335 45.8669,
	40.4511 45.7258,
	40.3982 45.4435,
	40.3629 45.373,
	40.0983 45.0907,
	40.0454 45.0201,
	39.8866 44.4556,
	39.4808 43.3266,
	39.5161 42.7621,
	39.5161 42.4798,
	39.4632 42.3387,
	39.4103 42.2858,
	39.3926 42.2681,
	39.3221 42.3034,
	39.2515 42.374,
	39.2339 42.2329,
	39.4103 41.9506,
	39.4456 41.8095,
	39.4456 41.7389,
	39.5867 41.4566,
	39.6749 41.3155,
	39.9571 41.1567,
	40.0983 41.1038,
	40.2394 41.0862,
	40.5217 41.1215,
	40.8039 41.192,
	40.945 41.2097,
	41.2273 41.3155,
	41.5096 41.2449,
	41.5801 41.2273,
	41.8624 41.3332,
	42.1446 41.4919,
	42.2858 41.5801,
	42.3563 41.6154,
	42.6386 41.8624,
	43.2031 42.4269,
	43.4854 42.6915,
	43.5559 42.8326,
	43.6265 43.3972,
	43.6618 43.6794,
	43.6794 43.8206,
	43.7676 44.1028,
	43.7853 44.2439,
	43.8206 44.3145,
	43.9617 44.3851,
	43.997 44.4204,
	43.9793 44.4909,
	43.8558 44.632,
	43.7853 44.7732,
	43.7147 45.0554,
	43.6618 45.1966,
	43.6089 45.2671,
	43.4501 45.8316,
	43.3619 46.1139,
	42.4622 47.2429,
	42.2681 47.5252,
	42.2152 47.8074,
	42.2505 48.372,
	42.2329 48.4425,
	42.2329 48.4778,
	42.0035 48.7601,
	41.4566 49.3246,
	41.4037 49.3951,
	41.3684 49.6774,
	41.4214 49.9597,
	41.5448 50.1008,
	41.8271 50.2772,
	41.9682 50.4007,
	41.9859 50.4713,
	41.9506 50.5418,
	41.8095 50.6477,
	41.6507 50.9299,
	41.1038 52.059,
	41.0156 52.6235,
	40.998 52.7646,
	40.945 52.9057,
	40.8216 54.0348,
	40.8039 54.5993,
	40.8568 55.7283,
	40.8216 56.0106,
	40.7863 56.0811,
	40.7157 56.1164,
	40.5746 56.0811,
	40.4335 56.1693,
	40.3629 56.2399,
	40.2218 56.5222,
	40.1336 56.6633,
	40.0101 56.8044,
	39.9748 56.875,
	39.9571 57.1572,
	39.9042 57.2984,
	39.7631 57.3513,
	39.6925 57.3513,
	39.6043 57.2102,
	39.5514 56.9279,
	39.569 56.6457,
	39.5338 56.3634,
	39.2868 55.7989,
	39.1809 55.5166,
	39.128 54.9521,
	39.1457 54.6698,
	39.0927 54.1053,
	39.0398 53.9642,
	38.934 53.8231,
	38.8634 53.7525,
	38.7928 53.629,
	"/>
</Transform>

<Transform dim="0"
 xcoef=" 0 1 0 0 0 0"
 ycoef=" 0 0 1 0 0 0">
<Contour name="TB1_NF02_EM" hidden="false" closed="true" simplified="true" border="0 0.501961 1" fill="0 0.501961 1" mode="-9"
 points="30.6542 43.5564,
	30.7004 43.4333,
	30.7158 43.1869,
	30.7928 43.0637,
	30.916 43.0176,
	30.9776 42.8944,
	31.0084 42.8328,
	31.1315 42.7712,
	31.2547 42.7404,
	31.3163 42.725,
	31.4395 42.7712,
	31.501 42.8174,
	31.5472 42.8328,
	31.5626 42.802,
	31.6242 42.9252,
	31.655 42.956,
	31.732 43.2023,
	31.7936 43.3255,
	31.8244 43.4487,
	31.8244 43.5718,
	31.7628 43.8182,
	31.7166 43.9413,
	31.5626 44.1877,
	31.5164 44.3109,
	31.4549 44.357,
	31.3317 44.3724,
	31.0853 44.3416,
	31.0238 44.3263,
	31.0084 44.3416,
	30.8852 44.2647,
	30.839 44.2031,
	30.7928 43.9567,
	30.6542 43.7104,
	30.6542 43.5872,
	30.6542 43.5718,
	"/>
</Transform>

<Transform dim="0"
 xcoef=" 0 1 0 0 0 0"
 ycoef=" 0 0 1 0 0 0">
<Contour name="TB1_NF02_EM" hidden="false" closed="true" simplified="true" border="0 0.501961 1" fill="0 0.501961 1" mode="-9"
 points="35.368 41.5965,
	35.4292 41.5266,
	35.4642 41.5091,
	35.4905 41.4391,
	35.4992 41.3691,
	35.4642 41.0892,
	35.4642 41.0717,
	35.4992 41.0454,
	35.5342 41.0367,
	35.6742 41.1329,
	35.7442 41.1504,
	35.8841 41.1329,
	35.9541 41.1241,
	36.0241 41.0979,
	36.0591 41.0979,
	36.1203 41.0367,
	36.1553 41.0192,
	36.2953 41.0104,
	36.4352 41.0367,
	36.4702 41.0454,
	36.5402 41.1067,
	36.6364 41.2466,
	36.6802 41.3079,
	36.7502 41.3428,
	36.8202 41.3953,
	37.0214 41.6753,
	37.2488 41.9552,
	37.3275 42.0952,
	37.3538 42.1302,
	37.3888 42.2701,
	37.3713 42.3401,
	37.3188 42.4101,
	37.2838 42.4451,
	37.0039 42.5413,
	36.8639 42.5326,
	36.8289 42.5151,
	36.6889 42.3751,
	36.4527 42.0952,
	36.3215 41.9552,
	36.2515 41.9027,
	36.1116 41.8327,
	36.0416 41.8152,
	35.9016 41.824,
	35.7616 41.8152,
	35.4817 41.7278,
	35.4467 41.719,
	35.3855 41.649,
	35.368 41.614,
	35.368 41.6053,
	"/>
</Transform>

<Transform dim="0"
 xcoef=" 0 1 0 0 0 0"
 ycoef=" 0 0 1 0 0 0">
<Contour name="TB1_AP49_EM" hidden="false" closed="true" simplified="true" border="0 1 1" fill="0 1 0" mode="9"
 points="32.7773 16.5136,
	32.8273 16.247,
	32.8606 16.1137,
	32.9272 15.9804,
	32.9772 15.9137,
	32.9939 15.8471,
	33.1439 15.5804,
	33.1772 15.4471,
	33.1938 15.1805,
	33.1938 15.0472,
	33.2938 14.514,
	33.3272 14.4473,
	33.3272 14.3807,
	33.4271 14.1141,
	33.5604 13.8474,
	33.7604 13.5975,
	33.8771 13.4808,
	34.0104 13.3975,
	34.077 13.3642,
	34.1103 13.3309,
	34.377 13.2475,
	34.4436 13.1976,
	34.4769 13.1642,
	34.5103 13.1642,
	34.7769 13.0143,
	34.9102 12.9976,
	35.0435 13.0143,
	35.1768 13.0976,
	35.4434 13.1809,
	35.5434 13.4475,
	35.5934 13.5142,
	35.5268 13.5475,
	35.4601 13.5475,
	35.4268 13.5642,
	35.5101 13.8308,
	35.5601 13.9641,
	35.5767 14.0974,
	35.5434 14.2307,
	35.5268 14.2974,
	35.4934 14.3307,
	35.4768 14.3973,
	35.4434 14.4307,
	35.4434 14.464,
	35.3601 14.5973,
	35.3101 14.6639,
	35.2435 14.6973,
	35.2101 14.6973,
	35.1768 14.6639,
	35.3101 14.1307,
	35.3435 13.9974,
	35.3435 13.8641,
	35.2935 13.8141,
	35.1602 13.7641,
	35.0268 13.6808,
	34.9602 13.6475,
	34.8269 13.6641,
	34.6936 13.7141,
	34.6269 13.7641,
	34.5936 13.7641,
	34.5269 13.8308,
	34.3936 14.0974,
	34.3603 14.1307,
	34.277 14.3973,
	34.227 14.6639,
	34.227 14.7973,
	34.2437 14.8639,
	34.2936 14.9306,
	34.427 14.9306,
	34.4936 14.9139,
	34.5269 14.9472,
	34.3103 15.4805,
	33.7937 15.9804,
	33.5438 16.1637,
	33.2938 16.6969,
	33.2438 16.8302,
	33.2272 16.9635,
	33.1772 17.0968,
	33.1105 17.1468,
	33.0439 17.1468,
	32.9772 17.1135,
	32.8772 16.9802,
	32.8106 16.8469,
	32.7773 16.7802,
	32.7773 16.5303,
	"/>
</Transform>

<Transform dim="0"
 xcoef=" 0 1 0 0 0 0"
 ycoef=" 0 0 1 0 0 0">
<Contour name="TB1_NF3_RSL" hidden="false" closed="true" simplified="true" border="1 0.501961 0.25098" fill="1 0.501961 0" mode="-9"
 points="33.0211 25.3681,
	33.0523 25.285,
	33.1353 25.2435,
	33.2184 25.2331,
	33.2911 25.1708,
	33.3326 25.1708,
	33.3534 25.1812,
	33.3223 25.15,
	33.3326 25.1293,
	33.4157 25.1916,
	33.4572 25.2331,
	33.478 25.2747,
	33.478 25.2954,
	33.5092 25.337,
	33.5299 25.42,
	33.5196 25.5031,
	33.4469 25.5862,
	33.3742 25.6173,
	33.3638 25.6589,
	33.3326 25.69,
	33.2496 25.7004,
	33.1665 25.6277,
	33.0419 25.472,
	33.0211 25.4304,
	33.0211 25.3889,
	33.0211 25.3785,
	"/>
</Transform>

<Transform dim="0"
 xcoef=" 0 1 0 0 0 0"
 ycoef=" 0 0 1 0 0 0">
<Contour name="TB1_NF4_RSL" hidden="false" closed="true" simplified="true" border="1 1 0.501961" fill="1 1 0.501961" mode="-9"
 points="38.5454 25.4408,
	38.5766 25.3577,
	38.5973 25.3162,
	38.6181 25.2954,
	38.6285 25.2124,
	38.6181 25.1293,
	38.6181 25.0877,
	38.6908 25.0151,
	38.7323 25.0047,
	38.8154 25.0358,
	38.8569 25.067,
	38.8881 25.15,
	38.8777 25.3162,
	38.8673 25.3993,
	38.805 25.4823,
	38.7635 25.4927,
	38.6804 25.5654,
	38.6389 25.5862,
	38.5973 25.5862,
	38.5558 25.5654,
	38.5454 25.4823,
	38.5454 25.4512,
	"/>
</Transform>

<Transform dim="0"
 xcoef=" 0 1 0 0 0 0"
 ycoef=" 0 0 1 0 0 0">
<Contour name="TB1_NF5_RSL" hidden="false" closed="true" simplified="true" border="0.501961 1 0.501961" fill="0.501961 1 0.501961" mode="-9"
 points="38.7635 24.6205,
	38.8362 24.4543,
	38.9192 24.3816,
	39.0023 24.3505,
	39.0335 24.3089,
	39.1165 24.2674,
	39.1996 24.2778,
	39.2827 24.3089,
	39.3657 24.3712,
	39.4696 24.527,
	39.5111 24.6932,
	39.5215 24.7762,
	39.48 24.8593,
	39.4592 24.9008,
	39.2931 25.0358,
	39.2204 25.0877,
	39.1788 25.1085,
	39.0958 25.0981,
	39.0542 25.0774,
	38.9815 24.9943,
	38.9088 24.8281,
	38.8569 24.7451,
	38.7842 24.6932,
	38.7635 24.6724,
	38.7635 24.6308,
	"/>
</Transform>

<Transform dim="0"
 xcoef=" 0 1 0 0 0 0"
 ycoef=" 0 0 1 0 0 0">
<Contour name="TB1_NF6_RSL" hidden="false" closed="true" simplified="true" border="1 0.501961 0.501961" fill="1 0.501961 0.501961" mode="-9"
 points="29.9198 17.8985,
	29.9523 17.7944,
	29.9588 17.7683,
	30.0304 17.6772,
	30.1346 17.5861,
	30.2387 17.5145,
	30.2908 17.521,
	30.3168 17.5405,
	30.3754 17.6447,
	30.3819 17.7488,
	30.3624 17.9571,
	30.3559 17.9831,
	30.3624 17.9961,
	30.3298 18.0482,
	30.3233 18.0352,
	30.3298 18.0091,
	30.3103 18.0222,
	30.2127 18.1263,
	30.1606 18.1719,
	30.1346 18.1849,
	30.1215 18.1979,
	30.0955 18.1979,
	30.0825 18.2044,
	30.0304 18.1784,
	29.9849 18.1328,
	29.9588 18.1068,
	29.9263 18.0026,
	29.9198 17.905,
	"/>
</Transform>

<Transform dim="0"
 xcoef=" 0 1 0 0 0 0"
 ycoef=" 0 0 1 0 0 0">
<Contour name="TB1_NF7_RSL" hidden="false" closed="true" simplified="true" border="1 0.501961 0" fill="1 0.501961 0" mode="-9"
 points="46.3102 9.59874,
	46.4311 9.3011,
	46.4683 9.15229,
	46.5427 9.09648,
	46.6171 9.08718,
	46.6543 9.09648,
	46.7008 9.16159,
	46.7287 9.45922,
	46.7473 9.60804,
	46.7473 9.75686,
	46.7194 9.83127,
	46.6729 9.90567,
	46.6543 9.92428,
	46.5799 9.92428,
	46.5055 9.90567,
	46.366 9.77546,
	46.3195 9.70105,
	46.3102 9.62664,
	46.3102 9.60804,
	"/>
<Contour name="TB1_NF7_RSL" hidden="false" closed="true" simplified="true" border="1 0.501961 0" fill="1 0.501961 0" mode="-9"
 points="45.6126 10.8079,
	45.6405 10.7335,
	45.6591 10.7056,
	45.7242 10.6312,
	45.873 10.5754,
	45.9102 10.5381,
	45.9847 10.5381,
	46.0033 10.5381,
	46.1242 10.687,
	46.273 10.7893,
	46.3474 10.8358,
	46.4032 10.9102,
	46.4218 10.9474,
	46.459 10.9846,
	46.4962 11.059,
	46.552 11.1334,
	46.5892 11.2078,
	46.7101 11.3566,
	46.7473 11.4311,
	46.7752 11.4683,
	46.8125 11.6171,
	46.8031 11.9147,
	46.7938 11.9891,
	46.6822 12.2868,
	46.6171 12.3612,
	46.5427 12.3984,
	46.5055 12.4263,
	46.4311 12.4449,
	46.4032 12.4542,
	46.4218 12.4728,
	46.4125 12.4821,
	46.3753 12.4542,
	46.3567 12.4356,
	46.3195 12.4263,
	46.2916 12.3984,
	46.2172 12.3705,
	46.1428 12.3612,
	46.0684 12.3147,
	45.9474 12.1751,
	45.8916 12.1007,
	45.8637 12.0635,
	45.78 11.7659,
	45.7614 11.6171,
	45.6777 11.3194,
	45.6498 11.1706,
	45.6405 11.0218,
	45.6219 10.9474,
	45.6219 10.873,
	45.6126 10.8358,
	45.6126 10.8172,
	"/>
</Transform>

<Transform dim="0"
 xcoef=" 0 1 0 0 0 0"
 ycoef=" 0 0 1 0 0 0">
<Contour name="TB1_NF7_RSL" hidden="false" closed="true" simplified="true" border="1 0.501961 0" fill="1 0.501961 0" mode="-9"
 points="40.683 11.3566,
	40.7016 11.3194,
	40.7388 11.2915,
	40.7574 11.2729,
	40.776 11.2729,
	40.7946 11.2543,
	40.869 11.2357,
	40.9063 11.2357,
	40.9435 11.2171,
	41.2411 11.1985,
	41.5387 11.245,
	41.8364 11.3194,
	41.9108 11.338,
	42.2084 11.3287,
	42.3572 11.3008,
	42.506 11.245,
	42.5432 11.2171,
	42.6177 11.1892,
	42.6549 11.1613,
	42.9525 11.059,
	42.9897 11.0311,
	43.1385 10.9846,
	43.4362 10.966,
	43.5106 10.966,
	43.5478 10.9753,
	43.5664 10.9753,
	43.6036 11.0032,
	43.6222 11.0404,
	43.6222 11.0776,
	43.6222 11.0962,
	43.5478 11.1613,
	43.5292 11.1799,
	43.4548 11.1985,
	43.1571 11.338,
	43.0827 11.3659,
	43.0548 11.3752,
	43.0455 11.3566,
	42.9711 11.3752,
	42.8223 11.4497,
	42.7479 11.4869,
	42.4502 11.7008,
	42.3758 11.7473,
	42.227 11.7659,
	42.1526 11.7752,
	42.0782 11.7659,
	41.9294 11.7845,
	41.855 11.7938,
	41.7061 11.7659,
	41.6875 11.7473,
	41.6689 11.7473,
	41.5945 11.7008,
	41.5573 11.6729,
	41.4085 11.6078,
	41.2597 11.5613,
	41.1853 11.552,
	41.0365 11.5613,
	40.8876 11.5427,
	40.8132 11.5241,
	40.7388 11.4776,
	40.7016 11.4497,
	40.683 11.3752,
	40.683 11.3659,
	"/>
<Contour name="TB1_NF7_RSL" hidden="false" closed="true" simplified="true" border="1 0.501961 0" fill="1 0.501961 0" mode="-9"
 points="42.6549 10.5475,
	42.72 10.4823,
	43.0083 10.3521,
	43.3059 10.1568,
	43.4455 10.0545,
	43.5199 10.0173,
	43.5571 10.0173,
	43.5757 10.0173,
	43.6129 10.0452,
	43.6315 10.0638,
	43.6408 10.101,
	43.6315 10.1196,
	43.4827 10.1754,
	43.4082 10.2126,
	43.371 10.2312,
	43.3338 10.3056,
	43.3524 10.4544,
	43.3896 10.5288,
	43.3896 10.5475,
	43.5106 10.6963,
	43.6594 10.7893,
	43.7338 10.8079,
	43.7617 10.7986,
	43.7803 10.7614,
	43.7896 10.7521,
	43.7803 10.7149,
	43.7989 10.7056,
	43.8175 10.78,
	43.8547 10.8172,
	43.9291 10.8451,
	44.0779 10.8637,
	44.3756 10.9288,
	44.4128 10.9567,
	44.4314 11.0311,
	44.4035 11.1799,
	44.3477 11.3287,
	44.2732 11.3752,
	44.1988 11.3939,
	44.1244 11.3845,
	44.0872 11.3752,
	43.957 11.2543,
	43.8826 11.2078,
	43.7338 11.1613,
	43.6966 11.1613,
	43.6036 11.0125,
	43.5757 10.9753,
	43.5013 10.9474,
	43.4641 10.9381,
	43.1664 10.966,
	43.1013 11.0032,
	43.0641 11.0218,
	42.9897 11.0218,
	42.9153 10.9939,
	42.8967 10.9846,
	42.906 10.9753,
	42.8223 10.8358,
	42.72 10.687,
	42.6642 10.6126,
	42.6549 10.5754,
	42.6549 10.5568,
	"/>
</Transform>

<Transform dim="0"
 xcoef=" 0 1 0 0 0 0"
 ycoef=" 0 0 1 0 0 0">
<Contour name="TB1_NF8_RSL" hidden="false" closed="true" simplified="true" border="0 0 0.627451" fill="0 0 0.627451" mode="-9"
 points="46.7211 9.36461,
	46.7331 9.34062,
	46.7331 9.31664,
	46.7511 9.26868,
	46.907 9.08882,
	47.0029 9.07084,
	47.0509 9.07683,
	47.1468 9.1188,
	47.1947 9.15477,
	47.2127 9.17875,
	47.2247 9.18475,
	47.2427 9.23271,
	47.2547 9.2447,
	47.2547 9.19674,
	47.2607 9.18475,
	47.2787 9.23271,
	47.2847 9.25669,
	47.2907 9.26868,
	47.2847 9.28067,
	47.2607 9.26269,
	47.2367 9.45454,
	47.2307 9.55046,
	47.2247 9.59842,
	47.1827 9.69435,
	47.1648 9.74231,
	47.1588 9.76629,
	47.1228 9.81425,
	47.0748 9.85022,
	47.0269 9.86221,
	46.9789 9.85022,
	46.9669 9.83823,
	46.9429 9.83224,
	46.9309 9.83224,
	46.919 9.82025,
	46.907 9.82025,
	46.859 9.78427,
	46.841 9.76029,
	46.817 9.7483,
	46.7751 9.70634,
	46.7451 9.65837,
	46.7331 9.61041,
	46.7211 9.41856,
	46.7211 9.3706,
	"/>
</Transform>

<Transform dim="0"
 xcoef=" 0 1 0 0 0 0"
 ycoef=" 0 0 1 0 0 0">
<Contour name="TB1_NF9_RSL" hidden="false" closed="true" simplified="true" border="0.501961 0.501961 0" fill="0.501961 0.501961 0" mode="-9"
 points="37.5889 32.9597,
	37.6552 32.827,
	37.6967 32.6943,
	37.7548 32.5615,
	37.788 32.4952,
	37.8377 32.4288,
	37.8709 32.3956,
	37.8875 32.3624,
	37.9456 32.2961,
	38.0285 32.1633,
	38.153 32.0389,
	38.2857 31.9476,
	38.3521 31.8979,
	38.4185 31.873,
	38.5512 31.8813,
	38.6839 31.8647,
	38.7171 31.8647,
	38.7752 31.9061,
	38.8996 32.014,
	38.9494 32.0804,
	39.0241 32.3458,
	39.0489 32.4786,
	39.0489 32.5449,
	38.9743 32.8104,
	38.9494 32.8768,
	38.9328 32.91,
	38.9162 32.9265,
	38.9079 32.9597,
	38.8747 32.9929,
	38.8332 33.0593,
	38.7752 33.1256,
	38.7088 33.1671,
	38.5761 33.275,
	38.518 33.3413,
	38.4931 33.3579,
	38.4267 33.416,
	38.3604 33.4575,
	38.2276 33.4907,
	38.0949 33.4824,
	38.0285 33.4658,
	37.9622 33.4326,
	37.9456 33.4326,
	37.8211 33.3248,
	37.7797 33.2667,
	37.7216 33.2003,
	37.6635 33.1505,
	37.6137 33.0842,
	37.5889 33.0178,
	37.5889 32.9846,
	37.5889 32.968,
	"/>
</Transform>

<Transform dim="0"
 xcoef=" 0 1 0 0 0 0"
 ycoef=" 0 0 1 0 0 0">
<Contour name="TB1_NF12_RSL" hidden="false" closed="true" simplified="true" border="1 1 0.501961" fill="1 1 0.501961" mode="-9"
 points="36.6896 12.6571,
	36.7734 12.389,
	36.8153 12.322,
	36.8572 12.188,
	36.8823 12.121,
	36.8991 12.0875,
	36.9326 12.054,
	36.9493 12.0372,
	37.0833 12.1294,
	37.209 12.2634,
	37.3179 12.3974,
	37.4017 12.5314,
	37.4352 12.5985,
	37.4435 12.6655,
	37.4435 12.699,
	37.5022 12.7157,
	37.4854 12.7492,
	37.4938 12.8162,
	37.5022 12.8498,
	37.477 12.9168,
	37.3849 13.0508,
	37.2593 13.1597,
	37.1922 13.2099,
	37.1252 13.2183,
	37.0917 13.2183,
	36.9661 13.1346,
	36.9158 13.0843,
	36.7818 13.0005,
	36.7231 12.9335,
	36.698 12.8665,
	36.6896 12.7325,
	36.6896 12.6655,
	"/>
</Transform>

<Transform dim="0"
 xcoef=" 0 1 0 0 0 0"
 ycoef=" 0 0 1 0 0 0">
<Contour name="TB1_NF13_RSL" hidden="false" closed="true" simplified="true" border="0.25098 0 0.501961" fill="0.25098 0 0.501961" mode="-9"
 points="31.2107 62.2269,
	31.2593 62.0046,
	31.2802 61.9769,
	31.2802 61.963,
	31.3844 61.8518,
	31.433 61.8101,
	31.4608 61.7893,
	31.5164 61.7754,
	31.7386 61.7685,
	31.7664 61.7685,
	31.8776 61.824,
	32.0929 61.9769,
	32.1485 62.0116,
	32.1624 62.0324,
	32.218 62.0741,
	32.4055 62.2964,
	32.4333 62.352,
	32.5167 62.4631,
	32.5722 62.4978,
	32.6834 62.5951,
	32.732 62.7062,
	32.7389 62.8174,
	32.7389 62.873,
	32.732 62.9007,
	32.7042 62.9146,
	32.6903 62.9146,
	32.6348 62.9633,
	32.5792 62.998,
	32.5514 63.0188,
	32.5375 63.0188,
	32.5236 63.0327,
	32.5097 63.0327,
	32.5097 63.0605,
	32.4819 63.0813,
	32.468 63.0813,
	32.4541 63.0952,
	32.343 63.13,
	32.2319 63.1369,
	32.0096 63.0883,
	31.954 63.0813,
	31.8428 63.0466,
	31.7317 62.998,
	31.7178 62.998,
	31.7039 62.9841,
	31.5928 62.9355,
	31.4886 62.873,
	31.4399 62.8382,
	31.3913 62.7896,
	31.3566 62.734,
	31.2663 62.5117,
	31.2454 62.4562,
	31.2454 62.4423,
	31.2316 62.4284,
	31.2107 62.3172,
	31.2107 62.2617,
	31.2107 62.2339,
	"/>
</Transform>

<Transform dim="0"
 xcoef=" 0 1 0 0 0 0"
 ycoef=" 0 0 1 0 0 0">
<Contour name="TB1_NF13_RSL" hidden="false" closed="true" simplified="true" border="0.25098 0 0.501961" fill="0.25098 0 0.501961" mode="-9"
 points="40.262 63.0327,
	40.3037 62.8104,
	40.3662 62.5881,
	40.4287 62.477,
	40.4287 62.4631,
	40.4635 62.4075,
	40.5677 62.3172,
	40.6788 62.2825,
	40.7344 62.2756,
	40.79 62.2825,
	40.8455 62.3033,
	40.8733 62.3172,
	40.9289 62.3728,
	41.0053 62.477,
	41.047 62.6993,
	41.0817 62.8104,
	41.1026 62.9216,
	41.1095 63.0327,
	41.0956 63.1439,
	41.047 63.255,
	41.0331 63.2828,
	40.9984 63.5051,
	40.9775 63.6162,
	40.9636 63.6718,
	40.9497 63.6996,
	40.8942 63.7065,
	40.8386 63.6996,
	40.783 63.6718,
	40.7552 63.6649,
	40.7413 63.651,
	40.5191 63.5884,
	40.4913 63.5884,
	40.4357 63.5468,
	40.3593 63.4356,
	40.3107 63.3245,
	40.2759 63.2133,
	40.262 63.1022,
	40.262 63.0466,
	40.262 63.0397,
	"/>
</Transform>

<Transform dim="0"
 xcoef=" 0 1 0 0 0 0"
 ycoef=" 0 0 1 0 0 0">
<Contour name="TB1_NF13_RSL" hidden="false" closed="true" simplified="true" border="0.25098 0 0.501961" fill="0.25098 0 0.501961" mode="-9"
 points="39.8469 57.3598,
	39.8704 57.266,
	39.9642 57.0783,
	40.0111 56.9845,
	40.058 56.7968,
	40.0932 56.7499,
	40.105 56.7029,
	40.2223 56.5153,
	40.3044 56.3276,
	40.3396 56.2337,
	40.4217 56.1399,
	40.6093 56.0226,
	40.7032 56.0109,
	40.797 56.1047,
	40.9261 56.2924,
	40.9261 56.3393,
	40.9847 56.527,
	41.0199 56.7147,
	41.2428 57.4654,
	41.2662 57.5592,
	41.2193 57.7469,
	41.1724 57.8407,
	41.0785 57.9346,
	40.9261 58.1223,
	40.7501 58.263,
	40.7149 58.3099,
	40.6797 58.4038,
	40.668 58.4507,
	40.6797 58.4742,
	40.6563 58.568,
	40.6797 58.6149,
	40.6797 58.6384,
	40.9378 59.0137,
	40.973 59.1076,
	40.9964 59.4829,
	40.9847 59.8583,
	40.9612 60.046,
	40.9378 60.1398,
	40.8909 60.2337,
	40.8439 60.2806,
	40.797 60.2923,
	40.6093 60.2337,
	40.5155 60.175,
	40.4686 60.1398,
	40.4099 60.046,
	40.3161 59.6706,
	40.1871 59.2953,
	40.1167 59.1076,
	40.0698 58.9199,
	40.0698 58.873,
	39.9642 58.4976,
	39.9173 58.3099,
	39.8586 57.5592,
	39.8469 57.3715,
	"/>
</Transform>

<Transform dim="0"
 xcoef=" 0 1 0 0 0 0"
 ycoef=" 0 0 1 0 0 0">
<Contour name="TB1_AP40_atM02_RSL" hidden="false" closed="true" simplified="true" border="1 0 0" fill="1 0 0" mode="-9"
 points="37.5768 32.4296,
	37.5941 32.3605,
	37.6287 32.2914,
	37.7409 32.1618,
	37.7755 32.0927,
	37.8014 31.9546,
	37.81 31.8164,
	37.8187 31.7818,
	37.8705 31.7127,
	37.9396 31.6609,
	38.0777 31.6868,
	38.1468 31.7214,
	38.1814 31.7473,
	38.2159 31.8164,
	38.2418 31.9546,
	38.2418 31.9891,
	38.1987 32.0582,
	38.1296 32.1187,
	38.095 32.1359,
	38.0346 32.1964,
	38.0087 32.2309,
	38.0087 32.2482,
	37.9827 32.2827,
	37.9741 32.3173,
	37.8705 32.4555,
	37.7496 32.585,
	37.715 32.6109,
	37.6459 32.6023,
	37.6114 32.585,
	37.5855 32.5505,
	37.5768 32.4814,
	37.5768 32.4468,
	37.5768 32.4382,
	"/>
</Transform>

<Transform dim="0"
 xcoef=" 0 1 0 0 0 0"
 ycoef=" 0 0 1 0 0 0">
<Contour name="TB1_NF18_RSL" hidden="false" closed="true" simplified="true" border="1 0.501961 0.25098" fill="1 0.501961 0.25098" mode="-9"
 points="38.6054 28.6036,
	38.6224 28.5493,
	38.6224 28.5425,
	38.6292 28.5358,
	38.636 28.5086,
	38.6495 28.4815,
	38.6563 28.4543,
	38.6631 28.4407,
	38.6665 28.4136,
	38.6733 28.4,
	38.6767 28.3729,
	38.6869 28.3457,
	38.6903 28.3186,
	38.697 28.305,
	38.697 28.2914,
	38.7208 28.2371,
	38.7242 28.2235,
	38.7412 28.1964,
	38.7683 28.1692,
	38.8192 28.1353,
	38.8735 28.1183,
	38.9007 28.1081,
	38.955 28.1047,
	39.0093 28.0946,
	39.0636 28.1047,
	39.0704 28.1047,
	39.0839 28.1149,
	39.1111 28.1251,
	39.1179 28.1251,
	39.162 28.1726,
	39.2095 28.2269,
	39.2299 28.2541,
	39.2502 28.3084,
	39.2638 28.3627,
	39.2774 28.4713,
	39.2808 28.5256,
	39.2808 28.5527,
	39.2401 28.7699,
	39.2265 28.8242,
	39.2163 28.8514,
	39.2163 28.8582,
	39.1824 28.9125,
	39.1654 28.9396,
	39.1586 28.9532,
	39.145 28.9668,
	39.0907 28.9939,
	39.0772 29.0007,
	39.0534 29.0245,
	39.0262 29.0381,
	38.9719 29.0482,
	38.9176 29.0652,
	38.8905 29.089,
	38.8803 29.1025,
	38.8735 29.1093,
	38.8599 29.1636,
	38.8566 29.1908,
	38.8464 29.2179,
	38.8226 29.2349,
	38.7955 29.2383,
	38.7412 29.2553,
	38.6869 29.2451,
	38.6631 29.2281,
	38.6597 29.2145,
	38.6665 29.1874,
	38.6733 29.184,
	38.6733 29.1772,
	38.7174 29.1297,
	38.7412 29.1059,
	38.7581 29.0788,
	38.7649 29.0516,
	38.7615 29.0381,
	38.7276 28.9838,
	38.7072 28.9566,
	38.6767 28.9023,
	38.6563 28.848,
	38.6292 28.7394,
	38.6292 28.7258,
	38.619 28.6987,
	38.6088 28.6444,
	38.6054 28.6172,
	38.6054 28.607,
	"/>
</Transform>

<Transform dim="0"
 xcoef=" 0 1 0 0 0 0"
 ycoef=" 0 0 1 0 0 0">
<Contour name="TB1_NF23_RSL" hidden="false" closed="true" simplified="true" border="0.501961 0 1" fill="0.501961 0 1" mode="-9"
 points="30.6566 36.9499,
	30.7033 36.8253,
	30.7812 36.7007,
	30.8279 36.6384,
	30.8747 36.6072,
	30.9993 36.4826,
	31.0616 36.4203,
	31.1862 36.3736,
	31.2485 36.3736,
	31.3732 36.4514,
	31.4978 36.5605,
	31.5445 36.6228,
	31.5601 36.7474,
	31.5445 36.872,
	31.5289 36.8876,
	31.5601 36.9032,
	31.3576 37.1524,
	31.1083 37.2615,
	30.9837 37.2926,
	30.8591 37.277,
	30.7345 37.1992,
	30.6722 37.1524,
	30.6566 37.0278,
	30.6566 36.9655,
	"/>
</Transform>

<Transform dim="0"
 xcoef=" 0 1 0 0 0 0"
 ycoef=" 0 0 1 0 0 0">
<Contour name="TB1_NF24_RSL" hidden="false" closed="true" simplified="true" border="1 0.501961 1" fill="1 0.501961 1" mode="-9"
 points="40.8712 58.4157,
	40.8915 58.3344,
	40.9068 58.2937,
	40.9169 58.2733,
	40.9576 58.2377,
	41.039 58.2021,
	41.0593 58.192,
	41.1407 58.1767,
	41.2221 58.1767,
	41.2628 58.1716,
	41.2831 58.1716,
	41.3645 58.2174,
	41.4306 58.2937,
	41.4458 58.3344,
	41.4509 58.4157,
	41.4357 58.4564,
	41.4204 58.4768,
	41.4102 58.4869,
	41.4051 58.4818,
	41.3848 58.4971,
	41.3797 58.5174,
	41.3594 58.5378,
	41.3187 58.5581,
	41.3085 58.5683,
	41.2678 58.5785,
	41.2577 58.5886,
	41.217 58.5988,
	41.1356 58.6344,
	41.0949 58.6344,
	41.0543 58.6242,
	41.0339 58.6242,
	40.9525 58.5886,
	40.8864 58.5174,
	40.8763 58.4971,
	40.8712 58.4208,
	"/>
</Transform>

<Transform dim="0"
 xcoef=" 0 1 0 0 0 0"
 ycoef=" 0 0 1 0 0 0">
<Contour name="TB1_NF26_RSL" hidden="false" closed="true" simplified="true" border="0.25098 0 0.501961" fill="0.25098 0 0.501961" mode="-9"
 points="31.1367 30.3844,
	31.1853 30.1902,
	31.1853 30.0932,
	31.2095 29.9961,
	31.2095 29.9718,
	31.2823 29.8869,
	31.3187 29.9233,
	31.3551 30.1174,
	31.3551 30.166,
	31.4158 30.2509,
	31.4643 30.2873,
	31.5129 30.2995,
	31.4643 30.3116,
	31.4158 30.2995,
	31.4037 30.3116,
	31.4886 30.4087,
	31.5736 30.4815,
	31.6585 30.5785,
	31.6949 30.7727,
	31.6828 30.8698,
	31.61 31.0639,
	31.5129 31.2581,
	31.4886 31.3066,
	31.4643 31.3309,
	31.4158 31.3309,
	31.3673 31.3066,
	31.3187 31.2581,
	31.2702 31.161,
	31.2217 30.7727,
	31.161 30.5785,
	31.1367 30.4815,
	31.1367 30.3965,
	"/>
</Transform>

<Transform dim="0"
 xcoef=" 0 1 0 0 0 0"
 ycoef=" 0 0 1 0 0 0">
<Contour name="TB1_NF26_RSL" hidden="false" closed="true" simplified="true" border="0.25098 0 0.501961" fill="0.25098 0 0.501961" mode="-9"
 points="31.6464 27.5935,
	31.7434 27.3993,
	31.8648 27.2052,
	31.9255 27.011,
	31.9497 26.9868,
	31.9497 26.9382,
	32.0225 26.7441,
	32.0711 26.647,
	32.0953 26.5985,
	32.0953 26.5742,
	32.1196 26.5499,
	32.2045 26.3558,
	32.2531 26.2587,
	32.2531 26.2344,
	32.3502 26.1374,
	32.4472 26.0646,
	32.5322 25.9675,
	32.5807 25.8826,
	32.6171 25.9796,
	32.6778 26.0767,
	32.7385 26.1495,
	32.8234 26.2344,
	32.9083 26.4286,
	32.9447 26.6227,
	32.9326 26.7198,
	32.8962 26.8169,
	32.8234 26.914,
	32.6292 27.1081,
	32.2409 27.46,
	32.0832 27.642,
	31.9012 27.824,
	31.8041 27.8362,
	31.7556 27.8362,
	31.707 27.7998,
	31.6585 27.7027,
	31.6464 27.6056,
	"/>
</Transform>

<Transform dim="0"
 xcoef=" 0 1 0 0 0 0"
 ycoef=" 0 0 1 0 0 0">
<Contour name="TB1_NF26_RSL" hidden="false" closed="true" simplified="true" border="0.25098 0 0.501961" fill="0.25098 0 0.501961" mode="-9"
 points="32.5443 24.7177,
	32.5928 24.5235,
	32.6171 24.4264,
	32.7142 24.2323,
	32.8234 23.844,
	32.9569 23.6498,
	33.0297 23.5649,
	33.0539 23.5406,
	33.2481 23.5042,
	33.2966 23.5042,
	33.3209 23.5042,
	33.3573 23.5528,
	33.3694 23.6498,
	33.3694 23.6741,
	33.4058 23.662,
	33.418 23.6498,
	33.4301 23.6984,
	33.3694 23.8925,
	33.2724 24.0867,
	33.1389 24.2808,
	33.0904 24.3779,
	33.0539 24.7662,
	33.0297 24.9603,
	33.0054 25.0089,
	32.9205 25.3972,
	32.8719 25.7855,
	32.8355 25.8826,
	32.7749 25.9432,
	32.7263 25.9432,
	32.6414 25.7491,
	32.6171 25.652,
	32.605 25.2637,
	32.5807 25.2152,
	32.5443 24.8269,
	32.5443 24.7298,
	"/>
</Transform>

<Transform dim="0"
 xcoef=" 0 1 0 0 0 0"
 ycoef=" 0 0 1 0 0 0">
<Contour name="TB1_NF27_RSL" hidden="false" closed="true" simplified="true" border="0 0 1" fill="0 0 1" mode="-9"
 points="31.0202 66.6855,
	31.0325 66.5875,
	31.0386 66.5385,
	31.0447 66.514,
	31.0754 66.4649,
	31.1183 66.4159,
	31.1428 66.3914,
	31.1489 66.3791,
	31.1428 66.3546,
	31.1551 66.3301,
	31.2041 66.2933,
	31.3021 66.2627,
	31.4002 66.2505,
	31.4982 66.2505,
	31.5963 66.2627,
	31.6943 66.2872,
	31.7433 66.3056,
	31.7862 66.3362,
	31.8291 66.3853,
	31.8598 66.4833,
	31.872 66.5814,
	31.8537 66.6794,
	31.7924 66.8755,
	31.7617 66.9736,
	31.7311 67.0226,
	31.7188 67.0471,
	31.6698 67.0777,
	31.4737 67.1206,
	31.3757 67.1329,
	31.2776 67.1206,
	31.1796 67.09,
	31.1734 67.0777,
	31.1489 67.0716,
	31.057 67.0042,
	31.0264 66.9062,
	31.0202 66.7101,
	31.0202 66.6917,
	"/>
</Transform>

<Transform dim="0"
 xcoef=" 0 1 0 0 0 0"
 ycoef=" 0 0 1 0 0 0">
<Contour name="TB1_NF28_RSL" hidden="false" closed="true" simplified="true" border="1 0.502 0.502" fill="1 0.502 0.502" mode="-9"
 points="33.4987 66.4744,
	33.5368 66.4363,
	33.5804 66.409,
	33.6022 66.4036,
	33.6458 66.3655,
	33.6894 66.3382,
	33.8637 66.2783,
	33.9509 66.2674,
	34.1252 66.2729,
	34.2124 66.2783,
	34.2995 66.311,
	34.3431 66.3328,
	34.3595 66.3546,
	34.3704 66.4417,
	34.3649 66.4853,
	34.3649 66.5071,
	34.3431 66.5507,
	34.305 66.5943,
	34.2669 66.627,
	34.1851 66.676,
	34.1416 66.6978,
	33.9672 66.7359,
	33.8801 66.7414,
	33.7057 66.725,
	33.6621 66.7196,
	33.575 66.6705,
	33.5368 66.627,
	33.5205 66.6052,
	33.5096 66.5616,
	33.4987 66.5398,
	33.4987 66.4962,
	33.4987 66.4799,
	"/>
</Transform>

<Transform dim="0"
 xcoef=" 0 1 0 0 0 0"
 ycoef=" 0 0 1 0 0 0">
<Contour name="TB1_NF29_RSL" hidden="false" closed="true" simplified="true" border="1 0 1" fill="1 0 1" mode="-9"
 points="30.3871 63.2085,
	30.4143 63.0997,
	30.4279 63.0725,
	30.4823 63.0249,
	30.5911 62.9977,
	30.6455 62.9773,
	30.6727 62.9637,
	30.6863 62.9637,
	30.7407 62.9297,
	30.7543 62.9161,
	30.7815 62.9093,
	30.8903 62.8481,
	30.9175 62.8413,
	30.9719 62.8549,
	30.9991 62.8617,
	31.0127 62.8753,
	31.1215 62.9161,
	31.1487 62.9229,
	31.2575 62.9909,
	31.3119 63.0249,
	31.3663 63.0793,
	31.4071 63.1201,
	31.4343 63.1745,
	31.4615 63.2833,
	31.4683 63.3921,
	31.4479 63.5009,
	31.4275 63.5553,
	31.3731 63.5893,
	31.3595 63.6029,
	31.2507 63.6437,
	31.1419 63.6641,
	31.0331 63.6709,
	30.9243 63.6641,
	30.7067 63.6165,
	30.5979 63.5825,
	30.5707 63.5757,
	30.5571 63.5689,
	30.5435 63.5757,
	30.4415 63.4873,
	30.3939 63.3785,
	30.3871 63.2697,
	30.3871 63.2153,
	"/>
</Transform>

<Transform dim="0"
 xcoef=" 0 1 0 0 0 0"
 ycoef=" 0 0 1 0 0 0">
<Contour name="TB1_NF35_RSL" hidden="false" closed="true" simplified="true" border="1 0.501961 0" fill="1 0.501961 0" mode="-9"
 points="33.2543 11.3812,
	33.3373 11.1915,
	33.4677 11.0018,
	33.6219 10.8121,
	33.7997 10.658,
	33.9894 10.5631,
	34.3688 10.409,
	34.4636 10.3616,
	34.5584 10.2905,
	34.6059 10.2668,
	34.6296 10.243,
	34.7244 10.2075,
	34.8193 10.1956,
	34.8904 10.2786,
	34.9022 10.3735,
	34.8311 10.4683,
	34.7837 10.5157,
	34.7244 10.7054,
	34.6533 10.8003,
	34.428 11.1796,
	34.345 11.2626,
	34.3095 11.2982,
	34.1198 11.3575,
	33.9301 11.3693,
	33.7404 11.4049,
	33.5507 11.4167,
	33.4559 11.4404,
	33.4085 11.476,
	33.3136 11.4997,
	33.2662 11.4879,
	33.2543 11.393,
	"/>
</Transform>

<Transform dim="0"
 xcoef=" 0 1 0 0 0 0"
 ycoef=" 0 0 1 0 0 0">
<Contour name="TB1_NF41_RSL" hidden="false" closed="true" simplified="true" border="1 0.501961 0.752941" fill="1 0.501961 0.752941" mode="-9"
 points="32.2023 25.0278,
	32.2156 25.0146,
	32.2687 25.0079,
	32.3749 25.0278,
	32.428 25.061,
	32.4745 25.1075,
	32.5342 25.2137,
	32.5806 25.3199,
	32.5873 25.373,
	32.5873 25.3995,
	32.5541 25.4526,
	32.5342 25.4791,
	32.5076 25.4858,
	32.4545 25.4659,
	32.4014 25.4194,
	32.3351 25.3132,
	32.2488 25.207,
	32.2289 25.1805,
	32.209 25.1274,
	32.2023 25.0743,
	32.2023 25.0477,
	32.2023 25.0345,
	"/>
</Transform>

<Transform dim="0"
 xcoef=" 0 1 0 0 0 0"
 ycoef=" 0 0 1 0 0 0">
<Contour name="TB1_NF44_RSL" hidden="false" closed="true" simplified="true" border="1 0.501961 0.752941" fill="1 0.501961 0.752941" mode="-9"
 points="43.9484 10.7832,
	43.964 10.7521,
	44.0883 10.6511,
	44.2126 10.5656,
	44.2747 10.5113,
	44.3757 10.3947,
	44.4068 10.387,
	44.4223 10.3714,
	44.5466 10.3248,
	44.6709 10.2627,
	44.7331 10.2549,
	44.7952 10.2627,
	44.8574 10.3015,
	44.9118 10.3559,
	44.9428 10.387,
	44.9584 10.418,
	44.9584 10.4336,
	45.0283 10.5579,
	45.0438 10.62,
	45.0361 10.6822,
	44.9895 10.7443,
	44.9584 10.7521,
	44.8341 10.7133,
	44.8185 10.7055,
	44.8108 10.721,
	44.7486 10.7133,
	44.6865 10.721,
	44.4379 10.8065,
	44.3757 10.8298,
	44.3446 10.8453,
	44.096 10.8453,
	44.0339 10.8453,
	44.0028 10.8453,
	43.9717 10.8298,
	43.9562 10.8298,
	43.9484 10.7987,
	43.9484 10.7909,
	"/>
</Transform>

<Transform dim="0"
 xcoef=" 0 1 0 0 0 0"
 ycoef=" 0 0 1 0 0 0">
<Contour name="TB1_NF45_RSL" hidden="false" closed="true" simplified="true" border="0.501961 0 1" fill="0.501961 0 1" mode="-9"
 points="38.9661 40.9862,
	38.9745 40.9525,
	38.9788 40.9357,
	38.9788 40.9273,
	39.0082 40.8936,
	39.0251 40.8894,
	39.0419 40.8768,
	39.0756 40.8684,
	39.1429 40.8684,
	39.1766 40.881,
	39.2102 40.902,
	39.2439 40.9315,
	39.2734 40.9988,
	39.2818 41.0325,
	39.2818 41.0493,
	39.3154 41.0577,
	39.307 41.1924,
	39.2944 41.2597,
	39.2734 41.2934,
	39.2397 41.3145,
	39.206 41.3229,
	39.1387 41.3145,
	39.1092 41.2934,
	39.1008 41.2934,
	39.0503 41.2303,
	39.0335 41.1966,
	39.0208 41.1798,
	39.0208 41.1714,
	38.983 41.104,
	38.9703 41.0367,
	38.9661 41.003,
	38.9661 40.9904,
	"/>
</Transform>

<Transform dim="0"
 xcoef=" 0 1 0 0 0 0"
 ycoef=" 0 0 1 0 0 0">
<Contour name="TB1_NF47_RSL" hidden="false" closed="true" simplified="true" border="1 0 0.502" fill="1 0 0.502" mode="-9"
 points="28.0913 42.2176,
	28.1451 42.1424,
	28.1665 42.1209,
	28.2525 42.1102,
	28.3384 42.1209,
	28.4244 42.1639,
	28.5103 42.2391,
	28.564 42.3143,
	28.6392 42.3787,
	28.65 42.3465,
	28.7251 42.4324,
	28.7359 42.4432,
	28.7574 42.4217,
	28.8003 42.4217,
	28.8863 42.4647,
	28.9722 42.5291,
	29.0474 42.6151,
	29.0904 42.701,
	29.1656 42.7869,
	29.23 42.9588,
	29.2945 43.3026,
	29.316 43.6463,
	29.2838 43.7323,
	29.2086 43.8182,
	29.0904 43.9901,
	29.0044 44.0116,
	28.9615 44.0223,
	28.8755 44.0868,
	28.8433 44.1297,
	28.8218 44.1512,
	28.65 44.0438,
	28.607 44.0223,
	28.521 43.9364,
	28.4566 43.8504,
	28.274 43.5174,
	28.1665 43.3455,
	28.1343 43.2596,
	28.1128 43.0877,
	28.1236 42.744,
	28.1236 42.5721,
	28.0913 42.2283,
	"/>
</Transform>

<Transform dim="0"
 xcoef=" 0 1 0 0 0 0"
 ycoef=" 0 0 1 0 0 0">
<Contour name="TB1_NF46_RSL" hidden="false" closed="true" simplified="true" border="0 0 0.501961" fill="0 0.25098 0.25098" mode="-9"
 points="43.7844 41.7162,
	43.8164 41.2031,
	43.8485 40.9466,
	43.8485 40.6901,
	43.9286 40.4336,
	43.9928 40.3053,
	44.0569 40.0488,
	44.1371 39.9206,
	44.2012 39.8725,
	44.3295 39.8725,
	44.4577 39.9366,
	44.5218 39.9687,
	44.5699 40.0328,
	44.602 40.0649,
	44.6501 40.3214,
	44.6501 40.8344,
	44.6822 41.0909,
	44.7463 41.3474,
	44.7784 41.4757,
	44.7944 41.5398,
	44.7944 41.5719,
	44.8265 41.604,
	44.8104 41.6521,
	44.7623 41.604,
	44.6661 42.117,
	44.602 42.63,
	44.5539 42.7583,
	44.4737 43.2713,
	44.3776 43.5278,
	44.2493 44.0409,
	44.2333 44.1691,
	44.1691 44.2974,
	44.121 44.3615,
	44.121 44.3936,
	44.089 44.4256,
	43.9607 44.3615,
	43.8966 44.3134,
	43.8645 44.2493,
	43.8004 43.2232,
	43.7844 42.9667,
	43.8164 42.4537,
	43.8164 42.1972,
	43.7844 41.9406,
	43.7844 41.8124,
	43.7844 41.7482,
	43.7844 41.7322,
	"/>
<Contour name="TB1_NF46_RSL" hidden="false" closed="true" simplified="true" border="0 0 0.501961" fill="0 0.25098 0.25098" mode="-9"
 points="41.3314 49.6041,
	41.3795 49.4758,
	41.3955 49.4117,
	41.5078 49.2835,
	41.5719 49.2193,
	41.636 49.1873,
	41.8765 48.9788,
	42.0048 48.8506,
	42.101 48.7223,
	42.1811 48.4658,
	42.2613 47.9528,
	42.2773 47.6962,
	42.3575 47.4397,
	42.5178 47.1832,
	42.9988 46.7022,
	43.095 46.574,
	43.2232 46.3175,
	43.2874 46.1892,
	43.3354 46.1251,
	43.3354 46.093,
	43.4156 45.9648,
	43.608 45.4517,
	43.7202 44.9387,
	43.7683 44.8104,
	43.9286 44.5539,
	44.0088 44.4256,
	44.0409 44.3936,
	44.0729 44.4256,
	44.0409 44.6822,
	44.0409 44.8104,
	44.105 45.0669,
	44.089 45.3235,
	43.9928 45.58,
	43.9286 46.093,
	43.9286 46.1251,
	43.8645 46.1892,
	43.8485 46.4457,
	43.8805 46.9588,
	43.8645 47.2153,
	43.9126 47.7283,
	43.8966 47.9848,
	43.7683 48.4979,
	43.7202 48.6261,
	43.7202 48.6903,
	43.624 48.9468,
	43.4477 49.2033,
	43.4477 49.2354,
	43.3675 49.3636,
	43.3515 49.4277,
	43.3034 49.4919,
	43.3034 49.5239,
	43.2713 49.556,
	43.2713 49.5881,
	43.111 49.8446,
	42.8705 50.1011,
	42.7423 50.1813,
	42.4857 50.2614,
	42.2292 50.2775,
	41.7162 50.1652,
	41.4597 50.053,
	41.3635 49.9408,
	41.3314 49.8125,
	41.3314 49.6843,
	41.3314 49.6201,
	"/>
</Transform>

<Transform dim="0"
 xcoef=" 0 1 0 0 0 0"
 ycoef=" 0 0 1 0 0 0">
<Contour name="TB1_NF46_RSL" hidden="false" closed="true" simplified="true" border="0 0 0.501961" fill="0 0.25098 0.25098" mode="-9"
 points="37.3795 48.4019,
	37.4182 48.3246,
	37.5342 48.2666,
	37.4569 48.2472,
	37.4375 48.2085,
	37.4569 48.1892,
	37.5342 48.2085,
	37.5729 48.2085,
	37.7082 48.3439,
	37.7663 48.3826,
	37.7469 48.4213,
	37.8049 48.7307,
	37.7663 48.8854,
	37.7276 48.9627,
	37.6502 49.0207,
	37.5729 48.982,
	37.4762 48.8273,
	37.4375 48.7887,
	37.3795 48.634,
	37.3795 48.4793,
	37.3795 48.4213,
	"/>
</Transform>

<Transform dim="0"
 xcoef=" 0 1 0 0 0 0"
 ycoef=" 0 0 1 0 0 0">
<Contour name="TB1_NF48_RSL" hidden="false" closed="true" simplified="true" border="0.501961 0.25098 0" fill="0.501961 0.25098 0" mode="-9"
 points="30.1942 37.7882,
	30.2318 37.688,
	30.2568 37.6379,
	30.3006 37.5941,
	30.3507 37.569,
	30.4509 37.5377,
	30.501 37.519,
	30.526 37.5064,
	30.5761 37.5315,
	30.5949 37.5565,
	30.6011 37.6066,
	30.5886 37.7068,
	30.5949 37.7318,
	30.5761 37.832,
	30.5511 37.8821,
	30.5135 37.9322,
	30.4634 37.9697,
	30.4133 37.9885,
	30.3633 37.9885,
	30.3132 37.9697,
	30.2881 37.9635,
	30.2756 37.9509,
	30.2631 37.9509,
	30.213 37.9071,
	30.1942 37.857,
	30.1942 37.8069,
	30.1942 37.7944,
	"/>
</Transform>

<Transform dim="0"
 xcoef=" 0 1 0 0 0 0"
 ycoef=" 0 0 1 0 0 0">
<Contour name="TB1_NF26_RSL" hidden="false" closed="true" simplified="true" border="0.25098 0 0.501961" fill="0.25098 0 0.501961" mode="-9"
 points="31.9014 12.3953,
	31.9249 12.3719,
	31.9719 12.3601,
	32.0658 12.366,
	32.1128 12.3836,
	32.1363 12.3895,
	32.1598 12.4071,
	32.2537 12.4482,
	32.3477 12.4775,
	32.3712 12.4952,
	32.3712 12.5421,
	32.3712 12.5656,
	32.3535 12.6126,
	32.3477 12.7065,
	32.3183 12.7535,
	32.2713 12.7946,
	32.2244 12.824,
	32.1774 12.8416,
	32.1304 12.8475,
	32.0365 12.8357,
	31.9895 12.824,
	31.966 12.8181,
	31.9249 12.7829,
	31.9014 12.7359,
	31.9073 12.642,
	31.9249 12.548,
	31.9249 12.5245,
	31.9073 12.4775,
	31.9014 12.4306,
	31.9014 12.4071,
	31.9014 12.4012,
	"/>
</Transform>

<Transform dim="0"
 xcoef=" 0 1 0 0 0 0"
 ycoef=" 0 0 1 0 0 0">
<Contour name="TB1_NF26_RSL" hidden="false" closed="true" simplified="true" border="0.25098 0 0.501961" fill="0.25098 0 0.501961" mode="-9"
 points="31.0983 13.9372,
	31.198 13.7599,
	31.2867 13.6824,
	31.3753 13.6381,
	31.7298 13.5605,
	31.7741 13.5605,
	31.8184 13.5937,
	31.8406 13.6159,
	31.8406 13.6381,
	31.8628 13.6602,
	31.8628 13.7488,
	31.5747 14.1034,
	31.4971 14.1809,
	31.4085 14.2142,
	31.2313 14.2252,
	31.1426 14.1809,
	31.1094 14.1366,
	31.0983 13.9593,
	31.0983 13.9483,
	"/>
</Transform>

<Transform dim="0"
 xcoef=" 0 1 0 0 0 0"
 ycoef=" 0 0 1 0 0 0">
<Contour name="TB1_NF51_RSL" hidden="false" closed="true" simplified="true" border="0.25098 0.501961 0.501961" fill="0.25098 0.501961 0.501961" mode="-9"
 points="36.9806 11.3013,
	36.9972 11.2349,
	37.0013 11.2017,
	37.0262 11.1353,
	37.0885 11.073,
	37.1217 11.0564,
	37.1383 11.0481,
	37.1466 11.0398,
	37.2131 11.019,
	37.2297 11.0107,
	37.2961 11.0107,
	37.3293 11.0149,
	37.3958 11.0356,
	37.4041 11.0439,
	37.5369 11.0688,
	37.6034 11.0771,
	37.6698 11.0605,
	37.7362 11.0564,
	37.8691 11.0647,
	38.0019 11.0855,
	38.1348 11.0813,
	38.2676 11.0855,
	38.4005 11.1353,
	38.4628 11.1726,
	38.4794 11.1809,
	38.5417 11.2391,
	38.5666 11.2681,
	38.5749 11.2764,
	38.5873 11.3097,
	38.5915 11.3761,
	38.5832 11.4093,
	38.5832 11.4176,
	38.5749 11.4259,
	38.5707 11.4425,
	38.55 11.4757,
	38.496 11.538,
	38.4296 11.592,
	38.3631 11.6543,
	38.3092 11.7207,
	38.2884 11.7539,
	38.2884 11.7622,
	38.2801 11.7705,
	38.2593 11.8369,
	38.251 11.8535,
	38.251 11.8619,
	38.2303 11.8951,
	38.222 11.9034,
	38.222 11.9117,
	38.1929 11.9449,
	38.1016 12.0653,
	38.1016 12.0736,
	38.0933 12.0777,
	38.0933 12.0861,
	38.0767 12.1027,
	38.0684 12.1193,
	38.0601 12.1276,
	38.0559 12.1193,
	38.1431 11.9864,
	38.1846 11.92,
	38.2054 11.8868,
	38.2095 11.8785,
	38.1763 11.8951,
	38.1099 11.9407,
	38.0434 11.9989,
	37.9272 12.111,
	37.8815 12.1649,
	37.8649 12.1815,
	37.8525 12.2148,
	37.8442 12.2314,
	37.8234 12.3642,
	37.8109 12.3974,
	37.8068 12.414,
	37.786 12.4473,
	37.7611 12.5137,
	37.7404 12.5469,
	37.7321 12.5635,
	37.7321 12.5718,
	37.6905 12.6382,
	37.6656 12.6673,
	37.6324 12.6715,
	37.566 12.6549,
	37.5328 12.6466,
	37.4996 12.6258,
	37.4456 12.5635,
	37.4456 12.5552,
	37.4331 12.5386,
	37.429 12.522,
	37.4165 12.5054,
	37.4165 12.4971,
	37.3792 12.4307,
	37.3542 12.3974,
	37.3501 12.3808,
	37.3293 12.3476,
	37.3169 12.331,
	37.3169 12.3227,
	37.3086 12.3186,
	37.3044 12.3019,
	37.2961 12.2936,
	37.2961 12.2853,
	37.2878 12.277,
	37.2837 12.2604,
	37.238 12.194,
	37.1217 12.0653,
	37.0927 12.0362,
	37.0719 12.003,
	37.0345 11.8702,
	37.0138 11.6044,
	36.9806 11.3387,
	36.9806 11.3055,
	"/>
</Transform>

<Transform dim="0"
 xcoef=" 0 1 0 0 0 0"
 ycoef=" 0 0 1 0 0 0">
<Contour name="TB1_AP63_RSL" hidden="false" closed="true" simplified="true" border="0.502 1 0.502" fill="0.502 1 0.502" mode="9"
 points="31.5477 16.5582,
	31.5826 16.3723,
	31.5826 16.2793,
	31.6058 16.1864,
	31.6058 16.0934,
	31.6871 15.7216,
	31.7569 15.5356,
	31.9544 15.1638,
	32.0241 15.0709,
	32.0706 15.0244,
	32.0938 14.9779,
	32.1752 14.8849,
	32.303 14.7106,
	32.3959 14.6293,
	32.4657 14.548,
	32.5005 14.5015,
	32.5121 14.455,
	32.791 14.1064,
	32.8724 14.0135,
	33.0002 13.8275,
	33.035 13.7346,
	33.1512 13.5487,
	33.1861 13.5022,
	33.1977 13.4557,
	33.1861 13.4325,
	33.2674 13.3395,
	33.3139 13.3046,
	33.3371 13.2814,
	33.3604 13.2814,
	33.3952 13.2465,
	33.4417 13.2349,
	33.5347 13.1768,
	33.7206 13.1187,
	33.8136 13.0955,
	33.9065 13.049,
	33.9298 13.049,
	33.953 13.0258,
	33.9762 13.0258,
	33.9995 13.0025,
	34.0924 12.9677,
	34.1389 12.9328,
	34.1621 12.9328,
	34.2086 12.898,
	34.2319 12.898,
	34.4178 12.7469,
	34.4643 12.7004,
	34.5688 12.5145,
	34.6153 12.468,
	34.6269 12.4215,
	34.6502 12.3983,
	34.685 12.2124,
	34.778 12.1427,
	34.8593 12.1078,
	34.9058 12.131,
	34.9988 12.1194,
	35.1847 12.0497,
	35.2776 12.0149,
	35.3241 11.98,
	35.4171 11.9684,
	35.51 12.0032,
	35.5449 11.9568,
	35.5681 11.8638,
	35.5681 11.7708,
	35.6146 11.6779,
	35.6379 11.6546,
	35.6611 11.6546,
	35.6843 11.8406,
	35.696 11.9335,
	35.7076 11.98,
	35.6727 12.1659,
	35.6146 12.3518,
	35.603 12.4448,
	35.5914 12.4913,
	35.6262 12.6772,
	35.6495 12.7701,
	35.6379 12.8631,
	35.603 12.9561,
	35.5798 12.9561,
	35.5449 12.9909,
	35.359 12.9677,
	34.9872 12.9677,
	34.8942 12.9909,
	34.8477 12.9909,
	34.8012 13.0142,
	34.7548 13.0142,
	34.6618 13.0606,
	34.6153 13.0955,
	34.441 13.1652,
	34.3597 13.2465,
	34.1738 13.3511,
	34.1273 13.3627,
	34.0808 13.3976,
	34.0343 13.4092,
	33.8484 13.537,
	33.6741 13.7113,
	33.6044 13.8043,
	33.5812 13.8508,
	33.5579 13.874,
	33.5347 13.967,
	33.4533 14.1529,
	33.3952 14.3388,
	33.2907 14.5247,
	33.2326 14.6177,
	33.1977 14.699,
	33.2093 14.792,
	33.1861 15.1638,
	33.1512 15.3497,
	33.128 15.4427,
	33.1164 15.4892,
	33.1047 15.5124,
	33.0931 15.5008,
	33.0931 15.524,
	33.035 15.617,
	32.9537 15.8029,
	32.9421 15.8494,
	32.9188 15.8726,
	32.8375 16.2444,
	32.7794 16.4304,
	32.7445 16.6163,
	32.7329 16.8022,
	32.7678 16.9881,
	32.9072 17.3599,
	32.9653 17.5459,
	33.0118 17.9177,
	33.0118 18.1036,
	32.9885 18.2895,
	32.9421 18.4754,
	32.8724 18.6614,
	32.8607 18.7078,
	32.8375 18.7311,
	32.7794 18.917,
	32.7562 19.01,
	32.8375 19.0564,
	32.884 19.0681,
	32.9072 19.0681,
	32.9537 19.1145,
	32.9885 19.2075,
	33.0002 19.3005,
	32.9653 19.6723,
	32.9537 19.8582,
	32.9885 20.23,
	33.0002 20.4159,
	32.9769 20.7878,
	32.9537 20.9737,
	32.8724 21.055,
	32.8026 21.1131,
	32.7678 21.1596,
	32.7445 21.1829,
	32.7213 21.2758,
	32.5935 21.1131,
	32.4889 20.9272,
	32.3495 20.7413,
	32.1868 20.6019,
	32.0938 20.5438,
	32.0241 20.474,
	31.966 20.3811,
	31.9544 20.1952,
	32.0009 20.1022,
	32.1287 19.9279,
	32.1287 19.9047,
	32.1519 19.8814,
	32.1868 19.6955,
	32.1519 19.5096,
	32.1054 19.4166,
	32.0822 19.3702,
	32.0822 19.3469,
	32.059 19.3237,
	32.059 19.3005,
	32.0357 19.2772,
	31.9195 18.9054,
	31.8614 18.5335,
	31.8382 18.3476,
	31.8382 18.1617,
	31.815 17.9758,
	31.815 17.8828,
	31.7452 17.511,
	31.6174 17.1392,
	31.5593 16.9533,
	31.5477 16.5814,
	31.5477 16.5698,
	"/>
</Transform>

<Transform dim="0"
 xcoef=" 0 1 0 0 0 0"
 ycoef=" 0 0 1 0 0 0">
<Contour name="TB1_AP63_RSL" hidden="false" closed="true" simplified="true" border="0.502 1 0.502" fill="0.502 1 0.502" mode="9"
 points="34.9804 23.7568,
	34.9921 23.5709,
	35.0269 23.385,
	35.0385 23.3385,
	35.0966 23.2455,
	35.1896 23.1642,
	35.5614 23.1293,
	35.6544 23.1177,
	35.8403 23.048,
	36.2005 22.7343,
	36.2935 22.6762,
	36.4794 22.6064,
	36.6653 22.5716,
	37.0371 22.5832,
	37.2231 22.6297,
	37.5949 22.6413,
	37.7808 22.6413,
	37.8738 22.6413,
	37.897 22.6413,
	37.9086 22.4554,
	37.9086 22.3624,
	37.9551 22.2695,
	37.9783 22.223,
	38.0016 22.2114,
	38.0016 22.1881,
	38.0945 22.13,
	38.2805 22.0719,
	38.6523 22.0138,
	38.7452 21.9557,
	38.815 21.8628,
	38.8266 21.8163,
	38.8847 21.7233,
	38.9544 21.5374,
	39.0938 21.3515,
	39.1868 21.2702,
	39.3727 21.2585,
	39.4657 21.305,
	39.5121 21.3515,
	39.6051 21.4096,
	39.6632 21.5026,
	39.7097 21.549,
	39.8026 21.735,
	39.8607 21.8279,
	39.8724 21.9209,
	39.8724 21.9674,
	39.7562 22.1533,
	39.7097 22.2462,
	39.7213 22.2927,
	39.9072 22.2462,
	39.9537 22.2346,
	39.9653 22.223,
	39.9886 22.2346,
	39.9421 22.2695,
	39.9188 22.3159,
	39.8259 22.4089,
	39.64 22.4902,
	39.547 22.5135,
	39.454 22.56,
	39.3611 22.5832,
	39.2681 22.6297,
	39.2217 22.6413,
	39.1984 22.6645,
	39.0125 22.6878,
	38.6407 22.6762,
	38.4547 22.6762,
	38.3618 22.6762,
	38.2688 22.6994,
	38.1875 22.7807,
	38.0945 22.9667,
	38.0364 23.1526,
	38.0132 23.2455,
	38.0132 23.6174,
	38.0248 23.8033,
	38.0597 23.8962,
	38.0481 24.0822,
	38.0364 24.1286,
	38.0364 24.1519,
	38.0016 24.1983,
	37.9086 24.2332,
	37.7227 24.3378,
	37.6297 24.3959,
	37.5833 24.4075,
	37.4903 24.4772,
	37.4322 24.5702,
	37.2695 24.7561,
	37.1766 24.8374,
	36.9907 24.942,
	36.9093 25.035,
	36.8745 25.0698,
	36.7815 25.0466,
	36.6885 25.0001,
	36.6421 24.9769,
	36.6072 24.9304,
	36.5142 24.8839,
	36.3283 24.8607,
	36.1424 24.8607,
	36.0495 24.8607,
	36.003 24.8607,
	35.6311 25.0001,
	35.5382 25.0234,
	35.3523 25.0117,
	35.2593 24.9536,
	35.2361 24.9072,
	35.2477 24.7212,
	35.2477 24.6283,
	35.1663 24.4424,
	35.0269 24.2564,
	34.9804 24.0705,
	34.9804 23.8846,
	34.9804 23.7917,
	34.9804 23.7684,
	"/>
</Transform>

<Transform dim="0"
 xcoef=" 0 1 0 0 0 0"
 ycoef=" 0 0 1 0 0 0">
<Contour name="TB1_NF52_RSL" hidden="false" closed="true" simplified="true" border="0.501961 0 0" fill="0.501961 0 0" mode="-9"
 points="32.2874 21.1643,
	32.3245 21.105,
	32.3541 21.0828,
	32.4134 21.0754,
	32.4727 21.0828,
	32.5913 21.1643,
	32.6061 21.1643,
	32.6654 21.2088,
	32.7469 21.3199,
	32.7617 21.3347,
	32.8136 21.4533,
	32.8358 21.5719,
	32.8358 21.6312,
	32.8358 21.6608,
	32.821 21.6905,
	32.8136 21.7497,
	32.8062 21.7794,
	32.7543 21.8312,
	32.7543 21.8609,
	32.7469 21.8683,
	32.6876 21.8238,
	32.569 21.7646,
	32.5097 21.7127,
	32.4282 21.5941,
	32.3689 21.4755,
	32.3393 21.4163,
	32.3393 21.4014,
	32.3245 21.3866,
	32.3171 21.3273,
	32.3022 21.2977,
	32.3022 21.2681,
	32.2874 21.2384,
	32.2874 21.1791,
	32.2874 21.1717,
	"/>
</Transform>

<Transform dim="0"
 xcoef=" 0 1 0 0 0 0"
 ycoef=" 0 0 1 0 0 0">
<Contour name="TB1_AP64_RSL" hidden="false" closed="true" simplified="true" border="1 1 0" fill="1 1 0" mode="9"
 points="28.431 25.1087,
	28.4393 24.5771,
	28.4476 24.3113,
	28.4642 24.1784,
	28.4642 24.112,
	28.5224 23.8462,
	28.6137 23.5804,
	28.647 23.5139,
	28.6636 23.4973,
	28.7134 23.3644,
	28.8546 23.0986,
	28.946 22.8328,
	28.9626 22.7664,
	29.0207 22.6335,
	29.0373 22.5671,
	29.0706 22.5006,
	29.1121 22.3677,
	29.2367 21.8361,
	29.3114 21.7033,
	29.3779 21.6783,
	29.4443 21.6866,
	29.4859 21.7531,
	29.5025 21.8195,
	29.4609 21.8777,
	29.353 22.0106,
	29.2284 22.2681,
	29.137 22.5338,
	29.1121 22.6003,
	29.1121 22.6335,
	29.0373 22.8993,
	29.0207 23.4309,
	29.0124 23.5638,
	29.0041 23.5721,
	29.054 23.705,
	29.0789 23.7382,
	29.0955 23.8046,
	29.0955 23.8379,
	29.0373 23.896,
	29.0124 23.9624,
	28.9875 24.0953,
	28.9709 24.1618,
	28.9626 24.2947,
	28.9044 24.5605,
	28.8795 24.8263,
	28.8961 25.092,
	28.8961 25.1585,
	28.7799 25.4243,
	28.7549 25.5572,
	28.7466 25.6236,
	28.7466 25.6568,
	28.8048 25.7897,
	28.838 25.9226,
	28.838 26.0555,
	28.8131 26.1884,
	28.8048 26.72,
	28.8048 26.7864,
	28.7632 26.9193,
	28.7466 26.936,
	28.7134 26.911,
	28.6802 26.8446,
	28.6553 26.7117,
	28.6304 26.4459,
	28.539 26.1801,
	28.4808 25.9143,
	28.4476 25.6485,
	28.431 25.117,
	"/>
</Transform>

<Transform dim="0"
 xcoef=" 0 1 0 0 0 0"
 ycoef=" 0 0 1 0 0 0">
<Contour name="TB1_NF53_RSL" hidden="false" closed="true" simplified="true" border="1 0.501961 0.501961" fill="1 0.501961 0.501961" mode="-9"
 points="29.9554 14.7736,
	30.0137 14.657,
	30.0429 14.5987,
	30.1376 14.4894,
	30.1959 14.4529,
	30.2105 14.4384,
	30.2251 14.4384,
	30.2542 14.4092,
	30.3125 14.38,
	30.4291 14.2926,
	30.5458 14.1833,
	30.7353 13.9573,
	30.8373 13.8407,
	30.8883 13.7824,
	30.9175 13.7532,
	30.9466 13.7387,
	30.9758 13.7387,
	31.0268 13.7751,
	31.0487 13.8043,
	31.0632 13.8626,
	31.056 13.9792,
	31.0341 14.0375,
	31.0195 14.0666,
	31.0195 14.0812,
	30.9685 14.1395,
	30.932 14.1978,
	30.8227 14.3145,
	30.7936 14.3436,
	30.677 14.4165,
	30.5603 14.5185,
	30.5458 14.5331,
	30.5312 14.5331,
	30.4291 14.6279,
	30.3854 14.6789,
	30.3563 14.708,
	30.2761 14.8174,
	30.2324 14.8757,
	30.1741 14.9267,
	30.1449 14.9413,
	30.0866 14.934,
	29.97 14.8611,
	29.9554 14.8028,
	29.9554 14.7809,
	"/>
</Transform>

<Transform dim="0"
 xcoef=" 0 1 0 0 0 0"
 ycoef=" 0 0 1 0 0 0">
<Contour name="TB1_NF53_RSL" hidden="false" closed="true" simplified="true" border="1 0.501961 0.501961" fill="1 0.501961 0.501961" mode="-9"
 points="33.3737 11.7271,
	33.3955 11.6105,
	33.4101 11.5521,
	33.4174 11.523,
	33.4684 11.4647,
	33.5194 11.421,
	33.5777 11.3991,
	33.811 11.4064,
	33.9276 11.4282,
	33.9859 11.4355,
	34.1025 11.472,
	34.2191 11.4938,
	34.3357 11.5303,
	34.4524 11.5449,
	34.5107 11.5594,
	34.5325 11.6177,
	34.5325 11.676,
	34.5325 11.7052,
	34.4815 11.7562,
	34.4232 11.7854,
	34.19 11.8583,
	34.1608 11.8728,
	34.0442 11.8874,
	33.9276 11.9166,
	33.8693 11.9239,
	33.8401 11.9384,
	33.811 11.9384,
	33.7527 11.9603,
	33.6361 11.9603,
	33.5777 11.9603,
	33.5194 11.9457,
	33.4611 11.9166,
	33.432 11.902,
	33.3882 11.8437,
	33.3737 11.8145,
	33.3737 11.7562,
	33.3737 11.7344,
	"/>
</Transform>

<Transform dim="0"
 xcoef=" 0 1 0 0 0 0"
 ycoef=" 0 0 1 0 0 0">
<Contour name="TB1_AP66_RSL" hidden="false" closed="true" simplified="true" border="0.501961 0 0" fill="0.501961 0 0" mode="9"
 points="35.46 13.1477,
	35.4851 13.0674,
	35.4901 13.0473,
	35.5303 13.0122,
	35.5654 12.9871,
	35.5854 12.9771,
	35.6055 12.957,
	35.6356 12.8768,
	35.6406 12.7965,
	35.6406 12.7564,
	35.6055 12.5959,
	35.6005 12.5557,
	35.6055 12.3952,
	35.6256 12.2347,
	35.6306 12.1946,
	35.6858 12.034,
	35.7108 11.9538,
	35.7259 11.7933,
	35.7259 11.7531,
	35.7259 11.7331,
	35.7108 11.7682,
	35.7008 11.8484,
	35.7008 11.9287,
	35.6958 11.9688,
	35.6958 11.9889,
	35.6908 11.9939,
	35.6657 11.6729,
	35.6807 11.6578,
	35.6908 11.6578,
	35.7209 11.6929,
	35.7259 11.6729,
	35.7209 11.6578,
	35.7259 11.6528,
	35.7309 11.6578,
	35.7409 11.6478,
	35.756 11.6628,
	35.756 11.6729,
	35.7961 11.6879,
	35.8162 11.6979,
	35.8613 11.7732,
	35.8613 11.7832,
	35.8714 11.7933,
	35.8714 11.8133,
	35.8814 11.8334,
	35.8864 11.8735,
	35.8563 12.034,
	35.8513 12.1143,
	35.8062 12.2748,
	35.7961 12.3551,
	35.8011 12.3952,
	35.8162 12.4353,
	35.8262 12.4554,
	35.9065 12.5306,
	35.9466 12.5507,
	35.9817 12.5908,
	35.9867 12.631,
	35.9767 12.7915,
	35.9667 12.7965,
	35.9617 12.7915,
	35.9617 12.8718,
	35.9767 12.9119,
	36.052 12.9871,
	36.0821 13.0222,
	36.1623 13.0724,
	36.2024 13.0975,
	36.2225 13.1125,
	36.383 13.1777,
	36.5435 13.258,
	36.6238 13.2831,
	36.6639 13.2881,
	36.7442 13.3132,
	36.7542 13.3232,
	36.8345 13.3483,
	36.8445 13.3583,
	36.8696 13.4386,
	36.8646 13.4787,
	36.7994 13.5439,
	36.7191 13.5891,
	36.679 13.6091,
	36.6589 13.6142,
	36.5787 13.6643,
	36.5385 13.6744,
	36.5185 13.6844,
	36.4382 13.6944,
	36.2777 13.6894,
	36.1172 13.6693,
	36.0971 13.6643,
	36.062 13.6342,
	36.0269 13.5941,
	36.0018 13.559,
	35.9867 13.5439,
	35.9065 13.5791,
	35.8664 13.5941,
	35.8262 13.5891,
	35.746 13.554,
	35.7058 13.5239,
	35.6958 13.5239,
	35.6155 13.4536,
	35.5553 13.3834,
	35.4901 13.3032,
	35.4751 13.263,
	35.465 13.243,
	35.46 13.1627,
	35.46 13.1527,
	"/>
</Transform>

<Transform dim="0"
 xcoef=" 0 1 0 0 0 0"
 ycoef=" 0 0 1 0 0 0">
<Contour name="TB1_NF55_RSL" hidden="false" closed="true" simplified="true" border="0.501961 0 0" fill="0.501961 0 0" mode="-9"
 points="32.4914 9.2034,
	32.5222 9.13297,
	32.5706 8.99213,
	32.597 8.95692,
	32.6322 8.92611,
	32.7026 8.88649,
	32.7731 8.87329,
	32.7907 8.87329,
	32.8083 8.86449,
	32.8171 8.86449,
	32.8259 8.85568,
	32.8435 8.85568,
	32.9139 8.82487,
	33.0548 8.82047,
	33.1956 8.82487,
	33.266 8.82927,
	33.3012 8.83368,
	33.31 8.83368,
	33.3276 8.85128,
	33.3453 8.86008,
	33.3629 8.8953,
	33.3717 8.9041,
	33.3893 8.97452,
	33.3937 9.00973,
	33.3805 9.08016,
	33.3673 9.09776,
	33.3585 9.13297,
	33.3541 9.14178,
	33.3629 9.15938,
	33.3541 9.17699,
	33.2836 9.24741,
	33.2484 9.28262,
	33.1076 9.38385,
	33.0988 9.38385,
	33.0636 9.40586,
	33.046 9.41907,
	33.0283 9.42347,
	32.9579 9.46748,
	32.9227 9.48509,
	32.9051 9.48949,
	32.8699 9.5115,
	32.8523 9.5159,
	32.8347 9.5291,
	32.7643 9.5335,
	32.6938 9.5291,
	32.6762 9.5247,
	32.6454 9.49389,
	32.6234 9.45868,
	32.6014 9.38826,
	32.5882 9.35304,
	32.5882 9.34424,
	32.5706 9.32664,
	32.5354 9.32664,
	32.5178 9.31783,
	32.5046 9.30023,
	32.4914 9.2298,
	32.4914 9.2122,
	32.4914 9.2078,
	"/>
</Transform>

<Transform dim="0"
 xcoef=" 0 1 0 0 0 0"
 ycoef=" 0 0 1 0 0 0">
<Contour name="TB1_NF57_RSL" hidden="false" closed="true" simplified="true" border="1 1 0.501961" fill="1 1 0.501961" mode="-9"
 points="41.2482 10.8977,
	41.29 10.8419,
	41.3458 10.8071,
	41.4573 10.7652,
	41.6804 10.7583,
	41.792 10.7652,
	41.9036 10.7862,
	41.9593 10.7862,
	42.0151 10.7722,
	42.043 10.7722,
	42.0988 10.7443,
	42.1546 10.7304,
	42.2661 10.6816,
	42.294 10.6676,
	42.3079 10.6676,
	42.3637 10.6328,
	42.3916 10.6118,
	42.4474 10.6118,
	42.5589 10.6607,
	42.6147 10.6885,
	42.6426 10.7025,
	42.6914 10.7583,
	42.7542 10.8629,
	42.7751 10.9186,
	42.789 10.9465,
	42.796 11.0581,
	42.7542 11.1069,
	42.7263 11.1348,
	42.6775 11.1696,
	42.6496 11.1836,
	42.6356 11.1975,
	42.6217 11.1975,
	42.5938 11.2184,
	42.4823 11.2533,
	42.4265 11.2672,
	42.3986 11.2742,
	42.3986 11.2882,
	42.3707 11.3161,
	42.3149 11.337,
	42.0918 11.3579,
	41.9802 11.3439,
	41.8687 11.3091,
	41.7571 11.2603,
	41.534 11.2115,
	41.4225 11.1836,
	41.3667 11.1627,
	41.3458 11.1557,
	41.29 11.0999,
	41.2621 11.0441,
	41.2482 10.9884,
	41.2482 10.9326,
	41.2482 10.9047,
	"/>
<Contour name="TB1_NF57_RSL" hidden="false" closed="true" simplified="true" border="1 1 0.501961" fill="1 1 0.501961" mode="-9"
 points="38.0688 12.334,
	38.0758 12.2782,
	38.1176 12.1667,
	38.1176 12.1388,
	38.1664 12.0272,
	38.1943 11.9714,
	38.2082 11.9436,
	38.2082 11.9296,
	38.2919 11.8181,
	38.3198 11.7902,
	38.3965 11.6995,
	38.4941 11.5949,
	38.5568 11.4834,
	38.5847 11.3718,
	38.5847 11.3161,
	38.5917 11.2882,
	38.5917 11.2742,
	38.6057 11.2603,
	38.7172 11.2603,
	38.8288 11.2812,
	38.9403 11.2742,
	38.9682 11.2742,
	39.0798 11.2324,
	39.1355 11.2115,
	39.2471 11.1208,
	39.3447 11.0162,
	39.4563 11.0162,
	39.5678 11.0372,
	39.6236 11.0511,
	39.8467 11.065,
	39.8746 11.065,
	39.9304 11.0372,
	40.0419 11.0093,
	40.2651 10.9884,
	40.3766 11.0023,
	40.4324 11.0232,
	40.4603 11.0511,
	40.4533 11.1627,
	40.4045 11.1975,
	40.2929 11.2324,
	40.2372 11.2533,
	40.2232 11.2533,
	40.2093 11.2672,
	40.1953 11.2672,
	40.1814 11.2812,
	40.1674 11.2812,
	40.0629 11.3509,
	40.0071 11.3858,
	39.9095 11.4764,
	39.8607 11.5252,
	39.8467 11.5392,
	39.8328 11.5392,
	39.7212 11.6089,
	39.6654 11.6368,
	39.6515 11.6507,
	39.5399 11.6786,
	39.4284 11.6786,
	39.3168 11.6647,
	39.0937 11.6019,
	38.9822 11.5949,
	38.759 11.6298,
	38.7312 11.6437,
	38.7242 11.6716,
	38.7312 11.6995,
	38.78 11.7553,
	38.8845 11.839,
	38.9264 11.8878,
	38.9543 11.9436,
	38.9612 12.0551,
	38.9543 12.1109,
	38.9473 12.1388,
	38.9334 12.1527,
	38.9334 12.1667,
	38.8288 12.2713,
	38.7172 12.348,
	38.6754 12.3968,
	38.6475 12.5083,
	38.6266 12.5641,
	38.6126 12.578,
	38.6057 12.6059,
	38.5708 12.6617,
	38.522 12.7105,
	38.4941 12.7245,
	38.3825 12.7175,
	38.271 12.6966,
	38.1594 12.6547,
	38.1176 12.599,
	38.0897 12.5432,
	38.0688 12.4316,
	38.0688 12.3758,
	38.0688 12.348,
	38.0688 12.341,
	"/>
</Transform>

<Transform dim="0"
 xcoef=" 0 1 0 0 0 0"
 ycoef=" 0 0 1 0 0 0">
<Contour name="TB1_AP64_RSL" hidden="false" closed="true" simplified="true" border="1 1 0" fill="1 1 0" mode="9"
 points="27.5652 45.3151,
	27.6057 45.2746,
	27.6158 45.2341,
	27.6057 45.1531,
	27.5956 45.1126,
	27.6563 44.7885,
	27.6867 44.6264,
	27.707 44.3023,
	27.6867 43.0059,
	27.6766 42.6818,
	27.707 42.3577,
	27.7576 42.0336,
	27.8083 41.8715,
	27.8792 41.5474,
	27.9703 41.2233,
	28.2337 40.5751,
	28.2944 40.413,
	28.3755 40.251,
	28.4869 40.0889,
	28.5071 40.0484,
	28.5274 39.7243,
	28.5476 39.6838,
	28.5476 39.6433,
	28.5679 39.6027,
	28.5983 39.2786,
	28.5882 38.9545,
	28.6489 38.3063,
	28.6793 37.9822,
	28.6894 37.8202,
	28.6996 37.7391,
	28.6996 37.6986,
	28.7603 37.5366,
	28.8009 37.4555,
	28.8616 37.3745,
	28.892 37.2935,
	28.8414 37.1314,
	28.6894 36.8073,
	28.7097 36.7668,
	28.7502 36.7567,
	28.9123 36.8377,
	29.0237 36.9998,
	29.0946 37.0707,
	29.1756 37.0403,
	29.2566 36.9896,
	29.4187 36.9491,
	29.5807 36.8276,
	29.7428 36.6757,
	29.9048 36.5642,
	29.9859 36.5136,
	30.0264 36.4933,
	30.1884 36.4731,
	30.2695 36.4731,
	30.3505 36.5237,
	30.4214 36.6858,
	30.4518 36.8478,
	30.4619 36.9289,
	30.4518 37.0909,
	30.4214 37.253,
	30.4214 37.2935,
	30.5125 37.4555,
	30.5733 37.5366,
	30.6138 37.6986,
	30.5632 38.0227,
	30.5024 38.1848,
	30.4518 38.2658,
	30.4214 38.3468,
	30.3201 38.5089,
	30.2796 38.5899,
	30.2695 38.6304,
	30.2188 38.7115,
	30.1884 38.8735,
	30.2188 39.5217,
	30.2289 40.1699,
	30.2188 40.494,
	30.2695 41.1423,
	30.2796 41.3043,
	30.3505 41.6284,
	30.4518 41.9525,
	30.5024 42.1146,
	30.5328 42.2766,
	30.5024 42.6007,
	30.4416 42.9248,
	30.4214 43.0869,
	30.4315 43.1679,
	30.4315 43.2084,
	30.5125 43.3705,
	30.6037 43.6946,
	30.7151 44.0187,
	30.7354 44.0997,
	30.8265 44.2618,
	30.8873 44.4238,
	30.8772 44.5859,
	30.8569 44.6669,
	30.867 44.829,
	30.8772 44.8695,
	30.9481 44.9505,
	30.9784 44.991,
	30.9987 45.0113,
	31.0088 45.0923,
	30.9886 45.2544,
	30.9784 45.2949,
	30.9683 45.3151,
	30.9886 45.3557,
	30.9987 45.4367,
	31.019 45.4772,
	31.0291 45.6392,
	31.0392 45.7203,
	31.0493 45.7507,
	31.0291 45.8317,
	30.9987 45.8722,
	30.9784 45.9532,
	30.9784 46.1153,
	30.9987 46.2773,
	31.0088 46.3584,
	31.0392 46.4394,
	31.0392 46.4799,
	31.0696 46.5609,
	31.0696 46.6014,
	31.1202 46.7635,
	31.1911 47.0876,
	31.2418 47.2497,
	31.262 47.3307,
	31.262 47.4927,
	31.3026 47.8168,
	31.4342 48.141,
	31.5051 48.303,
	31.5153 48.3334,
	31.5355 48.384,
	31.5659 49.0322,
	31.5659 49.1133,
	31.6267 49.4374,
	31.809 50.0856,
	31.8596 50.2477,
	31.89 50.4097,
	32.0824 51.0579,
	32.1736 51.382,
	32.3863 52.0302,
	32.4673 52.3543,
	32.5686 53.0026,
	32.6091 53.3267,
	32.6294 53.4077,
	32.6294 53.7318,
	32.6192 53.8128,
	32.6395 53.8939,
	32.9636 54.5421,
	33.1054 54.8662,
	33.2168 55.1903,
	33.2978 55.3523,
	33.3586 55.4334,
	33.3789 55.4739,
	33.5409 55.6258,
	33.703 55.7271,
	33.784 55.7777,
	33.8245 55.8182,
	33.865 55.8993,
	33.8853 55.9803,
	33.8853 56.0613,
	33.8448 56.1424,
	33.784 56.2133,
	33.703 56.2538,
	33.5409 56.2842,
	33.2168 56.2538,
	32.8927 56.2031,
	32.5686 56.193,
	32.4065 56.2031,
	32.3255 56.2133,
	32.2445 56.2436,
	32.0824 56.3753,
	32.0014 56.4462,
	31.8292 56.7703,
	31.7178 56.9324,
	31.5861 57.0944,
	31.4241 57.2463,
	31.262 57.3578,
	31.1 57.4894,
	31.0291 57.5603,
	30.9481 57.7224,
	30.8468 58.0465,
	30.6138 58.6947,
	30.5024 59.0188,
	30.4619 59.0998,
	30.3505 59.4239,
	30.3302 59.586,
	30.3404 59.667,
	30.4214 59.8291,
	30.5834 59.9709,
	30.6645 60.0418,
	30.705 60.0823,
	30.7759 60.2443,
	30.867 60.5684,
	31.0392 60.8926,
	31.181 61.0546,
	31.2519 61.1356,
	31.2823 61.1761,
	31.2722 61.2572,
	31.2519 61.2876,
	30.9278 60.9635,
	30.7759 60.8115,
	30.7354 60.7913,
	30.5733 60.6495,
	30.5024 60.5684,
	30.472 60.5279,
	30.391 60.4975,
	30.31 60.5482,
	30.1783 60.7102,
	30.077 60.8723,
	29.996 61.0344,
	29.915 61.085,
	29.8947 61.0951,
	29.8137 61.0749,
	29.6516 60.9837,
	29.5807 60.9128,
	29.5605 60.8318,
	29.5706 60.7913,
	29.6314 60.7102,
	29.6719 60.6697,
	29.7124 60.5887,
	29.7833 60.5077,
	29.8745 60.3456,
	29.9251 60.1836,
	29.9352 60.1025,
	29.8947 59.7784,
	29.8137 59.4543,
	29.7529 59.2923,
	29.7428 59.2518,
	29.7124 59.2112,
	29.7023 59.1707,
	29.6212 59.0897,
	29.5098 58.9277,
	29.4896 58.7656,
	29.4997 58.6035,
	29.4795 58.4415,
	29.4795 58.3605,
	29.3883 58.0364,
	29.3174 57.8743,
	29.2161 57.7122,
	29.0541 57.3881,
	28.9832 57.2261,
	28.892 57.0742,
	28.73 57.0336,
	28.6489 57.0033,
	28.6185 56.983,
	28.5476 56.821,
	28.497 56.6589,
	28.497 56.5779,
	28.4869 56.5374,
	28.497 56.5171,
	28.578 56.5171,
	28.7401 56.4563,
	28.7806 56.4259,
	28.8009 56.3854,
	28.811 56.2234,
	28.7401 55.8993,
	28.5578 55.2511,
	28.5274 55.089,
	28.5173 54.7649,
	28.4464 54.4408,
	28.4058 54.2787,
	28.3755 54.1977,
	28.3248 53.8736,
	28.3147 53.7115,
	28.3248 53.671,
	28.2944 53.59,
	28.2843 53.2659,
	28.3046 53.1038,
	28.2944 52.7797,
	28.183 52.1315,
	28.1628 51.9695,
	28.1223 51.8074,
	28.0919 51.7264,
	28.0412 51.4023,
	27.9096 50.1059,
	27.8589 49.4576,
	27.8589 49.1335,
	27.8589 48.9715,
	27.788 48.6474,
	27.6867 47.9992,
	27.6563 47.675,
	27.6665 47.3509,
	27.6462 46.7027,
	27.626 46.3786,
	27.6462 46.0545,
	27.6361 45.8925,
	27.6361 45.8114,
	27.5753 45.4873,
	27.5652 45.3253,
	"/>
</Transform>

<Transform dim="0"
 xcoef=" 0 1 0 0 0 0"
 ycoef=" 0 0 1 0 0 0">
<Contour name="TB1_AP59_RSL" hidden="false" closed="true" simplified="true" border="0 0.502 0" fill="0 0.502 0" mode="9"
 points="30.1926 38.9942,
	30.223 38.8321,
	30.2737 38.6701,
	30.4256 38.346,
	30.5573 38.0219,
	30.6282 37.8598,
	30.5978 37.5357,
	30.5876 37.4547,
	30.5674 37.4142,
	30.537 37.2521,
	30.5066 37.1711,
	30.4661 36.847,
	30.4661 36.7659,
	30.5573 36.6039,
	30.6687 36.4418,
	30.7497 36.3709,
	30.8307 36.3304,
	30.851 36.3102,
	30.932 36.2798,
	31.013 36.219,
	31.0434 36.1785,
	31.0232 36.1481,
	31.1244 35.9861,
	31.2865 35.8746,
	31.327 35.8443,
	31.3675 35.8341,
	31.4486 35.8544,
	31.5296 35.8443,
	31.5701 35.8139,
	31.6005 35.7328,
	31.6106 35.6923,
	31.5802 35.5303,
	31.5701 35.3682,
	31.5903 35.2062,
	31.6106 35.1251,
	31.6916 35.0745,
	31.8537 35.0846,
	31.9347 35.115,
	32.0968 35.1353,
	32.1373 35.1555,
	32.2284 35.3176,
	32.2487 35.6417,
	32.2487 35.6619,
	32.3702 35.824,
	32.4006 35.7936,
	32.4209 35.8139,
	32.431 35.7936,
	32.4006 35.7531,
	32.3601 35.743,
	32.3398 35.7328,
	32.3601 35.7126,
	32.4006 35.7227,
	32.4816 35.6923,
	32.5019 35.6721,
	32.5222 35.6721,
	32.6032 35.6012,
	32.6842 35.5607,
	32.7652 35.4999,
	32.8463 35.4594,
	32.9273 35.4493,
	33.0083 35.4594,
	33.0488 35.4695,
	32.9779 35.6316,
	32.8665 35.7936,
	32.826 35.8746,
	32.8159 35.9557,
	32.8564 36.2798,
	32.9374 36.4418,
	33.059 36.6039,
	33.0893 36.6444,
	33.1704 36.6849,
	33.3324 36.7356,
	33.4135 36.7862,
	33.7376 37.0597,
	33.8996 37.2116,
	34.1933 37.5357,
	34.244 37.6167,
	34.3047 37.7788,
	34.3351 37.8598,
	34.3554 37.9003,
	34.3655 38.2244,
	34.3149 38.5485,
	34.2845 38.7106,
	34.2845 38.8726,
	34.2845 38.9537,
	34.3756 39.2778,
	34.4364 39.4398,
	34.4668 39.5209,
	34.4871 39.5614,
	34.4871 39.6019,
	34.558 39.7639,
	34.6187 39.845,
	34.6998 39.8855,
	34.7403 39.9159,
	34.9023 39.9564,
	34.9428 39.9665,
	34.9631 39.9665,
	35.1251 40.0982,
	35.1454 40.0982,
	35.1859 40.1286,
	35.2264 40.1387,
	35.3885 40.2602,
	35.4695 40.321,
	35.5505 40.3615,
	35.6316 40.3007,
	35.6822 40.2197,
	35.7126 40.1893,
	35.7936 40.1691,
	35.9557 40.24,
	36.0367 40.2906,
	36.1988 40.4223,
	36.4722 40.7363,
	36.5634 40.8983,
	36.5735 40.9793,
	36.5634 40.9996,
	36.4823 40.9793,
	36.4013 40.9793,
	36.3203 41.0097,
	36.1582 41.0097,
	36.0772 41.03,
	35.9962 41.0705,
	35.8341 41.1009,
	35.7531 41.0907,
	35.6721 41.0604,
	35.6316 41.0401,
	35.5505 41.03,
	35.51 41.0199,
	35.429 41.0705,
	35.3986 41.1515,
	35.4391 41.2325,
	35.4594 41.3136,
	35.3682 41.4756,
	35.2973 41.6377,
	35.2669 41.7187,
	35.2062 41.7997,
	35.1758 41.8402,
	35.1555 41.8605,
	35.1859 41.901,
	35.1657 41.982,
	35.1657 41.9922,
	35.1555 41.9517,
	35.1454 41.9314,
	34.8213 42.1036,
	34.6592 42.1947,
	34.4972 42.2656,
	34.4162 42.3062,
	34.3756 42.3467,
	34.2136 42.4378,
	33.8895 42.5796,
	33.7274 42.6708,
	33.6464 42.7315,
	33.3223 42.8632,
	32.9982 43.0658,
	32.9577 43.086,
	32.7956 43.1063,
	32.6336 43.0962,
	32.3095 43.3595,
	32.0157 43.6634,
	31.9347 43.714,
	31.8942 43.7343,
	31.8132 43.8051,
	31.7727 43.8457,
	31.722 43.9267,
	31.6612 44.0887,
	31.6511 44.1293,
	31.5397 44.2913,
	31.3979 44.6154,
	31.3675 44.6964,
	31.2662 44.8585,
	31.2156 45.0206,
	31.1953 45.1016,
	31.1852 45.4257,
	31.1751 45.5877,
	31.2156 45.9118,
	31.2561 46.0739,
	31.2764 46.236,
	31.3878 46.5601,
	31.408 46.7221,
	31.408 46.8842,
	31.4384 47.2083,
	31.4688 47.3703,
	31.5195 47.5324,
	31.56 47.8565,
	31.5701 48.0185,
	31.6005 48.1806,
	31.6511 48.3427,
	31.7119 48.6668,
	31.7321 48.8288,
	31.7524 48.8693,
	31.7625 49.0314,
	31.7625 49.1124,
	31.8537 49.4365,
	31.8638 49.5175,
	31.955 49.6796,
	32.0056 49.8417,
	32.1069 50.4899,
	32.1069 50.5709,
	32.1272 50.6519,
	32.1373 50.6924,
	32.1373 50.7127,
	32.0968 50.7228,
	32.0157 50.662,
	31.9752 50.6215,
	31.9145 50.4595,
	31.8841 50.419,
	31.7119 49.7708,
	31.6612 49.6087,
	31.6005 49.2846,
	31.5195 48.6364,
	31.4992 48.4743,
	31.4992 48.3933,
	31.4486 48.2312,
	31.4384 48.1907,
	31.408 48.1502,
	31.3169 47.8261,
	31.1852 47.1779,
	31.0738 46.5297,
	30.9928 45.8815,
	30.9725 45.7194,
	30.9725 45.3953,
	30.9016 44.7471,
	30.8611 44.585,
	30.8409 44.423,
	30.8307 44.3825,
	30.8409 44.342,
	30.8409 44.3217,
	30.8814 44.3622,
	31.0434 44.3723,
	31.1244 44.3723,
	31.4486 44.2812,
	31.5296 44.2305,
	31.5701 44.2002,
	31.6714 43.876,
	31.6916 43.8355,
	31.6916 43.795,
	31.7321 43.714,
	31.7727 43.5519,
	31.7727 43.3899,
	31.7625 43.3089,
	31.7625 43.2683,
	31.6916 43.1063,
	31.641 43.0253,
	31.4992 42.8733,
	31.3371 42.7619,
	31.2561 42.7518,
	31.0941 42.7721,
	31.013 42.8126,
	30.9725 42.8328,
	30.8814 42.9949,
	30.8611 43.0354,
	30.7801 43.0962,
	30.6991 43.1772,
	30.6383 43.3392,
	30.6282 43.5013,
	30.618 43.5418,
	30.5978 43.5519,
	30.4762 43.238,
	30.4357 43.0759,
	30.4357 42.9139,
	30.4965 42.5897,
	30.4864 42.2656,
	30.4762 42.1846,
	30.4155 42.0226,
	30.4155 41.982,
	30.4357 41.9415,
	30.456 41.9213,
	30.4256 41.8402,
	30.4256 41.7997,
	30.3952 41.7187,
	30.3648 41.3946,
	30.3446 41.2325,
	30.2635 40.9084,
	30.2433 40.7464,
	30.2129 39.45,
	30.1926 39.1258,
	30.1926 39.0448,
	30.1926 39.0043,
	"/>
</Transform>

<Transform dim="0"
 xcoef=" 0 1 0 0 0 0"
 ycoef=" 0 0 1 0 0 0">
<Contour name="TB1_NF47_RSL" hidden="false" closed="true" simplified="true" border="1 0 0.501961" fill="1 0 0.501961" mode="-9"
 points="28.3037 37.0344,
	28.3199 37.0019,
	28.3524 36.9694,
	28.4174 36.945,
	28.4499 36.945,
	28.4661 36.945,
	28.4823 36.9613,
	28.4986 36.9613,
	28.5148 36.9775,
	28.5311 36.9775,
	28.596 37.0262,
	28.6285 37.0587,
	28.6529 37.1237,
	28.6529 37.1887,
	28.6367 37.2212,
	28.6042 37.2455,
	28.5392 37.2699,
	28.4742 37.278,
	28.4093 37.2536,
	28.3443 37.2049,
	28.3362 37.1724,
	28.3118 37.1399,
	28.3037 37.075,
	28.3037 37.0425,
	"/>
<Contour name="TB1_NF47_RSL" hidden="false" closed="true" simplified="true" border="1 0 0.501961" fill="1 0 0.501961" mode="-9"
 points="27.792 35.5237,
	27.8083 35.4913,
	27.9382 35.41,
	27.9707 35.4182,
	27.9869 35.4182,
	28.0438 35.475,
	28.19 35.7349,
	28.3605 35.9867,
	28.3849 36.1166,
	28.3849 36.1491,
	28.3849 36.1654,
	28.3524 36.1735,
	28.1412 35.9298,
	28.0763 35.8973,
	28.0438 35.8811,
	27.9869 35.8161,
	27.9707 35.7836,
	27.8407 35.6699,
	27.8001 35.605,
	27.792 35.54,
	27.792 35.5319,
	"/>
</Transform>

<Transform dim="0"
 xcoef=" 0 1 0 0 0 0"
 ycoef=" 0 0 1 0 0 0">
<Contour name="TB1_AP31_atMito01_RSL" hidden="false" closed="true" simplified="true" border="1 0 0" fill="1 0 0" mode="-9"
 points="32.0072 61.7922,
	32.0222 61.7522,
	32.0623 61.7171,
	32.1023 61.6971,
	32.1824 61.6821,
	32.2224 61.6821,
	32.2425 61.6871,
	32.3225 61.7322,
	32.3626 61.7722,
	32.4527 61.9324,
	32.4677 61.9724,
	32.4777 61.9924,
	32.4877 62.0725,
	32.4877 62.1125,
	32.4877 62.1326,
	32.4627 62.1676,
	32.4427 62.1776,
	32.4026 62.1726,
	32.3626 62.1476,
	32.3025 62.0675,
	32.1524 61.9424,
	32.1324 61.9224,
	32.0923 61.9023,
	32.0122 61.8323,
	32.0072 61.7972,
	"/>
</Transform>

<Transform dim="0"
 xcoef=" 0 1 0 0 0 0"
 ycoef=" 0 0 1 0 0 0">
<Contour name="TB1_NF61_RSL" hidden="false" closed="true" simplified="true" border="1 1 0" fill="1 1 0" mode="-9"
 points="27.82 18.2792,
	27.8702 18.1186,
	27.8903 17.9581,
	27.9003 17.316,
	27.9204 17.1555,
	27.9404 17.0753,
	27.9404 17.0351,
	27.9605 16.995,
	27.9705 16.8345,
	27.9906 16.7542,
	28.0006 16.7141,
	28.0608 16.6338,
	28.1411 16.6037,
	28.1812 16.5937,
	28.5022 16.694,
	28.5825 16.7241,
	28.743 16.6639,
	28.8233 16.6338,
	28.8935 16.5837,
	28.9336 16.5536,
	28.9537 16.5235,
	29.0841 16.373,
	29.1844 16.2125,
	29.2145 16.1322,
	29.2848 15.8112,
	29.2848 15.7309,
	29.2948 15.6908,
	29.3149 15.6807,
	29.3149 15.6607,
	29.3349 15.6406,
	29.3349 15.6205,
	29.3951 15.5403,
	29.4353 15.5002,
	29.5958 15.45,
	29.676 15.44,
	29.7463 15.5002,
	29.7764 15.5804,
	29.7463 15.6607,
	29.6359 15.8212,
	29.6058 15.8613,
	29.5857 15.8814,
	29.5958 16.2024,
	29.5356 16.5235,
	29.5055 16.6037,
	29.4553 16.684,
	29.3851 16.7642,
	29.345 16.8044,
	29.3048 16.8846,
	29.2948 17.2057,
	29.3048 17.2859,
	29.345 17.3662,
	29.3751 17.4063,
	29.5356 17.4164,
	29.5958 17.4866,
	29.6359 17.5668,
	29.656 17.8879,
	29.656 18.0484,
	29.5356 18.6905,
	29.4553 18.7306,
	29.3751 18.8008,
	29.3249 18.8811,
	29.2948 18.9614,
	29.2747 19.1219,
	29.2547 19.162,
	29.2547 19.2021,
	29.2346 19.2222,
	29.2246 19.3025,
	29.1644 19.463,
	29.1142 19.5432,
	29.044 19.7038,
	29.0039 19.784,
	28.7129 20.095,
	28.6427 20.1753,
	28.6126 20.2154,
	28.5323 20.2555,
	28.4521 20.2555,
	28.2916 20.2054,
	28.131 20.1352,
	28.0508 20.0649,
	28.0106 20.0248,
	27.9103 19.8643,
	27.8501 19.7038,
	27.82 19.5432,
	27.82 18.9012,
	27.82 18.5801,
	27.82 18.4196,
	27.82 18.3393,
	27.82 18.2992,
	27.82 18.2892,
	"/>
</Transform>

<Transform dim="0"
 xcoef=" 0 1 0 0 0 0"
 ycoef=" 0 0 1 0 0 0">
<Contour name="TB1_NF61_RSL" hidden="false" closed="true" simplified="true" border="1 1 0" fill="1 1 0" mode="-9"
 points="30.0773 15.2694,
	30.0974 15.2293,
	30.0974 15.2092,
	30.2178 15.0587,
	30.5388 14.9484,
	30.8599 14.7778,
	30.9401 14.7377,
	31.1006 14.7076,
	31.1809 14.6775,
	31.221 14.6574,
	31.3515 14.527,
	31.4718 14.3665,
	31.5722 14.206,
	31.6324 14.1257,
	31.6524 14.1056,
	31.6625 14.0655,
	31.7829 13.905,
	31.8631 13.7445,
	31.9133 13.6642,
	31.9534 13.6241,
	32.0537 13.4736,
	32.0939 13.3933,
	32.1741 13.3231,
	32.2544 13.293,
	32.3346 13.283,
	32.4952 13.303,
	32.5754 13.3532,
	32.6055 13.3933,
	32.6055 13.4736,
	32.5353 13.6341,
	32.4249 13.7946,
	32.3848 13.8348,
	32.3748 13.8548,
	32.3647 13.8348,
	32.2142 14.1458,
	32.1841 14.226,
	32.0838 14.3765,
	32.0036 14.4568,
	31.9133 14.6173,
	31.9133 14.6374,
	31.8932 14.6574,
	31.8631 14.7377,
	31.7528 14.8781,
	31.6725 14.9283,
	31.512 14.9684,
	31.1909 15.0989,
	31.0304 15.1591,
	30.9502 15.1892,
	30.91 15.1992,
	30.589 15.3798,
	30.5087 15.4299,
	30.4285 15.45,
	30.2679 15.4299,
	30.1877 15.3998,
	30.1476 15.3898,
	30.1275 15.3898,
	30.0874 15.3497,
	30.0773 15.2794,
	"/>
</Transform>

<Transform dim="0"
 xcoef=" 0 1 0 0 0 0"
 ycoef=" 0 0 1 0 0 0">
<Contour name="TB1_AP38_lys_RSL" hidden="false" closed="true" simplified="true" border="0.501961 0.501961 0.501961" fill="0.835294 0.835294 0" mode="-9"
 points="32.7896 68.0088,
	32.8038 67.8948,
	32.8252 67.8663,
	32.8822 67.845,
	32.9392 67.8378,
	32.9677 67.8378,
	33.0247 67.8592,
	33.0817 67.8948,
	33.096 67.9091,
	33.096 67.9233,
	33.1316 67.9732,
	33.1031 68.0872,
	33.096 68.1157,
	33.0461 68.1727,
	33.0318 68.187,
	32.9748 68.187,
	32.9178 68.1585,
	32.8608 68.1442,
	32.8323 68.13,
	32.811 68.1015,
	32.7967 68.0872,
	32.7896 68.0302,
	32.7896 68.016,
	"/>
<Contour name="TB1_AP38_lys_RSL" hidden="false" closed="true" simplified="true" border="0.501961 0.501961 0.501961" fill="0.835294 0.835294 0" mode="-9"
 points="31.0938 67.6098,
	31.1152 67.5528,
	31.1722 67.503,
	31.2862 67.4745,
	31.7422 67.4816,
	31.7992 67.5172,
	31.842 67.5671,
	31.8562 67.5956,
	31.8491 67.7096,
	31.8206 67.8236,
	31.7921 67.8806,
	31.7422 67.9305,
	31.7137 67.959,
	31.4857 67.9661,
	31.4287 67.9518,
	31.4145 67.9376,
	31.3575 67.9233,
	31.2435 67.8663,
	31.1936 67.8307,
	31.1366 67.7808,
	31.1009 67.7238,
	31.0938 67.617,
	"/>
<Contour name="TB1_AP38_lys_RSL" hidden="false" closed="true" simplified="true" border="0.501961 0.501961 0.501961" fill="0.835294 0.835294 0" mode="-9"
 points="30.8088 67.104,
	30.8658 66.9899,
	30.9228 66.9543,
	30.9798 66.9472,
	31.0368 66.9614,
	31.0653 66.9614,
	31.1793 67.0612,
	31.2292 67.1111,
	31.2506 67.1681,
	31.2577 67.2821,
	31.2577 67.3391,
	31.2577 67.3676,
	31.2363 67.3961,
	31.1793 67.4175,
	31.0653 67.4175,
	31.0083 67.4103,
	30.9513 67.3747,
	30.9228 67.3676,
	30.8729 67.3106,
	30.8373 67.2607,
	30.8088 67.1467,
	30.8088 67.1182,
	30.8088 67.1111,
	"/>
</Transform>

<Transform dim="0"
 xcoef=" 0 1 0 0 0 0"
 ycoef=" 0 0 1 0 0 0">
<Contour name="TB1_AP51_lys_RSL" hidden="false" closed="true" simplified="true" border="1 1 0" fill="1 1 0" mode="-9"
 points="29.296 64.2226,
	29.3296 64.1554,
	29.3716 64.1134,
	29.3969 64.0461,
	29.4473 63.9789,
	29.5145 63.9537,
	29.5481 63.9369,
	29.6826 63.9453,
	29.7498 63.9537,
	29.817 63.9789,
	29.8507 64.0125,
	29.8843 64.0293,
	29.9851 64.1638,
	30.0187 64.231,
	30.0271 64.3655,
	30.0271 64.4327,
	30.0271 64.4663,
	30.0019 64.5,
	29.9935 64.4915,
	29.7246 64.5588,
	29.6574 64.5756,
	29.5901 64.5672,
	29.5229 64.5252,
	29.3969 64.4075,
	29.338 64.3403,
	29.296 64.273,
	29.296 64.2394,
	29.296 64.231,
	"/>
<Contour name="TB1_AP51_lys_RSL" hidden="false" closed="true" simplified="true" border="1 1 0" fill="1 1 0" mode="-9"
 points="30.0692 64.4663,
	30.0944 64.3991,
	30.1364 64.3403,
	30.2036 64.2983,
	30.2709 64.2899,
	30.3381 64.2983,
	30.4053 64.3571,
	30.4557 64.4243,
	30.4978 64.5588,
	30.4894 64.626,
	30.481 64.6344,
	30.4726 64.626,
	30.4221 64.6932,
	30.4053 64.7101,
	30.4053 64.7269,
	30.3381 64.7521,
	30.2036 64.7269,
	30.1364 64.668,
	30.0944 64.6092,
	30.0776 64.5924,
	30.0692 64.5252,
	30.0692 64.4915,
	30.0692 64.4747,
	"/>
<Contour name="TB1_AP51_lys_RSL" hidden="false" closed="true" simplified="true" border="1 1 0" fill="1 1 0" mode="-9"
 points="31.1701 63.8865,
	31.2289 63.8192,
	31.2961 63.7772,
	31.3634 63.7856,
	31.4306 63.8108,
	31.4642 63.8108,
	31.5314 63.8529,
	31.5735 63.9201,
	31.5903 63.9873,
	31.5903 64.0545,
	31.5651 64.1218,
	31.5314 64.147,
	31.4978 64.1554,
	31.3634 64.147,
	31.2961 64.147,
	31.2373 64.1134,
	31.2037 64.0966,
	31.1785 64.0293,
	31.1701 63.8949,
	"/>
</Transform>

<Transform dim="0"
 xcoef=" 0 1 0 0 0 0"
 ycoef=" 0 0 1 0 0 0">
<Contour name="TB1_AP34_lys_RSL" hidden="false" closed="true" simplified="true" border="0.501961 0.501961 0.501961" fill="0.835294 0.835294 0" mode="-9"
 points="35.7646 62.7041,
	35.7719 62.4682,
	35.7719 62.4092,
	35.8309 62.3723,
	35.9489 62.3502,
	36.0668 62.3429,
	36.1258 62.3281,
	36.1848 62.3281,
	36.2143 62.3281,
	36.2438 62.3429,
	36.2733 62.3723,
	36.2954 62.3871,
	36.3323 62.4461,
	36.3028 62.564,
	36.288 62.623,
	36.2512 62.6746,
	36.1922 62.7262,
	36.0742 62.7926,
	36.0447 62.8073,
	36.03 62.8221,
	35.912 62.8295,
	35.853 62.8073,
	35.7941 62.8,
	35.7719 62.7705,
	35.7646 62.7115,
	"/>
<Contour name="TB1_AP34_lys_RSL" hidden="false" closed="true" simplified="true" border="0.501961 0.501961 0.501961" fill="0.835294 0.835294 0" mode="-9"
 points="29.2398 61.6867,
	29.2767 61.6351,
	29.5126 61.6351,
	29.6306 61.6351,
	29.6453 61.6351,
	29.6748 61.6646,
	29.6895 61.6646,
	29.6969 61.6793,
	29.66 61.7973,
	29.6453 61.8563,
	29.6306 61.8858,
	29.5716 61.9005,
	29.4536 61.8858,
	29.4241 61.8784,
	29.3946 61.8489,
	29.3356 61.8268,
	29.2767 61.8194,
	29.2472 61.812,
	29.2398 61.6941,
	"/>
</Transform>

<Transform dim="0"
 xcoef=" 0 1 0 0 0 0"
 ycoef=" 0 0 1 0 0 0">
<Contour name="TB1_AP31_LYS_RSL" hidden="false" closed="true" simplified="true" border="0.502 0.502 0.502" fill="1 1 0" mode="-9"
 points="34.0206 56.9039,
	34.0664 56.8581,
	34.1712 56.8384,
	34.2235 56.8581,
	34.2366 56.8646,
	34.145 56.9694,
	34.0402 56.9759,
	34.0206 56.9563,
	34.0206 56.9105,
	"/>
</Transform>

<Transform dim="0"
 xcoef=" 0 1 0 0 0 0"
 ycoef=" 0 0 1 0 0 0">
<Contour name="TB1_AP40_RSL_LYS" hidden="false" closed="true" simplified="true" border="0 0 0" fill="1 1 0" mode="-9"
 points="33.2704 30.3505,
	33.5006 30.1347,
	33.6013 30.0484,
	33.6588 30.034,
	33.7163 30.0484,
	33.8314 30.1491,
	33.817 30.2641,
	33.7163 30.4943,
	33.6732 30.6094,
	33.6156 30.6381,
	33.3855 30.6237,
	33.328 30.5806,
	33.2848 30.4655,
	33.2704 30.3648,
	"/>
<Contour name="TB1_AP40_RSL_LYS" hidden="false" closed="true" simplified="true" border="0 0 0" fill="1 1 0" mode="-9"
 points="36.9096 28.236,
	36.9528 28.1928,
	37.0678 28.2072,
	37.1254 28.236,
	37.1685 28.2935,
	37.1829 28.3367,
	37.2261 28.3654,
	37.1254 28.4517,
	37.0678 28.4661,
	36.9528 28.4374,
	36.9096 28.3798,
	36.9096 28.2648,
	36.9096 28.2504,
	"/>
<Contour name="TB1_AP40_RSL_LYS" hidden="false" closed="true" simplified="true" border="0 0 0" fill="1 1 0" mode="-9"
 points="37.8877 26.3229,
	38.0028 26.2222,
	38.1179 26.2366,
	38.1754 26.2941,
	38.1898 26.3229,
	38.2473 26.3373,
	38.2761 26.3517,
	38.0603 26.438,
	38.0028 26.4092,
	37.8877 26.3948,
	37.8877 26.3373,
	"/>
</Transform>

</Section>