<?xml version="1.0"?>
<!DOCTYPE Section SYSTEM "section.dtd">

<Section index="514" thickness="0.085" alignLocked="true">
<Transform dim="0"
 xcoef=" 0 1 0 0 0 0"
 ycoef=" 0 0 1 0 0 0">
<Image mag="0.0079" contrast="1" brightness="0" red="true" green="true" blue="true"
 src="Aligned TF21514.tif" />
<Contour name="domain1" hidden="false" closed="true" simplified="false" border="1 0 1" fill="1 0 1" mode="11"
 points="0 0,
	15991 0,
	15991 12171,
	0 12171,
	"/>
</Transform>

<Transform dim="0"
 xcoef=" 0 1 0 0 0 0"
 ycoef=" 0 0 1 0 0 0">
<Contour name="TB1_AP12_EM" hidden="false" closed="true" simplified="true" border="0.792157 0 0" fill="1 0.701961 0.701961" mode="9"
 points="35.9102 53.3618,
	35.9716 52.9688,
	35.9839 52.7723,
	35.9962 52.6741,
	36.0453 52.5758,
	36.119 52.4776,
	36.1313 52.3793,
	36.119 52.3548,
	36.205 52.1583,
	36.2664 51.7653,
	36.4506 51.3723,
	36.4874 51.274,
	36.4752 51.2249,
	36.5611 51.0284,
	36.6225 50.8319,
	36.6103 50.7336,
	36.6839 50.3406,
	36.7085 50.1441,
	36.7208 50.0459,
	36.7945 49.8494,
	36.7699 49.7511,
	36.8804 49.3581,
	36.9296 49.1616,
	36.9541 48.9651,
	36.9541 48.8669,
	37.0401 48.4739,
	37.0769 48.2774,
	37.0401 48.0809,
	37.0524 47.8844,
	37.0278 47.6879,
	37.0401 47.5897,
	37.0033 47.1967,
	36.9787 47.0002,
	36.9787 46.8037,
	36.905 46.4107,
	36.7945 46.0177,
	36.7208 45.8212,
	36.6717 45.6247,
	36.6594 45.5264,
	36.6348 45.4773,
	36.4752 45.2808,
	36.3892 45.1948,
	36.3401 45.158,
	36.3278 45.1457,
	36.3769 45.1211,
	36.5611 45.2194,
	36.6594 45.1457,
	36.6962 44.9492,
	36.5489 44.1632,
	36.4874 43.7702,
	36.4383 43.5737,
	36.3401 43.3772,
	36.5366 43.2421,
	36.6348 43.1807,
	36.7331 43.1684,
	36.8313 43.1807,
	36.8804 43.2053,
	36.9173 43.2544,
	36.9418 43.2789,
	36.991 43.2667,
	37.0401 43.2298,
	37.1015 43.0333,
	37.1506 42.9351,
	37.2857 42.7386,
	37.3226 42.6403,
	37.4208 42.5544,
	37.5191 42.5175,
	37.6173 42.5052,
	37.7156 42.5175,
	37.8138 42.4315,
	37.9121 42.3947,
	38.1086 42.4315,
	38.1577 42.4193,
	38.1945 42.3701,
	38.2068 42.321,
	38.2437 42.2719,
	38.2559 42.2473,
	38.3051 42.235,
	38.3296 42.2228,
	38.3173 42.1982,
	38.3419 42.1859,
	38.5384 42.2965,
	38.7349 42.1736,
	38.9314 42.0754,
	38.9437 42.0631,
	39.0419 42.1122,
	39.2139 42.3087,
	39.2998 42.407,
	39.3367 42.4561,
	39.349 42.5052,
	39.3735 42.5298,
	39.4718 42.5052,
	39.5209 42.493,
	39.5455 42.4807,
	39.5946 42.493,
	39.656 42.5912,
	39.7542 42.6772,
	39.9507 42.714,
	39.9876 42.7386,
	40.0858 42.6526,
	40.2823 42.7631,
	40.356 42.8614,
	40.4051 42.9105,
	40.5157 43.0947,
	40.6139 43.0333,
	40.6385 43.021,
	40.6876 43.0579,
	40.7367 43.1561,
	40.7613 43.2544,
	40.8596 43.3404,
	41.0561 43.3035,
	41.1543 43.2667,
	41.2526 43.2789,
	41.314 43.3772,
	41.3385 43.4754,
	41.3385 43.5737,
	41.2771 43.6719,
	41.2648 43.7702,
	41.3017 43.8193,
	41.3508 43.8316,
	41.3754 43.8193,
	41.4245 43.8439,
	41.535 44.0404,
	41.5841 44.2369,
	41.621 44.3351,
	41.5964 44.5316,
	41.5841 44.5562,
	41.5964 44.6053,
	41.5719 44.7036,
	41.5964 44.8018,
	41.6947 44.8755,
	41.7315 44.9246,
	41.7438 45.0229,
	41.7315 45.072,
	41.8175 45.2685,
	41.8298 45.3176,
	41.8052 45.4159,
	41.8052 45.465,
	41.7929 45.4896,
	41.8175 45.5387,
	41.8666 45.5633,
	41.9403 45.6615,
	41.9771 45.7598,
	42.1122 45.9563,
	42.0877 46.0054,
	42.0385 46.0422,
	41.9403 46.0054,
	41.9035 45.9808,
	41.8052 46.0422,
	41.7561 46.0177,
	41.707 46.0545,
	41.6087 46.0545,
	41.5596 46.0422,
	41.535 46.0668,
	41.4982 46.165,
	41.5227 46.2142,
	41.4859 46.4107,
	41.4122 46.6072,
	41.3999 46.6563,
	41.4368 46.8528,
	41.4491 46.951,
	41.3631 47.1475,
	41.2648 47.2458,
	41.2403 47.2949,
	41.2034 47.4914,
	41.142 47.5897,
	41.0929 47.6142,
	41.0438 47.6019,
	40.9946 47.6388,
	40.8964 47.6633,
	40.7981 47.6511,
	40.6999 47.6142,
	40.6016 47.5405,
	40.5771 47.5282,
	40.528 47.5528,
	40.442 47.6511,
	40.356 47.8476,
	40.3315 47.9458,
	40.3437 47.9949,
	40.2332 48.3879,
	40.1964 48.4371,
	40.1841 48.4616,
	40.1595 48.4616,
	40.135 48.0686,
	40.0736 47.6756,
	39.9876 47.2826,
	39.7297 45.7106,
	39.7174 45.6861,
	39.742 45.6492,
	39.9385 45.5387,
	40.0244 45.4404,
	40.0736 45.3422,
	40.0981 45.2931,
	40.2946 45.1211,
	40.3683 45.0229,
	40.4051 44.9738,
	40.4666 44.7773,
	40.4666 44.7527,
	40.4297 44.7158,
	40.4788 44.6176,
	40.4174 44.4211,
	40.3315 44.2246,
	40.356 44.1264,
	40.3192 43.9299,
	40.2823 43.8316,
	40.2578 43.807,
	40.2086 43.7948,
	40.1104 43.7088,
	40.0981 43.6965,
	40.049 43.7211,
	39.9999 43.7211,
	39.9139 43.6228,
	39.8157 43.5983,
	39.7174 43.6719,
	39.6928 43.6965,
	39.6928 43.7211,
	39.6437 43.7579,
	39.5455 43.7334,
	39.349 43.7211,
	39.2507 43.7825,
	39.1525 43.8193,
	39.1279 43.807,
	39.0297 43.8439,
	38.9314 43.8439,
	38.8823 43.8316,
	38.784 43.7456,
	38.6858 43.7334,
	38.6367 43.7702,
	38.5875 43.7825,
	38.4893 43.8562,
	38.4402 43.8684,
	38.4156 43.8562,
	38.391 43.8684,
	38.3419 43.8439,
	38.3051 43.7948,
	38.2805 43.7702,
	38.1823 43.7579,
	38.1331 43.7211,
	38.084 43.7088,
	38.0594 43.6965,
	38.0103 43.7334,
	37.9121 43.7579,
	37.8629 43.7579,
	37.7647 43.6842,
	37.7156 43.6597,
	37.691 43.6842,
	37.7647 43.7825,
	37.8138 43.8193,
	37.8629 43.9176,
	37.8752 43.9667,
	37.8875 43.9913,
	37.8015 44.0895,
	37.8507 44.286,
	37.9612 44.4825,
	38.0349 44.5808,
	38.084 44.6299,
	38.1577 44.8264,
	38.2068 45.0229,
	38.2437 45.1211,
	38.2559 45.1703,
	38.3542 45.2685,
	38.4524 45.3299,
	38.6489 45.4036,
	38.7472 45.4527,
	38.8454 45.5264,
	38.8946 45.5387,
	38.9437 45.5141,
	38.9682 45.5018,
	39.3612 45.6861,
	39.4595 45.6369,
	39.5577 45.6247,
	39.5946 45.6492,
	39.5946 45.7475,
	39.6069 45.7966,
	39.5946 45.8948,
	39.656 46.0913,
	39.7174 46.4843,
	39.7542 46.8773,
	39.8402 47.2703,
	39.8771 47.6633,
	39.9385 47.8598,
	39.9753 47.9581,
	40.0367 48.3511,
	40.0613 48.5476,
	40.0736 48.5967,
	40.0367 48.695,
	40.0736 48.8915,
	40.049 48.9897,
	40.0736 49.088,
	40.0736 49.1371,
	40.1718 49.3213,
	40.2209 49.2845,
	40.2455 49.2599,
	40.2946 49.2845,
	40.3315 49.3827,
	40.3437 49.481,
	40.3315 49.5792,
	40.1841 49.9722,
	40.0981 50.1687,
	39.9753 50.5617,
	39.9016 50.9547,
	39.8648 51.1512,
	39.8034 51.3477,
	39.7051 51.5442,
	39.6928 51.5565,
	39.4963 51.4459,
	39.4718 51.4337,
	39.3735 51.4705,
	39.3244 51.4582,
	39.2998 51.4459,
	39.2507 51.4705,
	39.2016 51.4705,
	39.1156 51.4091,
	39.0174 51.4705,
	38.9191 51.4705,
	38.8209 51.4337,
	38.7717 51.4705,
	38.7472 51.5688,
	38.6489 51.6547,
	38.5752 51.753,
	38.563 51.8021,
	38.4893 51.9004,
	38.4402 52.0969,
	38.1577 52.4898,
	38.0963 52.5881,
	38.0226 52.7846,
	37.8507 52.9811,
	37.7524 53.0548,
	37.5805 53.2513,
	37.5313 53.3495,
	37.3348 53.546,
	37.1998 53.7425,
	37.1261 53.939,
	37.0155 54.1355,
	36.9541 54.2338,
	36.9173 54.4303,
	36.905 54.4794,
	36.8682 54.5285,
	36.8804 54.6268,
	36.8436 54.725,
	36.819 54.7742,
	36.8068 54.9707,
	36.7945 54.9829,
	36.819 55.0321,
	36.8436 55.0443,
	36.8682 55.0198,
	36.8927 55.0198,
	36.9418 54.9707,
	36.9664 54.9584,
	36.9664 54.9338,
	37.0155 54.8847,
	37.0401 54.897,
	37.0278 54.9952,
	36.8313 55.1672,
	36.7331 55.1303,
	36.7208 55.118,
	36.6225 55.1794,
	36.5243 55.204,
	36.4997 55.1549,
	36.5243 55.0566,
	36.5611 55.0075,
	36.5611 54.9829,
	36.4752 54.8847,
	36.4506 54.8356,
	36.4752 54.7373,
	36.4383 54.6391,
	36.3401 54.5777,
	36.2909 54.5531,
	36.3155 54.504,
	36.2541 54.3075,
	36.2173 54.2583,
	36.205 54.2092,
	36.2173 54.111,
	36.2173 54.0618,
	35.9594 53.6688,
	35.9225 53.5706,
	35.9102 53.3741,
	"/>
</Transform>

<Transform dim="0"
 xcoef=" 0 1 0 0 0 0"
 ycoef=" 0 0 1 0 0 0">
<Contour name="TB1_AP22_EM" hidden="false" closed="true" simplified="true" border="0.133333 0.568627 1" fill="0 1 0" mode="9"
 points="31.368 49.1769,
	31.4258 48.9456,
	31.4258 48.83,
	31.5559 48.3674,
	31.5559 48.1361,
	31.7005 47.6736,
	31.7438 47.5579,
	31.7438 47.3267,
	31.7872 47.211,
	31.8017 46.9797,
	31.7727 46.7484,
	31.7727 46.6328,
	31.8739 46.4015,
	31.9318 46.2859,
	31.9607 46.1702,
	31.9607 46.1124,
	31.9896 46.0546,
	32.2064 45.8233,
	32.2353 45.7655,
	32.6834 45.3174,
	32.8569 45.0861,
	33.0882 44.8693,
	33.146 44.8403,
	33.3773 44.638,
	33.4929 44.5657,
	33.5218 44.5801,
	33.7531 44.4645,
	33.8254 44.3489,
	33.941 44.2621,
	33.9989 44.2332,
	34.0278 44.2188,
	34.1434 44.2477,
	34.3747 44.1754,
	34.4325 44.1609,
	34.4903 44.1754,
	34.606 44.1031,
	34.7216 43.9875,
	34.8373 43.7562,
	34.9095 43.6406,
	35.0252 43.5972,
	35.083 43.5827,
	35.1987 43.5972,
	35.3143 43.5827,
	35.3721 43.5827,
	35.4878 43.5394,
	35.6034 43.5683,
	35.6323 43.5972,
	35.6323 43.655,
	35.6034 43.7128,
	35.6323 43.9441,
	35.56 44.0598,
	35.5167 44.1176,
	35.4878 44.2332,
	35.4589 44.291,
	35.401 44.3489,
	34.9385 44.479,
	34.7072 44.5079,
	34.5915 44.5079,
	34.4759 44.6235,
	34.3458 44.8548,
	34.2302 44.956,
	33.9989 45.4186,
	33.8399 45.6354,
	33.7242 45.6787,
	33.6086 45.6643,
	33.5508 45.6498,
	33.3195 45.7366,
	33.2183 45.6498,
	33.1605 45.6787,
	33.0593 45.7944,
	33.0014 45.8088,
	32.9725 45.8088,
	32.7846 46.0401,
	32.7413 46.1558,
	32.7268 46.2136,
	32.6979 46.2425,
	32.6979 46.2714,
	32.5822 46.3726,
	32.4666 46.416,
	32.3654 46.5316,
	32.2498 46.9942,
	32.2064 47.1098,
	32.192 47.2255,
	32.2642 47.688,
	32.2931 47.8037,
	32.4088 48.035,
	32.4811 48.2662,
	32.4955 48.3819,
	32.5389 48.4975,
	32.6834 48.7288,
	32.7557 48.9601,
	32.828 49.0757,
	33.0448 49.307,
	33.0593 49.3648,
	33.0304 49.4805,
	33.0014 49.5239,
	32.9436 49.4805,
	32.8858 49.3648,
	32.8424 49.3215,
	32.7846 49.3648,
	32.7846 49.5961,
	32.7702 49.7118,
	32.7702 49.7696,
	32.7702 49.7985,
	32.8569 49.9142,
	32.9003 50.0298,
	33.0593 50.2611,
	33.2906 50.4201,
	33.3773 50.5357,
	33.4929 50.5646,
	33.6086 50.6514,
	33.7387 51.1139,
	33.8399 51.3452,
	33.9121 51.4609,
	34.0278 51.5621,
	34.0856 51.591,
	34.2012 51.6922,
	34.3169 51.7644,
	34.3747 51.7789,
	34.4903 51.8656,
	34.5482 51.909,
	34.6638 51.9379,
	34.7216 51.9523,
	34.9529 52.1114,
	35.0686 52.2125,
	35.1842 52.4438,
	35.2276 52.5595,
	35.242 52.6751,
	35.1842 53.1377,
	35.1987 53.6003,
	35.242 53.8315,
	35.2709 53.9472,
	35.2854 54.005,
	35.4878 54.2363,
	35.4733 54.2941,
	35.4299 54.3519,
	35.3721 54.3808,
	35.3432 54.3808,
	35.2709 54.4242,
	35.2131 54.3808,
	35.083 54.1496,
	35.0541 54.1206,
	35.0541 54.0917,
	34.9385 53.9905,
	34.8228 53.9183,
	34.765 53.9038,
	34.7361 53.8894,
	34.6783 53.9183,
	34.6204 53.9761,
	34.606 54.0339,
	34.606 54.0628,
	34.4903 54.1785,
	34.4759 54.2074,
	34.3602 54.1929,
	34.3313 54.1929,
	33.8977 53.7304,
	33.5652 53.2678,
	33.4929 53.1521,
	33.3773 53.051,
	33.2616 53.0076,
	33.146 52.9353,
	33.0882 52.8775,
	32.9436 52.6462,
	32.7557 52.4149,
	32.6545 52.1836,
	32.3943 51.7211,
	32.351 51.4898,
	32.3799 51.2585,
	32.351 51.0272,
	32.2209 50.7959,
	32.2353 50.767,
	32.192 50.7092,
	32.0763 50.6658,
	32.0185 50.608,
	32.004 50.5502,
	31.9462 50.5068,
	31.9173 50.4779,
	31.8595 50.5213,
	31.7438 50.5357,
	31.686 50.5357,
	31.6571 50.4779,
	31.6571 50.3623,
	31.5848 50.131,
	31.5415 49.8997,
	31.3825 49.4371,
	31.368 49.2058,
	31.368 49.1914,
	"/>
</Transform>

<Transform dim="0"
 xcoef=" 0 1 0 0 0 0"
 ycoef=" 0 0 1 0 0 0">
<Contour name="TB2_AP11_EM" hidden="false" closed="true" simplified="true" border="0 1 0" fill="0 1 0" mode="9"
 points="69.3379 24.6941,
	69.4073 24.6015,
	69.5924 24.4858,
	69.685 24.3007,
	69.7313 24.1155,
	69.847 23.9304,
	70.0322 23.7684,
	70.2173 23.6758,
	70.5182 23.3286,
	70.7033 23.1898,
	70.7496 23.1435,
	70.9348 23.0972,
	71.0273 23.074,
	71.1199 23.0972,
	71.3051 23.2129,
	71.4902 23.2361,
	71.6753 23.2129,
	71.8605 23.2823,
	72.0456 23.4443,
	72.1845 23.6063,
	72.2771 23.6989,
	72.4622 23.8146,
	72.5085 23.8146,
	72.5548 23.8609,
	72.6011 23.8609,
	72.7862 24.0461,
	72.9482 24.1849,
	73.1334 24.3701,
	73.2491 24.5552,
	73.3185 24.7404,
	73.3185 25.1107,
	73.388 25.481,
	73.4574 25.6661,
	73.4805 25.7587,
	73.8277 26.0364,
	74.0128 26.1753,
	74.1517 26.3604,
	74.3368 26.7307,
	74.4526 26.9159,
	74.522 27.101,
	74.5683 27.4713,
	74.5451 28.9525,
	74.4989 29.3228,
	74.3831 29.6931,
	74.3137 29.8782,
	74.2674 29.9708,
	74.2674 30.0171,
	74.2211 30.0634,
	74.1517 30.2485,
	74.1054 30.3411,
	74.0591 30.3874,
	74.0591 30.4337,
	73.9666 30.5262,
	73.9666 30.5725,
	73.712 30.9428,
	73.5963 31.128,
	73.4343 31.29,
	73.3417 31.3826,
	73.1565 31.4983,
	72.9714 31.5677,
	72.8788 31.614,
	72.5085 31.6371,
	72.3234 31.6371,
	72.1382 31.5446,
	72.0456 31.4983,
	71.8605 31.4983,
	71.7679 31.5214,
	71.5828 31.6834,
	71.4902 31.8686,
	71.3745 32.2389,
	71.3051 32.424,
	71.2819 32.5166,
	71.2356 32.5397,
	71.0505 32.3777,
	70.981 32.1926,
	70.9348 32.1463,
	70.9348 32.1,
	70.8653 32.0074,
	70.8653 31.9611,
	70.819 31.9149,
	70.7728 31.7297,
	70.7265 31.6834,
	70.7265 31.5908,
	70.495 30.8503,
	70.3793 30.48,
	70.2636 29.7394,
	70.1247 28.2582,
	69.9627 27.5176,
	69.8702 27.1473,
	69.7544 25.6661,
	69.7313 25.481,
	69.6619 25.2958,
	69.6619 25.2032,
	69.5461 25.0181,
	69.3841 24.833,
	69.3379 24.7404,
	69.3379 24.7172,
	"/>
</Transform>

<Transform dim="0"
 xcoef=" 0 1 0 0 0 0"
 ycoef=" 0 0 1 0 0 0">
<Contour name="TB0_Nuc07_EM" hidden="false" closed="true" simplified="true" border="0.823529 0 0" fill="0 1 0" mode="9"
 points="18.4159 58.8924,
	18.6077 58.3809,
	18.6716 58.1251,
	18.9274 57.6135,
	19.0553 57.3578,
	19.4709 56.8782,
	19.6948 56.6224,
	19.9505 56.5585,
	20.2063 56.5585,
	20.3022 56.5265,
	20.3342 56.3986,
	20.526 56.1428,
	20.6539 55.8871,
	20.8138 55.3755,
	20.9417 55.1197,
	21.0056 54.9918,
	21.2614 54.768,
	21.709 54.4163,
	21.9648 54.3204,
	22.0927 54.2885,
	22.1566 54.2565,
	22.4124 54.3844,
	22.6681 54.4163,
	22.796 54.4483,
	23.2117 54.9599,
	23.5634 55.4714,
	23.7872 55.7272,
	23.9151 55.8551,
	23.947 56.1109,
	23.947 56.2387,
	23.7872 56.7503,
	23.7552 57.2619,
	23.7552 57.3897,
	23.8831 57.6455,
	24.011 58.1571,
	24.0749 58.4128,
	24.0749 58.9244,
	24.0749 59.0523,
	24.0749 59.1162,
	24.1389 59.0523,
	24.1708 59.1802,
	24.1069 59.4359,
	24.0429 59.4999,
	23.8191 60.0114,
	23.7232 60.2672,
	23.3715 60.7788,
	23.0838 61.2903,
	22.7321 61.8019,
	22.5083 62.3134,
	22.3804 62.4413,
	22.2525 62.4413,
	22.1246 62.5053,
	21.8688 62.7291,
	21.6131 62.761,
	21.4852 62.761,
	20.9736 63.0168,
	20.8457 63.0808,
	20.6219 63.3046,
	20.1104 63.3365,
	19.5988 63.2406,
	19.0873 63.0488,
	18.8635 62.825,
	18.6716 62.3134,
	18.6716 62.0577,
	18.9274 61.8338,
	19.1832 61.8019,
	19.3111 61.7379,
	19.407 61.4822,
	19.407 61.3543,
	19.3431 61.2264,
	19.0873 61.0345,
	18.9594 60.9067,
	18.6716 60.3951,
	18.5438 60.1393,
	18.4159 59.6278,
	18.4159 59.1162,
	18.4159 58.9883,
	18.4159 58.9244,
	"/>
</Transform>

<Transform dim="0"
 xcoef=" 0 1 0 0 0 0"
 ycoef=" 0 0 1 0 0 0">
<Contour name="TB0_Nuc04_EM" hidden="false" closed="true" simplified="true" border="0 0.717647 0.180392" fill="0 1 1" mode="9"
 points="21.8049 67.6208,
	21.9967 67.397,
	22.1246 67.3011,
	22.2525 67.2691,
	22.3804 67.0133,
	22.3804 66.7575,
	22.1566 66.246,
	22.1566 65.9902,
	22.1886 65.8623,
	22.3484 65.6065,
	22.5722 65.3508,
	22.7001 65.3188,
	22.828 65.3508,
	23.0838 65.5746,
	23.1797 65.7025,
	23.2436 65.9582,
	23.1477 66.214,
	22.9879 66.4698,
	22.9559 66.9813,
	23.1158 68.0044,
	23.2756 68.2602,
	23.5314 68.2282,
	23.5953 68.2282,
	23.7232 68.3561,
	23.7872 68.3881,
	23.9151 68.3561,
	24.0429 68.4201,
	24.1708 68.3881,
	24.2348 68.3881,
	24.4266 68.1323,
	24.4906 68.0044,
	24.4906 67.8766,
	24.4266 67.7487,
	23.9151 67.397,
	23.8191 67.2691,
	23.7872 67.0133,
	23.9151 66.9174,
	24.1708 66.9174,
	24.4266 67.0773,
	24.9382 67.4929,
	25.0021 67.5568,
	25.0341 68.0684,
	24.9382 68.5799,
	24.8742 68.6439,
	24.8742 68.7078,
	24.5865 69.2194,
	24.3946 69.4432,
	24.1389 69.699,
	23.8831 69.7949,
	23.7552 69.7309,
	23.5314 69.5071,
	23.2756 69.3473,
	23.0198 69.2514,
	22.86 68.9956,
	22.7641 68.484,
	22.7001 68.3561,
	22.4443 68.1323,
	22.3484 68.0044,
	22.2205 67.9725,
	22.0927 68.0044,
	21.9648 67.9725,
	21.8369 67.8446,
	21.8049 67.7167,
	21.8049 67.6528,
	"/>
</Transform>

<Transform dim="0"
 xcoef=" 0 1 0 0 0 0"
 ycoef=" 0 0 1 0 0 0">
<Contour name="TB2_AP14_EM" hidden="false" closed="true" simplified="true" border="0 1 0" fill="0 1 0" mode="9"
 points="64.0246 52.304,
	64.2086 51.851,
	64.3077 51.398,
	64.336 51.1715,
	64.336 51.0583,
	64.3643 50.945,
	64.4917 50.7186,
	64.5908 50.4921,
	64.6191 50.2656,
	64.6049 50.1523,
	64.4917 49.9259,
	64.4775 49.8126,
	64.4775 49.756,
	64.5908 49.5295,
	65.0154 49.0907,
	65.1287 49.0907,
	65.2419 49.0624,
	65.4684 48.9208,
	65.525 48.8784,
	65.5817 48.8642,
	65.6807 48.935,
	65.794 49.1615,
	65.8648 49.2747,
	65.9355 49.7277,
	66.0063 49.9542,
	66.0488 50.0674,
	66.162 50.1807,
	66.2186 50.2939,
	66.2894 50.5204,
	66.3602 50.6336,
	66.4734 50.7327,
	66.5867 50.7752,
	66.6433 50.8035,
	66.6716 50.8035,
	66.7849 50.8884,
	67.0113 51.0017,
	67.2237 51.1574,
	67.3652 51.3839,
	67.4785 51.4829,
	67.6059 51.7094,
	67.6483 51.8227,
	67.6908 52.0492,
	67.7191 52.0775,
	67.7757 52.0775,
	67.804 52.0633,
	67.8607 52.0916,
	67.889 52.1199,
	67.9173 52.3464,
	67.9314 52.403,
	68.0164 52.5163,
	68.0447 52.5446,
	68.0588 52.6012,
	68.1296 52.7145,
	68.2287 53.1674,
	68.257 53.3939,
	68.2429 53.6204,
	68.2712 53.8469,
	68.3419 54.0734,
	68.4977 54.2999,
	68.71 54.4839,
	68.9365 54.583,
	68.9931 54.6113,
	69.4178 55.0501,
	69.6442 55.22,
	69.8707 55.3474,
	69.984 55.4181,
	70.2105 55.6305,
	70.3237 55.7154,
	70.3803 55.7437,
	70.6068 55.956,
	71.0173 56.409,
	71.2296 56.6355,
	71.4561 56.8337,
	71.5127 56.8903,
	71.7392 57.0318,
	71.8525 57.1168,
	72.079 57.2159,
	72.5319 57.5273,
	72.7443 57.7113,
	72.9283 57.9378,
	72.9849 57.9944,
	73.0132 58.0227,
	72.9566 58.0652,
	72.9424 58.0793,
	73.0132 58.1926,
	73.1406 58.6455,
	73.2963 59.0985,
	73.3246 59.1551,
	73.3529 59.3816,
	73.4237 59.6081,
	73.452 59.6364,
	73.5653 59.6647,
	73.6219 59.6789,
	73.7351 59.7497,
	73.7493 59.8629,
	73.6785 59.9761,
	73.5653 60.0752,
	73.452 60.1177,
	73.3388 60.1885,
	73.2963 60.3017,
	73.3388 60.415,
	73.537 60.6414,
	73.636 60.7547,
	73.6644 60.8679,
	73.6644 60.9812,
	73.636 61.0944,
	73.4237 61.2926,
	73.2539 61.5191,
	73.0415 61.7456,
	72.9424 61.8588,
	72.8858 61.9154,
	72.8575 61.972,
	72.8009 62.0287,
	72.5744 62.057,
	72.4612 62.0711,
	72.4045 62.0711,
	72.3479 62.0994,
	72.3196 62.0994,
	72.263 62.1419,
	72.2347 62.1702,
	72.2064 62.1702,
	72.1497 62.2268,
	72.0223 62.4533,
	71.994 62.5666,
	71.9657 62.5949,
	71.8525 62.5241,
	71.7959 62.4675,
	71.7392 62.4392,
	71.6685 62.5383,
	71.5694 62.6515,
	71.4561 62.6657,
	71.3995 62.6657,
	71.3429 62.694,
	71.2721 62.8072,
	71.173 62.9205,
	71.1164 62.9771,
	71.1022 63.0903,
	71.0881 63.1469,
	70.8616 63.3168,
	70.7484 63.3876,
	70.6351 63.4867,
	70.5219 63.5574,
	70.2954 63.6565,
	70.2388 63.6848,
	70.1255 63.699,
	70.0123 63.6848,
	69.7858 63.5858,
	69.6726 63.5433,
	69.4461 63.5574,
	69.2196 63.5999,
	68.9931 63.6141,
	68.7666 63.5574,
	68.5401 63.5291,
	68.4269 63.5291,
	68.2004 63.4725,
	67.9739 63.3876,
	67.8607 63.331,
	67.7616 63.2319,
	67.62 63.0054,
	67.436 62.7789,
	66.983 62.3542,
	66.8698 62.241,
	66.7141 62.0145,
	66.615 61.788,
	66.5725 61.6748,
	66.5018 61.5615,
	66.3885 61.4625,
	66.2753 61.3917,
	66.1762 61.2784,
	66.0346 61.052,
	65.9214 60.8255,
	65.8648 60.7122,
	65.7232 60.2593,
	65.6666 60.146,
	65.6241 60.0894,
	65.5675 60.0752,
	65.3693 59.8487,
	65.3269 59.7921,
	65.2986 59.7638,
	65.2561 59.3108,
	65.2278 59.1976,
	65.1995 59.141,
	65.1995 59.0844,
	65.0013 58.6314,
	64.9305 58.1784,
	64.9305 57.9519,
	64.9588 57.7254,
	64.9164 56.8195,
	64.8739 56.593,
	64.7465 56.3665,
	64.6757 56.1401,
	64.6474 56.0268,
	64.6474 55.8003,
	64.6049 55.5738,
	64.5625 55.4606,
	64.4068 55.2341,
	64.4209 55.1775,
	64.3643 55.0642,
	64.3218 55.0076,
	64.3077 54.951,
	64.2652 54.8944,
	64.2369 54.7811,
	64.2369 54.3282,
	64.1661 53.4222,
	64.152 53.1957,
	64.0812 52.7428,
	64.0387 52.5163,
	64.0246 52.403,
	64.0246 52.3464,
	64.0246 52.3181,
	"/>
</Transform>

<Transform dim="0"
 xcoef=" 0 1 0 0 0 0"
 ycoef=" 0 0 1 0 0 0">
<Contour name="TB2_AP14_EM" hidden="false" closed="true" simplified="true" border="0 1 0" fill="0 1 0" mode="9"
 points="59.9337 34.8646,
	59.9761 34.6381,
	60.0045 34.5249,
	60.0186 34.4682,
	60.0611 34.4116,
	60.2026 33.9586,
	60.2734 33.7322,
	60.3442 33.6189,
	60.4857 33.1659,
	60.6698 32.713,
	60.7122 32.5997,
	60.7405 32.5714,
	60.7405 32.5431,
	60.8679 32.3166,
	60.9104 32.0901,
	60.9953 31.8637,
	61.0944 30.9577,
	61.0803 30.8445,
	60.9387 30.3915,
	60.8821 30.165,
	60.9529 29.712,
	60.9812 29.2591,
	60.8962 28.8061,
	60.8821 28.7495,
	60.9104 28.523,
	60.9953 28.2965,
	61.151 28.07,
	61.2218 27.8435,
	61.2643 27.6171,
	61.3775 27.3906,
	61.4058 27.3339,
	61.5191 27.2349,
	61.5615 27.1216,
	61.4766 26.8951,
	61.4341 26.7819,
	61.4625 26.7253,
	61.42 26.612,
	61.42 26.3855,
	61.5191 25.9326,
	61.5899 25.7061,
	61.8022 25.2531,
	61.9296 25.0266,
	62.0853 24.8001,
	62.2976 24.5878,
	62.3542 24.5453,
	62.4675 24.5029,
	62.5807 24.4321,
	62.694 24.3896,
	62.9205 24.3755,
	63.0337 24.3613,
	63.0903 24.333,
	63.1894 24.2198,
	63.3027 24.2056,
	63.3593 24.2056,
	63.4159 24.2339,
	63.6424 24.4463,
	63.699 24.5029,
	63.7273 24.5312,
	63.7415 24.7577,
	63.7273 24.8709,
	63.7698 25.3239,
	63.7698 25.4371,
	63.8689 25.6636,
	63.9113 25.7769,
	63.9538 26.2298,
	63.7698 27.1358,
	63.7132 27.3623,
	63.5999 27.5887,
	63.5291 27.702,
	63.5008 27.7586,
	63.3876 27.8152,
	63.1611 27.8435,
	63.1045 27.886,
	63.062 27.9992,
	63.0479 28.4522,
	62.9912 28.6787,
	62.8355 29.1317,
	62.8214 29.2449,
	62.8355 29.3582,
	62.8214 29.4714,
	62.8214 29.528,
	62.7223 29.7545,
	62.6515 30.2075,
	62.5241 30.434,
	62.2976 30.6321,
	62.1844 30.8586,
	62.1419 30.9719,
	62.1278 31.0285,
	62.1419 31.0851,
	62.241 31.1559,
	62.2976 31.17,
	62.3542 31.1559,
	62.3967 31.1984,
	62.3684 31.255,
	62.2552 31.3116,
	62.1419 31.3399,
	62.0711 31.439,
	62.057 31.4956,
	62.0004 31.5239,
	61.9437 31.5098,
	61.9296 31.4956,
	61.9013 31.5239,
	61.8871 31.7504,
	61.8871 31.8637,
	61.8871 31.9203,
	61.9579 32.1468,
	61.972 32.3732,
	62.057 32.5997,
	62.0994 32.6564,
	62.1419 32.7696,
	62.2127 32.8828,
	62.241 32.9395,
	62.241 32.9678,
	62.425 33.1943,
	62.4958 33.3075,
	62.5383 33.3641,
	62.5524 33.4207,
	62.5949 33.4774,
	62.6798 33.7038,
	62.7364 33.8171,
	62.8638 34.2701,
	62.9346 34.4965,
	63.0337 34.723,
	63.1611 34.9495,
	63.3168 35.176,
	63.3876 35.2892,
	63.43 35.3459,
	63.4867 35.5724,
	63.5008 35.7988,
	63.5008 35.8555,
	63.5999 35.9545,
	63.6565 36.181,
	63.6848 36.4075,
	63.8264 36.8605,
	63.8406 37.3135,
	63.968 37.7664,
	64.0387 38.2194,
	64.0529 38.4459,
	64.0387 38.5591,
	64.1095 39.0121,
	64.2511 39.4651,
	64.336 39.6916,
	64.4068 39.8048,
	64.7182 40.7107,
	64.7607 40.824,
	64.8314 40.9372,
	64.8739 41.0505,
	64.9164 41.1071,
	64.9164 41.1354,
	65.0013 41.2486,
	65.1145 41.3619,
	65.1712 41.376,
	65.2844 41.2628,
	65.3976 41.2486,
	65.4543 41.277,
	65.6241 41.5034,
	65.8506 41.9564,
	65.8931 42.0697,
	65.9355 42.1263,
	66.0488 42.1829,
	66.162 42.2961,
	66.3744 42.7491,
	66.7282 43.655,
	66.8273 44.108,
	66.8556 44.3345,
	66.9406 44.561,
	67.068 44.7875,
	67.0821 44.8441,
	67.1529 44.9573,
	67.1671 45.014,
	67.2378 45.1272,
	67.3935 45.5802,
	67.436 45.8067,
	67.436 46.0331,
	67.4219 46.1464,
	67.4219 46.203,
	67.2661 46.4295,
	67.2378 46.4861,
	67.2095 46.5144,
	67.1954 46.6277,
	67.2237 46.8542,
	67.3228 47.0806,
	67.3935 47.3071,
	67.4926 47.5336,
	67.5776 47.6469,
	67.62 47.7035,
	67.5917 48.1564,
	67.5634 48.2697,
	67.3794 48.4962,
	67.3228 48.5245,
	67.2661 48.5245,
	67.0397 48.298,
	66.5867 48.2131,
	66.3602 48.1281,
	65.9072 48.0574,
	65.6807 48.0432,
	65.4543 47.9583,
	65.341 47.93,
	65.1145 47.93,
	65.0579 47.9158,
	64.9588 47.8167,
	64.888 47.7035,
	64.7465 47.2505,
	64.6757 46.7975,
	64.6333 46.571,
	64.5908 46.4578,
	64.5766 46.4012,
	64.4917 46.2879,
	64.4351 46.2313,
	64.3785 46.1181,
	64.3926 46.0048,
	64.3785 45.8916,
	64.336 45.7783,
	64.2369 45.6651,
	64.1803 45.6085,
	64.152 45.6085,
	64.0387 45.4952,
	63.9821 45.4386,
	63.9255 45.3254,
	63.8972 45.2121,
	63.9113 44.7592,
	63.8689 44.7025,
	63.8264 44.2496,
	63.8122 44.0231,
	63.7273 43.5701,
	63.699 43.3436,
	63.4584 42.4377,
	63.3168 41.9847,
	63.1186 41.5317,
	62.9488 41.3053,
	62.7506 41.0788,
	62.5807 40.8523,
	62.4533 40.6258,
	62.2552 40.1728,
	62.2127 40.0596,
	61.9579 39.6066,
	61.9013 39.4934,
	61.9013 39.3801,
	61.8871 39.3235,
	61.7739 39.2669,
	61.3209 38.8989,
	61.2643 38.8705,
	61.052 38.6441,
	60.8962 38.4176,
	60.6556 37.9646,
	60.5282 37.7381,
	60.4716 37.6249,
	60.415 37.3984,
	60.3725 37.2851,
	60.3017 37.1719,
	60.1885 37.0728,
	60.146 37.0162,
	60.146 36.9879,
	60.1177 36.9596,
	60.0894 36.8463,
	60.0752 36.3934,
	60.1177 35.9404,
	60.1177 35.7139,
	60.0186 35.4874,
	59.9903 35.3742,
	59.9761 35.1477,
	59.9337 34.9212,
	59.9337 34.8787,
	"/>
</Transform>

<Transform dim="0"
 xcoef=" 0 1 0 0 0 0"
 ycoef=" 0 0 1 0 0 0">
<Contour name="TB2_AP14_EM" hidden="false" closed="true" simplified="true" border="0 1 0" fill="0 1 0" mode="9"
 points="73.083 22.2628,
	73.1008 22.1916,
	73.3498 21.996,
	73.4031 21.9249,
	73.492 21.6404,
	73.5098 21.5693,
	73.6165 21.427,
	73.6343 21.2848,
	73.6343 21.2136,
	73.6876 21.1603,
	73.8299 21.1247,
	74.1144 21.1781,
	74.1855 21.1959,
	74.2211 21.1959,
	74.3633 21.3203,
	74.5056 21.4092,
	74.5945 21.5337,
	74.63 21.676,
	74.63 21.8182,
	74.6656 21.9605,
	74.6478 22.1027,
	74.4522 22.3872,
	74.3989 22.5295,
	74.3811 22.6006,
	74.3278 22.6717,
	74.3278 22.7429,
	74.2744 22.8851,
	74.2211 23.4541,
	74.1677 23.7387,
	74.061 24.0232,
	73.9721 24.1654,
	73.8477 24.3077,
	73.7765 24.3788,
	73.6343 24.4499,
	73.5631 24.4321,
	73.4209 24.3254,
	73.3675 24.2543,
	73.3142 23.9698,
	73.3142 23.4008,
	73.2964 23.1163,
	73.2431 22.8318,
	73.1542 22.5473,
	73.1008 22.405,
	73.083 22.2805,
	"/>
</Transform>

<Transform dim="0"
 xcoef=" 0 1 0 0 0 0"
 ycoef=" 0 0 1 0 0 0">
<Contour name="TB1_AP50_EM" hidden="false" closed="true" simplified="true" border="0 1 0" fill="0 1 0" mode="9"
 points="34.6027 55.1754,
	34.7151 54.9956,
	34.895 54.9281,
	35.0748 54.9506,
	35.1648 54.9506,
	35.3446 54.8157,
	35.3896 54.7257,
	35.5695 54.5908,
	35.7494 54.5234,
	35.9292 54.5009,
	36.0192 54.5009,
	36.199 54.5684,
	36.289 54.6133,
	36.4014 54.7932,
	36.4239 55.1529,
	36.4014 55.5127,
	36.4464 55.8724,
	36.4014 56.2322,
	36.4239 56.5919,
	36.4464 56.7718,
	36.6712 57.1315,
	36.8511 57.2439,
	36.941 57.3339,
	37.0309 57.5137,
	37.1658 57.6936,
	37.2333 57.7836,
	37.593 58.0309,
	37.7729 58.1883,
	38.1326 58.3456,
	38.4924 58.593,
	38.6723 58.7054,
	38.7622 58.7728,
	39.4817 59.0202,
	39.8414 59.1551,
	40.2012 59.2225,
	40.5609 59.2225,
	40.9206 59.1551,
	41.2804 58.9977,
	41.4603 58.8403,
	41.6401 58.7728,
	41.7301 58.7279,
	41.9099 58.7054,
	42.0898 58.593,
	42.3596 58.2332,
	42.7194 58.0309,
	42.8093 57.9859,
	42.9892 57.8285,
	43.3489 57.6037,
	43.4613 57.4238,
	43.4613 57.3788,
	43.6187 57.199,
	43.7086 57.0191,
	44.3607 56.2996,
	44.4956 56.1197,
	44.5406 56.0298,
	44.6305 55.9399,
	44.6305 55.8949,
	44.7654 55.715,
	45.0577 54.9956,
	45.3275 53.5566,
	45.3275 53.4666,
	45.3949 53.2868,
	45.4174 53.1069,
	45.5523 52.7472,
	45.6872 52.0277,
	45.7097 51.6679,
	45.8671 50.9485,
	45.9346 50.229,
	45.9346 49.8692,
	46.002 49.5095,
	46.0695 49.4196,
	46.0919 49.2397,
	46.047 48.8799,
	46.002 48.8125,
	45.9795 48.835,
	45.957 48.745,
	46.002 48.6551,
	45.9795 48.4752,
	45.957 48.3853,
	45.9795 48.2954,
	46.1594 48.2729,
	46.2044 48.093,
	46.2044 47.9131,
	46.2493 47.8682,
	46.4067 48.048,
	46.4742 48.4078,
	46.4966 48.7675,
	46.5191 48.8575,
	46.5866 48.9249,
	46.6765 48.8799,
	46.699 48.79,
	46.8564 48.6776,
	47.0363 48.7675,
	47.2161 48.9474,
	47.3286 49.1273,
	47.441 49.487,
	47.441 49.8467,
	47.4185 50.0266,
	47.351 50.2065,
	47.3286 50.3864,
	47.396 51.1058,
	47.4185 51.4656,
	47.4185 51.5555,
	47.3286 51.7354,
	47.2836 51.9153,
	47.2611 52.0052,
	47.3735 52.3649,
	47.3735 52.5448,
	47.2611 52.9046,
	47.1487 53.0844,
	47.0587 53.4442,
	46.9913 53.624,
	46.4742 54.3435,
	46.3393 54.5234,
	46.1594 54.8831,
	46.1144 55.063,
	46.0919 55.1529,
	45.9121 55.2878,
	45.8446 55.4677,
	45.8221 55.6476,
	45.8671 55.8275,
	45.9121 55.8724,
	45.8896 56.0523,
	45.5523 56.3896,
	45.5074 56.4795,
	45.5074 56.6594,
	45.5298 56.7493,
	45.4624 57.109,
	45.305 57.2215,
	44.9453 57.2664,
	44.7654 57.3564,
	44.4281 57.6711,
	44.3157 57.851,
	44.2483 57.9409,
	44.2258 58.0309,
	44.0459 58.2107,
	43.866 58.3232,
	43.7761 58.3906,
	43.7311 58.4806,
	43.7311 58.5255,
	43.6862 58.5705,
	43.5063 58.5705,
	43.4164 58.5705,
	43.0566 58.7279,
	42.8992 58.9077,
	42.7194 59.0202,
	42.3596 59.1326,
	42.1797 59.2,
	41.9999 59.2225,
	41.82 59.3574,
	41.6401 59.4249,
	41.2804 59.4024,
	40.9206 59.4249,
	40.7408 59.4024,
	40.6508 59.4024,
	40.471 59.4923,
	40.4035 59.5823,
	40.381 59.6722,
	40.3361 59.7172,
	40.2461 59.7172,
	40.1562 59.6722,
	39.9763 59.6947,
	39.7965 59.5823,
	39.6166 59.4249,
	39.4367 59.3125,
	39.077 59.2,
	38.7172 59.1551,
	38.5374 59.1326,
	38.3575 59.1551,
	38.2675 59.1551,
	38.1776 59.2,
	37.9977 59.1551,
	37.9078 59.1776,
	37.8179 59.1551,
	37.6605 58.9752,
	37.4806 58.9077,
	37.3007 58.8853,
	36.941 58.7279,
	36.5813 58.3906,
	36.2215 58.1658,
	35.5695 57.4463,
	35.4795 57.3564,
	35.1198 57.154,
	34.8725 56.7943,
	34.805 56.7043,
	34.6926 56.3446,
	34.6701 55.9848,
	34.6701 55.805,
	34.6027 55.4452,
	34.6027 55.2654,
	34.6027 55.1979,
	"/>
</Transform>

<Transform dim="0"
 xcoef=" 0 1 0 0 0 0"
 ycoef=" 0 0 1 0 0 0">
<Contour name="TB3_Nuc07_EM" hidden="false" closed="true" simplified="true" border="1 0 0" fill="1 0 0" mode="9"
 points="92.859 52.7129,
	93.0897 52.2207,
	93.1205 52.0976,
	93.1051 51.9746,
	93.1051 51.9131,
	93.0128 51.667,
	92.9359 51.1747,
	92.9667 50.6825,
	92.9667 50.621,
	93.0743 50.3749,
	93.2128 50.1288,
	93.3974 49.8827,
	93.4897 49.7596,
	93.4435 49.2674,
	93.4589 48.7752,
	93.5204 48.5291,
	93.5666 48.406,
	93.6127 48.1599,
	93.6281 47.9138,
	93.6127 47.6677,
	93.6281 47.4216,
	93.7204 46.9294,
	93.7665 46.8064,
	93.8127 46.5602,
	93.8281 46.4372,
	93.8742 46.3141,
	93.8742 46.2526,
	93.905 46.1911,
	93.9511 45.945,
	94.0434 45.6989,
	94.0742 45.4528,
	94.1357 45.2067,
	94.228 44.9606,
	94.3818 44.7144,
	94.5048 44.4683,
	95.1201 43.4839,
	95.2432 43.2378,
	95.3047 43.1148,
	95.3816 42.8687,
	95.4431 42.7456,
	95.4739 42.6841,
	95.5969 42.6225,
	95.843 42.5764,
	95.9046 42.5456,
	96.0276 42.5303,
	96.5198 42.6225,
	96.6429 42.6379,
	96.7659 42.6841,
	97.0121 42.8379,
	97.1351 42.9148,
	97.3812 43.1455,
	97.4427 43.1763,
	97.535 43.2993,
	97.535 43.3301,
	97.5812 43.3916,
	97.6273 43.5147,
	97.7042 43.6377,
	97.8427 44.1299,
	97.9042 44.3761,
	97.935 44.6222,
	98.1041 45.1144,
	98.1349 45.3605,
	98.1964 45.6066,
	98.1811 45.7296,
	98.2272 46.2219,
	98.2118 46.7141,
	98.0426 47.6985,
	97.858 48.1907,
	97.7811 48.4368,
	97.735 48.929,
	97.6273 49.4212,
	97.6119 49.4828,
	97.5658 49.5443,
	97.4889 49.7904,
	97.4427 49.9134,
	97.412 49.9442,
	97.3812 50.0673,
	97.3197 50.1903,
	97.2274 50.3134,
	96.9813 50.5287,
	96.9198 50.5902,
	96.8121 50.8363,
	96.689 51.3286,
	96.6429 51.4516,
	96.6275 51.5747,
	96.5814 51.6977,
	96.5967 52.1899,
	96.566 52.2207,
	96.5198 53.2051,
	96.4275 54.1895,
	96.3814 54.6818,
	96.3353 54.9279,
	96.1968 55.174,
	95.9969 55.4201,
	95.8277 55.6662,
	95.5969 55.8969,
	95.4739 56.0046,
	95.2278 56.143,
	94.9817 56.2353,
	94.4895 56.2814,
	94.3664 56.2968,
	94.2434 56.2814,
	94.1818 56.2507,
	94.0588 56.2507,
	93.9972 56.2661,
	93.8742 56.2507,
	93.7511 56.1892,
	93.6127 55.9431,
	93.382 55.4508,
	93.2589 55.2047,
	93.182 55.0817,
	93.0282 54.5895,
	93.0282 54.4664,
	93.1051 54.2203,
	93.0897 53.9742,
	92.9359 53.482,
	92.859 52.9898,
	92.859 52.7437,
	92.859 52.7283,
	"/>
</Transform>

<Transform dim="0"
 xcoef=" 0 1 0 0 0 0"
 ycoef=" 0 0 1 0 0 0">
<Contour name="TB3_Nuc08_EM" hidden="false" closed="true" simplified="true" border="0 1 0" fill="0 1 0" mode="9"
 points="84.7167 64.8046,
	84.7891 64.4184,
	84.8132 64.2254,
	84.9339 64.0323,
	85.0304 63.9599,
	85.4166 64.0564,
	85.6097 64.1771,
	85.8028 64.2012,
	85.9958 64.0564,
	86.0441 63.8633,
	86.0683 63.8392,
	85.9958 63.7668,
	85.8028 63.7668,
	85.4166 63.8633,
	85.2235 63.8151,
	85.127 63.7426,
	85.0304 63.5496,
	85.0063 63.3565,
	85.1511 62.9703,
	85.1994 62.8738,
	85.3683 62.6807,
	85.4166 62.5841,
	85.4166 62.198,
	85.5855 61.8118,
	85.7545 61.6187,
	85.851 61.5704,
	85.9717 61.3773,
	86.1648 60.605,
	86.2372 60.4119,
	86.2855 60.3154,
	86.4786 60.1464,
	86.6234 59.9533,
	86.8165 59.7844,
	86.8889 59.6878,
	86.913 59.5913,
	86.8406 59.2051,
	86.8889 59.012,
	87.0096 58.8189,
	87.1785 58.6741,
	87.2268 58.5776,
	87.2026 58.481,
	87.082 58.3604,
	87.0096 58.1673,
	86.9613 58.0707,
	86.9854 57.8776,
	86.9854 57.8294,
	87.0337 57.7811,
	87.082 57.7811,
	87.1544 57.9742,
	87.1785 58.0707,
	87.1785 58.119,
	87.275 58.1431,
	87.444 58.3121,
	87.4923 58.5052,
	87.4923 58.6983,
	87.5647 58.7948,
	87.7578 58.9155,
	87.8302 59.1086,
	87.8543 59.3017,
	87.8302 59.3982,
	87.7578 59.4947,
	87.6612 59.543,
	87.4681 59.5189,
	87.3957 59.543,
	87.2992 59.6154,
	87.275 59.712,
	87.3716 59.7361,
	87.4681 59.712,
	87.5647 59.7361,
	87.7578 59.9051,
	87.8543 60.0981,
	87.8543 60.1464,
	87.7578 60.2188,
	87.5647 60.2671,
	87.3716 60.3636,
	86.9854 60.4843,
	86.913 60.5326,
	86.7923 60.7257,
	86.8647 60.8222,
	86.9613 60.8222,
	87.0578 60.7739,
	87.2509 60.605,
	87.275 60.5567,
	87.6612 60.3878,
	87.7578 60.4119,
	87.8543 60.4843,
	87.9508 60.6774,
	87.9991 60.7739,
	88.0233 61.1601,
	87.9991 61.5463,
	88.1681 61.9325,
	88.1922 62.1255,
	88.3612 62.5117,
	88.4336 62.7048,
	88.4818 63.091,
	88.3612 63.8633,
	88.2887 64.0564,
	87.975 64.4184,
	87.8302 64.6115,
	87.7336 64.7081,
	87.5405 64.8288,
	87.444 64.877,
	87.2509 64.8529,
	87.1544 64.8046,
	87.0578 64.8288,
	86.9613 64.9012,
	86.9613 64.9494,
	87.0578 65.0218,
	87.2509 65.046,
	87.6371 64.9977,
	87.8302 65.0701,
	87.9026 65.1667,
	88.0715 65.5528,
	88.1922 65.939,
	88.2646 66.3252,
	88.2646 66.7113,
	88.1922 66.9044,
	88.0715 67.0975,
	87.975 67.1699,
	87.5888 67.2423,
	87.3957 67.2182,
	87.0096 66.9527,
	86.913 66.9286,
	86.8647 66.9286,
	86.5027 67.2906,
	86.382 67.4596,
	85.9958 67.3389,
	85.6097 67.0251,
	85.4166 66.8562,
	85.2718 66.7355,
	85.127 66.5424,
	85.0546 66.4459,
	85.0063 66.2528,
	85.0304 65.8666,
	85.0063 65.6735,
	84.9339 65.4804,
	84.8132 65.2873,
	84.7408 65.1908,
	84.7167 64.8288,
	"/>
</Transform>

<Transform dim="0"
 xcoef=" 0 1 0 0 0 0"
 ycoef=" 0 0 1 0 0 0">
<Contour name="TB3_Nuc20_EM" hidden="false" closed="true" simplified="true" border="0 1 1" fill="0 1 1" mode="9"
 points="103.176 42.2116,
	103.341 42.0469,
	103.411 41.8586,
	103.458 41.4822,
	103.505 41.2939,
	103.552 41.1998,
	103.552 41.1527,
	103.6 41.1057,
	103.6 41.0586,
	103.647 41.0116,
	103.647 40.9645,
	103.905 40.588,
	103.905 40.541,
	104.047 40.3527,
	104.094 40.2586,
	104.141 40.2116,
	104.141 40.1645,
	104.376 39.788,
	104.682 39.4586,
	104.729 39.2704,
	104.729 39.1763,
	104.941 38.7998,
	105.105 38.6351,
	105.247 38.5175,
	105.341 38.4233,
	105.599 38.141,
	105.929 37.8586,
	106.117 37.7175,
	106.211 37.6469,
	106.258 37.5998,
	106.352 37.5998,
	106.635 37.2469,
	106.799 37.0586,
	106.988 36.9175,
	107.082 36.8704,
	107.176 36.8704,
	107.294 37.0586,
	107.27 37.2469,
	107.247 37.341,
	106.729 38.0704,
	106.47 38.8233,
	106.376 39.0116,
	106.047 39.388,
	105.929 39.5763,
	105.788 39.9528,
	105.764 40.141,
	105.717 40.2351,
	105.717 40.2822,
	105.27 41.0351,
	105.176 41.2233,
	104.917 41.5998,
	104.305 42.3057,
	104.117 42.4704,
	103.929 42.541,
	103.835 42.588,
	103.647 42.588,
	103.552 42.588,
	103.364 42.4939,
	103.27 42.4469,
	103.2 42.3527,
	103.176 42.2586,
	103.176 42.2351,
	"/>
</Transform>

<Transform dim="0"
 xcoef=" 0 1 0 0 0 0"
 ycoef=" 0 0 1 0 0 0">
<Contour name="TB3_Nuc33_EM" hidden="false" closed="true" simplified="true" border="0 1 1" fill="0 1 1" mode="9"
 points="97.1034 37.2415,
	97.1331 37.123,
	97.1331 37.0637,
	97.2219 36.8267,
	97.2664 36.7082,
	97.2812 36.5897,
	97.2664 36.4712,
	97.1923 36.2342,
	97.1775 36.1157,
	97.2219 35.8786,
	97.3849 35.4046,
	97.4293 35.2861,
	97.4293 35.2268,
	97.5775 34.7528,
	97.6663 34.5158,
	97.7256 34.3973,
	97.8293 34.2788,
	98.0811 33.8047,
	98.1552 33.5677,
	98.2145 33.4492,
	98.2293 33.39,
	98.333 33.2863,
	98.3922 33.227,
	98.4515 33.1974,
	98.57 33.0789,
	98.7329 32.8418,
	98.7626 32.7826,
	98.7922 32.5456,
	98.807 32.4271,
	98.9403 32.19,
	99.1773 31.9827,
	99.2958 31.9086,
	99.7699 31.716,
	99.8884 31.6864,
	99.9476 31.6568,
	100.422 31.5827,
	100.54 31.5975,
	100.659 31.6568,
	100.777 31.7753,
	100.836 31.8345,
	100.896 31.8641,
	101.014 31.9678,
	101.088 32.0864,
	101.266 32.5604,
	101.311 32.6789,
	101.459 32.9159,
	101.473 32.9752,
	101.592 33.0789,
	101.71 33.1381,
	101.933 33.3751,
	102.007 33.4936,
	102.081 33.7307,
	102.11 33.8492,
	102.199 33.9529,
	102.259 33.9973,
	102.333 34.2343,
	102.362 34.3528,
	102.318 34.8269,
	102.303 35.0639,
	102.14 35.5379,
	102.11 35.6564,
	102.125 35.7749,
	102.11 35.8935,
	102.036 36.012,
	101.992 36.0712,
	101.962 36.3082,
	101.933 36.4267,
	101.799 36.6638,
	101.71 36.9008,
	101.681 36.9304,
	101.651 36.9304,
	101.592 36.9897,
	101.518 37.1082,
	101.459 37.1526,
	101.429 37.2711,
	101.429 37.3896,
	101.385 37.5081,
	101.266 37.6118,
	101.207 37.6711,
	101.148 37.7896,
	100.911 38.0118,
	100.851 38.0562,
	100.822 38.0562,
	100.762 38.1007,
	100.733 38.1007,
	100.703 38.1303,
	100.674 38.2488,
	100.525 38.4858,
	100.407 38.6044,
	100.288 38.6784,
	100.17 38.7229,
	100.051 38.7377,
	99.9921 38.7377,
	99.8736 38.7969,
	99.8143 38.8266,
	99.7254 38.7229,
	99.6958 38.4858,
	99.5921 38.2488,
	99.5773 38.1303,
	99.6069 38.0118,
	99.6217 37.5378,
	99.6217 37.3008,
	99.5625 37.1822,
	99.444 37.0785,
	99.3847 37.0341,
	99.2662 37.0489,
	99.2366 37.0489,
	99.2218 37.0785,
	99.281 37.3156,
	99.3699 37.5526,
	99.4144 37.6711,
	99.444 38.1451,
	99.3403 38.6192,
	99.3551 38.8562,
	99.3255 38.9747,
	99.1033 39.2117,
	98.8663 39.345,
	98.807 39.3747,
	98.6885 39.3895,
	98.2145 39.6117,
	98.0959 39.6561,
	98.0367 39.6709,
	97.9626 39.7894,
	97.933 39.8487,
	97.9034 39.8783,
	97.7849 39.8635,
	97.7256 39.8783,
	97.6663 39.8635,
	97.6367 39.8635,
	97.5627 39.745,
	97.5034 39.508,
	97.4738 39.3895,
	97.459 39.1525,
	97.4441 39.0339,
	97.2516 38.5599,
	97.2071 38.3229,
	97.2219 38.0859,
	97.2812 37.8489,
	97.296 37.7303,
	97.3256 37.6711,
	97.3108 37.5526,
	97.1923 37.4785,
	97.1331 37.4193,
	97.1034 37.3896,
	97.1034 37.2711,
	97.1034 37.2563,
	"/>
</Transform>

<Transform dim="0"
 xcoef=" 0 1 0 0 0 0"
 ycoef=" 0 0 1 0 0 0">
<Contour name="TB3_Nuc35_EM" hidden="false" closed="true" simplified="true" border="0 1 0" fill="0 1 0" mode="9"
 points="102.629 36.6988,
	102.811 36.2131,
	102.887 35.9703,
	102.918 35.8489,
	102.993 35.7275,
	103.115 35.6819,
	103.176 35.6668,
	103.297 35.7426,
	103.418 35.7882,
	103.464 35.8033,
	103.585 35.7882,
	103.707 35.7426,
	104.192 35.4543,
	104.435 35.3329,
	104.496 35.3177,
	104.557 35.3329,
	104.663 35.4239,
	104.739 35.5453,
	104.754 35.6668,
	104.769 35.7275,
	105.012 35.8337,
	105.042 35.8337,
	105.073 35.8033,
	105.194 35.8033,
	105.316 35.8792,
	105.376 35.8641,
	105.498 35.9096,
	105.619 36.031,
	105.649 36.0917,
	105.649 36.1524,
	105.589 36.2738,
	105.528 36.5167,
	105.483 36.6381,
	105.452 36.6988,
	105.346 36.8202,
	105.225 36.8961,
	105.103 37.0024,
	105.058 37.0327,
	105.027 37.0175,
	104.784 37.23,
	104.724 37.2756,
	104.602 37.3211,
	104.496 37.4425,
	104.435 37.5032,
	104.314 37.5487,
	104.071 37.5943,
	103.95 37.6398,
	103.707 37.655,
	103.585 37.655,
	103.343 37.5487,
	102.887 37.2452,
	102.766 37.1541,
	102.675 37.0327,
	102.629 36.9113,
	102.629 36.7899,
	102.629 36.7292,
	102.629 36.714,
	"/>
</Transform>

<Transform dim="0"
 xcoef=" 0 1 0 0 0 0"
 ycoef=" 0 0 1 0 0 0">
<Contour name="TB3_Nuc53_EM" hidden="false" closed="true" simplified="true" border="0 1 0" fill="0 1 0" mode="9"
 points="92.9643 42.0808,
	93.0055 41.9162,
	93.0261 41.834,
	93.0672 41.7928,
	93.1289 41.6283,
	93.1495 41.4637,
	93.1083 41.3815,
	93.1289 41.2992,
	93.2523 41.1347,
	93.3551 40.4765,
	93.4168 40.312,
	93.458 40.2297,
	93.5402 40.1474,
	93.8487 39.9623,
	93.931 39.9418,
	93.9721 39.9418,
	94.0544 40.024,
	94.075 40.1063,
	94.0133 40.4354,
	93.9516 40.5999,
	93.7459 40.929,
	93.6019 41.0935,
	93.458 41.4226,
	93.3963 41.7517,
	93.3963 42.0808,
	93.3346 42.2453,
	93.2112 42.4098,
	93.2112 42.451,
	93.0672 42.5949,
	93.0261 42.6155,
	92.9643 42.5538,
	92.9643 42.2247,
	92.9643 42.1425,
	92.9643 42.1013,
	"/>
</Transform>

<Transform dim="0"
 xcoef=" 0 1 0 0 0 0"
 ycoef=" 0 0 1 0 0 0">
<Contour name="TB3_Nuc56_EM" hidden="false" closed="true" simplified="true" border="1 0 0" fill="1 0 0" mode="9"
 points="101.209 30.9381,
	101.351 30.5608,
	101.374 30.1835,
	101.398 29.9949,
	101.469 29.8062,
	101.657 29.7119,
	101.751 29.6176,
	102.129 29.5704,
	102.317 29.594,
	102.412 29.6647,
	102.506 29.6647,
	102.695 29.7591,
	102.86 29.9006,
	102.907 29.9006,
	103.048 30.0892,
	103.072 30.1835,
	103.143 30.2543,
	103.331 30.3014,
	103.379 30.3486,
	103.379 30.4429,
	103.308 30.5372,
	103.119 30.608,
	103.025 30.6316,
	102.931 30.7023,
	102.883 30.7966,
	102.907 30.891,
	103.096 30.9145,
	103.473 30.8438,
	103.662 30.8438,
	103.874 30.4665,
	103.968 30.3958,
	104.157 30.3958,
	104.345 30.5137,
	104.44 30.608,
	104.51 30.7966,
	104.534 30.9853,
	104.487 31.1739,
	104.275 31.5512,
	104.18 31.7399,
	104.133 31.8342,
	103.756 32.0936,
	103.567 32.1643,
	103.473 32.2586,
	103.096 32.3294,
	102.907 32.3058,
	102.718 32.3294,
	102.341 32.5652,
	102.247 32.6124,
	102.2 32.6595,
	102.105 32.6359,
	101.846 32.2822,
	101.775 32.0936,
	101.822 31.9049,
	101.822 31.7163,
	101.657 31.5984,
	101.28 31.4333,
	101.209 31.2447,
	101.209 31.056,
	101.209 30.9617,
	"/>
</Transform>

<Transform dim="0"
 xcoef=" 0 1 0 0 0 0"
 ycoef=" 0 0 1 0 0 0">
<Contour name="TB3_Nuc59_EM" hidden="false" closed="true" simplified="true" border="0 1 0" fill="0 1 0" mode="9"
 points="97.2281 28.2679,
	97.2951 27.9103,
	97.5409 27.1953,
	97.5856 27.1506,
	97.6973 26.793,
	97.8538 26.4355,
	98.0549 25.7204,
	98.1219 25.3629,
	98.256 25.0053,
	98.323 24.8266,
	98.3677 24.7372,
	98.3677 24.6925,
	98.4124 24.6478,
	98.5688 24.2903,
	98.7923 23.9327,
	98.9264 23.7539,
	99.0158 23.6646,
	99.1945 23.5975,
	99.2392 23.5975,
	99.3286 23.5305,
	99.5074 23.4858,
	99.5968 23.4634,
	99.7755 23.5305,
	99.8649 23.5528,
	99.9096 23.5528,
	100.066 23.3964,
	100.133 23.2176,
	100.178 22.8601,
	100.178 22.6813,
	100.155 22.5919,
	100.2 22.4132,
	100.379 22.0556,
	100.491 21.8769,
	100.558 21.7875,
	100.893 21.5864,
	100.982 21.5193,
	101.161 21.4746,
	101.25 21.4299,
	101.429 21.4076,
	101.608 21.4523,
	101.943 21.7875,
	101.988 21.9663,
	101.921 22.145,
	101.429 22.8378,
	101.384 22.9271,
	101.34 22.9718,
	101.183 23.3294,
	101.116 23.6869,
	101.116 23.8657,
	101.027 24.2232,
	101.049 24.5808,
	101.027 24.6701,
	100.781 25.0277,
	100.803 25.2064,
	100.736 25.564,
	100.759 25.6534,
	100.736 25.7428,
	100.58 25.8992,
	100.535 26.6143,
	100.535 26.793,
	100.647 27.1506,
	100.647 27.3293,
	100.58 27.5081,
	100.558 27.5975,
	100.446 27.7763,
	100.267 27.955,
	100.2 28.0444,
	100.178 28.1338,
	100.312 28.3126,
	100.513 29.0276,
	100.535 29.117,
	100.491 29.2958,
	100.401 29.4746,
	100.379 29.5639,
	100.245 29.7427,
	100.2 29.8321,
	100.111 29.9215,
	100.021 29.9662,
	99.9766 29.9662,
	99.7979 30.0779,
	99.4403 30.3908,
	99.2616 30.5025,
	99.2169 30.5472,
	98.8593 30.6142,
	98.7699 30.6142,
	98.7253 30.6142,
	98.6359 30.5248,
	98.6359 30.3461,
	98.6806 30.1673,
	98.7253 30.0779,
	98.7253 29.9885,
	98.4794 29.6533,
	98.4348 29.5639,
	98.3901 29.2064,
	98.3677 29.117,
	98.4794 28.7595,
	98.5465 28.6701,
	98.5688 28.5807,
	98.7699 28.2232,
	99.0158 27.8656,
	99.1498 27.6869,
	99.2392 27.5081,
	99.2616 27.3293,
	99.2616 27.2399,
	99.2839 27.1953,
	99.1498 27.0612,
	99.0604 27.1059,
	99.0158 27.2846,
	98.9711 27.374,
	98.8817 27.4634,
	98.7699 27.6422,
	98.6582 27.9997,
	98.6135 28.1785,
	98.2113 28.8936,
	98.1443 29.0723,
	98.1219 29.2511,
	98.1666 29.4299,
	98.1443 29.7874,
	98.0772 29.9662,
	98.0102 30.0332,
	97.9655 30.0556,
	97.6079 29.8321,
	97.4739 29.6533,
	97.3621 29.2958,
	97.3174 29.117,
	97.2728 29.0276,
	97.2281 28.6701,
	97.2281 28.3126,
	97.2281 28.2902,
	"/>
</Transform>

<Transform dim="0"
 xcoef=" 0 1 0 0 0 0"
 ycoef=" 0 0 1 0 0 0">
<Contour name="TB3_AP04_EM" hidden="false" closed="true" simplified="true" border="1 0 0" fill="1 0 1" mode="9"
 points="117.595 28.6217,
	117.674 28.3089,
	117.771 28.1525,
	118.045 27.8593,
	118.202 27.7224,
	118.28 27.6638,
	118.319 27.6638,
	118.417 27.8202,
	118.495 28.133,
	118.475 28.4458,
	118.456 28.524,
	118.241 28.8368,
	118.084 28.9932,
	118.006 29.0518,
	117.85 29.1105,
	117.693 29.0909,
	117.654 29.0714,
	117.654 29.0323,
	117.615 28.9932,
	117.595 28.6804,
	117.595 28.6413,
	"/>
</Transform>

<Transform dim="0"
 xcoef=" 0 1 0 0 0 0"
 ycoef=" 0 0 1 0 0 0">
<Contour name="TB3_AP04_EM" hidden="false" closed="true" simplified="true" border="1 0 0" fill="1 0 1" mode="9"
 points="107.332 39.1789,
	107.351 39.0225,
	107.41 38.8661,
	107.859 38.2601,
	107.957 38.1037,
	108.25 37.7909,
	108.407 37.7713,
	108.563 37.8495,
	108.583 38.0059,
	108.505 38.3187,
	108.407 38.4751,
	108.368 38.5533,
	108.114 38.8661,
	107.898 39.1594,
	107.859 39.2376,
	107.605 39.5504,
	107.547 39.6872,
	107.41 39.785,
	107.39 39.8046,
	107.351 39.1985,
	"/>
</Transform>

<Transform dim="0"
 xcoef=" 0 1 0 0 0 0"
 ycoef=" 0 0 1 0 0 0">
<Contour name="TB1_NF14_RSL" hidden="false" closed="true" simplified="true" border="0.501961 0 1" fill="0.501961 0 1" mode="-9"
 points="27.9941 42.2183,
	28.064 42.0785,
	28.0989 42.0086,
	28.1164 41.9736,
	28.1164 41.9562,
	28.1688 41.8863,
	28.2038 41.8601,
	28.2212 41.8426,
	28.2911 41.8251,
	28.4309 41.8339,
	28.4659 41.8601,
	28.4834 41.8601,
	28.5183 41.8863,
	28.5358 41.9038,
	28.562 42.0435,
	28.5707 42.1134,
	28.562 42.1397,
	28.5096 42.0698,
	28.3873 42.3406,
	28.3348 42.4804,
	28.2737 42.5328,
	28.1339 42.5154,
	28.064 42.4717,
	28.0378 42.4367,
	28.0203 42.4192,
	28.0203 42.3493,
	27.9941 42.2795,
	27.9941 42.2445,
	27.9941 42.227,
	"/>
</Transform>

<Transform dim="0"
 xcoef=" 0 1 0 0 0 0"
 ycoef=" 0 0 1 0 0 0">
<Contour name="TB1_NF14_RSL" hidden="false" closed="true" simplified="true" border="0.501961 0 1" fill="0.501961 0 1" mode="-9"
 points="26.9369 47.3383,
	26.9631 47.1985,
	26.9806 47.1636,
	26.9806 47.1286,
	27.0592 46.9976,
	27.0941 46.9801,
	27.1029 46.9626,
	27.3825 46.9189,
	27.4524 46.9189,
	27.4873 46.9102,
	27.5572 46.9801,
	27.6096 47.1199,
	27.6359 47.1898,
	27.6359 47.3296,
	27.6533 47.3995,
	27.6446 47.4082,
	27.6184 47.382,
	27.6184 47.3645,
	27.5048 47.4868,
	27.4349 47.5305,
	27.4174 47.548,
	27.3475 47.5742,
	27.2077 47.5742,
	27.1378 47.5655,
	27.0679 47.5393,
	27.033 47.5305,
	26.9718 47.4606,
	26.9718 47.4432,
	26.9456 47.4082,
	26.9369 47.347,
	"/>
</Transform>

<Transform dim="0"
 xcoef=" 0 1 0 0 0 0"
 ycoef=" 0 0 1 0 0 0">
<Contour name="TB1_NF21_RSL" hidden="false" closed="true" simplified="true" border="1 0.501961 0.501961" fill="1 0.501961 0.501961" mode="-9"
 points="36.3128 44.6882,
	36.3709 44.5331,
	36.4291 44.4555,
	36.5066 44.4264,
	36.5842 44.4555,
	36.6036 44.5331,
	36.6423 44.6106,
	36.6811 44.7657,
	36.7005 44.8433,
	36.7005 44.9984,
	36.6811 45.1535,
	36.6714 45.1728,
	36.6617 45.1631,
	36.6423 45.2019,
	36.5648 45.1922,
	36.4872 45.1631,
	36.4679 45.1631,
	36.4291 45.1244,
	36.3515 44.9693,
	36.3225 44.8917,
	36.3128 44.7366,
	36.3128 44.6978,
	"/>
</Transform>

<Transform dim="0"
 xcoef=" 0 1 0 0 0 0"
 ycoef=" 0 0 1 0 0 0">
<Contour name="TB1_NF22_RSL" hidden="false" closed="true" simplified="true" border="0.501961 0.501961 0" fill="0.501961 0.501961 0" mode="-9"
 points="38.8511 59.3814,
	38.8899 59.3297,
	38.9933 59.2909,
	39.0449 59.2651,
	39.1483 59.2522,
	39.2517 59.2651,
	39.6651 59.4718,
	39.7555 59.5623,
	39.7555 59.6139,
	39.7555 59.6398,
	39.7039 59.6785,
	39.6005 59.6915,
	39.3938 59.6656,
	39.1871 59.601,
	38.9803 59.5106,
	38.877 59.4718,
	38.8511 59.4589,
	38.8511 59.4072,
	38.8511 59.3943,
	"/>
<Contour name="TB1_NF22_RSL" hidden="false" closed="true" simplified="true" border="0.501961 0.501961 0" fill="0.501961 0.501961 0" mode="-9"
 points="41.7453 59.446,
	41.8486 59.3555,
	42.0553 59.2651,
	42.2621 59.2005,
	42.3654 59.1876,
	42.4688 59.2263,
	42.5205 59.2392,
	42.5463 59.2522,
	42.6497 59.1746,
	42.7272 59.11,
	42.8306 59.0067,
	42.8822 58.9808,
	42.9081 58.955,
	43.1148 58.8904,
	43.2182 58.8516,
	43.4249 58.7224,
	43.5283 58.6708,
	43.5929 58.7741,
	43.5799 58.8258,
	43.5799 58.8516,
	43.5283 58.9033,
	43.4766 59.0067,
	43.3861 59.0971,
	43.2569 59.3039,
	43.1665 59.4072,
	43.1148 59.446,
	42.9081 59.4847,
	42.8047 59.4847,
	42.7014 59.4331,
	42.6497 59.3943,
	42.598 59.3814,
	42.3913 59.5106,
	42.1845 59.5752,
	41.9778 59.5752,
	41.8745 59.5752,
	41.7711 59.5493,
	41.7453 59.4977,
	41.7453 59.4589,
	"/>
</Transform>

<Transform dim="0"
 xcoef=" 0 1 0 0 0 0"
 ycoef=" 0 0 1 0 0 0">
<Contour name="TB1_NF22_RSL" hidden="false" closed="true" simplified="true" border="0.502 0.502 0" fill="0.502 0.502 0" mode="-9"
 points="38.1896 62.3654,
	38.2548 62.067,
	38.2642 61.9924,
	38.2455 61.8432,
	38.2548 61.7686,
	38.3108 61.7033,
	38.3854 61.6754,
	38.5346 61.6754,
	38.6092 61.7033,
	38.6465 61.722,
	38.7957 61.8712,
	38.8703 61.9458,
	38.9076 61.9831,
	38.9262 62.0204,
	38.9169 62.095,
	38.8423 62.123,
	38.7677 62.123,
	38.7304 62.123,
	38.7024 62.1603,
	38.7211 62.2349,
	38.7677 62.3094,
	38.9169 62.3747,
	38.9915 62.384,
	39.0661 62.412,
	39.2153 62.5146,
	39.3272 62.6638,
	39.3738 62.7384,
	39.4018 62.813,
	39.4018 62.8223,
	39.3831 62.8503,
	39.2339 62.8969,
	39.0847 62.9062,
	38.9355 62.8689,
	38.8609 62.813,
	38.7304 62.6638,
	38.6558 62.5985,
	38.5346 62.4866,
	38.46 62.44,
	38.3854 62.412,
	38.2362 62.3934,
	38.1989 62.384,
	"/>
</Transform>

<Transform dim="0"
 xcoef=" 0 1 0 0 0 0"
 ycoef=" 0 0 1 0 0 0">
<Contour name="TB1_Shell_EM" hidden="false" closed="true" simplified="true" border="0 1 1" fill="0 1 1" mode="9"
 points="18.3635 30.3975,
	18.8324 29.1472,
	19.0668 28.5221,
	19.0668 28.2095,
	19.3794 27.5844,
	19.3794 27.4281,
	19.7701 26.8029,
	19.9264 26.6467,
	20.0045 26.3341,
	20.9422 25.1619,
	22.1925 24.3024,
	22.8177 23.9117,
	23.1302 23.6772,
	24.3805 23.1302,
	25.0057 22.8177,
	25.3182 22.7395,
	25.4745 22.5832,
	27.9751 21.7237,
	29.2254 21.333,
	31.7259 21.0204,
	34.2265 20.9422,
	35.4768 21.0985,
	36.1019 21.333,
	36.4145 21.5674,
	37.0396 21.8018,
	37.3522 21.88,
	38.4462 22.8958,
	39.3839 24.1461,
	40.0091 25.3964,
	40.4779 26.6467,
	40.4779 27.2718,
	40.8686 28.5221,
	42.0408 31.0227,
	43.0566 32.2729,
	43.9943 33.3669,
	44.3069 33.6795,
	44.4632 33.9921,
	44.6195 34.1484,
	44.6195 34.3046,
	45.0102 34.9298,
	45.2446 35.5549,
	46.0261 36.8052,
	48.4485 39.0713,
	48.9173 39.5402,
	49.4643 40.1653,
	49.7769 40.4779,
	50.3239 41.7282,
	50.6365 46.7293,
	50.7928 47.9796,
	50.7146 49.2299,
	50.4802 50.4802,
	50.0895 51.7305,
	49.855 52.9808,
	48.214 57.9819,
	48.0578 58.607,
	47.8233 58.9196,
	47.5889 59.5447,
	47.1982 60.1699,
	46.9638 60.795,
	46.6512 61.1076,
	46.2605 61.7327,
	45.0883 62.9049,
	44.4632 63.4519,
	43.8381 63.8426,
	41.3375 64.7022,
	38.8369 65.3273,
	37.5866 65.4054,
	36.3364 65.3273,
	35.0861 65.0147,
	34.4609 64.8584,
	34.1484 64.7803,
	33.9921 64.624,
	32.7418 64.1552,
	31.4915 63.53,
	30.2412 62.7486,
	29.6161 62.1234,
	28.9909 61.6546,
	27.1937 59.3103,
	26.7248 58.6852,
	26.4122 58.3726,
	25.6308 57.2005,
	24.615 55.9502,
	24.3024 55.6376,
	24.1461 55.4813,
	24.3805 55.325,
	25.6308 56.0283,
	25.7089 55.9502,
	24.6931 54.9343,
	23.5991 53.7622,
	22.974 52.5119,
	22.8958 51.8868,
	22.1925 50.6365,
	21.88 50.0113,
	21.6455 48.761,
	21.5674 46.2605,
	21.4892 45.0102,
	21.2548 43.7599,
	21.1767 41.2593,
	21.1767 40.0091,
	20.9422 38.7588,
	20.5515 37.5085,
	19.2231 35.0079,
	18.7542 33.7576,
	18.3635 31.2571,
	18.3635 30.6319,
	18.3635 30.4757,
	"/>
</Transform>

<Transform dim="0"
 xcoef=" 0 1 0 0 0 0"
 ycoef=" 0 0 1 0 0 0">
<Contour name="TB1_NF55_RSL" hidden="false" closed="true" simplified="true" border="0.501961 0 0" fill="0.501961 0 0" mode="-9"
 points="34.1385 29.0385,
	34.1481 28.9998,
	34.153 28.9805,
	34.2013 28.908,
	34.24 28.8741,
	34.2642 28.85,
	34.2545 28.8451,
	34.327 28.7774,
	34.3657 28.7388,
	34.3898 28.6614,
	34.4043 28.6228,
	34.414 28.6082,
	34.414 28.5986,
	34.4382 28.5647,
	34.4575 28.5454,
	34.4769 28.5357,
	34.5155 28.5019,
	34.5929 28.4777,
	34.6702 28.4729,
	34.7089 28.4777,
	34.7476 28.4922,
	34.7862 28.5164,
	34.8152 28.5502,
	34.8249 28.5551,
	34.8491 28.6324,
	34.8539 28.7098,
	34.8539 28.7484,
	34.8346 28.8258,
	34.8249 28.8451,
	34.8152 28.9225,
	34.7766 29.0772,
	34.7717 29.1545,
	34.7669 29.1932,
	34.7621 29.2125,
	34.7524 29.2222,
	34.5977 29.2318,
	34.5204 29.2415,
	34.443 29.2657,
	34.3657 29.2802,
	34.327 29.285,
	34.2497 29.2802,
	34.1723 29.2657,
	34.153 29.227,
	34.1385 29.0723,
	34.1385 29.053,
	34.1385 29.0433,
	"/>
</Transform>

<Transform dim="0"
 xcoef=" 0 1 0 0 0 0"
 ycoef=" 0 0 1 0 0 0">
<Contour name="TB1_NF55_RSL" hidden="false" closed="true" simplified="true" border="0.501961 0 0" fill="0.501961 0 0" mode="-9"
 points="34.6992 27.9943,
	34.7282 27.8396,
	34.7331 27.7623,
	34.7282 27.6849,
	34.7427 27.6463,
	34.8056 27.5738,
	34.8249 27.5544,
	34.8394 27.5447,
	34.9023 27.4771,
	34.9216 27.4626,
	34.9313 27.4626,
	34.9651 27.4384,
	35.1198 27.4142,
	35.1391 27.4046,
	35.1585 27.4046,
	35.1971 27.3901,
	35.2165 27.3901,
	35.2551 27.3707,
	35.2745 27.3562,
	35.2842 27.3562,
	35.3228 27.3272,
	35.3615 27.3127,
	35.4002 27.3369,
	35.4098 27.3369,
	35.4727 27.4094,
	35.4824 27.4191,
	35.4872 27.4964,
	35.4582 27.6511,
	35.4485 27.6898,
	35.4437 27.7671,
	35.4098 27.9218,
	35.405 27.9605,
	35.3808 27.9992,
	35.347 28.0233,
	35.3373 28.033,
	35.3277 28.033,
	35.2551 28.0862,
	35.1778 28.149,
	35.1391 28.1877,
	35.1198 28.207,
	35.0811 28.2264,
	34.9264 28.2505,
	34.8878 28.2505,
	34.8104 28.2312,
	34.7717 28.2167,
	34.7234 28.149,
	34.7089 28.1103,
	34.6992 28.033,
	34.6992 27.9992,
	"/>
</Transform>

<Transform dim="0"
 xcoef=" 0 1 0 0 0 0"
 ycoef=" 0 0 1 0 0 0">
<Contour name="TB1_NF55_RSL" hidden="false" closed="true" simplified="true" border="0.502 0 0" fill="0.502 0 0" mode="-9"
 points="42.6284 35.2258,
	42.6488 35.1441,
	42.659 34.9808,
	42.6488 34.8174,
	42.6488 34.7357,
	42.659 34.6949,
	42.6692 34.6745,
	42.8224 34.8174,
	42.904 34.8685,
	43.0164 35.0318,
	43.1287 35.1748,
	43.1593 35.2156,
	43.1695 35.2565,
	43.1899 35.2769,
	43.2206 35.4402,
	43.2206 35.6036,
	43.1899 35.767,
	43.1695 35.8487,
	43.1287 35.9303,
	43.1082 35.9712,
	43.0674 36.0018,
	42.9857 36.0222,
	42.8224 35.9508,
	42.7509 35.8895,
	42.7305 35.8487,
	42.71 35.8282,
	42.659 35.6649,
	42.6284 35.5015,
	42.6284 35.3381,
	42.6284 35.2565,
	42.6284 35.236,
	"/>
</Transform>

<Transform dim="0"
 xcoef=" 0 1 0 0 0 0"
 ycoef=" 0 0 1 0 0 0">
<Contour name="TB1_AP13_RSL_LYS" hidden="false" closed="true" simplified="true" border="0 0 0" fill="1 1 0" mode="-9"
 points="37.6558 53.9803,
	37.7419 53.7835,
	37.8157 53.6974,
	37.9141 53.6605,
	37.9634 53.6235,
	38.1602 53.6481,
	38.2586 53.6728,
	38.2832 53.6851,
	38.1725 53.8819,
	38.1356 53.9803,
	38.0741 54.0787,
	37.988 54.1648,
	37.9388 54.2017,
	37.8403 54.2263,
	37.8157 54.2263,
	37.7173 54.1648,
	37.6804 54.1156,
	37.6558 54.0172,
	37.6558 53.9926,
	"/>
<Contour name="TB1_AP13_RSL_LYS" hidden="false" closed="true" simplified="true" border="0 0 0" fill="1 1 0" mode="-9"
 points="42.7857 50.8925,
	42.8103 50.8433,
	42.8595 50.7941,
	42.9087 50.7818,
	42.9579 50.8187,
	43.0563 50.8187,
	43.1055 50.8187,
	43.1301 50.8187,
	43.167 50.8679,
	43.1916 50.8802,
	42.9948 51.0402,
	42.8964 51.0525,
	42.8472 51.0402,
	42.7857 50.9541,
	42.7857 50.9048,
	"/>
<Contour name="TB1_AP13_RSL_LYS" hidden="false" closed="true" simplified="true" border="0 0 0" fill="1 1 0" mode="-9"
 points="43.2162 53.2299,
	43.2408 53.1315,
	43.3146 53.0454,
	43.4131 52.9839,
	43.6099 52.9716,
	43.7083 52.9962,
	43.8067 53.0577,
	43.8928 53.1561,
	43.9297 53.2545,
	43.942 53.3037,
	43.7821 53.6974,
	43.696 53.7712,
	43.5976 53.7835,
	43.4008 53.6974,
	43.3515 53.6605,
	43.2408 53.4636,
	43.2162 53.2668,
	43.2162 53.2422,
	"/>
<Contour name="TB1_AP13_RSL_LYS" hidden="false" closed="true" simplified="true" border="0 0 0" fill="1 1 0" mode="-9"
 points="41.986 55.2351,
	42.0106 55.1367,
	42.0106 55.1121,
	42.1091 55.026,
	42.1583 55.0013,
	42.3551 54.9644,
	42.4043 54.9644,
	42.4289 54.989,
	42.5273 55.026,
	42.6257 55.0998,
	42.6995 55.1982,
	42.7611 55.395,
	42.7611 55.4442,
	42.5642 55.5426,
	42.3797 55.6779,
	42.2813 55.6902,
	42.2321 55.6902,
	42.0599 55.5549,
	41.9983 55.4565,
	41.986 55.2597,
	41.986 55.2474,
	"/>
<Contour name="TB1_AP13_RSL_LYS" hidden="false" closed="true" simplified="true" border="0 0 0" fill="1 1 0" mode="-9"
 points="42.798 55.4319,
	42.8226 55.3827,
	42.8718 55.3458,
	42.9702 55.3335,
	43.0194 55.3458,
	43.0686 55.3827,
	43.0809 55.5795,
	43.0686 55.6287,
	43.0194 55.6656,
	42.9948 55.6656,
	42.9825 55.641,
	42.9333 55.6287,
	42.8349 55.5303,
	42.798 55.4442,
	"/>
<Contour name="TB1_AP13_RSL_LYS" hidden="false" closed="true" simplified="true" border="0 0 0" fill="1 1 0" mode="-9"
 points="42.0229 56.0839,
	42.0476 55.9855,
	42.0722 55.9363,
	42.1214 55.8871,
	42.1706 55.8625,
	42.1952 55.8379,
	42.392 55.7764,
	42.4904 55.7641,
	42.5396 55.7641,
	42.638 55.8133,
	42.6872 55.8256,
	42.7857 55.8871,
	42.8595 55.9732,
	42.8718 55.9978,
	42.7734 56.1946,
	42.7242 56.293,
	42.7242 56.3176,
	42.6257 56.4038,
	42.5273 56.4653,
	42.4781 56.4776,
	42.2813 56.4653,
	42.2321 56.4653,
	42.1337 56.3915,
	42.0599 56.3053,
	42.0229 56.2561,
	42.0229 56.1577,
	42.0229 56.1085,
	42.0229 56.0962,
	"/>
<Contour name="TB1_AP13_RSL_LYS" hidden="false" closed="true" simplified="true" border="0 0 0" fill="1 1 0" mode="-9"
 points="41.1003 55.7518,
	41.1372 55.6533,
	41.1372 55.6287,
	41.2725 55.4319,
	41.3587 55.3458,
	41.4571 55.3335,
	41.5555 55.3458,
	41.6047 55.3458,
	41.6539 55.3704,
	41.6785 55.395,
	41.7031 55.395,
	41.863 55.5795,
	41.9245 55.6779,
	41.9245 55.7764,
	41.8999 55.8748,
	41.8876 55.924,
	41.8015 56.0224,
	41.7031 56.0962,
	41.6047 56.1208,
	41.5678 56.1577,
	41.4694 56.17,
	41.371 56.1208,
	41.211 55.924,
	41.1618 55.8256,
	41.1372 55.7764,
	41.1249 55.7641,
	41.1126 55.801,
	41.1003 55.7641,
	"/>
<Contour name="TB1_AP13_RSL_LYS" hidden="false" closed="true" simplified="true" border="0 0 0" fill="1 1 0" mode="-9"
 points="41.1741 57.1911,
	41.2479 57.105,
	41.2848 57.0557,
	41.3463 57.0065,
	41.5432 57.0065,
	41.5924 57.0311,
	41.6908 57.0434,
	41.7769 57.1296,
	41.8138 57.2157,
	41.617 57.4125,
	41.5186 57.5109,
	41.4817 57.5478,
	41.4694 57.5601,
	41.2725 57.474,
	41.211 57.3756,
	41.1741 57.2772,
	41.1741 57.228,
	41.1741 57.2034,
	"/>
</Transform>

</Section>