<?xml version="1.0"?>
<!DOCTYPE Section SYSTEM "section.dtd">

<Section index="574" thickness="0.085" alignLocked="true">
<Transform dim="0"
 xcoef=" 0 1 0 0 0 0"
 ycoef=" 0 0 1 0 0 0">
<Image mag="0.0079" contrast="1" brightness="0" red="true" green="true" blue="true"
 src="Aligned TF21574.tif" />
<Contour name="domain1" hidden="false" closed="true" simplified="false" border="1 0 1" fill="1 0 1" mode="11"
 points="0 0,
	15991 0,
	15991 12171,
	0 12171,
	"/>
</Transform>

<Transform dim="0"
 xcoef=" 0 1 0 0 0 0"
 ycoef=" 0 0 1 0 0 0">
<Contour name="TB2_AP14_EM" hidden="false" closed="true" simplified="true" border="0 1 0" fill="0 1 0" mode="9"
 points="68.2325 40.3587,
	68.2624 40.2389,
	68.2624 40.179,
	68.2924 40.1191,
	68.2924 39.9994,
	68.3373 39.7599,
	68.4121 39.5203,
	68.4421 39.4006,
	68.5169 39.2808,
	68.5768 39.2359,
	68.6965 39.2509,
	68.7564 39.2509,
	68.8163 39.2209,
	68.981 38.9964,
	69.1007 38.9216,
	69.1606 38.8916,
	69.2804 38.8916,
	69.3402 38.9066,
	69.445 39.0114,
	69.5199 39.1311,
	69.5498 39.191,
	69.6097 39.2509,
	69.6696 39.2509,
	69.7295 39.206,
	69.8043 38.9665,
	69.7594 38.4874,
	69.7744 38.3677,
	69.8792 38.1282,
	69.954 38.0084,
	69.9989 37.8886,
	70.0289 37.8288,
	70.0139 37.5892,
	69.9241 37.3497,
	69.8941 37.1102,
	69.9091 36.9904,
	69.954 36.8707,
	70.0438 36.7509,
	70.0887 36.691,
	70.3283 36.5713,
	70.448 36.4665,
	70.5079 36.3467,
	70.4929 36.1072,
	70.3881 35.8677,
	70.3881 35.7479,
	70.4181 35.6282,
	70.478 35.5084,
	70.4929 35.4486,
	70.5678 35.3288,
	70.6276 35.2689,
	70.6576 35.209,
	70.7624 35.0893,
	70.8223 35.0294,
	71.0618 34.8947,
	71.1815 34.8797,
	71.3013 34.9545,
	71.3312 34.9845,
	71.3312 35.0144,
	71.436 35.1342,
	71.5408 35.3737,
	71.5857 35.4935,
	71.5707 35.733,
	71.5408 35.8527,
	71.5558 35.9725,
	71.5857 36.0324,
	71.8252 36.0324,
	71.8552 36.0473,
	71.8252 36.0773,
	71.93 36.1521,
	71.9749 36.212,
	71.96 36.4515,
	71.8103 36.9306,
	71.7654 37.0503,
	71.7504 37.2898,
	71.7953 37.4096,
	71.8402 37.4545,
	71.8851 37.4695,
	71.945 37.5144,
	72.0049 37.5294,
	72.2444 37.694,
	72.3342 37.7988,
	72.3941 38.0383,
	72.3791 38.5174,
	72.3043 38.7569,
	72.2893 38.8168,
	72.2145 38.9365,
	72.1097 39.0563,
	71.8701 39.2509,
	71.7654 39.3706,
	71.6606 39.6102,
	71.6157 39.7299,
	71.6157 39.7898,
	71.5707 39.9096,
	71.3911 40.1491,
	71.2714 40.2239,
	71.0318 40.2688,
	70.9121 40.2539,
	70.8522 40.2688,
	70.8223 40.2688,
	70.3432 40.5832,
	70.1037 40.7928,
	70.0139 40.8976,
	69.969 41.0173,
	69.8941 41.1371,
	69.7893 41.3766,
	69.7444 41.4964,
	69.6696 41.6161,
	69.6546 41.676,
	69.5798 41.7958,
	69.475 41.9155,
	69.2355 42.0502,
	69.1157 42.0652,
	69.0558 42.0652,
	68.8612 41.8856,
	68.7564 41.8107,
	68.7265 41.7808,
	68.487 41.7359,
	68.3971 41.6311,
	68.3522 41.5712,
	68.2624 41.3317,
	68.2325 40.8527,
	68.2325 40.3736,
	"/>
</Transform>

<Transform dim="0"
 xcoef=" 0 1 0 0 0 0"
 ycoef=" 0 0 1 0 0 0">
<Contour name="TB3_Nuc20_EM" hidden="false" closed="true" simplified="true" border="0 1 1" fill="0 1 1" mode="9"
 points="99.9829 58.5903,
	100.157 57.4762,
	100.192 56.9192,
	100.296 56.3622,
	100.366 56.223,
	101.445 55.4223,
	101.898 54.9001,
	102.002 54.7608,
	102.281 54.6564,
	102.559 54.6912,
	102.838 54.8305,
	103.395 54.9001,
	103.673 54.9001,
	103.952 54.9697,
	104.509 54.8653,
	104.787 54.6216,
	104.996 54.3431,
	105.1 54.2734,
	105.135 54.1342,
	105.274 54.0994,
	105.553 54.1342,
	105.692 54.0994,
	106.249 54.3431,
	106.458 54.6216,
	106.528 54.9001,
	106.493 55.1786,
	106.528 55.4571,
	106.771 55.7356,
	106.737 56.2926,
	106.284 57.4066,
	106.04 57.6155,
	105.971 57.6851,
	105.901 57.9636,
	105.588 58.5206,
	105.205 59.0776,
	104.752 59.6346,
	104.543 59.9131,
	104.404 60.0524,
	104.265 60.122,
	103.221 61.062,
	103.116 61.2012,
	102.838 61.3405,
	102.281 61.3753,
	102.002 61.3405,
	101.445 61.1664,
	101.167 61.0272,
	101.027 60.9924,
	100.749 60.7835,
	100.296 60.2265,
	100.296 60.1568,
	100.122 59.8783,
	100.018 59.3213,
	99.9829 58.7643,
	99.9829 58.6251,
	"/>
</Transform>

<Transform dim="0"
 xcoef=" 0 1 0 0 0 0"
 ycoef=" 0 0 1 0 0 0">
<Contour name="TB3_Nuc45_EM" hidden="false" closed="true" simplified="true" border="1 0 0" fill="1 0 0" mode="9"
 points="96.5933 40.2379,
	96.6626 39.7941,
	96.8013 39.3502,
	96.8568 38.9064,
	96.9262 38.6845,
	96.9539 38.5735,
	97.0232 38.4625,
	97.2174 38.2406,
	97.2868 38.1297,
	97.3561 37.9077,
	97.5087 37.6858,
	97.5087 37.6581,
	97.5365 37.6303,
	97.5781 37.5194,
	97.7168 37.2974,
	97.8139 37.2003,
	98.0358 37.1032,
	98.2577 37.0339,
	98.3132 37.0062,
	98.5351 37.0062,
	98.6461 37.02,
	98.868 37.1032,
	99.0899 37.2142,
	99.2009 37.2836,
	99.409 37.4916,
	99.506 37.6026,
	99.5477 37.6581,
	99.6586 37.6997,
	99.7141 37.7274,
	99.8251 37.7274,
	99.936 37.769,
	99.9638 37.769,
	100.158 37.9771,
	100.241 38.088,
	100.297 38.1297,
	100.449 38.3516,
	100.63 38.5735,
	100.727 38.6706,
	100.949 38.7954,
	101.018 38.9064,
	101.032 39.1283,
	101.032 39.2393,
	101.06 39.3502,
	101.157 39.5722,
	101.143 40.016,
	101.087 40.2379,
	101.073 40.2934,
	101.032 40.3489,
	100.99 40.5708,
	100.99 40.6263,
	101.073 40.7373,
	101.101 40.8482,
	101.046 41.7359,
	101.004 41.9579,
	100.99 42.0688,
	101.06 42.2908,
	101.143 42.3879,
	101.184 42.4433,
	101.212 42.5543,
	101.212 42.9982,
	101.17 43.2201,
	101.129 43.331,
	100.976 43.553,
	100.907 43.6639,
	100.921 43.7749,
	101.018 43.9968,
	101.046 44.1078,
	101.046 44.1633,
	101.018 44.2187,
	100.921 44.302,
	100.81 44.4129,
	100.754 44.4684,
	100.643 44.4823,
	100.602 44.5239,
	100.643 44.6349,
	100.838 44.8152,
	100.893 44.8707,
	100.949 44.9816,
	100.962 45.0926,
	100.907 45.2035,
	100.879 45.259,
	100.768 45.3284,
	100.713 45.37,
	100.713 45.3977,
	100.269 45.7029,
	100.047 45.8416,
	99.8251 45.8693,
	99.6031 45.8693,
	98.7154 45.7167,
	98.4935 45.6751,
	98.2716 45.5919,
	98.2161 45.578,
	98.1884 45.5503,
	98.0774 45.5087,
	97.9664 45.4393,
	97.911 45.4116,
	97.8 45.3006,
	97.6474 45.0787,
	97.6058 44.9677,
	97.5781 44.5239,
	97.5781 44.302,
	97.5503 44.08,
	97.5365 43.9691,
	97.5226 43.9136,
	97.4671 43.8581,
	97.4394 43.8304,
	97.4116 43.8304,
	97.2036 43.6917,
	97.0926 43.6362,
	96.9955 43.553,
	96.8707 43.3449,
	96.8568 43.2894,
	96.7875 43.1785,
	96.7181 42.9565,
	96.6765 42.7346,
	96.6487 42.6237,
	96.6349 42.5682,
	96.7042 42.3462,
	96.732 42.2353,
	96.7458 42.1798,
	96.8013 42.1243,
	96.9123 42.0688,
	96.9539 42.0134,
	96.9539 41.9579,
	96.8013 41.7359,
	96.7736 41.625,
	96.6904 41.5279,
	96.6487 41.306,
	96.6349 41.084,
	96.5933 40.8621,
	96.5933 40.4183,
	96.5933 40.3073,
	96.5933 40.2518,
	"/>
</Transform>

<Transform dim="0"
 xcoef=" 0 1 0 0 0 0"
 ycoef=" 0 0 1 0 0 0">
<Contour name="TB3_Nuc47_EM" hidden="false" closed="true" simplified="true" border="1 0 0" fill="1 0 0" mode="9"
 points="106.195 38.437,
	106.331 38.3015,
	106.486 38.2048,
	106.563 38.1661,
	106.718 38.1467,
	106.873 38.0693,
	106.931 37.9919,
	106.95 37.837,
	106.911 37.7596,
	106.602 37.7016,
	106.524 37.6822,
	106.389 37.5661,
	106.292 37.4112,
	106.253 37.3338,
	106.234 37.179,
	106.311 36.5597,
	106.331 36.4823,
	106.466 36.3274,
	106.524 36.1726,
	106.524 36.0178,
	106.621 35.7081,
	106.776 35.5726,
	106.892 35.4371,
	106.931 35.3597,
	106.873 34.7404,
	106.853 34.4307,
	106.931 34.1211,
	106.989 33.9662,
	107.008 33.8888,
	107.221 33.5792,
	107.357 33.4243,
	107.434 33.3469,
	107.589 33.2695,
	107.744 33.2501,
	107.898 33.2888,
	107.957 33.3663,
	108.015 33.6759,
	108.073 34.9146,
	108.015 35.5339,
	107.937 35.6887,
	107.86 35.7468,
	107.705 35.7275,
	107.627 35.7275,
	107.569 35.8049,
	107.589 35.8823,
	107.84 36.1919,
	107.898 36.3468,
	107.879 36.5016,
	107.821 36.6564,
	107.802 37.2758,
	107.782 37.4306,
	107.802 37.5854,
	107.976 37.8951,
	107.957 38.0499,
	107.898 38.2048,
	107.686 38.5144,
	107.666 38.5918,
	107.686 38.6693,
	107.724 38.708,
	107.879 38.7273,
	108.034 38.8047,
	108.073 38.8047,
	108.227 38.9209,
	108.344 39.2305,
	108.363 39.3854,
	108.324 39.4628,
	108.324 39.5015,
	108.247 39.5789,
	108.092 39.5982,
	107.473 39.4628,
	107.163 39.4047,
	107.008 39.3854,
	106.718 39.1144,
	106.563 38.9596,
	106.447 38.8241,
	106.389 38.7854,
	106.253 38.6305,
	106.195 38.5531,
	106.195 38.4757,
	106.195 38.4564,
	"/>
</Transform>

<Transform dim="0"
 xcoef=" 0 1 0 0 0 0"
 ycoef=" 0 0 1 0 0 0">
<Contour name="TB3_Nuc53_EM" hidden="false" closed="true" simplified="true" border="0 1 0" fill="0 1 0" mode="9"
 points="92.2651 49.7935,
	92.4707 49.4644,
	92.553 49.2999,
	92.5736 49.2176,
	92.4913 48.8886,
	92.3679 48.724,
	92.3268 48.5595,
	92.2856 47.9013,
	92.2856 47.7368,
	92.3473 47.5722,
	92.5119 47.4694,
	92.6147 47.3049,
	92.6353 47.2226,
	92.4502 46.8935,
	92.3885 46.729,
	92.4913 46.5644,
	92.6353 46.3999,
	92.697 46.3176,
	92.7175 46.1531,
	92.6147 45.824,
	92.6764 45.4949,
	92.8615 44.8368,
	92.9849 44.5077,
	93.1289 43.8496,
	93.1906 43.5205,
	93.2112 43.4382,
	93.3963 43.1091,
	93.6842 42.451,
	93.7665 42.2864,
	93.8899 42.1219,
	93.9927 42.0191,
	94.075 42.0191,
	94.1573 42.0602,
	94.219 42.1425,
	94.2395 42.307,
	94.1984 42.4715,
	94.1778 43.1297,
	94.1984 43.2942,
	94.2601 43.3765,
	94.3424 43.3559,
	94.4658 43.1914,
	94.5069 43.0269,
	94.4863 42.3687,
	94.3629 42.0396,
	94.3218 41.9574,
	94.3012 41.7928,
	94.3835 41.4637,
	94.4246 41.3815,
	94.4246 41.3403,
	94.4658 41.2992,
	94.4658 41.2169,
	94.5686 41.073,
	94.7331 40.9907,
	94.7537 40.8262,
	94.7126 40.6616,
	94.7331 40.4971,
	94.7743 40.4148,
	94.9182 40.2708,
	94.8977 39.9418,
	94.9388 39.7772,
	95.1445 39.4481,
	95.2473 39.2836,
	95.5558 38.9545,
	95.8849 38.6872,
	95.9672 38.6255,
	96.0083 38.5843,
	96.0906 38.5843,
	96.1523 38.6666,
	96.1317 39.3247,
	96.1934 40.6411,
	96.2551 40.9701,
	96.2757 41.1347,
	96.2551 41.2992,
	96.0906 41.6283,
	96.0494 41.7106,
	96.0289 42.0396,
	95.926 42.3687,
	95.9055 42.451,
	96.0289 42.7801,
	96.0289 43.1091,
	96.0494 43.2737,
	96.1523 43.6027,
	96.214 43.9318,
	96.2346 44.0964,
	96.1934 44.2609,
	96.1112 44.4254,
	96.1112 44.5077,
	95.926 44.8368,
	95.926 45.0013,
	96.07 45.3304,
	96.1112 45.6595,
	96.1112 46.3176,
	96.1112 46.6467,
	96.07 46.9758,
	96.0289 47.1403,
	96.0289 47.2226,
	95.8849 47.5517,
	95.8026 47.8808,
	95.7615 48.2098,
	95.5764 48.868,
	95.3502 49.5261,
	95.2062 49.8552,
	94.9388 50.1637,
	94.6097 50.4517,
	94.5275 50.5339,
	94.3629 50.6162,
	94.1984 50.7396,
	94.1161 50.7807,
	93.9721 51.1098,
	93.9721 51.2744,
	93.9104 51.4389,
	93.6842 51.768,
	93.5608 51.912,
	93.3963 52.0148,
	93.314 52.0354,
	93.2317 52.0148,
	93.0672 51.8914,
	92.7381 51.7885,
	92.5736 51.6857,
	92.4296 51.5212,
	92.3885 51.1921,
	92.3885 51.1098,
	92.5119 50.7807,
	92.5941 50.6162,
	92.5941 50.4517,
	92.4913 50.2871,
	92.3473 50.1226,
	92.2651 49.9581,
	92.2651 49.8141,
	"/>
</Transform>

<Transform dim="0"
 xcoef=" 0 1 0 0 0 0"
 ycoef=" 0 0 1 0 0 0">
<Contour name="TB3_Nuc55_EM" hidden="false" closed="true" simplified="true" border="0 1 0" fill="0 1 0" mode="9"
 points="109.715 56.6776,
	109.748 56.5476,
	109.845 56.4176,
	109.878 56.1576,
	109.813 55.6376,
	109.845 55.1176,
	110.04 54.0777,
	110.138 53.8177,
	110.365 53.5577,
	110.43 53.4277,
	110.43 53.1677,
	110.528 52.9077,
	110.69 52.6477,
	110.853 52.1278,
	110.95 51.6078,
	110.95 51.4778,
	111.178 50.9578,
	111.405 50.6978,
	111.438 50.5678,
	111.34 50.4378,
	111.308 50.3078,
	111.373 50.0478,
	111.373 49.9179,
	111.308 49.7879,
	111.308 49.6579,
	111.535 49.1379,
	111.698 48.6179,
	112.218 48.3254,
	112.478 48.2279,
	112.608 48.1304,
	113.128 47.9679,
	113.258 48.0654,
	113.355 48.3254,
	113.323 48.5854,
	113.16 49.1054,
	113.063 50.1453,
	113.063 50.6653,
	113.063 50.9253,
	112.77 51.4453,
	112.608 51.7053,
	112.51 51.9653,
	112.413 53.0052,
	112.38 53.2652,
	112.413 53.2977,
	112.575 53.0702,
	112.77 52.5502,
	112.9 52.0303,
	113.323 50.9903,
	113.388 50.7303,
	113.258 50.2103,
	113.225 49.9503,
	113.388 49.4304,
	113.453 49.3004,
	113.485 49.0404,
	113.453 48.5204,
	113.453 48.2604,
	113.485 48.1304,
	113.778 47.6104,
	113.778 47.5455,
	113.908 47.4155,
	114.428 47.2205,
	114.688 47.123,
	114.753 47.123,
	114.883 47.2205,
	114.948 47.2855,
	115.013 47.2855,
	115.143 47.4155,
	115.403 47.578,
	115.598 47.8054,
	115.63 47.9354,
	115.76 47.9679,
	115.858 48.2279,
	115.76 48.7479,
	115.728 49.2679,
	115.5 49.4954,
	115.435 49.6254,
	115.435 49.8854,
	115.208 50.4053,
	114.915 50.9253,
	114.753 51.4453,
	114.72 51.7053,
	114.623 51.9653,
	114.493 52.0628,
	114.395 52.3227,
	114.298 52.8427,
	114.2 52.9727,
	113.973 54.0127,
	113.68 54.5327,
	113.55 54.7926,
	113.518 55.0526,
	113.42 55.3126,
	113.258 55.5726,
	113.128 55.6701,
	112.965 56.1901,
	112.868 56.4501,
	112.705 56.7101,
	112.283 57.1975,
	112.153 57.4575,
	112.12 57.5875,
	112.023 57.7175,
	111.763 57.7825,
	111.665 57.8475,
	111.633 57.88,
	111.698 57.9125,
	111.633 58.1725,
	111.503 58.4325,
	111.275 58.6925,
	110.788 59.05,
	110.658 59.0825,
	110.398 58.985,
	110.138 58.79,
	109.943 58.3025,
	109.748 58.0425,
	109.715 57.9125,
	109.748 57.3925,
	109.715 56.8726,
	109.715 56.7426,
	109.715 56.7101,
	"/>
</Transform>

<Transform dim="0"
 xcoef=" 0 1 0 0 0 0"
 ycoef=" 0 0 1 0 0 0">
<Contour name="TB3_Nuc59_EM" hidden="false" closed="true" simplified="true" border="0 1 0" fill="0 1 0" mode="9"
 points="98.1443 35.3069,
	98.256 35.1281,
	98.3007 35.0834,
	98.6582 34.9941,
	98.7476 34.9494,
	98.8593 34.7706,
	99.0158 34.0555,
	99.0381 33.9661,
	99.0828 33.9214,
	99.0828 33.8768,
	99.1275 33.8321,
	99.1275 33.7874,
	99.4403 33.4298,
	99.6191 33.3181,
	99.7979 33.2511,
	99.9543 33.1393,
	99.9766 32.9606,
	99.9543 32.7818,
	100.021 32.4243,
	100.088 32.2455,
	100.2 32.1338,
	100.289 32.1338,
	100.334 32.1561,
	100.424 32.1338,
	100.446 32.1561,
	100.535 32.1338,
	100.602 32.0444,
	100.602 31.955,
	100.714 31.7762,
	100.87 31.6198,
	101.228 31.4187,
	101.34 31.0611,
	101.362 30.7036,
	101.362 30.5248,
	101.429 30.4354,
	101.519 30.4354,
	101.697 30.5248,
	101.787 30.5695,
	101.965 30.7259,
	102.144 30.7706,
	102.234 30.793,
	102.412 30.7706,
	102.457 30.8153,
	102.457 31.1729,
	102.479 31.2623,
	102.412 31.441,
	102.345 32.1561,
	102.278 32.3349,
	102.032 32.6701,
	101.898 32.8488,
	101.898 32.8935,
	101.854 32.9382,
	101.831 33.0276,
	101.63 33.3851,
	101.541 33.5639,
	101.273 33.9214,
	101.094 34.279,
	100.96 34.4577,
	100.625 34.7482,
	100.535 34.7929,
	100.446 34.8823,
	100.267 34.9717,
	100.245 35.0164,
	100.066 35.0834,
	99.8873 35.1952,
	99.5521 35.5304,
	99.3956 35.6868,
	99.3063 35.7762,
	99.1275 35.8432,
	98.7699 35.7985,
	98.5912 35.7538,
	98.256 35.508,
	98.1666 35.4186,
	98.1443 35.3292,
	"/>
</Transform>

<Transform dim="0"
 xcoef=" 0 1 0 0 0 0"
 ycoef=" 0 0 1 0 0 0">
<Contour name="TB1_NF22_RSL" hidden="false" closed="true" simplified="true" border="0.502 0.502 0" fill="0.502 0.502 0" mode="-9"
 points="30.8466 44.5634,
	30.9025 44.4142,
	30.9398 44.3396,
	30.9771 44.3303,
	31.0517 44.3862,
	31.117 44.4608,
	31.1916 44.61,
	31.2289 44.6846,
	31.2662 44.8338,
	31.2848 44.983,
	31.3035 45.0576,
	31.2755 45.356,
	31.3035 45.5052,
	31.3221 45.5798,
	31.3967 45.729,
	31.462 45.7943,
	31.3967 45.6451,
	31.3408 45.5705,
	31.3221 45.5332,
	31.3314 45.5145,
	31.406 45.5798,
	31.5552 45.6264,
	31.7044 45.757,
	31.8257 45.9062,
	31.9096 46.0554,
	31.9376 46.2046,
	31.9376 46.3538,
	31.9189 46.5029,
	31.9282 46.5775,
	31.9655 46.6521,
	32.0308 46.7267,
	32.0681 46.764,
	32.1147 46.8293,
	32.18 46.9039,
	32.2826 47.0531,
	32.3292 47.1277,
	32.3572 47.165,
	32.3665 47.2023,
	32.3852 47.221,
	32.4504 47.3702,
	32.5437 47.5194,
	32.5903 47.594,
	32.6462 47.7432,
	32.6742 48.0415,
	32.6742 48.1907,
	32.6742 48.2653,
	32.6742 48.3026,
	32.6276 48.3772,
	32.5623 48.4425,
	32.4877 48.4798,
	32.3385 48.4798,
	32.2639 48.4518,
	32.2453 48.4332,
	32.2266 48.4332,
	32.1893 48.4052,
	32.152 48.3959,
	32.0028 48.2747,
	31.9376 48.2187,
	31.9282 48.228,
	31.8257 48.0788,
	31.7977 48.0042,
	31.7697 47.8551,
	31.7231 47.7805,
	31.5832 47.6406,
	31.5086 47.566,
	31.3874 47.4168,
	31.3314 47.2676,
	31.3035 47.193,
	31.2941 47.1184,
	31.2848 47.0811,
	31.3035 47.0065,
	31.3408 46.9319,
	31.462 46.7827,
	31.5273 46.7267,
	31.6019 46.6521,
	31.6205 46.6148,
	31.5925 46.5402,
	31.5739 46.5029,
	31.4993 46.4563,
	31.3501 46.4097,
	31.2102 46.3071,
	31.0983 46.1579,
	31.0703 46.0087,
	31.0703 45.9341,
	31.1543 45.6357,
	31.1729 45.5611,
	31.1729 45.4865,
	31.2009 45.3373,
	31.1822 45.1881,
	31.1822 45.1135,
	31.1449 45.0483,
	31.0703 44.983,
	31.0051 44.9364,
	30.9398 44.8618,
	30.8932 44.7872,
	30.8466 44.638,
	30.8466 44.5727,
	"/>
</Transform>

<Transform dim="0"
 xcoef=" 0 1 0 0 0 0"
 ycoef=" 0 0 1 0 0 0">
<Contour name="TB1_Shell_EM" hidden="false" closed="true" simplified="true" border="0 1 1" fill="0 1 1" mode="9"
 points="21.88 35.9456,
	22.5051 34.6954,
	22.8958 34.0702,
	23.521 33.5232,
	24.1461 33.1325,
	25.3964 32.7418,
	27.8969 32.5074,
	30.3975 32.5074,
	31.6478 32.6636,
	32.8981 33.0544,
	33.5232 33.3669,
	34.1484 33.8358,
	34.4609 33.9921,
	35.5549 35.2424,
	36.1019 35.8675,
	36.8052 37.1178,
	37.3522 38.3681,
	37.6648 38.9932,
	37.9774 39.3058,
	38.5244 39.6183,
	38.7588 37.1178,
	38.8369 36.8052,
	39.2276 36.1801,
	39.5402 36.0238,
	40.7905 36.4145,
	42.0408 37.1178,
	42.6659 37.5866,
	43.9162 38.1336,
	46.4168 39.6183,
	46.9638 40.0872,
	47.667 41.3375,
	48.0578 41.9626,
	48.5266 43.2129,
	48.8392 44.4632,
	48.9955 45.0883,
	48.9173 47.5889,
	48.5266 50.0895,
	48.1359 51.3398,
	47.5889 52.59,
	46.1823 55.0906,
	45.4791 56.3409,
	45.0883 56.966,
	43.1348 59.4666,
	42.5878 60.0917,
	41.9626 60.4824,
	39.4621 61.1857,
	38.2118 61.4202,
	36.9615 61.4983,
	36.3364 61.5764,
	36.0238 61.6546,
	35.7112 61.4983,
	35.4768 61.1857,
	35.3205 61.0294,
	32.8199 61.2639,
	30.3194 61.1857,
	29.0691 60.8732,
	28.4439 60.4824,
	26.0215 58.2163,
	24.9275 56.966,
	24.2242 55.7157,
	23.9117 54.4655,
	23.8335 53.2152,
	23.2865 51.9649,
	23.2865 51.3398,
	23.5991 50.7146,
	23.9898 49.4643,
	24.2242 48.8392,
	24.2242 48.214,
	23.9898 47.5889,
	23.7554 46.3386,
	23.6772 45.7135,
	23.4428 45.0883,
	23.3647 43.8381,
	23.4428 42.5878,
	23.3647 41.3375,
	22.1925 38.8369,
	21.9581 37.5866,
	21.88 36.3364,
	21.88 36.0238,
	"/>
</Transform>

<Transform dim="0"
 xcoef=" 0 1 0 0 0 0"
 ycoef=" 0 0 1 0 0 0">
<Contour name="TB1_NF55_RSL" hidden="false" closed="true" simplified="true" border="0.502 0 0" fill="0.502 0 0" mode="-9"
 points="29.6789 39.5719,
	29.6893 39.5301,
	29.7729 39.4674,
	29.8565 39.4256,
	29.9401 39.4152,
	30.1072 39.4465,
	30.2639 39.5614,
	30.3057 39.5719,
	30.3475 39.6032,
	30.3997 39.6763,
	30.3997 39.6972,
	30.4206 39.7181,
	30.4206 39.739,
	30.4415 39.7599,
	30.4519 39.8017,
	30.4728 39.8226,
	30.5251 39.9897,
	30.546 40.0315,
	30.546 40.0524,
	30.5669 40.0733,
	30.5773 40.1151,
	30.6818 40.2822,
	30.8176 40.6165,
	30.8385 40.7001,
	30.8594 40.7419,
	30.8907 40.909,
	30.8907 40.9926,
	30.9116 41.0762,
	30.9116 41.1597,
	30.9743 41.494,
	30.9952 41.6612,
	31.0056 41.703,
	30.9847 41.7865,
	30.9952 42.1208,
	31.0056 42.2044,
	31.0579 42.3716,
	31.0787 42.5387,
	31.1205 42.7059,
	31.1937 42.873,
	31.2146 42.9148,
	31.2146 42.9357,
	31.2354 42.9566,
	31.3399 43.2909,
	31.413 43.6252,
	31.4339 43.7923,
	31.4235 43.9594,
	31.3712 44.2937,
	31.3608 44.628,
	31.4235 45.2966,
	31.4339 45.3802,
	31.4339 45.422,
	31.4235 45.4429,
	31.3817 45.422,
	31.3399 45.3384,
	31.2354 44.6698,
	31.225 44.5862,
	31.1937 44.5027,
	31.1937 44.4818,
	31.1728 44.4609,
	31.1728 44.44,
	31.0996 44.3564,
	30.9429 44.2624,
	30.9012 44.2206,
	30.8803 44.1788,
	30.8594 44.1579,
	30.7862 43.8236,
	30.7758 43.6565,
	30.7653 43.5729,
	30.7131 43.4058,
	30.7027 43.2386,
	30.7027 43.1551,
	30.7027 43.1342,
	30.6609 43.1237,
	30.4937 43.1759,
	30.4519 43.1864,
	30.4102 43.1759,
	30.3893 43.1551,
	30.3684 43.1551,
	30.2221 42.9984,
	30.1594 42.9148,
	30.1385 42.8939,
	30.1072 42.7267,
	30.1177 42.5596,
	30.1072 42.3925,
	30.1177 42.3089,
	30.1177 42.288,
	30.2012 42.2149,
	30.2848 42.2253,
	30.3057 42.2044,
	30.3266 42.1208,
	30.3161 42.0791,
	30.2326 42.0477,
	30.149 41.9955,
	30.0759 41.9119,
	30.0341 41.8283,
	30.0027 41.494,
	30.0027 41.4105,
	29.9714 41.2433,
	29.9505 41.1597,
	29.9505 41.0762,
	29.9192 40.9926,
	29.8983 40.9508,
	29.8251 40.8672,
	29.7625 40.7001,
	29.7102 40.0315,
	29.6789 39.6972,
	29.6789 39.6136,
	29.6789 39.5823,
	"/>
</Transform>

<Transform dim="0"
 xcoef=" 0 1 0 0 0 0"
 ycoef=" 0 0 1 0 0 0">
<Contour name="TB1_NF55_RSL" hidden="false" closed="true" simplified="true" border="0.502 0 0" fill="0.502 0 0" mode="-9"
 points="34.1669 38.8533,
	34.2312 38.7675,
	34.317 38.7031,
	34.3921 38.6173,
	34.4779 38.553,
	34.5636 38.5316,
	34.6065 38.5316,
	34.6923 38.4887,
	34.7781 38.4243,
	34.821 38.4029,
	34.9926 38.3921,
	35.1642 38.435,
	35.5074 38.5637,
	35.679 38.6388,
	35.7647 38.6817,
	35.8076 38.7031,
	35.9578 38.8747,
	36.065 39.0356,
	36.1079 39.057,
	36.2795 39.0678,
	36.3653 39.0892,
	36.3867 39.0892,
	36.4296 39.1321,
	36.4833 39.2179,
	36.5047 39.3037,
	36.494 39.3895,
	36.4082 39.3573,
	36.3867 39.3359,
	36.3653 39.3359,
	36.2795 39.2822,
	36.1079 39.293,
	36.0221 39.293,
	35.9363 39.3251,
	35.8934 39.3466,
	35.8076 39.3573,
	35.6361 39.3466,
	35.4645 39.3895,
	35.3787 39.4216,
	35.2929 39.4753,
	35.2714 39.4967,
	35.0999 39.5503,
	35.0141 39.5503,
	34.8425 39.4967,
	34.6709 39.4216,
	34.4993 39.3251,
	34.4242 39.2715,
	34.3384 39.1964,
	34.2098 39.0356,
	34.1776 38.9498,
	34.1669 38.864,
	"/>
<Contour name="TB1_NF55_RSL" hidden="false" closed="true" simplified="true" border="0.502 0 0" fill="0.502 0 0" mode="-9"
 points="39.293 35.2393,
	39.3037 35.1964,
	39.368 35.1213,
	39.4002 35.0784,
	39.5718 35.0248,
	39.6576 34.9712,
	39.7005 34.9497,
	39.7863 34.8639,
	39.8292 34.8425,
	39.915 34.7674,
	39.9579 34.7352,
	40.0436 34.7245,
	40.0865 34.7138,
	40.2581 34.7567,
	40.3439 34.8103,
	40.3654 34.8103,
	40.4083 34.8425,
	40.5798 34.8746,
	40.6227 34.8961,
	40.7085 34.9068,
	40.7514 34.9175,
	41.0946 35.2071,
	41.2662 35.3572,
	41.427 35.4752,
	41.5021 35.5395,
	41.5879 35.6253,
	41.6308 35.6682,
	41.7273 35.8398,
	41.7702 35.9256,
	41.7917 35.9471,
	41.8667 36.1186,
	41.8989 36.2044,
	41.9311 36.376,
	41.9311 36.4618,
	41.8775 36.805,
	41.8667 36.9766,
	41.9418 37.1481,
	42.0383 37.3197,
	42.0598 37.3626,
	42.0598 37.4055,
	42.0919 37.4913,
	42.1027 37.5771,
	42.1027 37.5986,
	42.049 37.6844,
	42.0383 37.7272,
	41.9311 37.8988,
	41.8775 37.9846,
	41.8453 38.0275,
	41.7595 38.0382,
	41.6737 38.0168,
	41.6523 38.0168,
	41.6094 37.9739,
	41.5343 37.8023,
	41.5021 37.7165,
	41.4699 37.6736,
	41.4699 37.6522,
	41.4378 37.6093,
	41.4056 37.5235,
	41.3949 37.3519,
	41.427 37.1803,
	41.4378 37.0087,
	41.427 36.8372,
	41.3949 36.6656,
	41.3198 36.494,
	41.2662 36.4082,
	41.2447 36.3653,
	41.1697 36.2795,
	41.1161 36.2044,
	41.0946 36.2366,
	41.0624 36.065,
	41.0624 36.0436,
	41.041 36.0221,
	40.9659 35.8505,
	40.9445 35.8076,
	40.7836 35.6682,
	40.7407 35.6361,
	40.5691 35.5717,
	40.4833 35.5395,
	40.3117 35.5181,
	40.1402 35.6468,
	40.0973 35.6897,
	40.0115 35.679,
	39.8399 35.6146,
	39.7541 35.5824,
	39.7112 35.561,
	39.6898 35.561,
	39.6683 35.5395,
	39.5825 35.5074,
	39.5611 35.5074,
	39.3895 35.3894,
	39.3359 35.3143,
	39.3037 35.2714,
	39.293 35.25,
	"/>
</Transform>

</Section>