<?xml version="1.0"?>
<!DOCTYPE Section SYSTEM "section.dtd">

<Section index="566" thickness="0.085" alignLocked="true">
<Transform dim="0"
 xcoef=" 0 1 0 0 0 0"
 ycoef=" 0 0 1 0 0 0">
<Image mag="0.0079" contrast="1" brightness="0" red="true" green="true" blue="true"
 src="Aligned TF21566.tif" />
<Contour name="domain1" hidden="false" closed="true" simplified="false" border="1 0 1" fill="1 0 1" mode="11"
 points="0 0,
	15991 0,
	15991 12171,
	0 12171,
	"/>
</Transform>

<Transform dim="0"
 xcoef=" 0 1 0 0 0 0"
 ycoef=" 0 0 1 0 0 0">
<Contour name="TB2_AP14_EM" hidden="false" closed="true" simplified="true" border="0 1 0" fill="0 1 0" mode="9"
 points="64.7744 40.0892,
	64.8643 39.8497,
	65.014 39.6102,
	65.1337 39.5203,
	65.2535 39.4605,
	65.493 39.4006,
	65.6128 39.3407,
	65.7026 39.2209,
	65.9421 39.0713,
	66.0619 39.1461,
	66.1517 39.2659,
	66.1966 39.3257,
	66.3014 39.8048,
	66.3463 39.9245,
	66.6756 40.4036,
	66.9451 40.8826,
	66.99 41.1221,
	67.005 41.6012,
	67.005 41.7209,
	67.0798 41.8407,
	67.1996 41.8706,
	67.3193 41.8706,
	67.4391 41.8257,
	67.5738 41.5862,
	67.6636 41.3467,
	67.6786 41.2269,
	67.6636 41.1071,
	67.6936 40.6281,
	67.7085 40.3886,
	67.6786 39.9096,
	67.6636 39.67,
	67.6487 39.5503,
	67.7385 39.0713,
	67.8133 38.8317,
	67.8283 38.7719,
	67.8283 38.7419,
	67.8732 38.682,
	68.0379 38.203,
	68.1277 37.9635,
	68.1427 37.9036,
	68.2175 37.7838,
	68.2624 37.6641,
	68.3373 37.5443,
	68.3522 37.4844,
	68.5019 37.2449,
	68.5319 37.1252,
	68.6067 37.0054,
	68.6217 36.9455,
	68.7714 36.706,
	69.1157 36.227,
	69.1157 36.197,
	69.1606 36.1372,
	69.1606 36.1072,
	69.2804 35.9875,
	69.4001 35.9126,
	69.46 35.8976,
	69.6696 35.6581,
	69.9091 35.1791,
	69.969 35.0593,
	70.1786 34.8198,
	70.4181 34.6252,
	70.5229 34.5204,
	70.5678 34.4007,
	70.5827 34.2809,
	70.5229 34.0414,
	70.3283 33.5624,
	70.2235 33.3228,
	70.1935 33.2031,
	70.2085 33.0833,
	70.2534 32.9636,
	70.3283 32.8438,
	70.5678 32.6642,
	70.6276 32.6193,
	70.6875 32.6043,
	70.7175 32.5893,
	70.8372 32.6342,
	70.8971 32.6791,
	70.9121 32.739,
	71.0019 32.8588,
	71.1217 32.9336,
	71.2414 32.9486,
	71.3612 32.9037,
	71.4809 32.8288,
	71.7204 32.6193,
	71.7803 32.5594,
	71.9001 32.4845,
	71.96 32.4396,
	72.0797 32.4097,
	72.1396 32.3797,
	72.3791 32.3797,
	72.4989 32.3648,
	72.6186 32.3199,
	72.7384 32.245,
	72.8582 32.2001,
	72.918 32.1702,
	73.0378 32.1552,
	73.2773 32.0504,
	73.3971 31.9756,
	73.8761 31.5265,
	74.1156 31.3169,
	74.2204 31.1971,
	74.2803 31.1372,
	74.5198 30.9875,
	74.6396 30.9726,
	74.7593 31.0325,
	74.8192 31.0624,
	74.8791 31.1822,
	74.924 31.4217,
	74.939 31.6612,
	74.909 31.9007,
	74.6545 32.8588,
	74.4599 33.8168,
	74.3851 34.2959,
	74.3701 34.5354,
	74.2953 35.0144,
	74.2503 35.9725,
	74.2354 36.0923,
	74.2054 36.1521,
	74.2054 36.212,
	74.1006 36.4515,
	74.0707 36.5713,
	73.6366 37.5294,
	73.5318 37.7689,
	73.3971 38.0084,
	73.2324 38.2479,
	73.1126 38.3377,
	73.0528 38.3527,
	72.933 38.3078,
	72.9031 38.2928,
	72.7384 38.5174,
	72.6935 38.5772,
	72.6785 38.6371,
	72.5887 38.7569,
	72.4689 38.8617,
	72.4091 38.8916,
	72.2893 38.8617,
	71.8701 39.3407,
	71.6456 39.5802,
	71.466 39.8197,
	71.3462 39.9395,
	71.1516 40.179,
	70.8073 40.6581,
	70.6127 40.8976,
	70.3732 41.0922,
	70.2684 41.2119,
	70.0438 41.691,
	69.969 41.9305,
	69.9241 42.0502,
	69.9091 42.2898,
	69.9091 42.3496,
	69.8342 42.5892,
	69.7893 42.7089,
	69.7594 42.9484,
	69.7893 43.0682,
	69.7893 43.1281,
	69.8342 43.2478,
	69.8642 43.4874,
	69.7893 43.7269,
	69.7744 43.8466,
	69.6995 43.9664,
	69.6696 44.0263,
	69.7145 44.2658,
	70.0887 45.2239,
	70.1187 45.3436,
	70.1336 46.3017,
	70.1336 46.5412,
	69.9989 47.0202,
	69.7444 47.4993,
	69.6546 47.619,
	69.4151 47.8136,
	69.2953 47.9035,
	69.1756 48.0232,
	68.9361 48.5022,
	68.8313 48.7418,
	68.7564 48.9813,
	68.5019 49.4603,
	68.1576 49.9393,
	67.963 50.1789,
	67.8433 50.2837,
	67.7984 50.2537,
	67.7834 50.2238,
	67.8133 50.104,
	67.6936 49.8645,
	67.5888 49.7597,
	67.5289 49.7447,
	67.2894 49.8495,
	67.1696 49.9244,
	67.0798 50.0292,
	67.0199 50.089,
	66.96 50.119,
	66.8403 50.104,
	66.7205 50.0441,
	66.6157 49.9244,
	66.1816 48.9663,
	66.0619 48.7268,
	66.002 48.607,
	65.972 48.5472,
	65.5678 48.0681,
	65.4631 47.9484,
	65.4032 47.8286,
	65.3732 47.7687,
	65.3433 47.5292,
	65.3583 47.0502,
	65.3283 46.8107,
	65.2984 46.6909,
	65.4181 46.2119,
	65.493 45.9723,
	65.7475 45.4933,
	65.8074 45.3735,
	65.8373 45.134,
	65.8672 45.0143,
	65.8672 44.7748,
	65.8972 44.5352,
	65.9122 44.4754,
	65.8672 44.2358,
	65.8822 43.9963,
	65.8972 43.8766,
	65.8822 43.7568,
	65.6577 43.2778,
	65.6427 43.2179,
	65.6277 43.188,
	65.7026 43.0682,
	65.7325 43.0383,
	65.7475 42.9185,
	65.7325 42.7987,
	65.6427 42.5592,
	65.5978 42.3197,
	65.4331 41.8407,
	65.3882 41.7209,
	65.2235 41.4814,
	65.1487 41.3616,
	65.1337 41.3018,
	65.2086 41.182,
	65.2685 41.1371,
	65.2984 41.1221,
	65.2086 40.8826,
	65.1786 40.7628,
	65.0888 40.6431,
	64.8643 40.4634,
	64.8044 40.3437,
	64.7744 40.2239,
	64.7744 40.1042,
	"/>
</Transform>

<Transform dim="0"
 xcoef=" 0 1 0 0 0 0"
 ycoef=" 0 0 1 0 0 0">
<Contour name="TB3_Nuc20_EM" hidden="false" closed="true" simplified="true" border="0 1 1" fill="0 1 1" mode="9"
 points="100.261 58.7991,
	100.331 58.2421,
	100.47 57.6851,
	100.435 57.1281,
	100.435 56.9889,
	100.679 56.7104,
	100.958 56.5015,
	101.375 56.0837,
	101.619 55.8052,
	101.863 55.6312,
	102.42 55.4571,
	102.698 55.3526,
	102.977 55.3178,
	103.255 55.3526,
	103.812 55.5615,
	104.091 55.5963,
	104.369 55.5615,
	104.926 55.6312,
	105.205 55.5963,
	105.344 55.5963,
	105.588 56.1533,
	105.727 56.397,
	105.971 56.6755,
	105.971 56.8148,
	105.971 56.8844,
	105.901 56.954,
	105.657 57.5111,
	105.483 57.7896,
	105.344 58.3466,
	105.24 58.6251,
	105.24 58.6947,
	104.996 58.9732,
	104.892 59.1125,
	104.822 59.1821,
	104.613 59.7391,
	104.16 60.2961,
	103.638 60.7487,
	102.524 61.236,
	102.246 61.3405,
	101.967 61.3405,
	101.828 61.3405,
	101.271 61.0968,
	100.992 60.9227,
	100.61 60.3657,
	100.61 60.2961,
	100.54 60.2265,
	100.366 59.6695,
	100.261 59.1125,
	100.261 58.8339,
	"/>
</Transform>

<Transform dim="0"
 xcoef=" 0 1 0 0 0 0"
 ycoef=" 0 0 1 0 0 0">
<Contour name="TB3_Nuc20_EM" hidden="false" closed="true" simplified="true" border="0 1 1" fill="0 1 1" mode="9"
 points="103.505 45.8115,
	103.623 45.6233,
	103.788 45.4586,
	103.976 45.4351,
	104.07 45.4586,
	104.258 45.5763,
	104.376 45.7645,
	104.4 45.8586,
	104.352 46.0468,
	104.235 46.2351,
	104.188 46.4233,
	104.211 46.6115,
	104.188 46.7998,
	104.023 46.988,
	103.929 47.0351,
	103.741 47.0351,
	103.647 46.988,
	103.6 46.941,
	103.529 46.5645,
	103.552 46.188,
	103.552 45.9998,
	103.505 45.9057,
	103.505 45.8351,
	"/>
</Transform>

<Transform dim="0"
 xcoef=" 0 1 0 0 0 0"
 ycoef=" 0 0 1 0 0 0">
<Contour name="TB3_Nuc45_EM" hidden="false" closed="true" simplified="true" border="1 0 0" fill="1 0 0" mode="9"
 points="96.6585 39.8218,
	96.7209 39.6221,
	96.8207 39.4224,
	96.8832 39.2226,
	96.8707 39.0229,
	96.8707 38.923,
	96.8083 38.7233,
	96.7708 38.5236,
	96.7833 38.1241,
	96.8083 38.0242,
	96.8207 37.9743,
	96.8207 37.9493,
	96.8457 37.9244,
	96.8582 37.8744,
	96.9331 37.7746,
	96.9705 37.7246,
	97.008 37.5249,
	97.033 37.425,
	97.0954 37.3377,
	97.1952 37.2628,
	97.2452 37.2628,
	97.2951 37.2378,
	97.3201 37.1879,
	97.3575 36.9881,
	97.4449 36.8883,
	97.5448 36.8134,
	97.6446 36.7634,
	97.7445 36.7385,
	98.144 36.7135,
	98.5434 36.7884,
	98.7432 36.8134,
	98.9429 36.9132,
	99.1426 37.0381,
	99.2425 37.088,
	99.3424 37.0505,
	99.3923 37.0381,
	99.4922 36.9756,
	99.592 36.9881,
	99.617 36.9881,
	99.7169 37.0505,
	99.7668 37.0755,
	99.9416 37.2628,
	100.091 37.4625,
	100.141 37.5624,
	100.179 37.7621,
	100.266 37.9618,
	100.316 38.1616,
	100.354 38.2614,
	100.541 38.4362,
	100.591 38.4736,
	100.628 38.6734,
	100.666 38.7732,
	100.678 38.973,
	100.753 39.3724,
	100.778 39.5722,
	100.765 39.9716,
	100.728 40.3711,
	100.678 40.5708,
	100.666 40.6208,
	100.641 40.6457,
	100.528 41.0452,
	100.491 41.1451,
	100.428 41.2449,
	100.403 41.2699,
	100.354 41.2699,
	100.254 41.22,
	100.154 41.22,
	100.104 41.2075,
	100.079 41.2075,
	100.029 41.2574,
	99.9915 41.4572,
	99.979 41.557,
	99.9166 41.7568,
	99.8792 41.9565,
	99.8916 42.1562,
	99.9166 42.2561,
	99.9041 42.6556,
	99.9541 42.8553,
	99.9665 42.9552,
	99.9541 43.055,
	99.9166 43.1549,
	99.8292 43.2423,
	99.7294 43.2672,
	99.7044 43.2922,
	99.7044 43.3921,
	99.7793 43.4919,
	99.8167 43.5918,
	99.8167 43.6917,
	99.7918 43.7416,
	99.7418 43.7915,
	99.3424 43.7791,
	99.2924 43.7915,
	99.3049 43.9913,
	99.3049 44.0911,
	99.28 44.1411,
	99.23 44.1536,
	99.1926 44.191,
	99.2051 44.216,
	99.1801 44.2409,
	99.2051 44.3408,
	99.2051 44.3658,
	99.1551 44.4157,
	99.1302 44.4157,
	99.0303 44.5031,
	98.9804 44.5405,
	98.7806 44.5405,
	98.6808 44.5156,
	98.5809 44.4532,
	98.481 44.3658,
	98.4186 44.2784,
	97.7445 43.4919,
	97.6446 43.3921,
	97.4449 43.2672,
	97.2826 43.08,
	97.2202 42.9801,
	97.1828 42.9302,
	97.0954 42.7305,
	97.033 42.5307,
	97.0205 42.4309,
	97.008 42.3809,
	97.0704 41.9815,
	97.1079 41.8816,
	97.1703 41.7817,
	97.2577 41.6943,
	97.3076 41.6569,
	97.2951 41.607,
	97.2077 41.5071,
	97.1453 41.4197,
	97.1079 41.3823,
	97.008 41.3698,
	96.9581 41.3323,
	96.9331 41.3074,
	96.9331 41.2824,
	96.8956 41.2325,
	96.7833 40.833,
	96.7084 40.4335,
	96.6959 40.2338,
	96.6959 40.1339,
	96.6585 39.9342,
	96.6585 39.8343,
	"/>
</Transform>

<Transform dim="0"
 xcoef=" 0 1 0 0 0 0"
 ycoef=" 0 0 1 0 0 0">
<Contour name="TB3_Nuc47_EM" hidden="false" closed="true" simplified="true" border="1 0 0" fill="1 0 0" mode="9"
 points="106.737 36.3468,
	106.815 35.7275,
	106.873 35.5726,
	106.989 35.4371,
	107.298 35.2436,
	107.357 35.1662,
	107.395 35.0114,
	107.376 34.7017,
	107.395 34.6243,
	107.531 34.5082,
	107.686 34.6243,
	107.744 34.7791,
	107.802 35.0888,
	107.802 35.2436,
	107.724 35.3984,
	107.666 35.4758,
	107.357 35.65,
	107.279 35.7081,
	107.26 35.7468,
	107.318 35.8049,
	107.473 35.8049,
	107.627 35.8629,
	107.744 35.9984,
	107.802 36.1532,
	107.821 36.1726,
	107.802 36.1919,
	107.724 36.1145,
	107.705 36.4242,
	107.744 36.579,
	107.84 36.7339,
	107.918 36.8113,
	107.995 36.9661,
	108.053 37.5854,
	108.034 37.8951,
	107.995 37.9725,
	107.86 38.1273,
	107.705 38.2241,
	107.686 38.3789,
	107.879 38.6886,
	107.86 38.766,
	107.782 38.8241,
	107.705 38.8434,
	107.395 38.708,
	107.24 38.6112,
	107.163 38.5725,
	107.008 38.4177,
	106.931 38.3402,
	106.911 38.2628,
	106.989 38.1854,
	107.144 38.1273,
	107.221 38.0886,
	107.26 38.0886,
	107.569 37.7983,
	107.627 37.7209,
	107.647 37.5661,
	107.647 37.5274,
	107.569 37.4693,
	107.415 37.4693,
	107.337 37.4693,
	107.047 37.1984,
	106.969 37.1209,
	106.892 37.0822,
	106.795 36.9274,
	106.737 36.6177,
	106.737 36.4629,
	106.737 36.3855,
	106.737 36.3661,
	"/>
</Transform>

<Transform dim="0"
 xcoef=" 0 1 0 0 0 0"
 ycoef=" 0 0 1 0 0 0">
<Contour name="TB3_Nuc53_EM" hidden="false" closed="true" simplified="true" border="0 1 0" fill="0 1 0" mode="9"
 points="92.1005 47.3666,
	92.1622 47.202,
	92.2034 47.1198,
	92.3679 46.9552,
	92.4913 46.7907,
	92.5119 46.4616,
	92.6147 46.2971,
	92.6353 46.1325,
	92.5941 45.968,
	92.5941 45.6389,
	92.6147 45.4744,
	92.6764 45.3098,
	92.8204 45.1659,
	92.8615 45.1247,
	92.9643 44.7957,
	92.9849 44.1375,
	93.0466 43.8084,
	93.2317 43.1503,
	93.4785 42.4921,
	93.5608 42.163,
	93.6225 41.9985,
	93.6636 41.6694,
	93.7459 41.5049,
	93.8693 41.3403,
	93.9516 41.1758,
	93.9927 41.0935,
	94.1573 40.929,
	94.3218 40.8467,
	94.4041 40.8056,
	94.4863 40.8056,
	94.5275 40.7233,
	94.5686 40.3942,
	94.5892 40.2297,
	94.5275 40.1269,
	94.5275 40.0446,
	94.5275 40.0035,
	94.6714 39.8389,
	94.7743 39.695,
	94.8565 39.6127,
	95.0211 39.5098,
	95.1239 39.1808,
	95.1856 39.0162,
	95.2268 38.9751,
	95.2885 38.8106,
	95.4941 38.4815,
	95.6587 38.1524,
	95.7409 38.0701,
	95.9055 38.0084,
	95.9877 38.0084,
	96.1523 38.1113,
	96.2346 38.173,
	96.2551 38.2552,
	96.2346 38.9134,
	96.2757 40.2297,
	96.2757 40.5588,
	96.2346 40.8879,
	96.2963 41.546,
	96.2963 41.7106,
	96.2346 41.8751,
	96.07 42.0396,
	95.9672 42.2042,
	95.9466 42.2864,
	96.0289 42.6155,
	96.0289 42.7801,
	96.07 42.9446,
	96.1523 43.0269,
	96.1317 43.685,
	96.1523 44.0141,
	96.1317 44.1786,
	95.9877 44.3432,
	95.926 44.4871,
	95.9466 44.6517,
	96.0083 44.8162,
	96.0494 44.8985,
	96.0906 45.2276,
	96.07 45.3921,
	95.9466 45.7212,
	95.9877 45.8857,
	95.9466 46.0503,
	95.7615 46.3793,
	95.6175 46.7084,
	95.5558 47.0375,
	95.5558 47.6956,
	95.5353 48.0247,
	95.5147 48.1893,
	95.3707 48.5183,
	95.2062 48.6829,
	95.1239 48.7446,
	94.9799 49.0737,
	94.8977 49.2382,
	94.8771 49.3205,
	94.8154 49.4027,
	94.7537 49.7318,
	94.7331 49.8141,
	94.5275 50.1226,
	94.4246 50.2871,
	94.1573 50.6162,
	94.1573 50.6573,
	94.1161 50.6985,
	94.0339 51.0276,
	94.0133 51.1098,
	93.8693 51.2744,
	93.787 51.3566,
	93.5814 51.6857,
	93.4374 51.8297,
	93.3551 51.8708,
	93.1906 51.8708,
	93.0261 51.9325,
	92.9438 51.9531,
	92.7792 51.8914,
	92.6353 51.7885,
	92.4707 51.6446,
	92.3885 51.48,
	92.3679 51.151,
	92.3679 50.9864,
	92.4913 50.3283,
	92.5324 50.1637,
	92.4707 49.8346,
	92.4502 49.5056,
	92.5324 49.341,
	92.5324 49.2999,
	92.5736 49.2588,
	92.6147 48.9297,
	92.5941 48.6006,
	92.5941 48.4361,
	92.5324 48.2715,
	92.4296 48.107,
	92.3679 48.0247,
	92.3679 47.9836,
	92.2856 47.9013,
	92.1828 47.7368,
	92.1211 47.5722,
	92.1005 47.4077,
	92.1005 47.3871,
	"/>
</Transform>

<Transform dim="0"
 xcoef=" 0 1 0 0 0 0"
 ycoef=" 0 0 1 0 0 0">
<Contour name="TB3_Nuc55_EM" hidden="false" closed="true" simplified="true" border="0 1 0" fill="0 1 0" mode="9"
 points="109.52 56.5476,
	109.683 56.2876,
	109.78 56.0276,
	109.845 55.8976,
	109.845 55.3776,
	109.813 55.1176,
	109.91 54.5976,
	109.975 54.3377,
	110.203 53.8177,
	110.268 53.5577,
	110.398 53.2977,
	110.43 52.7777,
	110.593 52.5177,
	110.69 52.2577,
	110.723 51.9978,
	110.755 51.8678,
	110.983 51.6078,
	111.048 51.6078,
	111.243 51.3803,
	111.438 50.8603,
	111.535 50.3403,
	111.6 50.0803,
	111.633 49.9503,
	112.12 49.4304,
	112.348 49.2029,
	112.868 48.8779,
	112.998 48.8129,
	113.128 48.8129,
	113.193 48.8779,
	113.225 49.1379,
	113.128 50.1778,
	113.063 50.6978,
	113.03 50.9578,
	113.03 51.0878,
	112.9 51.3478,
	112.64 51.6078,
	112.478 51.8678,
	112.413 51.8678,
	112.445 52.1278,
	112.543 52.3877,
	112.543 52.6477,
	112.12 53.6877,
	112.055 53.8177,
	112.055 54.0777,
	112.25 54.5976,
	112.283 54.6301,
	112.445 54.1102,
	112.543 53.5902,
	112.543 53.3302,
	112.673 52.8102,
	112.77 52.6802,
	112.803 52.5502,
	112.738 52.2902,
	112.608 52.0303,
	112.705 51.7703,
	113.16 51.3153,
	113.225 51.0553,
	113.193 50.5353,
	113.258 49.4954,
	113.42 48.9754,
	113.485 48.8454,
	113.745 48.5854,
	113.908 48.3254,
	114.005 48.1954,
	114.135 48.1629,
	114.2 48.1629,
	114.33 48.2929,
	114.33 48.5529,
	114.33 48.6829,
	114.428 48.9429,
	114.59 49.2029,
	114.655 49.3329,
	114.655 49.4629,
	114.428 49.6904,
	114.2 49.7879,
	114.2 49.9179,
	114.688 50.3403,
	114.818 50.4703,
	114.948 50.7303,
	114.98 50.8603,
	114.915 51.1203,
	114.59 51.6403,
	114.493 52.1603,
	114.428 52.4202,
	114.135 52.9402,
	114.07 53.2002,
	114.07 53.4602,
	114.168 53.7202,
	114.135 53.9802,
	113.778 55.0201,
	113.615 55.2801,
	113.518 55.4101,
	113.485 55.6701,
	113.55 55.8001,
	113.518 56.3201,
	113.355 56.8401,
	113.323 57.1,
	113.225 57.36,
	112.998 57.62,
	112.868 57.75,
	112.803 57.815,
	112.543 57.8475,
	112.445 57.9125,
	112.413 58.1725,
	112.413 58.3025,
	112.25 58.5625,
	111.73 59.05,
	111.568 59.2124,
	111.535 59.4724,
	111.503 59.6024,
	111.405 59.7324,
	111.275 59.7649,
	111.21 59.7974,
	110.95 59.7324,
	110.82 59.6999,
	110.56 59.4724,
	110.398 59.2124,
	110.333 59.0825,
	110.203 58.9525,
	110.04 58.4325,
	109.943 58.1725,
	109.91 58.0425,
	109.943 57.7825,
	109.845 57.5225,
	109.78 57.4575,
	109.585 56.9375,
	109.52 56.6776,
	109.52 56.5801,
	"/>
</Transform>

<Transform dim="0"
 xcoef=" 0 1 0 0 0 0"
 ycoef=" 0 0 1 0 0 0">
<Contour name="TB3_Nuc59_EM" hidden="false" closed="true" simplified="true" border="0 1 0" fill="0 1 0" mode="9"
 points="97.8314 35.0387,
	98.0549 34.6812,
	98.3901 34.346,
	98.6359 33.9885,
	98.7476 33.8097,
	98.8593 33.4522,
	98.7476 33.0946,
	98.7253 32.7371,
	98.837 32.3796,
	98.9934 32.022,
	99.0604 31.9326,
	99.2392 31.8209,
	99.418 31.7539,
	99.5968 31.6421,
	99.6861 31.6198,
	99.7308 31.5751,
	99.9096 31.5528,
	100.267 31.4187,
	100.446 31.3516,
	100.535 31.3069,
	100.669 31.1282,
	100.848 30.9718,
	100.96 30.8153,
	101.005 30.6366,
	100.982 30.4578,
	100.87 30.279,
	100.781 30.1896,
	100.848 30.0109,
	100.893 29.9215,
	100.893 29.8321,
	100.759 29.6533,
	100.602 29.5193,
	100.535 29.4522,
	100.513 29.3628,
	100.625 29.1841,
	100.803 29.0723,
	100.982 29.0053,
	101.072 28.9606,
	101.429 28.9159,
	101.787 28.9159,
	101.876 28.8936,
	101.965 28.8265,
	102.01 28.7371,
	102.032 28.5584,
	102.01 28.3796,
	102.032 28.2008,
	102.122 28.0221,
	102.167 27.9774,
	102.345 27.9997,
	102.546 28.3349,
	102.703 28.6924,
	102.748 29.05,
	102.681 29.2288,
	102.636 29.3181,
	102.636 29.3628,
	102.569 29.4522,
	102.546 29.5416,
	102.524 29.5863,
	102.613 29.7651,
	102.636 29.9438,
	102.591 30.1226,
	102.457 30.3014,
	102.144 31.0164,
	102.077 31.1058,
	102.032 31.1505,
	102.01 31.0611,
	101.965 31.1282,
	101.988 31.3069,
	102.055 31.4857,
	102.077 31.8433,
	102.055 32.022,
	101.943 32.2008,
	101.921 32.2902,
	101.742 32.4689,
	101.653 32.6477,
	101.563 33.0053,
	101.519 33.184,
	101.519 33.2734,
	101.429 33.4522,
	101.25 33.6309,
	101.049 33.9885,
	101.005 34.0779,
	100.647 34.4131,
	100.468 34.5024,
	100.379 34.5024,
	100.334 34.5471,
	100.245 34.5695,
	100.178 34.6589,
	100.111 35.0164,
	99.8649 35.3739,
	99.7085 35.5304,
	99.3509 35.5974,
	99.1722 35.5751,
	99.0828 35.5304,
	98.9934 35.441,
	98.904 35.4186,
	98.7253 35.4857,
	98.3677 35.5304,
	98.0102 35.508,
	97.9208 35.4633,
	97.8761 35.4186,
	97.8314 35.2399,
	97.8314 35.0611,
	"/>
</Transform>

<Transform dim="0"
 xcoef=" 0 1 0 0 0 0"
 ycoef=" 0 0 1 0 0 0">
<Contour name="TB1_NF22_RSL" hidden="false" closed="true" simplified="true" border="0.502 0.502 0" fill="0.502 0.502 0" mode="-9"
 points="31.8723 48.5917,
	31.9189 48.4425,
	31.9842 48.2933,
	32.0495 48.228,
	32.1241 48.1907,
	32.2733 48.1814,
	32.3479 48.1814,
	32.4224 48.2094,
	32.4411 48.2094,
	32.5157 48.284,
	32.5716 48.3586,
	32.5996 48.5078,
	32.5996 48.5824,
	32.5996 48.6197,
	32.6742 48.6663,
	32.6835 48.657,
	32.6929 48.6756,
	32.6835 48.6943,
	32.7581 48.7036,
	32.8327 48.7316,
	32.9073 48.7875,
	32.9446 48.8621,
	32.9726 49.0113,
	33.0752 49.3097,
	33.1218 49.6081,
	33.1405 49.7573,
	33.1311 49.8319,
	33.0845 49.9065,
	33.0472 49.9345,
	32.9726 49.9438,
	32.9353 49.9531,
	32.8607 49.9345,
	32.7861 49.8692,
	32.7861 49.8506,
	32.7675 49.8319,
	32.6742 49.5335,
	32.6556 49.5149,
	32.6556 49.4962,
	32.5716 49.347,
	32.525 49.2724,
	32.4597 49.1978,
	32.4224 49.1699,
	32.2733 49.1419,
	32.1987 49.1326,
	32.1614 49.1232,
	32.1427 49.1232,
	32.0681 49.0766,
	31.9282 48.9367,
	31.9003 48.8621,
	31.8816 48.8248,
	31.8723 48.6756,
	31.8723 48.601,
	"/>
</Transform>

<Transform dim="0"
 xcoef=" 0 1 0 0 0 0"
 ycoef=" 0 0 1 0 0 0">
<Contour name="TB1_Shell_EM" hidden="false" closed="true" simplified="true" border="0 1 1" fill="0 1 1" mode="9"
 points="20.786 35.2424,
	21.4892 33.9921,
	21.9581 33.3669,
	23.2084 32.6636,
	25.7089 31.6478,
	26.0215 31.6478,
	26.3341 31.4915,
	27.5844 31.4134,
	28.8347 31.4915,
	31.3352 31.9604,
	32.5855 32.1166,
	33.8358 32.6636,
	35.0861 33.5232,
	35.7112 33.8358,
	36.9615 34.6954,
	39.4621 36.8052,
	40.0872 37.3522,
	40.6342 37.7429,
	40.7905 37.4304,
	40.8686 36.1801,
	40.7905 34.9298,
	40.9468 34.6954,
	41.5719 34.7735,
	42.8222 35.2424,
	44.0725 36.2582,
	45.2446 37.5085,
	46.2605 38.7588,
	46.8075 39.3839,
	47.1982 40.0091,
	47.7452 40.6342,
	48.3703 41.8845,
	48.6048 42.5096,
	48.761 42.6659,
	49.4643 45.1665,
	49.6206 46.4168,
	49.3862 48.9173,
	48.9173 51.4179,
	48.3703 52.6682,
	48.1359 53.2933,
	47.7452 53.9185,
	47.1982 54.5436,
	47.0419 54.8562,
	45.0102 57.3567,
	44.4632 57.9819,
	44.3069 58.2945,
	43.6818 58.9196,
	43.2911 59.5447,
	42.7441 60.795,
	42.5096 61.4202,
	42.1189 62.0453,
	41.8063 62.3579,
	41.1812 62.5923,
	39.9309 62.6704,
	38.6806 62.2797,
	38.3681 62.2016,
	38.0555 61.9672,
	37.7429 61.889,
	37.1178 61.4983,
	34.6172 60.795,
	32.1166 59.8573,
	31.9604 59.701,
	31.8041 59.701,
	31.6478 59.5447,
	31.0227 59.3885,
	30.8664 59.2322,
	30.7101 59.2322,
	30.5538 59.0759,
	29.9287 58.8415,
	27.4281 57.2005,
	26.8029 56.6535,
	26.4904 56.419,
	26.0997 55.7939,
	24.9275 54.5436,
	24.068 53.2933,
	23.521 52.6682,
	23.1302 52.043,
	22.8958 51.7305,
	22.6614 50.4802,
	22.6614 49.2299,
	22.8958 47.9796,
	22.974 45.4791,
	22.7395 42.9785,
	22.5051 41.7282,
	22.0362 40.4779,
	21.4111 39.2276,
	20.9422 36.7271,
	20.786 35.4768,
	20.786 35.3205,
	"/>
</Transform>

<Transform dim="0"
 xcoef=" 0 1 0 0 0 0"
 ycoef=" 0 0 1 0 0 0">
<Contour name="TB1_NF55_RSL" hidden="false" closed="true" simplified="true" border="0.502 0 0" fill="0.502 0 0" mode="-9"
 points="29.8878 39.927,
	29.9296 39.8435,
	29.9505 39.833,
	29.9505 39.8121,
	30.0027 39.7286,
	30.0132 39.7181,
	30.055 39.7495,
	30.1385 39.7495,
	30.1803 39.7495,
	30.2221 39.7286,
	30.2952 39.6554,
	30.3475 39.5719,
	30.4311 39.5928,
	30.5146 39.6763,
	30.5564 39.6868,
	30.5878 39.6554,
	30.5982 39.5719,
	30.5773 39.4883,
	30.5773 39.4465,
	30.5669 39.4256,
	30.4833 39.4152,
	30.3997 39.3734,
	30.3579 39.342,
	30.2952 39.1749,
	30.2744 39.1331,
	30.2639 38.966,
	30.2744 38.8824,
	30.3057 38.8406,
	30.3475 38.8197,
	30.4311 38.8093,
	30.4728 38.8406,
	30.4937 38.8406,
	30.5355 38.8719,
	30.5773 38.8824,
	30.6295 38.966,
	30.7445 39.3002,
	30.7549 39.342,
	30.7862 39.3838,
	30.7862 39.4047,
	30.8071 39.4256,
	30.8071 39.4465,
	30.8594 39.5301,
	30.9012 39.6972,
	30.922 39.8644,
	30.8489 40.0315,
	30.8071 40.1151,
	30.8071 40.136,
	30.7758 40.1882,
	30.7653 40.1046,
	30.7758 39.9375,
	30.7653 39.927,
	30.734 40.0942,
	30.734 40.136,
	30.7549 40.1778,
	30.7549 40.2196,
	30.8594 40.5538,
	30.9325 40.8881,
	30.9429 41.0553,
	30.9116 41.2224,
	30.8803 41.306,
	30.828 41.3896,
	30.7549 41.4731,
	30.7131 41.494,
	30.546 41.494,
	30.4624 41.4523,
	30.3057 41.2851,
	30.2326 41.2015,
	30.2012 41.1597,
	30.1594 40.9926,
	30.1699 40.909,
	30.2012 40.8255,
	30.2535 40.7419,
	30.2744 40.7001,
	30.2848 40.6792,
	30.243 40.6688,
	30.1699 40.6061,
	30.0863 40.5225,
	30.0236 40.4494,
	29.9505 40.2822,
	29.8983 40.1151,
	29.8878 39.9479,
	29.8878 39.9375,
	"/>
</Transform>

<Transform dim="0"
 xcoef=" 0 1 0 0 0 0"
 ycoef=" 0 0 1 0 0 0">
<Contour name="TB1_NF55_RSL" hidden="false" closed="true" simplified="true" border="0.502 0 0" fill="0.502 0 0" mode="-9"
 points="41.8319 38.2889,
	41.8626 38.2073,
	41.883 38.1664,
	41.9238 38.146,
	42.0055 38.146,
	42.0464 38.1562,
	42.0668 38.1562,
	42.1076 38.1971,
	42.1587 38.2685,
	42.3118 38.3808,
	42.4446 38.5238,
	42.4854 38.5442,
	42.5263 38.585,
	42.5671 38.6055,
	42.6488 38.6769,
	42.6998 38.8403,
	42.6998 38.922,
	42.6998 38.9628,
	42.6692 39.0037,
	42.5875 39.0139,
	42.5058 38.9935,
	42.4242 38.9935,
	42.3425 38.9628,
	42.322 38.9628,
	42.3016 38.9424,
	42.2608 38.9322,
	42.1791 38.8811,
	42.0974 38.8097,
	41.9953 38.6667,
	41.8728 38.5136,
	41.8422 38.4319,
	41.8319 38.3502,
	41.8319 38.3094,
	41.8319 38.2992,
	"/>
<Contour name="TB1_NF55_RSL" hidden="false" closed="true" simplified="true" border="0.502 0 0" fill="0.502 0 0" mode="-9"
 points="37.2271 39.9839,
	37.2373 39.943,
	37.2985 39.8613,
	37.4619 39.8307,
	37.5027 39.8307,
	37.5844 39.8716,
	37.7376 40.0043,
	37.7988 40.086,
	37.8397 40.1268,
	38.0031 40.2187,
	38.1562 40.331,
	38.2787 40.474,
	38.3502 40.6373,
	38.34 40.6782,
	38.2992 40.6986,
	38.1358 40.6782,
	38.0541 40.6578,
	38.0337 40.6373,
	38.0439 40.6169,
	37.7274 40.5046,
	37.6457 40.4944,
	37.5027 40.3821,
	37.3496 40.2289,
	37.2679 40.1574,
	37.2373 40.0758,
	37.2271 39.9941,
	"/>
</Transform>

</Section>