<?xml version="1.0"?>
<!DOCTYPE Section SYSTEM "section.dtd">

<Section index="503" thickness="0.085" alignLocked="true">
<Transform dim="0"
 xcoef=" 0 1 0 0 0 0"
 ycoef=" 0 0 1 0 0 0">
<Image mag="0.0079" contrast="1" brightness="0" red="true" green="true" blue="true"
 src="Aligned TF21503.tif" />
<Contour name="domain1" hidden="false" closed="true" simplified="false" border="1 0 1" fill="1 0 1" mode="11"
 points="0 0,
	15991 0,
	15991 12171,
	0 12171,
	"/>
</Transform>

<Transform dim="0"
 xcoef=" 0 1 0 0 0 0"
 ycoef=" 0 0 1 0 0 0">
<Contour name="TB1_Nuc47_PH" hidden="false" closed="true" simplified="true" border="0 0.501961 0" fill="0 0.501961 0" mode="9"
 points="38.2393 43.5822,
	38.416 43.229,
	38.7692 42.9641,
	39.1225 42.9199,
	39.4757 43.0965,
	39.6523 43.1848,
	39.829 43.1848,
	40.1822 43.3173,
	40.5355 43.6264,
	40.977 44.3329,
	41.1978 44.6862,
	41.2861 45.0394,
	41.1978 45.3927,
	41.1536 45.5693,
	41.1978 45.9225,
	41.1536 46.2758,
	40.9329 46.629,
	40.7562 46.7615,
	40.6679 46.7173,
	40.7121 46.629,
	40.3588 46.5407,
	40.0056 46.3199,
	39.829 46.3199,
	39.1225 46.0992,
	38.8134 45.7459,
	38.5926 45.0394,
	38.5926 44.6862,
	38.2835 43.9797,
	38.2393 43.6264,
	"/>
</Transform>

<Transform dim="0"
 xcoef=" 0 1 0 0 0 0"
 ycoef=" 0 0 1 0 0 0">
<Contour name="TB1_Nuc79_PH" hidden="false" closed="true" simplified="true" border="0 0 1" fill="0 0 1" mode="15"
 points="36.0994 54.6213,
	36.1519 54.4114,
	36.3093 54.2016,
	36.6241 53.362,
	36.5716 53.1522,
	36.3617 52.9947,
	36.1519 52.575,
	36.2043 51.7355,
	36.2043 51.5256,
	36.5191 50.6861,
	36.4667 50.2663,
	36.4667 50.0564,
	36.6241 49.8465,
	36.6241 49.6367,
	36.3617 49.2169,
	36.3093 48.7971,
	36.4142 48.3774,
	36.3617 47.9576,
	36.4142 47.5379,
	36.5716 47.3804,
	36.6241 46.9607,
	36.4142 46.8033,
	36.4142 46.5934,
	36.5716 46.3835,
	36.7815 46.331,
	37.1488 45.9638,
	37.2537 45.9113,
	37.4636 46.0162,
	37.8834 46.3835,
	38.7229 46.8557,
	38.9852 47.1181,
	39.0377 47.5379,
	39.0377 47.7477,
	39.0377 47.8527,
	39.1426 47.9051,
	39.3001 47.4854,
	39.405 47.3804,
	39.6149 47.4329,
	40.0346 47.7477,
	40.2445 47.8527,
	40.3495 47.8527,
	40.5593 48.0101,
	40.6643 48.115,
	40.7168 48.3249,
	40.5593 48.7447,
	40.6118 49.1644,
	40.4544 49.5842,
	40.2445 49.7941,
	40.0871 50.6336,
	40.0346 51.0533,
	39.9822 51.2632,
	40.0346 51.4731,
	39.7198 52.3126,
	39.7198 52.4176,
	39.1951 53.2571,
	39.1426 53.467,
	38.7754 53.8343,
	38.3556 53.9917,
	37.9358 54.254,
	37.726 54.4114,
	37.5161 54.8312,
	37.3587 55.0411,
	37.3062 55.251,
	37.1488 55.4608,
	36.729 55.6182,
	36.3617 55.3559,
	36.0994 54.9361,
	36.0994 54.7263,
	36.0994 54.6738,
	"/>
</Transform>

<Transform dim="0"
 xcoef=" 0 1 0 0 0 0"
 ycoef=" 0 0 1 0 0 0">
<Contour name="NTB1_PH2" hidden="false" closed="true" simplified="true" border="0.501961 0.501961 0.501961" fill="0.501961 0.501961 0.501961" mode="9"
 points="31.1282 24.3539,
	31.2402 23.906,
	31.4641 23.4581,
	31.4081 23.0102,
	31.4641 22.5623,
	32.08 21.6666,
	32.8638 20.9947,
	33.0317 20.5468,
	33.0317 20.4349,
	33.2557 20.2669,
	33.3676 20.2109,
	33.5916 20.3789,
	33.8155 20.4349,
	34.0395 20.3789,
	34.2634 20.4349,
	34.3754 20.6588,
	34.4874 20.7708,
	34.5433 20.7148,
	34.7673 20.8828,
	34.8793 20.7708,
	35.1032 20.7708,
	35.3271 20.6588,
	35.5511 20.6588,
	35.775 20.7708,
	35.943 20.9947,
	36.3909 21.1627,
	36.8388 21.4986,
	37.5106 22.3384,
	37.7345 22.5623,
	37.7905 22.7863,
	38.4624 23.6821,
	38.7423 24.5778,
	38.6863 25.0257,
	38.7423 25.4736,
	38.5743 25.9215,
	37.7345 26.7053,
	37.5666 26.8733,
	37.1187 26.9852,
	36.8947 27.0972,
	36.5588 27.5451,
	36.4469 27.6571,
	36.2229 27.713,
	35.999 27.6571,
	35.5511 27.3211,
	35.1032 27.0972,
	34.8793 26.9292,
	34.7673 26.7053,
	34.7113 26.5933,
	34.2634 26.4814,
	33.9275 26.0895,
	33.4796 26.3694,
	33.0317 26.4814,
	32.8078 26.4814,
	32.3599 26.2574,
	31.5201 25.4176,
	31.2402 24.9697,
	31.1282 24.5218,
	31.1282 24.4099,
	"/>
</Transform>

<Transform dim="0"
 xcoef=" 0 1 0 0 0 0"
 ycoef=" 0 0 1 0 0 0">
<Contour name="NTB1_PH3" hidden="false" closed="true" simplified="true" border="0.501961 0.501961 0.501961" fill="0.501961 0.501961 0.501961" mode="9"
 points="25.8655 26.8173,
	26.0335 26.3694,
	26.0895 26.1454,
	26.3694 25.6976,
	26.5373 25.2497,
	26.5933 25.0257,
	26.9852 24.6338,
	27.2092 24.5218,
	27.6571 24.6898,
	27.769 24.7458,
	27.993 24.6898,
	28.2169 24.7458,
	28.3849 25.1937,
	28.4409 25.4176,
	28.6648 25.5296,
	28.7208 25.9775,
	28.7768 26.0895,
	29.0007 26.1454,
	29.2247 26.3134,
	29.2247 26.5373,
	29.0567 26.7613,
	28.8328 26.8733,
	28.8888 27.0972,
	29.2807 27.4331,
	29.7285 27.6011,
	29.9525 27.769,
	30.0645 27.993,
	30.1764 28.105,
	30.1764 28.2169,
	30.4004 28.4409,
	30.8483 28.6088,
	31.2402 29.5046,
	31.5201 29.8965,
	31.744 30.0645,
	31.8 30.2884,
	31.6881 30.7363,
	31.5761 30.8483,
	31.5761 31.0722,
	31.8 31.5201,
	31.744 31.744,
	31.2962 32.024,
	30.8483 32.1359,
	30.4004 32.08,
	29.9525 32.1359,
	29.7285 32.2479,
	29.6166 32.3599,
	29.3926 32.3599,
	29.0007 32.024,
	28.8888 32.024,
	28.6648 31.856,
	28.5528 31.856,
	28.3289 31.6321,
	28.1609 31.1842,
	28.1609 30.9602,
	27.993 30.7363,
	27.937 30.5123,
	27.937 30.4004,
	28.3289 30.0085,
	28.5528 30.0085,
	28.6648 30.0645,
	28.8888 30.0085,
	28.7208 29.7845,
	28.4969 29.7285,
	28.049 29.7845,
	27.6011 29.7285,
	26.7613 28.8888,
	26.3134 28.6088,
	26.0895 28.4969,
	25.9215 28.2729,
	25.8655 27.3771,
	25.8655 26.9292,
	25.8655 26.8733,
	"/>
</Transform>

<Transform dim="0"
 xcoef=" 0 1 0 0 0 0"
 ycoef=" 0 0 1 0 0 0">
<Contour name="NTB1_PH4" hidden="false" closed="true" simplified="true" border="0.501961 0.501961 0.501961" fill="0.501961 0.501961 0.501961" mode="-13"
 points="33.9275 30.1764,
	34.1514 29.7285,
	34.5993 29.2807,
	35.0472 28.9447,
	35.943 28.4969,
	36.8388 27.937,
	37.2866 27.6571,
	38.1824 27.3211,
	38.6303 27.1532,
	39.0782 27.2092,
	39.3021 27.1532,
	39.5261 26.9852,
	39.75 26.9852,
	40.1979 27.1532,
	40.4219 27.2652,
	40.9817 28.1609,
	41.0377 29.0567,
	41.2617 29.9525,
	41.1497 30.4004,
	40.9257 30.8483,
	40.7578 31.744,
	40.7018 32.1919,
	40.5338 32.6398,
	40.3099 32.8078,
	40.0859 32.7518,
	39.6381 32.3599,
	39.5261 32.2479,
	39.3021 32.2479,
	39.0782 32.3599,
	38.9102 32.8078,
	38.5183 33.1997,
	38.2944 33.3116,
	37.9025 33.7035,
	37.4546 33.8715,
	37.2307 34.0395,
	37.0067 34.0395,
	36.8947 34.0954,
	36.6708 34.0395,
	36.5588 33.9835,
	36.4469 34.0395,
	35.999 33.8155,
	35.887 33.5916,
	35.6631 33.3676,
	34.7673 32.9757,
	34.5993 32.7518,
	34.5433 32.5278,
	34.0954 32.1359,
	33.9835 31.6881,
	34.1514 31.2402,
	34.0954 31.0162,
	33.9275 30.7923,
	33.9275 30.3444,
	33.9275 30.2324,
	"/>
</Transform>

<Transform dim="0"
 xcoef=" 0 1 0 0 0 0"
 ycoef=" 0 0 1 0 0 0">
<Contour name="TB1_Nuc83_PH" hidden="false" closed="true" simplified="true" border="0 0.501961 0" fill="0 0.501961 0" mode="9"
 points="31.8962 47.6857,
	32.023 47.4321,
	32.2767 47.1785,
	32.4669 46.6712,
	32.9742 46.3541,
	33.2278 46.3541,
	33.3547 46.2907,
	33.862 46.3541,
	34.3692 46.6712,
	34.7497 47.6857,
	35.3838 48.7003,
	35.5107 49.7149,
	35.5741 50.2222,
	35.4472 50.4759,
	35.5107 51.4905,
	35.3204 51.9978,
	35.1302 52.2514,
	35.0034 52.188,
	34.94 52.4416,
	34.6863 52.4416,
	34.4327 52.3148,
	33.9888 51.8075,
	32.9742 51.4905,
	32.8474 51.2368,
	32.8474 50.7295,
	32.7205 50.2222,
	32.4035 49.7149,
	32.0864 48.7003,
	31.8962 47.7492,
	"/>
</Transform>

<Transform dim="0"
 xcoef=" 0 1 0 0 0 0"
 ycoef=" 0 0 1 0 0 0">
<Contour name="TB1_Nuc85_PH" hidden="false" closed="true" simplified="true" border="0 0 1" fill="0 0 1" mode="-13"
 points="30.3743 49.2076,
	30.6279 49.1442,
	30.8182 49.3979,
	30.945 49.5247,
	31.1352 50.032,
	31.3255 50.2856,
	31.5157 50.7929,
	31.8962 51.3002,
	31.8962 51.427,
	32.3401 51.9343,
	32.784 52.9489,
	32.9108 53.2026,
	32.9108 53.7099,
	32.9108 53.9635,
	32.9108 54.0903,
	32.7205 54.2172,
	32.6571 54.344,
	31.8328 53.3928,
	31.3255 52.3782,
	31.1987 51.8709,
	30.7548 50.8563,
	30.4377 49.8418,
	30.3743 49.3345,
	30.3743 49.271,
	"/>
</Transform>

<Transform dim="0"
 xcoef=" 0 1 0 0 0 0"
 ycoef=" 0 0 1 0 0 0">
<Contour name="TB1_AP12_EM" hidden="false" closed="true" simplified="true" border="0.792157 0 0" fill="1 0.701961 0.701961" mode="9"
 points="35.4405 55.549,
	35.4795 55.4449,
	35.5446 55.3538,
	35.5967 55.3147,
	35.7268 55.1065,
	35.7659 55.0024,
	35.8049 54.5859,
	35.7789 54.3776,
	35.857 53.9612,
	35.922 53.7529,
	35.883 53.5447,
	35.883 53.3364,
	35.9481 53.1282,
	35.9871 53.0241,
	36.0131 52.8158,
	35.9871 52.7117,
	36.0001 52.5034,
	36.0131 52.3993,
	36.0522 52.2952,
	36.1043 51.8787,
	36.1043 51.6705,
	36.1303 51.4622,
	36.2084 51.254,
	36.2344 51.1499,
	36.2604 51.0978,
	36.2604 51.0457,
	36.2084 50.9416,
	36.1433 50.5251,
	36.1303 50.3169,
	36.1303 50.2648,
	36.2344 50.0566,
	36.3125 49.9525,
	36.3385 49.9264,
	36.3385 49.9004,
	36.3776 49.8483,
	36.3125 49.0154,
	36.3385 48.5989,
	36.3515 48.4948,
	36.3125 48.0783,
	36.2995 47.6618,
	36.2604 47.2453,
	36.2214 47.037,
	36.2084 46.8288,
	36.2214 46.6206,
	36.2084 46.5164,
	36.2474 46.3082,
	36.2344 46.1,
	36.2474 45.8917,
	36.2604 45.7876,
	36.2214 45.5793,
	36.2344 45.4752,
	36.2214 45.3711,
	36.2344 45.267,
	36.2344 45.2149,
	36.2604 45.1889,
	36.2604 45.1368,
	36.1433 44.9286,
	36.1433 44.8245,
	36.0782 44.7203,
	35.896 44.5251,
	35.7919 44.473,
	35.7398 44.434,
	35.6878 44.3429,
	35.7138 44.3169,
	35.7659 44.3299,
	35.9741 44.46,
	36.0262 44.46,
	36.0392 44.434,
	35.9871 44.3299,
	35.9741 44.2778,
	35.9481 44.2518,
	35.9351 44.1997,
	35.896 44.1477,
	35.8179 43.9394,
	35.7528 43.8353,
	35.7268 43.7312,
	35.7138 43.6791,
	35.7398 43.6271,
	35.883 43.8223,
	35.922 43.7702,
	35.922 43.562,
	35.857 43.1455,
	35.7919 42.9373,
	35.8049 42.729,
	35.8179 42.6249,
	35.87 42.5208,
	35.9741 42.4557,
	36.0782 42.4166,
	36.1303 42.4036,
	36.1563 42.4036,
	36.3515 42.1954,
	36.5598 42.0392,
	36.6639 41.9611,
	36.716 41.9611,
	36.8201 42.0522,
	36.8331 42.0652,
	36.9372 41.9741,
	37.0414 41.9351,
	37.0934 41.9351,
	37.1194 41.9221,
	37.1325 41.7138,
	37.1194 41.6618,
	37.1585 41.4535,
	37.1845 41.4405,
	37.3928 41.5056,
	37.601 41.4926,
	37.6531 41.5056,
	37.6661 41.4926,
	37.7181 41.5056,
	37.9264 41.4145,
	38.0305 41.4015,
	38.2388 41.4275,
	38.2908 41.4145,
	38.3429 41.4405,
	38.447 41.3494,
	38.4991 41.3364,
	38.7073 41.3754,
	38.9155 41.3494,
	39.0197 41.3494,
	39.0587 41.3364,
	39.1108 41.3624,
	39.2149 41.4535,
	39.319 41.4665,
	39.4231 41.4535,
	39.4752 41.4275,
	39.5793 41.5316,
	39.6184 41.6357,
	39.7095 41.7268,
	39.8136 41.7529,
	39.9177 41.7399,
	39.9698 41.7268,
	40.178 41.7659,
	40.3863 41.7789,
	40.4904 41.8179,
	40.5424 41.844,
	40.6466 41.9481,
	40.8808 42.3646,
	40.9459 42.4687,
	41.3494 42.703,
	41.4015 42.729,
	41.4535 42.7811,
	41.5056 42.8071,
	41.6097 42.9112,
	41.7138 42.9893,
	41.8179 43.0414,
	42.0002 43.2496,
	42.1433 43.6661,
	42.1824 43.8743,
	42.2344 43.9785,
	42.3125 44.0826,
	42.4166 44.2908,
	42.5598 44.7073,
	42.6119 44.8114,
	42.6769 45.6444,
	42.6769 45.7485,
	42.69 45.8006,
	42.5989 46.0088,
	42.5598 46.113,
	42.5598 46.3212,
	42.5598 46.4253,
	42.4297 46.8418,
	42.4166 46.8939,
	42.3386 46.998,
	42.2865 47.0501,
	42.0782 47.1672,
	42.0522 47.1672,
	41.9611 47.0631,
	41.9351 47.037,
	41.9351 46.9329,
	41.9871 46.7247,
	42.0782 46.5164,
	42.1303 46.1,
	42.1173 45.8917,
	42.1043 45.7876,
	42.1303 45.3711,
	42.1043 45.1629,
	42.0262 44.9546,
	42.0002 44.8505,
	41.9611 44.7984,
	41.9221 44.6943,
	41.857 44.5902,
	41.7789 44.3819,
	41.6748 44.1737,
	41.6618 44.1216,
	41.6748 44.0175,
	41.6618 43.9655,
	41.4795 43.7832,
	41.3884 43.6791,
	41.3494 43.6271,
	41.3364 43.5229,
	41.3494 43.4969,
	41.3103 43.3928,
	41.2843 43.3407,
	41.2583 43.3277,
	41.2323 43.3407,
	41.1802 43.3147,
	41.1411 43.2626,
	41.1411 43.1585,
	41.1802 43.1064,
	41.1932 43.0804,
	41.1411 43.0674,
	41.05 42.9763,
	40.998 42.9503,
	40.7897 42.9112,
	40.6856 42.8592,
	40.6336 42.8331,
	40.5555 42.729,
	40.5424 42.6769,
	40.5294 42.6509,
	40.4774 42.6769,
	40.4253 42.6639,
	40.3993 42.6119,
	40.3993 42.5858,
	40.191 42.4297,
	40.0869 42.4036,
	40.0349 42.3906,
	39.9307 42.2995,
	39.7225 42.2084,
	39.6704 42.1824,
	39.6314 42.1303,
	39.4231 42.0522,
	39.3711 42.0522,
	39.319 42.0262,
	39.267 41.9741,
	39.2409 41.9611,
	39.1889 41.9871,
	39.1628 42.0002,
	39.0587 41.9351,
	39.0067 41.883,
	38.7984 41.7789,
	38.6943 41.7529,
	38.5902 41.6878,
	38.5381 41.6487,
	38.5121 41.6357,
	38.46 41.6748,
	38.2518 41.7008,
	38.2257 41.6878,
	38.1216 41.7529,
	37.9784 41.9611,
	37.7832 42.1173,
	37.7312 42.1303,
	37.6791 42.1694,
	37.627 42.1824,
	37.5229 42.2605,
	37.4709 42.3646,
	37.3667 42.4687,
	37.2626 42.5077,
	37.2105 42.5077,
	37.1975 42.4947,
	37.1325 42.5989,
	37.1194 42.703,
	37.1064 42.729,
	37.1325 42.7811,
	37.1845 42.8201,
	37.1975 42.9242,
	37.1845 42.9763,
	37.2236 43.0804,
	37.2366 43.2887,
	37.1845 43.4969,
	37.1064 43.7052,
	37.0934 43.9134,
	37.0283 44.1216,
	37.0023 44.2258,
	37.0153 44.434,
	37.0283 44.5381,
	37.0544 44.5902,
	37.1585 44.6553,
	37.2105 44.7073,
	37.2236 44.7594,
	37.2366 44.7854,
	37.1975 44.8895,
	37.1585 44.9286,
	37.1064 44.9286,
	37.0544 44.9026,
	37.0414 44.8895,
	37.0023 44.9416,
	36.9502 45.1498,
	36.9633 45.3581,
	36.9633 45.4622,
	36.9372 45.5663,
	36.9633 45.6705,
	37.0283 45.7746,
	37.0804 45.8136,
	37.1064 45.8396,
	37.2105 45.8527,
	37.3147 45.8396,
	37.3537 45.7876,
	37.3797 45.6835,
	37.3928 45.6314,
	37.3537 45.5273,
	37.3147 45.4752,
	37.2886 45.267,
	37.3017 45.2409,
	37.3537 45.28,
	37.4058 45.3841,
	37.4578 45.5924,
	37.4709 45.6444,
	37.5359 45.7485,
	37.7312 45.9568,
	37.7702 46.0088,
	37.7832 46.1,
	37.8353 46.0869,
	38.0435 46.2692,
	38.1346 46.3733,
	38.2388 46.4383,
	38.2908 46.4514,
	38.4991 46.6075,
	38.6032 46.6987,
	38.6292 46.7247,
	38.7333 46.7377,
	38.9416 46.8288,
	39.0457 46.8679,
	39.0978 46.8939,
	39.2019 46.998,
	39.6184 47.2713,
	39.7225 47.3234,
	39.8136 47.4145,
	39.8787 47.5186,
	39.9698 47.6227,
	40.178 47.7138,
	40.3863 47.87,
	40.4383 47.9091,
	40.4904 47.9221,
	40.6986 48.0913,
	40.8028 48.1824,
	40.9069 48.2214,
	41.011 48.2084,
	41.1151 48.1694,
	41.1672 48.1303,
	41.2713 48.1043,
	41.3234 48.0913,
	41.4275 48.1173,
	41.5316 48.1173,
	41.5837 48.0783,
	41.6618 47.87,
	41.6878 47.6618,
	41.857 47.2453,
	41.87 47.1932,
	41.9351 47.2974,
	41.9481 47.3494,
	41.9221 47.4015,
	41.896 47.4275,
	41.844 47.6358,
	41.883 48.0522,
	41.909 48.2605,
	41.896 48.3125,
	41.844 48.3646,
	41.8179 48.4687,
	41.7789 48.5208,
	41.6748 48.5598,
	41.6227 48.5989,
	41.4145 48.6119,
	41.3624 48.6119,
	41.2583 48.5468,
	41.2062 48.5338,
	41.1932 48.5208,
	40.985 48.5598,
	40.9329 48.5728,
	40.8548 48.664,
	40.7897 48.8722,
	40.7116 48.9763,
	40.6075 49.3928,
	40.5555 49.6011,
	40.5294 49.6531,
	40.5034 49.6791,
	40.4644 49.7833,
	40.3863 49.8874,
	40.3733 50.0956,
	40.3863 50.3039,
	40.3602 50.3559,
	40.3082 50.408,
	40.2821 50.421,
	40.2561 50.5251,
	40.2301 50.5772,
	40.2431 50.6813,
	40.2821 50.7854,
	40.3082 50.8375,
	40.4123 50.9416,
	40.4644 51.0457,
	40.4904 51.0978,
	40.4513 51.1499,
	40.2431 50.9676,
	40.191 51.0718,
	40.178 51.1759,
	40.2041 51.3841,
	40.2171 51.4883,
	40.2041 51.5403,
	40.191 51.5533,
	40.2952 51.6314,
	40.3212 51.7355,
	40.3342 51.7876,
	40.3082 51.8917,
	40.2952 51.9438,
	40.2561 51.9828,
	40.2431 51.9959,
	40.2041 51.9438,
	40.178 51.8397,
	40.165 51.7876,
	40.152 51.7616,
	40.0999 51.7876,
	39.8657 52.2041,
	39.8266 52.3082,
	39.8136 52.5165,
	39.8006 52.6206,
	39.7355 52.7247,
	39.6574 52.9329,
	39.5923 53.0371,
	39.5273 53.2453,
	39.4882 53.3494,
	39.4752 53.7659,
	39.4362 53.87,
	39.4492 54.0783,
	39.4622 54.1824,
	39.4492 54.2345,
	39.4101 54.2865,
	39.306 54.2995,
	39.2019 54.2735,
	39.1498 54.2605,
	39.1238 54.2475,
	39.0197 54.2995,
	38.9676 54.3386,
	38.8635 54.3516,
	38.8244 54.2995,
	38.8505 54.2605,
	38.9546 54.2345,
	38.9936 54.1954,
	39.0197 54.0913,
	38.9936 54.0392,
	38.8895 53.9872,
	38.7854 53.9872,
	38.6813 54.0262,
	38.473 54.0392,
	38.3689 54.0783,
	38.2778 54.1694,
	38.1607 54.3776,
	38.1086 54.4818,
	38.1867 54.5729,
	38.1997 54.677,
	38.1086 54.7681,
	38.0565 54.8071,
	38.0305 54.8202,
	37.8613 54.6249,
	37.8353 54.6249,
	37.6921 54.8332,
	37.6791 54.9373,
	37.6791 54.9894,
	37.5359 55.1976,
	37.4969 55.3017,
	37.4709 55.3538,
	37.4578 55.562,
	37.4448 55.6661,
	37.4709 55.8744,
	37.4448 56.0826,
	37.4318 56.1868,
	37.4188 56.2388,
	37.2105 56.3039,
	37.0023 56.3429,
	36.8982 56.356,
	36.6899 56.434,
	36.6379 56.4731,
	36.5858 56.4861,
	36.4817 56.4601,
	36.4557 56.4601,
	36.3646 56.5512,
	36.3125 56.6032,
	36.2995 56.6553,
	36.3125 56.6813,
	36.2995 56.6944,
	36.2735 56.6683,
	36.1823 56.7334,
	36.1303 56.7724,
	36.1043 56.8245,
	36.1433 57.0327,
	36.1823 57.1369,
	36.1693 57.1889,
	36.1693 57.215,
	36.1433 57.228,
	36.0912 57.2019,
	35.9871 57.0978,
	35.9351 57.0458,
	35.909 57.0197,
	35.883 56.8115,
	35.8439 56.7074,
	35.7528 56.6032,
	35.7008 56.5512,
	35.6487 56.5252,
	35.6227 56.5121,
	35.5446 56.6163,
	35.5186 56.6293,
	35.4925 56.6032,
	35.4925 56.4991,
	35.4925 56.4471,
	35.6097 56.2388,
	35.6357 56.1347,
	35.6097 55.7182,
	35.5967 55.6141,
	35.5967 55.562,
	35.5706 55.549,
	35.5186 55.6531,
	35.4925 55.6792,
	35.4665 55.6792,
	35.4405 55.6531,
	35.4405 55.562,
	"/>
</Transform>

<Transform dim="0"
 xcoef=" 0 1 0 0 0 0"
 ycoef=" 0 0 1 0 0 0">
<Contour name="TB1_AP21_EM" hidden="false" closed="true" simplified="true" border="0.501961 0 0.501961" fill="0.501961 0 0.501961" mode="9"
 points="36.9746 45.2268,
	36.9929 45.1535,
	37.0936 45.0069,
	37.1119 44.9886,
	37.1852 44.9703,
	37.2219 44.952,
	37.2493 44.9153,
	37.2676 44.7688,
	37.2676 44.6955,
	37.2676 44.6772,
	37.231 44.6406,
	37.1577 44.5948,
	37.1394 44.5948,
	37.0936 44.5215,
	37.0753 44.375,
	37.0845 44.2284,
	37.1394 43.9353,
	37.1577 43.8621,
	37.1761 43.8254,
	37.1852 43.7522,
	37.2585 43.6056,
	37.286 43.4591,
	37.3043 43.3858,
	37.2951 43.2393,
	37.286 43.166,
	37.2402 43.0195,
	37.231 42.8729,
	37.1852 42.7264,
	37.1669 42.6531,
	37.1669 42.6348,
	37.2035 42.6073,
	37.2768 42.5981,
	37.4234 42.5157,
	37.4875 42.4424,
	37.4966 42.4058,
	37.5516 42.3325,
	37.8447 42.1585,
	37.9179 42.1127,
	37.9546 42.0944,
	38.1011 41.957,
	38.1469 41.8837,
	38.2202 41.8196,
	38.2934 41.7922,
	38.44 41.783,
	38.5133 41.7738,
	38.6598 41.8013,
	38.9529 41.9479,
	39.0994 42.012,
	39.246 42.0578,
	39.3925 42.1219,
	39.5391 42.2043,
	39.6123 42.2501,
	39.7589 42.2959,
	39.9054 42.36,
	39.9421 42.3875,
	39.9512 42.3966,
	39.9695 42.3692,
	40.0611 42.5157,
	40.2077 42.6348,
	40.5007 42.7996,
	40.6473 42.9004,
	40.7206 42.9279,
	40.8671 42.9553,
	41.0136 43.0378,
	41.0594 43.111,
	41.0869 43.2576,
	41.1327 43.4041,
	41.1602 43.4774,
	41.1877 43.514,
	41.206 43.514,
	41.2701 43.5873,
	41.2884 43.6239,
	41.4258 43.7705,
	41.4716 43.8438,
	41.5357 43.917,
	41.5723 43.9445,
	41.5907 43.9628,
	41.5998 44.1094,
	41.6639 44.2559,
	41.6914 44.3292,
	41.728 44.3658,
	41.783 44.5124,
	41.8013 44.5856,
	41.8746 44.7322,
	41.9845 45.0253,
	42.0211 45.1718,
	42.0486 45.4649,
	42.0578 45.758,
	42.0578 45.8312,
	42.0852 45.9778,
	42.0852 46.0511,
	42.0669 46.1243,
	42.0303 46.1976,
	42.012 46.2342,
	42.012 46.3808,
	42.0211 46.4174,
	42.012 46.454,
	41.9845 46.4357,
	41.9021 46.7288,
	41.8929 46.7655,
	41.8929 46.7838,
	41.8654 46.8204,
	41.8196 46.9669,
	41.7922 47.0036,
	41.7738 47.1501,
	41.7738 47.2234,
	41.7097 47.5165,
	41.6914 47.663,
	41.554 47.9561,
	41.5265 47.9927,
	41.4899 48.0111,
	41.3434 48.0294,
	41.1968 48.0111,
	41.1236 48.0111,
	41.0503 48.0477,
	40.9862 48.121,
	40.9129 48.1301,
	40.8396 48.121,
	40.6931 48.0385,
	40.6198 47.9836,
	40.5465 47.947,
	40.4 47.8096,
	40.1069 47.6172,
	39.8138 47.3333,
	39.7497 47.26,
	39.6032 47.1593,
	39.4566 47.0769,
	39.3834 47.0494,
	39.2368 46.9578,
	39.2002 46.9212,
	39.1635 46.9028,
	39.0903 46.8387,
	38.9437 46.7563,
	38.8705 46.7105,
	38.8338 46.683,
	38.6873 46.6281,
	38.6506 46.6006,
	38.614 46.5914,
	38.5774 46.564,
	38.5407 46.5548,
	38.3942 46.4357,
	38.3209 46.3991,
	38.1744 46.2892,
	38.0645 46.1426,
	37.7897 45.9045,
	37.7164 45.8496,
	37.5882 45.703,
	37.5241 45.5565,
	37.5058 45.4099,
	37.4691 45.3367,
	37.3318 45.1993,
	37.2951 45.1901,
	37.2585 45.2084,
	37.2219 45.2817,
	37.2127 45.355,
	37.2585 45.5015,
	37.2768 45.5748,
	37.286 45.6114,
	37.231 45.758,
	37.1944 45.7854,
	37.1577 45.7763,
	37.0845 45.6297,
	36.9837 45.3367,
	36.9837 45.2634,
	36.9746 45.2359,
	"/>
</Transform>

<Transform dim="0"
 xcoef=" 0 1 0 0 0 0"
 ycoef=" 0 0 1 0 0 0">
<Contour name="TB1_AP22_EM" hidden="false" closed="true" simplified="true" border="0.133333 0.568627 1" fill="0 1 0" mode="9"
 points="29.7056 47.5868,
	29.8068 47.3556,
	29.8646 47.1243,
	30.0815 46.6617,
	30.2549 46.4304,
	30.5007 45.9679,
	30.6597 45.7366,
	30.7175 45.6787,
	30.7464 45.6354,
	30.7753 45.6209,
	30.8332 45.3896,
	30.891 45.274,
	31.0644 45.0427,
	31.1801 44.8114,
	31.2957 44.7102,
	31.4114 44.6669,
	31.6282 44.45,
	31.6716 44.3922,
	31.686 44.3344,
	31.845 44.1031,
	31.8739 44.0742,
	31.8884 44.0887,
	32.1197 43.9875,
	32.2353 43.9152,
	32.351 43.7996,
	32.5822 43.7273,
	32.8135 43.5683,
	32.9292 43.496,
	33.1605 43.4093,
	33.2761 43.3514,
	33.3917 43.3225,
	33.623 43.2069,
	34.0856 43.1491,
	34.3169 43.0768,
	34.5482 42.9756,
	34.7795 42.7877,
	35.242 42.5419,
	35.3577 42.4841,
	35.4155 42.4263,
	35.4733 42.3107,
	35.5745 42.2384,
	35.6901 42.3107,
	35.748 42.2818,
	35.7769 42.2673,
	35.8925 42.2962,
	35.9503 42.3107,
	35.9359 42.3685,
	35.8491 42.4841,
	35.7913 42.5419,
	35.7624 42.5998,
	35.7046 42.6431,
	35.6612 42.7588,
	35.6468 42.8166,
	35.6612 42.9322,
	35.6612 42.9901,
	35.6323 43.019,
	35.6034 43.019,
	35.56 42.9612,
	35.5311 42.9467,
	35.4155 42.9901,
	35.1842 43.0045,
	35.1264 43.0479,
	35.0107 43.0623,
	34.9529 43.0768,
	34.8806 43.1924,
	34.8662 43.2069,
	34.9818 43.2792,
	35.0541 43.3804,
	35.0686 43.4093,
	35.0252 43.4671,
	34.9674 43.4671,
	34.8517 43.4093,
	34.7939 43.3659,
	34.7361 43.3514,
	34.7072 43.3225,
	34.5915 43.3081,
	34.5337 43.3225,
	34.4614 43.4382,
	34.4181 43.5538,
	34.3747 43.6116,
	34.3169 43.6406,
	34.288 43.6406,
	34.1723 43.7562,
	34.0856 43.8574,
	33.97 43.8863,
	33.8543 43.8863,
	33.7387 43.8574,
	33.5074 43.8718,
	33.464 43.8574,
	33.3484 43.9297,
	33.2327 43.9441,
	33.1171 43.9152,
	33.0593 43.9297,
	32.828 44.1031,
	32.5967 44.1754,
	32.4811 44.1609,
	32.2498 44.3778,
	32.1775 44.4934,
	32.0908 44.7247,
	32.0474 44.8403,
	31.9607 44.956,
	31.9318 45.0138,
	31.8161 45.115,
	31.7438 45.2162,
	31.7583 45.3318,
	31.7583 45.3607,
	31.8161 45.3896,
	31.8739 45.3896,
	31.9751 45.4475,
	32.0185 45.5631,
	31.9896 45.6209,
	31.8739 45.6643,
	31.7583 45.6787,
	31.527 45.751,
	31.4692 45.7655,
	31.4114 45.751,
	31.3102 45.8233,
	31.3535 45.8811,
	31.2524 46.3437,
	31.2234 46.4593,
	31.0789 46.6906,
	30.891 46.9219,
	30.8332 47.0375,
	30.8187 47.5001,
	30.9199 47.7314,
	30.9343 47.847,
	30.9054 48.0783,
	30.9199 48.194,
	31.0211 48.4253,
	31.05 48.5409,
	31.1367 48.6565,
	31.1945 48.7722,
	31.2813 48.8878,
	31.3246 49.1191,
	31.2957 49.2348,
	31.3391 49.466,
	31.4692 49.9286,
	31.4836 50.0442,
	31.686 50.5068,
	31.8161 50.7381,
	32.0185 51.2007,
	32.1341 51.432,
	32.2931 51.6632,
	32.51 52.1258,
	32.6112 52.3571,
	32.6834 52.4727,
	32.9003 52.704,
	33.0159 52.7763,
	33.1315 52.7908,
	33.3628 52.7474,
	33.4785 52.7908,
	33.5218 52.8486,
	33.5508 52.9642,
	33.5508 53.022,
	33.623 53.1377,
	33.6808 53.181,
	33.7098 53.21,
	33.8254 53.2244,
	33.8543 53.2244,
	33.9555 53.3401,
	33.97 53.3979,
	33.9555 53.4557,
	33.9989 53.5713,
	34.0567 53.6003,
	34.1145 53.5858,
	34.1723 53.6147,
	34.2012 53.6725,
	34.1579 53.7882,
	34.2157 53.9038,
	34.3313 53.9905,
	34.3458 54.1062,
	34.3169 54.3375,
	34.3169 54.3953,
	34.3602 54.4531,
	34.3747 54.4387,
	34.4036 54.4676,
	34.4036 54.5254,
	34.5193 54.7567,
	34.6638 54.988,
	34.765 55.1036,
	34.8373 55.2192,
	34.8662 55.2771,
	34.8662 55.7396,
	34.8806 55.9709,
	34.9674 56.4335,
	34.9963 56.5491,
	35.0252 56.607,
	35.1408 56.6937,
	35.1697 56.7515,
	35.2709 56.8672,
	35.2854 56.9828,
	35.2998 57.0406,
	35.3866 57.1563,
	35.401 57.1852,
	35.3288 57.3008,
	35.3143 57.3297,
	35.2854 57.3297,
	35.2131 57.2141,
	35.1119 57.0984,
	35.0541 57.0551,
	34.9385 57.0262,
	34.8806 57.0117,
	34.765 56.9105,
	34.6927 56.7949,
	34.6494 56.6792,
	34.606 56.4479,
	34.5337 56.3323,
	34.4181 56.2889,
	33.9555 56.2456,
	33.7242 56.2311,
	33.4929 56.1733,
	33.3773 56.101,
	33.2616 55.9854,
	33.1026 55.7541,
	33.0448 55.6384,
	32.9292 55.5517,
	32.5678 55.0891,
	32.4088 54.8579,
	32.3365 54.6266,
	32.2931 54.5109,
	32.1341 54.2797,
	32.0763 54.2218,
	31.9607 54.1785,
	31.845 54.0773,
	31.7727 53.846,
	31.527 53.3834,
	31.4114 53.1521,
	31.3535 53.0365,
	31.3102 52.8052,
	31.1656 52.5739,
	31.0934 52.4583,
	31.0355 52.227,
	31.0066 52.1114,
	31.0066 51.9957,
	30.732 51.5331,
	30.5874 51.3019,
	30.5151 51.1862,
	30.3417 50.7236,
	30.3272 50.4924,
	30.3417 50.2611,
	30.3272 50.1454,
	30.2405 50.0298,
	30.1538 49.7985,
	30.0381 49.5672,
	29.9803 49.3359,
	29.9369 48.8734,
	29.9369 48.6421,
	29.9225 48.5843,
	29.8936 48.5554,
	29.8646 48.4397,
	29.8502 48.2084,
	29.8068 47.9771,
	29.7346 47.7459,
	29.7056 47.6302,
	29.7056 47.6013,
	"/>
</Transform>

<Transform dim="0"
 xcoef=" 0 1 0 0 0 0"
 ycoef=" 0 0 1 0 0 0">
<Contour name="TB1_AP13_EM" hidden="false" closed="true" simplified="true" border="0 0.501961 0" fill="0 0.501961 0" mode="9"
 points="36.337 57.1475,
	36.3931 57.0578,
	36.4156 57.0354,
	36.4156 57.0129,
	36.4829 56.9232,
	36.4941 56.8334,
	36.4941 56.811,
	36.4717 56.7886,
	36.3819 56.7773,
	36.3595 56.6876,
	36.3707 56.5978,
	36.4156 56.553,
	36.438 56.5305,
	36.5278 56.5193,
	36.6175 56.5305,
	36.7073 56.4632,
	36.797 56.4296,
	36.8868 56.4183,
	36.9092 56.3959,
	36.9989 56.3735,
	37.1784 56.3735,
	37.3579 56.3062,
	37.4028 56.3062,
	37.4589 56.2164,
	37.4926 56.0369,
	37.4813 55.8574,
	37.5487 55.4984,
	37.5823 55.3189,
	37.6833 55.1394,
	37.7506 55.0497,
	37.8403 54.9824,
	37.8852 54.9599,
	37.975 54.9487,
	38.0647 54.8926,
	38.1545 54.8029,
	38.2218 54.7131,
	38.2666 54.6682,
	38.3003 54.657,
	38.39 54.6682,
	38.4798 54.657,
	38.6593 54.4887,
	38.749 54.4551,
	38.8388 54.4439,
	38.9285 54.4102,
	39.0183 54.3541,
	39.0632 54.3092,
	39.108 54.2868,
	39.1978 54.2868,
	39.3773 54.3653,
	39.4222 54.3541,
	39.4558 54.3092,
	39.4783 54.2195,
	39.4783 54.1297,
	39.4558 54.04,
	39.467 53.9502,
	39.4558 53.8605,
	39.5007 53.681,
	39.669 53.322,
	39.6914 53.2323,
	39.6914 53.2098,
	39.7587 53.1201,
	39.8485 53.0528,
	39.8933 53.0079,
	39.9719 52.8284,
	40.0953 52.6489,
	40.1738 52.4694,
	40.1962 52.3796,
	40.1738 52.2001,
	40.1738 52.1104,
	40.1626 52.088,
	40.185 52.0431,
	40.2748 51.9646,
	40.3196 51.9309,
	40.3757 51.7514,
	40.3645 51.5719,
	40.3421 51.527,
	40.3757 51.4373,
	40.4767 51.2578,
	40.5552 51.0783,
	40.6226 50.9885,
	40.7908 50.8651,
	40.8469 50.7754,
	40.8806 50.5959,
	40.8469 50.5061,
	40.7684 50.4164,
	40.6786 50.3603,
	40.6674 50.2705,
	40.6786 50.091,
	40.6786 50.0013,
	40.6786 49.9564,
	40.6113 49.8667,
	40.5889 49.7769,
	40.5777 49.7321,
	40.5665 49.7096,
	40.6001 49.6647,
	40.6001 49.6199,
	40.6562 49.4404,
	40.6674 49.3506,
	40.7235 49.1711,
	40.802 48.9916,
	40.8469 48.8121,
	40.8806 48.7224,
	40.9703 48.6326,
	41.0152 48.599,
	41.1947 48.5653,
	41.2844 48.599,
	41.3293 48.6326,
	41.3742 48.6438,
	41.4191 48.6326,
	41.5088 48.6438,
	41.6883 48.5765,
	41.7781 48.5317,
	41.8566 48.4419,
	41.9351 48.2624,
	41.9463 48.1727,
	41.8903 47.8137,
	41.879 47.7239,
	41.9015 47.6342,
	41.9015 47.4547,
	41.9239 47.4098,
	42.1034 47.2415,
	42.2829 47.0957,
	42.3727 47.0172,
	42.4736 46.8377,
	42.5521 46.4787,
	42.5858 46.2992,
	42.6082 46.2094,
	42.597 46.1197,
	42.597 46.0748,
	42.5858 46.0636,
	42.6307 45.9738,
	42.6643 45.9514,
	42.6756 45.9626,
	42.7316 45.8729,
	42.7541 45.7831,
	42.7204 45.4241,
	42.6531 45.0651,
	42.6419 44.9754,
	42.6756 44.8968,
	42.7092 44.9417,
	42.7541 45.1212,
	42.7765 45.3007,
	42.8663 45.6597,
	42.8887 45.7495,
	42.9672 45.9289,
	42.9785 46.0187,
	42.9672 46.0636,
	42.956 46.086,
	43.0009 46.1758,
	43.0458 46.2094,
	43.0906 46.2206,
	43.1692 46.3104,
	43.2477 46.6694,
	43.2589 46.8489,
	43.2589 46.8713,
	43.3487 46.9386,
	43.5282 47.1181,
	43.7077 47.2079,
	43.8872 47.264,
	43.9769 47.2752,
	44.0667 47.2415,
	44.1564 47.2527,
	44.2013 47.2415,
	44.2462 47.2527,
	44.3359 47.3088,
	44.5154 47.3761,
	44.5603 47.3874,
	44.7398 47.3201,
	44.9193 47.2976,
	45.0988 47.3201,
	45.1885 47.2976,
	45.2671 47.3761,
	45.2558 47.5556,
	45.2671 47.6454,
	45.3231 47.8249,
	45.3344 47.8473,
	45.2446 48.0268,
	45.1549 48.1166,
	45.1436 48.139,
	45.2334 48.3185,
	45.2895 48.498,
	45.3007 48.5878,
	45.4578 48.9468,
	45.5251 49.0365,
	45.57 49.0814,
	45.6821 49.4404,
	45.727 49.474,
	45.7719 49.4852,
	45.8616 49.4404,
	45.9514 49.3731,
	45.9963 49.3394,
	46.0411 49.3618,
	46.0524 49.4067,
	45.9963 49.5862,
	45.9626 49.676,
	45.9402 49.8555,
	45.8392 50.035,
	45.828 50.2145,
	45.8168 50.3042,
	45.8168 50.3266,
	45.7943 50.3379,
	45.7495 50.3154,
	45.727 50.3379,
	45.7382 50.4276,
	45.8616 50.7866,
	45.8729 50.9661,
	45.8729 51.0558,
	45.9289 51.2353,
	45.9514 51.4148,
	45.9402 51.7738,
	45.9177 51.9533,
	45.9065 52.0431,
	45.828 52.2226,
	45.7831 52.4021,
	45.7943 52.5816,
	45.7831 52.6713,
	45.8055 52.8508,
	45.7831 53.0303,
	45.7382 53.2098,
	45.727 53.2996,
	45.6934 53.3893,
	45.6373 53.4791,
	45.6036 53.5688,
	45.6036 53.6586,
	45.5812 53.7483,
	45.57 53.9278,
	45.5475 54.0176,
	45.5363 54.1971,
	45.5251 54.2419,
	45.4578 54.3317,
	45.4465 54.3541,
	45.4802 54.4439,
	45.626 54.6234,
	45.6485 54.6682,
	45.57 54.8477,
	45.5026 54.9375,
	45.4129 54.9936,
	45.3568 55.1731,
	45.3344 55.3526,
	45.2895 55.4423,
	45.1436 55.6218,
	44.9529 55.9808,
	44.7734 56.1491,
	44.5939 56.2725,
	44.5042 56.3286,
	44.3247 56.4857,
	44.2237 56.6539,
	44.1452 56.7437,
	44.0891 56.8334,
	44.0779 56.8783,
	44.1003 57.0578,
	44.1003 57.1475,
	43.9993 57.5065,
	43.9881 57.686,
	43.8311 58.045,
	43.8199 58.0899,
	43.8086 58.1011,
	43.8535 58.1909,
	43.8647 58.2806,
	43.7862 58.4601,
	43.7525 58.5499,
	43.7077 58.5835,
	43.6628 58.5723,
	43.573 58.505,
	43.5282 58.4826,
	43.4384 58.5387,
	43.3487 58.6284,
	43.2589 58.8079,
	43.2028 58.9874,
	43.1467 59.0771,
	43.1243 59.0996,
	43.0794 59.0884,
	43.0009 59.1781,
	42.9111 59.223,
	42.8887 59.2118,
	42.799 59.2566,
	42.7541 59.2791,
	42.3951 59.582,
	42.3053 59.6605,
	42.1258 59.7503,
	42.081 59.7727,
	41.9912 59.7839,
	41.6322 59.7503,
	41.5874 59.739,
	41.4079 59.8288,
	41.3181 59.8624,
	41.1386 59.8849,
	41.0489 59.8961,
	41.004 59.8849,
	40.645 60.0532,
	40.4655 59.9971,
	40.286 60.0195,
	40.1962 60.0307,
	40.0167 59.9746,
	39.927 59.9634,
	39.7475 60.0419,
	39.568 60.0644,
	39.4783 60.0532,
	39.1193 59.8961,
	39.0295 59.8624,
	38.85 59.84,
	38.6705 59.7615,
	38.491 59.7615,
	38.4461 59.7727,
	38.2666 59.6942,
	38.1769 59.6605,
	38.0871 59.6493,
	37.9974 59.6156,
	37.8179 59.5147,
	37.4589 59.3688,
	37.3692 59.3464,
	37.3018 59.2566,
	37.2794 59.1669,
	37.257 59.122,
	37.1672 59.0547,
	37.1223 59.0323,
	37.0214 58.8528,
	36.9765 58.763,
	36.797 58.6621,
	36.7073 58.6284,
	36.6624 58.606,
	36.539 58.4265,
	36.4829 58.247,
	36.4044 57.888,
	36.3483 57.529,
	36.337 57.17,
	36.337 57.1588,
	"/>
</Transform>

<Transform dim="0"
 xcoef=" 0 1 0 0 0 0"
 ycoef=" 0 0 1 0 0 0">
<Contour name="TB1_AP47_EM" hidden="false" closed="true" simplified="true" border="0 1 0" fill="0 1 0" mode="9"
 points="30.8929 47.1245,
	30.9308 47.0488,
	31.0821 46.9353,
	31.1956 46.784,
	31.3659 46.1786,
	31.4226 46.0273,
	31.4605 45.9516,
	31.7632 45.7813,
	32.0658 45.5732,
	32.0658 45.4975,
	32.0658 45.4597,
	31.9145 45.3273,
	31.8956 45.2516,
	31.9523 45.1003,
	32.1983 44.7976,
	32.3118 44.6462,
	32.3874 44.3436,
	32.4442 44.2679,
	32.5955 44.2111,
	32.7469 44.2111,
	32.8226 44.2111,
	33.1252 44.003,
	33.2009 44.022,
	33.2388 44.0409,
	33.3901 44.003,
	33.6928 44.022,
	33.8441 44.022,
	34.1468 43.8895,
	34.2982 43.8328,
	34.4495 43.7382,
	34.6954 43.4544,
	34.8468 43.5301,
	34.9981 43.549,
	35.1495 43.6058,
	35.1684 43.5301,
	35.1116 43.3787,
	35.036 43.3031,
	34.9981 43.2274,
	34.9981 43.1517,
	35.0549 43.095,
	35.0927 43.1328,
	35.244 43.1139,
	35.3197 43.0761,
	35.4711 43.0571,
	35.5467 43.0382,
	35.6981 43.0761,
	35.7548 43.1517,
	35.7737 43.2274,
	35.6602 43.5301,
	35.6413 43.6814,
	35.6602 43.8328,
	35.7548 43.9841,
	35.7548 44.1355,
	35.6792 44.1922,
	35.6035 44.1544,
	35.5467 44.2301,
	35.6224 44.3814,
	35.9062 44.6652,
	36.0386 44.8165,
	36.1521 45.4219,
	36.1143 46.0273,
	36.1332 46.3299,
	36.1332 46.4813,
	36.0575 46.784,
	36.0764 46.9353,
	36.1332 47.0867,
	36.1899 47.3893,
	36.2278 47.465,
	36.2089 47.7677,
	36.2656 48.3731,
	36.2467 48.6758,
	36.2656 48.9784,
	36.2278 49.1298,
	36.2656 49.4325,
	36.2656 49.5838,
	36.2845 49.6595,
	36.2278 49.9622,
	36.1143 50.2649,
	36.0954 50.5675,
	36.1332 50.8702,
	36.1521 51.0216,
	36.0954 51.3243,
	36.0386 51.4756,
	35.8873 52.6864,
	35.9062 52.8377,
	35.8873 52.989,
	35.8305 53.1404,
	35.8116 53.4431,
	35.8494 53.5944,
	35.7359 54.1998,
	35.6981 54.8052,
	35.6981 54.9565,
	35.5657 55.2592,
	35.49 55.3159,
	35.4521 55.297,
	35.4143 55.3727,
	35.3954 55.524,
	35.3765 55.5997,
	35.4332 55.7511,
	35.5278 55.9024,
	35.5089 56.2051,
	35.4711 56.3564,
	35.4711 56.5078,
	35.4521 56.5834,
	35.4332 56.6213,
	35.4711 56.6969,
	35.5089 56.7159,
	35.5846 56.6969,
	35.6224 56.678,
	35.717 56.8105,
	35.7737 56.8861,
	35.717 57.0375,
	35.6224 57.1888,
	35.5846 57.2077,
	35.4521 57.0753,
	35.263 56.7726,
	35.1116 56.6213,
	35.036 56.4699,
	34.9792 55.8646,
	34.9603 55.5619,
	34.9603 55.4105,
	34.9792 55.3349,
	34.9414 55.1835,
	34.9224 55.1078,
	34.6387 54.8241,
	34.563 54.6727,
	34.4495 54.5214,
	34.3927 54.37,
	34.3738 54.2187,
	34.4117 54.0674,
	34.2792 53.9349,
	34.2036 53.7836,
	34.2225 53.6322,
	34.1657 53.5755,
	34.0333 53.5187,
	33.9955 53.4431,
	33.9955 53.2917,
	33.8441 53.235,
	33.7685 53.2161,
	33.6171 53.0836,
	33.636 52.9323,
	33.5414 52.7809,
	33.4658 52.7242,
	33.4279 52.6864,
	33.2766 52.6674,
	33.1252 52.7053,
	32.9739 52.6864,
	32.8982 52.6296,
	32.8036 52.4783,
	32.6712 52.3837,
	32.028 51.1729,
	31.7064 50.5675,
	31.4605 49.9622,
	31.4037 49.3568,
	31.2902 48.7514,
	31.2145 48.6001,
	31.0632 48.4677,
	31.0064 48.3163,
	30.9875 48.0136,
	31.0064 47.8623,
	30.9497 47.7109,
	30.9118 47.4083,
	30.9118 47.2569,
	30.8929 47.1812,
	30.8929 47.1434,
	"/>
</Transform>

<Transform dim="0"
 xcoef=" 0 1 0 0 0 0"
 ycoef=" 0 0 1 0 0 0">
<Contour name="TB0_AP04_EM" hidden="false" closed="true" simplified="true" border="0 1 0.25098" fill="0 1 0" mode="9"
 points="17.6061 66.7752,
	17.6625 66.7,
	17.813 66.6812,
	17.8882 66.6812,
	17.9635 66.6248,
	17.9635 66.5495,
	18.0199 66.4743,
	18.0951 66.4555,
	18.1328 66.4178,
	18.2832 66.399,
	18.3585 66.3802,
	18.4713 66.2486,
	18.5466 66.2486,
	18.6783 66.1169,
	18.7347 65.9664,
	18.7535 65.8912,
	18.8099 65.8159,
	18.9604 65.7783,
	19.1109 65.7031,
	19.2614 65.5902,
	19.4118 65.5714,
	19.4871 65.5526,
	19.6376 65.5714,
	20.2395 65.4585,
	20.39 65.4021,
	20.4652 65.3645,
	20.6157 65.3645,
	20.6909 65.3833,
	20.8414 65.2892,
	20.9166 65.2328,
	21.0859 64.9319,
	21.3681 64.6497,
	21.5186 64.5745,
	21.5938 64.5369,
	21.6502 64.3864,
	21.7819 64.2359,
	21.9324 64.123,
	22.2333 63.9914,
	22.3838 63.8597,
	22.4402 63.7845,
	22.5907 63.6904,
	22.7412 63.634,
	23.0422 63.3706,
	23.3431 63.1637,
	23.6441 63.0321,
	23.7757 62.8816,
	23.8322 62.8063,
	23.8322 62.7687,
	23.9074 62.6935,
	23.9827 62.6559,
	24.0579 62.5806,
	24.1331 62.2797,
	24.2084 61.6777,
	24.2272 61.3768,
	24.2836 61.0758,
	24.6974 59.872,
	24.7351 59.7215,
	24.8103 59.571,
	24.8479 59.4206,
	24.9043 59.3453,
	24.9232 59.2701,
	25.1112 58.9691,
	25.1865 58.8186,
	25.2617 58.7434,
	25.2993 58.7058,
	25.3558 58.781,
	25.3934 58.9315,
	25.4122 59.0067,
	25.6003 59.3077,
	25.6567 59.6087,
	25.5627 59.9096,
	25.5063 59.9848,
	25.4686 60.1353,
	25.5439 60.2858,
	25.5439 60.361,
	25.4686 60.4363,
	25.431 60.5868,
	25.5251 60.7372,
	25.5251 60.8125,
	25.4874 60.8877,
	25.5063 61.1887,
	25.5439 61.2639,
	25.5439 61.4144,
	25.5063 61.5649,
	25.4874 61.6401,
	25.337 61.7718,
	25.2617 61.8282,
	25.0736 62.1292,
	24.9232 62.2044,
	24.8479 62.2797,
	24.8103 62.3173,
	24.7727 62.6182,
	24.6974 62.7687,
	24.6786 62.844,
	24.7351 62.9944,
	24.7539 63.0697,
	24.6974 63.3706,
	24.6034 63.6716,
	24.5658 63.9726,
	24.6222 64.123,
	24.7162 64.2735,
	24.9608 64.5745,
	25.1112 64.8754,
	25.2053 65.0259,
	25.5063 65.214,
	25.6379 65.3645,
	25.6944 65.4397,
	25.7132 65.4773,
	25.6944 65.515,
	26.0517 66.1169,
	26.1646 66.2674,
	26.3151 66.3614,
	26.5972 66.6624,
	26.8982 66.7752,
	27.0299 66.9069,
	27.1239 67.0574,
	27.1615 67.1326,
	27.1615 67.1702,
	27.2932 67.3207,
	27.3496 67.4712,
	27.3873 67.5464,
	27.6882 67.8474,
	27.7258 67.9226,
	27.8011 67.9603,
	27.8199 68.1107,
	27.7823 68.186,
	27.8199 68.3365,
	27.9892 68.6374,
	28.102 68.7879,
	28.2149 69.0889,
	28.3089 69.2393,
	28.3277 69.3898,
	28.2713 69.6908,
	28.3466 69.9917,
	28.3842 70.1422,
	28.3089 70.4432,
	28.3277 70.5936,
	28.1396 70.8946,
	28.0832 71.0451,
	28.0644 71.1203,
	28.0456 71.1579,
	28.008 71.1391,
	27.9515 71.2896,
	27.8387 71.4401,
	27.6882 71.5341,
	27.5377 71.5718,
	27.2932 71.8539,
	27.0111 72.1549,
	26.4091 72.6251,
	26.2587 72.7192,
	25.9577 72.7756,
	25.8072 72.8885,
	25.732 72.9449,
	25.6567 72.9449,
	25.5063 72.8132,
	25.431 72.738,
	25.2805 72.7004,
	25.2053 72.6815,
	24.9043 72.7756,
	24.8291 72.7944,
	24.5281 72.738,
	24.3777 72.7756,
	24.3024 72.8508,
	24.1519 72.9073,
	24.0767 72.9073,
	23.7757 72.7756,
	23.6253 72.7568,
	23.55 72.738,
	23.3995 72.6251,
	23.0986 72.4746,
	23.061 72.437,
	22.9857 72.4182,
	22.9105 72.3618,
	22.76 72.3054,
	22.4591 72.0984,
	22.3274 71.948,
	22.0264 71.7599,
	21.7255 71.6282,
	21.575 71.5341,
	21.4809 71.3837,
	21.18 71.0827,
	21.0295 70.9322,
	20.9543 70.857,
	20.8602 70.7065,
	20.8226 70.6313,
	20.6721 70.5184,
	20.5404 70.3679,
	20.39 70.2551,
	20.2959 70.1046,
	20.2771 70.0293,
	20.1454 69.8977,
	20.0702 69.8224,
	19.9385 69.5215,
	19.8633 69.4462,
	19.788 69.4274,
	19.7128 69.371,
	19.6752 69.2958,
	19.6564 69.1453,
	19.7316 68.8443,
	19.6752 68.6938,
	19.5059 68.3929,
	19.4683 68.2424,
	19.4495 68.2048,
	19.4683 68.1295,
	19.3366 67.9979,
	19.1861 67.9038,
	19.1297 67.8286,
	19.1109 67.791,
	18.9604 67.791,
	18.8099 67.7533,
	18.6783 67.6217,
	18.3773 67.5652,
	18.1516 67.2831,
	17.8694 67.001,
	17.7189 66.9445,
	17.6437 66.8881,
	17.6061 66.8129,
	17.6061 66.794,
	"/>
</Transform>

<Transform dim="0"
 xcoef=" 0 1 0 0 0 0"
 ycoef=" 0 0 1 0 0 0">
<Contour name="TB0_AP06_EM" hidden="false" closed="true" simplified="true" border="0 0.74902 0.188235" fill="1 0 1" mode="9"
 points="14.9299 58.5528,
	15.0575 58.2612,
	15.1122 58.1153,
	15.0939 57.8237,
	15.1304 57.532,
	15.1669 57.3862,
	15.1304 57.0945,
	15.1122 57.0216,
	15.1486 56.7299,
	15.1486 56.4382,
	15.1486 56.3653,
	15.2762 56.0736,
	15.2762 56.0372,
	15.4221 55.9096,
	15.5314 55.6179,
	15.5497 55.4721,
	15.5679 55.3991,
	15.6226 55.3262,
	15.7684 55.2351,
	15.9507 54.9434,
	16.0966 54.6517,
	16.2789 54.3601,
	16.37 54.0684,
	16.3882 53.9226,
	16.3882 53.8496,
	16.4429 53.7038,
	16.4429 53.6674,
	16.5341 53.5215,
	16.6617 53.2298,
	16.8257 52.9382,
	17.0445 52.6465,
	17.2268 52.3548,
	17.3362 52.209,
	17.4638 51.9173,
	17.4273 51.6257,
	17.4273 51.0423,
	17.3726 50.459,
	17.2086 49.8756,
	17.1721 49.7298,
	17.1721 49.6933,
	17.3179 49.6022,
	17.3908 49.5657,
	17.5367 49.6204,
	17.6825 49.6387,
	17.8284 49.6204,
	17.9742 49.7116,
	18.2476 49.985,
	18.3752 50.1126,
	18.4482 50.1855,
	18.7945 50.7689,
	18.9403 50.9147,
	19.0315 51.2064,
	19.0315 51.2793,
	18.9768 51.3522,
	18.831 51.4251,
	18.7216 51.571,
	18.4482 51.8626,
	18.2841 52.1543,
	18.1929 52.3001,
	18.0653 52.4278,
	17.9195 52.5189,
	17.8466 52.5371,
	17.719 52.683,
	17.6825 52.7194,
	17.6278 53.0111,
	17.6461 53.1569,
	17.6461 53.2298,
	17.5185 53.3757,
	17.482 53.4121,
	17.482 53.4851,
	17.5367 53.6309,
	17.5549 53.7767,
	17.6096 53.8314,
	17.7372 53.7038,
	17.8101 53.6674,
	17.883 53.722,
	17.9013 53.8679,
	17.8466 53.9408,
	17.8466 54.0866,
	17.883 54.2325,
	17.8284 54.8158,
	17.7372 55.3991,
	17.7007 55.545,
	17.6643 55.6179,
	17.6096 55.9096,
	17.4273 56.4929,
	17.2997 57.0763,
	17.2086 57.6596,
	17.2086 57.7325,
	17.1539 57.8783,
	17.1356 58.0242,
	17.0809 58.17,
	17.0627 58.3159,
	17.0263 58.3888,
	17.0263 58.4617,
	16.8257 59.045,
	16.4247 59.6284,
	16.37 59.7013,
	16.3153 59.8471,
	16.2971 59.993,
	16.2971 60.0659,
	16.2059 60.2117,
	16.0601 60.2664,
	15.9507 60.4122,
	15.9143 60.4487,
	15.8413 60.394,
	15.8231 60.2482,
	15.8049 60.1752,
	15.8596 59.8836,
	15.9507 59.5919,
	16.0601 59.0086,
	16.0419 58.8627,
	16.0054 58.7898,
	15.9325 58.7351,
	15.8413 58.5893,
	15.7684 58.5528,
	15.732 58.5528,
	15.6773 58.4799,
	15.7137 58.3341,
	15.732 58.2612,
	15.6773 58.2065,
	15.5314 58.2612,
	15.3856 58.3523,
	15.2762 58.4799,
	15.1304 58.5893,
	15.0939 58.6258,
	15.0757 58.7716,
	15.021 58.8445,
	14.9846 58.8445,
	14.9481 58.808,
	14.9299 58.6622,
	14.9299 58.5893,
	14.9299 58.5711,
	"/>
</Transform>

<Transform dim="0"
 xcoef=" 0 1 0 0 0 0"
 ycoef=" 0 0 1 0 0 0">
<Contour name="TB0_AP07_EM" hidden="false" closed="true" simplified="true" border="1 0 0" fill="0 1 1" mode="9"
 points="15.4975 62.8439,
	15.7304 62.43,
	16.0926 62.016,
	16.1443 61.9125,
	16.3513 61.7056,
	16.5583 61.5762,
	16.7653 61.4986,
	17.1534 61.0846,
	17.5673 60.8259,
	17.6708 60.8,
	17.8778 60.8259,
	17.9813 60.8,
	18.033 60.7742,
	18.0589 60.3602,
	18.24 59.9462,
	18.4729 59.5323,
	19.663 57.8764,
	19.7923 57.6695,
	19.9735 57.2555,
	20.3357 56.8416,
	20.4133 56.7381,
	20.4392 56.6346,
	20.8531 56.2982,
	21.2929 55.4703,
	21.3964 55.2633,
	21.5517 55.0564,
	21.6552 54.8494,
	21.5775 54.4354,
	21.3706 54.0215,
	21.2671 53.8145,
	21.1118 53.6075,
	21.0601 53.504,
	20.879 53.297,
	20.7755 53.1936,
	20.5426 52.7796,
	20.1804 51.9517,
	20.0511 51.5377,
	20.0252 51.3307,
	19.9476 51.1238,
	19.9217 50.9168,
	19.9993 50.7098,
	20.1804 50.5287,
	20.2839 50.477,
	20.3874 50.5028,
	20.5944 50.6581,
	20.8014 50.7616,
	21.0083 50.9168,
	21.4223 51.1496,
	21.8104 51.5636,
	22.0174 51.693,
	22.1726 51.8999,
	22.2243 52.0034,
	22.6383 52.2363,
	22.8453 52.3656,
	23.1299 52.7796,
	23.2075 52.9866,
	23.2334 53.0901,
	23.4403 53.1936,
	23.4662 53.297,
	23.3886 53.504,
	23.3369 53.6075,
	23.4145 53.711,
	23.4662 53.711,
	23.6473 53.8921,
	23.6991 54.0991,
	23.6991 54.3061,
	23.9578 55.134,
	24.113 55.341,
	24.2165 55.4444,
	24.2683 55.5479,
	24.4752 55.6773,
	24.5787 55.7032,
	24.7598 55.8843,
	24.9409 56.2982,
	25.0186 56.5052,
	25.1738 57.3331,
	25.2773 57.7471,
	25.3549 57.9541,
	25.3808 58.161,
	25.4066 58.2645,
	25.329 58.4715,
	25.1738 58.6526,
	24.9668 59.0666,
	24.8633 59.2736,
	24.8116 59.4805,
	24.5787 59.8945,
	24.3976 60.3084,
	24.1906 61.1364,
	24.1389 61.3433,
	24.113 62.1713,
	24.0354 62.3782,
	23.8802 62.5593,
	23.7767 62.6628,
	23.518 63.0768,
	23.104 63.439,
	22.897 63.5684,
	22.6901 63.5942,
	22.5866 63.6201,
	22.3796 63.7753,
	22.2761 63.8271,
	22.2243 63.8271,
	22.1726 63.8788,
	22.1209 63.8788,
	21.7069 64.2152,
	20.9307 65.0431,
	20.5168 65.2759,
	20.4133 65.3536,
	20.2063 65.3794,
	19.9993 65.457,
	19.5854 65.5088,
	19.3784 65.5088,
	18.9644 65.664,
	18.7575 65.8451,
	18.6798 66.0521,
	18.4729 66.2591,
	18.2659 66.3884,
	18.0589 66.4402,
	17.6449 66.6213,
	17.438 66.6472,
	17.2569 66.4919,
	17.1534 66.5178,
	16.7394 66.3367,
	16.3772 65.9486,
	16.1702 65.7416,
	16.0926 65.6382,
	15.9891 65.2242,
	15.9115 65.0172,
	15.8856 64.8102,
	15.9374 64.3963,
	15.9115 64.1893,
	15.8339 63.9823,
	15.6786 63.7753,
	15.5752 63.5684,
	15.5234 63.4649,
	15.4975 63.0509,
	15.4975 62.8698,
	"/>
</Transform>

<Transform dim="0"
 xcoef=" 0 1 0 0 0 0"
 ycoef=" 0 0 1 0 0 0">
<Contour name="TB0_AP11_EM" hidden="false" closed="true" simplified="true" border="1 0 0" fill="1 0 0" mode="9"
 points="15.2245 61.5927,
	15.2808 61.2923,
	15.3184 61.1421,
	15.4498 61.0295,
	15.5812 60.8793,
	15.7314 60.5789,
	15.7689 60.5039,
	15.9191 60.4288,
	15.9942 60.41,
	16.2007 60.1284,
	16.3509 59.828,
	16.4447 59.6779,
	16.5949 59.5277,
	16.914 58.927,
	17.0267 58.6266,
	17.0642 58.4764,
	17.083 58.1761,
	17.1205 58.0259,
	17.1956 57.8757,
	17.2332 57.8006,
	17.1956 57.7255,
	17.327 57.1248,
	17.4209 56.5241,
	17.5711 55.9234,
	17.7588 55.3226,
	17.8527 55.0223,
	17.909 54.7219,
	17.9653 54.1212,
	18.0216 53.971,
	18.3971 53.3703,
	18.6599 53.0699,
	18.9603 52.7883,
	19.2231 52.488,
	19.3169 52.3378,
	19.3732 52.0374,
	19.3732 51.8873,
	19.3357 51.7371,
	19.2231 51.5869,
	19.148 51.5306,
	19.0729 51.3804,
	19.0166 51.08,
	18.8852 50.7797,
	18.6411 50.4793,
	18.4722 50.179,
	18.3971 50.0288,
	18.0967 49.7847,
	17.9653 49.6533,
	17.9465 49.6158,
	17.9841 49.5595,
	18.1343 49.6909,
	18.2093 49.766,
	18.3595 49.8411,
	18.4346 49.8598,
	18.5848 49.9537,
	18.6599 49.9725,
	18.6974 49.9725,
	18.7725 50.0288,
	18.8101 50.0288,
	18.9603 50.1602,
	19.0166 50.2353,
	19.1104 50.5356,
	19.148 50.6858,
	19.1292 50.836,
	19.1855 51.1364,
	19.2606 51.1927,
	19.3357 51.2115,
	19.4859 51.3616,
	19.5234 51.4367,
	19.5422 51.5869,
	19.5797 51.662,
	19.6548 51.7371,
	19.6924 51.7746,
	19.6361 52.075,
	19.6173 52.2252,
	19.6548 52.3003,
	19.805 52.3566,
	19.9552 52.4692,
	20.0678 52.6194,
	20.0866 52.6945,
	20.2931 52.9948,
	20.4245 53.145,
	20.4808 53.2952,
	20.4808 53.3327,
	20.631 53.4266,
	20.9314 53.6707,
	21.0065 53.7082,
	21.1566 53.8396,
	21.3444 54.14,
	21.4382 54.4403,
	21.4945 54.5905,
	21.5133 54.7407,
	21.5321 54.8158,
	21.4758 54.966,
	21.3631 55.1161,
	21.288 55.1912,
	21.1191 55.4916,
	21.044 55.6418,
	21.0065 55.7919,
	20.8563 56.0923,
	20.7249 56.2425,
	20.4245 56.4678,
	20.2931 56.6179,
	19.9552 57.2187,
	19.7862 57.519,
	19.5797 57.8194,
	19.2418 58.4201,
	19.0917 58.5703,
	19.0166 58.6454,
	18.979 58.7205,
	18.8476 58.8706,
	18.8101 58.9457,
	18.6599 59.0584,
	18.5097 59.1147,
	18.4909 59.1522,
	18.5473 59.2273,
	18.566 59.2649,
	18.2657 59.8656,
	18.0779 60.1659,
	18.0029 60.3161,
	17.9465 60.6165,
	17.9465 60.6916,
	17.8902 60.7667,
	17.74 60.7667,
	17.4397 60.8793,
	17.3646 60.8793,
	17.2144 61.0107,
	17.1018 61.1609,
	16.8014 61.3862,
	16.5011 61.5551,
	16.3509 61.6302,
	16.0505 61.9306,
	15.7689 62.1934,
	15.6375 62.3436,
	15.6 62.4186,
	15.5624 62.4374,
	15.4498 62.1371,
	15.2808 61.8367,
	15.2245 61.6865,
	15.2245 61.6114,
	"/>
</Transform>

<Transform dim="0"
 xcoef=" 0 1 0 0 0 0"
 ycoef=" 0 0 1 0 0 0">
<Contour name="TB2_AP06_EM" hidden="false" closed="true" simplified="true" border="1 0 1" fill="1 0 1" mode="9"
 points="67.8381 47.0736,
	67.8658 46.9627,
	67.949 46.8518,
	67.9767 46.7409,
	68.1431 46.5192,
	68.254 46.4083,
	68.4757 46.2974,
	68.9193 46.1865,
	69.1411 46.0756,
	69.5847 45.9924,
	70.0282 46.0756,
	70.25 46.1033,
	71.1372 46.4083,
	72.0243 46.6023,
	72.9114 46.935,
	73.1332 47.0459,
	73.2441 47.1013,
	73.2995 47.1568,
	74.1867 47.5172,
	74.4085 47.6003,
	74.5194 47.6281,
	74.5748 47.6835,
	74.6857 47.7112,
	75.1293 48.0162,
	75.351 48.1271,
	75.4619 48.1548,
	75.5451 48.238,
	75.5174 48.2657,
	75.7392 48.3211,
	75.8501 48.3766,
	76.0718 48.3766,
	76.2936 48.432,
	76.5154 48.432,
	76.7372 48.3489,
	76.959 48.3211,
	77.0144 48.2934,
	77.458 48.3211,
	77.5689 48.2657,
	78.0125 48.238,
	78.456 48.3489,
	78.8996 48.5152,
	79.0936 48.7093,
	79.2323 48.931,
	79.26 49.0142,
	79.1214 49.236,
	79.0382 49.2914,
	78.5946 49.6518,
	78.3728 49.735,
	77.4857 49.735,
	76.5986 49.4855,
	76.155 49.3746,
	75.7114 49.3192,
	73.9372 49.2637,
	73.05 49.0974,
	72.8283 49.0419,
	71.9411 49.0142,
	71.4976 48.9588,
	70.6104 49.0142,
	70.1668 49.0142,
	69.2797 48.8202,
	68.8361 48.6538,
	68.3926 48.4043,
	68.1985 48.238,
	67.949 47.7944,
	67.8381 47.5726,
	67.8381 47.1291,
	67.8381 47.1013,
	"/>
</Transform>

<Transform dim="0"
 xcoef=" 0 1 0 0 0 0"
 ycoef=" 0 0 1 0 0 0">
<Contour name="TB0_Nuc11_EM" hidden="false" closed="true" simplified="true" border="0.823529 0 0" fill="0 1 0" mode="9"
 points="17.622 58.0683,
	17.6689 57.8808,
	17.6689 57.7871,
	17.7392 57.5996,
	17.786 57.5527,
	17.786 57.5059,
	17.8563 57.4121,
	18.161 57.1544,
	18.3016 56.9669,
	18.6765 56.7091,
	18.7703 56.6388,
	19.5201 56.4514,
	19.8951 56.3811,
	20.0825 56.4982,
	20.1294 56.592,
	20.1294 56.6857,
	20.0122 56.8732,
	19.8248 57.0372,
	19.4498 57.2481,
	19.2858 57.3653,
	18.9109 57.6699,
	18.8171 57.7402,
	18.7703 57.7871,
	18.7703 57.8339,
	18.8171 57.8808,
	18.9109 57.8574,
	18.9343 57.8339,
	18.9109 57.8105,
	19.2858 57.6699,
	19.3327 57.6699,
	19.3561 57.8574,
	19.2858 58.0448,
	19.2389 58.1386,
	19.1452 58.2323,
	18.9577 58.3495,
	18.7937 58.7244,
	18.7234 58.9119,
	18.6062 59.0759,
	18.2782 59.2868,
	18.1844 59.3337,
	17.9969 59.3337,
	17.8329 59.1931,
	17.7626 59.1228,
	17.6689 58.7478,
	17.622 58.3729,
	17.622 58.1854,
	17.622 58.0917,
	"/>
<Contour name="TB0_Nuc11_EM" hidden="false" closed="true" simplified="true" border="0.823529 0 0" fill="0 1 0" mode="9"
 points="18.2313 54.1549,
	18.3719 53.7799,
	18.5828 53.405,
	18.6531 53.3113,
	18.7937 53.1941,
	18.9812 53.1004,
	19.1686 53.0535,
	19.3561 53.0769,
	19.731 53.2175,
	19.9185 53.3347,
	19.9654 53.3816,
	19.9654 53.4753,
	19.9654 53.5222,
	19.7779 53.6862,
	19.6842 53.7565,
	19.4967 53.7799,
	19.4498 53.7799,
	19.4498 53.8268,
	19.8248 53.8737,
	19.8951 53.8502,
	20.0825 53.8737,
	20.1763 53.9205,
	20.27 54.0143,
	20.2934 54.0611,
	20.3872 54.0611,
	20.5746 53.9674,
	20.6684 53.944,
	20.7152 53.944,
	20.9964 54.3189,
	21.0199 54.4126,
	20.973 54.6001,
	20.973 54.6938,
	21.0199 54.7642,
	21.1136 54.7876,
	21.3011 54.7642,
	21.3714 54.8345,
	21.3714 54.9282,
	21.2073 55.3031,
	21.0667 55.4203,
	20.6918 55.6078,
	20.5043 55.4906,
	20.5043 55.3969,
	20.6215 55.2094,
	20.809 55.0219,
	20.8558 54.9751,
	20.7855 54.9516,
	20.7387 54.9751,
	20.6449 54.9516,
	20.5512 54.9751,
	20.3872 55.1391,
	20.1997 55.514,
	20.1763 55.7015,
	20.2466 55.7718,
	20.434 55.7952,
	20.5981 55.9593,
	20.6449 56.053,
	20.6449 56.1467,
	20.6449 56.1936,
	20.5512 56.2639,
	20.1763 56.1467,
	19.9888 56.0296,
	19.8951 56.0061,
	19.5201 56.1702,
	19.3327 56.1936,
	18.9577 56.0999,
	18.7703 56.0061,
	18.7234 56.0061,
	18.4656 55.6312,
	18.3719 55.4437,
	18.3485 55.0688,
	18.2782 54.6938,
	18.2313 54.5064,
	18.2313 54.3189,
	18.2313 54.2252,
	18.2313 54.1783,
	"/>
</Transform>

<Transform dim="0"
 xcoef=" 0 1 0 0 0 0"
 ycoef=" 0 0 1 0 0 0">
<Contour name="TB2_Shell_EM" hidden="false" closed="true" simplified="true" border="0.733333 1 1" fill="0 1 1" mode="9"
 points="51.935 44.4392,
	52.292 41.5837,
	52.4704 40.1559,
	52.4704 39.4421,
	52.9166 36.5865,
	53.1843 35.8726,
	53.452 34.4449,
	53.5413 33.731,
	54.0767 32.3032,
	54.4336 30.8755,
	55.0583 29.4477,
	56.7537 26.5922,
	57.2891 25.8783,
	57.4676 25.5213,
	58.0923 24.8074,
	58.5384 24.0936,
	61.1263 21.238,
	62.554 19.9887,
	63.2679 19.4533,
	63.6249 19.2749,
	66.4804 16.8655,
	67.9082 15.7947,
	70.7637 14.2777,
	71.4776 14.1884,
	71.8345 14.01,
	74.69 13.9207,
	77.5456 14.0992,
	78.9733 14.4561,
	80.4011 15.2593,
	81.8289 16.5086,
	82.8105 17.9363,
	83.9705 20.7919,
	84.0598 21.5057,
	85.0414 24.3613,
	85.1306 25.0752,
	85.3091 25.4321,
	85.4875 26.8599,
	85.5768 27.5737,
	85.3983 29.0015,
	84.4167 31.857,
	83.2566 34.7126,
	83.0782 36.1403,
	83.0782 38.9959,
	83.5244 44.7069,
	83.7028 47.5625,
	83.4351 50.418,
	83.2566 51.8458,
	82.632 54.7013,
	82.3643 55.4152,
	82.1858 55.7721,
	82.0966 56.486,
	80.9365 59.3416,
	79.4195 62.1971,
	78.9733 62.911,
	77.7241 64.3387,
	77.0102 64.9634,
	75.5824 65.8557,
	74.8685 66.2127,
	72.013 66.3912,
	70.5852 66.4804,
	69.1575 66.2127,
	66.3019 66.4804,
	64.8742 66.5696,
	63.4464 67.105,
	62.7325 67.3727,
	61.3047 67.462,
	59.877 67.1943,
	57.0214 65.8557,
	56.6645 65.6773,
	55.4152 64.2495,
	54.4336 62.8217,
	53.7197 61.394,
	53.2735 59.9662,
	52.8274 57.1107,
	52.292 51.3996,
	52.0243 48.5441,
	51.935 45.6885,
	51.935 44.9747,
	51.935 44.6177,
	51.935 44.5285,
	"/>
</Transform>

<Transform dim="0"
 xcoef=" 0 1 0 0 0 0"
 ycoef=" 0 0 1 0 0 0">
<Contour name="TB2_AP19_EM" hidden="false" closed="true" simplified="true" border="1 0 1" fill="1 0 1" mode="9"
 points="73.8149 62.7335,
	73.9522 62.5503,
	74.0209 62.3671,
	74.1354 62.184,
	74.2728 61.8176,
	74.2728 61.7261,
	74.3414 61.6345,
	74.5017 60.9018,
	74.5475 60.7187,
	74.5475 60.3523,
	74.5246 60.1692,
	74.5017 60.0776,
	74.3643 59.8944,
	74.2957 59.7113,
	74.1812 59.5281,
	74.2041 59.4365,
	74.5475 59.0702,
	74.662 58.887,
	74.8223 58.7268,
	75.0054 58.6581,
	75.097 58.6352,
	75.2802 58.4749,
	75.4633 58.1086,
	75.6236 57.9254,
	75.967 57.6736,
	76.3333 57.5133,
	76.5165 57.4446,
	76.6081 57.3759,
	76.9744 57.2615,
	77.066 57.2386,
	77.2263 57.0783,
	77.3179 57.0325,
	77.4094 56.9409,
	77.5926 56.8722,
	77.9589 56.6204,
	78.1421 56.4601,
	78.2337 56.3914,
	78.4168 56.3227,
	78.6 56.2083,
	78.6458 56.1625,
	78.829 56.1167,
	78.9205 56.048,
	78.9892 55.8648,
	79.2869 55.4985,
	79.8135 54.7659,
	79.9737 54.5827,
	80.4087 53.8729,
	80.5232 53.6898,
	80.6835 53.5066,
	81.0727 52.774,
	81.1643 52.4076,
	81.2559 51.675,
	81.4619 50.9423,
	81.5535 50.576,
	81.6451 50.3928,
	81.6909 50.2097,
	81.668 49.8433,
	81.874 48.378,
	81.874 48.0117,
	81.8054 47.2791,
	81.8283 46.9127,
	81.8511 46.7296,
	81.8511 46.638,
	81.8054 46.5922,
	81.7367 46.2259,
	81.6909 46.0427,
	81.7367 44.5774,
	81.7825 44.3942,
	81.7596 44.0279,
	81.6909 43.6616,
	81.668 43.4784,
	81.5077 43.1121,
	81.439 42.9289,
	81.4161 42.5626,
	81.2559 41.8299,
	81.233 41.6468,
	81.2559 41.5552,
	81.3246 41.4865,
	81.5077 41.6239,
	81.5993 41.601,
	81.6451 41.5552,
	81.7138 41.1889,
	81.5993 40.4562,
	81.5077 40.0899,
	81.4161 39.9067,
	81.3474 39.8151,
	81.4848 39.4488,
	81.5306 39.0825,
	81.5306 38.8993,
	81.5993 38.8077,
	81.6909 38.8535,
	81.7596 38.9451,
	81.8283 39.3114,
	81.8054 39.4946,
	81.8969 40.2273,
	81.8969 40.5936,
	82.0572 42.0589,
	82.1259 42.4252,
	82.1259 43.1579,
	82.1259 43.341,
	82.2404 43.7074,
	82.2862 43.7989,
	82.3091 44.5316,
	82.2404 44.8979,
	82.2404 45.0811,
	82.4006 45.4474,
	82.4235 45.539,
	82.4006 45.6306,
	82.2404 45.8137,
	82.1946 45.9053,
	82.2404 46.638,
	82.2633 46.7296,
	82.2404 46.8211,
	82.332 47.5538,
	82.5151 48.2865,
	82.4693 48.4696,
	82.332 48.6528,
	82.2175 49.0191,
	82.1946 49.3854,
	82.2404 50.1181,
	82.1946 50.4844,
	82.1488 50.4844,
	82.1259 50.6676,
	82.1946 51.4002,
	82.1488 52.1329,
	82.1259 52.316,
	82.0572 52.4992,
	81.7367 52.8655,
	81.6222 53.2319,
	81.5306 53.9645,
	81.4848 54.6972,
	81.4848 54.8803,
	81.4619 54.9719,
	81.4161 55.0177,
	81.2788 55.384,
	81.1414 55.5672,
	80.9582 55.9335,
	80.7293 56.6662,
	80.6835 57.0325,
	80.569 57.3988,
	80.2485 58.1315,
	80.1569 58.3146,
	80.1111 58.4978,
	79.9279 58.681,
	79.7448 58.8183,
	79.5158 59.1847,
	79.4013 59.3678,
	79.2411 59.551,
	79.035 59.9173,
	78.8747 60.2837,
	78.7832 60.4668,
	78.1192 61.1766,
	78.0505 61.2682,
	77.8673 61.3826,
	77.7529 61.5429,
	77.73 61.5887,
	77.6384 61.5429,
	77.5239 61.7261,
	77.3407 61.8405,
	77.2492 61.8634,
	76.8828 62.1153,
	76.6997 62.184,
	76.5165 62.2985,
	76.1502 62.3442,
	75.7839 62.2985,
	75.6007 62.3213,
	75.4175 62.39,
	74.6849 62.4816,
	74.5017 62.5503,
	74.4101 62.5503,
	74.227 62.619,
	74.0438 62.7564,
	73.9522 62.825,
	73.8606 62.8479,
	73.8149 62.825,
	73.8149 62.7564,
	"/>
</Transform>

<Transform dim="0"
 xcoef=" 0 1 0 0 0 0"
 ycoef=" 0 0 1 0 0 0">
<Contour name="TB3_Nuc06_EM" hidden="false" closed="true" simplified="true" border="0 1 0" fill="0 1 0" mode="9"
 points="87.7488 56.6057,
	87.8825 56.2493,
	87.9939 56.071,
	88.0384 55.9819,
	88.1275 55.8928,
	88.1721 55.8037,
	88.3503 55.6701,
	88.5285 55.5809,
	88.7067 55.425,
	88.9518 55.0909,
	89.1077 54.7344,
	89.1523 54.5562,
	89.3751 54.1998,
	89.531 53.8433,
	89.5978 53.1305,
	89.5978 52.7741,
	89.4642 52.0612,
	89.4196 51.7048,
	89.4419 51.3483,
	89.5087 50.9919,
	89.5087 50.9028,
	89.6201 50.5464,
	89.7315 50.3681,
	89.8206 50.279,
	89.8874 50.2345,
	90.0656 50.0785,
	90.177 49.9226,
	90.2439 49.7444,
	90.2439 49.5662,
	90.2661 49.5216,
	90.2439 49.1652,
	90.2439 49.0761,
	90.1993 49.0538,
	90.0434 49.1652,
	89.9097 49.3211,
	89.8206 49.4993,
	89.3973 50.9251,
	89.3082 51.2815,
	89.3082 51.6379,
	89.3082 51.8161,
	89.2637 51.9944,
	89.2637 52.3508,
	89.3973 53.0637,
	89.4419 53.2419,
	89.4419 53.4201,
	89.3305 53.7765,
	89.2191 53.9547,
	89.0855 54.3112,
	89.0632 54.4003,
	88.9963 54.4894,
	88.9295 54.6676,
	88.8181 54.8458,
	88.6845 55.2022,
	88.5731 55.3805,
	88.3949 55.5364,
	88.2167 55.5141,
	88.0607 55.3582,
	88.0162 55.3136,
	87.9716 55.1354,
	87.9716 54.779,
	88.1053 54.0661,
	88.1721 53.7097,
	88.3058 53.3533,
	88.5285 52.9968,
	88.5508 52.8186,
	88.4617 52.4622,
	88.4171 52.3731,
	88.4617 52.0166,
	88.4617 51.8384,
	88.5731 51.482,
	88.6176 51.3929,
	88.9072 49.9672,
	89.1746 49.2543,
	89.3082 48.8979,
	89.3973 48.5414,
	89.6647 47.8286,
	89.8206 47.4721,
	89.9097 47.2939,
	89.9765 47.2048,
	90.0434 47.0266,
	90.2884 46.6702,
	90.4889 46.3137,
	90.5557 46.1355,
	90.6003 46.0464,
	90.7785 45.935,
	90.9567 45.8905,
	91.0458 45.8459,
	91.224 45.9128,
	91.5136 46.2692,
	91.8032 46.9821,
	91.8255 47.3385,
	91.7587 48.0513,
	91.6027 48.7642,
	91.5805 48.9424,
	91.7141 49.6553,
	91.8923 50.3681,
	91.9369 51.081,
	91.9369 51.7939,
	91.9369 52.1503,
	92.0037 52.8632,
	92.026 53.2196,
	91.9592 53.9325,
	91.8255 54.6453,
	91.781 55.0017,
	91.7587 55.18,
	91.8032 55.5364,
	91.8032 56.2493,
	91.8032 56.4275,
	91.7141 56.7839,
	91.4914 57.1181,
	91.4245 57.2072,
	91.4245 57.3854,
	91.5136 57.5636,
	91.5582 57.6527,
	91.8701 57.9869,
	91.9146 58.1651,
	91.9146 58.3433,
	91.9592 58.5215,
	91.9592 58.6997,
	91.9146 58.7888,
	91.9146 58.8334,
	91.8701 58.8779,
	91.8478 58.967,
	91.5359 59.3235,
	91.4468 59.4126,
	91.4023 59.5017,
	91.3131 59.5908,
	91.2463 59.769,
	91.224 59.9472,
	91.1572 60.1254,
	91.0235 60.3037,
	91.0013 60.4819,
	90.8899 60.6601,
	90.7117 60.8383,
	90.6226 60.9051,
	90.578 60.9942,
	90.2439 61.2838,
	90.0656 61.3952,
	89.9765 61.4398,
	89.7983 61.4398,
	89.7092 61.4398,
	89.531 61.3729,
	89.3528 61.2616,
	89.0409 60.9274,
	88.9518 60.8383,
	88.9072 60.7492,
	88.7513 60.571,
	88.6399 60.3928,
	88.5731 60.0363,
	88.5731 59.9472,
	88.6399 59.8581,
	88.6176 59.769,
	88.5508 59.6799,
	88.5731 59.5017,
	88.5508 59.3235,
	88.5063 59.2344,
	88.3503 59.0784,
	88.2612 58.9893,
	88.1721 58.6329,
	88.1498 58.2765,
	87.9048 57.92,
	87.8379 57.8309,
	87.7711 57.6527,
	87.7488 57.2963,
	87.7711 56.9398,
	87.7711 56.7616,
	87.7488 56.6725,
	87.7488 56.628,
	"/>
</Transform>

<Transform dim="0"
 xcoef=" 0 1 0 0 0 0"
 ycoef=" 0 0 1 0 0 0">
<Contour name="TB3_Nuc09_EM" hidden="false" closed="true" simplified="true" border="0 1 1" fill="0 1 1" mode="9"
 points="111.046 56.3898,
	111.241 55.6963,
	111.241 55.653,
	111.284 55.6096,
	111.414 55.2629,
	111.436 55.1762,
	111.479 55.1329,
	111.544 54.9595,
	112.043 54.2877,
	112.216 54.1143,
	112.39 53.9843,
	112.476 53.9192,
	112.52 53.8759,
	112.563 53.8759,
	112.606 53.8326,
	112.78 53.7675,
	112.866 53.7242,
	112.953 53.7242,
	113.3 53.6158,
	113.386 53.6158,
	113.43 53.6375,
	113.777 53.6158,
	114.123 53.6809,
	114.167 53.7242,
	114.253 53.7459,
	114.6 53.9626,
	114.752 54.0709,
	114.795 54.136,
	114.968 54.3093,
	115.164 54.6561,
	115.25 55.0028,
	115.294 55.3496,
	115.272 55.6963,
	115.25 55.8697,
	115.185 56.0431,
	115.185 56.1298,
	115.142 56.2164,
	115.142 56.3898,
	115.077 56.7366,
	115.034 56.9099,
	115.012 56.9966,
	114.947 57.0833,
	114.947 57.1267,
	114.752 57.4734,
	114.643 57.6468,
	114.492 57.7985,
	114.318 57.9068,
	114.297 57.9935,
	114.275 58.0369,
	114.253 57.9502,
	114.275 57.9068,
	113.928 58.2319,
	113.755 58.4053,
	113.582 58.4703,
	113.495 58.5353,
	113.451 58.5353,
	113.408 58.5787,
	113.235 58.622,
	112.541 58.6654,
	112.368 58.6437,
	112.281 58.6437,
	111.934 58.5137,
	111.891 58.4703,
	111.848 58.4703,
	111.501 58.1669,
	111.306 57.8202,
	111.263 57.7768,
	111.154 57.4301,
	111.068 56.7366,
	111.046 56.4115,
	"/>
</Transform>

<Transform dim="0"
 xcoef=" 0 1 0 0 0 0"
 ycoef=" 0 0 1 0 0 0">
<Contour name="TB3_Nuc13_EM" hidden="false" closed="true" simplified="true" border="1 0 1" fill="0 1 0" mode="9"
 points="108.394 35.959,
	108.411 35.8878,
	108.518 35.7631,
	108.803 35.7097,
	108.946 35.7275,
	109.088 35.7987,
	109.142 35.87,
	109.142 35.9056,
	109.017 36.0481,
	108.892 36.1549,
	108.75 36.2084,
	108.607 36.2084,
	108.536 36.1905,
	108.429 36.0837,
	108.394 36.0124,
	108.394 35.9768,
	"/>
<Contour name="TB3_Nuc13_EM" hidden="false" closed="true" simplified="true" border="1 0 1" fill="0 1 0" mode="9"
 points="106.648 37.5798,
	106.684 37.5085,
	106.755 37.4551,
	106.897 37.4195,
	106.933 37.4195,
	106.969 37.3838,
	107.04 37.0989,
	107.076 37.0276,
	107.218 36.903,
	107.503 36.8317,
	107.788 36.8495,
	107.93 36.8851,
	108.215 37.0276,
	108.34 37.1701,
	108.394 37.3126,
	108.411 37.3838,
	108.429 37.4195,
	108.411 37.4551,
	108.429 37.74,
	108.322 37.8647,
	108.198 37.9538,
	108.055 38.0072,
	107.913 38.025,
	107.841 38.0784,
	107.806 38.1141,
	107.752 38.399,
	107.735 38.4703,
	107.663 38.5415,
	107.592 38.5771,
	107.45 38.5771,
	107.182 38.3812,
	106.897 38.1497,
	106.773 38.025,
	106.737 37.9894,
	106.648 37.7044,
	106.648 37.6332,
	106.648 37.5976,
	"/>
<Contour name="TB3_Nuc13_EM" hidden="false" closed="true" simplified="true" border="1 0 1" fill="0 1 0" mode="9"
 points="104.831 39.432,
	104.938 39.1471,
	105.081 38.8621,
	105.223 38.7196,
	105.366 38.6127,
	105.651 38.4525,
	105.936 38.3456,
	106.221 38.3278,
	106.256 38.3278,
	106.292 38.3634,
	106.328 38.3634,
	106.399 38.4168,
	106.541 38.4703,
	106.559 38.6127,
	106.613 38.7552,
	106.595 38.8977,
	106.648 39.1827,
	106.666 39.4676,
	106.541 39.7526,
	106.31 39.9841,
	106.238 40.0376,
	106.096 40.0732,
	106.025 40.091,
	105.989 40.091,
	105.864 40.2157,
	105.793 40.3582,
	105.758 40.4294,
	105.686 40.5006,
	105.544 40.5185,
	105.259 40.3225,
	104.921 39.7526,
	104.867 39.6814,
	104.831 39.5389,
	104.831 39.4676,
	104.831 39.4498,
	"/>
</Transform>

<Transform dim="0"
 xcoef=" 0 1 0 0 0 0"
 ycoef=" 0 0 1 0 0 0">
<Contour name="TB3_Nuc13_EM" hidden="false" closed="true" simplified="true" border="1 0 1" fill="0 1 0" mode="9"
 points="102.702 48.0459,
	102.817 47.4363,
	102.988 46.8266,
	102.988 46.7504,
	103.045 46.6742,
	103.141 46.3694,
	103.217 46.217,
	103.217 46.1408,
	103.274 46.0646,
	103.293 45.9884,
	103.293 45.9503,
	103.35 45.8741,
	103.369 45.7979,
	103.464 45.6455,
	103.522 45.4931,
	103.693 45.1883,
	103.769 45.0359,
	104.055 44.7311,
	104.207 44.5977,
	104.36 44.5215,
	104.474 44.3691,
	104.607 44.0643,
	104.703 43.9119,
	104.969 43.6071,
	105.274 43.3213,
	105.579 43.0927,
	105.655 43.0165,
	105.789 42.7117,
	105.865 42.5593,
	106.17 42.2926,
	106.227 42.1402,
	106.246 41.9878,
	106.474 41.683,
	106.665 41.3781,
	106.817 41.0733,
	107.008 40.7685,
	107.046 40.6923,
	107.579 40.0827,
	107.846 39.7969,
	108.151 39.5302,
	108.227 39.454,
	108.379 39.3588,
	108.684 39.0921,
	108.932 38.7872,
	108.989 38.6348,
	109.122 38.4824,
	109.427 38.311,
	109.58 38.2538,
	109.732 38.2729,
	109.808 38.2729,
	109.942 38.4253,
	109.884 39.0349,
	109.846 39.3397,
	109.846 39.4921,
	109.884 39.6445,
	109.865 39.9493,
	109.827 40.1017,
	109.751 40.2542,
	109.561 40.8638,
	109.465 41.1686,
	109.313 41.4734,
	109.218 41.7782,
	109.275 42.083,
	109.218 42.2354,
	109.103 42.3878,
	108.951 42.5021,
	108.856 42.6545,
	108.818 42.7307,
	108.799 43.0356,
	108.78 43.188,
	108.646 43.4928,
	108.303 44.1024,
	108.227 44.2548,
	108.208 44.4072,
	108.151 44.5596,
	108.037 44.712,
	107.751 45.3216,
	107.579 45.6265,
	107.37 45.9313,
	107.275 46.0837,
	107.065 46.6933,
	107.008 46.8457,
	106.57 47.4553,
	106.455 47.6077,
	106.436 47.6839,
	106.341 47.8363,
	106.303 47.8744,
	106.303 47.9125,
	106.265 47.9506,
	106.246 48.0268,
	106.017 48.3317,
	105.884 48.4841,
	105.389 49.7033,
	105.141 50.3129,
	105.008 50.6177,
	104.912 50.7701,
	104.626 51.0559,
	104.474 51.1512,
	104.322 51.2083,
	103.712 51.2464,
	103.56 51.2274,
	103.483 51.2083,
	103.331 51.094,
	103.16 50.7892,
	103.026 50.4844,
	102.969 50.332,
	102.95 50.1796,
	102.988 49.5699,
	103.026 49.2651,
	103.026 49.1127,
	103.045 49.0365,
	102.988 48.7317,
	102.931 48.5793,
	102.721 48.2745,
	102.702 48.1221,
	102.702 48.0649,
	"/>
</Transform>

<Transform dim="0"
 xcoef=" 0 1 0 0 0 0"
 ycoef=" 0 0 1 0 0 0">
<Contour name="TB3_Nuc18_EM" hidden="false" closed="true" simplified="true" border="1 0 0" fill="1 0 0" mode="9"
 points="113.296 44.7199,
	113.428 44.3678,
	113.737 44.0157,
	113.957 43.7076,
	114.177 43.0033,
	114.221 42.6512,
	114.485 42.3431,
	114.661 42.167,
	114.793 41.8149,
	115.057 41.4628,
	115.409 41.3307,
	115.717 41.1107,
	115.761 40.7585,
	115.761 40.5825,
	116.069 40.2303,
	116.422 39.9663,
	116.95 39.262,
	117.302 38.9979,
	117.61 38.6458,
	117.83 38.2937,
	118.446 37.6334,
	118.798 37.3253,
	119.15 37.1052,
	119.855 37.0172,
	120.163 37.3253,
	120.207 37.6774,
	120.251 37.8535,
	120.119 38.1616,
	120.207 38.8659,
	120.163 39.218,
	119.943 39.9222,
	119.767 40.2744,
	119.283 41.6829,
	118.71 42.3871,
	117.918 43.7956,
	117.698 44.1477,
	117.566 44.3238,
	117.434 44.6759,
	117.346 44.852,
	117.17 45.0281,
	117.126 45.2041,
	116.862 45.4682,
	116.245 46.1725,
	116.069 46.3485,
	115.365 46.6126,
	115.013 46.7007,
	114.309 47.0968,
	113.605 47.2288,
	113.472 47.0528,
	113.34 46.3485,
	113.384 45.9964,
	113.296 45.2921,
	113.296 44.94,
	113.296 44.764,
	"/>
</Transform>

<Transform dim="0"
 xcoef=" 0 1 0 0 0 0"
 ycoef=" 0 0 1 0 0 0">
<Contour name="TB3_Nuc32_EM" hidden="false" closed="true" simplified="true" border="0 1 1" fill="0 1 1" mode="9"
 points="109.583 42.7961,
	109.658 42.6469,
	109.807 42.4976,
	109.901 42.3484,
	109.919 42.1992,
	109.882 41.9007,
	109.863 41.7514,
	109.919 41.4529,
	110.031 41.1544,
	110.311 39.9605,
	110.386 39.662,
	110.852 38.468,
	111.02 37.871,
	111.225 37.2741,
	111.356 36.9756,
	111.561 36.3786,
	111.673 36.0801,
	111.71 35.9308,
	111.841 35.6324,
	112.009 35.3339,
	112.083 35.2592,
	112.289 34.9608,
	112.755 34.3638,
	112.848 34.2145,
	112.979 34.0653,
	113.035 33.9907,
	113.632 33.6549,
	113.93 33.5056,
	114.527 33.3377,
	115.124 33.2258,
	115.273 33.2071,
	115.423 33.2258,
	115.572 33.3191,
	115.609 33.3191,
	115.684 33.375,
	115.759 33.3937,
	115.889 33.5056,
	116.113 33.8041,
	116.113 33.8414,
	116.169 33.916,
	116.188 33.9907,
	116.188 34.028,
	116.486 34.2891,
	116.561 34.3265,
	116.635 34.4757,
	116.673 34.7742,
	116.654 34.8488,
	116.691 34.9981,
	116.71 35.0727,
	116.803 35.2219,
	116.859 35.5204,
	116.878 35.6697,
	116.841 35.8189,
	116.822 35.8935,
	116.822 35.9308,
	116.766 36.0055,
	116.561 36.6025,
	116.542 36.6771,
	116.486 36.7517,
	116.43 36.9009,
	116.393 36.9756,
	116.356 37.0129,
	116.3 37.1621,
	116.206 37.3114,
	116.094 37.6099,
	116.038 37.7591,
	116.02 38.0576,
	115.852 38.3561,
	115.591 38.6546,
	115.535 38.7292,
	115.516 38.8038,
	115.423 38.9531,
	115.292 39.2516,
	115.236 39.3262,
	115.236 39.3635,
	114.732 39.9605,
	114.621 40.1097,
	114.546 40.1843,
	114.247 40.3709,
	114.173 40.4082,
	113.874 40.6694,
	113.762 40.8186,
	113.725 40.9679,
	113.464 41.5649,
	113.371 41.7141,
	113.24 41.8634,
	113.165 41.938,
	112.96 42.2365,
	112.83 42.3857,
	112.848 42.4044,
	112.736 42.5536,
	112.662 42.6282,
	112.568 42.7775,
	112.289 43.076,
	111.692 43.5051,
	111.095 43.8782,
	110.796 43.9714,
	110.647 43.9901,
	110.348 43.8782,
	110.199 43.7662,
	109.901 43.4677,
	109.695 43.1693,
	109.639 43.0946,
	109.583 42.8148,
	"/>
</Transform>

<Transform dim="0"
 xcoef=" 0 1 0 0 0 0"
 ycoef=" 0 0 1 0 0 0">
<Contour name="TB3_Nuc37_EM" hidden="false" closed="true" simplified="true" border="1 0 0" fill="1 0 0" mode="9"
 points="116.665 49.285,
	116.754 49.0023,
	116.807 48.7196,
	116.842 48.5782,
	116.842 48.5075,
	116.789 48.3661,
	116.736 48.2955,
	116.718 48.1541,
	116.736 48.0127,
	116.807 47.8714,
	116.913 47.73,
	116.948 47.6593,
	116.966 47.624,
	116.913 47.3412,
	116.931 47.1998,
	117.019 47.0585,
	117.231 46.493,
	117.284 46.3516,
	117.319 46.2809,
	117.443 46.1396,
	117.443 46.1042,
	117.549 45.9629,
	117.602 45.8922,
	117.726 45.8038,
	118.008 45.8215,
	118.574 45.9452,
	118.645 45.9098,
	118.645 45.8392,
	118.609 45.7685,
	118.539 45.6978,
	118.397 45.6624,
	118.256 45.6801,
	118.114 45.6094,
	117.991 45.4681,
	117.902 45.1853,
	117.955 44.9026,
	118.008 44.7612,
	118.044 44.6905,
	118.079 44.6552,
	118.097 44.5845,
	118.15 44.5315,
	118.167 44.4608,
	118.539 43.8953,
	118.662 43.6126,
	118.751 43.3298,
	118.786 43.1885,
	118.821 43.1531,
	118.927 42.8704,
	119.086 42.5877,
	119.175 42.464,
	119.457 42.2342,
	119.599 42.1105,
	119.687 41.9692,
	119.67 41.8278,
	119.617 41.6864,
	119.617 41.5451,
	119.687 41.4037,
	119.723 41.2623,
	119.829 41.1386,
	119.97 41.0679,
	120.111 41.0503,
	120.394 40.9266,
	120.535 40.8029,
	120.571 40.7852,
	120.889 41.3507,
	120.942 41.4214,
	120.977 41.4567,
	120.977 41.492,
	121.048 41.5627,
	121.048 41.5981,
	121.119 41.6688,
	121.172 41.8101,
	121.225 41.8808,
	121.278 42.0222,
	121.366 42.1635,
	121.401 42.2342,
	121.401 42.517,
	121.348 43.0824,
	121.348 43.2238,
	121.278 43.5066,
	121.295 44.072,
	121.313 44.1427,
	121.331 44.1781,
	121.472 44.1604,
	121.543 44.2134,
	121.578 44.2841,
	121.578 44.4255,
	121.525 44.7082,
	121.331 45.2737,
	121.295 45.4151,
	121.313 45.6978,
	121.348 45.7685,
	121.348 45.8392,
	121.401 45.9805,
	121.384 46.1219,
	121.331 46.2633,
	121.225 46.4046,
	121.154 46.546,
	121.136 46.6874,
	121.154 46.8287,
	121.136 46.9701,
	121.066 47.1115,
	120.995 47.3942,
	120.942 47.5356,
	120.907 47.6063,
	120.765 47.7477,
	120.624 47.8183,
	120.553 47.836,
	120.429 47.942,
	120.376 47.995,
	120.376 48.1364,
	120.518 48.7019,
	120.429 48.9846,
	120.306 49.2674,
	120.288 49.3381,
	120.253 49.3734,
	120.253 49.4087,
	120.217 49.4441,
	120.217 49.4794,
	120.182 49.5148,
	120.182 49.5501,
	120.147 49.5855,
	120.147 49.6208,
	119.988 49.9035,
	119.917 50.0449,
	119.829 50.3277,
	119.599 50.8931,
	119.581 50.9638,
	119.528 51.0345,
	119.404 51.3172,
	119.051 51.8827,
	118.821 52.1655,
	118.309 52.7133,
	118.061 52.9783,
	117.867 53.2434,
	117.849 53.3141,
	117.69 53.5968,
	117.549 54.1623,
	117.425 54.445,
	117.372 54.5157,
	117.372 54.5511,
	117.266 54.6924,
	117.125 54.7808,
	117.054 54.7808,
	117.019 54.7808,
	116.966 54.7101,
	116.931 54.6748,
	116.895 54.5334,
	116.931 54.2507,
	117.143 53.6852,
	117.178 53.5438,
	117.249 53.4024,
	117.425 52.837,
	117.443 52.8016,
	117.39 52.5189,
	117.355 52.4482,
	117.319 52.1655,
	117.284 52.0241,
	117.284 51.9534,
	117.196 51.6707,
	117.107 51.1052,
	117.09 50.9638,
	117.037 50.8224,
	116.931 50.257,
	116.895 49.9742,
	116.824 49.6915,
	116.736 49.5501,
	116.683 49.4087,
	116.665 49.3381,
	116.665 49.3027,
	"/>
</Transform>

<Transform dim="0"
 xcoef=" 0 1 0 0 0 0"
 ycoef=" 0 0 1 0 0 0">
<Contour name="TB3_Nuc44_EM" hidden="false" closed="true" simplified="true" border="1 0 0" fill="1 0 0" mode="9"
 points="105.861 29.2512,
	105.97 29.0319,
	106.094 28.5932,
	106.121 28.3739,
	106.107 28.1546,
	106.066 27.9353,
	106.107 27.4967,
	106.094 27.2773,
	106.053 27.058,
	106.039 26.8387,
	106.094 26.4001,
	106.149 26.1808,
	106.258 25.9614,
	106.423 25.7558,
	106.519 25.6599,
	106.574 25.6325,
	106.669 25.5365,
	106.765 25.468,
	106.875 25.4269,
	106.985 25.4406,
	107.204 25.5365,
	107.423 25.6599,
	107.533 25.7421,
	107.588 25.7558,
	107.807 25.8929,
	108.013 26.0711,
	108.068 26.1259,
	108.273 26.2767,
	108.383 26.359,
	108.493 26.4686,
	108.602 26.5509,
	108.794 26.7702,
	109.013 26.9895,
	109.37 27.3459,
	109.452 27.4281,
	109.562 27.5378,
	109.74 27.7434,
	109.836 27.8393,
	109.891 27.8942,
	109.918 27.8942,
	110.028 27.9901,
	110.083 28.0175,
	110.288 28.2368,
	110.439 28.4562,
	110.494 28.5658,
	110.535 28.7851,
	110.603 29.0044,
	110.617 29.0593,
	110.823 29.2375,
	110.878 29.2923,
	110.932 29.402,
	110.96 29.4568,
	110.974 29.5664,
	110.946 29.7858,
	110.741 30.663,
	110.713 30.8823,
	110.658 31.1016,
	110.617 31.2113,
	110.535 31.321,
	110.535 31.3484,
	110.439 31.458,
	110.37 31.5677,
	110.151 31.7733,
	110.041 31.883,
	109.822 31.9789,
	109.603 32.0337,
	109.548 32.0474,
	109.521 32.0474,
	109.493 32.0749,
	109.055 32.2119,
	109 32.2256,
	108.89 32.3216,
	108.726 32.5272,
	108.52 32.7328,
	108.493 32.7602,
	108.273 32.815,
	108.164 32.8425,
	108.109 32.8288,
	108.054 32.7739,
	107.985 32.6643,
	107.766 32.5546,
	107.656 32.4724,
	107.629 32.4175,
	107.629 32.3901,
	107.574 32.3627,
	107.533 32.3079,
	107.519 32.1982,
	107.547 31.9789,
	107.519 31.9241,
	107.464 31.8693,
	107.355 31.8281,
	107.245 31.8693,
	106.807 31.9652,
	106.587 32.02,
	106.478 32.02,
	106.368 31.9652,
	106.286 31.8555,
	106.245 31.8007,
	106.149 31.5814,
	106.135 31.3621,
	106.149 31.1428,
	106.176 31.0331,
	106.231 30.9783,
	106.258 30.9235,
	106.272 30.4848,
	106.217 30.2655,
	106.066 29.8269,
	105.984 29.6076,
	105.943 29.5527,
	105.861 29.3334,
	105.861 29.2786,
	105.861 29.2649,
	"/>
</Transform>

<Transform dim="0"
 xcoef=" 0 1 0 0 0 0"
 ycoef=" 0 0 1 0 0 0">
<Contour name="TB3_Nuc54_EM" hidden="false" closed="true" simplified="true" border="0 1 0" fill="0 1 0" mode="9"
 points="101.612 24.3879,
	101.785 24.1898,
	101.86 24.0908,
	101.835 23.6946,
	102.008 23.5213,
	102.082 23.447,
	102.082 23.2489,
	102.058 23.1499,
	102.082 23.0509,
	102.157 22.9518,
	102.355 22.8776,
	102.454 22.9023,
	102.479 23.2985,
	102.503 23.3975,
	102.677 23.5708,
	102.8 23.7441,
	102.998 23.6451,
	103.098 23.5956,
	103.172 23.4965,
	103.197 23.1004,
	103.296 22.9023,
	103.395 22.828,
	103.593 22.9023,
	103.692 23.0013,
	103.766 23.1994,
	103.791 23.3975,
	103.865 23.5956,
	103.915 23.6946,
	103.964 23.7441,
	104.063 23.7689,
	104.187 23.8927,
	104.212 24.0908,
	104.113 24.4869,
	104.063 24.685,
	104.014 24.784,
	104.063 24.8335,
	103.89 25.2297,
	103.766 25.4278,
	103.617 25.8239,
	103.593 26.022,
	103.642 26.121,
	103.741 26.1705,
	103.939 26.1953,
	104.038 26.2448,
	104.137 26.3438,
	104.187 26.4429,
	104.162 26.641,
	104.063 26.74,
	103.667 26.7648,
	103.271 26.74,
	102.875 26.8143,
	102.677 26.839,
	102.28 26.74,
	102.181 26.8143,
	101.983 26.8638,
	101.884 26.8885,
	101.785 26.8638,
	101.686 26.6657,
	101.711 26.2696,
	101.81 25.8734,
	101.86 25.7744,
	101.86 25.5763,
	101.637 24.784,
	101.612 24.4126,
	"/>
</Transform>

<Transform dim="0"
 xcoef=" 0 1 0 0 0 0"
 ycoef=" 0 0 1 0 0 0">
<Contour name="TB3_Nuc60_EM" hidden="false" closed="true" simplified="true" border="0 1 0" fill="0 1 0" mode="9"
 points="106.921 20.6523,
	107.016 20.1431,
	107.175 19.634,
	107.398 19.1248,
	107.685 18.6157,
	107.748 18.552,
	107.748 18.4884,
	107.876 18.3611,
	108.035 18.1065,
	108.289 17.852,
	108.417 17.7247,
	108.48 17.661,
	108.735 17.5656,
	108.862 17.5019,
	109.117 17.5019,
	109.18 17.4701,
	110.199 17.6929,
	110.708 17.8838,
	111.217 18.1702,
	111.471 18.2975,
	112.458 19.093,
	112.649 19.3476,
	112.808 19.8567,
	112.872 20.1113,
	112.872 20.3659,
	112.903 20.4932,
	113.031 20.6205,
	113.158 20.875,
	113.317 21.8933,
	113.317 22.4025,
	113.094 23.4208,
	112.935 23.9299,
	112.872 24.1845,
	112.808 24.3118,
	112.808 24.3754,
	112.426 24.8846,
	111.949 25.3937,
	111.726 25.6165,
	110.708 25.7756,
	110.453 25.6483,
	110.389 25.5846,
	110.262 25.5846,
	109.785 25.2346,
	109.339 24.8209,
	108.862 24.3436,
	108.353 23.9299,
	108.162 23.7072,
	107.907 23.4526,
	107.366 22.4343,
	107.08 21.416,
	106.953 20.9069,
	106.921 20.6841,
	"/>
</Transform>

<Transform dim="0"
 xcoef=" 0 1 0 0 0 0"
 ycoef=" 0 0 1 0 0 0">
<Contour name="TB3_AP04_EM" hidden="false" closed="true" simplified="true" border="1 0 0" fill="1 0 1" mode="9"
 points="116.54 28.5044,
	116.638 28.1916,
	116.853 27.8788,
	117.126 27.566,
	117.361 27.2728,
	117.498 26.96,
	117.537 26.9209,
	117.556 26.8427,
	117.791 26.5299,
	117.85 26.4712,
	117.889 26.3734,
	117.967 26.5299,
	118.104 26.5885,
	118.182 26.6276,
	118.319 26.784,
	118.338 26.9404,
	118.299 27.0186,
	118.299 27.0577,
	118.26 27.0968,
	118.143 27.4096,
	117.967 27.7224,
	117.889 27.8788,
	117.889 27.9179,
	117.83 27.9961,
	117.811 28.0743,
	117.517 28.3871,
	117.38 28.5435,
	117.341 28.6217,
	117.185 28.7781,
	117.107 28.8172,
	117.048 28.8954,
	116.892 28.9541,
	116.813 28.9541,
	116.657 28.8172,
	116.559 28.6804,
	116.54 28.524,
	"/>
</Transform>

<Transform dim="0"
 xcoef=" 0 1 0 0 0 0"
 ycoef=" 0 0 1 0 0 0">
<Contour name="TB3_AP04_EM" hidden="false" closed="true" simplified="true" border="1 0 0" fill="1 0 1" mode="9"
 points="99.8437 50.0098,
	100.02 49.3842,
	100.078 49.0714,
	100.117 47.8202,
	100.157 47.1946,
	100.196 46.8818,
	100.372 46.2562,
	100.508 45.9434,
	100.606 45.6306,
	100.88 45.0049,
	101.017 44.6921,
	101.212 44.0665,
	101.271 43.7537,
	101.799 42.5025,
	101.897 42.1897,
	101.955 41.8769,
	102.405 40.6257,
	102.6 40.3129,
	102.874 40.0001,
	103.5 39.394,
	103.578 39.3353,
	103.597 39.1789,
	103.754 38.8661,
	104.028 38.5533,
	104.184 38.4165,
	104.497 38.2405,
	104.81 38.0255,
	105.122 37.7713,
	105.435 37.6345,
	105.592 37.5172,
	105.67 37.4781,
	105.826 37.3412,
	106.139 37.1653,
	106.295 37.087,
	106.374 37.0479,
	106.999 36.5005,
	107.625 36.0118,
	107.781 35.8749,
	108.407 35.4644,
	108.563 35.3666,
	109.189 35.0929,
	109.345 35.0538,
	109.658 35.0929,
	109.814 35.1125,
	109.971 35.2298,
	110.088 35.3862,
	110.186 35.699,
	110.205 35.8554,
	110.108 36.1682,
	110.088 36.2464,
	110.049 36.2855,
	110.049 36.3246,
	110.01 36.3637,
	109.99 36.4419,
	109.951 36.481,
	109.932 36.5592,
	109.893 36.5983,
	109.873 36.6765,
	109.404 37.3021,
	108.993 37.9277,
	108.505 38.5533,
	107.938 39.1594,
	107.625 39.4331,
	107.468 39.5895,
	107.371 39.7459,
	107.214 39.9023,
	106.765 40.5279,
	106.53 40.8407,
	106.413 40.9971,
	106.119 41.3099,
	105.611 41.9355,
	105.24 42.5612,
	105.044 42.874,
	104.125 44.1252,
	103.245 45.3764,
	102.854 46.002,
	102.503 46.6276,
	102.385 46.784,
	102.327 46.8622,
	102.268 47.0186,
	102.209 47.0968,
	102.112 47.4096,
	101.975 47.7225,
	101.916 47.8789,
	101.818 48.0353,
	101.721 48.3481,
	101.623 48.5045,
	101.388 49.1301,
	101.33 49.2865,
	101.154 49.5993,
	100.88 50.2249,
	100.782 50.5377,
	100.684 50.6941,
	100.626 50.8505,
	100.391 51.1633,
	100.313 51.222,
	100.235 51.2415,
	100.196 51.2611,
	100.059 51.1047,
	99.9219 50.7919,
	99.8633 50.4791,
	99.8437 50.1662,
	99.8437 50.0294,
	"/>
</Transform>

<Transform dim="0"
 xcoef=" 0 1 0 0 0 0"
 ycoef=" 0 0 1 0 0 0">
<Contour name="TB1_NF14_RSL" hidden="false" closed="true" simplified="true" border="0.501961 0 1" fill="0.501961 0 1" mode="-9"
 points="27.9417 41.729,
	27.9591 41.6591,
	28.0203 41.5892,
	28.0552 41.5543,
	28.0727 41.5543,
	28.2125 41.4669,
	28.2824 41.4407,
	28.4222 41.4232,
	28.4921 41.4319,
	28.562 41.4582,
	28.597 41.4669,
	28.6144 41.4844,
	28.6494 41.4931,
	28.6756 41.5193,
	28.6931 41.5193,
	28.9464 41.7552,
	28.9727 41.7902,
	28.9901 41.7989,
	28.9989 41.8688,
	28.9989 41.9038,
	28.9552 42.0435,
	28.929 42.1134,
	28.929 42.1309,
	28.8591 42.1921,
	28.7892 42.2096,
	28.7542 42.2096,
	28.6144 42.2707,
	28.4746 42.3057,
	28.3348 42.3231,
	28.2649 42.3057,
	28.23 42.2969,
	28.195 42.2707,
	28.1601 42.262,
	28.0989 42.2096,
	28.064 42.1833,
	28.0203 42.1222,
	28.0028 42.1047,
	27.9504 41.8251,
	27.9417 41.7552,
	27.9417 41.7377,
	"/>
</Transform>

<Transform dim="0"
 xcoef=" 0 1 0 0 0 0"
 ycoef=" 0 0 1 0 0 0">
<Contour name="TB1_NF21_RSL" hidden="false" closed="true" simplified="true" border="1 0.501961 0.501961" fill="1 0.501961 0.501961" mode="-9"
 points="35.7053 43.4468,
	35.7255 43.393,
	35.7659 43.3391,
	35.7928 43.3324,
	35.8399 43.3795,
	35.8938 43.4872,
	35.9274 43.5949,
	35.9342 43.7026,
	35.9274 43.7565,
	35.914 43.7834,
	35.8601 43.7901,
	35.8063 43.7834,
	35.7793 43.7632,
	35.7524 43.7094,
	35.7457 43.6824,
	35.7389 43.669,
	35.7457 43.642,
	35.7053 43.5343,
	35.7053 43.4805,
	35.7053 43.4535,
	"/>
</Transform>

<Transform dim="0"
 xcoef=" 0 1 0 0 0 0"
 ycoef=" 0 0 1 0 0 0">
<Contour name="TB1_NF22_RSL" hidden="false" closed="true" simplified="true" border="0.501961 0.501961 0" fill="0.501961 0.501961 0" mode="-9"
 points="45.6213 53.7998,
	45.6988 53.5931,
	45.7635 53.5027,
	45.8151 53.5027,
	45.8539 53.5543,
	45.8539 53.6577,
	45.8539 53.7094,
	45.8668 53.7223,
	45.8927 53.6706,
	45.9185 53.6836,
	45.8797 53.7352,
	45.8539 53.942,
	45.7118 54.3554,
	45.6859 54.4071,
	45.673 54.42,
	45.6342 54.3166,
	45.6213 53.9032,
	45.6213 53.8128,
	"/>
<Contour name="TB1_NF22_RSL" hidden="false" closed="true" simplified="true" border="0.501961 0.501961 0" fill="0.501961 0.501961 0" mode="-9"
 points="44.0967 57.017,
	44.1355 56.8102,
	44.2518 56.6035,
	44.4068 56.3968,
	44.4973 56.2934,
	44.9107 55.9704,
	45.0141 55.8929,
	45.0658 55.8412,
	45.1562 55.6345,
	45.2983 55.4278,
	45.35 55.3761,
	45.4017 55.389,
	45.4275 55.4795,
	45.4663 55.2727,
	45.4663 55.2211,
	45.505 55.1306,
	45.518 55.1823,
	45.4275 55.5957,
	45.4146 55.6345,
	45.4017 55.6216,
	45.3112 55.8283,
	45.2596 56.035,
	45.1691 56.2418,
	45.0399 56.4356,
	45.0141 56.4872,
	44.9882 56.5131,
	44.9624 56.6164,
	44.872 56.8232,
	44.8074 56.9265,
	44.7298 57.1333,
	44.6911 57.2366,
	44.5619 57.4433,
	44.4843 57.5338,
	44.381 57.5467,
	44.2776 57.5209,
	44.2259 57.5079,
	44.1613 57.4046,
	44.0967 57.1979,
	44.0967 57.0945,
	44.0967 57.0428,
	44.0967 57.0299,
	"/>
</Transform>

<Transform dim="0"
 xcoef=" 0 1 0 0 0 0"
 ycoef=" 0 0 1 0 0 0">
<Contour name="TB1_NF22_RSL" hidden="false" closed="true" simplified="true" border="0.501961 0.501961 0" fill="0.501961 0.501961 0" mode="-9"
 points="36.7452 59.614,
	36.7605 59.5836,
	36.7909 59.5608,
	36.8517 59.5608,
	37.0952 59.6444,
	37.2169 59.6901,
	37.2778 59.7205,
	37.3082 59.7281,
	37.3386 59.751,
	37.3539 59.751,
	37.4147 59.7966,
	37.4299 59.7966,
	37.5517 59.8803,
	37.6506 59.9716,
	37.7038 60.0324,
	37.7114 60.0933,
	37.7114 60.1237,
	37.6962 60.1542,
	37.6658 60.177,
	37.6353 60.177,
	37.5745 60.1389,
	37.544 60.1313,
	37.5136 60.1085,
	37.4984 60.1009,
	37.4908 60.1237,
	37.4299 60.1313,
	37.3082 60.1085,
	37.1865 60.0705,
	37.1256 60.0477,
	36.8974 59.8879,
	36.8441 59.827,
	36.7757 59.7053,
	36.7452 59.6444,
	36.7452 59.6216,
	"/>
</Transform>

<Transform dim="0"
 xcoef=" 0 1 0 0 0 0"
 ycoef=" 0 0 1 0 0 0">
<Contour name="TB1_NF22_RSL" hidden="false" closed="true" simplified="true" border="0.502 0.502 0" fill="0.502 0.502 0" mode="-9"
 points="38.7354 63.8658,
	38.754 63.8285,
	38.8379 63.2317,
	38.9219 63.0825,
	39.0711 62.9613,
	39.0897 62.9613,
	39.127 62.9333,
	39.1457 62.9333,
	39.183 62.9053,
	39.3322 62.8494,
	39.4068 62.8307,
	39.4813 62.8307,
	39.5559 62.8587,
	39.6305 62.9053,
	39.7051 62.9799,
	39.7424 63.0172,
	39.8264 63.1664,
	39.9383 63.3063,
	40.0875 63.3809,
	40.2367 63.5114,
	40.3113 63.5581,
	40.3486 63.5767,
	40.4138 63.6513,
	40.4418 63.7259,
	40.4605 63.8751,
	40.4605 63.9124,
	40.4791 63.9497,
	40.4791 63.9684,
	40.6283 64.0989,
	40.6656 64.1362,
	40.6936 64.2108,
	40.7216 64.5092,
	40.6936 65.106,
	40.6749 65.1433,
	40.4045 65.423,
	40.2553 65.5349,
	40.19 65.5909,
	40.1154 65.6655,
	40.0408 65.6935,
	40.0035 65.7121,
	39.8543 65.6841,
	39.7797 65.6655,
	39.7424 65.6282,
	39.7145 65.5536,
	39.6678 65.479,
	39.6026 65.4137,
	39.528 65.3671,
	39.3881 65.2365,
	39.3228 65.1619,
	39.3042 65.1246,
	39.0617 64.8356,
	38.9498 64.6864,
	38.9312 64.6118,
	38.9405 64.5372,
	38.9498 64.4999,
	38.7447 63.9031,
	38.7354 63.8751,
	"/>
</Transform>

<Transform dim="0"
 xcoef=" 0 1 0 0 0 0"
 ycoef=" 0 0 1 0 0 0">
<Contour name="TB0_Shell_EM" hidden="false" closed="true" simplified="true" border="0 1 0" fill="0 1 0" mode="9"
 points="10.3013 41.5778,
	11.6298 36.5767,
	11.8642 35.9516,
	13.5052 33.451,
	14.5211 32.2007,
	15.0681 31.5756,
	15.3025 31.3412,
	15.5369 31.263,
	16.7872 31.9663,
	17.4123 32.357,
	17.9593 32.9821,
	18.5063 33.451,
	18.897 34.0761,
	20.0692 35.092,
	21.3195 35.9516,
	22.3353 37.2019,
	22.9605 38.4521,
	23.3512 39.0773,
	23.8982 40.3276,
	23.4293 40.8746,
	22.8042 41.4997,
	22.3353 42.1248,
	22.1009 42.3593,
	21.632 43.6096,
	21.3195 44.8598,
	21.3976 47.3604,
	21.5539 48.6107,
	21.8665 49.861,
	22.3353 51.1113,
	23.9763 53.6118,
	24.7577 54.8621,
	25.3829 56.1124,
	25.7736 56.7375,
	25.9299 56.8938,
	26.008 58.1441,
	26.3206 59.3944,
	26.9457 64.3955,
	27.5709 65.6458,
	28.5867 68.1464,
	28.743 68.4589,
	28.743 69.7092,
	28.6649 70.3344,
	28.4305 70.9595,
	27.7272 72.2098,
	27.4146 72.8349,
	27.2583 73.1475,
	26.6332 73.6945,
	26.3206 74.0071,
	25.6955 74.1634,
	25.3829 74.2415,
	24.7577 74.1634,
	23.5075 73.6164,
	22.2572 72.9131,
	21.0069 71.9754,
	19.7566 70.8814,
	18.6626 69.6311,
	18.0375 69.0059,
	16.4746 66.5054,
	15.0681 64.0048,
	14.6773 63.3797,
	12.2549 58.3785,
	12.0205 57.7534,
	11.8642 57.4408,
	11.9423 56.1905,
	12.3331 53.69,
	12.5675 51.1894,
	12.7238 49.9391,
	12.8019 49.314,
	12.4112 46.8134,
	11.3953 44.3128,
	10.8483 43.0626,
	10.5358 42.4374,
	10.3795 41.8123,
	10.3013 41.656,
	"/>
</Transform>

<Transform dim="0"
 xcoef=" 0 1 0 0 0 0"
 ycoef=" 0 0 1 0 0 0">
<Contour name="TB1_Shell_EM" hidden="false" closed="true" simplified="true" border="0 1 1" fill="0 1 1" mode="15"
 points="16.6444 30.8664,
	17.1133 29.6161,
	17.8165 28.3658,
	19.5357 25.8652,
	19.9264 25.2401,
	20.4734 24.615,
	21.7237 23.8335,
	24.2242 22.5832,
	25.4745 21.9581,
	25.7871 21.6455,
	27.0374 21.0204,
	28.2877 20.5515,
	30.7882 20.1608,
	33.2888 20.1608,
	34.5391 20.3171,
	35.7894 20.7078,
	38.2899 21.88,
	38.9151 22.1925,
	40.1653 23.2865,
	40.7905 23.8335,
	41.5719 25.0838,
	41.8063 25.7089,
	42.6659 26.9592,
	42.9785 27.2718,
	44.3069 29.7724,
	44.6976 30.3975,
	45.0883 31.6478,
	45.2446 32.2729,
	45.4791 32.5855,
	45.8698 33.8358,
	46.0261 34.4609,
	46.1042 34.7735,
	47.1982 36.0238,
	47.667 36.6489,
	47.9796 37.2741,
	48.1359 37.4304,
	48.9955 39.9309,
	49.4643 41.1812,
	49.7769 42.4315,
	50.2458 43.6818,
	50.5583 44.9321,
	50.7146 46.1823,
	50.7146 46.8075,
	50.3239 49.308,
	50.0895 51.8086,
	50.0113 53.0589,
	49.9332 53.684,
	49.0736 56.1846,
	47.8233 58.6852,
	47.5108 59.3103,
	45.5572 61.8109,
	43.0566 64.077,
	42.4315 64.7022,
	41.1812 65.5617,
	38.6806 66.7339,
	37.4304 66.9683,
	34.9298 66.5776,
	34.3046 66.4213,
	33.0544 65.7962,
	31.8041 65.0147,
	30.5538 64.077,
	29.3035 62.983,
	28.6784 62.436,
	28.3658 61.8109,
	28.3658 61.6546,
	27.8969 61.0294,
	27.7407 60.8732,
	27.1155 58.3726,
	26.8029 57.7475,
	24.7712 55.2469,
	24.3805 54.6217,
	23.3647 52.1212,
	22.8177 50.8709,
	22.0362 48.3703,
	21.7237 47.12,
	21.4892 46.4949,
	21.4111 45.8698,
	21.9581 43.3692,
	22.2707 42.7441,
	22.7395 42.1189,
	23.3647 41.4938,
	23.5991 40.2435,
	23.6772 39.9309,
	23.4428 39.3058,
	23.3647 38.6806,
	22.6614 37.4304,
	21.5674 36.1801,
	20.6297 34.9298,
	19.3794 33.8358,
	18.1291 33.0544,
	16.8788 31.8041,
	16.7225 31.6478,
	16.6444 31.0227,
	16.6444 30.9445,
	"/>
</Transform>

<Transform dim="0"
 xcoef=" 0 1 0 0 0 0"
 ycoef=" 0 0 1 0 0 0">
<Contour name="TB1_NF55_RSL" hidden="false" closed="true" simplified="true" border="0.501961 0 0" fill="0.501961 0 0" mode="-9"
 points="34.4769 28.2215,
	34.4865 28.2022,
	34.4865 28.1925,
	34.5494 28.12,
	34.588 28.0862,
	34.6267 28.0765,
	34.6461 28.0765,
	34.7234 28.12,
	34.7621 28.1442,
	34.8346 28.2167,
	34.8491 28.2554,
	34.8539 28.3327,
	34.8394 28.4101,
	34.8442 28.4487,
	34.8442 28.4681,
	34.8297 28.5067,
	34.8007 28.5454,
	34.7862 28.5647,
	34.7766 28.5744,
	34.7669 28.5744,
	34.7476 28.5889,
	34.7282 28.5937,
	34.6896 28.5696,
	34.6267 28.4971,
	34.6025 28.4681,
	34.588 28.4487,
	34.5735 28.4391,
	34.5397 28.4052,
	34.5252 28.3907,
	34.5252 28.381,
	34.5059 28.3617,
	34.4962 28.3424,
	34.4865 28.3327,
	34.4769 28.294,
	34.4769 28.2554,
	34.4769 28.236,
	34.4769 28.2264,
	"/>
</Transform>

<Transform dim="0"
 xcoef=" 0 1 0 0 0 0"
 ycoef=" 0 0 1 0 0 0">
<Contour name="TB1_NF55_RSL" hidden="false" closed="true" simplified="true" border="0.501961 0 0" fill="0.501961 0 0" mode="-9"
 points="34.5735 27.4336,
	34.5832 27.4142,
	34.5929 27.4046,
	34.5929 27.3949,
	34.7137 27.2692,
	34.7911 27.2354,
	34.8684 27.2257,
	34.9071 27.2257,
	34.9458 27.2402,
	34.9844 27.245,
	35.0183 27.2692,
	35.0618 27.3465,
	35.0811 27.3852,
	35.0908 27.4239,
	35.086 27.5012,
	35.0908 27.5786,
	35.0908 27.6173,
	35.0666 27.6946,
	35.0521 27.7139,
	35.0473 27.7236,
	35.0521 27.7284,
	34.9989 27.8058,
	34.9844 27.8251,
	34.9506 27.7961,
	34.8733 27.7816,
	34.7186 27.7719,
	34.6992 27.7671,
	34.6799 27.7526,
	34.6557 27.6753,
	34.588 27.5206,
	34.5735 27.4432,
	34.5735 27.4384,
	"/>
</Transform>

<Transform dim="0"
 xcoef=" 0 1 0 0 0 0"
 ycoef=" 0 0 1 0 0 0">
<Contour name="TB1_NF55_RSL" hidden="false" closed="true" simplified="true" border="0.502 0 0" fill="0.502 0 0" mode="-9"
 points="41.9136 31.5092,
	41.9443 31.3459,
	41.9749 31.2642,
	41.9953 31.1008,
	42.0055 31.0192,
	42.0362 30.9375,
	42.1281 30.7741,
	42.1383 30.7537,
	42.2199 30.7537,
	42.3016 30.7843,
	42.3425 30.8047,
	42.4037 30.8864,
	42.4446 30.9681,
	42.4854 31.1315,
	42.4956 31.1723,
	42.4956 31.1927,
	42.5365 31.2234,
	42.5467 32.5303,
	42.5467 32.6937,
	42.5467 32.7753,
	42.6079 32.9387,
	42.6794 33.2654,
	42.6998 33.3471,
	42.6998 33.5105,
	42.6386 33.8372,
	42.6284 33.8781,
	42.5569 33.9597,
	42.5467 33.9802,
	42.5058 33.9802,
	42.4242 33.9495,
	42.3833 33.9393,
	42.3016 33.8678,
	42.2404 33.7045,
	42.0668 33.388,
	42.0668 33.3675,
	42.0464 33.3471,
	42.0157 33.1838,
	42.0259 33.0204,
	42.077 32.6937,
	42.0872 32.3669,
	42.0055 32.0402,
	42.0055 31.9585,
	41.9851 31.8768,
	41.9851 31.836,
	41.9341 31.6726,
	41.9136 31.5195,
	"/>
</Transform>

<Transform dim="0"
 xcoef=" 0 1 0 0 0 0"
 ycoef=" 0 0 1 0 0 0">
<Contour name="TB1_AP13_RSL_LYS" hidden="false" closed="true" simplified="true" border="0 0 0" fill="1 1 0" mode="-9"
 points="41.0882 49.6379,
	41.1497 49.5395,
	41.1866 49.4903,
	41.285 49.478,
	41.3834 49.4903,
	41.408 49.4903,
	41.4326 49.5149,
	41.4818 49.5272,
	41.5064 49.5272,
	41.5433 49.5641,
	41.5556 49.6133,
	41.5925 49.6502,
	41.408 49.8348,
	41.3588 49.884,
	41.3219 49.8471,
	41.2235 49.8471,
	41.1251 49.7856,
	41.1005 49.7856,
	41.0882 49.6871,
	41.0882 49.6502,
	"/>
<Contour name="TB1_AP13_RSL_LYS" hidden="false" closed="true" simplified="true" border="0 0 0" fill="1 1 0" mode="-9"
 points="41.9862 49.8102,
	42.0354 49.7117,
	42.0846 49.6748,
	42.183 49.6625,
	42.2322 49.6379,
	42.3306 49.6379,
	42.3798 49.6502,
	42.4783 49.7363,
	42.5398 49.8348,
	42.5644 49.884,
	42.5275 49.9824,
	42.5152 50.0808,
	42.5029 50.13,
	42.4168 50.2284,
	42.2199 50.2653,
	42.1707 50.2653,
	42.1215 50.2407,
	42.0477 50.1423,
	42.0231 50.1177,
	41.9862 50.0193,
	41.9862 49.8225,
	"/>
<Contour name="TB1_AP13_RSL_LYS" hidden="false" closed="true" simplified="true" border="0 0 0" fill="1 1 0" mode="-9"
 points="41.8509 53.0824,
	42.0354 52.8856,
	42.06 52.8733,
	42.1092 52.8979,
	42.1338 52.9471,
	42.2199 53.0455,
	42.1953 53.2424,
	42.1584 53.2916,
	42.06 53.3039,
	42.0108 53.3039,
	41.9124 53.2424,
	41.8509 53.144,
	41.8509 53.0948,
	"/>
<Contour name="TB1_AP13_RSL_LYS" hidden="false" closed="true" simplified="true" border="0 0 0" fill="1 1 0" mode="-9"
 points="41.0635 52.8487,
	41.0759 52.6519,
	41.1251 52.5535,
	41.162 52.5043,
	41.3465 52.3935,
	41.4449 52.3566,
	41.4818 52.3197,
	41.531 52.3074,
	41.6294 52.3443,
	41.7155 52.4305,
	41.7648 52.4674,
	41.7894 52.492,
	41.7894 52.5166,
	41.8263 52.5535,
	41.8386 52.6519,
	41.8509 52.7011,
	41.5802 53.0948,
	41.5433 53.144,
	41.5187 53.1686,
	41.3219 53.144,
	41.2235 53.1563,
	41.1743 53.1563,
	41.1251 53.1317,
	41.0635 53.0332,
	41.0635 52.9348,
	41.0635 52.8856,
	41.0635 52.861,
	"/>
<Contour name="TB1_AP13_RSL_LYS" hidden="false" closed="true" simplified="true" border="0 0 0" fill="1 1 0" mode="-9"
 points="40.8298 53.6237,
	40.8667 53.5253,
	40.9405 53.4269,
	41.0389 53.3408,
	41.1374 53.2793,
	41.2358 53.3039,
	41.285 53.3039,
	41.4818 53.39,
	41.531 53.4884,
	41.5925 53.6852,
	41.3957 53.8329,
	41.2973 53.8944,
	41.1989 53.8944,
	41.1497 53.8944,
	40.9528 53.8083,
	40.9036 53.7837,
	40.8544 53.7344,
	40.8298 53.6852,
	40.8298 53.636,
	"/>
<Contour name="TB1_AP13_RSL_LYS" hidden="false" closed="true" simplified="true" border="0 0 0" fill="1 1 0" mode="-9"
 points="44.3727 53.8452,
	44.422 53.7467,
	44.4589 53.6975,
	44.6557 53.636,
	44.8525 53.6114,
	44.9017 53.6237,
	44.9263 53.6237,
	44.9755 53.6606,
	45.0001 53.6729,
	44.8402 54.0666,
	44.791 54.165,
	44.7049 54.2388,
	44.6065 54.2757,
	44.5081 54.2511,
	44.4589 54.2265,
	44.4096 54.1773,
	44.3973 54.1281,
	44.3727 54.1035,
	44.3727 53.9067,
	44.3727 53.8575,
	"/>
<Contour name="TB1_AP13_RSL_LYS" hidden="false" closed="true" simplified="true" border="0 0 0" fill="1 1 0" mode="-9"
 points="44.016 55.8135,
	44.0529 55.715,
	44.0775 55.6658,
	44.2743 55.6289,
	44.3235 55.6289,
	44.3481 55.6289,
	44.3604 55.6535,
	44.2989 55.8504,
	44.262 55.9488,
	44.2497 55.998,
	44.1759 56.0964,
	44.1513 56.1456,
	44.1021 56.1579,
	44.0529 56.1456,
	44.016 55.9488,
	44.016 55.8504,
	44.016 55.8258,
	"/>
<Contour name="TB1_AP13_RSL_LYS" hidden="false" closed="true" simplified="true" border="0 0 0" fill="1 1 0" mode="-9"
 points="43.241 56.9329,
	43.2656 56.8837,
	43.3148 56.8345,
	43.3763 56.7361,
	43.4255 56.6992,
	43.4501 56.6746,
	43.6469 56.6992,
	43.7454 56.7361,
	43.8315 56.8222,
	43.893 56.9206,
	43.9299 56.9698,
	43.8561 57.1667,
	43.7946 57.2651,
	43.7577 57.3635,
	43.6838 57.4619,
	43.5854 57.4742,
	43.5731 57.4865,
	43.4747 57.4127,
	43.4255 57.4004,
	43.3394 57.3143,
	43.2533 57.1175,
	43.241 57.019,
	43.241 56.9698,
	43.241 56.9452,
	"/>
<Contour name="TB1_AP13_RSL_LYS" hidden="false" closed="true" simplified="true" border="0 0 0" fill="1 1 0" mode="-9"
 points="41.6294 55.9365,
	41.6417 55.8381,
	41.6786 55.7889,
	41.7155 55.6904,
	41.7648 55.6412,
	42.1584 55.6412,
	42.2568 55.6412,
	42.3306 55.7027,
	42.4414 55.8996,
	42.4537 55.998,
	42.5029 56.0472,
	42.5521 56.0718,
	42.5767 56.0841,
	42.183 56.1948,
	42.1584 56.2317,
	42.1092 56.2809,
	41.7155 56.2563,
	41.6663 56.244,
	41.6294 56.1948,
	41.6294 55.998,
	41.6294 55.9488,
	"/>
<Contour name="TB1_AP13_RSL_LYS" hidden="false" closed="true" simplified="true" border="0 0 0" fill="1 1 0" mode="-9"
 points="39.1322 55.0015,
	39.1445 54.9031,
	39.206 54.817,
	39.2552 54.8047,
	39.3536 54.8416,
	39.4028 54.94,
	39.4028 55.1369,
	39.4151 55.1738,
	39.4643 55.1492,
	39.4889 55.1369,
	39.5012 55.1492,
	39.3167 55.2599,
	39.2183 55.3091,
	39.1937 55.3214,
	39.1568 55.223,
	39.1322 55.0261,
	39.1322 55.0138,
	"/>
</Transform>

</Section>