<?xml version="1.0"?>
<!DOCTYPE Section SYSTEM "section.dtd">

<Section index="545" thickness="0.085" alignLocked="true">
<Transform dim="0"
 xcoef=" 0 1 0 0 0 0"
 ycoef=" 0 0 1 0 0 0">
<Image mag="0.0079" contrast="1" brightness="0" red="true" green="true" blue="true"
 src="Aligned TF21545.tif" />
<Contour name="domain1" hidden="false" closed="true" simplified="false" border="1 0 1" fill="1 0 1" mode="11"
 points="0 0,
	15991 0,
	15991 12171,
	0 12171,
	"/>
</Transform>

<Transform dim="0"
 xcoef=" 0 1 0 0 0 0"
 ycoef=" 0 0 1 0 0 0">
<Contour name="TB1_AP13_EM" hidden="false" closed="true" simplified="true" border="0 0.501961 0" fill="0 0.501961 0" mode="9"
 points="38.5695 52.2675,
	38.6032 52.1777,
	38.592 52.1328,
	38.5808 52.1104,
	38.6256 52.0206,
	38.8051 51.9421,
	38.8276 51.9197,
	38.7939 51.8299,
	38.7378 51.7402,
	38.7378 51.6504,
	38.7715 51.5607,
	38.85 51.4822,
	38.9061 51.3027,
	38.9398 51.1232,
	38.9398 50.9437,
	38.951 50.8988,
	38.9846 50.8539,
	38.9959 50.8315,
	39.0744 50.8988,
	39.1305 51.0783,
	39.1529 51.1232,
	39.1978 51.1456,
	39.2875 51.1232,
	39.3324 51.1007,
	39.3548 51.0783,
	39.3548 50.9885,
	39.3773 50.9437,
	39.467 50.8764,
	39.4783 50.8315,
	39.467 50.7866,
	39.4222 50.7754,
	39.3324 50.809,
	39.2539 50.7866,
	39.2427 50.6969,
	39.2651 50.6071,
	39.2651 50.5622,
	39.2875 50.5174,
	39.3324 50.4725,
	39.4222 50.4276,
	39.5119 50.4052,
	39.5568 50.3715,
	39.5456 50.2818,
	39.4895 50.1023,
	39.4783 50.0574,
	39.5007 49.8779,
	39.5007 49.7881,
	39.5231 49.6984,
	39.5343 49.6535,
	39.5343 49.6311,
	39.6241 49.5526,
	39.7138 49.4965,
	39.927 49.1375,
	40.0167 49.1038,
	40.1065 49.0926,
	40.1514 49.0814,
	40.3309 49.1262,
	40.3533 49.115,
	40.7123 49.1936,
	40.802 49.2497,
	40.8469 49.2609,
	41.1386 48.9131,
	41.2284 48.8682,
	41.3181 48.8458,
	41.363 48.8346,
	41.4415 48.7785,
	41.5313 48.7448,
	41.7108 48.8233,
	41.8005 48.8121,
	41.8454 48.8121,
	42.0249 48.6887,
	42.0361 48.6775,
	42.1258 48.7224,
	42.2156 48.8009,
	42.3053 48.857,
	42.339 48.9019,
	42.3614 48.9916,
	42.3839 49.0365,
	42.3727 49.1262,
	42.339 49.216,
	42.3278 49.3057,
	42.3502 49.3955,
	42.3839 49.4404,
	42.4287 49.4516,
	42.5185 49.4179,
	42.5634 49.3955,
	42.5858 49.3843,
	42.6307 49.4067,
	42.6756 49.3955,
	42.8551 49.2497,
	42.9448 49.216,
	43.0345 49.2384,
	43.158 49.4067,
	43.214 49.4965,
	43.2477 49.5862,
	43.1692 49.7657,
	43.158 49.8106,
	43.2365 49.9901,
	43.315 50.0798,
	43.3487 50.1247,
	43.3599 50.1696,
	43.3487 50.2145,
	43.2701 50.2705,
	43.2253 50.2593,
	43.1355 50.2818,
	43.1243 50.3042,
	43.2028 50.4837,
	43.2365 50.6632,
	43.2253 50.8427,
	43.214 50.9324,
	43.2365 51.0222,
	43.2814 51.1119,
	43.3262 51.1568,
	43.3375 51.2017,
	43.416 51.2914,
	43.4945 51.3588,
	43.573 51.5382,
	43.5955 51.5831,
	43.6516 51.9421,
	43.6291 52.1216,
	43.5843 52.3011,
	43.5618 52.346,
	43.5169 52.3796,
	43.4272 52.3572,
	43.2477 52.4357,
	43.158 52.4918,
	42.9785 52.5591,
	42.8887 52.5704,
	42.8214 52.6489,
	42.7541 52.8284,
	42.6419 53.0079,
	42.597 53.0528,
	42.5521 53.1425,
	42.3839 53.322,
	42.3614 53.4118,
	42.3502 53.4566,
	42.4063 53.6361,
	42.4287 53.8156,
	42.339 53.9951,
	42.2156 54.1746,
	42.1258 54.2644,
	42.081 54.2756,
	42.0024 54.3653,
	41.9239 54.5448,
	41.7556 54.6682,
	41.7332 54.758,
	41.621 54.9375,
	41.4752 55.117,
	41.3854 55.1731,
	41.0264 55.3301,
	40.9815 55.3526,
	40.8918 55.4423,
	40.5328 55.5994,
	40.4431 55.6443,
	40.387 55.5657,
	40.3757 55.5433,
	40.286 55.5209,
	40.1962 55.4423,
	40.1065 55.2628,
	40.0953 55.2179,
	40.0055 55.1955,
	39.826 55.2179,
	39.7363 55.1506,
	39.5568 55.1731,
	39.5119 55.1731,
	39.4222 55.2516,
	39.3997 55.274,
	39.3548 55.274,
	39.2651 55.2179,
	39.1866 55.1282,
	39.1754 55.0833,
	39.209 54.9936,
	39.1754 54.9038,
	39.1529 54.859,
	39.1866 54.7692,
	39.209 54.7243,
	39.2202 54.7019,
	39.1978 54.657,
	39.1754 54.6458,
	39.1305 54.657,
	39.0407 54.6234,
	39.0183 54.6121,
	38.9285 54.6346,
	38.8837 54.6121,
	38.8388 54.5224,
	38.8051 54.4775,
	38.7715 54.298,
	38.7603 54.2531,
	38.6817 54.1634,
	38.6593 54.141,
	38.5808 53.782,
	38.5695 53.6922,
	38.5808 53.6025,
	38.592 53.5576,
	38.592 53.5352,
	38.6705 53.4454,
	38.693 53.3557,
	38.6593 53.2659,
	38.6817 53.1762,
	38.7154 53.1313,
	38.7603 52.9518,
	38.7378 52.862,
	38.6817 52.7723,
	38.6369 52.7274,
	38.6032 52.6377,
	38.6032 52.5479,
	38.5695 52.4582,
	38.5695 52.2787,
	"/>
</Transform>

<Transform dim="0"
 xcoef=" 0 1 0 0 0 0"
 ycoef=" 0 0 1 0 0 0">
<Contour name="TB0_AP04_EM" hidden="false" closed="true" simplified="true" border="0 1 0.25098" fill="0 1 0" mode="9"
 points="18.5842 57.8593,
	18.6594 57.8405,
	18.7535 57.991,
	18.7911 58.1415,
	18.9228 58.2543,
	19.2237 58.3296,
	19.2614 58.3296,
	19.4118 58.1979,
	19.4871 58.1603,
	19.5811 58.0098,
	19.8821 57.7653,
	19.9573 57.69,
	20.0326 57.5396,
	20.0702 57.2386,
	20.1266 57.0881,
	20.2395 56.9753,
	20.3147 56.9,
	20.3523 56.8812,
	20.5028 56.9941,
	20.6533 57.0505,
	20.8038 57.0505,
	20.879 57.0129,
	20.9543 56.9376,
	21.1235 56.6367,
	21.18 56.4862,
	21.2176 56.1852,
	21.1612 55.8843,
	21.0859 55.7338,
	21.0671 55.6962,
	21.0859 55.6586,
	21.1235 55.6586,
	21.3681 55.9407,
	21.4997 56.0912,
	21.9512 56.5803,
	22.0264 56.8812,
	22.0829 57.0317,
	22.1769 57.1822,
	22.2521 57.2386,
	22.3274 57.3891,
	22.4214 57.69,
	22.4591 57.7653,
	22.4967 58.0662,
	22.271 58.3484,
	22.2333 58.4236,
	22.1581 58.4612,
	22.0264 58.3296,
	21.8759 58.386,
	21.7255 58.3484,
	21.6502 58.3108,
	21.6126 58.3108,
	21.5562 58.386,
	21.5562 58.5365,
	21.6126 58.8374,
	21.6126 58.9879,
	21.5938 59.0632,
	21.4621 59.176,
	21.3869 59.1572,
	21.2552 59.0067,
	21.2176 59.0067,
	21.1612 59.1572,
	21.1424 59.4582,
	21.1235 59.6087,
	21.0671 59.7591,
	21.0107 59.8156,
	20.879 59.6651,
	20.8602 59.6275,
	20.879 59.9284,
	20.8038 60.2294,
	20.6909 60.5303,
	20.6721 60.5491,
	20.3711 60.5115,
	20.2207 60.5115,
	20.1454 60.4739,
	19.9573 60.1729,
	19.8445 60.0413,
	19.694 60.0037,
	19.6188 59.9848,
	19.4871 59.8532,
	19.393 59.7027,
	19.393 59.6651,
	19.1861 59.3641,
	19.0545 59.2513,
	18.9792 59.2136,
	18.9416 59.2136,
	18.8475 59.0632,
	18.8664 58.9127,
	18.8287 58.6117,
	18.6971 58.3108,
	18.6971 58.2731,
	18.6406 58.1979,
	18.5842 57.8969,
	18.5842 57.8781,
	"/>
</Transform>

<Transform dim="0"
 xcoef=" 0 1 0 0 0 0"
 ycoef=" 0 0 1 0 0 0">
<Contour name="TB0_AP07_EM" hidden="false" closed="true" simplified="true" border="1 0 0" fill="0 1 1" mode="9"
 points="20.0511 55.8067,
	20.1546 55.3927,
	20.2581 55.1857,
	20.3357 55.0822,
	20.4392 55.0305,
	20.6461 55.0822,
	20.8272 55.1857,
	20.9307 55.2892,
	21.0342 55.4962,
	21.086 55.5997,
	21.1377 56.0136,
	21.1377 56.2206,
	21.1377 56.3241,
	20.9566 56.7381,
	20.879 56.8416,
	20.8272 56.8933,
	20.8272 56.945,
	20.6203 56.9968,
	20.5685 57.0227,
	20.3615 56.8933,
	20.2063 56.6863,
	20.2063 56.6346,
	20.1546 56.5828,
	20.0769 56.3759,
	20.0511 55.9619,
	20.0511 55.8584,
	20.0511 55.8325,
	"/>
<Contour name="TB0_AP07_EM" hidden="false" closed="true" simplified="true" border="1 0 0" fill="0 1 1" mode="9"
 points="18.4987 56.9968,
	18.5763 56.8933,
	18.6798 56.8416,
	18.7833 56.8674,
	18.9903 56.9968,
	19.1973 57.2038,
	19.3008 57.2296,
	19.4301 56.8157,
	19.5078 56.6087,
	19.6112 56.5311,
	19.7147 56.5311,
	19.7665 56.5311,
	19.9476 56.7381,
	20.0252 56.8416,
	19.9993 57.2555,
	19.8182 57.6695,
	19.7147 57.8764,
	19.5078 58.0576,
	19.3008 58.1869,
	19.0938 58.2645,
	18.8868 58.2387,
	18.8092 58.1352,
	18.7575 57.9282,
	18.6798 57.8247,
	18.4987 57.0227,
	"/>
</Transform>

<Transform dim="0"
 xcoef=" 0 1 0 0 0 0"
 ycoef=" 0 0 1 0 0 0">
<Contour name="TB2_Shell_EM" hidden="false" closed="true" simplified="true" border="0.733333 1 1" fill="0 1 1" mode="9"
 points="53.8982 43.0115,
	54.1659 40.1559,
	54.7013 37.3004,
	56.486 31.5893,
	57.6461 28.7338,
	58.4492 27.306,
	59.4308 25.8783,
	60.5909 24.5397,
	61.8401 23.3797,
	64.6957 20.9703,
	65.4096 20.5241,
	65.7665 20.1672,
	66.4804 19.721,
	66.8373 19.4533,
	67.1943 19.3641,
	68.622 18.561,
	69.3359 18.2933,
	69.6929 18.2933,
	70.0498 18.1148,
	70.4067 18.1148,
	70.7637 17.9363,
	72.1915 17.6686,
	73.6192 17.6686,
	74.3331 17.6686,
	75.047 17.9363,
	75.4039 17.9363,
	78.1702 19.8103,
	79.4195 20.9703,
	80.3119 22.3981,
	80.5796 23.112,
	80.5796 23.2904,
	80.7581 23.4689,
	81.115 24.8967,
	81.2935 26.3244,
	81.2042 27.7522,
	80.6688 30.6078,
	80.3119 33.4633,
	80.4011 36.3188,
	80.1334 42.0299,
	80.1334 42.7438,
	79.2411 48.4548,
	78.6164 51.3104,
	77.8133 54.1659,
	76.6532 57.0214,
	76.2963 57.7353,
	74.0654 60.5909,
	72.7269 62.0186,
	71.2991 63.0894,
	70.5852 63.6249,
	69.1575 63.8926,
	68.4436 63.8926,
	68.2651 63.8033,
	65.4096 64.2495,
	63.9818 64.5172,
	62.554 64.3387,
	61.8401 64.1603,
	61.1263 63.8033,
	60.9478 63.8033,
	59.52 62.6433,
	58.8954 61.9294,
	58.1815 60.5016,
	57.6461 59.0739,
	57.2891 58.36,
	56.843 56.9322,
	56.486 56.2183,
	56.486 55.8614,
	55.9506 54.4336,
	54.4336 48.7225,
	54.0767 45.867,
	53.8982 44.4392,
	53.8982 43.1007,
	"/>
</Transform>

<Transform dim="0"
 xcoef=" 0 1 0 0 0 0"
 ycoef=" 0 0 1 0 0 0">
<Contour name="TB2_AP19_EM" hidden="false" closed="true" simplified="true" border="1 0 1" fill="1 0 1" mode="9"
 points="73.6996 56.6992,
	73.7553 56.5507,
	73.7739 56.4022,
	73.8296 56.2537,
	73.9224 56.1053,
	73.9966 56.031,
	74.1451 55.9568,
	74.2936 55.9754,
	74.442 55.9568,
	74.5905 55.9754,
	74.6647 55.9754,
	74.8132 55.9197,
	74.9617 55.9011,
	75.1102 55.8454,
	75.2586 55.7155,
	75.3514 55.567,
	75.4814 55.2701,
	75.6484 54.6762,
	75.7041 54.3792,
	75.8711 54.0823,
	76.0753 53.4884,
	76.0753 53.4141,
	75.9453 53.1172,
	75.8525 52.9687,
	75.7969 52.8945,
	75.7412 52.746,
	75.6855 52.6718,
	75.6484 52.5233,
	75.6298 52.4491,
	75.5742 52.3748,
	75.4814 52.0779,
	75.3143 51.7809,
	75.2215 51.6324,
	75.1658 51.3355,
	75.1844 51.0385,
	75.1844 50.8901,
	75.1102 50.5931,
	74.9988 50.2962,
	74.9617 49.9992,
	74.9988 49.8507,
	75.0359 49.7765,
	75.1844 49.6466,
	75.3329 49.5909,
	75.4071 49.5352,
	75.4442 49.5167,
	75.5185 49.5538,
	75.5556 49.5538,
	75.7041 49.6466,
	75.7783 49.6651,
	75.9268 49.7579,
	76.001 49.7765,
	76.1124 49.925,
	76.4093 50.1662,
	76.5392 50.3147,
	76.6692 50.6117,
	76.8362 51.2056,
	76.929 52.3934,
	77.0032 52.5419,
	77.1703 53.1358,
	77.2816 53.4327,
	77.3187 53.7297,
	77.2631 54.0266,
	77.1517 54.3236,
	77.1332 54.472,
	77.1888 54.6205,
	77.2074 54.769,
	76.6692 55.9568,
	76.632 56.1053,
	76.4279 56.4022,
	76.3722 56.5507,
	76.1124 56.8477,
	75.9825 56.9961,
	75.9268 57.0704,
	75.8897 57.1075,
	75.8711 57.1817,
	75.5927 57.4601,
	75.4442 57.5158,
	75.37 57.5344,
	75.2958 57.59,
	75.1473 57.6271,
	74.8503 57.59,
	74.7019 57.6086,
	74.6276 57.6271,
	74.4791 57.5715,
	74.3307 57.4787,
	74.1822 57.3488,
	74.0337 57.3116,
	73.9595 57.2931,
	73.8296 57.1632,
	73.7739 57.0889,
	73.7182 56.9404,
	73.6996 56.792,
	73.6996 56.7177,
	"/>
</Transform>

<Transform dim="0"
 xcoef=" 0 1 0 0 0 0"
 ycoef=" 0 0 1 0 0 0">
<Contour name="TB3_Nuc13_EM" hidden="false" closed="true" simplified="true" border="1 0 1" fill="0 1 0" mode="9"
 points="107.713 44.5215,
	107.865 44.2167,
	107.941 44.0643,
	107.941 43.7595,
	107.96 43.6071,
	108.113 43.3023,
	108.322 42.6926,
	108.665 42.083,
	108.761 41.9306,
	108.913 41.8163,
	108.989 41.7592,
	109.065 41.7401,
	109.142 41.683,
	109.18 41.6449,
	109.199 41.4924,
	109.218 41.4162,
	109.351 41.2829,
	109.446 41.1305,
	109.484 40.9781,
	109.58 40.8257,
	109.732 40.6923,
	109.884 40.5971,
	110.037 40.578,
	110.189 40.5971,
	110.266 40.5971,
	110.399 40.7304,
	110.532 41.34,
	110.513 41.6449,
	110.399 41.9497,
	110.342 42.1021,
	110.323 42.1783,
	110.285 42.2164,
	110.227 42.3688,
	110.037 42.6736,
	109.999 42.826,
	109.999 42.9784,
	109.789 43.588,
	109.732 43.7404,
	109.523 44.0262,
	109.389 44.1595,
	109.294 44.312,
	109.027 44.5215,
	108.875 44.6549,
	108.799 44.712,
	108.761 44.7501,
	108.722 44.7501,
	108.57 44.8454,
	108.494 44.8644,
	108.341 44.9978,
	108.094 45.2454,
	107.941 45.3407,
	107.903 45.3407,
	107.827 45.2645,
	107.732 44.9597,
	107.713 44.6549,
	107.713 44.5787,
	107.713 44.5406,
	"/>
</Transform>

<Transform dim="0"
 xcoef=" 0 1 0 0 0 0"
 ycoef=" 0 0 1 0 0 0">
<Contour name="TB3_Nuc19_EM" hidden="false" closed="true" simplified="true" border="0 1 1" fill="0 1 1" mode="9"
 points="111.694 53.4744,
	111.787 53.2247,
	111.819 53.0998,
	111.881 53.0374,
	112.1 52.5379,
	112.193 52.0384,
	112.256 51.7887,
	112.568 51.2892,
	112.63 51.1643,
	112.755 51.0395,
	112.849 50.7897,
	112.942 50.2903,
	113.036 50.0405,
	113.442 49.5411,
	113.692 49.2913,
	114.035 48.7919,
	114.16 48.2924,
	114.191 48.0427,
	114.222 47.9178,
	114.191 47.8554,
	114.129 47.8554,
	114.035 47.9802,
	113.973 48.23,
	113.848 48.4797,
	113.816 48.6046,
	113.473 49.104,
	113.223 49.3538,
	113.005 49.8532,
	112.911 50.103,
	112.849 50.2278,
	112.786 50.2903,
	112.786 50.3527,
	112.443 50.821,
	112.38 50.8834,
	112.318 50.8834,
	112.193 50.6337,
	112.162 50.3839,
	112.193 50.1342,
	112.38 49.6347,
	112.724 49.1353,
	112.786 48.8855,
	112.786 48.6358,
	112.88 48.1363,
	112.849 47.8866,
	113.005 47.3871,
	113.098 47.1374,
	113.13 46.1384,
	113.348 45.639,
	113.504 45.1395,
	113.567 44.64,
	113.723 44.1406,
	113.91 43.8908,
	114.378 43.5474,
	114.597 43.048,
	114.784 42.8607,
	114.909 42.767,
	115.159 42.7358,
	115.284 42.767,
	115.346 42.7982,
	115.471 42.7358,
	115.721 42.4861,
	116.22 42.1427,
	116.345 42.1115,
	116.595 42.1427,
	116.844 42.2363,
	117.344 42.2988,
	117.562 42.4861,
	117.687 42.5797,
	117.75 42.7046,
	117.875 42.8295,
	117.968 43.0792,
	117.968 43.3289,
	118 43.4538,
	118.093 43.5787,
	118.124 44.0781,
	118.062 44.5776,
	118.218 45.0771,
	118.249 45.5765,
	118.249 45.639,
	118.187 45.7014,
	118.062 45.7326,
	117.812 45.639,
	117.687 45.7326,
	117.594 45.9824,
	117.594 46.1072,
	117.375 46.2945,
	117.375 46.4194,
	117.5 46.513,
	117.625 46.513,
	117.875 46.4194,
	118 46.357,
	118.124 46.4194,
	118.187 46.5443,
	118.156 47.0437,
	118.156 47.1686,
	117.812 47.6681,
	117.812 47.7305,
	117.719 47.8554,
	117.687 47.9802,
	117.531 48.23,
	117.406 48.3548,
	117.157 48.386,
	117.063 48.4797,
	117.063 48.6046,
	117.157 48.6982,
	117.125 48.7294,
	117.157 48.8543,
	117.313 49.104,
	117.375 49.3538,
	117.344 49.6035,
	117.313 49.7284,
	117.344 49.9781,
	117.313 50.103,
	117.157 50.3215,
	117.063 50.821,
	116.782 51.3204,
	116.283 51.7887,
	116.033 51.976,
	115.908 52.0384,
	115.814 52.2881,
	115.783 52.7876,
	115.752 53.0374,
	115.752 53.0998,
	115.565 53.3495,
	115.409 53.849,
	115.128 54.3485,
	115.003 54.4733,
	114.691 54.9728,
	114.441 55.1601,
	114.285 55.4098,
	114.16 55.5347,
	114.097 55.6596,
	113.629 56.1278,
	113.379 56.2215,
	113.13 56.2527,
	113.067 56.2527,
	112.818 56.0966,
	112.693 56.0342,
	112.287 55.5659,
	112.131 55.0664,
	112.1 54.8167,
	112.131 54.3172,
	112.1 54.1924,
	112.006 54.0675,
	111.756 53.9114,
	111.694 53.7866,
	111.694 53.5368,
	111.694 53.5056,
	"/>
</Transform>

<Transform dim="0"
 xcoef=" 0 1 0 0 0 0"
 ycoef=" 0 0 1 0 0 0">
<Contour name="TB3_Nuc44_EM" hidden="false" closed="true" simplified="true" border="1 0 0" fill="1 0 0" mode="9"
 points="107.423 32.349,
	107.492 31.9104,
	107.519 31.8007,
	107.588 30.9235,
	107.615 30.7041,
	107.643 30.5945,
	107.711 30.4985,
	107.766 30.4711,
	107.985 30.5122,
	108.205 30.5945,
	108.26 30.6356,
	108.369 30.6767,
	108.588 30.8412,
	108.643 30.896,
	108.698 30.992,
	108.739 31.0468,
	108.821 31.2661,
	108.849 31.3758,
	108.876 31.4306,
	108.876 31.458,
	108.945 31.5677,
	109.123 32.0063,
	109.15 32.116,
	109.26 32.3353,
	109.301 32.445,
	109.315 32.6643,
	109.137 33.1029,
	109.082 33.3222,
	109.055 33.5415,
	109.027 33.6512,
	109.027 33.706,
	109 33.7608,
	109 33.7883,
	108.945 33.8294,
	108.726 33.8705,
	108.506 33.939,
	108.397 33.9665,
	108.342 33.9939,
	108.122 33.9253,
	108.026 33.8294,
	107.972 33.7746,
	107.944 33.7471,
	107.944 33.7197,
	107.793 33.5004,
	107.67 33.2811,
	107.464 32.8425,
	107.423 32.6231,
	107.423 32.4038,
	107.423 32.3627,
	"/>
</Transform>

<Transform dim="0"
 xcoef=" 0 1 0 0 0 0"
 ycoef=" 0 0 1 0 0 0">
<Contour name="TB3_Nuc48_EM" hidden="false" closed="true" simplified="true" border="1 0 0" fill="1 0 0" mode="9"
 points="104.792 65.3901,
	104.886 65.1408,
	105.011 64.8916,
	105.026 64.8292,
	105.073 64.7669,
	105.135 64.7358,
	105.198 64.7669,
	105.229 65.0162,
	105.151 65.5148,
	105.042 65.6394,
	104.979 65.6706,
	104.917 65.6706,
	104.855 65.6394,
	104.808 65.5771,
	104.792 65.4524,
	104.792 65.4057,
	"/>
</Transform>

<Transform dim="0"
 xcoef=" 0 1 0 0 0 0"
 ycoef=" 0 0 1 0 0 0">
<Contour name="TB3_Nuc54_EM" hidden="false" closed="true" simplified="true" border="0 1 0" fill="0 1 0" mode="9"
 points="102.355 30.9491,
	102.454 30.751,
	102.8 30.3548,
	102.677 30.1568,
	102.578 30.0577,
	102.479 29.8597,
	102.454 29.6616,
	102.528 29.4635,
	102.652 29.2654,
	102.726 29.1664,
	102.751 29.0674,
	102.677 28.8693,
	102.652 28.4731,
	102.652 28.3741,
	102.776 27.978,
	102.949 27.5818,
	102.924 27.3837,
	102.8 27.1857,
	102.627 26.9876,
	102.602 26.7895,
	102.701 25.9972,
	102.924 25.6011,
	103.023 25.5268,
	103.073 25.5515,
	103.271 25.4525,
	103.469 25.304,
	103.667 25.1059,
	103.865 24.7097,
	103.939 24.6355,
	104.038 24.6107,
	104.236 24.7097,
	104.435 24.7593,
	104.534 24.7345,
	104.732 24.8088,
	104.831 24.8088,
	104.93 24.7345,
	105.128 24.7097,
	105.326 24.7345,
	105.425 24.7097,
	105.623 24.7593,
	105.846 25.1306,
	106.168 25.9229,
	106.242 26.121,
	106.242 26.5172,
	106.217 26.6162,
	106.242 26.7152,
	106.291 26.7152,
	106.341 26.7648,
	106.341 26.8638,
	106.539 27.0619,
	106.613 27.1361,
	106.589 27.3342,
	106.539 27.4333,
	106.589 27.6313,
	106.836 28.0275,
	106.96 28.2255,
	106.985 28.4236,
	106.861 28.8198,
	106.935 29.0178,
	106.96 29.2159,
	106.861 29.414,
	106.663 29.5873,
	106.49 29.9835,
	106.589 30.1815,
	106.762 30.3796,
	106.836 30.4786,
	106.762 30.8748,
	106.712 31.0729,
	106.465 31.469,
	106.415 31.568,
	106.415 31.7661,
	106.465 31.9642,
	106.465 32.1623,
	106.391 32.3603,
	106.366 32.4594,
	106.44 32.6575,
	106.539 32.7317,
	106.613 32.9298,
	106.638 33.1279,
	106.638 33.2269,
	106.539 33.425,
	106.465 33.8211,
	106.44 34.2173,
	106.391 34.4154,
	106.267 34.6134,
	105.871 34.8363,
	105.474 35.2077,
	105.276 35.2324,
	105.177 35.2572,
	105.004 35.4553,
	104.756 35.8514,
	104.657 35.8762,
	104.608 35.8762,
	104.558 35.9257,
	104.36 35.9504,
	104.261 35.9257,
	103.865 35.6533,
	103.667 35.48,
	103.543 35.2819,
	103.419 34.8858,
	103.271 34.0935,
	103.048 33.6973,
	102.875 33.3012,
	102.85 33.1031,
	102.825 33.0041,
	102.924 32.806,
	102.949 32.6079,
	102.899 32.5089,
	102.701 32.3851,
	102.578 32.187,
	102.553 31.7909,
	102.553 31.6918,
	102.578 31.6423,
	102.429 31.4443,
	102.355 31.2462,
	102.355 31.0481,
	102.355 30.9738,
	"/>
</Transform>

<Transform dim="0"
 xcoef=" 0 1 0 0 0 0"
 ycoef=" 0 0 1 0 0 0">
<Contour name="TB1_NF22_RSL" hidden="false" closed="true" simplified="true" border="0.502 0.502 0" fill="0.502 0.502 0" mode="-9"
 points="33.4516 52.8104,
	33.5442 52.6253,
	33.683 52.8104,
	33.7293 52.9956,
	33.8219 53.0881,
	33.8681 53.0418,
	33.8219 52.9493,
	34.0533 53.0881,
	34.331 53.4584,
	34.4235 53.6435,
	34.4698 54.0138,
	34.6087 54.384,
	34.6087 54.5691,
	34.2384 54.6154,
	34.1458 54.6154,
	34.1921 54.8005,
	34.2384 54.8931,
	34.2847 54.8468,
	34.7012 55.5873,
	34.7938 55.7725,
	34.8401 56.1427,
	34.7938 56.513,
	34.7012 56.5592,
	34.5624 56.4667,
	34.1458 55.7262,
	33.9144 55.3559,
	33.8219 54.9857,
	33.6367 54.6154,
	33.5442 54.2452,
	33.683 53.5047,
	33.5442 53.1344,
	33.4516 52.9493,
	33.4516 52.8567,
	"/>
</Transform>

<Transform dim="0"
 xcoef=" 0 1 0 0 0 0"
 ycoef=" 0 0 1 0 0 0">
<Contour name="TB0_Shell_EM" hidden="false" closed="true" simplified="true" border="0 1 0" fill="0 1 0" mode="9"
 points="10.9265 42.9844,
	11.8642 40.4838,
	13.1145 37.9833,
	14.5992 35.4827,
	15.0681 34.8576,
	16.3183 33.6073,
	17.5686 32.904,
	18.8189 32.4351,
	19.1315 32.357,
	20.3818 31.263,
	20.7725 31.5756,
	21.632 32.8259,
	21.8665 33.1384,
	22.5698 35.639,
	22.8042 36.8893,
	22.8042 38.1396,
	22.2572 40.6401,
	22.1009 43.1407,
	22.2572 48.1418,
	22.4135 50.6424,
	22.4916 51.2675,
	22.5698 51.5801,
	23.0386 52.2053,
	23.1168 52.3615,
	23.3512 52.7523,
	23.5075 54.0025,
	23.5856 54.6277,
	23.3512 57.1282,
	23.273 58.3785,
	23.1168 59.0037,
	22.4916 60.254,
	22.0228 60.8791,
	21.7102 61.1917,
	21.085 61.4261,
	20.4599 61.5042,
	19.8348 61.3479,
	17.3342 60.1758,
	16.0839 59.4725,
	14.8336 58.3785,
	14.0522 57.1282,
	13.4271 55.878,
	13.1926 54.6277,
	12.3331 52.1271,
	11.6298 49.6265,
	11.3953 49.0014,
	11.0828 46.5008,
	10.9265 44.0003,
	10.9265 43.3751,
	10.9265 43.0626,
	"/>
</Transform>

<Transform dim="0"
 xcoef=" 0 1 0 0 0 0"
 ycoef=" 0 0 1 0 0 0">
<Contour name="TB1_Shell_EM" hidden="false" closed="true" simplified="true" border="0 1 1" fill="0 1 1" mode="9"
 points="21.9581 33.2888,
	22.1144 32.6636,
	22.1925 31.4134,
	22.8958 30.1631,
	23.0521 29.8505,
	23.0521 29.6942,
	23.9898 28.4439,
	24.615 27.8969,
	25.2401 27.5062,
	25.5527 27.1937,
	26.1778 26.8029,
	26.4904 26.5685,
	27.7407 26.1778,
	30.2412 26.0215,
	31.4915 26.2559,
	32.7418 26.7248,
	33.0544 26.8811,
	33.2106 26.8811,
	33.3669 27.0374,
	33.5232 27.0374,
	34.7735 27.9751,
	35.0861 28.2877,
	35.2424 28.6002,
	35.8675 29.1472,
	36.0238 29.1472,
	36.5708 29.6942,
	36.7271 29.7724,
	36.7271 29.9287,
	37.1959 30.5538,
	37.7429 31.0227,
	37.8992 31.2571,
	38.5244 31.8822,
	38.8369 32.1166,
	39.6965 33.2106,
	39.9309 33.5232,
	40.0091 34.1484,
	40.2435 34.7735,
	40.7123 37.2741,
	40.7123 38.5244,
	40.7905 39.1495,
	41.0249 39.7746,
	41.2593 41.0249,
	41.4938 41.3375,
	42.1189 41.5719,
	47.12 41.9626,
	48.3703 41.9626,
	48.9955 41.8845,
	49.6206 42.2752,
	50.0113 42.9003,
	50.3239 44.1506,
	50.3239 44.7758,
	50.8709 47.2763,
	51.0272 47.9015,
	51.1053 50.402,
	51.1053 51.0272,
	50.5583 53.5277,
	49.1518 56.0283,
	48.214 57.2786,
	45.8698 59.4666,
	45.4009 60.0136,
	44.7758 60.6387,
	43.8381 61.8109,
	41.4938 64.077,
	41.1812 64.3114,
	40.8686 64.3896,
	40.7123 64.5459,
	40.0872 64.7022,
	39.7746 64.8584,
	38.5244 64.7803,
	37.2741 64.5459,
	36.0238 64.1552,
	35.3986 63.8426,
	35.0861 63.6863,
	33.8358 62.6704,
	33.2106 62.1234,
	32.2729 60.9513,
	31.8041 60.4043,
	31.7259 60.0917,
	30.8664 58.9196,
	30.4757 58.2945,
	29.3817 57.2786,
	28.1314 56.5753,
	27.5062 56.1846,
	27.1937 56.1065,
	26.5685 55.7157,
	26.4122 55.5595,
	26.2559 55.5595,
	25.0057 54.6217,
	23.9898 53.4496,
	23.2865 52.1993,
	22.8958 50.949,
	22.7395 50.6365,
	22.5832 45.6353,
	22.5832 45.0102,
	22.7395 44.3851,
	22.7395 43.7599,
	22.974 42.5096,
	23.0521 41.2593,
	22.8958 40.0091,
	22.6614 39.3839,
	22.5051 38.1336,
	22.1144 36.8834,
	22.1144 36.5708,
	22.1925 36.4145,
	22.3488 36.6489,
	22.5051 36.7271,
	23.1302 36.3364,
	22.427 35.0861,
	22.427 34.9298,
	22.0362 34.3046,
	21.9581 33.6795,
	21.9581 33.3669,
	"/>
</Transform>

<Transform dim="0"
 xcoef=" 0 1 0 0 0 0"
 ycoef=" 0 0 1 0 0 0">
<Contour name="TB1_NF55_RSL" hidden="false" closed="true" simplified="true" border="0.502 0 0" fill="0.502 0 0" mode="-9"
 points="32.0028 32.1524,
	32.0278 32.0527,
	32.0527 32.0028,
	32.1026 31.953,
	32.1649 31.8532,
	32.2522 31.7535,
	32.3145 31.7161,
	32.3644 31.741,
	32.4142 31.741,
	32.5015 31.8034,
	32.5514 31.8408,
	32.6137 31.9405,
	32.6386 31.9904,
	32.7384 32.0527,
	32.7758 32.0402,
	32.7259 31.9904,
	32.7259 31.9654,
	32.7509 31.953,
	32.9503 32.0153,
	33.0501 32.0402,
	33.0999 32.0527,
	33.1124 32.0652,
	33.0875 32.0776,
	33.0376 32.0652,
	32.9379 32.0776,
	32.888 32.0776,
	32.8631 32.0776,
	32.9503 32.1524,
	33.0501 32.1649,
	33.0999 32.1649,
	33.1872 32.2397,
	33.2994 32.4392,
	33.3243 32.489,
	33.3243 32.5888,
	33.262 32.7883,
	33.1747 32.888,
	33.1249 32.9005,
	33.1249 33.0002,
	33.0999 33.0999,
	33.0501 33.1373,
	33.0251 33.1498,
	32.8381 33.0251,
	32.8007 33.1249,
	32.7633 33.1747,
	32.7135 33.1747,
	32.6885 33.1747,
	32.5888 33.0999,
	32.5389 33.0875,
	32.4516 33.0127,
	32.4142 32.9129,
	32.4142 32.8631,
	32.4142 32.8381,
	32.3644 32.7883,
	32.3394 32.7883,
	32.1774 32.6386,
	32.0402 32.4392,
	32.0028 32.2397,
	32.0028 32.1898,
	32.0028 32.1649,
	"/>
<Contour name="TB1_NF55_RSL" hidden="false" closed="true" simplified="true" border="0.502 0 0" fill="0.502 0 0" mode="-9"
 points="30.7312 37.2639,
	30.7437 37.1642,
	30.7686 37.1143,
	30.8309 36.7154,
	30.8933 36.5159,
	31.0179 36.3164,
	31.0553 36.2167,
	31.0803 36.1917,
	31.1177 36.092,
	31.3545 35.6931,
	31.367 35.5933,
	31.3919 35.5435,
	31.4418 35.5185,
	31.5416 35.5185,
	31.6413 35.5559,
	31.8408 35.6681,
	31.9405 35.7305,
	32.0402 35.7679,
	32.0901 35.7928,
	32.14 35.8925,
	32.1649 36.092,
	32.1649 36.1917,
	32.1026 36.5907,
	32.1026 36.6156,
	32.1275 36.6281,
	32.1524 36.8276,
	32.1524 36.8774,
	32.115 36.9772,
	31.9904 37.1642,
	31.8906 37.3636,
	31.8408 37.4634,
	31.8283 37.5133,
	31.6538 37.6753,
	31.6039 37.7252,
	31.5416 37.8249,
	31.5041 37.8748,
	31.4543 37.8997,
	31.4293 37.8997,
	31.2299 38.0493,
	31.1301 38.0743,
	31.0803 38.0743,
	31.0304 38.0493,
	30.9805 38.0493,
	30.9307 37.9496,
	30.9182 37.7501,
	30.9307 37.7252,
	30.9057 37.6878,
	30.806 37.613,
	30.7561 37.5133,
	30.7312 37.4135,
	30.7312 37.3138,
	30.7312 37.2764,
	"/>
</Transform>

<Transform dim="0"
 xcoef=" 0 1 0 0 0 0"
 ycoef=" 0 0 1 0 0 0">
<Contour name="TB1_NF55_RSL" hidden="false" closed="true" simplified="true" border="0.502 0 0" fill="0.502 0 0" mode="-9"
 points="40.6884 41.3214,
	40.719 41.2806,
	40.8824 41.25,
	40.9641 41.2193,
	41.0049 41.2091,
	41.1683 41.0764,
	41.2397 40.9947,
	41.2908 40.9232,
	41.3112 40.8824,
	41.3521 40.8415,
	41.3929 40.8211,
	41.5563 40.8109,
	41.5767 40.8007,
	41.5971 40.8211,
	41.6175 40.8211,
	41.689 40.9028,
	41.7094 40.9232,
	41.7196 41.0866,
	41.7094 41.25,
	41.6992 41.3316,
	41.6788 41.3725,
	41.6073 41.4337,
	41.5971 41.444,
	41.5869 41.4337,
	41.4235 41.5767,
	41.3929 41.6073,
	41.3725 41.689,
	41.3725 41.7094,
	41.3214 41.7911,
	41.2397 41.8422,
	41.1581 41.8524,
	41.0764 41.8422,
	41.0151 41.7707,
	40.9845 41.7298,
	40.9539 41.7094,
	40.8722 41.6992,
	40.8313 41.6992,
	40.7599 41.6175,
	40.7292 41.5767,
	40.6986 41.495,
	40.6884 41.3316,
	"/>
<Contour name="TB1_NF55_RSL" hidden="false" closed="true" simplified="true" border="0.502 0 0" fill="0.502 0 0" mode="-9"
 points="42.6181 39.4427,
	42.6794 39.2794,
	42.7917 39.116,
	42.8326 39.0751,
	42.9143 39.0241,
	42.9959 38.9935,
	43.1593 38.9833,
	43.241 38.9833,
	43.3227 39.0139,
	43.3941 39.0854,
	43.6086 39.3917,
	43.68 39.555,
	43.7107 39.6367,
	43.7311 39.6571,
	43.7923 39.8205,
	43.8026 39.9839,
	43.7923 40.0656,
	43.7005 40.3923,
	43.6698 40.474,
	43.5983 40.5557,
	43.5167 40.6169,
	43.4758 40.6578,
	43.4554 40.6884,
	43.1389 40.474,
	43.0061 40.3208,
	42.9755 40.28,
	42.9653 40.2391,
	42.9449 40.2187,
	42.9143 40.137,
	42.8019 39.9839,
	42.71 39.8307,
	42.6386 39.6673,
	42.6181 39.504,
	42.6181 39.4631,
	42.6181 39.4529,
	"/>
<Contour name="TB1_NF55_RSL" hidden="false" closed="true" simplified="true" border="0.502 0 0" fill="0.502 0 0" mode="-9"
 points="43.0061 41.9545,
	43.0776 41.883,
	43.1593 41.8422,
	43.241 41.8422,
	43.4043 41.9136,
	43.5371 42.0668,
	43.6494 42.2302,
	43.7209 42.3935,
	43.8332 42.7203,
	43.874 42.8019,
	43.8944 42.8224,
	43.9251 42.904,
	43.9557 42.9449,
	44.017 43.1082,
	44.0476 43.1899,
	44.0476 43.2716,
	44.0374 43.3125,
	44.0374 43.3329,
	43.9966 43.3635,
	43.9149 43.3635,
	43.8332 43.3329,
	43.8128 43.3329,
	43.7923 43.3125,
	43.7515 43.3125,
	43.7311 43.292,
	43.7107 43.292,
	43.629 43.2308,
	43.5779 43.1491,
	43.5575 43.1287,
	43.4962 42.9653,
	43.4962 42.9449,
	43.4656 42.904,
	43.435 42.8224,
	43.435 42.7815,
	43.3941 42.6998,
	43.3227 42.6181,
	43.292 42.5773,
	43.2716 42.5569,
	43.2716 42.5365,
	43.2512 42.516,
	43.2001 42.3527,
	43.1593 42.3118,
	43.1593 42.2914,
	43.047 42.1281,
	43.0061 42.0464,
	43.0061 41.9647,
	"/>
</Transform>

<Transform dim="0"
 xcoef=" 0 1 0 0 0 0"
 ycoef=" 0 0 1 0 0 0">
<Contour name="TB1_AP13_RSL_LYS" hidden="false" closed="true" simplified="true" border="0 0 0" fill="1 1 0" mode="-9"
 points="42.9436 51.76,
	42.9784 51.7135,
	43.0714 51.6787,
	43.1178 51.6903,
	43.083 51.7832,
	43.0597 51.8297,
	43.0714 51.9226,
	43.0481 51.9458,
	43.0017 51.9574,
	42.9784 51.9574,
	42.9552 51.911,
	42.9552 51.8181,
	42.9436 51.7716,
	"/>
<Contour name="TB1_AP13_RSL_LYS" hidden="false" closed="true" simplified="true" border="0 0 0" fill="1 1 0" mode="-9"
 points="42.1653 52.7822,
	42.2466 52.7009,
	42.2699 52.6776,
	42.3628 52.666,
	42.4093 52.666,
	42.4209 52.7589,
	42.4093 52.8519,
	42.4093 52.8983,
	42.4093 52.9216,
	42.328 53.0145,
	42.2815 53.0377,
	42.235 53.0261,
	42.1886 52.9913,
	42.1653 52.8983,
	42.1653 52.8054,
	42.1653 52.7938,
	"/>
</Transform>

</Section>