<?xml version="1.0"?>
<!DOCTYPE Section SYSTEM "section.dtd">

<Section index="464" thickness="0.085" alignLocked="true">
<Transform dim="0"
 xcoef=" 0 1 0 0 0 0"
 ycoef=" 0 0 1 0 0 0">
<Image mag="0.0079" contrast="1" brightness="0" red="true" green="true" blue="true"
 src="Aligned TF21464.tif" />
<Contour name="domain1" hidden="false" closed="true" simplified="false" border="1 0 1" fill="1 0 1" mode="11"
 points="0 0,
	15991 0,
	15991 12171,
	0 12171,
	"/>
</Transform>

<Transform dim="0"
 xcoef=" 0 1 0 0 0 0"
 ycoef=" 0 0 1 0 0 0">
<Contour name="TB1_Nuc35_PH" hidden="false" closed="true" simplified="true" border="0 0.501961 0" fill="0 0.501961 0" mode="-13"
 points="40.1218 59.8761,
	40.2094 59.7009,
	40.3846 59.5695,
	41.0854 59.4819,
	41.4359 59.5695,
	41.7425 59.9199,
	41.9615 60.6207,
	41.9177 60.9712,
	41.7863 61.1464,
	41.6111 61.234,
	41.2607 61.234,
	40.9102 61.1026,
	40.2532 60.4455,
	40.1218 60.2703,
	40.1218 59.9199,
	"/>
</Transform>

<Transform dim="0"
 xcoef=" 0 1 0 0 0 0"
 ycoef=" 0 0 1 0 0 0">
<Contour name="TB1_Nuc47_PH" hidden="false" closed="true" simplified="true" border="0 0.501961 0" fill="0 0.501961 0" mode="9"
 points="36.2081 43.803,
	36.4289 43.4498,
	36.5614 43.3173,
	36.5614 43.1407,
	36.4289 42.9641,
	36.3848 42.7874,
	36.4289 42.6108,
	36.738 42.3459,
	36.6497 41.9926,
	36.2965 41.2861,
	36.2523 41.1095,
	36.3406 40.7562,
	36.3406 40.6679,
	36.6497 40.3588,
	36.8263 40.1822,
	36.9588 39.4757,
	37.0913 39.1225,
	37.4004 38.8575,
	37.577 38.8134,
	37.7536 38.8575,
	38.2835 39.4316,
	38.6367 39.5199,
	39.2108 40.1822,
	39.564 40.2264,
	39.7406 40.2705,
	39.8731 40.4471,
	39.9173 40.8004,
	39.9614 40.977,
	40.0497 41.0212,
	40.403 40.8887,
	40.4913 40.8887,
	41.1095 41.5952,
	41.242 41.7718,
	41.3744 42.1251,
	41.5511 42.2576,
	41.9043 42.3017,
	42.0809 42.4783,
	42.1251 42.655,
	42.0809 42.8316,
	42.1692 43.0082,
	42.5225 43.229,
	42.9199 43.8913,
	42.9641 44.2446,
	42.9641 44.4212,
	43.0524 44.5978,
	43.1407 44.6862,
	43.1848 45.0394,
	43.1848 45.216,
	43.0965 45.3927,
	43.0965 45.7459,
	43.229 46.4524,
	43.229 46.8057,
	43.229 46.9823,
	43.1407 47.1589,
	42.8316 47.468,
	42.7874 47.8212,
	42.6991 47.9979,
	42.6991 48.0862,
	42.39 48.3953,
	42.0368 48.5277,
	41.9043 48.7044,
	41.9043 48.7927,
	41.7277 48.9693,
	41.6394 49.1459,
	41.3303 49.455,
	41.2861 49.5433,
	41.1095 49.4992,
	40.8004 49.1901,
	40.4471 49.1459,
	40.0939 48.881,
	40.0056 48.7927,
	39.6523 48.8368,
	39.4757 48.881,
	39.1225 48.7927,
	38.9458 48.6161,
	38.8575 48.4394,
	38.8575 48.2628,
	38.5484 48.0862,
	38.3718 47.9979,
	38.2835 47.8212,
	38.2835 47.468,
	38.1069 47.3797,
	37.7536 47.3797,
	37.577 47.3355,
	37.2237 47.0264,
	37.003 46.6732,
	36.8705 46.3199,
	36.8705 45.9667,
	36.6497 45.2602,
	36.3406 44.5537,
	36.2081 43.8472,
	"/>
</Transform>

<Transform dim="0"
 xcoef=" 0 1 0 0 0 0"
 ycoef=" 0 0 1 0 0 0">
<Contour name="TB1_Epithelial(?)_PH" hidden="false" closed="true" simplified="true" border="0.501961 0.501961 0.501961" fill="0.501961 0.501961 0.501961" mode="9"
 points="46.2307 45.1981,
	46.3715 45.0104,
	46.4653 44.9165,
	46.6531 44.8696,
	47.0286 44.9634,
	47.7326 45.6675,
	48.0611 46.4184,
	48.2019 46.7939,
	48.2958 47.5448,
	48.4366 47.9203,
	48.5774 48.1081,
	48.6713 48.4835,
	48.7182 48.6713,
	48.6713 48.859,
	48.7651 49.0467,
	48.8121 49.4222,
	48.7182 49.7977,
	48.5774 49.9854,
	48.3897 49.8916,
	48.2489 49.7038,
	48.155 49.3284,
	47.8264 49.0937,
	47.4979 48.7651,
	47.3571 48.5774,
	47.3102 48.3897,
	47.1694 48.2019,
	47.0286 47.8264,
	46.7939 47.451,
	46.7 47.3571,
	46.7 47.2632,
	46.4653 46.8878,
	46.4653 46.5123,
	46.5123 46.3245,
	46.4184 45.9491,
	46.2307 45.5736,
	46.2307 45.245,
	"/>
</Transform>

<Transform dim="0"
 xcoef=" 0 1 0 0 0 0"
 ycoef=" 0 0 1 0 0 0">
<Contour name="TB1_Nuc79_PH" hidden="false" closed="true" simplified="true" border="0 0 1" fill="0 0 1" mode="15"
 points="36.5121 52.7546,
	36.6463 52.2176,
	36.7134 51.1438,
	37.1161 50.6739,
	37.3846 50.6068,
	38.4585 50.8753,
	38.9954 50.8753,
	39.2639 50.9424,
	39.5324 51.1438,
	40.0693 51.0766,
	40.3378 50.8082,
	40.8747 50.5397,
	41.3446 50.137,
	41.613 50.0028,
	42.15 50.2041,
	42.4184 50.4055,
	42.6198 50.9424,
	42.6198 51.2109,
	42.15 52.2848,
	41.3446 53.3586,
	40.472 54.2983,
	39.7337 55.3722,
	39.5324 55.9091,
	38.9954 56.4461,
	38.5927 56.8488,
	38.0558 57.3186,
	37.586 57.6542,
	37.049 57.5871,
	36.5792 57.1172,
	36.7134 56.0434,
	36.5121 54.9695,
	36.6463 54.701,
	36.5121 53.6271,
	36.5121 53.0902,
	36.5121 52.8217,
	"/>
</Transform>

<Transform dim="0"
 xcoef=" 0 1 0 0 0 0"
 ycoef=" 0 0 1 0 0 0">
<Contour name="NTB1_PH2" hidden="false" closed="true" simplified="true" border="0.501961 0.501961 0.501961" fill="0.501961 0.501961 0.501961" mode="9"
 points="36.5588 18.0275,
	36.7828 17.8595,
	37.0067 17.8035,
	37.9025 18.0835,
	38.0145 18.0835,
	38.2384 18.3074,
	38.2944 18.5314,
	38.4624 18.7553,
	38.6863 18.8673,
	39.0782 19.3152,
	39.3581 20.2109,
	39.4701 20.4349,
	39.4701 20.6588,
	39.694 20.8828,
	39.806 21.1067,
	39.75 22.0025,
	39.806 22.8983,
	39.694 23.3461,
	39.5261 23.5701,
	39.0782 23.738,
	38.6303 23.5701,
	38.4064 23.6261,
	38.1824 23.5701,
	38.0145 23.4021,
	38.0145 22.9542,
	37.8465 22.5064,
	37.9025 22.2824,
	38.0705 22.0585,
	38.1824 21.6106,
	38.1824 21.3866,
	38.1824 21.2747,
	38.4624 20.8268,
	38.5183 20.3789,
	38.4624 19.931,
	38.2944 19.7071,
	38.1824 19.7071,
	38.0705 19.5951,
	37.8465 19.5951,
	37.6226 19.4831,
	37.4546 19.0912,
	37.0067 18.8113,
	36.8388 18.4194,
	36.6708 18.1954,
	36.6148 18.0835,
	"/>
</Transform>

<Transform dim="0"
 xcoef=" 0 1 0 0 0 0"
 ycoef=" 0 0 1 0 0 0">
<Contour name="TB1_Nuc83_PH" hidden="false" closed="true" simplified="true" border="0 0.501961 0" fill="0 0.501961 0" mode="9"
 points="29.5499 46.037,
	29.9304 45.0224,
	30.2475 44.5152,
	30.7548 44.0713,
	31.0084 43.9444,
	31.1352 43.8176,
	31.3889 43.8176,
	31.8328 44.1347,
	32.8474 44.4517,
	33.3547 44.7688,
	33.7985 45.2127,
	34.2424 46.2273,
	34.6863 46.6712,
	34.8765 46.9248,
	35.1302 47.9394,
	35.1302 48.4467,
	35.4472 49.4613,
	35.7009 49.9686,
	35.8911 50.9832,
	35.8911 51.9978,
	35.7643 53.0123,
	35.5107 54.0269,
	34.8131 54.9781,
	34.3058 55.1049,
	33.7985 55.0415,
	33.2912 54.7879,
	33.0376 54.6611,
	32.5937 54.1538,
	32.2767 53.1392,
	32.1498 52.6319,
	31.6425 51.6173,
	31.2621 51.11,
	31.1352 50.8563,
	30.8816 50.6027,
	30.5645 50.0954,
	30.2475 49.0808,
	30.1207 48.5735,
	29.9938 48.4467,
	29.6768 47.4321,
	29.5499 46.4175,
	29.5499 46.1639,
	29.5499 46.1004,
	"/>
</Transform>

<Transform dim="0"
 xcoef=" 0 1 0 0 0 0"
 ycoef=" 0 0 1 0 0 0">
<Contour name="TB1_Nuc85_PH" hidden="false" closed="true" simplified="true" border="0 0 1" fill="0 0 1" mode="-13"
 points="25.9355 49.0174,
	25.9989 48.5101,
	26.1257 48.2565,
	26.1257 48.0028,
	26.3793 47.4955,
	26.5696 47.2419,
	27.0769 47.0516,
	27.3305 47.115,
	27.8378 47.0516,
	28.0915 46.8614,
	28.3451 46.8614,
	28.5988 47.0516,
	28.7256 47.1785,
	28.789 47.6857,
	29.3597 48.7003,
	29.6768 49.7149,
	30.1207 50.7295,
	30.6914 51.7441,
	31.0718 52.2514,
	31.0718 52.3782,
	31.6425 53.3928,
	32.4035 55.422,
	32.5937 55.9293,
	32.6571 56.1829,
	32.9742 56.6902,
	33.2912 57.7048,
	33.3547 58.2121,
	33.1644 58.7194,
	32.9108 58.9731,
	32.784 59.0365,
	32.6571 58.9731,
	32.4669 59.1633,
	32.4035 59.2901,
	31.8962 59.1633,
	31.6425 59.0365,
	31.1352 58.5292,
	30.1841 57.7682,
	29.5499 56.7536,
	29.1695 56.2464,
	29.1061 55.9927,
	28.6622 55.4854,
	28.2183 54.4708,
	27.9646 53.9635,
	27.711 52.9489,
	27.3939 52.505,
	27.2671 52.2514,
	27.1403 52.1246,
	26.4428 50.0954,
	26.1257 49.5881,
	25.9355 49.0808,
	"/>
</Transform>

<Transform dim="0"
 xcoef=" 0 1 0 0 0 0"
 ycoef=" 0 0 1 0 0 0">
<Contour name="TB1_AP12_EM" hidden="false" closed="true" simplified="true" border="0.792157 0 0" fill="1 0.701961 0.701961" mode="9"
 points="33.843 37.4514,
	33.8648 37.4077,
	33.9523 37.3311,
	33.9961 37.2983,
	34.0726 37.1234,
	34.0835 36.9484,
	34.1491 36.5985,
	34.1601 36.5548,
	34.2147 36.4673,
	34.2585 36.1174,
	34.2475 35.9424,
	34.2475 35.855,
	34.2694 35.8112,
	34.2038 35.7237,
	34.171 35.68,
	34.1491 35.505,
	34.2257 35.3301,
	34.2475 35.2863,
	34.335 35.2426,
	34.51 35.2645,
	34.5975 35.2098,
	34.6849 35.177,
	34.7724 35.1879,
	34.8162 35.1879,
	34.8599 35.2098,
	34.9146 35.2973,
	34.9474 35.4722,
	34.9802 35.5597,
	35.0239 35.5925,
	35.1989 35.6144,
	35.2863 35.6691,
	35.352 35.7565,
	35.4285 35.9315,
	35.4722 36.019,
	35.516 36.0518,
	35.6035 36.019,
	35.6909 36.0627,
	35.7784 36.1502,
	35.855 36.3251,
	35.8768 36.4126,
	35.9643 36.5876,
	36.0955 36.9375,
	36.2158 37.1124,
	36.2595 37.1562,
	36.4345 37.2109,
	36.522 37.2327,
	36.6094 37.2765,
	36.7079 37.4405,
	36.7953 37.3858,
	36.8391 37.3639,
	36.9266 37.4077,
	37.014 37.4842,
	37.1015 37.5061,
	37.189 37.5608,
	37.2546 37.6482,
	37.2983 37.692,
	37.3311 37.7795,
	37.3421 37.8669,
	37.353 37.9107,
	37.4186 37.9982,
	37.4624 38.031,
	37.5498 38.0419,
	37.5717 38.031,
	37.5936 38.0419,
	37.6045 38.031,
	37.692 38.0747,
	37.7795 38.1512,
	37.8669 38.184,
	37.9544 38.1731,
	38.1294 38.3371,
	38.2169 38.4137,
	38.5668 38.6433,
	38.7417 38.8073,
	38.8183 38.8948,
	38.862 38.9167,
	39.037 39.0916,
	39.1135 39.1791,
	39.201 39.2338,
	39.2447 39.2666,
	39.2775 39.3541,
	39.3869 39.529,
	39.5181 39.704,
	39.5618 39.7477,
	39.6056 39.7586,
	39.6493 39.7915,
	39.6712 39.7915,
	40.0211 40.1304,
	40.1086 40.1851,
	40.1523 40.207,
	40.2398 40.2835,
	40.2835 40.2944,
	40.371 40.3491,
	40.5459 40.4913,
	40.8959 40.6772,
	41.0708 40.7756,
	41.1583 40.8193,
	41.3332 40.9615,
	41.5082 41.0599,
	41.5957 41.1036,
	41.6832 41.1911,
	41.7269 41.213,
	41.9019 41.213,
	41.9456 41.2348,
	41.9784 41.2786,
	41.9675 41.3223,
	41.88 41.3661,
	41.8362 41.4098,
	41.9237 41.5847,
	41.9675 41.6285,
	42.0549 41.6613,
	42.1424 41.6613,
	42.2299 41.6832,
	42.3174 41.6832,
	42.4923 41.7597,
	42.5798 41.7925,
	42.7548 41.8144,
	42.7985 41.8144,
	42.9735 41.9347,
	43.05 42.0221,
	43.0609 42.1971,
	43.05 42.2408,
	43.0828 42.3283,
	43.1484 42.4158,
	43.4983 42.7548,
	43.6733 42.8641,
	43.7389 42.9516,
	43.7717 42.9953,
	43.8264 43.1703,
	43.9029 43.3452,
	43.9576 43.4327,
	43.9795 43.4765,
	43.9904 43.6514,
	44.0669 43.8264,
	44.1653 44.0013,
	44.2091 44.0888,
	44.2419 44.2638,
	44.2528 44.3512,
	44.2638 44.395,
	44.2856 44.4059,
	44.3184 44.5809,
	44.3294 44.6683,
	44.384 44.8433,
	44.4496 45.1932,
	44.4606 45.2369,
	44.4387 45.3244,
	44.4606 45.4994,
	44.4715 45.5869,
	44.5043 45.6743,
	44.5262 45.7181,
	44.4496 45.893,
	44.4059 45.9805,
	44.384 46.0242,
	44.4496 46.3742,
	44.4715 46.7241,
	44.4934 46.8115,
	44.5153 46.8553,
	44.5153 46.9428,
	44.5481 47.1177,
	44.5262 47.2927,
	44.4824 47.3801,
	44.4059 47.4676,
	44.384 47.4895,
	44.3622 47.4895,
	44.2747 47.566,
	44.3075 47.741,
	44.2528 48.0909,
	44.2528 48.1784,
	44.22 48.2659,
	44.2091 48.3533,
	44.1435 48.5283,
	44.1216 48.6158,
	44.0669 48.7033,
	43.9138 48.8782,
	43.8701 48.9219,
	43.7826 48.9657,
	43.6077 49.1188,
	43.5093 49.2937,
	43.4436 49.3812,
	43.3562 49.4468,
	43.3015 49.5343,
	43.1375 49.7092,
	43.0719 49.8842,
	43.0281 50.0592,
	42.8969 50.4091,
	42.875 50.4528,
	42.886 50.4965,
	42.7985 50.8465,
	42.7329 51.0214,
	42.6892 51.1089,
	42.6673 51.1964,
	42.6563 51.2182,
	42.7329 51.3932,
	42.7548 51.4807,
	42.711 51.6556,
	42.6235 51.8306,
	42.5798 51.9181,
	42.547 52.093,
	42.5251 52.1805,
	42.3392 52.5304,
	42.1971 52.7054,
	41.8472 53.0443,
	41.6722 53.2193,
	41.5847 53.2958,
	41.4098 53.4052,
	41.2348 53.5801,
	41.0927 53.7551,
	40.8521 54.105,
	40.5678 54.4549,
	40.4694 54.6299,
	40.4366 54.6517,
	40.4585 54.6736,
	40.4694 54.6736,
	40.4257 54.7064,
	40.4038 54.7064,
	40.2288 54.8814,
	40.1195 55.0563,
	39.9773 55.2313,
	39.9227 55.3188,
	39.9008 55.3625,
	39.8899 55.45,
	39.868 55.4937,
	39.8352 55.8436,
	39.8243 55.9311,
	39.7915 56.0186,
	39.7368 56.1061,
	39.7258 56.1279,
	39.6821 56.117,
	39.5946 56.1717,
	39.4197 56.3466,
	39.3759 56.3685,
	39.3322 56.3685,
	39.2885 56.4013,
	39.2666 56.4013,
	39.19 56.4888,
	39.1682 56.5325,
	39.0807 56.62,
	38.9932 56.6747,
	38.9385 56.7621,
	38.8948 56.8059,
	38.7198 56.9043,
	38.3699 57.1667,
	38.2825 57.2105,
	38.2278 57.2979,
	38.184 57.3417,
	38.0091 57.4401,
	37.9872 57.4401,
	37.9107 57.5276,
	37.8779 57.615,
	37.8451 57.6588,
	37.8123 57.7463,
	37.8013 57.79,
	37.8341 57.965,
	37.856 58.0524,
	37.8013 58.2274,
	37.7467 58.3149,
	37.7467 58.3367,
	37.3967 58.6648,
	37.3093 58.7523,
	37.2218 58.8069,
	37.0468 58.96,
	36.9703 59.0475,
	36.9266 59.0912,
	36.9047 59.1131,
	36.8609 59.2881,
	36.8281 59.3755,
	36.6751 59.5505,
	36.5985 59.638,
	36.5329 59.8129,
	36.5001 59.9004,
	36.4892 59.9441,
	36.522 60.0316,
	36.5329 60.1191,
	36.522 60.2066,
	36.5548 60.3815,
	36.5657 60.4253,
	36.5329 60.5128,
	36.522 60.6002,
	36.5766 60.7752,
	36.5766 60.8189,
	36.5548 60.8627,
	36.5548 60.9501,
	36.5876 61.0376,
	36.5985 61.1251,
	36.5657 61.2126,
	36.5876 61.3875,
	36.5438 61.475,
	36.5001 61.65,
	36.5001 61.6937,
	36.4782 61.7374,
	36.4673 61.9124,
	36.5001 62.0874,
	36.5985 62.2623,
	36.6641 62.3498,
	36.6969 62.4373,
	36.7079 62.5247,
	36.6969 62.6122,
	36.7188 62.6997,
	36.8828 62.8637,
	36.85 62.9075,
	36.7625 62.8637,
	36.686 62.7762,
	36.6423 62.6888,
	36.6313 62.6013,
	36.5985 62.5138,
	36.5766 62.4701,
	36.5548 62.4482,
	36.5001 62.5247,
	36.4673 62.481,
	36.4126 62.1311,
	36.3908 61.7812,
	36.3689 61.6062,
	36.358 61.5187,
	36.0299 61.1798,
	35.855 61.147,
	35.68 61.1798,
	35.505 61.2563,
	35.3082 61.6062,
	35.2317 61.6828,
	35.1879 61.6937,
	35.1661 61.6937,
	35.1442 61.65,
	35.1989 61.5625,
	35.2535 61.3875,
	35.2863 61.2126,
	35.3082 61.1251,
	35.3957 60.9501,
	35.4176 60.7752,
	35.4504 60.6877,
	35.4613 60.6002,
	35.4613 60.5565,
	35.4504 60.5346,
	35.4832 60.4909,
	35.5378 60.141,
	35.5269 60.0535,
	35.5488 59.966,
	35.7565 59.6161,
	35.8987 59.4411,
	35.9752 59.3537,
	35.9862 59.2662,
	35.9862 59.2225,
	36.0299 59.135,
	36.3033 58.7851,
	36.3689 58.6976,
	36.4236 58.5226,
	36.4564 58.4352,
	36.4454 58.0852,
	36.4017 57.9103,
	36.358 57.5604,
	36.3361 57.2105,
	36.3361 56.8606,
	36.347 56.6856,
	36.3908 56.5106,
	36.358 56.1607,
	36.3251 55.9858,
	36.3142 55.8108,
	36.3033 55.7233,
	36.2705 55.6359,
	36.2595 55.5484,
	36.3142 55.1985,
	36.3361 55.0235,
	36.4345 54.8486,
	36.4673 54.4987,
	36.4564 54.3237,
	36.4454 54.2362,
	36.4236 54.1925,
	36.3908 53.8426,
	36.3142 53.6676,
	36.2705 53.5801,
	36.2595 53.4927,
	36.2923 53.1427,
	36.2923 52.7928,
	36.358 52.4429,
	36.4017 52.3554,
	36.4236 52.3117,
	36.4126 52.1368,
	36.4345 52.0493,
	36.4345 51.8743,
	36.4017 51.6994,
	36.3908 51.3495,
	36.3689 51.262,
	36.3689 51.2182,
	36.347 51.1745,
	36.3033 51.1308,
	36.2814 51.1089,
	36.1065 51.087,
	35.9643 50.9121,
	35.9315 50.8683,
	35.8768 50.6934,
	35.8659 50.6496,
	35.8659 50.6278,
	35.9534 50.595,
	35.9971 50.595,
	36.0408 50.5731,
	36.0299 50.3981,
	36.0408 50.3107,
	35.9862 49.9607,
	35.9315 49.7858,
	35.9424 49.6108,
	35.9424 49.5234,
	35.9424 49.4796,
	36.008 49.3047,
	36.0736 49.2172,
	36.0955 49.2062,
	36.1393 49.2172,
	36.2267 49.3047,
	36.2814 49.3921,
	36.3142 49.4796,
	36.3142 49.5015,
	36.6641 49.8186,
	37.014 50.0373,
	37.189 50.1904,
	37.3639 50.2888,
	37.4514 50.2997,
	37.5389 50.3435,
	37.6264 50.3544,
	37.6701 50.3435,
	37.8451 50.3653,
	38.02 50.3544,
	38.1075 50.3872,
	38.195 50.3872,
	38.3699 50.4419,
	38.4574 50.4856,
	38.5012 50.5075,
	38.6761 50.5184,
	38.8511 50.5512,
	39.026 50.6059,
	39.201 50.6278,
	39.2885 50.6387,
	39.3759 50.6059,
	39.4197 50.584,
	39.5071 50.6059,
	39.5509 50.6059,
	39.6384 50.6387,
	39.8133 50.6387,
	39.9008 50.6278,
	39.9445 50.6168,
	40.1195 50.6387,
	40.207 50.6387,
	40.5569 50.5293,
	40.7318 50.5075,
	40.7537 50.4965,
	40.7974 50.5075,
	40.8849 50.4856,
	40.9724 50.4309,
	41.0161 50.4091,
	41.0271 50.3981,
	41.0489 50.42,
	41.0927 50.3872,
	41.1802 50.3763,
	41.3551 50.2888,
	41.4426 50.2341,
	41.5191 50.1466,
	41.6066 50.092,
	41.6941 50.0045,
	41.7925 49.8295,
	41.8472 49.742,
	41.9237 49.6546,
	41.9675 49.6218,
	41.9893 49.5999,
	42.1643 49.578,
	42.1862 49.589,
	42.4158 49.2391,
	42.5907 49.1078,
	42.6782 49.0204,
	42.7657 48.8454,
	42.8422 48.7579,
	43.0172 48.6376,
	43.1047 48.5502,
	43.1593 48.4627,
	43.1922 48.3752,
	43.2031 48.3315,
	43.1922 48.3096,
	43.2031 48.2659,
	43.3671 48.1018,
	43.5202 47.7519,
	43.5967 47.402,
	43.6295 47.0521,
	43.5967 46.8772,
	43.5967 46.5272,
	43.6514 46.1773,
	43.7498 45.8274,
	43.8045 45.6525,
	43.8373 45.3026,
	43.8264 45.1276,
	43.7826 45.0401,
	43.7608 44.9526,
	43.7826 44.8652,
	43.7826 44.7777,
	43.8154 44.6902,
	43.8264 44.6465,
	43.7498 44.2966,
	43.6951 43.9466,
	43.6842 43.8592,
	43.6951 43.8154,
	43.6623 43.728,
	43.5967 43.6405,
	43.553 43.553,
	43.5311 43.4655,
	43.4765 43.378,
	43.389 43.3124,
	43.3452 43.2687,
	43.2796 43.0937,
	43.1922 42.9188,
	43.2031 42.875,
	43.1812 42.7876,
	43.1375 42.7001,
	42.8094 42.3502,
	42.6345 42.1862,
	42.547 42.1205,
	42.5033 42.0877,
	42.4595 42.0877,
	42.1096 41.8472,
	42.0221 41.7816,
	41.9347 41.7488,
	41.8909 41.7488,
	41.8034 41.705,
	41.4754 41.3551,
	41.3879 41.3004,
	41.3442 41.2567,
	41.3223 41.213,
	41.1474 41.1146,
	40.7974 40.8193,
	40.6225 40.7209,
	40.535 40.6772,
	40.4475 40.6116,
	40.4038 40.5678,
	40.3163 40.535,
	40.2726 40.5131,
	40.2616 40.4913,
	40.2726 40.4475,
	40.1851 40.3601,
	40.0976 40.3054,
	40.0101 40.2944,
	39.9664 40.2726,
	39.8899 40.1851,
	39.8133 40.1304,
	39.7696 40.1523,
	39.7477 40.1632,
	39.6165 39.9883,
	39.4415 39.868,
	39.2666 39.7696,
	38.9495 39.4197,
	38.8839 39.3322,
	38.8401 39.3213,
	38.7964 39.3322,
	38.6214 39.2119,
	38.5777 39.1791,
	38.534 39.1682,
	38.4902 39.1791,
	38.4027 39.1135,
	38.2278 38.9495,
	38.1403 38.8729,
	38.0091 38.698,
	37.8451 38.523,
	37.6701 38.4246,
	37.5826 38.3809,
	37.5389 38.359,
	37.3639 38.2059,
	37.2765 38.1512,
	37.1452 37.9763,
	37.0578 37.9435,
	36.9703 37.8779,
	36.9266 37.8669,
	36.7516 37.9435,
	36.7079 37.9325,
	36.5329 37.9982,
	36.4454 38.02,
	36.358 38.1075,
	36.3033 38.195,
	36.2267 38.2825,
	36.1065 38.4574,
	36.0408 38.534,
	35.9862 38.4574,
	35.9752 38.2825,
	35.9752 38.195,
	35.9752 38.1512,
	36.0846 37.8013,
	36.0955 37.7139,
	36.0846 37.6264,
	36.0518 37.5936,
	36.0299 37.5826,
	35.9424 37.6264,
	35.855 37.692,
	35.7565 37.8669,
	35.6035 38.2169,
	35.5378 38.3918,
	35.516 38.4793,
	35.341 38.8292,
	35.2645 39.0042,
	35.2317 39.1791,
	35.2207 39.3541,
	35.1879 39.4415,
	35.2098 39.6165,
	35.2207 39.6602,
	35.2207 39.6821,
	35.2973 39.7696,
	35.3301 39.8571,
	35.3738 39.8899,
	35.5488 39.9227,
	35.5925 39.9117,
	35.68 39.9336,
	35.7019 39.9227,
	35.7237 39.9336,
	35.68 40.0211,
	35.5925 40.0539,
	35.5488 40.0648,
	35.3738 39.9992,
	35.2863 39.9445,
	35.2207 39.8571,
	35.1333 39.8133,
	35.0895 39.8024,
	35.002 39.8571,
	34.9474 39.9445,
	34.8927 40.1195,
	34.9146 40.207,
	34.8818 40.3819,
	34.849 40.4694,
	34.838 40.5569,
	34.849 40.6006,
	34.8271 40.7756,
	34.849 40.9505,
	34.838 41.038,
	34.849 41.1255,
	34.9036 41.3004,
	34.9146 41.3879,
	34.9255 41.4317,
	34.8708 41.7816,
	34.838 41.9565,
	34.849 42.3064,
	34.8708 42.4814,
	34.9255 42.6563,
	34.9802 43.0063,
	35.013 43.1812,
	35.013 43.2687,
	35.0348 43.3562,
	35.0348 43.4436,
	35.0895 43.6186,
	35.1223 43.7936,
	35.1005 43.881,
	35.1114 43.9685,
	35.1879 44.1435,
	35.2317 44.2309,
	35.2207 44.5809,
	35.2207 44.7558,
	35.2098 44.8433,
	35.2098 44.887,
	35.177 44.9198,
	35.1879 44.9636,
	35.1551 45.1385,
	35.1989 45.3135,
	35.2426 45.401,
	35.3082 45.7509,
	35.3301 45.8384,
	35.3301 45.9258,
	35.4176 46.2757,
	35.4504 46.3632,
	35.4285 46.7131,
	35.3629 46.8881,
	35.3738 46.9756,
	35.4504 47.1505,
	35.4832 47.1943,
	35.4941 47.2817,
	35.5816 47.4567,
	35.6581 47.5442,
	35.7019 47.5879,
	35.7456 47.6754,
	35.7128 48.0253,
	35.7019 48.1128,
	35.7347 48.2877,
	35.7893 48.4627,
	35.8878 48.6376,
	35.9424 48.7251,
	35.9643 48.8126,
	36.0736 48.9876,
	36.0955 49.0313,
	36.0846 49.075,
	36.019 49.1625,
	35.9862 49.25,
	35.9424 49.2828,
	35.9206 49.2719,
	35.9315 49.2281,
	35.9206 49.1844,
	35.7675 49.0094,
	35.7128 48.9219,
	35.6581 48.747,
	35.6253 48.7033,
	35.6035 48.6158,
	35.6035 48.4408,
	35.5925 48.3533,
	35.5597 48.2659,
	35.5378 48.2221,
	35.5378 48.2003,
	35.516 48.1784,
	35.505 48.0909,
	35.5269 47.916,
	35.5269 47.741,
	35.4941 47.566,
	35.4832 47.4786,
	35.4504 47.3911,
	35.352 47.2161,
	35.3082 47.1287,
	35.2207 47.0412,
	35.1989 47.0193,
	35.1879 46.9318,
	35.341 46.5819,
	35.352 46.407,
	35.341 46.3195,
	35.3082 46.232,
	35.1989 46.057,
	35.0458 45.8821,
	34.9474 45.7071,
	34.8052 45.5322,
	34.7615 45.4884,
	34.7287 45.3135,
	34.7505 45.226,
	34.8708 45.0511,
	34.9474 44.9636,
	34.9583 44.9417,
	34.9474 44.9198,
	34.9911 44.7449,
	34.9802 44.6574,
	34.9911 44.4824,
	34.9364 44.1325,
	34.9692 43.7826,
	34.9692 43.6077,
	34.9474 43.5202,
	34.9583 43.4327,
	34.8818 43.0828,
	34.8818 42.9078,
	34.8271 42.7329,
	34.7943 42.6454,
	34.6959 41.9456,
	34.6631 41.8581,
	34.674 41.7706,
	34.6959 41.7269,
	34.7068 41.5519,
	34.7068 41.4645,
	34.7177 41.4426,
	34.6849 41.3989,
	34.7177 41.0489,
	34.7068 40.699,
	34.7068 40.5241,
	34.6631 40.3491,
	34.5865 40.1742,
	34.5537 39.8243,
	34.5319 39.6493,
	34.4881 39.4743,
	34.4772 39.3869,
	34.4881 39.2994,
	34.4553 39.1244,
	34.4444 38.7745,
	34.4334 38.5996,
	34.4006 38.4246,
	34.3569 38.3371,
	34.1929 38.1731,
	34.1054 38.1294,
	34.0179 38.1184,
	33.9742 38.1075,
	33.9523 38.0856,
	33.9961 38.0528,
	34.0398 38.0419,
	34.0835 38.0091,
	34.1163 37.8341,
	34.0835 37.6592,
	34.0289 37.4842,
	33.9961 37.4405,
	33.9086 37.4733,
	33.8758 37.517,
	33.8539 37.517,
	33.843 37.4733,
	33.843 37.4624,
	"/>
</Transform>

<Transform dim="0"
 xcoef=" 0 1 0 0 0 0"
 ycoef=" 0 0 1 0 0 0">
<Contour name="TB1_AP22_EM" hidden="false" closed="true" simplified="true" border="0.133333 0.568627 1" fill="0 1 0" mode="9"
 points="24.3732 46.9787,
	24.4595 46.8636,
	24.5746 46.8205,
	24.6321 46.8205,
	24.6896 46.8492,
	24.7472 46.8349,
	24.776 46.8492,
	24.8623 46.7342,
	24.891 46.7342,
	24.9773 46.8492,
	25.0924 46.8924,
	25.15 46.878,
	25.2363 46.7629,
	25.2938 46.7198,
	25.3657 46.4896,
	25.3657 46.4321,
	25.4808 46.3314,
	25.9411 46.1156,
	26.4015 45.9718,
	26.4446 45.943,
	26.5022 45.9718,
	26.7323 45.9574,
	26.7899 45.943,
	27.02 45.7272,
	27.0488 45.7128,
	27.2789 45.7704,
	27.394 45.7848,
	27.5091 45.7704,
	27.6242 45.8135,
	27.6673 45.7991,
	27.7249 45.8279,
	28.0989 46.2882,
	28.1277 46.317,
	28.3578 46.2738,
	28.588 46.3026,
	28.7031 46.3314,
	28.9332 46.5472,
	29.0339 46.6622,
	29.1058 46.7773,
	29.1202 46.8924,
	29.1058 47.0075,
	29.1634 47.2376,
	29.2785 47.4678,
	29.4079 47.9281,
	29.4798 48.1583,
	29.6237 48.3884,
	29.6669 48.5035,
	29.6812 48.7337,
	29.7819 49.194,
	29.8251 49.3091,
	29.9833 49.5392,
	30.0552 49.6543,
	30.084 49.7119,
	30.084 49.7406,
	30.1991 49.8557,
	30.3286 50.0859,
	30.4149 50.316,
	30.4436 50.4311,
	30.5012 50.5462,
	30.53 50.6037,
	30.645 50.69,
	30.7026 50.8051,
	30.717 50.9202,
	30.8177 51.1504,
	31.3643 52.071,
	31.4362 52.3012,
	31.465 52.4162,
	31.6664 52.8766,
	31.8965 53.3369,
	32.0835 53.7972,
	32.1555 54.0274,
	32.3856 54.4877,
	32.4432 54.6028,
	32.5151 55.0631,
	32.5439 55.2932,
	32.6589 55.5234,
	32.8028 55.7536,
	32.9035 55.9837,
	32.9754 56.2139,
	32.9898 56.329,
	33.1049 56.5591,
	33.335 56.6886,
	33.4357 56.8037,
	33.5076 57.0338,
	33.522 57.264,
	33.4933 57.4941,
	33.5652 57.9545,
	33.6083 58.0695,
	33.6515 58.1271,
	33.6803 58.3572,
	33.6659 58.5874,
	33.6947 58.8176,
	33.8673 59.2779,
	33.9104 59.393,
	34.0974 59.6231,
	34.2557 60.0834,
	34.2988 60.1985,
	34.2557 60.4287,
	34.2413 60.4575,
	34.3851 60.6876,
	34.4427 60.7164,
	34.5002 60.8315,
	34.4858 60.9465,
	34.4571 61.0041,
	34.4139 61.0329,
	34.2988 61.0472,
	34.2557 61.1623,
	34.2269 61.2199,
	34.1981 61.2486,
	34.083 61.2774,
	33.8529 61.263,
	33.7953 61.2918,
	33.781 61.2918,
	33.709 61.2918,
	33.4789 61.1767,
	33.4213 61.1479,
	33.3206 61.0329,
	33.2199 60.8027,
	33.1624 60.6876,
	33.0473 60.5869,
	32.8172 60.4575,
	32.3568 60.3136,
	32.2993 60.2992,
	32.0691 60.0834,
	31.7671 59.6231,
	31.652 59.508,
	31.4218 59.3642,
	31.3643 59.321,
	31.3355 59.3067,
	31.278 59.3354,
	31.1629 59.2923,
	30.9327 59.0909,
	30.8752 59.0621,
	30.645 58.832,
	30.53 58.7169,
	30.458 58.6018,
	30.3429 58.5011,
	30.1703 58.2709,
	30.084 58.1559,
	29.9689 58.0552,
	29.8539 58.012,
	29.8395 57.9976,
	29.7244 58.0552,
	29.6812 58.1127,
	29.6525 58.1415,
	29.5949 58.0983,
	29.523 57.9832,
	29.4367 57.7531,
	29.3935 57.6955,
	29.336 57.4654,
	29.2497 57.2352,
	29.2065 57.1201,
	29.1634 57.0626,
	29.1202 56.9475,
	29.0915 56.89,
	28.9764 56.7749,
	28.9188 56.6598,
	28.8038 56.5735,
	28.7031 56.4584,
	28.5736 56.2283,
	28.4873 56.1132,
	28.4154 55.883,
	28.3578 55.7679,
	28.2859 55.5378,
	28.2715 55.4227,
	28.0845 55.1925,
	27.9838 55.0775,
	27.9119 54.9624,
	27.8112 54.8473,
	27.7393 54.7322,
	27.6673 54.5021,
	27.6242 54.387,
	27.5235 54.2719,
	27.4659 54.2431,
	27.4372 54.1856,
	27.3221 54.0993,
	27.2646 54.0849,
	27.1639 53.9986,
	27.0056 53.7684,
	26.9337 53.6534,
	26.8762 53.4232,
	26.8474 53.3081,
	26.833 53.2506,
	26.8618 53.1355,
	26.8618 53.078,
	26.9769 52.8478,
	27.02 52.7903,
	26.9912 52.6752,
	26.9769 52.6464,
	27.0344 52.5313,
	27.0344 52.4738,
	27.0056 52.4162,
	26.9481 52.4019,
	26.9193 52.3731,
	26.8618 52.3587,
	26.833 52.3731,
	26.7899 52.3155,
	26.7611 52.2005,
	26.7323 52.1429,
	26.6748 52.0854,
	26.646 52.0566,
	26.5885 52.0422,
	26.4878 52.1573,
	26.459 52.1861,
	26.4302 52.1861,
	26.3871 52.1285,
	26.4158 51.8984,
	26.3151 51.6682,
	26.3583 51.2079,
	26.3439 50.9777,
	26.3295 50.8627,
	26.3295 50.8051,
	26.3008 50.7476,
	26.3008 50.7188,
	26.0706 50.4887,
	26.0131 50.4311,
	25.9843 50.4023,
	25.8692 50.4455,
	25.8261 50.503,
	25.8117 50.6181,
	25.7397 50.7332,
	25.6822 50.7764,
	25.5671 50.8051,
	25.452 50.7044,
	25.4377 50.6469,
	25.4952 50.6037,
	25.5527 50.6469,
	25.5815 50.6613,
	25.6247 50.6037,
	25.5671 50.3736,
	25.5527 50.316,
	25.5384 50.2873,
	25.6247 50.1722,
	25.6822 50.1434,
	25.7397 50.1578,
	25.8117 50.0427,
	25.8548 49.8126,
	25.8117 49.5824,
	25.7397 49.3522,
	25.6391 49.1221,
	25.6247 49.007,
	25.5815 48.8919,
	25.524 48.8631,
	25.3945 48.633,
	25.3226 48.5179,
	25.2938 48.5467,
	25.2363 48.5467,
	25.1356 48.4316,
	25.1212 48.3741,
	25.2219 48.1439,
	25.2219 48.1151,
	25.1212 48,
	25.0637 47.885,
	24.963 47.7699,
	24.9198 47.7123,
	24.9054 47.5973,
	24.7903 47.511,
	24.7184 47.3959,
	24.6177 47.2808,
	24.4019 47.1513,
	24.3732 47.0363,
	24.3732 46.9931,
	"/>
</Transform>

<Transform dim="0"
 xcoef=" 0 1 0 0 0 0"
 ycoef=" 0 0 1 0 0 0">
<Contour name="TB1_AP22_EM" hidden="false" closed="true" simplified="true" border="0.133333 0.568627 1" fill="0 1 0" mode="9"
 points="26.7129 39.1704,
	26.9287 38.71,
	26.9575 38.6525,
	27.0726 38.5518,
	27.1157 38.4367,
	27.1157 38.3792,
	27.1589 38.2641,
	27.1589 38.2066,
	27.087 37.9764,
	27.087 37.8613,
	26.9863 37.6312,
	27.0294 37.401,
	27.0582 37.2859,
	27.1733 37.0558,
	27.3315 36.8256,
	27.461 36.5954,
	27.4753 36.5379,
	27.4753 36.5091,
	27.5904 36.4084,
	27.7055 36.3509,
	27.7487 36.3077,
	27.6336 36.0776,
	27.576 35.9625,
	27.5473 35.905,
	27.576 35.8474,
	27.6336 35.8043,
	27.6911 35.7899,
	27.8062 35.8186,
	27.8637 35.833,
	27.8925 35.8474,
	28.0076 35.8043,
	28.0651 35.7755,
	28.0939 35.718,
	28.1227 35.6892,
	28.1227 35.6604,
	28.1802 35.6173,
	28.2953 35.6316,
	28.4104 35.718,
	28.5255 35.718,
	28.6261 35.6173,
	28.6549 35.5597,
	28.8851 35.4878,
	28.9426 35.5022,
	28.9714 35.5022,
	29.0002 35.5309,
	29.0002 35.5597,
	28.77 35.7467,
	28.6549 35.8186,
	28.5974 35.8474,
	28.4967 35.9625,
	28.4535 36.0776,
	28.4535 36.1351,
	28.4967 36.2502,
	28.5111 36.3077,
	28.4823 36.4228,
	28.4823 36.5379,
	28.4967 36.5954,
	28.5686 36.7105,
	28.5974 36.8256,
	28.6405 36.8831,
	28.6549 37.1133,
	28.6405 37.2284,
	28.6981 37.4585,
	28.6693 37.5736,
	28.6693 37.6312,
	28.6405 37.6743,
	28.583 37.6887,
	28.4679 37.6312,
	28.4104 37.6168,
	28.2953 37.6743,
	28.2378 37.7175,
	28.0939 37.9476,
	27.7055 38.408,
	27.4897 38.6093,
	27.4753 38.7244,
	27.4322 38.8395,
	27.274 39.0697,
	27.1733 39.1847,
	26.8856 39.6451,
	26.8424 39.7026,
	26.8136 39.717,
	26.7705 39.6163,
	26.7705 39.5012,
	26.7129 39.2711,
	26.7129 39.2135,
	26.7129 39.1847,
	"/>
</Transform>

<Transform dim="0"
 xcoef=" 0 1 0 0 0 0"
 ycoef=" 0 0 1 0 0 0">
<Contour name="TB1_AP22_EM" hidden="false" closed="true" simplified="true" border="0.133333 0.568627 1" fill="0 1 0" mode="9"
 points="33.5508 36.9911,
	33.5797 36.9333,
	33.6375 36.9478,
	33.6953 37.0056,
	33.7676 37.1212,
	33.7965 37.2369,
	33.8254 38.162,
	33.811 38.2198,
	33.7965 38.2488,
	33.7676 38.2488,
	33.7242 38.1331,
	33.7098 37.6705,
	33.7098 37.5549,
	33.652 37.3236,
	33.6231 37.2658,
	33.5652 37.2369,
	33.5508 37.0056,
	"/>
<Contour name="TB1_AP22_EM" hidden="false" closed="true" simplified="true" border="0.133333 0.568627 1" fill="0 1 0" mode="9"
 points="29.5467 35.1553,
	29.7779 34.9529,
	29.8936 34.8662,
	30.1249 34.8084,
	30.3562 34.7217,
	30.4718 34.7217,
	30.5296 34.7361,
	30.6453 34.6927,
	30.7609 34.6205,
	30.9922 34.5916,
	31.1078 34.5482,
	31.2235 34.4615,
	31.3391 34.4181,
	31.5704 34.4036,
	31.8017 34.3603,
	31.9173 34.3314,
	31.9751 34.3314,
	32.2064 34.4036,
	32.4377 34.3892,
	32.669 34.4615,
	32.7846 34.5048,
	32.9003 34.5771,
	33.0159 34.6783,
	33.0738 34.7217,
	33.305 34.7361,
	33.3629 34.7506,
	33.5941 34.924,
	33.6664 35.0397,
	33.7242 35.271,
	33.811 35.3866,
	33.8399 35.5022,
	33.8254 35.6179,
	33.7821 35.6757,
	33.7532 35.6902,
	33.7098 35.9214,
	33.7821 36.384,
	33.7676 36.4997,
	33.7242 36.6153,
	33.7098 36.7309,
	33.6809 36.7888,
	33.6231 36.7888,
	33.5797 36.7309,
	33.5508 36.4997,
	33.464 36.2684,
	33.3918 36.1527,
	33.3629 36.0949,
	33.3484 35.9793,
	33.3195 35.9214,
	33.2617 35.8636,
	32.7991 35.6179,
	32.6835 35.5745,
	32.5678 35.4878,
	32.4522 35.4444,
	32.3365 35.4589,
	32.2787 35.5167,
	32.2498 35.5456,
	32.1342 35.5456,
	31.9029 35.6468,
	31.845 35.6468,
	31.8161 35.6468,
	31.7005 35.5312,
	31.6427 35.4733,
	31.5849 35.4444,
	31.5559 35.43,
	31.4403 35.4589,
	31.3247 35.4589,
	31.0934 35.3288,
	30.9777 35.242,
	30.7464 35.1553,
	30.6308 35.1119,
	30.5152 35.1264,
	30.3995 35.0975,
	30.3417 35.0975,
	30.3272 35.1264,
	30.3851 35.242,
	30.3851 35.271,
	30.3272 35.2999,
	30.2116 35.2854,
	30.1538 35.271,
	29.9225 35.3143,
	29.8069 35.3143,
	29.6912 35.3432,
	29.6334 35.3432,
	29.5756 35.2999,
	29.5467 35.1842,
	29.5467 35.1698,
	"/>
</Transform>

<Transform dim="0"
 xcoef=" 0 1 0 0 0 0"
 ycoef=" 0 0 1 0 0 0">
<Contour name="TB1_Nuc84_PH" hidden="false" closed="true" simplified="true" border="0 0 1" fill="0 0 1" mode="9"
 points="45.0297 59.946,
	45.3782 59.1198,
	45.5332 58.7067,
	45.5332 58.6034,
	45.559 58.5001,
	45.559 58.2936,
	45.4428 57.4673,
	45.4041 57.2608,
	45.3912 57.1575,
	45.417 56.9509,
	45.5461 56.5378,
	45.6494 56.3313,
	45.7526 56.228,
	45.7784 56.2022,
	45.8688 55.7891,
	45.9979 55.5825,
	46.0496 55.4792,
	46.0625 55.3759,
	46.0237 55.1694,
	45.9592 54.9628,
	45.9334 54.7563,
	45.9463 54.3432,
	45.9075 53.93,
	45.8817 53.7235,
	45.9075 53.3104,
	45.9075 53.2071,
	45.8946 53.1554,
	45.9721 52.7423,
	46.0754 51.9161,
	46.127 51.503,
	46.1528 51.2964,
	46.1916 51.1931,
	46.2303 50.78,
	46.2303 50.5735,
	46.2174 50.4702,
	46.2561 50.2636,
	46.411 50.0571,
	46.4627 50.0313,
	46.6692 50.0313,
	46.8758 50.0054,
	46.9791 49.9667,
	47.0307 49.928,
	47.0823 49.9151,
	47.134 49.8763,
	47.3405 49.8376,
	47.3922 49.8376,
	47.4955 49.9022,
	47.5987 50.1087,
	47.6633 50.3153,
	47.8182 51.1415,
	47.8182 51.2448,
	47.8182 51.2964,
	47.7924 51.3481,
	47.5858 51.4901,
	47.56 51.5417,
	47.56 51.645,
	47.6116 51.7483,
	47.6246 51.7741,
	47.6633 51.7999,
	47.7407 52.0065,
	47.9731 52.4196,
	48.141 52.8327,
	48.2055 53.0393,
	48.2313 53.2458,
	48.2442 53.3491,
	48.2571 53.4007,
	48.0635 54.227,
	48.0119 54.4335,
	47.9989 54.8466,
	48.0119 55.0532,
	47.9473 55.8794,
	47.9731 56.2925,
	47.9344 56.7057,
	47.7666 57.5319,
	47.702 57.945,
	47.5987 58.3581,
	47.56 58.5647,
	47.418 58.9778,
	47.3276 59.1843,
	47.0953 60.0106,
	47.0694 60.1138,
	47.0565 60.1655,
	46.7725 60.5786,
	46.553 60.9917,
	46.3465 61.1854,
	46.1916 61.3919,
	45.985 61.5598,
	45.8817 61.6372,
	45.8301 61.6888,
	45.7268 61.7405,
	45.5203 61.7663,
	45.417 61.7534,
	45.3137 61.6888,
	45.2233 61.4823,
	45.2233 61.4307,
	45.0168 61.0175,
	45.0039 60.9143,
	45.0297 60.811,
	45.0168 60.6044,
	45.0297 60.3979,
	45.0555 60.2946,
	45.0426 60.088,
	45.0168 59.9848,
	45.0297 59.9589,
	"/>
</Transform>

<Transform dim="0"
 xcoef=" 0 1 0 0 0 0"
 ycoef=" 0 0 1 0 0 0">
<Contour name="TB3_AP01_EM" hidden="false" closed="true" simplified="true" border="0 1 0" fill="0 1 0" mode="9"
 points="98.7352 64.313,
	98.7976 64.1467,
	98.9015 63.9804,
	98.9223 63.6478,
	98.9846 63.3152,
	99.0054 63.2321,
	99.0678 63.149,
	99.0886 63.0658,
	99.2133 62.8995,
	99.3588 62.5669,
	99.4211 62.4006,
	99.4211 62.3175,
	99.4835 62.1512,
	99.5043 61.8186,
	99.3588 61.6523,
	99.3172 61.5692,
	99.338 61.486,
	99.4004 61.4237,
	99.5667 61.4237,
	99.6082 61.4445,
	99.6706 61.3613,
	99.6914 61.195,
	99.7122 61.1119,
	99.6082 60.9456,
	99.5667 60.8625,
	99.5667 60.6962,
	99.629 60.5299,
	99.8161 60.1973,
	99.8577 60.1141,
	99.8784 60.0726,
	99.8577 60.031,
	99.7745 60.0102,
	99.7329 59.9686,
	99.7745 59.3035,
	99.7953 58.9709,
	99.8784 58.6383,
	100.149 57.9732,
	100.211 57.6406,
	100.273 56.9754,
	100.315 56.6428,
	100.336 56.4765,
	100.44 56.144,
	100.46 55.9777,
	100.481 55.8945,
	100.419 55.5619,
	100.419 55.4788,
	100.606 55.1462,
	100.731 54.481,
	100.731 54.3148,
	100.627 53.9822,
	100.564 53.6496,
	100.606 53.317,
	100.606 52.9844,
	100.585 52.8181,
	100.648 52.4856,
	100.751 52.153,
	100.772 51.9867,
	100.71 51.3215,
	100.876 50.9889,
	101.001 50.6564,
	101.084 50.4901,
	101.313 50.1575,
	101.375 49.8249,
	101.354 49.6586,
	101.375 49.4923,
	101.375 49.4092,
	101.541 49.0766,
	101.583 48.9934,
	101.749 48.8479,
	101.853 48.6817,
	101.999 48.5361,
	102.331 48.3699,
	102.498 48.3906,
	102.581 48.3283,
	102.56 47.9957,
	102.622 47.9126,
	102.664 47.871,
	102.83 47.8502,
	102.996 47.7671,
	103.038 47.7671,
	103.08 47.7255,
	103.246 47.6839,
	103.412 47.6839,
	103.578 47.7671,
	103.662 47.7671,
	103.828 47.6008,
	103.911 47.5592,
	103.994 47.58,
	104.077 47.6423,
	104.16 47.8086,
	104.244 47.871,
	104.41 47.8294,
	104.742 47.58,
	104.784 47.5592,
	104.867 47.6008,
	104.909 47.6839,
	104.95 47.7255,
	105.283 47.4553,
	105.449 47.3721,
	105.615 47.4137,
	105.761 47.58,
	105.865 47.9126,
	105.927 48.0788,
	105.948 48.162,
	105.948 48.2036,
	106.114 48.3699,
	106.198 48.5361,
	106.218 48.7024,
	106.177 48.7856,
	106.177 48.9519,
	106.301 49.1182,
	106.301 49.2845,
	106.177 49.617,
	106.135 49.7002,
	106.156 49.8665,
	106.218 49.9496,
	106.26 50.1159,
	106.239 50.2822,
	106.114 50.4485,
	106.031 50.6148,
	105.969 50.6979,
	105.948 50.8642,
	105.969 51.0305,
	106.073 51.1968,
	106.135 51.3631,
	106.156 51.5294,
	106.239 51.6957,
	106.26 51.7788,
	106.177 51.9451,
	106.114 52.2777,
	106.052 52.444,
	106.01 52.5271,
	105.927 52.6103,
	105.844 52.7766,
	105.823 53.1091,
	105.512 53.7743,
	105.387 54.1069,
	105.324 54.4395,
	105.033 55.1046,
	104.826 55.7698,
	104.722 56.1024,
	104.659 56.2687,
	104.618 56.3518,
	104.327 56.6636,
	104.306 56.8299,
	104.306 56.913,
	103.994 57.5782,
	103.911 57.7445,
	103.849 57.8276,
	103.724 58.1602,
	103.641 58.4928,
	103.516 58.8254,
	103.433 58.9917,
	103.371 59.0748,
	103.329 59.1164,
	103.287 59.449,
	103.225 59.6153,
	103.225 59.6568,
	102.892 59.8647,
	102.809 59.8855,
	102.643 60.031,
	102.601 60.0934,
	102.622 60.1141,
	102.581 60.1349,
	102.518 60.4675,
	102.414 60.8001,
	102.227 61.1327,
	102.144 61.299,
	101.832 61.59,
	101.749 61.6523,
	101.583 61.6939,
	101.458 61.8394,
	101.396 61.9226,
	101.375 62.0889,
	101.417 62.2551,
	101.417 62.4214,
	101.417 62.463,
	101.25 62.6293,
	101.167 62.7956,
	101.126 62.9619,
	101.042 63.1282,
	100.731 63.4192,
	100.564 63.5231,
	100.481 63.5023,
	100.377 63.1905,
	100.294 63.0242,
	100.294 62.9411,
	100.46 62.6085,
	100.46 62.5254,
	100.377 62.463,
	100.294 62.4838,
	100.128 62.5877,
	99.9616 62.7332,
	99.8784 62.7956,
	99.8577 62.8787,
	99.8577 62.9203,
	99.9408 62.9827,
	100.024 63.0035,
	100.086 63.0866,
	100.086 63.1697,
	99.92 63.3152,
	99.7537 63.4192,
	99.6914 63.5023,
	99.6082 63.8349,
	99.6082 63.8765,
	99.6706 63.9596,
	99.6914 64.1259,
	99.5874 64.4585,
	99.5459 64.5416,
	99.3796 64.5832,
	99.338 64.6248,
	99.2964 64.7911,
	99.2133 64.8534,
	99.047 64.8327,
	98.9638 64.7911,
	98.7768 64.4585,
	98.756 64.3754,
	98.7352 64.3338,
	"/>
</Transform>

<Transform dim="0"
 xcoef=" 0 1 0 0 0 0"
 ycoef=" 0 0 1 0 0 0">
<Contour name="TB3_Nuc01_EM" hidden="false" closed="true" simplified="true" border="0 1 0" fill="0 1 0" mode="9"
 points="101.401 52.1055,
	101.423 51.7429,
	101.491 51.3802,
	101.877 50.655,
	102.171 50.2924,
	102.217 50.2017,
	102.534 49.8617,
	102.896 49.6577,
	103.259 49.4991,
	103.304 49.4991,
	103.35 49.4538,
	103.712 49.3404,
	103.894 49.3631,
	103.984 49.4084,
	104.166 49.4084,
	104.347 49.4538,
	104.438 49.4991,
	104.483 49.4991,
	104.846 49.8164,
	105.004 49.9751,
	105.231 50.3377,
	105.367 50.7003,
	105.435 51.4256,
	105.412 51.7882,
	105.276 52.5135,
	105.163 52.8761,
	105.118 53.0574,
	105.072 53.1027,
	105.072 53.1481,
	104.664 53.8733,
	104.37 54.236,
	104.03 54.4853,
	103.667 54.7799,
	103.576 54.8479,
	103.214 54.9612,
	102.851 54.9386,
	102.489 54.8706,
	102.307 54.8026,
	102.217 54.7346,
	102.171 54.7346,
	101.899 54.3719,
	101.741 54.0093,
	101.65 53.828,
	101.627 53.7373,
	101.627 53.692,
	101.582 53.6467,
	101.423 52.9214,
	101.401 52.1962,
	101.401 52.1282,
	"/>
</Transform>

<Transform dim="0"
 xcoef=" 0 1 0 0 0 0"
 ycoef=" 0 0 1 0 0 0">
<Contour name="TB0_Nuc06_EM" hidden="false" closed="true" simplified="true" border="0 1 0" fill="0 1 0" mode="9"
 points="14.2275 59.4999,
	14.4194 58.9883,
	14.5792 58.7326,
	14.6112 58.6047,
	14.899 58.0931,
	14.9629 58.0292,
	14.9949 57.9013,
	15.2187 57.6455,
	15.3785 57.3897,
	15.8261 56.8782,
	16.0819 56.7183,
	16.5935 56.6224,
	16.8492 56.5585,
	17.3608 56.6224,
	17.6166 56.7823,
	17.7125 56.8462,
	18.0642 57.2938,
	18.6716 58.3169,
	19.0873 59.34,
	19.1832 59.5958,
	19.3111 60.6189,
	19.3431 61.642,
	19.3111 62.1536,
	19.2152 62.4093,
	19.1832 62.5372,
	19.1193 62.6012,
	19.0553 62.857,
	18.7995 63.3685,
	18.6077 63.6243,
	18.3519 63.8801,
	18.224 63.976,
	17.2009 64.2317,
	16.9452 64.3277,
	16.4336 64.3596,
	16.3057 64.2957,
	16.2418 64.2957,
	15.7302 63.8481,
	15.5064 63.6243,
	15.4425 63.4964,
	15.3146 63.4005,
	15.2506 63.2726,
	14.803 62.793,
	14.6112 62.5372,
	14.4833 62.2815,
	14.4833 62.2175,
	14.3874 62.0896,
	14.2595 61.5781,
	14.2275 61.0665,
	14.2595 60.0434,
	14.2275 59.5319,
	"/>
</Transform>

<Transform dim="0"
 xcoef=" 0 1 0 0 0 0"
 ycoef=" 0 0 1 0 0 0">
<Contour name="TB2_AP14_EM" hidden="false" closed="true" simplified="true" border="0 1 0" fill="0 1 0" mode="9"
 points="66.8698 59.7497,
	66.9689 59.5232,
	67.0113 59.2967,
	67.0255 59.0702,
	67.0538 59.0136,
	67.2803 58.8579,
	67.3935 58.7729,
	67.4502 58.7305,
	67.4785 58.6739,
	67.4643 58.5606,
	67.5493 58.4615,
	67.7757 58.3624,
	67.889 58.2917,
	68.0022 58.1784,
	68.0872 58.0652,
	68.3136 57.8387,
	68.4269 57.7679,
	68.4835 57.7396,
	68.71 57.7254,
	68.8232 57.7113,
	69.0497 57.7254,
	69.163 57.7679,
	69.3753 57.9519,
	69.4885 58.1784,
	69.5452 58.2917,
	69.5876 58.3483,
	69.7009 58.4191,
	69.7575 58.4474,
	69.7858 58.4615,
	69.8141 58.4474,
	69.8707 58.4615,
	69.9273 58.504,
	70.1538 58.4757,
	70.3803 58.4898,
	70.6068 58.5606,
	70.6634 58.5748,
	70.72 58.6172,
	71.173 58.6597,
	71.3995 58.7446,
	71.626 58.7729,
	71.6826 58.8154,
	71.7959 58.8437,
	71.9091 58.8437,
	72.3621 58.7446,
	72.815 58.7022,
	73.268 58.7305,
	73.4945 58.7871,
	73.721 58.8862,
	74.1739 59.1268,
	74.2872 59.1976,
	74.4995 59.4241,
	74.6269 59.6506,
	74.6552 59.7638,
	74.6977 59.8204,
	74.726 59.9337,
	74.9525 60.1319,
	75.0799 60.5848,
	75.1082 61.0378,
	75.2214 61.2643,
	75.3064 61.3775,
	75.3347 61.4341,
	75.3205 61.6606,
	75.2781 61.8871,
	75.2214 62.0004,
	75.0374 62.2268,
	74.9808 62.2835,
	74.9525 62.3118,
	74.7685 63.2177,
	74.7685 63.331,
	74.6411 63.7839,
	74.5986 63.8972,
	74.5278 64.0104,
	74.4287 64.0953,
	74.3297 64.3218,
	74.2872 64.7748,
	74.273 65.0013,
	74.2306 65.1145,
	74.1881 65.341,
	74.1456 65.4543,
	74.1173 65.5109,
	73.2397 66.4027,
	73.1406 66.5159,
	73.084 66.5725,
	72.631 66.8273,
	72.178 67.0255,
	71.9516 67.1529,
	71.4986 67.3086,
	71.0456 67.4077,
	70.8191 67.4926,
	70.5926 67.5209,
	70.3662 67.5068,
	70.1397 67.4643,
	69.9132 67.4502,
	69.6867 67.3794,
	69.4602 67.252,
	69.347 67.1954,
	69.2337 67.1104,
	68.7949 66.6858,
	68.4269 66.2328,
	68.257 66.0063,
	68.1579 65.8931,
	68.073 65.6666,
	67.9598 65.2136,
	67.7191 64.7607,
	67.6625 64.5342,
	67.5493 63.6282,
	67.5351 63.515,
	67.5493 63.4017,
	67.5493 63.3451,
	67.5068 63.2319,
	67.4926 63.1753,
	67.5068 63.1186,
	67.4785 63.062,
	67.4077 62.609,
	67.3935 62.3826,
	67.4077 62.1561,
	67.4219 62.0994,
	67.3652 61.873,
	67.3511 61.6465,
	67.3369 61.5332,
	67.0821 61.0803,
	67.0113 60.8538,
	66.983 60.6273,
	66.9547 60.5707,
	66.9406 60.4574,
	66.9264 60.4008,
	66.9406 60.2876,
	66.8981 60.0611,
	66.8698 59.9478,
	66.8698 59.8346,
	66.8698 59.778,
	66.8698 59.7638,
	"/>
</Transform>

<Transform dim="0"
 xcoef=" 0 1 0 0 0 0"
 ycoef=" 0 0 1 0 0 0">
<Contour name="TB2_AP14_EM" hidden="false" closed="true" simplified="true" border="0 1 0" fill="0 1 0" mode="9"
 points="64.3643 20.0581,
	64.3926 19.9449,
	64.4068 19.8882,
	64.4351 19.8599,
	64.4634 19.7467,
	64.4634 19.6334,
	64.4775 19.5768,
	64.6899 19.4494,
	64.7182 19.4494,
	64.8314 19.3787,
	64.9305 19.1522,
	64.9871 19.0389,
	64.9871 18.9823,
	65.0862 18.7558,
	65.1287 18.6992,
	65.1428 18.6426,
	65.2136 18.5293,
	65.2419 18.501,
	65.2561 18.4444,
	65.61 17.9914,
	65.794 17.7791,
	65.8931 17.6659,
	65.9497 17.6234,
	66.2328 17.1704,
	66.3036 17.0713,
	66.4027 16.9722,
	66.5159 16.9156,
	66.6292 16.8873,
	66.7424 16.8165,
	66.7707 16.7599,
	66.9547 16.5617,
	67.0113 16.5051,
	67.3086 16.0521,
	67.5776 15.6133,
	67.6059 15.5567,
	67.804 15.3868,
	68.0164 15.1745,
	68.1155 15.1037,
	68.2146 15.0047,
	68.257 14.8914,
	68.2712 14.8348,
	68.2995 14.8065,
	68.3136 14.7499,
	68.4835 14.5517,
	68.5967 14.4526,
	68.6534 14.4384,
	68.71 14.4809,
	68.7383 14.5941,
	68.7383 14.6225,
	68.7666 14.6508,
	68.8232 14.6649,
	68.9365 14.6366,
	68.9931 14.6508,
	69.0497 14.6225,
	69.1205 14.7215,
	69.1771 14.948,
	69.1346 15.401,
	69.1063 15.6275,
	69.0639 15.7407,
	69.0639 15.7974,
	69.0356 15.854,
	69.0356 15.9106,
	68.9648 16.1371,
	68.9223 16.2503,
	68.8799 16.4768,
	68.8091 16.7033,
	68.7666 16.8165,
	68.6109 17.043,
	68.2004 17.949,
	67.9314 18.4019,
	67.7191 18.6143,
	67.6059 18.7134,
	67.5493 18.7417,
	67.5209 18.7417,
	67.4077 18.8124,
	67.3511 18.8407,
	67.3228 18.8407,
	67.2945 18.8691,
	67.1812 18.8974,
	67.1529 18.8974,
	67.1246 18.9257,
	67.0963 18.9257,
	66.8698 19.0814,
	66.6575 19.2937,
	66.5442 19.407,
	66.3744 19.6334,
	65.9355 20.0581,
	65.8223 20.143,
	65.5958 20.2704,
	65.1995 20.7234,
	65.0862 20.8367,
	64.8739 21.0207,
	64.8173 21.049,
	64.7607 21.0348,
	64.7323 21.0207,
	64.6757 20.7942,
	64.6333 20.6809,
	64.6049 20.6243,
	64.5766 20.596,
	64.5766 20.5677,
	64.4634 20.4686,
	64.3785 20.3554,
	64.3643 20.1289,
	64.3643 20.0723,
	"/>
</Transform>

<Transform dim="0"
 xcoef=" 0 1 0 0 0 0"
 ycoef=" 0 0 1 0 0 0">
<Contour name="TB3_Nuc03_EM" hidden="false" closed="true" simplified="true" border="0 1 0" fill="0 1 0" mode="9"
 points="90.1449 51.1993,
	90.2697 50.5335,
	90.3529 50.2007,
	90.6234 49.5349,
	90.7898 49.2021,
	91.6844 47.8706,
	91.9756 47.5377,
	92.3085 47.2465,
	92.6414 47.0592,
	93.3071 46.768,
	93.9728 46.5807,
	94.3057 46.6431,
	94.4721 46.7056,
	94.805 46.9136,
	95.1379 47.2257,
	95.2835 47.3921,
	95.4916 47.725,
	95.6164 47.8914,
	95.658 47.9746,
	95.6996 48.0162,
	95.6996 48.0578,
	95.762 48.1411,
	95.762 48.1827,
	95.8036 48.2243,
	95.8868 48.5571,
	95.9076 48.89,
	95.866 49.2229,
	95.866 49.3061,
	95.8244 49.3893,
	95.8036 49.7222,
	95.5332 51.0537,
	95.4291 51.3865,
	95.3667 51.553,
	95.2627 51.7194,
	95.2003 51.8026,
	95.1795 51.8858,
	94.9922 52.2187,
	94.6802 52.5516,
	94.3889 52.822,
	94.2225 52.926,
	94.0561 53.0717,
	93.9728 53.0925,
	93.8896 53.1549,
	93.5568 53.2589,
	93.3903 53.3213,
	93.3071 53.3629,
	93.2655 53.3629,
	93.1823 53.4253,
	92.8494 53.5502,
	92.8078 53.5502,
	92.7662 53.5918,
	92.4333 53.675,
	92.1005 53.6958,
	91.934 53.675,
	91.6012 53.5294,
	91.2683 53.3213,
	90.9562 52.9884,
	90.9146 52.9052,
	90.769 52.7388,
	90.5817 52.4059,
	90.5817 52.3643,
	90.4569 52.1979,
	90.2905 51.865,
	90.1657 51.5322,
	90.1449 51.2201,
	"/>
</Transform>

<Transform dim="0"
 xcoef=" 0 1 0 0 0 0"
 ycoef=" 0 0 1 0 0 0">
<Contour name="TB3_Nuc08_EM" hidden="false" closed="true" simplified="true" border="0 1 0" fill="0 1 0" mode="9"
 points="85.8028 63.6702,
	86.0924 62.8979,
	86.1889 62.7048,
	86.2613 62.6324,
	86.4544 62.6083,
	86.6475 62.7048,
	86.7441 62.7531,
	86.9371 62.7048,
	87.3233 62.4876,
	87.5164 62.4393,
	87.7095 62.4634,
	88.0957 62.6565,
	88.1198 62.7531,
	88.0715 62.9462,
	87.975 63.0427,
	87.7819 63.1151,
	87.5888 63.1392,
	87.3957 63.2358,
	87.2992 63.2599,
	86.913 63.4771,
	86.7923 63.6702,
	86.7441 63.7668,
	86.7923 63.9599,
	86.8889 63.984,
	86.9854 63.9599,
	87.1785 63.8151,
	87.3233 63.622,
	87.5164 63.4289,
	87.5647 63.3323,
	87.6129 63.3082,
	87.7336 63.4771,
	87.806 63.6702,
	87.9991 63.622,
	88.0957 63.5254,
	88.1922 63.3323,
	88.2646 63.2358,
	88.3612 63.2358,
	88.5542 63.4289,
	88.6267 64.2012,
	88.7956 64.5874,
	88.868 64.9736,
	88.868 65.0701,
	88.9646 65.2632,
	89.23 65.6494,
	89.4473 66.0355,
	89.6162 66.4217,
	89.6886 66.6148,
	89.6645 67.3871,
	89.6404 67.5802,
	89.5679 67.7733,
	89.5438 67.9664,
	89.5438 68.063,
	89.5921 68.1595,
	89.6162 68.3526,
	89.5921 68.5457,
	89.4955 68.7388,
	89.1335 69.0042,
	88.9404 69.1249,
	88.7473 69.1973,
	88.3612 69.1973,
	87.975 69.1249,
	87.7819 69.0284,
	87.7336 68.9801,
	87.3475 68.9077,
	87.1544 68.8353,
	86.7682 68.4491,
	86.4544 68.063,
	86.382 67.9664,
	86.3337 67.9181,
	86.1648 67.1458,
	86.0683 66.7596,
	85.9234 66.3734,
	85.8752 65.6011,
	85.8752 65.2149,
	85.8269 64.8288,
	85.8028 64.0564,
	85.8028 63.6944,
	"/>
</Transform>

<Transform dim="0"
 xcoef=" 0 1 0 0 0 0"
 ycoef=" 0 0 1 0 0 0">
<Contour name="TB3_Nuc08_EM" hidden="false" closed="true" simplified="true" border="0 1 0" fill="0 1 0" mode="9"
 points="86.8406 60.9912,
	86.8889 60.7981,
	86.9371 60.7015,
	86.9371 60.6533,
	87.0096 60.5567,
	87.1061 60.5326,
	87.1785 60.6291,
	87.2509 60.8222,
	87.2268 60.9188,
	87.0578 61.1118,
	86.9613 61.136,
	86.913 61.136,
	86.8647 61.0394,
	86.8406 61.0153,
	"/>
<Contour name="TB3_Nuc08_EM" hidden="false" closed="true" simplified="true" border="0 1 0" fill="0 1 0" mode="9"
 points="87.1061 61.5463,
	87.2992 61.4497,
	87.3957 61.4497,
	87.5888 61.5946,
	87.9026 61.9566,
	87.975 62.0531,
	87.975 62.1014,
	87.9026 62.198,
	87.5164 62.2221,
	87.4199 62.198,
	87.3957 62.1014,
	87.444 62.0531,
	87.5405 62.029,
	87.5888 61.9807,
	87.5164 61.8842,
	87.1302 61.667,
	87.1061 61.5704,
	"/>
</Transform>

<Transform dim="0"
 xcoef=" 0 1 0 0 0 0"
 ycoef=" 0 0 1 0 0 0">
<Contour name="TB3_Nuc33_EM" hidden="false" closed="true" simplified="true" border="0 1 1" fill="0 1 1" mode="9"
 points="98.3626 30.5605,
	98.4218 30.3235,
	98.4515 30.2643,
	98.4811 30.2346,
	98.644 29.7606,
	98.7329 29.5236,
	98.7774 29.4051,
	98.9255 29.1681,
	98.9848 29.0496,
	99.1773 28.8273,
	99.3995 28.6348,
	99.6217 28.4718,
	99.8588 28.3385,
	99.918 28.3237,
	99.9476 28.2941,
	100.185 28.2348,
	100.244 28.22,
	100.362 28.2496,
	100.599 28.2644,
	100.718 28.2792,
	100.955 28.3681,
	101.073 28.3978,
	101.311 28.5311,
	101.429 28.6051,
	101.548 28.7088,
	101.622 28.8273,
	101.651 28.857,
	101.799 29.805,
	101.873 30.2791,
	101.918 30.5161,
	101.918 30.6346,
	101.918 30.6939,
	101.814 30.9309,
	101.74 31.0346,
	101.636 31.1383,
	101.577 31.1531,
	101.518 31.1975,
	101.488 31.1975,
	101.296 31.4346,
	101.177 31.5531,
	101.118 31.6123,
	101.044 31.716,
	100.851 31.9086,
	100.762 31.9827,
	100.525 32.116,
	100.407 32.2345,
	100.288 32.3234,
	100.229 32.353,
	100.111 32.3382,
	100.066 32.2937,
	100.081 31.8197,
	100.081 31.7012,
	100.037 31.5827,
	100.007 31.5234,
	99.9773 31.5086,
	99.8736 31.6123,
	99.7254 31.8493,
	99.6069 31.953,
	99.5773 31.9827,
	99.3403 32.0419,
	99.2218 32.0715,
	99.1625 32.116,
	99.044 32.1308,
	98.9255 32.116,
	98.807 32.0715,
	98.7477 32.0419,
	98.6737 31.9234,
	98.6737 31.8049,
	98.57 31.5679,
	98.5255 31.5086,
	98.4959 31.479,
	98.407 31.242,
	98.3626 31.005,
	98.3626 30.7679,
	98.3626 30.6494,
	98.3626 30.5902,
	98.3626 30.5754,
	"/>
</Transform>

<Transform dim="0"
 xcoef=" 0 1 0 0 0 0"
 ycoef=" 0 0 1 0 0 0">
<Contour name="TB3_Nuc34_EM" hidden="false" closed="true" simplified="true" border="0 1 1" fill="0 1 1" mode="9"
 points="92.6396 40.8128,
	92.7522 40.4524,
	92.7748 40.2722,
	92.6847 39.9118,
	92.6847 39.8217,
	92.8874 39.4614,
	93.0225 39.3262,
	93.1126 39.2587,
	93.2252 39.101,
	93.2478 38.9208,
	93.1577 38.5604,
	93.1577 38.2,
	93.2252 37.8397,
	93.2478 37.7496,
	93.4054 37.5919,
	93.5856 37.5243,
	93.7433 37.3667,
	93.8334 37.1865,
	93.8784 37.0063,
	93.8559 36.6459,
	93.8784 36.2855,
	93.991 35.9252,
	94.1487 35.5648,
	94.2613 35.3846,
	94.2838 35.2945,
	94.3514 35.2044,
	94.3514 35.1594,
	94.5091 34.9792,
	94.6217 34.799,
	94.7568 34.6638,
	94.9145 34.4836,
	94.9595 34.4386,
	94.9595 34.3936,
	95.0496 34.3035,
	95.0496 34.2584,
	95.1397 34.1683,
	95.3875 33.8079,
	95.7929 33.0872,
	96.0182 32.7268,
	96.1533 32.5691,
	96.2209 32.479,
	96.3785 32.3664,
	96.4686 32.2989,
	96.5137 32.2088,
	96.8515 31.916,
	97.0317 31.8934,
	97.3921 32.0961,
	97.5723 32.1637,
	97.7525 32.1862,
	97.8426 32.2538,
	97.9101 32.6142,
	97.8426 32.7944,
	97.82 32.8845,
	97.4822 33.2449,
	97.4597 33.3349,
	97.4371 33.38,
	97.4822 33.7404,
	97.5047 33.9206,
	97.4371 34.2809,
	97.2119 35.0017,
	97.1894 35.3621,
	97.1218 35.7224,
	97.0542 35.9026,
	96.9416 36.0828,
	96.8966 36.1729,
	96.8065 36.2405,
	96.784 36.263,
	96.6713 36.1053,
	96.6038 35.9252,
	96.4461 35.7675,
	96.2659 35.7675,
	96.1758 35.8125,
	96.1308 35.8125,
	96.0857 35.7675,
	96.0857 35.5873,
	96.1983 35.2269,
	96.3335 35.0467,
	96.4011 34.8666,
	96.4461 34.7765,
	96.4461 34.5963,
	96.4236 34.5062,
	96.356 34.4386,
	96.2659 34.4386,
	96.1983 34.4836,
	96.1082 34.5737,
	95.7253 35.2945,
	95.4776 36.0153,
	95.4325 36.3756,
	95.41 36.5558,
	95.4325 36.736,
	95.5001 36.9162,
	95.6578 37.0739,
	95.7253 37.164,
	95.7253 37.2541,
	95.7253 37.2991,
	95.5452 37.4342,
	95.365 37.5018,
	95.2524 37.6595,
	95.2298 37.8397,
	95.2974 38.0199,
	95.365 38.11,
	95.41 38.4703,
	95.4776 38.6505,
	95.5226 38.7406,
	95.5452 38.5604,
	95.5226 38.3802,
	95.4551 38.2,
	95.4325 38.0199,
	95.41 37.9298,
	95.4551 37.7496,
	95.5226 37.6595,
	95.7028 37.5694,
	95.883 37.5243,
	96.0632 37.5469,
	96.1533 37.5243,
	96.2659 37.3441,
	96.2434 37.2541,
	95.9506 36.9162,
	95.883 36.736,
	95.8605 36.5558,
	95.9956 36.1954,
	96.0407 36.1053,
	96.1533 36.0153,
	96.3335 35.9927,
	96.4236 35.9927,
	96.5812 36.1504,
	96.6488 36.3306,
	96.6488 36.691,
	96.6713 36.8712,
	96.6713 36.9162,
	96.829 37.0964,
	96.9191 37.2766,
	97.0092 37.637,
	97.0542 37.9973,
	97.0993 38.1775,
	97.0542 38.5379,
	96.8741 39.2587,
	96.8065 39.619,
	96.784 39.7992,
	96.6488 40.1596,
	96.5812 40.52,
	96.5812 40.8804,
	96.4461 41.2407,
	96.4011 41.4209,
	96.4236 41.7813,
	96.4461 41.8714,
	96.4011 42.0516,
	96.1983 42.412,
	96.1758 42.5021,
	96.0857 42.5921,
	96.0407 42.6822,
	95.9506 42.7498,
	95.8605 42.7498,
	95.6803 42.6597,
	95.5001 42.6597,
	95.3199 42.7273,
	95.1397 42.8399,
	94.9595 42.8624,
	94.7794 42.8399,
	94.5992 42.7273,
	94.3289 42.3669,
	94.2163 42.1867,
	94.1487 42.0966,
	94.1487 42.0516,
	93.946 41.6912,
	93.6532 41.3984,
	93.5631 41.3308,
	93.2027 41.2858,
	92.8423 41.1732,
	92.6847 41.0155,
	92.6396 40.9254,
	92.6396 40.8353,
	"/>
</Transform>

<Transform dim="0"
 xcoef=" 0 1 0 0 0 0"
 ycoef=" 0 0 1 0 0 0">
<Contour name="TB3_Nuc35_EM" hidden="false" closed="true" simplified="true" border="0 1 0" fill="0 1 0" mode="9"
 points="101.688 33.117,
	101.749 32.8741,
	101.916 32.6313,
	102.037 32.5402,
	102.113 32.4188,
	102.159 32.2974,
	102.144 32.176,
	102.128 32.1153,
	102.204 31.8724,
	102.235 31.8117,
	102.265 31.5689,
	102.371 31.326,
	102.447 31.0832,
	102.493 30.8404,
	102.705 30.5975,
	102.781 30.4761,
	102.887 30.2333,
	102.948 30.1118,
	103.16 29.8842,
	103.282 29.8083,
	103.403 29.7628,
	103.464 29.7476,
	103.692 29.5503,
	103.813 29.5199,
	104.299 29.611,
	104.542 29.6869,
	104.784 29.8538,
	104.845 29.8842,
	104.966 29.869,
	105.088 29.7931,
	105.574 29.3833,
	105.695 29.3074,
	105.938 29.1101,
	105.999 29.095,
	106.029 29.0798,
	106.15 29.1253,
	106.393 29.2619,
	106.515 29.3074,
	106.575 29.3226,
	106.621 29.3833,
	106.575 29.5048,
	106.484 29.6262,
	106.439 29.6869,
	106.424 29.7172,
	106.469 29.7779,
	106.53 29.7628,
	106.636 29.6717,
	106.682 29.5503,
	106.682 29.5199,
	106.727 29.4592,
	106.97 29.3833,
	107.091 29.3833,
	107.213 29.4289,
	107.273 29.444,
	107.395 29.5351,
	107.516 29.5806,
	107.547 29.5806,
	107.607 29.6262,
	107.85 29.6717,
	107.972 29.6869,
	108.093 29.7931,
	108.123 29.9145,
	108.108 29.9752,
	108.017 30.0967,
	107.896 30.1726,
	107.835 30.2029,
	107.805 30.2333,
	107.774 30.2333,
	107.653 30.3243,
	107.531 30.385,
	107.471 30.4457,
	107.456 30.4761,
	107.501 30.5368,
	107.623 30.5975,
	107.865 30.5216,
	107.926 30.4761,
	107.941 30.4457,
	108.184 30.4306,
	108.306 30.4002,
	108.427 30.4154,
	108.488 30.4609,
	108.564 30.7038,
	108.67 31.6751,
	108.639 31.7965,
	108.351 32.2822,
	108.169 32.7679,
	108.032 33.0107,
	107.911 33.117,
	107.789 33.1928,
	107.668 33.1928,
	107.425 33.117,
	107.182 33.2536,
	107.061 33.3446,
	106.94 33.3902,
	106.879 33.4053,
	106.757 33.3902,
	106.515 33.2687,
	106.272 33.1928,
	106.15 33.1625,
	106.09 33.1625,
	105.847 33.0563,
	105.604 33.0107,
	105.118 32.9804,
	104.997 32.9804,
	104.754 32.8589,
	104.511 32.8438,
	104.268 32.8893,
	104.147 32.9348,
	103.661 33.4053,
	103.418 33.5419,
	103.176 33.6482,
	103.054 33.7392,
	102.993 33.7392,
	102.963 33.7241,
	102.902 33.7696,
	102.751 34.0124,
	102.644 34.1338,
	102.584 34.1946,
	102.523 34.2249,
	102.402 34.2401,
	102.341 34.2553,
	102.28 34.2401,
	102.159 34.149,
	102.098 34.0883,
	101.916 33.6026,
	101.87 33.4812,
	101.764 33.3598,
	101.688 33.2384,
	101.688 33.1321,
	"/>
</Transform>

<Transform dim="0"
 xcoef=" 0 1 0 0 0 0"
 ycoef=" 0 0 1 0 0 0">
<Contour name="TB3_Nuc36_EM" hidden="false" closed="true" simplified="true" border="0 1 1" fill="0 1 1" mode="9"
 points="99.1303 40.4139,
	99.1539 40.3196,
	99.2365 40.1309,
	99.3544 39.7535,
	99.4134 39.5649,
	99.4605 39.4705,
	99.4605 39.4469,
	99.4959 39.3998,
	99.4959 39.3762,
	99.5313 39.329,
	99.5549 39.3054,
	99.5549 39.2818,
	99.6138 39.1875,
	99.6374 39.1403,
	99.661 39.1167,
	99.661 39.0932,
	99.7671 38.9045,
	99.8615 38.5271,
	100.003 38.1497,
	100.062 37.961,
	100.074 37.9139,
	100.097 37.8903,
	100.097 37.8667,
	100.121 37.8431,
	100.121 37.8195,
	100.274 37.6426,
	100.298 37.5955,
	100.392 37.5011,
	100.581 37.3478,
	100.946 36.994,
	101.135 36.8171,
	101.512 36.5105,
	101.56 36.4751,
	101.583 36.4751,
	101.678 36.4044,
	101.701 36.4044,
	101.725 36.3808,
	101.748 36.3808,
	101.772 36.3572,
	101.819 36.3454,
	101.843 36.3218,
	101.89 36.3101,
	102.079 36.2039,
	102.173 36.145,
	102.362 35.9799,
	102.456 35.8973,
	102.597 35.7204,
	102.774 35.5317,
	102.857 35.461,
	102.904 35.4256,
	102.928 35.4256,
	102.951 35.402,
	102.975 35.402,
	103.022 35.3666,
	103.046 35.3666,
	103.093 35.3312,
	103.187 35.3077,
	103.376 35.3077,
	103.47 35.2959,
	103.517 35.2959,
	103.612 35.2487,
	103.788 35.0954,
	103.836 35.0482,
	104.024 34.9421,
	104.402 34.8242,
	104.59 34.7534,
	104.779 34.6591,
	104.873 34.6001,
	105.251 34.4704,
	105.345 34.4586,
	105.439 34.4704,
	105.487 34.4704,
	105.534 34.5058,
	105.616 34.6944,
	105.605 34.7888,
	105.616 34.8831,
	105.581 35.0718,
	105.522 35.2605,
	105.487 35.3548,
	105.322 35.5317,
	105.192 35.7204,
	104.98 36.0978,
	104.921 36.1921,
	104.897 36.2157,
	104.862 36.3101,
	104.803 36.4044,
	104.614 36.5813,
	104.461 36.77,
	104.296 36.9351,
	103.942 37.2299,
	103.847 37.3242,
	103.8 37.3478,
	103.612 37.5011,
	103.258 37.8667,
	103.222 37.9139,
	103.199 37.9375,
	102.975 38.6922,
	102.928 38.7865,
	102.892 38.8337,
	102.892 38.8573,
	102.81 38.9516,
	102.444 39.2347,
	102.067 39.5767,
	101.996 39.671,
	101.949 39.7653,
	101.925 39.8125,
	101.925 39.8361,
	101.902 39.8597,
	101.878 39.954,
	101.843 40.0012,
	101.831 40.0484,
	101.359 40.8031,
	101.253 40.9918,
	101.218 41.039,
	101.206 41.0861,
	101.135 41.1805,
	101.088 41.2748,
	101.017 41.3692,
	100.84 41.5343,
	100.793 41.5814,
	100.416 41.8055,
	100.321 41.8409,
	100.298 41.8409,
	100.274 41.8645,
	100.18 41.888,
	100.133 41.9116,
	99.944 41.9352,
	99.7553 41.9116,
	99.5667 41.8291,
	99.4841 41.7583,
	99.378 41.5696,
	99.2129 41.1923,
	99.1657 41.0036,
	99.1303 40.6262,
	99.1303 40.4375,
	99.1303 40.4257,
	"/>
</Transform>

<Transform dim="0"
 xcoef=" 0 1 0 0 0 0"
 ycoef=" 0 0 1 0 0 0">
<Contour name="TB3_Nuc40_EM" hidden="false" closed="true" simplified="true" border="0 1 0" fill="0 1 0" mode="9"
 points="118.698 35.6553,
	118.751 35.5137,
	118.821 35.4606,
	118.963 35.4252,
	119.246 35.3014,
	119.388 35.2129,
	119.441 35.1421,
	119.458 35.0713,
	119.441 35.0006,
	119.246 34.7174,
	119.228 34.4343,
	119.175 34.1512,
	119.069 34.045,
	119.051 33.9743,
	119.069 33.9035,
	119.175 33.7619,
	119.211 33.6911,
	119.211 33.6557,
	119.388 33.3726,
	119.512 33.2488,
	119.653 33.1603,
	119.724 33.1249,
	119.759 33.0895,
	119.901 33.0364,
	119.972 33.001,
	120.042 32.9303,
	120.06 32.7887,
	120.095 32.7179,
	120.237 32.6117,
	120.52 32.4702,
	120.803 32.4879,
	120.945 32.4879,
	121.228 32.4171,
	121.511 32.4348,
	121.794 32.4879,
	121.936 32.4702,
	122.077 32.4879,
	122.13 32.5587,
	122.183 33.1249,
	122.201 33.408,
	122.183 33.6911,
	122.095 33.9743,
	121.953 34.2574,
	121.847 34.8236,
	121.794 35.1067,
	121.759 35.2483,
	121.688 35.3899,
	121.458 35.6553,
	121.352 35.7791,
	121.21 35.8853,
	121.139 35.9384,
	120.998 35.9561,
	120.715 35.9207,
	120.644 35.9207,
	120.361 36.0446,
	120.29 36.08,
	120.272 36.0976,
	120.29 36.133,
	120.219 36.2569,
	120.184 36.2392,
	120.06 36.3631,
	119.494 36.6639,
	119.352 36.6639,
	119.211 36.5754,
	119.087 36.4339,
	118.998 36.2923,
	118.998 36.2569,
	118.768 35.9738,
	118.715 35.903,
	118.698 35.7614,
	118.698 35.6907,
	118.698 35.673,
	"/>
</Transform>

<Transform dim="0"
 xcoef=" 0 1 0 0 0 0"
 ycoef=" 0 0 1 0 0 0">
<Contour name="TB3_Nuc56_EM" hidden="false" closed="true" simplified="true" border="1 0 0" fill="1 0 0" mode="9"
 points="101.681 26.6936,
	101.728 26.5992,
	101.917 26.5992,
	102.011 26.5992,
	102.765 26.8586,
	102.954 26.8115,
	103.048 26.7643,
	103.072 26.7407,
	102.883 26.6228,
	102.765 26.4342,
	102.695 26.2455,
	102.836 26.0569,
	102.931 26.0569,
	103.025 26.104,
	103.143 25.939,
	103.143 25.8446,
	103.214 25.7739,
	103.261 25.7503,
	103.449 25.7975,
	103.638 25.8918,
	103.732 25.9154,
	103.827 25.8918,
	103.921 25.8211,
	103.945 25.7267,
	103.827 25.3494,
	103.827 25.2551,
	103.756 25.0665,
	103.662 25.0429,
	103.473 25.2315,
	103.402 25.4202,
	103.237 25.5853,
	103.143 25.656,
	103.048 25.656,
	103.001 25.6088,
	102.624 25.5381,
	102.435 25.4202,
	102.365 25.2315,
	102.365 25.1372,
	102.341 25.0901,
	102.459 24.7128,
	102.624 24.3355,
	102.624 24.1468,
	102.671 23.9582,
	102.836 23.7931,
	103.214 23.5809,
	103.591 23.2743,
	103.945 22.9206,
	104.11 22.7555,
	104.204 22.6612,
	104.298 22.4726,
	104.393 22.4018,
	104.44 22.3783,
	104.487 22.4018,
	104.864 22.3547,
	104.958 22.3311,
	105.147 22.3547,
	105.336 22.4254,
	105.713 22.732,
	106.067 23.1093,
	106.138 23.2979,
	106.09 23.6752,
	105.996 24.0525,
	105.878 24.2411,
	105.689 24.2647,
	105.501 24.194,
	105.407 24.194,
	105.312 24.2411,
	105.265 24.3119,
	105.312 24.4062,
	105.501 24.4298,
	105.595 24.5005,
	105.76 24.8778,
	105.807 25.0665,
	105.831 25.4438,
	105.855 25.6324,
	105.831 25.8211,
	105.76 26.0097,
	105.619 26.1984,
	105.572 26.2927,
	105.524 26.3398,
	105.572 26.7171,
	105.548 27.0944,
	105.524 27.1888,
	105.43 27.2595,
	105.383 27.2595,
	105.336 27.3538,
	105.359 27.5425,
	105.336 27.7311,
	105.312 27.8254,
	105.289 27.8726,
	105.241 27.849,
	104.911 28.2027,
	104.817 28.2735,
	104.77 28.3678,
	104.463 28.7215,
	104.275 28.9102,
	104.086 29.0045,
	103.897 29.0281,
	103.709 29.0045,
	103.614 28.9809,
	103.426 29.0516,
	103.048 29.0281,
	102.671 28.8866,
	102.577 28.8394,
	102.53 28.8394,
	102.482 28.7923,
	102.435 28.7923,
	102.247 28.6743,
	101.893 28.3206,
	101.822 28.132,
	101.775 27.3774,
	101.704 27.0001,
	101.704 26.8115,
	101.681 26.7171,
	"/>
</Transform>

<Transform dim="0"
 xcoef=" 0 1 0 0 0 0"
 ycoef=" 0 0 1 0 0 0">
<Contour name="TB3_AP04_EM" hidden="false" closed="true" simplified="true" border="1 0 0" fill="1 0 1" mode="9"
 points="94.9639 65.8129,
	95.079 65.5827,
	95.2085 65.1222,
	95.3668 64.9064,
	95.3956 64.8489,
	95.3956 64.8201,
	95.4244 64.7913,
	95.4675 64.5611,
	95.4675 64.446,
	95.4963 64.3309,
	95.5107 64.2733,
	95.6114 64.1582,
	95.7265 64.0863,
	95.8272 63.9712,
	95.8848 63.9136,
	95.928 63.6834,
	95.928 63.4532,
	95.8704 63.223,
	95.8848 62.9927,
	95.9567 62.7625,
	96.0143 62.6474,
	96.0575 62.4172,
	96.1438 62.187,
	96.4891 61.7266,
	96.7193 61.5251,
	96.9495 61.2949,
	97.0646 61.1942,
	97.1222 61.1366,
	97.151 61.0791,
	97.3812 60.9352,
	97.597 60.7337,
	97.669 60.6186,
	97.7697 60.5179,
	97.7985 60.5179,
	97.8416 60.5755,
	97.8416 60.6043,
	97.8992 60.6474,
	97.928 60.705,
	97.9423 61.1654,
	97.928 61.6258,
	97.9423 61.856,
	97.9136 62.3165,
	97.928 62.5467,
	97.8848 62.7769,
	97.8128 63.0071,
	97.7697 63.1222,
	97.6258 63.3524,
	97.5826 63.41,
	97.2661 64.3309,
	97.2373 64.3884,
	97.2085 64.4028,
	97.1654 64.633,
	97.1366 64.7481,
	97.079 64.8632,
	97.0215 65.0935,
	96.8632 65.5539,
	96.8344 65.669,
	96.7193 65.8992,
	96.6618 66.0143,
	96.2589 66.4604,
	96.1438 66.5755,
	96.0862 66.633,
	95.856 66.6474,
	95.7985 66.6474,
	95.6977 66.7625,
	95.5826 66.8488,
	95.3524 66.9208,
	95.2373 66.9208,
	95.2085 66.9352,
	95.0934 66.8776,
	95.0071 66.7625,
	94.9639 66.5323,
	94.9927 66.0719,
	94.9639 65.8417,
	94.9639 65.8273,
	"/>
</Transform>

<Transform dim="0"
 xcoef=" 0 1 0 0 0 0"
 ycoef=" 0 0 1 0 0 0">
<Contour name="TB3_AP04_EM" hidden="false" closed="true" simplified="true" border="1 0 0" fill="1 0 1" mode="9"
 points="118.427 20.741,
	118.557 20.1484,
	118.631 19.5558,
	118.687 19.2595,
	118.705 18.6669,
	118.724 18.3706,
	118.964 17.778,
	119.075 17.6298,
	119.224 17.4817,
	119.298 17.4076,
	119.409 17.1113,
	119.557 16.9632,
	119.705 16.8891,
	119.779 16.8335,
	119.853 16.815,
	119.927 16.8335,
	120.075 16.815,
	120.372 16.6854,
	120.409 16.6483,
	120.557 16.6298,
	120.705 16.6854,
	120.779 16.7224,
	120.798 16.7965,
	120.761 16.9446,
	120.761 17.0187,
	121.057 17.0372,
	121.205 17.0372,
	121.353 17.0928,
	121.501 17.1113,
	121.613 17.4076,
	121.613 17.4817,
	121.575 17.5558,
	121.298 17.7224,
	121.02 17.9632,
	120.835 18.2595,
	120.538 18.8521,
	120.446 19.1484,
	120.372 19.741,
	120.168 20.3336,
	120.075 20.6299,
	120.057 20.778,
	120.075 20.9262,
	119.964 22.1114,
	119.909 22.4077,
	119.724 23.0003,
	119.594 23.2966,
	119.557 23.4447,
	119.483 23.5929,
	119.483 23.6669,
	119.446 23.741,
	119.316 24.3336,
	119.279 24.4818,
	119.261 24.5558,
	119.205 24.6114,
	119.187 24.5744,
	119.242 24.4262,
	119.261 24.1299,
	119.242 23.8336,
	119.15 23.5373,
	119.131 23.3892,
	119.075 23.241,
	118.964 23.0929,
	118.872 22.7966,
	118.835 22.5003,
	118.853 22.204,
	118.761 22.0558,
	118.612 21.9447,
	118.52 21.7966,
	118.52 21.7595,
	118.464 21.6854,
	118.446 21.5373,
	118.501 21.241,
	118.464 20.9447,
	118.427 20.7965,
	118.427 20.7595,
	"/>
</Transform>

<Transform dim="0"
 xcoef=" 0 1 0 0 0 0"
 ycoef=" 0 0 1 0 0 0">
<Contour name="TB3_AP05_EM" hidden="false" closed="true" simplified="true" border="0 1 1" fill="0 1 1" mode="9"
 points="101.969 47.1044,
	102.068 47.0305,
	102.24 47.0059,
	102.24 46.9073,
	102.289 46.8088,
	102.487 46.6856,
	102.881 46.3653,
	103.275 45.9958,
	103.472 45.8972,
	103.866 45.6262,
	104.063 45.6016,
	104.113 45.6016,
	104.162 45.6509,
	104.211 45.6509,
	104.236 45.848,
	104.211 46.0451,
	104.137 46.2175,
	104.039 46.3161,
	103.768 46.7102,
	103.669 46.9073,
	103.275 47.2276,
	103.078 47.3508,
	102.881 47.5232,
	102.684 47.5971,
	102.585 47.6464,
	102.388 47.5971,
	102.191 47.5971,
	102.092 47.4986,
	101.994 47.3015,
	101.969 47.129,
	"/>
</Transform>

<Transform dim="0"
 xcoef=" 0 1 0 0 0 0"
 ycoef=" 0 0 1 0 0 0">
<Contour name="TB3_AP04_EM" hidden="false" closed="true" simplified="true" border="1 0 0" fill="1 0 0" mode="9"
 points="100.51 43.2758,
	100.692 42.6256,
	100.774 42.4631,
	100.814 42.3006,
	100.814 42.2599,
	100.875 42.1787,
	100.875 42.138,
	100.936 42.0568,
	100.997 41.8942,
	100.997 41.8536,
	101.058 41.7723,
	101.078 41.691,
	101.18 41.5285,
	101.2 41.4472,
	101.302 41.2847,
	101.322 41.2034,
	101.424 41.0409,
	101.485 40.8783,
	101.546 40.7971,
	101.566 40.7158,
	102.033 40.0657,
	102.074 40.025,
	102.074 39.9844,
	102.399 39.6796,
	102.663 39.3546,
	102.785 39.192,
	102.866 39.0295,
	103.191 38.7247,
	103.334 38.5622,
	103.476 38.2371,
	103.679 37.912,
	103.821 37.7495,
	103.903 37.6682,
	103.984 37.5057,
	104.248 37.1806,
	104.289 37.0993,
	104.573 36.7743,
	105.081 36.1241,
	105.223 35.9616,
	105.304 35.8803,
	105.345 35.799,
	105.65 35.474,
	105.873 35.1489,
	105.995 34.9863,
	106.32 34.6816,
	106.97 34.2143,
	107.296 34.1127,
	107.458 34.0517,
	107.621 33.9502,
	107.783 33.8892,
	108.108 33.686,
	108.433 33.4219,
	108.596 33.3203,
	109.246 33.0968,
	109.571 32.9749,
	109.734 32.9343,
	110.384 32.6295,
	110.709 32.4873,
	112.009 31.7762,
	112.659 31.4715,
	112.984 31.3292,
	113.309 31.2886,
	113.391 31.3089,
	114.041 30.6994,
	114.366 30.4759,
	114.691 30.3337,
	114.854 30.2321,
	114.894 30.1915,
	114.955 30.2321,
	115.24 29.907,
	115.321 29.8664,
	115.402 29.907,
	115.443 29.9477,
	115.443 30.0289,
	115.341 30.1915,
	115.057 30.5165,
	114.894 30.6791,
	114.244 31.0245,
	113.594 31.573,
	113.269 31.8168,
	113.025 32.1419,
	112.923 32.3045,
	112.883 32.467,
	112.801 32.6295,
	112.578 32.9546,
	112.314 33.2797,
	112.131 33.6048,
	112.05 33.686,
	111.867 34.0111,
	111.745 34.1736,
	111.704 34.2549,
	111.562 34.4175,
	111.339 34.7425,
	111.156 35.0676,
	111.014 35.3927,
	110.912 35.7178,
	110.607 36.3679,
	110.221 37.0181,
	110.038 37.3431,
	109.998 37.4244,
	109.469 38.0746,
	109.388 38.1558,
	109.226 38.4809,
	108.779 39.1311,
	108.271 39.7812,
	107.986 40.1063,
	107.864 40.2688,
	107.275 40.919,
	107.011 41.2441,
	106.361 41.8129,
	106.32 41.8129,
	105.995 42.0771,
	105.833 42.1787,
	105.792 42.1787,
	105.629 42.3006,
	105.467 42.3818,
	105.142 42.646,
	104.492 43.2961,
	104.167 43.5602,
	104.004 43.6821,
	103.923 43.7634,
	103.76 43.865,
	103.598 44.0072,
	102.948 44.3932,
	102.866 44.4339,
	102.785 44.5151,
	102.704 44.5558,
	102.074 45.1856,
	101.911 45.2262,
	101.261 45.1653,
	100.936 45.0231,
	100.774 44.9215,
	100.672 44.7589,
	100.631 44.6777,
	100.53 44.0275,
	100.51 43.3774,
	100.51 43.2961,
	"/>
</Transform>

<Transform dim="0"
 xcoef=" 0 1 0 0 0 0"
 ycoef=" 0 0 1 0 0 0">
<Contour name="TB1_NF14_RSL" hidden="false" closed="true" simplified="true" border="0.501961 0 1" fill="0.501961 0 1" mode="-9"
 points="33.7082 41.2659,
	33.7344 41.1261,
	33.7607 41.0562,
	33.8218 40.9863,
	33.8917 40.9689,
	33.9267 40.9863,
	33.9966 41.0562,
	34.0402 41.1261,
	34.049 41.196,
	34.0402 41.2659,
	34.0402 41.3009,
	34.0577 41.3096,
	34.049 41.3795,
	34.049 41.4145,
	34.0315 41.4232,
	34.0228 41.4145,
	33.9966 41.4844,
	33.9878 41.5193,
	33.9616 41.5455,
	33.8917 41.5543,
	33.8218 41.5368,
	33.7694 41.4756,
	33.717 41.3358,
	33.7082 41.2747,
	"/>
</Transform>

<Transform dim="0"
 xcoef=" 0 1 0 0 0 0"
 ycoef=" 0 0 1 0 0 0">
<Contour name="TB1_AP47_atM02_RSL" hidden="false" closed="true" simplified="true" border="1 0 0" fill="1 0 0" mode="-9"
 points="32.6345 39.3412,
	32.6883 38.8495,
	32.7113 38.7266,
	32.7267 38.6651,
	32.7958 38.5422,
	32.8957 38.427,
	32.9495 38.3655,
	33.0109 38.3348,
	33.0724 38.3348,
	33.1339 38.3578,
	33.1953 38.3962,
	33.2491 38.4577,
	33.3182 38.5806,
	33.3336 38.6113,
	33.3336 38.6267,
	33.349 38.6421,
	33.3797 38.8879,
	33.4719 39.3796,
	33.4949 39.5025,
	33.5103 39.7483,
	33.5026 40.24,
	33.5026 40.3629,
	33.518 40.4858,
	33.5487 40.5473,
	33.6025 40.6088,
	33.7254 40.7086,
	33.7869 40.7624,
	33.8176 40.7854,
	33.8022 40.7931,
	33.7408 40.7624,
	33.6255 40.6625,
	33.5948 40.6318,
	33.5871 40.6241,
	33.5871 40.6395,
	33.6563 40.7624,
	33.7023 40.8239,
	33.7331 40.8853,
	33.7408 41.1312,
	33.7638 41.377,
	33.7638 41.4999,
	33.7638 41.5614,
	33.71 41.8072,
	33.6947 41.8226,
	33.6947 41.8379,
	33.6332 41.8994,
	33.5717 41.9071,
	33.5103 41.8994,
	33.4796 41.8994,
	33.4181 41.8687,
	33.2952 41.7765,
	33.1339 41.5306,
	33.057 41.4154,
	33.057 41.4,
	32.9879 41.2771,
	32.8727 40.7854,
	32.8035 40.5396,
	32.7651 40.2938,
	32.7574 40.2323,
	32.7344 40.1709,
	32.6883 39.925,
	32.6729 39.8636,
	32.6345 39.3719,
	32.6345 39.3489,
	"/>
</Transform>

<Transform dim="0"
 xcoef=" 0 1 0 0 0 0"
 ycoef=" 0 0 1 0 0 0">
<Contour name="TB1_NF15_RSL" hidden="false" closed="true" simplified="true" border="1 0.501961 0.752941" fill="1 0.501961 0.752941" mode="-9"
 points="33.1854 38.3198,
	33.2221 38.2923,
	33.2405 38.2739,
	33.2773 38.2647,
	33.314 38.2372,
	33.3416 38.1637,
	33.3875 38.0994,
	33.5344 38.0902,
	33.5712 38.0994,
	33.6171 38.1729,
	33.6355 38.2096,
	33.709 38.2647,
	33.8559 38.2739,
	33.9294 38.2831,
	33.9661 38.2923,
	34.0029 38.329,
	34.0855 38.476,
	34.1315 38.6229,
	34.159 38.6964,
	34.1682 38.7699,
	34.2509 38.9168,
	34.2784 38.9903,
	34.2692 39.0638,
	34.2049 39.1281,
	34.1958 39.1648,
	34.2233 39.2016,
	34.2968 39.2291,
	34.3427 39.3026,
	34.3243 39.4496,
	34.3152 39.5231,
	34.3335 39.5965,
	34.3703 39.6333,
	34.3611 39.4863,
	34.3611 39.4128,
	34.3703 39.3761,
	34.3886 39.5231,
	34.3886 39.67,
	34.3886 39.7435,
	34.3611 39.8905,
	34.3152 40.0374,
	34.2509 40.1844,
	34.2141 40.4783,
	34.2233 40.6253,
	34.2876 40.9192,
	34.2968 40.9927,
	34.2876 41.0294,
	34.2692 41.0478,
	34.1958 41.0386,
	33.9018 40.9375,
	33.8651 40.9192,
	33.8008 40.8457,
	33.6171 40.561,
	33.5436 40.414,
	33.5069 39.8262,
	33.4885 39.5322,
	33.4885 39.2383,
	33.4793 39.0914,
	33.4426 38.9444,
	33.3875 38.7974,
	33.3048 38.6505,
	33.2589 38.577,
	33.213 38.43,
	33.1946 38.3566,
	33.1854 38.329,
	"/>
</Transform>

<Transform dim="0"
 xcoef=" 0 1 0 0 0 0"
 ycoef=" 0 0 1 0 0 0">
<Contour name="TB1_NF17_RSL" hidden="false" closed="true" simplified="true" border="0.501961 0.501961 0.752941" fill="0.501961 0.501961 0.752941" mode="-9"
 points="36.5575 61.9283,
	36.642 61.8755,
	36.8108 61.8016,
	36.8952 61.7489,
	36.9797 61.7278,
	37.1485 61.7383,
	37.233 61.7805,
	37.4018 61.8227,
	37.7395 61.9599,
	37.824 61.981,
	38.1511 62.1816,
	38.1933 62.2238,
	38.3622 62.3399,
	38.4044 62.3715,
	38.4149 62.3926,
	38.4361 62.3926,
	38.6049 62.5404,
	38.7527 62.6987,
	38.8265 62.7831,
	38.9004 62.8464,
	39.0059 63.0047,
	39.0271 63.047,
	39.0482 63.0681,
	39.1326 63.4058,
	39.1326 63.448,
	39.1748 63.5324,
	39.1959 63.6168,
	39.1959 63.6591,
	39.1537 63.6907,
	39.0693 63.6696,
	39.0271 63.6591,
	38.9426 63.6907,
	38.8582 63.6907,
	38.6893 63.638,
	38.5205 63.6274,
	38.3516 63.5535,
	38.3094 63.5324,
	38.1406 63.543,
	37.4651 63.2791,
	37.1274 63.163,
	37.043 63.1208,
	36.9586 63.0364,
	36.9586 63.0153,
	36.9058 62.9309,
	36.8741 62.8464,
	36.7475 62.6881,
	36.7475 62.667,
	36.6525 62.4982,
	36.6314 62.1605,
	36.5681 61.9916,
	36.5575 61.9494,
	36.5575 61.9388,
	"/>
</Transform>

<Transform dim="0"
 xcoef=" 0 1 0 0 0 0"
 ycoef=" 0 0 1 0 0 0">
<Contour name="TB1_NF20_RSL" hidden="false" closed="true" simplified="true" border="1 0.501961 1" fill="1 0.501961 1" mode="-9"
 points="24.4504 46.4791,
	24.4778 46.4243,
	24.5325 46.3833,
	24.642 46.3696,
	24.6967 46.3696,
	24.9156 46.5064,
	25.0251 46.5475,
	25.0798 46.5885,
	25.0935 46.698,
	25.0935 46.7527,
	24.8746 46.7664,
	24.7651 46.739,
	24.6557 46.739,
	24.5462 46.7117,
	24.4915 46.6706,
	24.4641 46.6432,
	24.4504 46.5338,
	24.4504 46.4927,
	"/>
<Contour name="TB1_NF20_RSL" hidden="false" closed="true" simplified="true" border="1 0.501961 1" fill="1 0.501961 1" mode="-9"
 points="24.2862 47.5052,
	24.3136 47.4505,
	24.341 47.4231,
	24.4504 47.3958,
	24.6693 47.3821,
	24.7241 47.3958,
	24.8198 47.4916,
	24.8746 47.5463,
	24.8883 47.6557,
	24.8746 47.7652,
	24.8609 47.8199,
	24.8198 47.861,
	24.7104 47.8883,
	24.6557 47.8883,
	24.6009 47.861,
	24.6146 47.8336,
	24.5188 47.7652,
	24.4094 47.7515,
	24.2999 47.6831,
	24.2862 47.5736,
	24.2862 47.5189,
	"/>
</Transform>

<Transform dim="0"
 xcoef=" 0 1 0 0 0 0"
 ycoef=" 0 0 1 0 0 0">
<Contour name="TB1_NF22_RSL" hidden="false" closed="true" simplified="true" border="0.502 0.502 0" fill="0.502 0.502 0" mode="-9"
 points="41.8918 41.3753,
	41.963 41.3218,
	42.0343 41.304,
	42.0699 41.304,
	42.2124 41.3931,
	42.3549 41.4287,
	42.4974 41.4287,
	42.6399 41.4643,
	43.2098 41.4465,
	43.4948 41.4643,
	43.5482 41.5,
	43.7798 41.7671,
	43.851 41.8206,
	44.1716 42.3905,
	44.2251 42.4618,
	44.2251 42.4974,
	44.3141 42.6399,
	44.3497 42.6755,
	44.4032 42.818,
	44.4388 42.8892,
	44.4744 43.4592,
	44.51 43.6017,
	44.51 43.8866,
	44.4922 43.9579,
	44.4032 43.8866,
	44.3854 43.9223,
	44.1894 43.6729,
	44.0113 43.3879,
	43.8866 43.103,
	43.8154 42.818,
	43.7263 42.6933,
	43.4414 42.4974,
	43.1742 42.2658,
	43.0673 42.1412,
	43.0851 42.1055,
	42.9427 41.8206,
	42.818 41.7137,
	42.533 41.7137,
	42.3905 41.6603,
	42.3549 41.6424,
	42.3193 41.6959,
	42.0343 41.6246,
	41.9096 41.5356,
	41.8918 41.3931,
	"/>
</Transform>

<Transform dim="0"
 xcoef=" 0 1 0 0 0 0"
 ycoef=" 0 0 1 0 0 0">
<Contour name="TB1_AP13_atM06_RSL" hidden="false" closed="true" simplified="true" border="1 0 0" fill="1 0 0" mode="-9"
 points="37.1409 61.6377,
	37.1713 61.6225,
	37.2017 61.6225,
	37.255 61.6833,
	37.2626 61.6986,
	37.255 61.7138,
	37.2245 61.7062,
	37.1941 61.7214,
	37.1789 61.729,
	37.1485 61.7062,
	37.1409 61.6453,
	"/>
</Transform>

<Transform dim="0"
 xcoef=" 0 1 0 0 0 0"
 ycoef=" 0 0 1 0 0 0">
<Contour name="TB1_NF22_RSL" hidden="false" closed="true" simplified="true" border="0.501961 0.501961 0" fill="0.501961 0.501961 0" mode="-9"
 points="35.2541 61.9268,
	35.2694 61.8659,
	35.2694 61.8051,
	35.2998 61.6833,
	35.353 61.5616,
	35.3759 61.5007,
	35.3911 61.4855,
	35.4139 61.4247,
	35.49 61.3029,
	35.528 61.2497,
	35.5813 61.2117,
	35.703 61.166,
	35.7639 61.1432,
	35.8247 61.1051,
	35.8856 61.0975,
	35.9464 61.128,
	35.9769 61.1508,
	35.9845 61.166,
	35.9997 61.166,
	36.053 61.2117,
	36.0834 61.2269,
	36.2051 61.3334,
	36.2888 61.4551,
	36.304 61.516,
	36.3344 61.5768,
	36.3725 61.6986,
	36.3953 61.7594,
	36.4181 61.8811,
	36.4181 61.942,
	36.4333 62.0029,
	36.4409 62.2463,
	36.4714 62.4898,
	36.4638 62.6115,
	36.4409 62.6723,
	36.3801 62.7104,
	36.2584 62.7484,
	36.1975 62.7788,
	36.1671 62.7941,
	36.1062 62.7941,
	35.9845 62.7712,
	35.9236 62.7484,
	35.8932 62.7408,
	35.7715 62.6647,
	35.7106 62.6191,
	35.5889 62.5506,
	35.528 62.5126,
	35.4672 62.4898,
	35.4063 62.4441,
	35.3759 62.4137,
	35.2541 61.9344,
	"/>
</Transform>

<Transform dim="0"
 xcoef=" 0 1 0 0 0 0"
 ycoef=" 0 0 1 0 0 0">
<Contour name="TB1_NF22_RSL" hidden="false" closed="true" simplified="true" border="0.502 0.502 0" fill="0.502 0.502 0" mode="-9"
 points="36.668 70.3448,
	36.6858 70.2737,
	36.6947 70.2382,
	36.7124 70.2205,
	36.7302 70.1495,
	36.7923 70.0075,
	36.8367 69.9364,
	36.8988 69.8654,
	36.9876 69.7234,
	37.1296 69.6169,
	37.2006 69.608,
	37.2716 69.6258,
	37.3071 69.6435,
	37.4136 69.7855,
	37.4847 69.8299,
	37.5557 69.8566,
	37.6267 69.8654,
	37.7687 69.8477,
	37.9107 69.8477,
	37.9817 69.8566,
	38.0527 69.8921,
	38.0794 69.9276,
	38.0971 69.9986,
	38.0971 70.0696,
	38.1593 70.2116,
	38.1681 70.2826,
	38.1593 70.3536,
	38.1504 70.3891,
	38.1238 70.4246,
	38.0527 70.469,
	37.7687 70.5844,
	37.6267 70.6466,
	37.5557 70.6998,
	37.4136 70.833,
	37.3426 70.8951,
	37.2006 70.9927,
	37.1296 71.0194,
	37.0586 71.0282,
	36.9166 70.9927,
	36.8456 70.9661,
	36.8101 70.9483,
	36.7479 70.8773,
	36.7213 70.8063,
	36.7302 70.6643,
	36.7035 70.5223,
	36.6769 70.4513,
	36.668 70.3803,
	36.668 70.3536,
	"/>
</Transform>

<Transform dim="0"
 xcoef=" 0 1 0 0 0 0"
 ycoef=" 0 0 1 0 0 0">
<Contour name="NTB1_PH3" hidden="false" closed="true" simplified="true" border="0.501961 0.501961 0.501961" fill="0.501961 0.501961 0.501961" mode="9"
 points="27.6571 29.8965,
	28.5528 29.2807,
	28.6648 29.0567,
	28.6648 28.9447,
	28.8328 28.8328,
	28.6088 28.6088,
	28.5528 28.3849,
	28.4969 28.2729,
	28.6088 28.049,
	28.8328 27.881,
	29.2807 27.713,
	29.4486 27.3211,
	29.4486 27.0972,
	29.6726 26.6493,
	29.8965 26.5373,
	30.1764 26.9292,
	30.4004 26.9292,
	30.6243 27.0412,
	30.8483 27.4891,
	30.6803 27.937,
	30.6243 28.049,
	30.9042 28.4969,
	30.9602 28.7208,
	31.4081 29.0567,
	31.6321 29.2247,
	31.8 29.6726,
	31.744 30.1204,
	31.4641 30.5683,
	31.2402 30.6803,
	31.0162 30.6803,
	30.6243 30.9602,
	30.3444 31.4081,
	29.8965 31.6881,
	29.4486 31.856,
	29.2247 31.912,
	29.0007 31.856,
	28.8888 31.856,
	28.4969 31.4641,
	28.3849 31.2402,
	28.2729 31.1282,
	28.049 31.0722,
	27.825 30.8483,
	27.713 30.7363,
	27.713 30.2884,
	27.6571 30.0645,
	27.6571 29.9525,
	"/>
</Transform>

<Transform dim="0"
 xcoef=" 0 1 0 0 0 0"
 ycoef=" 0 0 1 0 0 0">
<Contour name="NTB1_PH4" hidden="false" closed="true" simplified="true" border="0.501961 0.501961 0.501961" fill="0.501961 0.501961 0.501961" mode="-13"
 points="38.5109 32.2007,
	39.0579 31.81,
	39.136 31.4974,
	39.136 31.3412,
	39.7611 31.0286,
	39.9174 30.4034,
	39.9174 30.0909,
	39.8393 29.9346,
	40.23 28.6843,
	40.23 28.528,
	40.5426 28.2936,
	40.6989 28.1373,
	41.324 28.2154,
	41.6366 28.2936,
	41.7929 28.6062,
	41.871 28.7624,
	41.7147 29.075,
	41.6366 29.2313,
	41.9491 29.4657,
	42.0273 29.7783,
	41.9491 30.0909,
	42.1836 30.4034,
	41.9491 31.0286,
	41.7929 31.4193,
	41.7147 31.4974,
	42.1054 31.5756,
	42.2617 31.8882,
	42.1836 32.5133,
	41.7929 33.1384,
	42.0273 33.7636,
	41.9491 34.0761,
	41.7147 34.3887,
	41.5584 34.545,
	41.2459 34.3106,
	40.9333 34.2324,
	40.6207 34.3887,
	39.9956 34.3106,
	39.7611 33.998,
	39.683 33.6854,
	39.2923 33.1384,
	38.6671 32.8259,
	38.5109 32.2789,
	"/>
</Transform>

<Transform dim="0"
 xcoef=" 0 1 0 0 0 0"
 ycoef=" 0 0 1 0 0 0">
<Contour name="TB1_Shell_EM" hidden="false" closed="true" simplified="true" border="0 1 1" fill="0 1 1" mode="9"
 points="18.7542 25.6308,
	20.1608 23.1302,
	21.4111 22.1925,
	22.6614 21.4892,
	23.9117 20.3952,
	26.4122 18.9105,
	27.6625 18.3635,
	28.9128 17.6603,
	29.2254 17.4258,
	31.7259 16.5663,
	34.2265 16.1755,
	35.4768 16.0974,
	36.7271 16.1755,
	37.3522 16.1755,
	39.8528 16.8788,
	40.4779 17.1133,
	41.7282 18.051,
	42.0408 18.2072,
	42.6659 19.3794,
	42.9003 20.0045,
	42.9003 20.3171,
	43.2911 20.9422,
	44.4632 22.1925,
	44.9321 22.8177,
	45.2446 23.4428,
	45.6353 24.6931,
	45.7916 25.9434,
	45.7135 26.2559,
	47.12 28.7565,
	47.5108 29.3817,
	48.3703 31.8822,
	48.6829 33.1325,
	49.6988 35.6331,
	50.0113 36.2582,
	50.2458 37.5085,
	50.0895 38.7588,
	50.0113 39.3839,
	50.1676 40.6342,
	50.5583 41.8845,
	51.6523 44.3851,
	51.8086 45.0102,
	51.9649 47.5108,
	51.496 50.0113,
	51.4179 52.5119,
	51.1835 53.7622,
	50.3239 56.2627,
	49.855 57.513,
	49.6988 58.1382,
	49.6988 58.2945,
	50.8709 59.3103,
	51.1053 59.6229,
	51.1835 60.248,
	50.8709 61.4983,
	50.6365 62.1234,
	50.2458 62.7486,
	47.8233 65.171,
	46.573 65.8743,
	45.9479 66.265,
	45.6353 66.3432,
	44.3851 67.2027,
	44.0725 67.2809,
	43.7599 67.5153,
	41.2593 68.2967,
	38.7588 68.5311,
	37.5085 68.6093,
	35.0079 68.453,
	32.5074 67.8279,
	31.2571 67.359,
	30.6319 66.8902,
	30.3194 66.7339,
	29.9287 66.1087,
	29.8505 65.4836,
	29.9287 65.3273,
	29.6161 65.0929,
	29.3035 65.0147,
	27.5062 62.5923,
	26.9592 61.342,
	26.6467 60.7169,
	25.3964 59.5447,
	24.7712 59.0759,
	23.521 57.8256,
	22.427 56.5753,
	21.1767 54.0747,
	20.4734 52.8245,
	20.1608 52.1993,
	20.0045 50.949,
	20.0827 49.6988,
	20.1608 49.0736,
	20.0045 47.8233,
	19.9264 47.1982,
	20.5515 45.9479,
	21.4111 44.6976,
	21.5674 44.0725,
	21.8018 41.5719,
	21.8018 41.2593,
	22.1144 40.6342,
	22.974 39.3839,
	23.1302 38.1336,
	23.2084 37.5085,
	23.521 36.8834,
	22.8958 35.6331,
	23.2865 34.3828,
	23.2084 33.7576,
	22.974 33.1325,
	21.8018 31.8822,
	20.5515 30.8664,
	19.9264 30.2412,
	19.6138 29.9287,
	19.5357 29.6161,
	19.0668 28.9909,
	18.8324 28.3658,
	18.7542 25.8652,
	18.7542 25.7089,
	"/>
</Transform>

<Transform dim="0"
 xcoef=" 0 1 0 0 0 0"
 ycoef=" 0 0 1 0 0 0">
<Contour name="TB1_NF55_RSL" hidden="false" closed="true" simplified="true" border="0.501961 0 0" fill="0.501961 0 0" mode="-9"
 points="37.4348 21.2947,
	37.5015 21.2327,
	37.5777 21.1803,
	37.6158 21.1518,
	37.7683 21.0612,
	37.8445 21.0184,
	37.8778 20.9993,
	37.9493 20.9374,
	38.0255 20.885,
	38.1017 20.8469,
	38.1398 20.8326,
	38.1589 20.8278,
	38.178 20.8135,
	38.2542 20.7897,
	38.2637 20.8087,
	38.2685 20.8469,
	38.2732 20.8564,
	38.1351 21.1613,
	38.0732 21.2375,
	37.9969 21.3042,
	37.9588 21.3328,
	37.9398 21.3471,
	37.9302 21.3471,
	37.8921 21.3757,
	37.8731 21.3899,
	37.8635 21.3899,
	37.8254 21.4138,
	37.7873 21.4281,
	37.6349 21.4328,
	37.5586 21.4281,
	37.4824 21.409,
	37.4729 21.3995,
	37.4729 21.3899,
	37.4491 21.3518,
	37.4396 21.3137,
	37.4348 21.2994,
	"/>
</Transform>

<Transform dim="0"
 xcoef=" 0 1 0 0 0 0"
 ycoef=" 0 0 1 0 0 0">
<Contour name="TB1_NF55_RSL" hidden="false" closed="true" simplified="true" border="0.502 0 0" fill="0.502 0 0" mode="-9"
 points="37.199 20.7049,
	37.2171 20.6085,
	37.2291 20.5603,
	37.2291 20.5363,
	37.2412 20.5122,
	37.2412 20.5001,
	37.2592 20.476,
	37.2592 20.464,
	37.3195 20.3676,
	37.3375 20.3435,
	37.3496 20.3314,
	37.3556 20.3073,
	37.4339 20.2109,
	37.4942 20.1146,
	37.5363 20.0182,
	37.5484 20.0122,
	37.5484 20.0001,
	37.5785 19.9519,
	37.6628 19.8676,
	37.699 19.8254,
	37.7472 19.8013,
	37.8436 19.7832,
	37.8918 19.7832,
	37.94 19.7712,
	38.0363 19.7652,
	38.0845 19.7712,
	38.1086 19.7712,
	38.1327 19.7832,
	38.1448 19.7832,
	38.1869 19.8254,
	38.211 19.8375,
	38.2351 19.8615,
	38.2833 19.8917,
	38.3014 19.9158,
	38.3195 19.964,
	38.3315 20.0603,
	38.3315 20.0844,
	38.3436 20.0905,
	38.3496 20.1869,
	38.3315 20.2832,
	38.3255 20.476,
	38.3195 20.5242,
	38.3074 20.5363,
	38.2894 20.5844,
	38.2231 20.6808,
	38.193 20.729,
	38.0303 20.9158,
	37.9881 20.9519,
	37.8918 20.982,
	37.7954 21.0423,
	37.7472 21.0784,
	37.699 21.1025,
	37.6869 21.1146,
	37.5966 21.1326,
	37.5725 21.1567,
	37.5484 21.1688,
	37.5002 21.211,
	37.4098 21.2712,
	37.3616 21.2772,
	37.3134 21.2652,
	37.2653 21.235,
	37.2412 21.1869,
	37.2412 21.1748,
	37.2291 21.1628,
	37.211 21.0664,
	37.199 20.8736,
	37.199 20.7772,
	37.199 20.729,
	37.199 20.711,
	"/>
</Transform>

<Transform dim="0"
 xcoef=" 0 1 0 0 0 0"
 ycoef=" 0 0 1 0 0 0">
<Contour name="TB1_NF55_RSL" hidden="false" closed="true" simplified="true" border="0.502 0 0" fill="0.502 0 0" mode="-9"
 points="42.5123 21.1085,
	42.5243 21.0844,
	42.5243 21.0603,
	42.5484 21.0122,
	42.5605 20.964,
	42.6689 20.7712,
	42.693 20.7531,
	42.7171 20.7591,
	42.7352 20.7832,
	42.7412 20.8073,
	42.7593 20.8314,
	42.7773 20.9278,
	42.7713 21.0242,
	42.7352 21.1206,
	42.6749 21.217,
	42.5966 21.3073,
	42.5725 21.3013,
	42.5424 21.2531,
	42.5243 21.229,
	42.5123 21.1808,
	42.5123 21.1326,
	42.5123 21.1146,
	"/>
</Transform>

<Transform dim="0"
 xcoef=" 0 1 0 0 0 0"
 ycoef=" 0 0 1 0 0 0">
<Contour name="TB1_AP13_RSL_LYS" hidden="false" closed="true" simplified="true" border="0 0 0" fill="1 1 0" mode="-9"
 points="44.4318 55.6421,
	44.479 55.5161,
	44.5262 55.4531,
	44.5262 55.4216,
	44.6522 55.3114,
	44.7152 55.2642,
	44.7467 55.2642,
	44.8569 55.3744,
	44.9199 55.3901,
	44.9828 55.4374,
	45.0143 55.4374,
	45.1245 55.5319,
	45.1403 55.5948,
	45.0616 55.8467,
	44.9828 55.9727,
	44.9356 56.0357,
	44.8097 56.0829,
	44.6837 56.0829,
	44.5577 56.0514,
	44.4948 56.0042,
	44.4475 55.8782,
	44.4318 55.7523,
	44.4318 55.6893,
	44.4318 55.6578,
	"/>
<Contour name="TB1_AP13_RSL_LYS" hidden="false" closed="true" simplified="true" border="0 0 0" fill="1 1 0" mode="-9"
 points="42.5267 56.1459,
	42.6211 56.0357,
	42.6841 56.0042,
	42.7471 55.9412,
	42.873 55.894,
	42.936 55.8782,
	42.9675 55.8782,
	43.0935 55.957,
	43.1407 56.0829,
	43.0777 56.3348,
	43.0462 56.4608,
	43.0305 56.5238,
	42.9045 56.571,
	42.8416 56.6025,
	42.7156 56.6025,
	42.6369 56.4765,
	42.5896 56.4136,
	42.5581 56.3821,
	42.5424 56.2561,
	42.5267 56.1931,
	42.5267 56.1616,
	"/>
<Contour name="TB1_AP13_RSL_LYS" hidden="false" closed="true" simplified="true" border="0 0 0" fill="1 1 0" mode="-9"
 points="44.3373 57.311,
	44.3688 57.2795,
	44.4948 57.2953,
	44.6207 57.3425,
	44.6679 57.4055,
	44.6837 57.437,
	44.6207 57.4999,
	44.5892 57.5314,
	44.5735 57.5944,
	44.5262 57.6574,
	44.4633 57.6889,
	44.4003 57.6889,
	44.3531 57.6259,
	44.3373 57.374,
	44.3373 57.3268,
	"/>
<Contour name="TB1_AP13_RSL_LYS" hidden="false" closed="true" simplified="true" border="0 0 0" fill="1 1 0" mode="-9"
 points="44.3688 58.8068,
	44.4003 58.7438,
	44.4633 58.6966,
	44.5892 58.6651,
	44.7152 58.6808,
	44.7782 58.6808,
	44.8411 58.7123,
	44.8569 58.8383,
	44.8569 58.9012,
	44.7624 59.0272,
	44.6994 59.0744,
	44.4475 59.0902,
	44.3845 59.0429,
	44.3688 58.917,
	44.3688 58.854,
	44.3688 58.8225,
	"/>
<Contour name="TB1_AP13_RSL_LYS" hidden="false" closed="true" simplified="true" border="0 0 0" fill="1 1 0" mode="-9"
 points="41.8181 58.2242,
	41.8654 57.9723,
	41.9126 57.9093,
	41.9284 57.8463,
	42.0071 57.7676,
	42.259 57.7361,
	42.385 57.7361,
	42.4479 57.7361,
	42.4794 57.7361,
	42.5267 57.7991,
	42.6526 57.8778,
	42.7313 58.1297,
	42.7313 58.2557,
	42.7313 58.3187,
	42.7943 58.3502,
	42.8258 58.3659,
	42.5739 58.5706,
	42.5424 58.6336,
	42.4164 58.7123,
	42.2905 58.7595,
	42.2275 58.7753,
	42.1016 58.7438,
	42.0701 58.7438,
	41.8496 58.5391,
	41.8181 58.4131,
	41.8181 58.2872,
	41.8181 58.24,
	"/>
<Contour name="TB1_AP13_RSL_LYS" hidden="false" closed="true" simplified="true" border="0 0 0" fill="1 1 0" mode="-9"
 points="42.1645 60.0506,
	42.259 59.9404,
	42.4952 59.7987,
	42.6211 59.7672,
	42.7471 59.7987,
	42.873 59.8774,
	42.936 59.9246,
	43.0305 60.1766,
	43.0305 60.2081,
	42.936 60.334,
	42.873 60.397,
	42.8416 60.46,
	42.8258 60.4757,
	42.8416 60.5072,
	42.7786 60.5229,
	42.7471 60.5544,
	42.6211 60.5544,
	42.5109 60.4442,
	42.4007 60.3812,
	42.2905 60.2868,
	42.1803 60.1608,
	42.1645 60.0978,
	42.1645 60.0663,
	"/>
<Contour name="TB1_AP13_RSL_LYS" hidden="false" closed="true" simplified="true" border="0 0 0" fill="1 1 0" mode="-9"
 points="42.7628 61.1212,
	42.7943 60.9953,
	42.8101 60.9323,
	42.9203 60.8221,
	43.0462 60.8064,
	43.1722 60.8378,
	43.2982 60.9166,
	43.4084 61.0425,
	43.4556 61.1055,
	43.4713 61.1212,
	43.2667 61.3574,
	43.2352 61.4204,
	43.1092 61.5464,
	42.9833 61.6093,
	42.8573 61.6093,
	42.7943 61.5621,
	42.7628 61.3102,
	42.7628 61.1842,
	42.7628 61.137,
	"/>
<Contour name="TB1_AP13_RSL_LYS" hidden="false" closed="true" simplified="true" border="0 0 0" fill="1 1 0" mode="-9"
 points="40.5586 59.1217,
	40.6215 59.0744,
	40.7475 59.0587,
	40.8735 59.0744,
	40.9364 59.0744,
	40.9679 59.0902,
	40.9994 59.2161,
	40.9994 59.2791,
	41.0152 59.3106,
	40.9049 59.4208,
	40.842 59.4523,
	40.779 59.4523,
	40.716 59.4208,
	40.6058 59.2949,
	40.5586 59.1689,
	40.5586 59.1374,
	"/>
<Contour name="TB1_AP13_RSL_LYS" hidden="false" closed="true" simplified="true" border="0 0 0" fill="1 1 0" mode="-9"
 points="39.5509 58.5234,
	39.6296 58.3974,
	39.6769 58.3502,
	39.7398 58.3344,
	39.7713 58.3029,
	39.8973 58.3029,
	40.1492 58.3817,
	40.2752 58.3974,
	40.3854 58.4919,
	40.4169 58.5234,
	40.3696 58.7753,
	40.3696 58.8383,
	40.3224 58.9642,
	40.2122 59.0902,
	40.0862 59.1374,
	39.9603 59.1374,
	39.8343 59.0587,
	39.7713 59.0114,
	39.6454 58.9642,
	39.6139 58.9642,
	39.5666 58.9012,
	39.5509 58.6493,
	39.5509 58.5391,
	"/>
<Contour name="TB1_AP13_RSL_LYS" hidden="false" closed="true" simplified="true" border="0 0 0" fill="1 1 0" mode="-9"
 points="38.9054 59.1846,
	38.9683 58.9327,
	39.0156 58.8068,
	39.0786 58.7753,
	39.3305 58.791,
	39.4564 58.8225,
	39.5666 58.9012,
	39.6769 59.0114,
	39.7083 59.0744,
	39.7398 59.1059,
	39.7556 59.3578,
	39.7713 59.4838,
	39.7713 59.5468,
	39.7556 59.5625,
	39.7398 59.5468,
	39.4879 59.657,
	39.4564 59.6885,
	39.3305 59.7042,
	39.2675 59.6885,
	39.2045 59.6255,
	39.173 59.594,
	39.1573 59.657,
	39.1258 59.6727,
	39.0156 59.5625,
	38.9841 59.531,
	38.9054 59.2791,
	38.9054 59.2161,
	38.9054 59.2004,
	"/>
</Transform>

</Section>