<?xml version="1.0"?>
<!DOCTYPE Section SYSTEM "section.dtd">

<Section index="618" thickness="0.085" alignLocked="true">
<Transform dim="0"
 xcoef=" 0 1 0 0 0 0"
 ycoef=" 0 0 1 0 0 0">
<Image mag="0.0079" contrast="1" brightness="0" red="true" green="true" blue="true"
 src="Aligned TF21618.tif" />
<Contour name="domain1" hidden="false" closed="true" simplified="false" border="1 0 1" fill="1 0 1" mode="11"
 points="0 0,
	15991 0,
	15991 12171,
	0 12171,
	"/>
</Transform>

<Transform dim="0"
 xcoef=" 0 1 0 0 0 0"
 ycoef=" 0 0 1 0 0 0">
<Contour name="TB3_Nuc20_EM" hidden="false" closed="true" simplified="true" border="0 1 1" fill="0 1 1" mode="9"
 points="100.853 54.5868,
	101.201 53.4727,
	101.41 53.2639,
	101.689 53.0898,
	101.828 52.9854,
	101.898 52.9854,
	102.42 52.6024,
	102.663 52.3587,
	102.838 52.0802,
	103.116 51.8365,
	103.673 51.7321,
	104.23 51.6973,
	104.787 51.4884,
	105.066 51.3143,
	105.623 51.384,
	105.901 51.5928,
	106.18 51.6973,
	106.458 51.8713,
	106.597 52.0106,
	106.702 52.2891,
	106.771 52.8461,
	107.05 53.0202,
	107.294 53.2639,
	107.398 53.5424,
	107.363 53.8209,
	107.328 53.9601,
	106.911 54.5171,
	106.702 55.0741,
	106.458 55.3526,
	106.319 55.4223,
	106.249 55.4223,
	106.11 55.5615,
	105.866 56.1185,
	105.762 56.2578,
	105.483 56.397,
	105.344 56.4667,
	104.787 56.5711,
	104.509 56.5363,
	104.439 56.5015,
	104.3 56.78,
	104.195 56.9192,
	103.917 56.8496,
	103.638 56.8844,
	103.081 56.8496,
	102.942 56.8844,
	102.663 56.8148,
	102.524 56.7452,
	102.455 56.7452,
	102.176 56.5711,
	102.037 56.5363,
	101.758 56.2926,
	101.584 56.0489,
	101.584 55.9793,
	101.41 55.7008,
	101.306 55.4223,
	101.062 55.1438,
	100.888 54.8653,
	100.853 54.6216,
	"/>
</Transform>

<Transform dim="0"
 xcoef=" 0 1 0 0 0 0"
 ycoef=" 0 0 1 0 0 0">
<Contour name="TB3_Nuc45_EM" hidden="false" closed="true" simplified="true" border="1 0 0" fill="1 0 0" mode="9"
 points="98.7292 46.1847,
	98.8253 45.6721,
	98.8734 45.5439,
	98.8734 45.2876,
	98.8734 45.2235,
	98.9214 45.0954,
	99.0176 44.9672,
	99.0816 44.9031,
	99.1297 44.775,
	99.1457 44.5187,
	99.1457 44.4546,
	99.2258 44.1983,
	99.2739 44.0701,
	99.3059 44.006,
	99.4341 43.8939,
	99.6423 43.6536,
	99.7064 43.6216,
	99.7384 43.5895,
	99.8666 43.5735,
	100.123 43.4934,
	100.379 43.4614,
	100.636 43.5254,
	101.148 43.7016,
	101.276 43.7978,
	101.324 43.8618,
	101.356 43.8779,
	101.356 43.9099,
	101.404 43.974,
	101.437 44.006,
	101.437 44.0381,
	101.517 44.1662,
	101.629 44.4225,
	101.741 44.5507,
	101.773 44.5988,
	102.013 44.823,
	102.061 44.8871,
	102.077 44.9512,
	102.109 44.9832,
	102.141 45.1114,
	102.173 45.1755,
	102.221 45.4318,
	102.205 45.9444,
	102.157 46.2007,
	101.853 47.226,
	101.805 47.3541,
	101.773 47.4182,
	101.773 47.4503,
	101.725 47.5143,
	101.693 47.6425,
	101.661 47.6745,
	101.549 47.9308,
	101.485 48.059,
	101.132 48.5556,
	100.956 48.7959,
	100.716 49.0362,
	100.587 49.1163,
	100.331 49.1644,
	100.203 49.1483,
	100.075 49.1003,
	100.011 49.0843,
	99.8826 49.0042,
	99.8506 49.0042,
	99.5943 48.86,
	99.4661 48.8279,
	99.402 48.7959,
	99.37 48.7959,
	99.3059 48.7478,
	99.2739 48.7158,
	99.2418 48.7158,
	99.1778 48.6517,
	99.1137 48.6197,
	99.0015 48.4915,
	98.9535 48.3634,
	98.9214 48.2993,
	98.9535 48.043,
	98.9855 47.9789,
	98.9855 47.9148,
	98.7773 47.6905,
	98.7612 47.5624,
	98.7773 47.4342,
	98.9214 47.1779,
	98.9695 47.0498,
	98.9855 46.9216,
	98.9695 46.7934,
	98.9214 46.6653,
	98.9214 46.6332,
	98.7452 46.393,
	98.7292 46.2648,
	98.7292 46.2007,
	"/>
</Transform>

<Transform dim="0"
 xcoef=" 0 1 0 0 0 0"
 ycoef=" 0 0 1 0 0 0">
<Contour name="TB3_Nuc46_EM" hidden="false" closed="true" simplified="true" border="0 1 0" fill="0 1 0" mode="9"
 points="100.68 41.3648,
	100.811 41.1567,
	100.915 41.1047,
	101.123 41.1307,
	101.227 41.1827,
	101.279 41.2348,
	101.487 41.3128,
	101.591 41.3909,
	101.643 41.4169,
	101.721 41.3388,
	101.747 41.2868,
	101.695 41.1827,
	101.591 41.1047,
	101.383 41.0527,
	101.175 40.8966,
	101.123 40.6884,
	101.253 40.2722,
	101.513 39.8819,
	101.929 39.4657,
	102.085 39.3096,
	102.293 39.1275,
	102.345 39.0755,
	102.45 39.0494,
	102.658 39.1015,
	102.814 39.2836,
	102.892 39.3877,
	103.1 39.4917,
	103.152 39.5958,
	103.23 40.012,
	103.308 40.1161,
	103.334 40.5323,
	103.178 40.9486,
	103.204 41.1567,
	103.334 41.3648,
	103.412 41.4689,
	103.464 41.677,
	103.49 41.7811,
	103.386 42.1973,
	103.36 42.4055,
	103.334 42.5095,
	103.36 42.7177,
	103.49 43.1339,
	103.516 43.342,
	103.646 43.7583,
	103.698 43.9664,
	103.62 44.3827,
	103.646 44.4867,
	103.724 44.5908,
	103.88 45.007,
	103.906 45.4233,
	103.854 45.6314,
	103.75 45.8395,
	103.724 46.672,
	103.672 47.0883,
	103.698 47.5045,
	103.62 47.9208,
	103.464 48.337,
	103.334 48.5452,
	103.204 48.7012,
	103.022 48.8834,
	102.892 49.0915,
	102.137 49.7679,
	101.929 49.976,
	101.825 50.0801,
	101.721 50.1321,
	101.513 50.3142,
	101.409 50.3402,
	101.331 50.4443,
	101.305 50.2362,
	101.487 49.8199,
	101.643 49.6378,
	101.747 49.5337,
	101.877 49.3256,
	102.007 48.9094,
	102.059 48.7012,
	102.293 48.285,
	102.476 48.1549,
	102.554 48.0769,
	102.58 47.9728,
	102.554 47.8687,
	102.502 47.8167,
	102.45 47.6086,
	102.528 47.1923,
	102.606 46.3598,
	102.632 46.1517,
	102.788 45.9436,
	102.84 45.8395,
	102.84 45.7355,
	102.71 45.5534,
	102.684 45.3452,
	102.71 44.929,
	102.684 44.5127,
	102.658 44.3046,
	102.554 44.2266,
	102.424 44.0184,
	102.345 43.9144,
	102.293 43.7062,
	102.085 43.29,
	101.877 43.1599,
	101.773 43.0559,
	101.643 42.8477,
	101.435 42.7437,
	101.331 42.6656,
	101.253 42.4575,
	101.227 42.3534,
	101.149 42.2494,
	101.045 42.1973,
	100.967 41.9892,
	100.941 41.7811,
	100.732 41.599,
	100.68 41.3909,
	"/>
</Transform>

<Transform dim="0"
 xcoef=" 0 1 0 0 0 0"
 ycoef=" 0 0 1 0 0 0">
<Contour name="TB3_Nuc47_EM" hidden="false" closed="true" simplified="true" border="1 0 0" fill="1 0 0" mode="9"
 points="103.312 38.1854,
	103.447 38.0306,
	103.602 37.9532,
	103.679 37.8951,
	103.718 37.8564,
	103.679 37.7016,
	103.563 37.5661,
	103.408 37.4306,
	103.37 37.3532,
	103.428 37.1984,
	103.466 37.1209,
	103.544 37.0435,
	103.583 36.9661,
	103.66 36.8887,
	103.737 36.7339,
	103.718 36.579,
	103.699 36.5016,
	103.795 36.1919,
	103.931 35.8823,
	103.95 35.7275,
	103.95 35.65,
	104.066 35.3404,
	104.241 35.0307,
	104.395 34.8952,
	104.473 34.8565,
	104.512 34.8565,
	104.55 34.8178,
	104.86 34.7017,
	104.918 34.6436,
	104.86 34.4888,
	104.879 34.334,
	104.879 34.2565,
	104.995 34.1211,
	105.15 34.0437,
	105.305 34.0243,
	105.344 34.0243,
	105.421 33.9662,
	105.421 33.8888,
	105.363 33.734,
	105.382 33.5792,
	105.44 33.5017,
	105.595 33.4243,
	105.711 33.2888,
	105.789 33.2308,
	105.828 33.1921,
	105.982 33.1534,
	106.118 33.0179,
	106.253 32.9211,
	106.563 32.8244,
	106.718 32.8437,
	106.873 32.9018,
	107.182 32.8631,
	107.26 32.8437,
	107.298 32.8437,
	107.453 32.7469,
	107.531 32.7082,
	107.686 32.7663,
	107.995 33.0566,
	108.053 33.2114,
	107.937 34.4501,
	107.918 34.7598,
	107.937 34.9146,
	107.918 34.992,
	107.957 35.1468,
	107.976 35.4565,
	108.092 35.6113,
	108.169 35.6887,
	108.227 35.8436,
	108.189 35.9984,
	108.111 36.1532,
	108.053 36.2307,
	107.957 36.85,
	107.937 37.1596,
	107.976 37.4693,
	107.937 37.6241,
	107.84 37.779,
	107.705 37.9338,
	107.647 38.0112,
	107.608 38.3209,
	107.705 38.6305,
	107.724 38.7854,
	107.705 39.095,
	107.531 39.7144,
	107.357 40.024,
	107.298 40.1789,
	107.279 40.4885,
	107.144 40.7982,
	107.086 40.953,
	107.047 41.0304,
	106.911 41.1659,
	106.892 41.2433,
	106.95 41.3208,
	106.95 41.4756,
	106.815 41.5917,
	106.66 41.5917,
	106.563 41.6691,
	106.582 41.824,
	106.679 41.9788,
	106.834 42.0949,
	106.853 42.1723,
	106.544 42.7917,
	106.369 43.1013,
	106.273 43.2368,
	106.137 43.3723,
	106.06 43.411,
	105.905 43.5658,
	105.75 43.6432,
	105.131 43.7594,
	105.053 43.7594,
	104.899 43.6819,
	104.763 43.5658,
	104.666 43.411,
	104.608 43.1013,
	104.608 43.0239,
	104.724 42.7142,
	104.763 42.6755,
	104.705 42.5207,
	104.647 42.211,
	104.512 41.9014,
	104.337 41.5917,
	104.124 41.3014,
	104.086 41.224,
	104.066 40.9143,
	104.105 40.7595,
	104.105 40.6821,
	104.028 40.6434,
	103.95 40.5659,
	103.853 40.2563,
	103.815 40.1015,
	103.834 39.9466,
	103.912 39.7918,
	104.028 39.6563,
	104.047 39.5789,
	104.028 39.5015,
	104.028 39.4628,
	103.892 39.3079,
	103.737 39.2112,
	103.66 39.1725,
	103.583 39.095,
	103.486 38.7854,
	103.447 38.6305,
	103.312 38.3209,
	103.312 38.2435,
	103.312 38.2048,
	"/>
</Transform>

<Transform dim="0"
 xcoef=" 0 1 0 0 0 0"
 ycoef=" 0 0 1 0 0 0">
<Contour name="TB3_Nuc49_EM" hidden="false" closed="true" simplified="true" border="0 1 1" fill="0 1 1" mode="9"
 points="106.121 49.1129,
	106.5 48.7093,
	106.575 48.6084,
	106.626 48.4066,
	106.6 48.2048,
	106.323 47.8012,
	106.247 47.7003,
	106.222 47.2967,
	106.272 47.0949,
	106.197 46.2877,
	106.247 45.8841,
	106.272 45.6823,
	106.424 45.2787,
	106.6 44.4715,
	106.954 43.6643,
	107.004 43.5634,
	107.181 43.3616,
	107.256 43.1598,
	107.231 42.958,
	107.181 42.8571,
	107.13 42.4535,
	107.13 42.3526,
	107.181 42.3021,
	107.13 42.2012,
	107.13 42.1508,
	107.307 41.949,
	107.382 41.7472,
	107.357 41.6968,
	107.408 41.5959,
	107.584 41.3941,
	107.609 41.3436,
	107.534 41.2427,
	107.483 41.1923,
	107.509 40.9905,
	107.761 40.1833,
	108.063 39.7797,
	108.164 39.704,
	108.24 39.5022,
	108.265 39.0986,
	108.644 38.2914,
	108.795 38.0896,
	109.199 37.7112,
	109.375 37.5346,
	109.577 37.4842,
	109.678 37.4337,
	109.88 37.4842,
	109.981 37.5346,
	110.081 37.459,
	110.132 37.2572,
	110.233 37.0554,
	110.384 36.8788,
	110.46 36.904,
	110.737 37.7112,
	110.863 37.913,
	111.267 38.0896,
	111.368 38.14,
	111.418 38.1905,
	111.393 38.2914,
	111.242 38.4932,
	111.191 38.5941,
	111.317 38.7959,
	111.418 38.8211,
	111.62 38.7707,
	111.721 38.7707,
	111.923 38.6698,
	112.73 38.4175,
	113.134 38.2914,
	113.335 38.2157,
	113.436 38.2409,
	113.537 38.3418,
	113.562 38.2914,
	113.613 38.3166,
	113.588 38.3671,
	113.865 39.1743,
	113.991 39.5779,
	114.042 39.7797,
	114.042 40.1833,
	113.865 40.9905,
	113.79 41.3941,
	113.764 42.2012,
	113.764 42.403,
	113.588 42.8066,
	113.462 43.0084,
	113.462 43.0589,
	113.386 43.1598,
	113.058 43.967,
	113.008 44.1688,
	112.629 44.5472,
	112.453 44.749,
	112.478 44.8499,
	112.654 45.0517,
	112.73 45.2535,
	112.73 45.4553,
	112.553 46.2625,
	112.503 46.4643,
	112.377 46.6661,
	112.301 46.8679,
	112.074 47.2715,
	111.999 47.4733,
	111.872 47.6751,
	111.494 48.0534,
	111.292 48.2552,
	111.191 48.3561,
	111.09 48.5579,
	110.914 48.7597,
	110.51 49.0624,
	110.107 49.466,
	109.905 49.5921,
	109.501 49.6678,
	109.299 49.7435,
	109.098 49.8948,
	108.896 49.9957,
	108.089 50.1723,
	107.685 50.1219,
	107.584 50.1219,
	106.777 49.7939,
	106.373 49.5921,
	106.197 49.4408,
	106.121 49.239,
	106.121 49.1381,
	"/>
</Transform>

<Transform dim="0"
 xcoef=" 0 1 0 0 0 0"
 ycoef=" 0 0 1 0 0 0">
<Contour name="TB3_Nuc58_EM" hidden="false" closed="true" simplified="true" border="1 0 0" fill="1 0 0" mode="9"
 points="103.443 63.9952,
	103.621 63.7578,
	103.681 63.6984,
	103.71 63.4609,
	103.681 63.2235,
	103.681 63.1047,
	103.74 62.986,
	103.977 62.7782,
	104.185 62.6298,
	104.245 62.5111,
	104.274 62.2736,
	104.393 62.1846,
	104.63 62.1252,
	104.749 62.0362,
	104.868 62.0362,
	104.927 61.5613,
	104.927 61.4425,
	104.987 61.3238,
	105.105 61.2347,
	105.254 60.7598,
	105.343 60.5224,
	105.343 60.4036,
	105.432 60.1662,
	105.61 59.9287,
	105.729 59.8694,
	105.788 59.81,
	106.025 59.7803,
	106.263 59.9584,
	106.352 60.1959,
	106.411 60.6708,
	106.471 60.9082,
	106.471 61.1457,
	106.471 61.2051,
	106.411 61.2644,
	106.352 61.5019,
	106.144 61.9768,
	105.788 62.4517,
	105.343 62.8376,
	105.224 62.897,
	105.105 63.0157,
	105.046 63.1344,
	104.808 63.3125,
	104.334 63.7578,
	103.859 64.0249,
	103.621 64.1733,
	103.502 64.1436,
	103.443 64.0843,
	103.443 64.0249,
	"/>
</Transform>

<Transform dim="0"
 xcoef=" 0 1 0 0 0 0"
 ycoef=" 0 0 1 0 0 0">
<Contour name="TB1_Shell_EM" hidden="false" closed="true" simplified="true" border="0 1 1" fill="0 1 1" mode="9"
 points="32.0385 46.9638,
	32.4292 46.3386,
	32.9762 45.8698,
	33.2888 45.6353,
	33.9139 45.4009,
	35.1642 45.3228,
	35.4768 45.3228,
	36.1019 45.5572,
	37.3522 46.2605,
	37.6648 46.4168,
	38.2899 47.0419,
	38.6025 47.3545,
	39.2276 49.855,
	39.6183 51.1053,
	39.8528 51.4179,
	40.0091 52.6682,
	40.0091 53.9185,
	40.0091 54.5436,
	40.0091 54.8562,
	39.6183 55.4813,
	39.5402 55.7939,
	39.0713 56.419,
	37.8211 57.513,
	37.1959 57.9819,
	36.5708 58.2163,
	35.9456 58.2945,
	35.3205 58.2163,
	34.6954 57.9819,
	34.3828 57.8256,
	33.9921 57.2005,
	33.6014 55.9502,
	33.5232 55.325,
	33.6014 54.0747,
	33.6014 53.7622,
	33.4451 53.6059,
	33.2106 52.9808,
	33.1325 51.7305,
	33.1325 51.1053,
	32.5074 48.6048,
	32.1948 47.9796,
	32.0385 47.667,
	32.0385 47.0419,
	"/>
</Transform>

</Section>