<?xml version="1.0"?>
<!DOCTYPE Section SYSTEM "section.dtd">

<Section index="525" thickness="0.085" alignLocked="true">
<Transform dim="0"
 xcoef=" 0 1 0 0 0 0"
 ycoef=" 0 0 1 0 0 0">
<Image mag="0.0079" contrast="1" brightness="0" red="true" green="true" blue="true"
 src="Aligned TF21525.tif" />
<Contour name="domain1" hidden="false" closed="true" simplified="false" border="1 0 1" fill="1 0 1" mode="11"
 points="0 0,
	15991 0,
	15991 12171,
	0 12171,
	"/>
</Transform>

<Transform dim="0"
 xcoef=" 0 1 0 0 0 0"
 ycoef=" 0 0 1 0 0 0">
<Contour name="TB1_AP12_EM" hidden="false" closed="true" simplified="true" border="0.792157 0 0" fill="1 0.701961 0.701961" mode="9"
 points="36.4686 45.0977,
	36.4946 45.0847,
	36.5857 45.1758,
	36.6378 45.2148,
	36.7289 45.2408,
	36.833 45.2018,
	36.8851 45.1888,
	36.8981 45.1758,
	37.0022 45.2408,
	37.0933 45.345,
	37.1844 45.423,
	37.2365 45.4491,
	37.2885 45.4361,
	37.3927 45.4751,
	37.4447 45.5142,
	37.5489 45.5272,
	37.6009 45.5532,
	37.64 45.6053,
	37.666 45.6313,
	37.7701 45.6703,
	37.8092 45.7224,
	37.8482 45.8265,
	37.8482 45.8525,
	37.8872 45.9046,
	37.9263 46.0087,
	38.0564 46.217,
	38.0955 46.269,
	38.1345 46.3732,
	38.1606 46.4252,
	38.2126 46.4643,
	38.2387 46.5163,
	38.3298 46.6204,
	38.3428 46.5944,
	38.4469 46.6855,
	38.5901 47.102,
	38.564 47.1541,
	38.3818 47.3233,
	38.3298 47.3623,
	38.3037 47.3883,
	38.2517 47.3753,
	38.1476 47.2972,
	38.0955 47.2452,
	38.0174 47.0369,
	37.9914 46.9979,
	37.7961 46.8027,
	37.7441 46.7506,
	37.5489 46.6074,
	37.4577 46.5163,
	37.3666 46.4512,
	37.2755 46.3601,
	37.2235 46.256,
	37.1974 46.1519,
	37.1454 46.0478,
	37.1194 45.9957,
	37.0933 45.9697,
	37.0803 45.9176,
	36.9241 45.7094,
	36.859 45.6183,
	36.7679 45.5142,
	36.7159 45.4751,
	36.6508 45.371,
	36.5467 45.3059,
	36.4816 45.2018,
	36.4686 45.1107,
	"/>
</Transform>

<Transform dim="0"
 xcoef=" 0 1 0 0 0 0"
 ycoef=" 0 0 1 0 0 0">
<Contour name="TB1_AP12_EM" hidden="false" closed="true" simplified="true" border="0.792157 0 0" fill="1 0.701961 0.701961" mode="9"
 points="37.3016 49.3797,
	37.3536 49.1714,
	37.3536 49.1194,
	37.3797 49.0933,
	37.3927 49.0413,
	37.5098 48.833,
	37.5489 48.6248,
	37.718 48.4165,
	37.8222 48.3515,
	37.9263 48.3254,
	38.1085 48.1562,
	38.2126 48.1432,
	38.4209 48.2473,
	38.525 48.2864,
	38.5771 48.2994,
	38.6812 48.3775,
	38.7072 48.4816,
	38.5901 49.3146,
	38.525 49.4187,
	38.4729 49.4317,
	38.4209 49.4838,
	38.3688 49.5879,
	38.1866 49.7831,
	38.1215 49.8742,
	38.0304 50.0825,
	37.9653 50.1866,
	37.9263 50.2257,
	37.8742 50.2387,
	37.8222 50.2257,
	37.7701 50.0174,
	37.7441 49.9654,
	37.7571 49.7571,
	37.7571 49.653,
	37.666 49.5879,
	37.5619 49.6009,
	37.4708 49.705,
	37.3666 49.7441,
	37.3016 49.653,
	37.3016 49.4447,
	37.3016 49.3927,
	"/>
</Transform>

<Transform dim="0"
 xcoef=" 0 1 0 0 0 0"
 ycoef=" 0 0 1 0 0 0">
<Contour name="TB1_AP22_EM" hidden="false" closed="true" simplified="true" border="0.133333 0.568627 1" fill="0 1 0" mode="9"
 points="32.9581 48.8878,
	33.1315 48.4253,
	33.0304 48.194,
	33.0014 48.0783,
	33.0014 47.9627,
	33.0593 47.7314,
	33.1026 47.6158,
	33.1315 47.3845,
	33.146 47.2688,
	33.1749 47.211,
	33.4062 47.0375,
	33.4929 46.9219,
	33.6086 46.6906,
	33.6375 46.6328,
	33.6953 46.6039,
	33.9266 46.3871,
	34.0422 46.3726,
	34.1001 46.3726,
	34.2157 46.3292,
	34.2735 46.3003,
	34.4614 46.0835,
	34.5771 46.0112,
	34.6927 45.91,
	34.8084 45.8667,
	34.924 45.7655,
	35.0107 45.6498,
	35.0541 45.592,
	35.2854 45.5776,
	35.401 45.5631,
	35.5167 45.5776,
	35.5745 45.5631,
	35.6901 45.4619,
	35.7335 45.4041,
	35.748 45.1728,
	35.7769 45.115,
	36.0082 44.9415,
	36.0515 44.9126,
	36.1093 44.956,
	36.1961 45.1873,
	36.2394 45.4186,
	36.2539 45.6498,
	36.2539 45.7655,
	36.2828 45.8811,
	36.2973 45.9389,
	36.2828 46.0546,
	36.3117 46.2859,
	36.2683 46.7484,
	36.2683 46.8641,
	36.1816 47.0954,
	36.1527 47.1532,
	36.1382 47.2688,
	36.1093 47.3267,
	36.0804 47.3556,
	36.066 47.4134,
	35.9648 47.529,
	35.7335 47.5724,
	35.6757 47.5579,
	35.4444 47.5868,
	35.2131 47.5868,
	34.9818 47.6158,
	34.8662 47.7025,
	34.7505 47.7603,
	34.6349 47.7748,
	34.5771 47.7603,
	34.4614 47.7892,
	34.4036 47.7892,
	34.3892 47.847,
	34.4614 48.0783,
	34.5337 48.194,
	34.5915 48.2229,
	34.7072 48.2084,
	34.765 48.194,
	34.7795 48.1795,
	34.8373 48.2084,
	34.8951 48.3241,
	34.924 48.4397,
	34.9818 48.5554,
	35.0396 48.6132,
	35.1553 48.6421,
	35.2709 48.6999,
	35.3721 48.8155,
	35.4155 48.9312,
	35.401 49.1625,
	35.4155 49.3938,
	35.3721 49.625,
	35.4299 49.7407,
	35.4299 49.7985,
	35.4444 49.8274,
	35.3866 49.9431,
	35.4589 50.1743,
	35.4589 50.2322,
	35.5167 50.3478,
	35.748 50.4779,
	35.7913 50.5357,
	35.748 50.6514,
	35.6757 50.767,
	35.5745 50.8827,
	35.5167 50.9405,
	35.4444 51.1718,
	35.3866 51.2874,
	35.3721 51.3452,
	35.3143 51.3886,
	35.2565 51.3741,
	35.1408 51.2874,
	35.083 51.2296,
	35.0541 51.1139,
	35.0686 51.0561,
	35.0396 50.9983,
	34.924 50.9549,
	34.8662 50.926,
	34.7505 50.8104,
	34.6927 50.767,
	34.5771 50.767,
	34.4614 50.8393,
	34.4036 50.8537,
	34.3747 50.8537,
	34.3313 50.7959,
	34.3024 50.767,
	34.3024 50.6514,
	34.4036 50.5357,
	34.4325 50.4779,
	34.4325 50.2466,
	34.4181 50.131,
	34.4614 49.8997,
	34.4614 49.8419,
	34.3747 49.7262,
	34.2591 49.6684,
	34.2012 49.6395,
	34.0856 49.6829,
	33.97 49.6973,
	33.8543 49.654,
	33.8399 49.6395,
	33.782 49.6684,
	33.7387 49.7262,
	33.6808 49.7551,
	33.623 49.7551,
	33.5941 49.7551,
	33.5652 49.7262,
	33.5074 49.7118,
	33.3917 49.7551,
	33.3339 49.7551,
	33.2761 49.7262,
	33.1605 49.6106,
	33.1171 49.4949,
	33.1026 49.3793,
	33.0304 49.148,
	32.987 49.0324,
	32.9581 48.9746,
	32.9581 48.9167,
	32.9581 48.9023,
	"/>
</Transform>

<Transform dim="0"
 xcoef=" 0 1 0 0 0 0"
 ycoef=" 0 0 1 0 0 0">
<Contour name="TB1_AP13_EM" hidden="false" closed="true" simplified="true" border="0 0.501961 0" fill="0 0.501961 0" mode="9"
 points="37.0999 54.5673,
	37.156 54.3878,
	37.1897 54.298,
	37.2121 54.1185,
	37.2121 54.0288,
	37.2345 53.939,
	37.2458 53.58,
	37.2682 53.4005,
	37.2794 53.3108,
	37.2794 53.2659,
	37.3131 53.1762,
	37.3579 52.8172,
	37.3916 52.6377,
	37.515 52.2787,
	37.5599 52.2001,
	37.5823 52.1889,
	37.6272 52.2114,
	37.6721 52.2001,
	37.7282 52.1104,
	37.8067 51.9309,
	37.8403 51.8412,
	37.8516 51.7514,
	37.8852 51.6617,
	37.9637 51.6056,
	38.0535 51.5831,
	38.1432 51.5046,
	38.2554 51.3251,
	38.3227 50.9661,
	38.3564 50.8764,
	38.5135 50.6969,
	38.5695 50.6071,
	38.6593 50.5174,
	38.7154 50.4276,
	38.749 50.3379,
	38.7715 50.293,
	38.7154 50.1135,
	38.7378 50.0686,
	38.7378 49.9789,
	38.7042 49.8891,
	38.7266 49.7994,
	38.7827 49.7096,
	38.8724 49.6199,
	38.9173 49.5862,
	38.9622 49.4965,
	39.0407 49.4067,
	39.1305 49.3506,
	39.209 49.2609,
	39.3324 49.0814,
	39.3661 49.0477,
	39.4558 49.115,
	39.6353 49.1823,
	39.8148 49.1711,
	39.9046 49.1375,
	39.9943 49.0814,
	40.0841 49.0028,
	40.1738 48.9468,
	40.2523 48.7673,
	40.2972 48.5878,
	40.2523 48.4083,
	40.1738 48.2288,
	40.1402 48.139,
	39.7812 47.8922,
	39.7699 47.8698,
	39.7924 47.8249,
	39.9719 47.7464,
	40.3309 47.522,
	40.5104 47.3761,
	40.6899 47.2752,
	40.7796 47.2079,
	40.8806 47.0284,
	41.0264 46.8489,
	41.0713 46.7591,
	41.1498 46.6694,
	41.2396 46.6133,
	41.4191 46.445,
	41.5425 46.2655,
	41.5874 46.1758,
	41.7444 46.0075,
	41.7556 45.985,
	41.7332 45.8953,
	41.722 45.8504,
	41.7108 45.828,
	41.8117 45.6485,
	41.8903 45.469,
	41.9015 45.4465,
	41.8903 45.4241,
	42.081 45.0651,
	42.1146 44.8856,
	42.0697 44.7061,
	42.0473 44.6164,
	42.0473 44.4369,
	42.1146 44.2574,
	42.1483 44.1676,
	42.1483 44.0779,
	42.1034 43.8984,
	42.081 43.7189,
	42.0697 43.674,
	42.0922 43.6291,
	42.1819 43.5618,
	42.1932 43.3823,
	42.1819 43.2028,
	42.1932 43.0233,
	42.1932 42.9336,
	42.238 42.8438,
	42.3166 42.7541,
	42.4063 42.5746,
	42.4512 42.5634,
	42.5409 42.6531,
	42.6307 42.8326,
	42.6643 43.0121,
	42.6082 43.3711,
	42.597 43.4609,
	42.6195 43.6404,
	42.6643 43.7301,
	42.6868 43.775,
	42.7765 43.8423,
	42.8438 43.932,
	42.9336 43.9881,
	43.1131 44.0554,
	43.2028 44.0218,
	43.3823 44.1003,
	43.4721 44.1788,
	43.5843 44.3583,
	43.6291 44.4481,
	43.6404 44.5378,
	43.6179 44.6276,
	43.5282 44.8071,
	43.4945 44.8968,
	43.5282 44.9417,
	43.6179 44.9641,
	43.7077 44.9529,
	43.7301 44.9417,
	43.775 44.9641,
	43.7862 45.009,
	43.7638 45.0539,
	43.7525 45.0763,
	43.8086 45.1661,
	43.8535 45.1773,
	43.9433 45.1549,
	43.9769 45.1324,
	44.134 45.3119,
	44.2349 45.4914,
	44.3135 45.5812,
	44.3583 45.6709,
	44.3247 45.8504,
	44.2798 45.9402,
	44.2686 45.9626,
	44.2798 46.0075,
	44.2574 46.0972,
	44.2462 46.1421,
	44.3023 46.3216,
	44.4032 46.5011,
	44.5603 46.8601,
	44.6388 47.0396,
	44.7061 47.3986,
	44.7286 47.4883,
	44.7286 47.5781,
	44.8856 47.9371,
	44.9529 48.1166,
	44.9754 48.2063,
	44.9305 48.3858,
	44.9193 48.4083,
	45.0876 48.7673,
	45.1436 48.9468,
	45.1661 49.0365,
	45.1436 49.216,
	45.1324 49.2609,
	45.0988 49.3057,
	45.0539 49.317,
	44.8744 49.2272,
	44.7847 49.1711,
	44.7173 49.0814,
	44.6949 49.0702,
	44.6725 49.0814,
	44.493 48.9468,
	44.4817 48.9355,
	44.392 49.0253,
	44.3471 49.0702,
	44.3023 49.0702,
	44.2798 49.0589,
	44.2574 49.0814,
	44.2798 49.1711,
	44.4705 49.5301,
	44.6052 49.7096,
	44.65 49.7321,
	44.6949 49.7769,
	44.7173 49.7881,
	44.8071 49.7433,
	44.852 49.7321,
	45.0315 49.7657,
	45.1212 49.8442,
	45.2334 50.0237,
	45.2783 50.0686,
	45.3231 50.1584,
	45.3344 50.3379,
	45.3119 50.4276,
	45.3007 50.4725,
	45.2671 50.5174,
	45.2222 50.5061,
	45.1885 50.4613,
	45.1549 50.4388,
	45.1212 50.4837,
	45.1436 50.6632,
	45.1324 50.6856,
	45.1997 50.7754,
	45.3792 50.8651,
	45.4353 50.9437,
	45.5026 51.1232,
	45.5251 51.3027,
	45.5139 51.3924,
	45.469 51.4822,
	45.4129 51.3924,
	45.3344 51.3027,
	45.2783 51.2129,
	45.2446 51.168,
	45.2222 51.1568,
	45.1997 51.1793,
	45.1773 51.3588,
	45.1549 51.4485,
	45.11 51.527,
	45.0876 51.5046,
	45.0651 51.4148,
	45.0651 51.3924,
	45.0427 51.37,
	44.9754 51.4597,
	44.9193 51.8187,
	44.8968 51.9085,
	44.8183 52.088,
	44.7959 52.1777,
	44.7847 52.2226,
	44.8183 52.3123,
	44.9193 52.4918,
	44.9417 52.5816,
	44.9193 52.7611,
	44.8968 52.8508,
	44.7847 53.0303,
	44.7622 53.0752,
	44.751 53.0864,
	44.7398 53.0752,
	44.6725 53.1537,
	44.6276 53.1762,
	44.5827 53.2659,
	44.5603 53.3557,
	44.5715 53.5352,
	44.5715 53.6249,
	44.5042 53.8044,
	44.4705 53.8942,
	44.4481 54.0737,
	44.4481 54.2531,
	44.4369 54.3429,
	44.3135 54.7019,
	44.1452 55.0609,
	44.0891 55.2404,
	43.9993 55.4199,
	43.9657 55.5096,
	43.7974 55.6667,
	43.7077 55.7228,
	43.6067 55.9023,
	43.4945 56.2613,
	43.3487 56.6203,
	43.2814 56.7998,
	43.214 56.8895,
	43.1916 56.9344,
	43.0233 57.1139,
	42.8999 57.2934,
	42.8102 57.4729,
	42.7765 57.5178,
	42.597 57.6412,
	42.5073 57.7085,
	42.4175 57.7421,
	42.3727 57.7646,
	42.1932 57.7534,
	42.1707 57.7534,
	42.081 57.8207,
	42.0361 57.8319,
	41.8566 57.7982,
	41.7668 57.7309,
	41.722 57.6973,
	41.5425 57.6524,
	41.4976 57.6412,
	41.4079 57.6748,
	41.363 57.7085,
	41.2732 57.7197,
	41.1835 57.686,
	41.1386 57.6748,
	41.0937 57.7085,
	40.9928 57.888,
	40.9142 57.9777,
	40.8245 58.0338,
	40.7347 58.0675,
	40.6899 58.0787,
	40.6001 58.146,
	40.5777 58.146,
	40.5328 58.1797,
	40.4879 58.1909,
	40.3982 58.2806,
	40.3196 58.3367,
	39.9607 58.3816,
	39.8709 58.3704,
	39.826 58.3704,
	39.6465 58.2918,
	39.5568 58.2133,
	39.467 58.1684,
	39.3773 58.1011,
	39.31 58.0338,
	39.2651 58.0002,
	39.0856 57.9665,
	38.9959 58.0002,
	38.951 58.0338,
	38.8612 58.0563,
	38.8388 58.0563,
	38.749 57.9777,
	38.7042 57.888,
	38.6817 57.8431,
	38.592 57.7646,
	38.5471 57.7421,
	38.5247 57.7421,
	38.3452 57.5963,
	38.2666 57.5065,
	38.2442 57.4841,
	38.2218 57.3944,
	38.1657 57.3046,
	38.1208 57.2597,
	38.0984 57.2149,
	38.0871 57.0354,
	37.9974 56.9568,
	37.9076 56.9007,
	37.7506 56.7325,
	37.6721 56.6539,
	37.6384 56.5642,
	37.6384 56.4744,
	37.6047 56.3847,
	37.4365 56.2388,
	37.3579 56.1491,
	37.3131 56.1042,
	37.2121 55.9247,
	37.1336 55.5657,
	37.0999 55.476,
	37.0999 55.3862,
	37.1672 55.2067,
	37.1784 55.117,
	37.1672 55.0272,
	37.1672 54.9824,
	37.1336 54.8926,
	37.1336 54.8477,
	37.1111 54.8029,
	37.0999 54.6234,
	37.0999 54.5785,
	"/>
</Transform>

<Transform dim="0"
 xcoef=" 0 1 0 0 0 0"
 ycoef=" 0 0 1 0 0 0">
<Contour name="TB1_AP13_EM" hidden="false" closed="true" simplified="true" border="0 0.501961 0" fill="0 0.501961 0" mode="9"
 points="36.5614 55.8574,
	36.6063 55.8125,
	36.6512 55.8013,
	36.7409 55.8574,
	36.7746 55.9023,
	36.7858 55.9472,
	36.7746 55.992,
	36.7409 56.0369,
	36.7185 56.0593,
	36.7073 56.0369,
	36.7185 56.0257,
	36.6736 56.0257,
	36.6287 56.0033,
	36.6063 56.0033,
	36.5726 55.9584,
	36.5614 55.8686,
	"/>
</Transform>

<Transform dim="0"
 xcoef=" 0 1 0 0 0 0"
 ycoef=" 0 0 1 0 0 0">
<Contour name="TB1_AP47_EM" hidden="false" closed="true" simplified="true" border="0 1 0" fill="0 1 0" mode="9"
 points="34.6576 47.8244,
	34.7332 47.7487,
	35.0359 47.692,
	35.6413 47.7298,
	35.7926 47.7109,
	35.944 47.6542,
	35.9818 47.6542,
	36.2656 47.3704,
	36.2845 47.2947,
	36.3413 47.219,
	36.4359 46.6137,
	36.4548 46.311,
	36.4169 46.0083,
	36.3791 45.857,
	36.3791 45.5543,
	36.3791 45.4786,
	36.4169 45.4029,
	36.4926 45.384,
	36.6439 45.5354,
	36.9845 46.1407,
	37.2682 46.7461,
	37.3439 46.8974,
	37.4196 46.9731,
	37.5142 47.2758,
	37.552 47.4271,
	37.5331 47.5785,
	37.4385 47.7298,
	37.2872 47.7487,
	37.0034 47.465,
	36.9277 47.4271,
	36.8899 47.3893,
	36.8142 47.3893,
	36.7575 47.465,
	36.7575 47.6163,
	36.8142 47.919,
	36.871 48.0704,
	37.1547 48.3163,
	37.2872 48.4487,
	37.3061 48.5244,
	37.325 48.5622,
	37.1547 49.1676,
	37.0601 49.773,
	36.9656 50.0756,
	36.9277 50.1513,
	36.9088 50.1892,
	36.8899 50.1702,
	36.7575 50.3216,
	36.6818 50.3783,
	36.6439 50.3973,
	36.4926 50.3405,
	36.3413 50.3216,
	35.7359 50.4162,
	35.6602 50.4162,
	35.5467 50.2648,
	35.49 50.1135,
	35.471 49.8108,
	35.49 49.6595,
	35.5278 49.6027,
	35.5656 49.5838,
	35.5089 49.2811,
	35.49 48.9784,
	35.4332 48.8271,
	35.1494 48.5622,
	34.9981 48.2595,
	34.9603 48.1839,
	34.8089 48.0893,
	34.6576 47.9379,
	34.6576 47.8623,
	34.6576 47.8433,
	"/>
</Transform>

<Transform dim="0"
 xcoef=" 0 1 0 0 0 0"
 ycoef=" 0 0 1 0 0 0">
<Contour name="TB0_AP04_EM" hidden="false" closed="true" simplified="true" border="0 1 0.25098" fill="0 1 0" mode="9"
 points="16.233 59.6275,
	16.3082 59.571,
	16.4587 59.6275,
	16.7408 59.9096,
	16.8913 60.0601,
	17.1923 60.267,
	17.2675 60.2858,
	17.418 60.3987,
	18.0199 60.9442,
	18.2456 61.2451,
	18.3021 61.3204,
	18.3209 61.3392,
	18.3585 61.3015,
	18.6594 61.358,
	18.7911 61.5085,
	18.9416 61.5837,
	19.0168 61.6025,
	19.6188 61.4896,
	19.9197 61.358,
	20.2207 61.3768,
	20.3711 61.3956,
	20.5216 61.358,
	20.8226 61.3956,
	20.9731 61.3956,
	21.1235 61.4332,
	21.4245 61.2451,
	21.7255 61.1887,
	21.8007 61.1699,
	22.0829 60.9442,
	22.2333 60.8501,
	22.3086 60.7937,
	22.3462 60.7937,
	22.4779 60.4927,
	22.5531 60.3422,
	22.7976 60.0413,
	22.9293 59.8908,
	23.0798 59.7779,
	23.3431 59.477,
	23.6817 58.8751,
	23.7381 58.7246,
	23.7193 58.1227,
	23.7005 57.8217,
	23.5688 57.2198,
	23.55 56.9188,
	23.55 56.7684,
	23.6629 56.1664,
	23.6817 56.016,
	23.7381 55.8655,
	23.8886 55.715,
	23.945 55.6398,
	23.9638 55.6021,
	23.9262 55.5269,
	23.9827 55.3764,
	24.0015 55.3576,
	24.1331 55.5081,
	24.1896 55.6586,
	24.2084 55.9595,
	24.1331 56.2605,
	24.1519 56.411,
	24.1896 56.4862,
	24.2648 56.5614,
	24.3212 56.8624,
	24.3777 57.0129,
	24.3965 57.0881,
	24.34 57.3891,
	24.34 57.4643,
	24.4717 57.7653,
	24.4905 57.8405,
	24.4341 58.1415,
	24.4153 58.292,
	24.3024 58.5929,
	24.246 58.7434,
	24.2272 58.8186,
	24.2836 58.9691,
	24.2272 59.2701,
	24.3589 59.571,
	24.3777 59.7215,
	24.3589 59.7968,
	24.4529 60.0977,
	24.4341 60.1729,
	24.1519 60.4175,
	24.0767 60.4927,
	23.9827 60.6432,
	23.9262 60.7937,
	23.9638 61.0946,
	23.8886 61.2451,
	23.5876 61.5085,
	23.5124 61.4896,
	23.4936 61.5649,
	23.3431 61.7154,
	23.2679 61.7906,
	23.2114 61.9411,
	23.1926 62.0163,
	23.061 62.1668,
	22.9669 62.3173,
	22.7036 62.5994,
	22.5531 62.543,
	22.4779 62.5242,
	22.4402 62.5054,
	22.1393 62.6182,
	21.9888 62.637,
	21.9136 62.6747,
	21.8571 62.8251,
	21.8571 62.9004,
	21.97 63.2013,
	21.9324 63.3518,
	21.8571 63.4271,
	21.8195 63.4647,
	21.669 63.4835,
	21.5938 63.4647,
	21.4433 63.5023,
	21.2928 63.5964,
	21.1424 63.5775,
	20.9919 63.4835,
	20.9354 63.4459,
	20.785 63.5023,
	20.484 63.4459,
	20.3335 63.4083,
	20.0326 63.2766,
	19.8821 63.239,
	19.8069 63.239,
	19.5059 63.0885,
	19.3554 62.9756,
	19.2802 62.9004,
	18.6783 62.5806,
	18.5278 62.4866,
	18.2268 62.2232,
	18.0763 62.0916,
	17.9259 62.0351,
	17.8506 61.9975,
	17.7001 61.8658,
	17.6249 61.8094,
	17.4744 61.5085,
	17.418 61.358,
	17.2675 61.2639,
	17.023 60.963,
	16.9666 60.9065,
	16.8161 60.8689,
	16.6656 60.7561,
	16.5339 60.4551,
	16.4399 60.1541,
	16.3082 59.8532,
	16.233 59.7027,
	16.233 59.6463,
	"/>
</Transform>

<Transform dim="0"
 xcoef=" 0 1 0 0 0 0"
 ycoef=" 0 0 1 0 0 0">
<Contour name="TB0_AP07_EM" hidden="false" closed="true" simplified="true" border="1 0 0" fill="0 1 1" mode="9"
 points="16.5324 58.8596,
	16.7135 58.0317,
	16.7912 57.8247,
	17.1275 57.4366,
	17.3086 57.2296,
	17.7743 56.4017,
	18.0589 55.9878,
	18.1883 55.7808,
	18.3176 55.3668,
	18.5505 54.9529,
	18.6281 54.7459,
	18.8092 54.5389,
	19.2232 54.2543,
	19.5595 53.8404,
	19.7406 53.6593,
	19.9476 53.5299,
	20.0511 53.4781,
	20.1028 53.2712,
	20.2063 53.0642,
	20.2581 52.8572,
	20.3615 52.6502,
	20.4133 52.5467,
	20.7755 52.1587,
	20.879 52.1328,
	21.086 52.1587,
	21.1895 52.1069,
	21.2671 52.0034,
	21.3706 51.9517,
	21.4741 52.0293,
	21.5775 52.0034,
	21.681 51.8999,
	21.888 51.7964,
	21.9915 51.7447,
	22.095 51.7706,
	22.1726 51.9776,
	22.1985 52.1845,
	22.3537 52.3915,
	22.5607 52.4433,
	22.7418 52.5985,
	22.9488 52.6761,
	23.1299 52.8831,
	23.1816 53.0901,
	23.2075 53.1936,
	23.4921 53.6075,
	23.5697 54.0215,
	23.8026 54.4354,
	23.9061 54.6424,
	24.0095 55.0564,
	23.9837 55.2633,
	23.9061 55.3668,
	23.8284 55.5738,
	23.6732 55.7808,
	23.518 56.1947,
	23.5438 56.6087,
	23.4921 57.0227,
	23.4662 57.1261,
	23.518 57.5401,
	23.5438 57.7471,
	23.5697 57.8506,
	23.6473 57.9541,
	23.6991 58.161,
	23.4662 58.989,
	23.3886 59.1959,
	22.6383 60.0239,
	22.4313 60.4378,
	22.3796 60.5413,
	22.1726 60.7224,
	21.9656 60.8259,
	21.7586 61.007,
	21.5517 61.1364,
	21.1377 61.2916,
	20.7238 61.3175,
	20.3098 61.2399,
	19.8958 61.3692,
	19.6889 61.3692,
	19.4819 61.4727,
	19.2749 61.4986,
	19.0679 61.4468,
	18.9644 61.4986,
	18.7575 61.421,
	18.654 61.3433,
	18.447 61.2916,
	18.3435 61.2657,
	17.9295 60.9035,
	17.5932 60.4896,
	17.1792 60.205,
	16.7653 59.791,
	16.6877 59.584,
	16.5583 59.377,
	16.5324 58.9631,
	16.5324 58.8855,
	"/>
</Transform>

<Transform dim="0"
 xcoef=" 0 1 0 0 0 0"
 ycoef=" 0 0 1 0 0 0">
<Contour name="TB0_AP11_EM" hidden="false" closed="true" simplified="true" border="1 0 0" fill="1 0 0" mode="9"
 points="17.1712 57.1532,
	17.2975 56.4798,
	17.3185 56.3115,
	17.2975 56.2273,
	17.3606 56.059,
	17.3816 55.9748,
	17.3816 55.9327,
	17.5289 55.7644,
	17.9919 55.112,
	18.034 55.0279,
	18.034 54.6912,
	17.9709 54.0178,
	18.0971 53.6811,
	18.1813 53.5127,
	18.2444 53.4286,
	18.5811 53.3865,
	18.6653 53.3865,
	18.7074 53.3654,
	18.8757 53.4075,
	19.002 53.5759,
	18.9809 53.7442,
	18.9178 53.9126,
	18.6653 54.2493,
	18.539 54.3755,
	18.3917 54.5439,
	18.3286 54.607,
	18.3075 54.6912,
	18.3286 54.7753,
	18.4128 54.8385,
	18.4338 55.0068,
	18.3496 55.1752,
	18.3075 55.2172,
	18.1813 55.5539,
	17.9498 55.8906,
	17.8867 55.9748,
	17.8446 56.1431,
	17.7394 56.3115,
	17.5921 56.6482,
	17.3816 56.9849,
	17.3396 57.1532,
	17.2554 57.3216,
	17.2133 57.3216,
	17.1712 57.2795,
	17.1712 57.1953,
	17.1712 57.1743,
	"/>
</Transform>

<Transform dim="0"
 xcoef=" 0 1 0 0 0 0"
 ycoef=" 0 0 1 0 0 0">
<Contour name="TB2_AP06_EM" hidden="false" closed="true" simplified="true" border="1 0 1" fill="1 0 1" mode="9"
 points="73.9649 47.7112,
	74.0758 47.6281,
	74.5194 47.6835,
	74.6025 47.7667,
	74.7134 47.7944,
	74.7689 47.7944,
	74.8243 47.8499,
	74.8798 47.8499,
	74.9906 47.933,
	75.2124 48.0162,
	76.0996 48.0439,
	76.5431 48.1271,
	76.9867 48.3211,
	77.2085 48.4875,
	77.2917 48.5984,
	77.3194 48.7093,
	77.3194 48.7647,
	77.2085 48.8479,
	77.0976 48.8479,
	76.8758 48.7647,
	76.7649 48.737,
	76.5431 48.8202,
	76.4322 48.931,
	76.3213 48.9865,
	76.0996 48.9588,
	75.9887 48.9033,
	75.7946 48.6815,
	75.5728 48.5429,
	75.1293 48.3766,
	74.9075 48.238,
	74.4639 48.0994,
	74.353 48.0716,
	74.1312 47.9053,
	74.0203 47.8221,
	73.9649 47.7667,
	73.9649 47.739,
	"/>
</Transform>

<Transform dim="0"
 xcoef=" 0 1 0 0 0 0"
 ycoef=" 0 0 1 0 0 0">
<Contour name="TB2_AP19_EM" hidden="false" closed="true" simplified="true" border="1 0 1" fill="1 0 1" mode="9"
 points="79.9966 43.7989,
	80.1111 43.4326,
	80.1798 43.2495,
	80.2485 42.5168,
	80.2485 42.4252,
	80.3172 42.2421,
	80.34 42.1505,
	80.3858 42.1047,
	80.5003 41.7384,
	80.5461 41.372,
	80.569 40.6394,
	80.6148 40.2731,
	80.5919 39.9067,
	80.6606 39.1741,
	80.6606 37.7088,
	80.6835 37.3424,
	80.6148 35.8771,
	80.6148 35.5108,
	80.6606 35.1445,
	80.6606 34.9613,
	80.7522 34.595,
	80.7751 34.5034,
	80.8437 34.4347,
	80.9124 34.5034,
	81.004 35.2361,
	81.0269 35.6024,
	81.2559 37.0677,
	81.2788 37.434,
	81.2559 38.1667,
	81.2788 38.533,
	81.233 39.2657,
	81.3017 39.9983,
	81.3017 40.731,
	81.2788 41.0973,
	81.2788 41.2805,
	81.2101 41.6468,
	81.1414 42.3794,
	81.0269 43.1121,
	80.9811 43.2953,
	80.9582 43.3868,
	80.9124 43.4326,
	80.6606 44.1653,
	80.6377 44.3484,
	80.7064 45.0811,
	80.6377 45.2643,
	80.569 45.3329,
	80.4774 45.3329,
	80.2943 45.2185,
	80.1798 45.0582,
	80.1111 44.9666,
	80.0882 44.875,
	80.1111 44.5087,
	80.0653 44.1424,
	80.0195 43.9592,
	79.9966 43.8676,
	79.9966 43.8218,
	"/>
</Transform>

<Transform dim="0"
 xcoef=" 0 1 0 0 0 0"
 ycoef=" 0 0 1 0 0 0">
<Contour name="TB2_Shell_EM" hidden="false" closed="true" simplified="true" border="0.733333 1 1" fill="0 1 1" mode="9"
 points="52.8202 43.3364,
	53.6369 38.5851,
	54.0823 36.2095,
	54.305 35.0217,
	54.8803 32.6461,
	55.0288 32.0522,
	55.5299 30.8644,
	55.6598 30.5674,
	55.9939 29.9735,
	57.4416 27.5979,
	58.2396 26.4101,
	58.5922 25.8162,
	59.613 24.6284,
	60.1512 24.0345,
	60.4111 23.7376,
	61.005 23.2921,
	61.1534 23.1808,
	62.3227 21.993,
	62.9166 21.4547,
	63.2135 21.2135,
	63.2878 21.1392,
	63.8817 20.7495,
	63.9559 20.7124,
	65.0138 19.5246,
	65.2922 19.2276,
	65.8861 18.7079,
	66.1831 18.411,
	66.3315 18.2811,
	66.9254 17.9841,
	67.5193 17.5573,
	67.8163 17.3531,
	69.0041 16.7592,
	70.1919 16.2952,
	70.4889 16.1839,
	70.6373 16.1282,
	71.8251 15.924,
	71.9736 15.8869,
	74.3492 15.7384,
	74.9431 15.7013,
	77.3187 15.9426,
	77.6157 15.9611,
	77.7642 15.9983,
	78.952 16.6664,
	79.1005 16.7406,
	80.2883 17.9099,
	80.8822 18.5038,
	81.4946 19.6916,
	81.6431 19.9885,
	82.0885 21.1764,
	82.3298 21.7703,
	82.4412 22.0672,
	82.6082 23.255,
	82.7381 24.4428,
	82.8123 25.0367,
	82.8866 29.7879,
	82.9051 30.3818,
	82.8123 32.7575,
	82.6824 35.1331,
	82.6268 36.3209,
	82.6268 36.4694,
	81.8844 41.2206,
	81.7916 41.8145,
	81.7359 42.1114,
	81.606 44.487,
	81.4761 45.6749,
	81.1234 48.0505,
	80.9564 49.2383,
	80.8822 49.8322,
	80.8265 50.1291,
	80.845 50.723,
	80.8265 51.3169,
	80.8079 51.6139,
	80.2883 53.9895,
	80.1955 54.2864,
	79.9356 55.4743,
	79.7315 56.0682,
	79.6758 56.3651,
	79.4716 56.959,
	79.1933 57.5529,
	78.8592 58.1468,
	78.6736 58.4438,
	78.4323 58.7407,
	77.857 59.3346,
	77.5786 59.613,
	77.2816 59.8543,
	76.9847 60.0584,
	76.6877 60.2255,
	76.3908 60.4482,
	76.0938 60.6338,
	75.7969 60.7823,
	75.6484 60.8565,
	75.3514 60.9493,
	75.203 60.9864,
	75.1287 61.0235,
	74.9803 61.0421,
	73.7924 61.5989,
	72.6046 62.0814,
	72.0107 62.3784,
	71.7138 62.4712,
	71.4168 62.6011,
	70.8229 62.9908,
	70.6745 63.0836,
	70.0806 63.2321,
	69.4866 63.4734,
	68.8927 63.7518,
	68.5958 63.8817,
	67.408 64.1786,
	67.111 64.2529,
	65.9232 64.3271,
	65.6263 64.3457,
	63.2507 64.1786,
	62.0629 64.1415,
	60.8751 63.7703,
	60.5781 63.6775,
	59.3903 63.1393,
	59.0933 62.9723,
	58.9449 62.8609,
	58.8706 62.8238,
	58.7222 62.8238,
	57.5344 61.7845,
	57.256 61.5246,
	56.6064 60.3368,
	56.2909 59.7429,
	56.1424 59.446,
	56.0496 59.149,
	56.0125 58.8521,
	55.2701 57.6643,
	55.1773 57.5158,
	55.0659 57.2188,
	53.7482 52.4676,
	53.5812 51.8737,
	53.3399 50.6859,
	53.21 50.092,
	53.1358 49.7951,
	53.0986 49.6466,
	52.8759 44.8954,
	52.8202 43.7075,
	52.8202 43.4106,
	52.8202 43.3549,
	"/>
</Transform>

<Transform dim="0"
 xcoef=" 0 1 0 0 0 0"
 ycoef=" 0 0 1 0 0 0">
<Contour name="TB2_AP19_EM" hidden="false" closed="true" simplified="true" border="1 0 1" fill="1 0 1" mode="9"
 points="73.7553 58.7036,
	73.8296 58.6294,
	73.8667 58.5922,
	74.0152 58.5737,
	74.0894 58.5737,
	74.3863 58.4066,
	74.6833 58.2025,
	74.7575 58.1654,
	74.8318 58.1654,
	75.1287 58.0355,
	75.2772 57.9798,
	75.3514 57.9427,
	75.6484 57.9055,
	76.2423 57.7571,
	76.3908 57.7014,
	76.465 57.6828,
	76.762 57.4787,
	77.0589 57.2374,
	77.3559 56.959,
	77.5043 56.8105,
	77.7085 56.5136,
	77.8013 56.3651,
	77.8755 56.2909,
	78.0054 55.9939,
	78.1725 55.4,
	78.2282 55.1031,
	78.2838 54.9546,
	78.3024 54.8061,
	78.4138 54.5092,
	78.4323 54.3607,
	78.5622 54.0637,
	78.7664 53.7668,
	79.1005 53.1729,
	79.3788 52.579,
	79.5459 52.282,
	79.5273 52.1335,
	79.416 51.8366,
	79.286 51.6881,
	79.2118 51.6324,
	79.1747 51.5953,
	79.0262 51.5768,
	78.8777 51.5953,
	78.7293 51.651,
	78.655 51.651,
	78.5808 51.5953,
	78.5251 51.4468,
	78.5437 51.1499,
	78.6179 51.0014,
	78.8221 50.7045,
	78.8963 50.556,
	78.9334 50.4075,
	79.0262 50.259,
	79.3232 50.259,
	79.4716 50.2034,
	79.6201 50.1848,
	79.6944 50.1477,
	79.8057 49.8507,
	79.8614 49.7765,
	79.88 49.7394,
	79.9542 49.7394,
	79.9727 49.5909,
	79.9542 49.4424,
	80.0099 49.1455,
	80.0099 49.1084,
	80.0655 49.0527,
	80.1027 49.1269,
	80.1212 49.4239,
	80.1769 49.7208,
	80.214 49.8693,
	80.2511 49.9435,
	80.2697 50.2405,
	80.214 50.5374,
	80.2326 50.8344,
	80.3068 51.1313,
	80.2883 51.4283,
	80.2697 51.5768,
	80.0655 52.1707,
	80.0284 52.3191,
	79.9542 52.4676,
	79.9356 52.5419,
	79.8428 52.6903,
	79.7315 52.9873,
	79.6572 53.1358,
	79.6387 53.2842,
	79.5273 53.5812,
	79.5088 53.7297,
	79.0819 54.9175,
	79.0077 55.2144,
	78.8963 55.5114,
	78.8777 55.6598,
	78.8221 55.8083,
	78.7849 55.8826,
	78.7107 55.9382,
	78.6365 55.9382,
	78.488 55.7898,
	78.4138 55.7526,
	78.3766 55.7526,
	78.2653 55.9011,
	78.2282 56.0496,
	78.191 56.1238,
	78.191 56.1981,
	78.1539 56.2723,
	78.1539 56.3465,
	78.1168 56.4208,
	78.0611 56.7177,
	77.9683 57.0147,
	77.9312 57.1632,
	77.8941 57.2374,
	77.8755 57.3859,
	77.9126 57.5344,
	77.9126 57.5715,
	77.9683 57.6457,
	77.9869 57.7942,
	77.9683 57.9427,
	77.8013 58.2396,
	77.7085 58.3881,
	77.6528 58.5366,
	77.2445 59.1305,
	76.0567 60.077,
	75.7597 60.3183,
	75.6113 60.3925,
	75.3143 60.4111,
	75.2401 60.3925,
	74.6462 59.8172,
	74.3492 59.613,
	74.108 59.3346,
	73.978 59.1861,
	73.7924 58.8892,
	73.7553 58.7407,
	73.7553 58.7222,
	"/>
</Transform>

<Transform dim="0"
 xcoef=" 0 1 0 0 0 0"
 ycoef=" 0 0 1 0 0 0">
<Contour name="TB3_Nuc06_EM" hidden="false" closed="true" simplified="true" border="0 1 0" fill="0 1 0" mode="9"
 points="88.2835 58.2319,
	88.3726 57.8755,
	88.5063 57.6973,
	88.5285 57.6081,
	88.4171 57.4299,
	88.3503 57.2517,
	88.328 56.8953,
	88.3503 56.5389,
	88.3726 56.3606,
	88.4394 56.1824,
	88.5063 55.826,
	88.5731 55.1131,
	88.5731 54.9349,
	88.729 54.2221,
	88.8404 53.8656,
	89.3082 53.1528,
	89.6201 52.7963,
	89.7538 52.6181,
	89.8206 52.529,
	89.8874 52.3508,
	89.8874 52.2617,
	89.8874 52.2171,
	89.8429 52.2171,
	89.7538 52.3062,
	89.3973 52.4622,
	89.3528 52.4622,
	89.3305 52.3731,
	89.3973 52.1949,
	89.531 52.0166,
	89.6201 51.9275,
	89.6647 51.8384,
	89.6869 51.6602,
	89.7092 51.5711,
	89.8429 51.3929,
	90.0211 51.3483,
	90.1102 51.2815,
	90.1547 51.2369,
	90.1325 51.1478,
	90.0656 51.0587,
	90.0434 50.9696,
	90.0879 50.7914,
	90.2884 50.435,
	90.4666 50.2568,
	90.5557 50.1677,
	90.7339 50.0563,
	91.2463 49.3657,
	91.38 49.1875,
	91.4468 49.0984,
	91.625 49.0761,
	91.781 49.2543,
	91.8701 49.4325,
	91.8923 49.6107,
	91.8923 49.6998,
	91.7587 50.0563,
	91.6919 50.1454,
	91.6919 50.1899,
	91.5805 50.3681,
	91.5136 50.5464,
	91.5136 50.6355,
	91.5136 50.68,
	91.6919 50.7914,
	91.7587 50.8805,
	91.8255 51.2369,
	91.8032 51.4152,
	91.6696 51.7716,
	91.6027 52.128,
	91.6027 52.3062,
	91.6696 52.6627,
	91.6473 53.0191,
	91.6696 53.3755,
	91.7364 53.732,
	91.7364 53.9102,
	91.625 54.2666,
	91.5582 54.623,
	91.5359 54.8013,
	91.6027 55.5141,
	91.5359 55.8705,
	91.4468 56.0488,
	91.38 56.4052,
	91.3577 56.4943,
	91.5136 56.628,
	91.5805 56.7171,
	91.625 56.7616,
	91.6473 56.9398,
	91.4023 57.6527,
	91.38 57.7418,
	91.2686 57.92,
	91.2018 58.0091,
	91.1795 58.3656,
	91.2463 59.0784,
	91.2463 59.1675,
	91.1127 59.3457,
	90.9344 59.4349,
	90.578 59.4571,
	90.4666 59.6131,
	90.4221 59.7022,
	90.3775 59.7467,
	90.4221 59.9249,
	90.4221 60.0141,
	90.3107 60.1923,
	90.2216 60.2814,
	90.0434 60.2814,
	89.9543 60.2591,
	89.9097 60.2368,
	89.7315 60.3482,
	89.6647 60.415,
	89.4864 60.4373,
	89.3973 60.4373,
	89.3082 60.3928,
	89.13 60.2145,
	88.9518 60.2368,
	88.8627 60.2591,
	88.7067 60.1032,
	88.6399 60.0141,
	88.5285 59.6576,
	88.484 59.5685,
	88.484 59.2121,
	88.328 58.8557,
	88.2835 58.6774,
	88.2835 58.321,
	88.2835 58.2542,
	"/>
</Transform>

<Transform dim="0"
 xcoef=" 0 1 0 0 0 0"
 ycoef=" 0 0 1 0 0 0">
<Contour name="TB3_Nuc13_EM" hidden="false" closed="true" simplified="true" border="1 0 1" fill="0 1 0" mode="9"
 points="105.008 50.4653,
	105.122 50.1605,
	105.141 50.0081,
	105.103 49.8557,
	105.103 49.7033,
	105.141 49.5509,
	105.274 49.3985,
	105.331 49.2461,
	105.331 49.0937,
	105.293 48.9413,
	105.293 48.6365,
	105.503 47.4172,
	105.503 47.341,
	105.712 47.0362,
	105.77 46.8838,
	105.789 46.8076,
	105.674 46.5028,
	105.731 46.3504,
	105.77 46.2742,
	105.77 46.1218,
	105.712 45.817,
	105.693 45.5121,
	105.75 45.3597,
	105.846 45.2073,
	105.903 45.1311,
	105.941 45.093,
	105.941 44.9406,
	105.922 44.8644,
	105.979 44.712,
	106.093 44.5787,
	106.112 44.5025,
	106.132 44.4644,
	106.112 44.312,
	106.132 44.1595,
	106.341 43.8547,
	106.589 43.569,
	106.627 43.4166,
	106.646 43.1118,
	106.684 43.0737,
	106.684 43.0356,
	106.894 42.7307,
	106.989 42.5783,
	107.027 42.5021,
	107.027 42.464,
	107.065 42.4259,
	107.179 42.1211,
	107.427 41.8163,
	107.484 41.5115,
	107.484 41.3591,
	107.503 41.2829,
	107.56 41.2067,
	107.56 41.1686,
	107.732 40.8638,
	107.865 40.559,
	107.903 40.4828,
	108.151 40.216,
	108.456 39.6064,
	108.684 39.3016,
	108.78 39.1492,
	108.856 39.073,
	108.951 38.9206,
	109.103 38.7682,
	109.408 38.5586,
	109.713 38.3872,
	109.865 38.3681,
	110.17 38.2348,
	110.227 38.1776,
	110.285 38.2348,
	110.437 38.2919,
	110.57 38.4253,
	110.647 38.5777,
	110.704 38.8825,
	110.685 39.1873,
	110.494 39.7969,
	110.494 39.8731,
	110.418 40.0255,
	110.285 40.6352,
	110.266 40.7876,
	110.018 41.3972,
	109.923 41.702,
	109.904 42.0068,
	109.923 42.1592,
	109.827 42.7688,
	109.789 42.9212,
	109.637 43.2261,
	109.599 43.8357,
	109.427 44.4453,
	109.37 44.5977,
	109.351 44.6739,
	109.294 44.7501,
	109.294 44.7882,
	109.256 44.8263,
	109.237 44.9025,
	109.122 45.0549,
	108.97 45.3597,
	108.913 45.9694,
	108.856 46.2742,
	108.856 46.3504,
	108.761 46.6552,
	108.627 46.96,
	108.456 47.2648,
	108.36 47.5696,
	108.341 47.8744,
	108.284 48.1792,
	108.189 48.4841,
	108.113 48.6365,
	108.094 48.7127,
	107.998 48.8651,
	107.998 48.9032,
	107.808 49.208,
	107.77 49.2842,
	107.217 49.8367,
	107.084 49.951,
	106.779 50.0843,
	106.474 50.1224,
	106.17 50.1986,
	106.017 50.2367,
	105.865 50.332,
	105.789 50.3891,
	105.484 50.4844,
	105.446 50.5225,
	105.293 50.5606,
	105.217 50.5987,
	105.141 50.5987,
	105.008 50.5034,
	105.008 50.4844,
	"/>
</Transform>

<Transform dim="0"
 xcoef=" 0 1 0 0 0 0"
 ycoef=" 0 0 1 0 0 0">
<Contour name="TB3_Nuc18_EM" hidden="false" closed="true" simplified="true" border="1 0 0" fill="1 0 0" mode="9"
 points="115.673 43.7516,
	115.717 43.5755,
	116.289 42.8713,
	116.51 42.167,
	116.774 41.8149,
	116.95 41.4628,
	117.082 41.2867,
	117.17 41.1987,
	117.346 41.1987,
	117.39 41.1547,
	117.742 41.2867,
	117.83 41.3307,
	117.962 40.9786,
	118.05 40.8025,
	118.226 40.6265,
	118.402 40.6265,
	118.49 40.5825,
	118.842 40.8025,
	118.974 41.1547,
	118.666 41.8589,
	118.622 42.035,
	118.534 42.123,
	118.402 42.4751,
	117.962 43.1794,
	117.698 43.5315,
	117.346 43.8836,
	116.994 44.1037,
	116.289 44.3678,
	115.937 44.4559,
	115.761 44.3238,
	115.673 44.1477,
	115.673 43.7956,
	"/>
</Transform>

<Transform dim="0"
 xcoef=" 0 1 0 0 0 0"
 ycoef=" 0 0 1 0 0 0">
<Contour name="TB3_Nuc19_EM" hidden="false" closed="true" simplified="true" border="0 1 1" fill="0 1 1" mode="9"
 points="110.133 54.3485,
	110.258 53.3495,
	110.32 52.85,
	110.601 51.8511,
	110.695 51.3516,
	110.882 50.8522,
	110.976 50.6024,
	111.069 50.4776,
	111.257 49.9781,
	111.506 48.9792,
	111.725 48.4797,
	112.006 47.9802,
	112.193 47.7305,
	112.38 47.5744,
	112.474 47.3247,
	112.537 46.8252,
	112.568 46.7003,
	112.724 46.4506,
	112.942 46.2633,
	113.036 46.0136,
	113.442 45.5141,
	113.567 45.4205,
	113.816 45.3892,
	114.316 45.4829,
	114.378 45.4829,
	114.441 45.5453,
	114.41 46.0448,
	114.566 46.2945,
	115.065 46.6691,
	115.128 46.9189,
	115.096 47.4183,
	115.096 47.4808,
	114.94 47.7305,
	114.971 47.9802,
	115.065 48.23,
	114.971 48.7294,
	114.909 48.9792,
	114.41 49.9781,
	114.066 50.4464,
	113.598 50.8522,
	113.411 51.1019,
	113.317 51.2268,
	113.223 51.4765,
	113.13 51.976,
	112.911 52.4442,
	112.942 52.694,
	113.005 52.8188,
	112.974 53.0686,
	112.88 53.1622,
	112.63 53.2247,
	112.38 53.2247,
	112.131 53.3807,
	112.006 53.412,
	111.881 53.5056,
	111.85 53.6305,
	111.756 53.7553,
	111.756 53.8178,
	111.6 54.0675,
	111.6 54.3172,
	111.444 54.8167,
	111.225 55.3162,
	111.101 55.8156,
	111.069 56.0654,
	111.069 56.1902,
	111.007 56.3151,
	110.757 56.2839,
	110.539 56.0654,
	110.383 55.8156,
	110.164 54.8167,
	110.133 54.567,
	110.133 54.4421,
	110.133 54.3797,
	"/>
</Transform>

<Transform dim="0"
 xcoef=" 0 1 0 0 0 0"
 ycoef=" 0 0 1 0 0 0">
<Contour name="TB3_Nuc32_EM" hidden="false" closed="true" simplified="true" border="0 1 1" fill="0 1 1" mode="9"
 points="111.468 40.2963,
	111.542 39.9978,
	111.785 39.4008,
	112.065 38.8038,
	112.121 38.5053,
	112.251 38.2068,
	112.438 37.9084,
	112.606 36.7144,
	112.699 36.1174,
	112.755 35.9682,
	112.774 35.8935,
	112.96 35.595,
	113.091 35.4458,
	113.24 35.3339,
	113.483 35.0354,
	113.557 34.9608,
	113.856 34.8302,
	114.005 34.7742,
	114.154 34.6809,
	114.303 34.6249,
	114.378 34.5876,
	114.527 34.569,
	114.826 34.4197,
	114.975 34.4011,
	115.05 34.4011,
	115.124 34.457,
	115.423 34.5503,
	115.721 34.7182,
	115.796 34.7369,
	115.833 34.7742,
	115.87 34.7742,
	116.001 34.9234,
	116.188 35.2219,
	116.262 35.2592,
	116.356 35.4085,
	116.43 35.707,
	116.449 36.0055,
	116.411 36.304,
	116.374 36.4532,
	116.356 36.5278,
	116.393 36.8263,
	116.3 37.1248,
	116.281 37.2741,
	116.374 37.5725,
	116.393 37.6472,
	116.374 37.6845,
	116.43 37.7591,
	116.449 37.8337,
	116.411 37.983,
	116.337 38.1322,
	116.132 38.4307,
	116.038 38.58,
	115.889 38.7105,
	115.74 38.8038,
	115.497 39.4008,
	115.404 39.5314,
	115.106 39.7553,
	114.807 39.8859,
	114.658 39.9605,
	114.359 40.2403,
	114.117 40.5388,
	113.968 40.6694,
	113.893 40.7067,
	113.781 40.8559,
	113.557 41.4529,
	113.501 41.6022,
	113.165 42.1992,
	113.072 42.3484,
	113.053 42.3671,
	113.091 42.3857,
	112.979 42.535,
	112.83 42.6655,
	112.774 42.7402,
	112.475 42.8521,
	112.326 42.9081,
	112.177 43.0387,
	112.102 43.0573,
	111.953 43.02,
	111.878 43.0014,
	111.859 42.9267,
	111.785 42.8521,
	111.617 42.5536,
	111.561 42.4044,
	111.505 41.8074,
	111.468 40.6134,
	111.468 40.3149,
	"/>
</Transform>

<Transform dim="0"
 xcoef=" 0 1 0 0 0 0"
 ycoef=" 0 0 1 0 0 0">
<Contour name="TB3_Nuc37_EM" hidden="false" closed="true" simplified="true" border="1 0 0" fill="1 0 0" mode="9"
 points="115.633 52.9925,
	115.648 52.755,
	115.737 52.28,
	115.782 52.1612,
	115.856 52.0425,
	115.96 51.805,
	116.005 51.6862,
	115.99 51.2112,
	116.034 50.9737,
	116.197 50.4987,
	116.257 50.2612,
	116.287 50.0237,
	116.361 49.7862,
	116.39 49.7565,
	116.39 49.7268,
	116.435 49.6675,
	116.435 49.6378,
	116.465 49.6081,
	116.509 49.3706,
	116.524 49.2518,
	116.509 49.0143,
	116.509 48.8956,
	116.613 48.6581,
	116.762 48.1831,
	116.836 47.9456,
	116.865 47.8862,
	116.865 47.8268,
	116.91 47.7081,
	116.925 47.5893,
	117.029 47.3518,
	117.088 47.2331,
	117.133 47.1737,
	117.133 47.144,
	117.177 47.0846,
	117.177 47.0549,
	117.207 47.0253,
	117.207 46.9956,
	117.474 46.5206,
	117.563 46.4167,
	117.623 46.3573,
	117.741 46.3127,
	117.801 46.2979,
	117.86 46.3127,
	117.919 46.3573,
	118.157 46.4315,
	118.216 46.476,
	118.246 46.5057,
	118.276 46.4463,
	118.305 46.4463,
	118.35 46.387,
	118.335 46.3276,
	117.86 46.0604,
	117.786 45.9417,
	117.741 45.8229,
	117.771 45.7042,
	117.845 45.5854,
	117.934 45.3479,
	117.979 45.1104,
	117.979 44.9916,
	118.023 44.7541,
	118.098 44.5166,
	118.127 44.3979,
	118.157 44.3682,
	118.172 44.3088,
	118.216 44.2495,
	118.216 44.2198,
	118.246 44.1901,
	118.246 44.1604,
	118.335 44.0416,
	118.454 43.8041,
	118.528 43.5666,
	118.632 43.3291,
	118.632 43.2995,
	118.706 43.1807,
	118.899 42.958,
	119.122 42.7354,
	119.211 42.6315,
	119.255 42.5721,
	119.344 42.4979,
	119.582 42.3049,
	119.701 42.3049,
	119.76 42.3049,
	119.79 42.3198,
	119.908 42.2604,
	120.027 42.1713,
	120.146 42.1119,
	120.265 42.1268,
	120.502 42.2752,
	120.665 42.5127,
	120.755 42.7502,
	120.784 42.9877,
	120.799 43.1065,
	120.784 43.2252,
	120.799 43.4627,
	120.769 43.5815,
	120.755 43.6409,
	120.68 43.7596,
	120.665 43.819,
	120.68 43.8784,
	120.68 43.908,
	120.769 44.0268,
	120.814 44.1455,
	120.829 44.2049,
	120.799 44.3237,
	120.769 44.3831,
	120.74 44.4127,
	120.695 44.5315,
	120.799 45.0065,
	120.829 45.244,
	120.814 45.719,
	120.799 45.9565,
	120.799 46.0752,
	120.799 46.1346,
	120.68 46.3721,
	120.665 46.4909,
	120.71 46.7284,
	120.71 46.8471,
	120.665 46.9659,
	120.547 47.0104,
	120.487 47.0104,
	120.428 47.0549,
	120.413 47.1143,
	120.473 47.3518,
	120.487 47.4706,
	120.502 47.5299,
	120.473 47.6487,
	120.413 47.7674,
	120.309 48.2424,
	120.235 48.4799,
	119.998 48.955,
	119.894 49.0737,
	119.775 49.3112,
	119.701 49.43,
	119.656 49.5487,
	119.552 49.6675,
	119.27 50.1425,
	119.226 50.2018,
	119.211 50.2612,
	119.166 50.3206,
	119.092 50.5581,
	118.944 50.7807,
	118.825 50.8995,
	118.765 50.9143,
	118.706 50.8995,
	118.662 50.8401,
	118.424 50.7362,
	118.365 50.7362,
	118.35 50.7807,
	118.38 50.8995,
	118.394 50.9589,
	118.439 51.0182,
	118.454 51.0776,
	118.498 51.137,
	118.498 51.1667,
	118.543 51.2261,
	118.558 51.3448,
	118.528 51.4636,
	118.513 51.5229,
	118.439 51.6417,
	118.231 51.8347,
	118.053 52.0425,
	117.845 52.2651,
	117.771 52.3839,
	117.712 52.4433,
	117.593 52.5175,
	117.385 52.755,
	117.237 52.9925,
	117.014 53.2151,
	116.925 53.319,
	116.806 53.5565,
	116.509 54.0167,
	116.346 54.2542,
	116.272 54.3729,
	116.242 54.4323,
	116.138 54.5511,
	116.079 54.5659,
	115.96 54.5065,
	115.856 54.3878,
	115.797 54.269,
	115.767 54.1503,
	115.708 54.0315,
	115.663 53.794,
	115.663 53.5565,
	115.633 53.319,
	115.633 53.0815,
	115.633 53.0222,
	115.633 53.0073,
	"/>
</Transform>

<Transform dim="0"
 xcoef=" 0 1 0 0 0 0"
 ycoef=" 0 0 1 0 0 0">
<Contour name="TB3_Nuc44_EM" hidden="false" closed="true" simplified="true" border="1 0 0" fill="1 0 0" mode="9"
 points="106.519 31.6088,
	106.601 31.1702,
	106.601 31.0605,
	106.683 30.6219,
	106.697 30.4026,
	106.656 29.9639,
	106.628 29.7446,
	106.628 29.5253,
	106.669 29.0867,
	106.683 28.8674,
	106.683 28.7577,
	106.738 28.5384,
	106.902 28.0998,
	106.985 27.8805,
	107.026 27.7708,
	107.094 27.6611,
	107.108 27.6063,
	107.259 27.387,
	107.478 27.1951,
	107.533 27.154,
	107.588 27.1403,
	107.698 27.1677,
	107.752 27.1814,
	107.972 27.3459,
	108.191 27.5378,
	108.588 27.9764,
	108.739 28.1957,
	108.835 28.415,
	108.876 28.4699,
	108.876 28.4973,
	108.917 28.5521,
	108.931 28.6069,
	109.013 28.7166,
	109.219 28.9359,
	109.315 29.0456,
	109.342 29.073,
	109.342 29.1004,
	109.438 29.2101,
	109.562 29.4294,
	109.644 29.6487,
	109.754 30.0873,
	109.795 30.1421,
	109.808 30.197,
	109.877 30.3066,
	109.918 30.4163,
	109.959 30.4711,
	110.014 30.6904,
	109.973 31.1291,
	110.014 31.5677,
	110.041 31.6773,
	110.247 32.116,
	110.329 32.5546,
	110.343 32.6643,
	110.329 32.7739,
	110.233 32.9932,
	110.179 33.4319,
	110.083 33.6512,
	109.918 33.8705,
	109.822 33.9802,
	109.767 34.035,
	109.548 34.1035,
	109.329 34.1995,
	109.301 34.2269,
	109.274 34.2269,
	109.164 34.3091,
	109.055 34.3503,
	108.945 34.364,
	108.835 34.3228,
	108.657 34.1172,
	108.52 33.8979,
	108.493 33.8705,
	108.383 33.8568,
	107.944 34.035,
	107.835 34.0624,
	107.78 34.0761,
	107.67 34.1584,
	107.56 34.1721,
	107.451 34.1309,
	107.231 33.9802,
	107.177 33.9253,
	107.094 33.706,
	107.081 33.5964,
	107.04 33.4867,
	106.971 33.0481,
	106.875 32.8288,
	106.861 32.7739,
	106.82 32.7191,
	106.724 32.4998,
	106.656 32.3901,
	106.574 32.1708,
	106.532 31.9515,
	106.519 31.7322,
	106.519 31.6225,
	"/>
</Transform>

<Transform dim="0"
 xcoef=" 0 1 0 0 0 0"
 ycoef=" 0 0 1 0 0 0">
<Contour name="TB3_Nuc54_EM" hidden="false" closed="true" simplified="true" border="0 1 0" fill="0 1 0" mode="9"
 points="101.538 25.3287,
	101.637 24.9326,
	101.686 24.7345,
	101.711 24.6355,
	102.033 24.2641,
	102.132 24.1898,
	102.181 24.1403,
	102.28 24.1403,
	102.38 24.0908,
	102.454 23.8927,
	102.479 23.7936,
	102.553 23.6946,
	102.751 23.6698,
	102.825 23.5708,
	102.85 23.1747,
	102.998 22.7785,
	103.023 22.5804,
	103.048 22.4814,
	103.197 22.2833,
	103.296 22.2091,
	103.692 22.1595,
	103.89 22.1348,
	104.088 22.2091,
	104.261 22.4071,
	104.311 22.4566,
	104.385 22.8528,
	104.41 23.0509,
	104.484 23.2489,
	104.583 23.2985,
	104.633 23.3727,
	104.831 23.3232,
	105.202 23.6946,
	105.375 23.8927,
	105.796 24.685,
	105.821 25.0811,
	105.747 25.4773,
	105.549 25.8734,
	105.4 26.2696,
	105.4 26.4676,
	105.425 26.5667,
	105.499 26.641,
	105.697 26.7152,
	105.796 26.74,
	105.994 26.9133,
	106.093 27.1114,
	106.044 27.5075,
	106.069 27.9037,
	106.093 28.1018,
	106.093 28.2008,
	106.044 28.2998,
	105.871 28.4979,
	105.796 28.5969,
	105.772 28.6465,
	105.846 29.0426,
	105.846 29.2407,
	105.722 29.4388,
	105.648 29.6368,
	105.573 29.7359,
	105.524 29.9339,
	105.598 30.3301,
	105.623 30.5282,
	105.549 30.7262,
	105.524 31.5185,
	105.499 31.9147,
	105.474 32.1128,
	105.425 32.2118,
	105.227 32.4099,
	105.029 32.5337,
	104.633 32.5584,
	104.435 32.5584,
	104.236 32.4841,
	103.84 32.187,
	103.642 32.0137,
	103.543 31.9642,
	103.32 31.568,
	103.345 31.469,
	103.469 31.3452,
	103.37 31.2462,
	103.271 31.1967,
	103.073 31.1719,
	102.875 31.0233,
	102.701 30.6272,
	102.726 30.4291,
	102.899 30.033,
	102.974 29.6368,
	102.974 29.5378,
	102.8 29.414,
	102.677 29.8101,
	102.602 30.2063,
	102.479 30.3796,
	102.38 30.4044,
	102.28 30.3548,
	102.181 30.2558,
	102.132 30.2063,
	102.107 29.8101,
	102.107 29.6121,
	102.033 29.414,
	101.884 29.2159,
	101.761 28.8198,
	101.785 28.4236,
	101.934 28.2503,
	101.81 27.8542,
	101.761 27.458,
	101.81 27.0619,
	101.761 26.2696,
	101.637 25.8734,
	101.562 25.6753,
	101.538 25.4773,
	101.538 25.3782,
	101.538 25.3535,
	"/>
</Transform>

<Transform dim="0"
 xcoef=" 0 1 0 0 0 0"
 ycoef=" 0 0 1 0 0 0">
<Contour name="TB1_NF14_RSL" hidden="false" closed="true" simplified="true" border="0.501961 0 1" fill="0.501961 0 1" mode="-9"
 points="27.5747 44.0618,
	27.5922 44.0269,
	27.7232 43.922,
	27.7757 43.8522,
	27.8368 43.7124,
	27.8718 43.5726,
	27.8805 43.293,
	27.9067 43.0134,
	27.9154 42.8736,
	27.9591 42.7338,
	27.9941 42.6639,
	28.0203 42.6289,
	28.0378 42.6115,
	28.0727 42.6202,
	28.0902 42.6202,
	28.1339 42.6901,
	28.1863 42.9697,
	28.2212 43.2493,
	28.2212 43.3192,
	28.2387 43.3891,
	28.23 43.4502,
	28.195 43.4153,
	28.1863 43.4066,
	28.1601 43.6861,
	28.064 44.2453,
	28.0116 44.3851,
	27.9591 44.4463,
	27.8193 44.4638,
	27.6795 44.4113,
	27.6446 44.3939,
	27.6009 44.324,
	27.5834 44.289,
	27.5747 44.1492,
	27.5747 44.0793,
	27.5747 44.0706,
	"/>
</Transform>

<Transform dim="0"
 xcoef=" 0 1 0 0 0 0"
 ycoef=" 0 0 1 0 0 0">
<Contour name="TB1_NF14_RSL" hidden="false" closed="true" simplified="true" border="0.501961 0 1" fill="0.501961 0 1" mode="-9"
 points="27.4087 46.552,
	27.4436 46.4122,
	27.4436 46.3947,
	27.4611 46.3772,
	27.4698 46.3423,
	27.5223 46.2811,
	27.6621 46.2898,
	27.8019 46.3161,
	27.8718 46.3685,
	27.9679 46.5083,
	28.029 46.6481,
	28.0465 46.7879,
	28.0465 46.8578,
	28.029 46.9277,
	28.0203 46.9626,
	28.0116 46.9713,
	27.9679 46.8315,
	27.9591 46.7966,
	27.9504 46.7791,
	27.9417 46.9189,
	27.8892 47.0587,
	27.8193 47.1985,
	27.8019 47.216,
	27.732 47.216,
	27.7145 47.216,
	27.5834 47.1024,
	27.4961 46.9713,
	27.4436 46.8315,
	27.4174 46.6918,
	27.4087 46.5607,
	"/>
</Transform>

<Transform dim="0"
 xcoef=" 0 1 0 0 0 0"
 ycoef=" 0 0 1 0 0 0">
<Contour name="TB1_AP13_atM05_RSL" hidden="false" closed="true" simplified="true" border="1 0 0" fill="1 0 0" mode="-9"
 points="39.8607 49.157,
	39.9382 49.0988,
	39.977 49.0794,
	40.103 48.9243,
	40.1806 48.8468,
	40.2387 48.7692,
	40.2775 48.7304,
	40.2969 48.6917,
	40.2969 48.5366,
	40.2678 48.3815,
	40.2581 48.3039,
	40.326 48.2748,
	40.4035 48.2748,
	40.4423 48.2942,
	40.5295 48.4493,
	40.5392 48.5269,
	40.5101 48.6044,
	40.4423 48.682,
	40.3938 48.7595,
	40.3647 48.8371,
	40.355 48.9922,
	40.3454 49.0697,
	40.3454 49.1085,
	40.2775 49.186,
	40.1999 49.2345,
	40.0448 49.283,
	39.9673 49.283,
	39.9285 49.283,
	39.8607 49.2151,
	39.8607 49.1764,
	39.8607 49.1667,
	"/>
</Transform>

<Transform dim="0"
 xcoef=" 0 1 0 0 0 0"
 ycoef=" 0 0 1 0 0 0">
<Contour name="TB1_NF21_RSL" hidden="false" closed="true" simplified="true" border="1 0.501961 0.501961" fill="1 0.501961 0.501961" mode="-9"
 points="36.7199 45.5218,
	36.7587 45.5121,
	36.8362 45.58,
	37.001 45.8902,
	37.0786 46.0453,
	37.127 46.2004,
	37.127 46.2392,
	37.1658 46.3167,
	37.2337 46.3846,
	37.3791 46.4912,
	37.4566 46.5494,
	37.602 46.6366,
	37.6214 46.6366,
	37.699 46.6948,
	37.7765 46.7723,
	37.8831 46.9274,
	37.9704 47.0825,
	38.0382 47.2376,
	38.0867 47.3927,
	38.1255 47.4703,
	38.1837 47.5381,
	38.2612 47.5963,
	38.3 47.6254,
	38.3775 47.6544,
	38.4163 47.6641,
	38.5714 47.7611,
	38.8816 47.9065,
	38.9592 47.9356,
	39.0367 47.9937,
	39.1143 48.0228,
	39.1918 48.0325,
	39.2306 48.0422,
	39.5408 47.9743,
	39.6959 47.9259,
	39.851 47.9356,
	39.9285 47.9549,
	39.9673 47.9743,
	40.0448 48.0519,
	40.1709 48.1973,
	40.2387 48.2554,
	40.3066 48.333,
	40.3163 48.4881,
	40.2872 48.6432,
	40.2678 48.7207,
	40.1806 48.8758,
	40.0545 49.0019,
	39.8994 49.0891,
	39.8219 49.1182,
	39.6668 49.1279,
	39.5892 49.1182,
	39.4341 49.0503,
	39.3566 49.0116,
	39.2887 48.934,
	39.1821 48.6238,
	39.1336 48.4687,
	39.1046 48.3136,
	39.0755 48.2361,
	39.0367 48.2167,
	38.8816 48.2167,
	38.7265 48.1973,
	38.5714 48.1585,
	38.4163 48.1003,
	38.3388 48.0519,
	38.3 48.0228,
	38.2806 47.984,
	38.2418 47.9452,
	38.2224 47.9356,
	38.1933 47.7805,
	38.1837 47.7029,
	38.1255 47.5478,
	38.0479 47.4703,
	37.9704 47.4315,
	37.8928 47.4218,
	37.8153 47.4412,
	37.7765 47.4509,
	37.7377 47.4315,
	37.6311 47.2764,
	37.5633 47.1213,
	37.5245 47.0437,
	37.5148 47.005,
	37.4275 46.8499,
	37.3597 46.7045,
	37.2434 46.5494,
	37.2143 46.5106,
	37.1852 46.433,
	37.1658 46.3943,
	37.1658 46.3749,
	37.1367 46.3361,
	37.001 46.0259,
	36.9622 45.9483,
	36.749 45.6478,
	36.7199 45.5703,
	36.7199 45.5315,
	"/>
</Transform>

<Transform dim="0"
 xcoef=" 0 1 0 0 0 0"
 ycoef=" 0 0 1 0 0 0">
<Contour name="TB1_NF22_RSL" hidden="false" closed="true" simplified="true" border="0.502 0.502 0" fill="0.502 0.502 0" mode="-9"
 points="36.0498 59.3432,
	36.0964 59.2686,
	36.1244 59.2313,
	36.1337 59.194,
	36.1897 59.1288,
	36.199 59.1474,
	36.171 59.1847,
	36.1617 59.194,
	36.1804 59.2034,
	36.255 59.1568,
	36.3296 59.0915,
	36.4042 59.1008,
	36.4415 59.1008,
	36.5907 59.2034,
	36.628 59.2313,
	36.6373 59.2127,
	36.6186 59.1381,
	36.6186 59.1195,
	36.6373 59.1008,
	36.7119 59.0915,
	36.8611 59.1195,
	36.9357 59.1661,
	37.2341 59.4178,
	37.2993 59.567,
	37.3833 59.8654,
	37.4299 60.0146,
	37.4392 60.0333,
	37.4299 60.0519,
	37.3553 59.9867,
	37.2807 59.94,
	37.2714 59.9494,
	37.318 60.024,
	37.4206 60.3224,
	37.4392 60.4716,
	37.4299 60.5462,
	37.4206 60.5835,
	37.3926 60.6207,
	37.3553 60.6394,
	37.2807 60.6394,
	37.2061 60.6114,
	36.9077 60.397,
	36.8704 60.3597,
	36.8517 60.3503,
	36.8424 60.369,
	36.7958 60.2944,
	36.4974 60.0333,
	36.3482 59.9027,
	36.227 59.7535,
	36.1337 59.6043,
	36.0685 59.4551,
	36.0685 59.3805,
	36.0778 59.3712,
	36.0498 59.3526,
	"/>
</Transform>

<Transform dim="0"
 xcoef=" 0 1 0 0 0 0"
 ycoef=" 0 0 1 0 0 0">
<Contour name="TB0_Shell_EM" hidden="false" closed="true" simplified="true" border="0 1 0" fill="0 1 0" mode="9"
 points="11.2391 40.1713,
	11.9423 37.6707,
	12.3331 37.0456,
	12.5675 36.4204,
	13.3489 35.1701,
	13.8178 34.545,
	14.1303 33.9199,
	15.1462 32.6696,
	17.4905 30.169,
	17.803 29.8564,
	17.8812 29.7002,
	18.0375 29.7002,
	18.5845 30.9504,
	19.2878 33.451,
	19.7566 34.7013,
	20.0692 35.3264,
	20.8506 37.827,
	21.0069 38.4521,
	21.1632 38.7647,
	21.3195 40.015,
	21.4758 45.0161,
	21.8665 47.5167,
	22.5698 50.0173,
	22.8823 51.2675,
	23.9763 53.7681,
	24.5233 55.0184,
	24.8359 55.6435,
	25.3047 56.2687,
	25.5392 56.8157,
	25.6173 58.066,
	25.0703 60.5665,
	24.914 61.1917,
	24.2108 62.4419,
	23.7419 63.0671,
	23.5075 63.3797,
	22.2572 63.9267,
	21.0069 64.1611,
	20.3818 64.2392,
	20.0692 64.3955,
	18.8189 64.2392,
	17.5686 63.8485,
	16.3183 63.1452,
	16.0058 62.9889,
	15.3806 62.3638,
	14.5211 61.1135,
	13.8959 59.8632,
	13.6615 59.2381,
	13.2708 58.613,
	13.1145 57.3627,
	13.0363 56.7375,
	13.2708 51.7364,
	13.3489 50.4861,
	13.4271 49.861,
	13.3489 48.6107,
	12.9582 46.1101,
	12.2549 43.6096,
	11.7079 42.3593,
	11.3172 41.109,
	11.3172 40.4838,
	11.2391 40.2494,
	"/>
</Transform>

<Transform dim="0"
 xcoef=" 0 1 0 0 0 0"
 ycoef=" 0 0 1 0 0 0">
<Contour name="TB1_Shell_EM" hidden="false" closed="true" simplified="true" border="0 1 1" fill="0 1 1" mode="15"
 points="18.6761 32.1948,
	19.5357 29.6942,
	20.1608 28.4439,
	21.8018 25.9434,
	24.3024 23.8335,
	24.9275 23.3647,
	27.4281 22.1144,
	28.6784 21.7237,
	31.1789 21.333,
	32.4292 21.333,
	33.6795 21.4892,
	34.9298 22.1144,
	36.1801 22.974,
	37.3522 24.1461,
	38.6806 26.6467,
	38.9151 26.9592,
	38.9932 27.2718,
	39.5402 27.8969,
	39.7746 28.5221,
	41.5719 31.0227,
	42.5096 32.2729,
	42.9785 32.8981,
	45.4791 35.3986,
	46.0261 36.0238,
	47.2763 36.5708,
	47.5889 36.7271,
	48.8392 37.8992,
	49.4643 38.5244,
	49.9332 39.1495,
	50.3239 40.3998,
	50.6365 42.9003,
	50.7928 44.1506,
	50.8709 46.6512,
	50.2458 51.6523,
	49.5425 54.1529,
	48.6829 56.6535,
	48.6048 57.2786,
	47.9015 58.5289,
	47.5108 61.0294,
	47.1982 61.6546,
	46.1042 62.9049,
	45.7916 63.2174,
	44.5413 64.077,
	43.9162 64.624,
	41.4156 66.265,
	40.1653 66.812,
	37.6648 67.359,
	35.1642 67.6716,
	33.9139 67.6716,
	33.2888 67.5934,
	32.9762 67.5934,
	31.7259 67.0464,
	30.4757 66.3432,
	30.0068 65.7962,
	29.3817 65.2492,
	28.1314 64.3896,
	27.5844 63.7644,
	26.4122 61.2639,
	26.3341 60.6387,
	26.3341 60.3262,
	25.7089 59.0759,
	24.8494 57.8256,
	24.1461 56.5753,
	23.6772 55.325,
	23.5991 54.0747,
	23.3647 52.8245,
	23.1302 52.5119,
	22.7395 51.2616,
	22.2707 48.761,
	22.0362 46.2605,
	21.8018 45.0102,
	21.7237 43.7599,
	21.9581 41.2593,
	21.88 40.0091,
	21.4111 38.7588,
	20.0827 36.2582,
	18.9887 33.7576,
	18.7542 33.1325,
	18.6761 32.5074,
	18.6761 32.2729,
	"/>
</Transform>

<Transform dim="0"
 xcoef=" 0 1 0 0 0 0"
 ycoef=" 0 0 1 0 0 0">
<Contour name="TB1_NF55_RSL" hidden="false" closed="true" simplified="true" border="0.501961 0 0" fill="0.501961 0 0" mode="-9"
 points="33.4472 30.4355,
	33.4569 30.3582,
	33.4617 30.3195,
	33.4907 30.2422,
	33.5004 30.2228,
	33.5004 30.2132,
	33.51 30.2035,
	33.568 30.0488,
	33.5777 30.0101,
	33.5874 29.9908,
	33.6116 29.8361,
	33.6261 29.7974,
	33.6261 29.7878,
	33.6406 29.7684,
	33.6502 29.7298,
	33.6599 29.7104,
	33.6647 29.6331,
	33.6454 29.5944,
	33.5825 29.5267,
	33.5535 29.4881,
	33.5535 29.4494,
	33.5874 29.4155,
	33.7421 29.3817,
	33.7807 29.3769,
	33.8001 29.3672,
	33.8388 29.3624,
	33.9934 29.2995,
	34.0708 29.2947,
	34.0901 29.2995,
	34.1288 29.3237,
	34.1481 29.3334,
	34.1723 29.3672,
	34.1723 29.3769,
	34.1868 29.3962,
	34.2158 29.4736,
	34.2303 29.6282,
	34.2352 29.7056,
	34.2303 29.7829,
	34.1868 29.9376,
	34.1723 29.9763,
	34.1675 30.015,
	34.066 30.3244,
	34.0563 30.4017,
	34.0611 30.5564,
	34.0563 30.6337,
	34.0418 30.7111,
	33.9934 30.8658,
	33.9838 30.8851,
	33.9741 30.8948,
	33.9741 30.9045,
	33.9209 30.977,
	33.8823 31.0108,
	33.8097 31.0591,
	33.7711 31.0736,
	33.7517 31.0736,
	33.7131 31.0591,
	33.6357 31.0446,
	33.597 31.0253,
	33.5439 30.9528,
	33.51 30.8754,
	33.4665 30.7208,
	33.452 30.6434,
	33.4472 30.4887,
	33.4472 30.45,
	33.4472 30.4404,
	"/>
</Transform>

<Transform dim="0"
 xcoef=" 0 1 0 0 0 0"
 ycoef=" 0 0 1 0 0 0">
<Contour name="TB1_NF55_RSL" hidden="false" closed="true" simplified="true" border="0.502 0 0" fill="0.502 0 0" mode="-9"
 points="42.6896 36.4919,
	42.71 36.4102,
	42.7509 36.3286,
	42.8326 36.2469,
	42.9143 36.1958,
	42.9959 36.1856,
	43.0368 36.1856,
	43.1185 36.2367,
	43.1695 36.3081,
	43.2818 36.6349,
	43.3125 36.7982,
	43.3431 36.8799,
	43.3533 37.0433,
	43.3533 37.125,
	43.3022 37.2883,
	43.2512 37.37,
	43.2104 37.4006,
	43.1695 37.4109,
	43.0878 37.37,
	43.0061 37.2985,
	42.9449 37.2271,
	42.8019 36.9003,
	42.7713 36.8595,
	42.71 36.6961,
	42.6896 36.5328,
	42.6896 36.5021,
	"/>
</Transform>

<Transform dim="0"
 xcoef=" 0 1 0 0 0 0"
 ycoef=" 0 0 1 0 0 0">
<Contour name="TB1_AP13_RSL_LYS" hidden="false" closed="true" simplified="true" border="0 0 0" fill="1 1 0" mode="-9"
 points="41.8912 50.5339,
	41.9713 50.4271,
	42.0649 50.3603,
	42.0916 50.3336,
	42.1984 50.3068,
	42.4122 50.3202,
	42.519 50.3469,
	42.5992 50.4404,
	42.6125 50.6542,
	42.6259 50.761,
	42.6259 50.8145,
	42.5458 50.9213,
	42.4522 50.9881,
	42.3988 51.0015,
	42.3454 50.9748,
	42.1316 50.9614,
	42.0248 50.8812,
	41.9313 50.7744,
	41.8912 50.5606,
	41.8912 50.5473,
	"/>
<Contour name="TB1_AP13_RSL_LYS" hidden="false" closed="true" simplified="true" border="0 0 0" fill="1 1 0" mode="-9"
 points="41.7443 52.0568,
	41.7977 51.9499,
	41.8912 51.843,
	41.9713 51.7629,
	42.0248 51.7095,
	42.1316 51.7095,
	42.2385 51.7495,
	42.2919 51.7896,
	42.3587 52.0033,
	42.3721 52.2171,
	42.3855 52.3239,
	42.3721 52.364,
	42.3454 52.3506,
	42.3187 52.3907,
	42.2118 52.4575,
	42.1851 52.4575,
	42.1316 52.4976,
	42.0248 52.4842,
	41.9713 52.4575,
	41.8645 52.3506,
	41.7977 52.2571,
	41.771 52.2304,
	41.7443 52.1236,
	41.7443 52.0701,
	"/>
<Contour name="TB1_AP13_RSL_LYS" hidden="false" closed="true" simplified="true" border="0 0 0" fill="1 1 0" mode="-9"
 points="43.1602 53.3659,
	43.1736 53.3124,
	43.1736 53.2857,
	43.2003 53.259,
	43.2537 53.2724,
	43.3205 53.3659,
	43.3606 53.4193,
	43.4407 53.633,
	43.4808 53.8468,
	43.4675 53.9536,
	43.4541 53.9937,
	43.2804 53.78,
	43.2537 53.7533,
	43.2137 53.6464,
	43.1736 53.593,
	43.1602 53.3792,
	"/>
<Contour name="TB1_AP13_RSL_LYS" hidden="false" closed="true" simplified="true" border="0 0 0" fill="1 1 0" mode="-9"
 points="42.3721 53.8067,
	42.3988 53.7533,
	42.3988 53.7265,
	42.4923 53.633,
	42.5458 53.593,
	42.6526 53.593,
	42.7595 53.6197,
	42.8663 53.6998,
	42.9198 53.7399,
	43.0534 53.9536,
	43.0534 54.0605,
	42.9198 54.2609,
	42.8263 54.1941,
	42.7194 54.154,
	42.6125 54.1406,
	42.5057 54.0605,
	42.4122 53.9536,
	42.3721 53.8468,
	42.3721 53.82,
	"/>
<Contour name="TB1_AP13_RSL_LYS" hidden="false" closed="true" simplified="true" border="0 0 0" fill="1 1 0" mode="-9"
 points="39.9543 51.4824,
	40.0478 51.3755,
	40.1012 51.3354,
	40.2081 51.3221,
	40.2615 51.3221,
	40.4752 51.4423,
	40.2615 51.5759,
	40.2214 51.6293,
	40.1146 51.6293,
	40.0077 51.6026,
	39.9543 51.5625,
	39.9543 51.5091,
	39.9543 51.4957,
	"/>
</Transform>

</Section>