<?xml version="1.0"?>
<!DOCTYPE Section SYSTEM "section.dtd">

<Section index="592" thickness="0.085" alignLocked="true">
<Transform dim="0"
 xcoef=" 0 1 0 0 0 0"
 ycoef=" 0 0 1 0 0 0">
<Image mag="0.0079" contrast="1" brightness="0" red="true" green="true" blue="true"
 src="Aligned TF21592.tif" />
<Contour name="domain1" hidden="false" closed="true" simplified="false" border="1 0 1" fill="1 0 1" mode="11"
 points="0 0,
	15991 0,
	15991 12171,
	0 12171,
	"/>
</Transform>

<Transform dim="0"
 xcoef=" 0 1 0 0 0 0"
 ycoef=" 0 0 1 0 0 0">
<Contour name="TB3_Nuc20_EM" hidden="false" closed="true" simplified="true" border="0 1 1" fill="0 1 1" mode="9"
 points="99.4259 56.5363,
	99.5303 55.9793,
	99.6 55.7008,
	99.8088 55.4223,
	100.053 55.2134,
	100.505 54.6564,
	100.575 54.5171,
	100.818 54.2386,
	101.097 54.0298,
	101.654 53.7513,
	101.932 53.612,
	102.489 53.1942,
	102.768 53.055,
	103.046 52.8461,
	103.569 52.3239,
	103.847 52.1499,
	103.917 52.1499,
	103.986 52.2195,
	104.543 52.3239,
	104.822 52.1847,
	104.961 52.1499,
	105.24 52.2543,
	105.344 52.3935,
	105.483 52.4632,
	105.762 52.4632,
	105.831 52.4284,
	106.11 52.498,
	106.667 52.8461,
	106.911 53.0898,
	107.05 53.2291,
	107.12 53.7861,
	107.05 56.0141,
	107.015 56.2926,
	106.806 56.8496,
	106.354 57.3718,
	105.971 57.9288,
	105.518 58.4858,
	104.996 58.9384,
	104.752 59.1821,
	104.195 59.4954,
	104.056 59.5998,
	103.986 59.7391,
	103.743 59.9828,
	103.186 60.1917,
	102.907 60.2961,
	102.768 60.2961,
	102.489 60.4005,
	101.932 60.4353,
	101.375 60.3657,
	101.097 60.3309,
	100.818 60.4353,
	100.679 60.4353,
	100.435 60.2265,
	100.296 60.2613,
	99.9133 59.7391,
	99.774 59.4606,
	99.4607 58.3466,
	99.4259 57.2325,
	99.4259 56.6755,
	99.4259 56.5711,
	"/>
</Transform>

<Transform dim="0"
 xcoef=" 0 1 0 0 0 0"
 ycoef=" 0 0 1 0 0 0">
<Contour name="TB3_Nuc45_EM" hidden="false" closed="true" simplified="true" border="1 0 0" fill="1 0 0" mode="9"
 points="96.6146 41.4909,
	96.6466 41.2346,
	96.6787 41.1065,
	96.6627 40.5938,
	96.6947 40.3375,
	96.8068 40.0812,
	97.1433 39.5686,
	97.3195 39.3283,
	97.4156 39.2161,
	97.5437 39.136,
	97.6078 39.104,
	97.736 39.104,
	97.8001 39.104,
	97.8641 39.072,
	97.8962 39.0399,
	97.8962 39.0079,
	98.0083 38.8957,
	98.1365 38.8797,
	98.2006 38.8637,
	98.3287 38.8797,
	98.4569 38.9278,
	98.4889 38.9438,
	98.6171 38.8797,
	98.6811 38.8477,
	98.9375 38.9118,
	99.1938 38.9278,
	99.4501 38.8637,
	99.5782 38.8957,
	99.8346 38.9118,
	99.9627 38.9598,
	100.219 39.136,
	100.427 39.3763,
	100.491 39.5045,
	100.523 39.6327,
	100.764 39.7929,
	100.892 39.8729,
	100.988 40.0011,
	101.036 40.1293,
	101.036 40.2574,
	101.004 40.3856,
	101.004 40.5137,
	101.004 40.5778,
	101.036 40.6419,
	101.276 40.7701,
	101.388 40.8982,
	101.453 41.0264,
	101.517 41.2827,
	101.533 41.539,
	101.501 41.7953,
	101.421 42.0516,
	101.437 42.1798,
	101.437 42.2118,
	101.565 42.2919,
	101.693 42.3079,
	101.821 42.4201,
	101.885 42.5482,
	101.949 42.8045,
	101.997 43.3172,
	102.013 43.8298,
	102.221 45.8803,
	102.254 46.393,
	102.189 46.9056,
	102.061 47.4182,
	101.949 47.6745,
	101.677 48.1872,
	101.645 48.2512,
	101.613 48.5075,
	101.533 48.7639,
	101.485 48.892,
	101.324 49.1483,
	101.228 49.2765,
	101.164 49.3406,
	101.084 49.4687,
	100.828 49.709,
	100.7 49.8212,
	100.443 49.9814,
	100.379 50.0294,
	100.123 50.1095,
	99.8666 50.1095,
	99.8025 50.1095,
	99.5462 50.0134,
	99.418 49.9653,
	99.2899 49.8852,
	99.2258 49.8212,
	99.1457 49.693,
	99.0656 49.4367,
	99.0496 49.3085,
	98.9695 49.1804,
	98.8413 49.1003,
	98.8093 49.1003,
	98.7452 49.0362,
	98.6972 48.7799,
	98.7292 48.5236,
	98.8093 48.2673,
	98.8413 48.2032,
	98.8574 48.1711,
	98.6171 47.9469,
	98.3607 47.8507,
	98.1205 47.6745,
	98.0243 47.5624,
	97.9763 47.4983,
	97.9282 47.242,
	97.9122 47.1138,
	97.8001 46.8575,
	97.72 46.7454,
	97.4636 46.6012,
	97.3836 46.4891,
	97.3355 46.425,
	97.2394 46.1687,
	97.0952 45.656,
	97.0632 45.5279,
	97.0632 45.2716,
	97.0632 45.1434,
	97.0632 45.0793,
	96.9991 44.9512,
	96.8709 44.823,
	96.7267 44.5667,
	96.6787 44.3104,
	96.6466 43.7978,
	96.6466 43.2851,
	96.6466 43.0288,
	96.6627 42.9007,
	96.7588 42.6444,
	96.8068 42.388,
	96.7908 42.2599,
	96.6947 42.0036,
	96.6146 41.507,
	"/>
</Transform>

<Transform dim="0"
 xcoef=" 0 1 0 0 0 0"
 ycoef=" 0 0 1 0 0 0">
<Contour name="TB3_Nuc47_EM" hidden="false" closed="true" simplified="true" border="1 0 0" fill="1 0 0" mode="9"
 points="104.047 35.3984,
	104.124 35.2436,
	104.26 35.1468,
	104.415 35.1081,
	104.492 35.0888,
	104.802 34.8372,
	104.879 34.7598,
	104.976 34.6049,
	105.053 34.2953,
	105.228 33.9856,
	105.247 33.9082,
	105.266 33.8695,
	105.228 33.7146,
	105.286 33.405,
	105.363 33.2501,
	105.595 32.9598,
	105.711 32.805,
	105.866 32.4953,
	105.963 32.1857,
	105.982 32.0308,
	106.04 31.876,
	106.04 31.8373,
	106.079 31.7986,
	106.137 31.6438,
	106.176 31.5663,
	106.331 31.4696,
	106.64 31.4115,
	106.795 31.4309,
	106.95 31.4889,
	107.105 31.6244,
	107.221 31.7792,
	107.221 31.8179,
	107.434 32.1083,
	107.589 32.205,
	107.744 32.3599,
	107.802 32.4373,
	107.821 32.5147,
	107.724 32.8244,
	107.666 33.134,
	107.686 33.4437,
	107.802 33.7533,
	107.821 33.9082,
	107.937 34.2178,
	107.976 34.5275,
	108.034 34.6823,
	108.015 34.992,
	107.995 35.1468,
	108.015 35.4565,
	107.937 35.7662,
	107.898 35.921,
	107.898 35.9984,
	107.957 36.1532,
	107.957 36.3081,
	107.937 36.3855,
	107.879 36.4435,
	107.802 36.4242,
	107.763 36.4048,
	107.744 36.6952,
	107.744 36.85,
	107.763 36.9274,
	107.898 37.0629,
	107.957 37.1403,
	108.053 37.45,
	108.092 37.6048,
	108.034 37.9145,
	108.015 37.9919,
	108.073 38.3015,
	108.092 38.6112,
	108.092 38.6886,
	107.995 38.8434,
	107.86 38.9983,
	107.782 39.1531,
	107.802 39.3079,
	107.898 39.6176,
	107.918 39.7724,
	107.898 39.8498,
	107.782 40.0047,
	107.705 40.0434,
	107.569 39.9466,
	107.492 39.9466,
	107.415 39.9853,
	107.395 40.1208,
	107.434 40.4305,
	107.569 40.7401,
	107.608 40.8175,
	107.744 40.953,
	107.821 41.0304,
	107.86 41.0692,
	107.84 41.3788,
	107.84 41.5336,
	107.898 41.6885,
	107.937 41.7659,
	107.937 42.0756,
	107.84 42.3852,
	107.782 42.4433,
	107.627 42.3852,
	107.492 42.2691,
	107.434 42.1917,
	107.376 42.0368,
	107.337 41.9594,
	107.182 41.8627,
	107.028 41.9207,
	106.95 41.9207,
	106.931 41.8433,
	106.989 41.6885,
	107.008 41.6111,
	106.989 41.5336,
	106.95 41.5143,
	106.64 41.6498,
	106.331 41.7465,
	106.176 41.824,
	106.137 41.8627,
	106.099 41.8627,
	105.982 41.9981,
	105.847 42.3078,
	105.808 42.3852,
	105.653 42.4626,
	105.499 42.5013,
	105.421 42.5207,
	105.111 42.4626,
	104.957 42.5013,
	104.802 42.5788,
	104.763 42.5788,
	104.628 42.7142,
	104.531 42.8691,
	104.473 43.0239,
	104.415 43.082,
	104.279 42.9465,
	104.182 42.3272,
	104.144 42.0175,
	104.182 41.7078,
	104.182 41.553,
	104.241 41.2433,
	104.299 41.0885,
	104.357 40.4692,
	104.376 40.3143,
	104.492 40.0047,
	104.531 39.8498,
	104.512 39.5402,
	104.57 39.3854,
	104.531 39.2305,
	104.531 39.0757,
	104.647 38.766,
	104.705 38.6886,
	104.782 38.6693,
	104.821 38.6499,
	104.821 38.6112,
	104.744 38.5338,
	104.744 38.4564,
	104.802 38.3015,
	104.879 38.2241,
	105.034 38.1661,
	105.053 38.0886,
	105.053 38.0499,
	104.976 37.9725,
	104.937 37.9338,
	104.899 37.779,
	104.899 37.6241,
	105.073 37.0048,
	105.595 35.7662,
	105.75 35.4565,
	106.234 34.8565,
	106.273 34.7791,
	106.408 34.6243,
	106.582 34.3146,
	106.66 34.1598,
	106.66 34.0824,
	106.66 34.0437,
	106.582 34.0243,
	106.447 34.1598,
	106.079 34.7791,
	106.04 34.8565,
	106.002 34.8759,
	105.982 34.8565,
	106.002 34.8178,
	105.595 35.4178,
	105.518 35.4952,
	105.305 35.8049,
	105.15 36.1145,
	105.111 36.1919,
	105.034 36.25,
	104.879 36.2887,
	104.724 36.25,
	104.57 36.1339,
	104.26 35.9984,
	104.124 35.8629,
	104.124 35.8242,
	104.086 35.7855,
	104.047 35.4758,
	104.047 35.4178,
	"/>
<Contour name="TB3_Nuc47_EM" hidden="false" closed="true" simplified="true" border="1 0 0" fill="1 0 0" mode="9"
 points="102.479 37.9532,
	102.557 37.7983,
	103.157 37.2758,
	103.273 37.179,
	103.486 36.8693,
	103.524 36.7919,
	103.563 36.7532,
	103.583 36.5984,
	103.583 36.5597,
	103.892 36.4629,
	104.202 36.4435,
	104.279 36.4435,
	104.318 36.4435,
	104.376 36.521,
	104.357 36.6758,
	104.221 36.8306,
	103.912 37.0435,
	103.834 37.0822,
	103.776 37.2371,
	103.834 37.2951,
	104.144 37.3725,
	104.279 37.508,
	104.395 37.8177,
	104.395 37.9725,
	104.318 38.2822,
	104.241 38.437,
	104.202 38.5918,
	104.221 38.9015,
	104.279 39.2112,
	104.26 39.5208,
	104.182 39.8305,
	104.163 39.9079,
	104.124 39.9466,
	104.086 40.1015,
	104.008 40.2563,
	103.931 40.3337,
	103.892 40.3724,
	103.815 40.3918,
	103.699 40.2563,
	103.621 40.1015,
	103.505 39.9466,
	103.389 39.8305,
	103.331 39.7531,
	103.312 39.6757,
	103.312 39.637,
	103.35 39.5982,
	103.66 39.5595,
	103.737 39.5208,
	103.757 39.4434,
	103.757 39.4047,
	103.679 39.3273,
	103.524 39.2692,
	103.215 39.2112,
	102.905 39.1918,
	102.828 39.1918,
	102.692 39.0563,
	102.595 38.9015,
	102.499 38.2822,
	102.479 37.9725,
	"/>
</Transform>

<Transform dim="0"
 xcoef=" 0 1 0 0 0 0"
 ycoef=" 0 0 1 0 0 0">
<Contour name="TB3_Nuc49_EM" hidden="false" closed="true" simplified="true" border="0 1 1" fill="0 1 1" mode="9"
 points="110.107 41.2175,
	110.384 40.8139,
	110.813 40.0067,
	110.914 39.8049,
	111.065 39.6031,
	111.166 39.5022,
	111.368 39.4013,
	111.772 39.4013,
	112.175 39.5526,
	112.579 39.8049,
	112.982 40.1328,
	113.159 40.3346,
	113.285 40.5364,
	113.31 40.7382,
	113.335 40.7634,
	113.184 41.167,
	113.134 41.2175,
	113.083 41.4193,
	112.982 41.6211,
	112.982 41.8229,
	113.033 41.8733,
	113.083 42.0751,
	113.058 42.176,
	112.982 42.2769,
	112.932 42.3274,
	112.831 42.3274,
	112.629 42.2517,
	112.528 42.2265,
	112.453 42.3021,
	112.402 42.5039,
	112.427 42.6048,
	112.377 43.0084,
	112.251 43.412,
	112.15 43.6138,
	112.049 43.6895,
	111.645 43.6643,
	111.444 43.6643,
	111.393 43.6643,
	111.317 43.7652,
	111.116 44.5724,
	111.04 44.6733,
	110.939 44.6733,
	110.763 44.4967,
	110.662 44.2949,
	110.384 42.6805,
	110.258 42.2769,
	110.132 41.4697,
	110.107 41.2679,
	110.107 41.2427,
	"/>
<Contour name="TB3_Nuc49_EM" hidden="false" closed="true" simplified="true" border="0 1 1" fill="0 1 1" mode="9"
 points="111.721 38.6698,
	111.772 38.5689,
	111.772 38.5184,
	111.822 38.468,
	112.024 38.468,
	112.125 38.4932,
	112.301 38.3418,
	112.402 38.2662,
	112.453 38.2157,
	112.654 38.2157,
	112.755 38.2409,
	112.856 38.3418,
	112.881 38.5436,
	112.831 38.9472,
	112.881 39.149,
	112.957 39.2499,
	113.159 39.3256,
	113.26 39.3761,
	113.361 39.477,
	113.411 39.5779,
	113.436 39.6283,
	113.411 39.7292,
	113.31 39.8301,
	113.26 39.8553,
	112.856 39.7797,
	112.654 39.7292,
	112.453 39.5779,
	112.352 39.5274,
	111.948 39.149,
	111.797 38.9472,
	111.721 38.7454,
	111.721 38.695,
	"/>
</Transform>

<Transform dim="0"
 xcoef=" 0 1 0 0 0 0"
 ycoef=" 0 0 1 0 0 0">
<Contour name="TB3_Nuc53_EM" hidden="false" closed="true" simplified="true" border="0 1 0" fill="0 1 0" mode="9"
 points="92.7792 49.8141,
	92.8409 49.6495,
	92.8409 49.485,
	92.7998 49.3205,
	92.7998 48.9914,
	92.7998 48.8269,
	92.8821 48.4978,
	92.9232 48.3332,
	92.9438 48.251,
	92.9438 48.2098,
	93.0878 48.0453,
	93.1495 47.8808,
	93.1083 47.5517,
	93.17 47.3871,
	93.3346 47.2432,
	93.4168 47.202,
	93.4785 47.0375,
	93.4785 46.9552,
	93.3963 46.7907,
	93.2729 46.6673,
	93.2112 46.585,
	93.1289 46.5439,
	92.9643 46.3793,
	92.9232 46.2971,
	92.9232 46.1325,
	92.9849 45.968,
	93.0055 45.8857,
	93.1289 45.7212,
	93.2112 45.6595,
	93.5402 45.6183,
	93.7048 45.5566,
	93.8487 45.4127,
	93.9104 45.3304,
	93.931 45.2481,
	93.931 45.207,
	93.7665 45.1453,
	93.6842 45.0836,
	93.6225 44.9191,
	93.6019 44.7545,
	93.8282 44.0964,
	93.8693 44.0141,
	93.9516 43.9318,
	94.2601 43.7056,
	94.3012 43.6233,
	94.2807 43.4588,
	94.3629 43.1297,
	94.4246 42.9652,
	94.4452 42.8829,
	94.6509 42.5538,
	94.7331 42.4715,
	94.8154 42.4304,
	94.8977 42.451,
	94.9799 42.6155,
	94.9799 42.7801,
	94.8565 43.1091,
	94.836 43.1914,
	94.8565 43.2737,
	94.8771 43.2942,
	95.0416 43.212,
	95.3707 43.1503,
	95.453 43.1914,
	95.5764 43.3559,
	95.6381 43.5205,
	95.6587 43.685,
	95.6792 43.7673,
	95.7821 43.9318,
	95.8026 44.2609,
	95.6998 44.59,
	95.6381 44.7545,
	95.6175 44.8162,
	95.7204 45.1453,
	95.7409 45.3098,
	95.6175 45.6389,
	95.6587 45.968,
	95.597 46.6261,
	95.5764 46.6467,
	95.597 46.6878,
	95.4941 47.0169,
	95.3913 47.1815,
	95.1034 47.5105,
	94.9594 47.6751,
	94.8977 47.7573,
	94.8771 48.0864,
	94.8977 48.4155,
	94.7743 49.0737,
	94.7331 49.2382,
	94.5275 49.5673,
	94.4041 49.7318,
	94.3424 49.8141,
	94.3424 49.8552,
	94.1778 49.9992,
	94.075 50.1637,
	94.0339 50.4928,
	93.9721 50.6573,
	93.8487 50.8219,
	93.8076 50.863,
	93.4785 51.007,
	93.314 51.0481,
	93.1495 51.0276,
	93.0055 50.8836,
	92.9438 50.719,
	92.9232 50.5545,
	92.7998 50.2254,
	92.7792 49.8964,
	92.7792 49.8346,
	"/>
</Transform>

<Transform dim="0"
 xcoef=" 0 1 0 0 0 0"
 ycoef=" 0 0 1 0 0 0">
<Contour name="TB3_Nuc55_EM" hidden="false" closed="true" simplified="true" border="0 1 0" fill="0 1 0" mode="9"
 points="110.073 54.5976,
	110.43 53.5577,
	110.43 53.2977,
	110.495 53.0377,
	110.788 52.5177,
	110.853 52.3877,
	110.788 51.3478,
	110.853 50.8278,
	111.145 50.3078,
	111.243 50.1778,
	111.243 50.1128,
	111.568 49.5929,
	111.568 49.5279,
	111.665 49.4304,
	111.698 49.3004,
	111.86 49.0404,
	111.925 48.7804,
	111.99 48.7154,
	112.055 48.7154,
	112.153 48.8454,
	112.153 49.1054,
	112.185 49.2354,
	112.283 49.3329,
	112.413 49.3004,
	112.575 49.1379,
	112.64 48.8779,
	112.575 48.6179,
	112.38 48.3579,
	112.348 48.0979,
	112.413 47.8379,
	112.51 47.7079,
	112.575 47.6429,
	112.705 47.6754,
	112.77 47.7079,
	112.803 47.4805,
	112.9 47.2205,
	113.063 46.993,
	113.323 47.0255,
	113.583 46.8955,
	113.615 46.6355,
	113.713 46.5055,
	113.778 46.5055,
	113.908 46.6355,
	113.908 46.7005,
	114.168 46.8955,
	114.265 46.993,
	114.265 47.123,
	114.2 47.253,
	114.2 47.383,
	114.103 47.6429,
	114.07 47.9029,
	114.135 48.4229,
	114.103 48.6829,
	114.07 48.8129,
	114.07 48.8779,
	113.875 49.1379,
	113.778 49.3979,
	113.778 49.6579,
	113.713 49.9179,
	113.583 50.1778,
	113.355 50.4378,
	113.193 50.6978,
	113.063 51.2178,
	112.998 51.4778,
	112.965 51.6078,
	112.965 51.6728,
	112.835 51.7703,
	112.705 51.8028,
	112.608 51.9003,
	112.608 52.1603,
	112.543 52.2902,
	112.413 52.3877,
	112.283 52.3877,
	112.153 52.4852,
	111.99 53.0052,
	111.893 53.2652,
	111.86 53.5252,
	111.925 53.7852,
	111.893 54.0452,
	111.893 54.1752,
	111.6 54.6951,
	111.34 54.9226,
	111.08 55.0851,
	110.95 55.1176,
	110.885 55.3776,
	110.82 55.5076,
	110.69 55.6376,
	110.56 55.6376,
	110.333 55.4101,
	110.17 55.1826,
	110.073 54.6626,
	110.073 54.6301,
	"/>
</Transform>

<Transform dim="0"
 xcoef=" 0 1 0 0 0 0"
 ycoef=" 0 0 1 0 0 0">
<Contour name="TB1_Shell_EM" hidden="false" closed="true" simplified="true" border="0 1 1" fill="0 1 1" mode="9"
 points="57.9037 57.5912,
	58.2163 57.513,
	58.2945 57.5912,
	57.9819 57.6693,
	"/>
<Contour name="TB1_Shell_EM" hidden="false" closed="true" simplified="true" border="0 1 1" fill="0 1 1" mode="9"
 points="22.5832 43.4473,
	22.8177 42.8222,
	23.6772 41.5719,
	24.6931 40.3216,
	25.3182 39.6965,
	26.5685 39.1495,
	27.8188 38.9151,
	29.0691 38.9151,
	29.6942 38.9932,
	30.9445 39.4621,
	31.2571 39.6183,
	31.8041 40.2435,
	32.0385 40.8686,
	32.0385 41.1812,
	32.1948 41.4938,
	32.1948 42.1189,
	31.9604 42.7441,
	31.9604 43.3692,
	31.4915 44.6195,
	31.8822 45.2446,
	32.1166 45.8698,
	33.2888 47.0419,
	33.9139 47.5108,
	35.1642 47.9015,
	35.7894 47.9796,
	36.4145 47.8233,
	36.7271 47.8233,
	37.0396 47.667,
	37.5085 47.0419,
	37.7429 46.4168,
	37.8211 45.1665,
	37.6648 44.5413,
	37.7429 44.2288,
	38.2899 43.7599,
	38.6025 42.5096,
	38.7588 41.8845,
	38.8369 41.5719,
	39.3058 40.9468,
	39.6965 40.5561,
	42.1971 40.4779,
	43.4473 40.7123,
	44.0725 41.1031,
	44.6976 41.6501,
	45.0883 42.2752,
	45.4791 43.5255,
	45.7135 44.7758,
	45.8698 47.2763,
	45.9479 47.9015,
	45.7135 49.1518,
	45.5572 49.7769,
	45.5572 50.0895,
	45.2446 50.7146,
	45.0883 51.3398,
	44.4632 52.59,
	44.0725 53.2152,
	43.5255 53.8403,
	43.1348 54.4655,
	40.6342 56.1846,
	39.3839 56.6535,
	38.1336 56.966,
	35.6331 58.06,
	34.3828 58.607,
	33.7576 58.8415,
	32.5074 58.7633,
	31.8822 58.607,
	31.5697 58.5289,
	31.2571 58.2945,
	30.9445 58.2163,
	30.3194 57.8256,
	29.7724 57.2786,
	29.1472 56.8879,
	28.8347 56.7316,
	26.3341 54.4655,
	26.0215 54.1529,
	25.6308 53.5277,
	25.4745 52.9026,
	24.7712 51.6523,
	24.5368 51.0272,
	24.3805 50.7146,
	24.3805 50.5583,
	24.2242 50.402,
	24.1461 50.0895,
	23.9898 49.9332,
	23.8335 49.308,
	23.9117 48.6829,
	23.6772 48.0578,
	23.6772 46.8075,
	22.8177 45.5572,
	22.6614 45.2446,
	22.5832 43.9943,
	22.5832 43.6818,
	22.5832 43.5255,
	"/>
</Transform>

</Section>