<?xml version="1.0"?>
<!DOCTYPE Section SYSTEM "section.dtd">

<Section index="531" thickness="0.085" alignLocked="true">
<Transform dim="0"
 xcoef=" 0 1 0 0 0 0"
 ycoef=" 0 0 1 0 0 0">
<Image mag="0.0079" contrast="1" brightness="0" red="true" green="true" blue="true"
 src="Aligned TF21531.tif" />
<Contour name="domain1" hidden="false" closed="true" simplified="false" border="1 0 1" fill="1 0 1" mode="11"
 points="0 0,
	15991 0,
	15991 12171,
	0 12171,
	"/>
</Transform>

<Transform dim="0"
 xcoef=" 0 1 0 0 0 0"
 ycoef=" 0 0 1 0 0 0">
<Contour name="TB1_AP22_EM" hidden="false" closed="true" simplified="true" border="0.133333 0.568627 1" fill="0 1 0" mode="9"
 points="34.4181 47.9482,
	34.4903 47.8326,
	34.5193 47.8037,
	34.5771 47.8037,
	34.6783 47.9193,
	34.8084 48.1506,
	34.8806 48.2662,
	34.9818 48.3096,
	35.0541 48.2084,
	35.0975 48.1506,
	35.1264 48.1217,
	35.1842 48.1217,
	35.2131 48.1217,
	35.3288 48.2229,
	35.4155 48.3241,
	35.4733 48.3385,
	35.5022 48.353,
	35.5311 48.2952,
	35.6468 48.2662,
	35.7624 48.353,
	35.7769 48.4108,
	35.7624 48.4686,
	35.7769 48.5264,
	35.7624 48.5843,
	35.6757 48.6855,
	35.6179 48.7144,
	35.4155 48.9023,
	35.3577 48.9456,
	35.242 48.9746,
	35.1264 48.9601,
	34.8951 48.83,
	34.7795 48.7288,
	34.6638 48.671,
	34.5482 48.5843,
	34.4614 48.4686,
	34.4181 48.2373,
	34.4181 48.0061,
	34.4181 47.9627,
	"/>
</Transform>

<Transform dim="0"
 xcoef=" 0 1 0 0 0 0"
 ycoef=" 0 0 1 0 0 0">
<Contour name="TB1_AP13_EM" hidden="false" closed="true" simplified="true" border="0 0.501961 0" fill="0 0.501961 0" mode="9"
 points="44.2462 49.8779,
	44.3023 49.7881,
	44.3247 49.7433,
	44.3023 49.5638,
	44.3808 49.4852,
	44.4705 49.4516,
	44.493 49.4516,
	44.5715 49.5301,
	44.6276 49.6199,
	44.6388 49.6647,
	44.6276 49.676,
	44.5939 49.6535,
	44.6388 49.833,
	44.65 50.0125,
	44.65 50.1023,
	44.6164 50.1471,
	44.5939 50.1584,
	44.4144 50.0686,
	44.3696 50.0574,
	44.291 49.9901,
	44.2574 49.9452,
	44.2462 49.9003,
	44.2462 49.8891,
	"/>
</Transform>

<Transform dim="0"
 xcoef=" 0 1 0 0 0 0"
 ycoef=" 0 0 1 0 0 0">
<Contour name="TB1_AP13_EM" hidden="false" closed="true" simplified="true" border="0 0.501961 0" fill="0 0.501961 0" mode="9"
 points="43.4945 48.0156,
	43.5394 47.9707,
	43.5618 47.9483,
	43.5506 47.8585,
	43.5394 47.8249,
	43.5955 47.7351,
	43.6404 47.7127,
	43.7301 47.7127,
	43.8199 47.7351,
	43.9993 47.881,
	44.0667 47.9483,
	44.2349 48.1278,
	44.3023 48.2175,
	44.392 48.397,
	44.4032 48.4195,
	44.4144 48.3858,
	44.493 48.7448,
	44.4369 48.9243,
	44.3583 49.1038,
	44.2798 49.1936,
	44.2349 49.2384,
	44.1901 49.2609,
	44.0106 49.2384,
	43.9657 49.2272,
	43.7974 49.0926,
	43.7189 49.0141,
	43.6852 48.9243,
	43.6628 48.7448,
	43.6516 48.6551,
	43.6516 48.6102,
	43.573 48.4307,
	43.5618 48.2512,
	43.5057 48.0717,
	43.4945 48.0268,
	"/>
</Transform>

<Transform dim="0"
 xcoef=" 0 1 0 0 0 0"
 ycoef=" 0 0 1 0 0 0">
<Contour name="TB1_AP13_EM" hidden="false" closed="true" simplified="true" border="0 0.501961 0" fill="0 0.501961 0" mode="9"
 points="44.3359 47.5444,
	44.3808 47.5108,
	44.4257 47.4996,
	44.4481 47.4883,
	44.5378 47.522,
	44.7173 47.6454,
	44.7959 47.7351,
	44.8295 47.9146,
	44.8071 48.0044,
	44.7734 48.0493,
	44.6837 48.0493,
	44.6388 48.038,
	44.5939 48.0044,
	44.5042 47.9707,
	44.4593 47.9483,
	44.3471 47.7688,
	44.3359 47.5893,
	44.3359 47.5556,
	"/>
</Transform>

<Transform dim="0"
 xcoef=" 0 1 0 0 0 0"
 ycoef=" 0 0 1 0 0 0">
<Contour name="TB1_AP13_EM" hidden="false" closed="true" simplified="true" border="0 0.501961 0" fill="0 0.501961 0" mode="9"
 points="42.9672 46.0411,
	43.0345 45.8616,
	43.0682 45.828,
	43.158 45.8168,
	43.2028 45.8055,
	43.2701 45.727,
	43.2926 45.6821,
	43.3375 45.6485,
	43.3823 45.6373,
	43.5618 45.7607,
	43.6067 45.8504,
	43.6179 45.8953,
	43.6628 45.9402,
	43.6852 45.9738,
	43.8423 46.1197,
	43.9657 46.2992,
	44.0442 46.4787,
	44.0442 46.5684,
	44.0218 46.6582,
	44.0218 46.703,
	43.9881 46.7479,
	43.9433 46.7591,
	43.8984 46.7479,
	43.8199 46.6694,
	43.7862 46.703,
	43.7862 46.7255,
	43.7638 46.7367,
	43.674 46.6806,
	43.6291 46.6694,
	43.5394 46.703,
	43.4945 46.703,
	43.4496 46.6806,
	43.3599 46.6694,
	43.315 46.6582,
	43.158 46.5123,
	43.0906 46.4226,
	42.9672 46.0636,
	42.9672 46.0524,
	"/>
</Transform>

<Transform dim="0"
 xcoef=" 0 1 0 0 0 0"
 ycoef=" 0 0 1 0 0 0">
<Contour name="TB1_AP13_EM" hidden="false" closed="true" simplified="true" border="0 0.501961 0" fill="0 0.501961 0" mode="9"
 points="37.4701 54.8365,
	37.5262 54.7468,
	37.5487 54.657,
	37.5599 54.6121,
	37.4813 54.2531,
	37.515 54.0737,
	37.4926 53.9839,
	37.4926 53.8942,
	37.5262 53.7147,
	37.5262 53.5352,
	37.5487 53.3557,
	37.616 53.1762,
	37.6047 52.9967,
	37.616 52.8172,
	37.6272 52.7274,
	37.7506 52.5479,
	37.8179 52.3684,
	37.8291 52.2787,
	37.8179 52.1889,
	37.8403 52.0992,
	37.8964 52.0094,
	37.9862 51.9533,
	38.0647 51.8748,
	38.1096 51.7851,
	38.1657 51.6056,
	38.1769 51.5158,
	38.1432 51.4261,
	38.1881 51.3363,
	38.2106 51.2466,
	38.233 51.2017,
	38.3115 51.1119,
	38.334 51.0222,
	38.334 50.6632,
	38.3227 50.5734,
	38.334 50.4837,
	38.4013 50.3042,
	38.4125 50.2593,
	38.4125 50.2369,
	38.4686 50.1471,
	38.5471 49.9676,
	38.6705 49.7881,
	39.0071 49.4404,
	39.0968 49.3618,
	39.1978 49.1823,
	39.2202 49.1375,
	39.31 49.0814,
	39.3997 49.0477,
	39.4895 49.0702,
	39.5456 49.1599,
	39.568 49.2048,
	39.568 49.2272,
	39.6578 49.2833,
	39.7475 49.2721,
	39.927 49.1711,
	40.0167 49.0814,
	40.0392 49.0365,
	40.0392 48.9468,
	40.028 48.9019,
	40.0616 48.857,
	40.1514 48.8458,
	40.1962 48.8233,
	40.0953 48.4644,
	40.0953 48.3746,
	40.1177 48.2849,
	40.1289 48.24,
	40.1289 48.2175,
	40.2187 48.139,
	40.3982 48.0493,
	40.5777 47.9932,
	40.6674 47.9595,
	40.7572 47.9483,
	40.802 47.9483,
	40.8918 47.8922,
	40.9815 47.8025,
	41.0713 47.7464,
	41.161 47.7239,
	41.2508 47.7239,
	41.2957 47.6903,
	41.3854 47.5108,
	41.4752 47.4322,
	41.5649 47.4547,
	41.6547 47.3986,
	41.7444 47.4322,
	41.7893 47.4322,
	41.8678 47.5108,
	41.9015 47.6005,
	41.9239 47.78,
	41.9463 47.8698,
	42.0024 47.9595,
	42.1819 48.1166,
	42.2268 48.139,
	42.3166 48.1278,
	42.4063 48.0941,
	42.4512 48.0829,
	42.4961 48.0941,
	42.5521 48.1727,
	42.5634 48.2175,
	42.6307 48.3073,
	42.9897 48.5317,
	43.0345 48.5653,
	43.0345 48.5878,
	43.1243 48.6438,
	43.214 48.7336,
	43.3262 48.9131,
	43.4721 49.2721,
	43.6516 49.6311,
	43.7862 49.8106,
	43.8535 49.9003,
	43.9433 49.9789,
	44.033 50.035,
	44.1676 50.2145,
	44.2686 50.394,
	44.291 50.4837,
	44.2574 50.6632,
	44.2462 50.7529,
	44.2349 50.7978,
	44.2237 50.8203,
	44.392 51.1793,
	44.4032 51.2241,
	44.392 51.269,
	44.4257 51.4485,
	44.4369 51.628,
	44.5154 51.8075,
	44.5715 51.987,
	44.65 52.1665,
	44.6725 52.346,
	44.65 52.5255,
	44.5939 52.705,
	44.5827 53.064,
	44.5603 53.2435,
	44.5154 53.423,
	44.4369 53.6025,
	44.4032 53.6922,
	44.4369 54.0512,
	44.4257 54.141,
	44.4144 54.1858,
	44.4257 54.2307,
	44.392 54.2756,
	44.3696 54.3653,
	44.3247 54.4551,
	44.2349 54.5448,
	44.1676 54.6346,
	44.1452 54.6795,
	43.7862 55.016,
	43.7525 55.0609,
	43.7189 55.2404,
	43.6628 55.4199,
	43.6291 55.7789,
	43.573 55.8686,
	43.5394 55.9135,
	43.416 56.2725,
	43.3711 56.452,
	43.3599 56.4969,
	43.1916 56.6764,
	43.1131 56.7661,
	43.057 56.8559,
	42.9672 56.9344,
	42.6082 57.0578,
	42.5185 57.0915,
	42.4287 57.1812,
	42.3839 57.2261,
	42.339 57.3158,
	42.2492 57.2822,
	42.0697 57.3831,
	41.8903 57.529,
	41.8005 57.5402,
	41.621 57.4953,
	41.5761 57.4841,
	41.4864 57.5178,
	41.4191 57.6075,
	41.3293 57.787,
	41.2732 57.8768,
	41.1835 57.9553,
	41.0937 57.9889,
	40.9142 57.9216,
	40.8245 57.9104,
	40.7796 57.8992,
	40.6001 57.9441,
	40.4206 57.9216,
	40.2411 57.9216,
	40.1514 57.9329,
	40.0616 57.9216,
	39.9719 57.8768,
	39.9494 57.8655,
	39.8597 57.9216,
	39.8148 57.9441,
	39.7699 57.9216,
	39.5904 57.5626,
	39.5568 57.5178,
	39.5343 57.4953,
	39.4446 57.4953,
	39.4222 57.4953,
	39.3661 57.5851,
	39.3324 57.6299,
	39.31 57.6299,
	39.2427 57.5402,
	39.1978 57.529,
	39.108 57.5739,
	39.0183 57.5851,
	38.9734 57.5851,
	38.8837 57.6412,
	38.85 57.5963,
	38.8276 57.5065,
	38.8724 57.327,
	38.8837 57.1475,
	38.85 57.0578,
	38.7603 56.9793,
	38.5808 56.9568,
	38.491 56.9456,
	38.4461 56.9456,
	38.4013 56.9681,
	38.3788 56.9793,
	38.2891 56.9007,
	38.1993 56.7212,
	38.1657 56.6315,
	38.0535 56.452,
	37.8516 55.734,
	37.8291 55.5545,
	37.8067 55.4648,
	37.7169 55.2853,
	37.6721 55.1955,
	37.5038 55.016,
	37.4701 54.9263,
	37.4701 54.8477,
	"/>
</Transform>

<Transform dim="0"
 xcoef=" 0 1 0 0 0 0"
 ycoef=" 0 0 1 0 0 0">
<Contour name="TB0_AP04_EM" hidden="false" closed="true" simplified="true" border="0 1 0.25098" fill="0 1 0" mode="9"
 points="17.2111 59.8908,
	17.2487 59.8532,
	17.8506 60.361,
	18.1516 60.5868,
	18.3021 60.6808,
	18.4525 60.6996,
	18.7535 60.662,
	18.7911 60.6432,
	19.0921 60.7749,
	19.2426 60.7561,
	19.3178 60.7561,
	19.3554 60.7372,
	19.5059 60.7937,
	19.6564 60.8125,
	19.7316 60.7937,
	20.3335 60.8689,
	20.6345 60.8125,
	20.9354 60.8313,
	21.0859 60.7937,
	21.1612 60.7561,
	21.2928 60.6056,
	21.3681 60.5303,
	21.669 60.3987,
	21.7443 60.3987,
	21.8948 60.3234,
	22.064 60.0225,
	22.1581 59.872,
	22.4591 59.5898,
	22.7788 58.9879,
	22.8729 58.687,
	22.9293 57.4831,
	22.9293 57.1822,
	22.9481 57.0317,
	23.0798 56.7307,
	23.2679 56.4298,
	23.3995 56.1288,
	23.5688 55.8279,
	23.6253 55.7902,
	23.6629 55.809,
	23.7193 56.11,
	23.7381 56.411,
	23.7946 56.7119,
	23.8698 56.8624,
	24.0767 57.1634,
	24.1331 57.4643,
	24.1896 57.6148,
	24.2272 57.9158,
	24.2836 58.0662,
	24.3024 58.2167,
	24.2836 58.3672,
	24.3024 58.5177,
	24.3589 58.6682,
	24.4529 58.8186,
	24.4341 58.9691,
	24.3589 59.0444,
	24.2084 59.1008,
	24.0579 59.082,
	24.0015 59.1572,
	23.9638 59.4582,
	23.9638 60.0601,
	24.0203 60.361,
	24.0015 60.662,
	23.945 60.8125,
	23.8698 60.8689,
	23.7193 60.8501,
	23.5876 60.7937,
	23.55 60.8689,
	23.5124 61.1699,
	23.5312 61.3204,
	23.4748 61.4708,
	23.4184 61.5273,
	23.3431 61.5085,
	23.2679 61.452,
	23.1174 61.5273,
	22.9481 61.8282,
	22.6471 62.0916,
	22.5719 62.1668,
	22.5155 62.3173,
	22.4402 62.3737,
	22.2898 62.2797,
	22.2145 62.3173,
	22.1393 62.3925,
	22.1017 62.4301,
	21.9512 62.449,
	21.8007 62.5806,
	21.7255 62.637,
	21.4245 62.7123,
	21.3493 62.7311,
	21.1988 62.6559,
	21.1235 62.5994,
	20.9731 62.5618,
	20.6721 62.543,
	20.5969 62.5242,
	20.484 62.6747,
	20.3335 62.7311,
	20.183 62.6747,
	20.1078 62.6182,
	20.0326 62.6182,
	19.9573 62.6935,
	19.9385 62.844,
	20.0514 63.1449,
	20.0514 63.2202,
	20.0138 63.2954,
	19.9385 63.3518,
	19.788 63.333,
	19.6376 63.239,
	19.5623 63.1637,
	19.3742 62.8628,
	19.299 62.8063,
	19.2237 62.7875,
	19.1861 62.7687,
	19.0356 62.8063,
	18.8852 62.7687,
	18.8099 62.7499,
	18.6783 62.6182,
	18.5842 62.4678,
	18.509 62.4113,
	18.3585 62.3549,
	18.2268 62.2232,
	18.1328 62.0728,
	18.0951 61.9223,
	18.1328 61.7718,
	18.1328 61.6966,
	17.8882 61.4144,
	17.7942 61.2639,
	17.5497 60.662,
	17.4556 60.5115,
	17.2111 59.9096,
	"/>
</Transform>

<Transform dim="0"
 xcoef=" 0 1 0 0 0 0"
 ycoef=" 0 0 1 0 0 0">
<Contour name="TB0_AP07_EM" hidden="false" closed="true" simplified="true" border="1 0 0" fill="0 1 1" mode="9"
 points="16.9205 58.6267,
	16.9723 58.2128,
	16.9981 58.0058,
	17.3862 57.1779,
	17.5932 56.7639,
	18.1883 55.936,
	18.8609 55.134,
	19.249 54.7976,
	20.0769 54.2543,
	20.2839 54.1508,
	20.6979 54.0732,
	20.8014 53.9956,
	20.8531 53.7886,
	20.8272 53.3747,
	20.8531 52.9607,
	20.9307 52.7537,
	21.0601 52.5467,
	21.2671 52.495,
	21.4741 52.5209,
	21.5775 52.5985,
	21.7845 53.0124,
	21.8104 53.1159,
	21.9915 53.2453,
	22.4055 53.6075,
	22.6124 53.7627,
	22.8194 53.8404,
	23.0264 54.0215,
	23.1558 54.4354,
	23.1558 54.4872,
	23.5438 54.8753,
	23.5438 55.0822,
	23.5697 55.1857,
	23.6473 55.2892,
	23.6991 55.4962,
	23.6991 55.5997,
	23.5697 55.8067,
	23.4662 55.9101,
	23.3369 56.1171,
	23.1816 56.5311,
	22.9488 56.945,
	22.897 57.152,
	22.8712 57.9799,
	22.8194 58.3939,
	22.8194 58.8079,
	22.6642 59.2218,
	22.4831 59.4288,
	22.2761 59.5581,
	22.095 59.7651,
	22.0432 59.9721,
	21.9139 60.1791,
	21.7328 60.3602,
	21.3188 60.5154,
	21.1118 60.6707,
	21.0083 60.7483,
	20.8014 60.8,
	19.9735 60.7483,
	19.5595 60.7742,
	19.3525 60.6965,
	18.5246 60.6189,
	18.3176 60.593,
	18.1106 60.5154,
	17.6967 60.1273,
	17.4897 59.9204,
	17.2827 59.7651,
	17.1016 59.5581,
	16.9723 59.1442,
	16.9464 58.7302,
	16.9205 58.6526,
	"/>
</Transform>

<Transform dim="0"
 xcoef=" 0 1 0 0 0 0"
 ycoef=" 0 0 1 0 0 0">
<Contour name="TB0_AP11_EM" hidden="false" closed="true" simplified="true" border="1 0 0" fill="1 0 0" mode="9"
 points="16.603 55.9327,
	16.7504 55.596,
	16.8345 55.4277,
	16.9608 55.2593,
	17.2764 55.0279,
	17.4448 54.9437,
	17.5289 54.9016,
	17.6973 54.8805,
	17.8025 55.0489,
	17.8656 55.3856,
	17.8236 55.5539,
	17.8236 55.6381,
	17.7815 55.7223,
	17.7604 55.7012,
	17.6763 56.0379,
	17.6131 56.2063,
	17.6131 56.2484,
	17.3816 56.585,
	17.2975 56.6482,
	17.2133 56.6482,
	17.1291 56.6061,
	16.9608 56.585,
	16.7924 56.4588,
	16.7293 56.3746,
	16.7293 56.3325,
	16.6662 56.2484,
	16.603 56.08,
	16.603 55.9958,
	16.603 55.9537,
	"/>
</Transform>

<Transform dim="0"
 xcoef=" 0 1 0 0 0 0"
 ycoef=" 0 0 1 0 0 0">
<Contour name="TB2_AP06_EM" hidden="false" closed="true" simplified="true" border="1 0 1" fill="1 0 1" mode="9"
 points="75.2956 47.8776,
	75.4897 47.8221,
	75.4619 47.7944,
	75.4897 47.7667,
	75.7114 47.9053,
	76.155 48.2657,
	76.3768 48.2657,
	76.4877 48.2657,
	76.6817 48.4043,
	76.7095 48.5152,
	76.5154 48.737,
	76.2936 48.8202,
	76.1827 48.7647,
	76.0996 48.5429,
	75.8778 48.432,
	75.656 48.3766,
	75.4342 48.2657,
	75.351 48.1548,
	75.2956 47.933,
	75.2956 47.9053,
	"/>
</Transform>

<Transform dim="0"
 xcoef=" 0 1 0 0 0 0"
 ycoef=" 0 0 1 0 0 0">
<Contour name="TB2_Shell_EM" hidden="false" closed="true" simplified="true" border="0.733333 1 1" fill="0 1 1" mode="9"
 points="52.2027 41.9406,
	52.8274 39.0851,
	53.0058 38.3712,
	53.1843 38.0143,
	53.1843 37.6573,
	53.5413 36.9435,
	53.9874 35.5157,
	55.326 32.6602,
	55.7721 31.9463,
	55.9506 31.7678,
	56.0398 31.4109,
	56.3076 31.0539,
	56.3968 30.697,
	58.2707 27.8415,
	59.4308 26.4137,
	62.1971 23.7366,
	63.5356 22.5766,
	64.2495 21.9519,
	64.9634 21.5057,
	66.3912 20.3457,
	67.8189 19.4533,
	68.1759 19.1856,
	68.3543 19.1856,
	69.7821 18.2933,
	71.2099 17.6686,
	71.9238 17.4009,
	73.3515 17.2224,
	74.0654 17.044,
	75.4932 17.044,
	76.9209 17.4901,
	78.3487 18.1148,
	79.7765 19.0964,
	80.9365 20.4349,
	81.4719 21.0596,
	81.6504 21.238,
	81.6504 21.4165,
	82.1858 22.1304,
	82.3643 22.3089,
	83.3459 25.1644,
	83.7921 26.5922,
	84.0598 29.4477,
	83.9705 30.8755,
	83.7028 32.3032,
	82.8997 35.1588,
	82.632 35.8726,
	82.5428 36.5865,
	82.0966 38.0143,
	81.7396 40.8698,
	81.5612 43.7254,
	81.5612 46.5809,
	81.5612 48.0087,
	81.2935 49.4364,
	81.2935 49.7934,
	80.3119 52.6489,
	80.1334 53.0058,
	80.1334 53.3628,
	79.598 54.7905,
	79.3303 55.5044,
	78.5272 56.9322,
	77.5456 58.36,
	76.3855 59.7877,
	75.6716 60.4124,
	74.2439 61.3047,
	71.3883 62.4648,
	71.0314 62.554,
	70.6745 62.8217,
	69.2467 63.2679,
	68.5328 63.4464,
	68.1759 63.5356,
	66.7481 63.1787,
	66.0342 63.0894,
	63.1787 63.5356,
	61.7509 63.3572,
	60.3231 62.6433,
	59.6093 62.1971,
	58.2707 60.8586,
	56.0398 58.1815,
	55.1475 56.7537,
	53.809 53.8982,
	53.0058 51.0427,
	52.6489 49.6149,
	52.292 46.7594,
	52.2027 43.9038,
	52.2027 42.4761,
	52.2027 42.1191,
	52.2027 42.0299,
	"/>
</Transform>

<Transform dim="0"
 xcoef=" 0 1 0 0 0 0"
 ycoef=" 0 0 1 0 0 0">
<Contour name="TB2_AP19_EM" hidden="false" closed="true" simplified="true" border="1 0 1" fill="1 0 1" mode="9"
 points="79.5912 35.3513,
	79.8228 34.8881,
	79.8228 34.8302,
	79.9386 34.7433,
	80.1702 34.8012,
	80.2281 34.8012,
	80.3439 34.917,
	80.286 35.3803,
	80.4887 35.8435,
	80.5756 36.0752,
	80.6624 36.191,
	80.923 37.1175,
	81.0678 38.0439,
	81.0678 38.2756,
	81.0967 38.3914,
	81.0678 38.8546,
	80.9809 39.3179,
	80.923 39.5495,
	81.0099 40.476,
	80.9809 41.4025,
	80.9809 41.5183,
	80.923 41.6341,
	80.923 41.7499,
	80.6335 42.6764,
	80.4308 43.6029,
	80.1702 45.4558,
	80.0834 45.9191,
	80.0544 46.006,
	79.9965 45.5427,
	79.9096 45.3111,
	79.8807 45.0795,
	79.8807 44.9637,
	79.9676 44.732,
	79.9965 44.2688,
	79.9676 43.8055,
	80.0544 43.3423,
	80.0834 42.8791,
	80.1123 42.6474,
	80.0834 42.5606,
	79.9965 42.4737,
	80.0834 42.2421,
	80.1413 41.7788,
	80.1992 39.9259,
	80.2281 38.9994,
	80.2571 38.5361,
	80.2281 38.0729,
	80.2281 37.8413,
	80.1702 37.6096,
	80.1123 37.4938,
	80.1123 37.378,
	79.9965 37.1464,
	79.9965 37.0885,
	79.9386 37.0306,
	79.9096 36.799,
	79.9965 36.3357,
	79.8517 35.8725,
	79.678 35.6409,
	79.5912 35.4092,
	79.5912 35.3803,
	"/>
</Transform>

<Transform dim="0"
 xcoef=" 0 1 0 0 0 0"
 ycoef=" 0 0 1 0 0 0">
<Contour name="TB2_AP19_EM" hidden="false" closed="true" simplified="true" border="1 0 1" fill="1 0 1" mode="9"
 points="73.6811 58.2025,
	73.8296 58.0726,
	74.1265 57.9427,
	74.4235 57.7756,
	74.5719 57.7014,
	74.8689 57.4601,
	75.0174 57.4044,
	75.1658 57.3859,
	75.3143 57.4416,
	75.6113 57.6828,
	75.6855 57.7199,
	75.7597 57.7199,
	75.9082 57.6643,
	76.0567 57.5529,
	76.3537 57.4601,
	76.5021 57.423,
	76.6506 57.3302,
	76.7991 57.2003,
	76.9661 56.9033,
	77.096 56.6064,
	77.1146 56.5321,
	77.1703 56.4579,
	77.1888 56.3837,
	77.393 56.0867,
	77.5415 55.4928,
	77.6343 55.1959,
	77.6714 55.1216,
	77.7271 54.8247,
	77.8755 54.5277,
	77.8755 54.3792,
	77.7827 54.0823,
	77.7271 53.4884,
	77.6343 52.8945,
	77.6157 52.3006,
	77.4858 51.7067,
	77.4858 51.6324,
	77.5971 51.3355,
	77.857 51.0385,
	77.9869 50.9086,
	78.1168 50.6117,
	78.0611 50.3147,
	78.024 50.1662,
	77.9869 50.092,
	77.9683 49.9435,
	78.024 49.6466,
	78.0797 49.4981,
	78.2838 49.2012,
	78.4323 49.0712,
	78.5066 49.0341,
	78.5808 49.0712,
	78.6736 49.2197,
	78.6736 49.2568,
	78.7107 49.2939,
	78.7849 49.2568,
	78.8221 49.1826,
	78.8035 48.8856,
	78.7849 48.8485,
	78.8221 48.7,
	78.8963 48.5516,
	79.4531 48.0133,
	79.5273 47.8649,
	79.6016 47.5679,
	79.6201 47.4194,
	79.7315 47.1225,
	79.8057 47.0483,
	79.8428 47.0111,
	79.9171 47.0297,
	80.2511 47.6236,
	80.2326 47.7721,
	80.1769 47.9205,
	80.1398 47.9577,
	80.1212 48.0319,
	80.0655 48.1061,
	80.0284 48.2546,
	80.1212 48.5516,
	80.1769 48.7,
	80.1769 48.8485,
	80.1027 49.1455,
	80.1212 49.4424,
	80.1955 49.7394,
	80.214 49.8879,
	80.1398 50.1848,
	80.0099 50.4818,
	79.8985 50.6302,
	79.75 50.7787,
	79.6758 50.8158,
	79.6016 50.7601,
	79.583 50.6117,
	79.5644 50.5746,
	79.4902 50.5931,
	79.4345 50.6673,
	79.3974 50.8158,
	79.3603 50.8901,
	79.3603 51.0385,
	79.286 51.3355,
	79.2304 51.484,
	79.1933 51.5582,
	79.0633 51.7067,
	79.0262 51.7809,
	79.0262 51.9294,
	79.0633 52.0779,
	79.0633 52.3748,
	79.0262 52.5233,
	79.0262 52.6718,
	79.0819 52.9687,
	79.1005 53.1172,
	79.0819 53.2657,
	78.9149 53.5626,
	78.6179 53.8039,
	78.5251 53.9524,
	78.3952 54.0823,
	78.321 54.0637,
	78.2467 53.9895,
	78.1725 53.9524,
	78.1354 53.9338,
	78.0611 53.9524,
	78.024 53.9895,
	78.0054 54.2864,
	78.024 54.5834,
	78.0054 54.8803,
	77.9683 54.9546,
	77.9869 55.1031,
	77.9683 55.2515,
	78.0426 55.5485,
	78.1168 55.697,
	78.2282 55.8454,
	78.321 56.1424,
	78.3395 56.2909,
	78.3024 56.4393,
	78.1725 56.5507,
	77.9126 56.8477,
	77.4115 58.0355,
	77.2445 58.3324,
	76.6877 58.9263,
	76.0938 59.5017,
	75.9453 59.613,
	75.6484 59.7615,
	75.3514 59.8728,
	75.0545 59.9285,
	74.906 59.9285,
	74.6091 59.78,
	74.3121 59.5017,
	74.1822 59.3532,
	73.978 59.0562,
	73.8852 58.7593,
	73.811 58.6108,
	73.7553 58.5366,
	73.6996 58.3881,
	73.6811 58.2396,
	73.6811 58.2211,
	"/>
</Transform>

<Transform dim="0"
 xcoef=" 0 1 0 0 0 0"
 ycoef=" 0 0 1 0 0 0">
<Contour name="TB3_Nuc06_EM" hidden="false" closed="true" simplified="true" border="0 1 0" fill="0 1 0" mode="9"
 points="88.885 58.9893,
	89.1523 58.2765,
	89.1077 57.92,
	89.0855 57.7418,
	88.9295 57.3854,
	88.9518 57.0289,
	89.1077 56.6725,
	89.1968 56.5834,
	89.2414 56.4943,
	89.1968 56.1379,
	89.3082 55.9597,
	89.2637 55.8705,
	89.1077 55.6923,
	89.1077 55.5141,
	89.1523 55.425,
	89.3305 55.3582,
	89.3973 55.2913,
	89.3751 55.1131,
	89.3082 54.9349,
	89.3082 54.7567,
	89.3528 54.5785,
	89.4642 54.4003,
	89.5978 54.0438,
	89.6424 53.9547,
	89.8206 53.8433,
	89.932 53.4869,
	89.9765 53.3978,
	90.1547 53.2196,
	90.2439 53.1528,
	90.3552 52.7963,
	90.4221 52.7072,
	90.5112 52.6849,
	90.578 52.6181,
	90.6226 52.4399,
	90.6671 52.3508,
	90.8453 52.1726,
	91.0235 52.0389,
	91.2018 51.9944,
	91.2909 51.9721,
	91.3354 51.9498,
	91.4023 52.0389,
	91.4023 52.3953,
	91.2463 53.1082,
	91.3131 53.2864,
	91.4023 53.3755,
	91.4691 53.5537,
	91.4468 53.732,
	91.4245 53.8211,
	91.2909 53.977,
	91.2018 54.0661,
	91.1795 54.1552,
	91.2463 54.2443,
	91.4245 54.2666,
	91.5136 54.2666,
	91.6027 54.3334,
	91.7364 54.6899,
	91.4914 55.4027,
	91.4468 55.7592,
	91.3577 55.9374,
	91.3131 56.1156,
	91.4023 56.2938,
	91.4245 56.3829,
	91.38 56.5611,
	91.38 56.6502,
	91.3131 56.8285,
	91.2686 56.9176,
	91.2686 57.274,
	91.2463 57.4522,
	90.9122 57.7641,
	90.7339 57.9423,
	90.6671 58.0314,
	90.6003 58.2096,
	90.3107 58.5215,
	89.9543 58.7888,
	89.7983 58.9448,
	89.7092 59.123,
	89.7983 59.1453,
	89.9765 59.1007,
	90.0656 59.123,
	90.1102 59.1675,
	90.1102 59.2566,
	89.8874 59.6131,
	89.7315 59.769,
	89.5533 59.8136,
	89.5087 59.8136,
	89.4642 59.769,
	89.4864 59.5908,
	89.4642 59.4126,
	89.3973 59.3457,
	89.2191 59.3903,
	89.13 59.4349,
	89.0855 59.4571,
	88.9963 59.4126,
	88.9295 59.3235,
	88.9072 59.1453,
	88.9072 59.0561,
	88.885 59.0116,
	"/>
</Transform>

<Transform dim="0"
 xcoef=" 0 1 0 0 0 0"
 ycoef=" 0 0 1 0 0 0">
<Contour name="TB3_Nuc13_EM" hidden="false" closed="true" simplified="true" border="1 0 1" fill="0 1 0" mode="9"
 points="105.96 48.5984,
	106.074 48.2935,
	106.017 47.9887,
	106.074 47.8363,
	106.132 47.7601,
	106.208 47.7411,
	106.265 47.6839,
	106.284 47.5315,
	106.265 47.3791,
	106.284 47.2267,
	106.322 47.1505,
	106.303 46.9981,
	106.17 46.6933,
	106.227 46.0837,
	106.322 45.7789,
	106.455 45.474,
	106.493 45.3216,
	106.493 45.1692,
	106.551 45.0168,
	106.627 44.9406,
	106.722 44.6358,
	106.76 44.331,
	106.836 44.0262,
	106.874 43.8738,
	106.951 43.7214,
	106.989 43.6452,
	106.989 43.6071,
	107.122 43.4547,
	107.217 43.3023,
	107.294 42.9975,
	107.313 42.845,
	107.484 42.5402,
	107.579 42.3878,
	107.713 42.2354,
	107.789 42.1592,
	107.827 42.1211,
	107.865 41.5115,
	107.96 41.3591,
	108.075 41.0543,
	108.132 40.9781,
	108.189 40.8257,
	108.284 40.6733,
	108.322 40.5971,
	108.36 40.559,
	108.379 40.4828,
	108.551 40.1779,
	108.589 40.1017,
	108.627 40.0636,
	108.627 40.0255,
	109.027 39.4159,
	109.294 39.1302,
	109.408 38.9778,
	109.542 38.8825,
	109.694 38.8444,
	109.999 38.8634,
	110.037 38.9015,
	110.113 38.9206,
	110.418 38.7491,
	110.57 38.7682,
	110.647 38.8063,
	110.78 38.9587,
	110.951 39.2635,
	110.97 39.4159,
	110.875 39.7207,
	110.856 40.0255,
	110.837 40.1779,
	110.589 40.7876,
	110.532 40.94,
	110.304 42.1592,
	110.246 42.464,
	110.132 42.7688,
	110.094 42.845,
	110.056 42.8831,
	109.999 43.0356,
	109.961 43.1118,
	109.98 43.4166,
	109.999 43.569,
	109.923 43.8738,
	109.865 44.0262,
	109.827 44.1024,
	109.808 44.4072,
	109.713 44.712,
	109.58 45.0168,
	109.542 45.093,
	109.503 45.1311,
	109.294 45.7408,
	109.275 46.0456,
	109.256 46.198,
	109.256 46.2742,
	108.97 46.8838,
	108.913 47.0362,
	108.551 47.6458,
	108.475 47.7982,
	108.36 47.9316,
	107.998 48.5412,
	107.903 48.6936,
	107.77 48.846,
	107.617 48.9413,
	107.579 48.9413,
	107.446 49.0937,
	107.351 49.2461,
	107.065 49.4747,
	106.932 49.589,
	106.627 49.608,
	106.322 49.6652,
	106.246 49.6843,
	106.208 49.6843,
	106.151 49.608,
	106.112 49.589,
	106.055 49.6271,
	105.998 49.5699,
	105.979 48.9603,
	105.96 48.6555,
	105.96 48.6174,
	"/>
</Transform>

<Transform dim="0"
 xcoef=" 0 1 0 0 0 0"
 ycoef=" 0 0 1 0 0 0">
<Contour name="TB3_Nuc19_EM" hidden="false" closed="true" simplified="true" border="0 1 1" fill="0 1 1" mode="9"
 points="110.351 55.2537,
	110.757 53.2559,
	110.945 52.2569,
	111.069 51.258,
	111.163 50.7585,
	111.319 50.2591,
	111.319 50.1966,
	111.382 50.1342,
	111.506 49.6347,
	111.538 49.385,
	111.6 49.2601,
	111.6 49.1353,
	111.756 48.6358,
	111.756 48.5109,
	111.881 48.2612,
	111.943 48.1363,
	112.162 47.8866,
	112.318 47.6368,
	112.38 47.3871,
	112.38 47.1374,
	112.443 47.0125,
	112.474 46.7628,
	112.661 46.2633,
	112.755 46.0136,
	113.067 45.5141,
	113.286 45.0146,
	113.442 44.7649,
	113.504 44.64,
	113.723 44.3903,
	114.191 43.9845,
	114.441 43.8284,
	114.691 43.766,
	114.94 43.8596,
	115.065 43.9533,
	115.315 44.0469,
	115.533 44.2654,
	115.627 44.3591,
	115.689 44.6088,
	116.158 45.0146,
	116.376 45.5141,
	116.376 46.0136,
	116.439 46.513,
	116.501 46.7628,
	116.47 47.0125,
	116.407 47.1374,
	116.283 47.2622,
	116.064 47.4183,
	116.033 47.6681,
	116.033 47.7929,
	115.939 47.9178,
	115.877 47.9802,
	115.752 48.0114,
	115.596 48.23,
	115.565 48.4797,
	115.627 48.7294,
	115.533 48.9792,
	115.44 49.0728,
	115.409 49.104,
	115.596 49.6035,
	115.752 49.8532,
	115.814 50.103,
	115.783 50.3527,
	115.689 50.4464,
	115.565 50.4776,
	115.44 50.4151,
	115.409 50.3839,
	115.346 50.4464,
	115.284 50.4464,
	115.034 50.6024,
	114.909 50.6961,
	114.909 50.7585,
	115.034 50.8834,
	115.065 51.1331,
	115.034 51.1956,
	114.784 51.258,
	114.285 51.2268,
	114.16 51.258,
	114.066 51.5077,
	114.035 51.6326,
	113.848 51.8823,
	113.754 52.0072,
	113.692 52.5067,
	113.598 52.6003,
	113.504 52.6315,
	113.473 53.131,
	113.567 54.1299,
	113.629 54.3797,
	113.785 54.6294,
	113.785 54.8791,
	113.785 55.004,
	113.536 55.1601,
	113.411 55.2225,
	113.161 55.2225,
	113.036 55.1289,
	112.786 54.6294,
	112.63 54.4109,
	112.505 54.286,
	112.38 54.3172,
	112.287 54.4421,
	112.256 54.5358,
	112.287 55.0352,
	112.318 55.1601,
	112.443 55.2225,
	112.568 55.1913,
	113.067 55.3786,
	113.161 55.5035,
	113.13 55.6283,
	113.13 55.6908,
	113.067 55.7532,
	112.942 55.7532,
	112.88 55.7532,
	112.818 55.8156,
	112.693 55.8469,
	112.63 55.9717,
	112.599 56.2215,
	112.505 56.4712,
	112.505 56.5336,
	112.318 56.7834,
	111.819 56.9395,
	111.569 57.0331,
	111.319 57.0019,
	111.194 56.9395,
	110.976 56.7209,
	110.632 56.2215,
	110.632 56.159,
	110.476 55.9093,
	110.383 55.6596,
	110.351 55.4098,
	110.351 55.285,
	"/>
</Transform>

<Transform dim="0"
 xcoef=" 0 1 0 0 0 0"
 ycoef=" 0 0 1 0 0 0">
<Contour name="TB3_Nuc32_EM" hidden="false" closed="true" simplified="true" border="0 1 1" fill="0 1 1" mode="9"
 points="111.99 40.2776,
	112.027 40.1284,
	112.289 39.5314,
	112.438 39.2329,
	112.494 39.1583,
	112.512 39.0837,
	112.55 39.0463,
	112.68 38.7479,
	112.811 38.1509,
	112.997 37.5539,
	113.035 37.4046,
	113.053 37.1062,
	113.277 35.9122,
	113.315 35.7629,
	113.389 35.6137,
	113.538 35.4645,
	113.576 35.4271,
	113.874 35.3712,
	114.024 35.3339,
	114.173 35.3339,
	114.471 35.2033,
	114.621 35.0727,
	114.919 34.9421,
	115.218 34.9234,
	115.367 35.0167,
	115.628 35.3152,
	115.759 35.6137,
	115.926 35.9122,
	115.982 36.0614,
	116.001 36.6584,
	115.982 36.8077,
	115.908 36.9569,
	115.87 37.1062,
	115.889 37.4046,
	115.908 37.5539,
	115.926 37.6285,
	115.852 37.927,
	115.721 38.2255,
	115.553 38.524,
	115.46 38.8225,
	115.423 38.9717,
	115.404 39.0463,
	115.18 39.3075,
	115.031 39.4008,
	114.434 39.5314,
	114.285 39.5874,
	114.21 39.662,
	114.061 39.9605,
	113.837 40.5575,
	113.725 40.8559,
	113.688 41.0052,
	113.594 41.1544,
	113.538 41.2291,
	113.52 41.2477,
	113.501 41.2291,
	113.296 41.5276,
	113.165 41.6768,
	113.053 41.7701,
	112.923 41.9193,
	112.774 42.0126,
	112.624 42.0686,
	112.55 42.0686,
	112.4 41.9753,
	112.27 41.8447,
	112.139 41.5462,
	112.083 41.397,
	112.009 40.8,
	111.99 40.5015,
	111.99 40.3522,
	111.99 40.2963,
	"/>
</Transform>

<Transform dim="0"
 xcoef=" 0 1 0 0 0 0"
 ycoef=" 0 0 1 0 0 0">
<Contour name="TB3_Nuc37_EM" hidden="false" closed="true" simplified="true" border="1 0 0" fill="1 0 0" mode="9"
 points="115.856 53.037,
	116.005 52.087,
	116.049 51.8495,
	116.123 51.7307,
	116.168 51.6714,
	116.242 51.4339,
	116.287 51.1964,
	116.316 51.0776,
	116.376 50.9589,
	116.48 50.8698,
	116.554 50.7659,
	116.598 50.5284,
	116.539 50.2909,
	116.539 50.1721,
	116.569 50.1128,
	116.791 49.905,
	116.776 49.7862,
	116.702 49.5487,
	116.658 49.3112,
	116.673 49.0737,
	116.717 48.8362,
	116.717 48.7768,
	116.762 48.6581,
	116.791 48.6284,
	116.836 48.5096,
	116.851 48.4503,
	116.88 48.4206,
	116.955 48.1831,
	116.999 48.1237,
	117.088 47.8862,
	117.133 47.7674,
	117.207 47.6487,
	117.355 47.1737,
	117.489 46.9362,
	117.519 46.8768,
	117.519 46.8174,
	117.548 46.7581,
	117.548 46.7284,
	117.771 46.5057,
	117.89 46.4315,
	118.365 46.387,
	118.602 46.3573,
	118.632 46.3721,
	118.751 46.3573,
	118.81 46.3127,
	118.795 46.2534,
	118.691 46.194,
	118.573 46.1792,
	118.513 46.1643,
	118.394 46.194,
	118.276 46.1643,
	118.216 46.1049,
	118.201 45.9862,
	118.246 45.8674,
	118.261 45.7487,
	118.305 45.6299,
	118.32 45.3924,
	118.513 44.4424,
	118.587 44.2049,
	118.647 44.0862,
	118.721 43.8487,
	118.81 43.3737,
	118.869 43.2549,
	118.884 43.1955,
	119.107 42.958,
	119.226 42.869,
	119.255 42.8393,
	119.374 42.8541,
	119.493 42.9284,
	119.567 43.0323,
	119.597 43.0916,
	119.656 43.1362,
	119.775 43.1065,
	120.012 42.958,
	120.072 42.958,
	120.131 43.0026,
	120.146 43.1213,
	120.205 43.2252,
	120.324 43.344,
	120.473 43.5815,
	120.562 43.7002,
	120.665 44.1752,
	120.71 44.294,
	120.71 44.5315,
	120.68 44.6502,
	120.68 44.7096,
	120.784 44.9471,
	120.829 45.1846,
	120.829 45.3034,
	120.74 45.4073,
	120.71 45.526,
	120.755 45.7635,
	120.651 46.2385,
	120.636 46.2979,
	120.651 46.3573,
	120.695 46.4167,
	120.725 46.5354,
	120.725 46.6542,
	120.68 46.7135,
	120.562 46.7729,
	120.502 46.7878,
	120.443 46.7729,
	120.383 46.7878,
	120.339 46.8917,
	120.413 47.1292,
	120.458 47.3667,
	120.443 47.4854,
	120.354 47.7229,
	120.309 47.7823,
	120.205 48.0198,
	120.161 48.0792,
	120.161 48.1089,
	119.908 48.5839,
	119.849 48.7026,
	119.819 48.762,
	119.819 48.7917,
	119.775 48.851,
	119.76 48.9104,
	119.626 49.1479,
	119.626 49.1776,
	119.597 49.2073,
	119.552 49.326,
	119.478 49.4448,
	119.448 49.4745,
	119.448 49.5042,
	119.404 49.5635,
	119.404 49.5932,
	119.27 49.8307,
	119.107 50.0682,
	119.048 50.1276,
	118.914 50.3503,
	118.721 50.5729,
	118.662 50.6175,
	118.543 50.5878,
	118.439 50.469,
	118.409 50.4096,
	118.394 50.38,
	118.394 50.4393,
	118.38 50.469,
	118.32 50.3503,
	118.276 50.2909,
	118.216 50.2761,
	118.157 50.2909,
	118.112 50.3354,
	118.157 50.5729,
	118.201 50.6917,
	118.246 50.7511,
	118.365 50.7956,
	118.424 50.8401,
	118.454 50.8995,
	118.454 51.0182,
	118.409 51.137,
	118.216 51.3448,
	118.112 51.4487,
	117.994 51.5081,
	117.934 51.5526,
	117.919 51.6714,
	117.875 51.7901,
	117.712 52.0128,
	117.563 52.2057,
	117.474 52.3097,
	117.415 52.369,
	117.296 52.4284,
	117.222 52.5472,
	117.103 52.6511,
	116.94 52.8589,
	116.88 52.9183,
	116.851 52.9628,
	116.791 53.0073,
	116.673 53.0222,
	116.554 52.9628,
	116.435 52.9331,
	116.376 52.9331,
	116.346 52.9331,
	116.227 53.0222,
	116.079 53.2597,
	116.005 53.3784,
	115.945 53.3933,
	115.901 53.3487,
	115.856 53.1112,
	115.856 53.0518,
	"/>
</Transform>

<Transform dim="0"
 xcoef=" 0 1 0 0 0 0"
 ycoef=" 0 0 1 0 0 0">
<Contour name="TB3_Nuc44_EM" hidden="false" closed="true" simplified="true" border="1 0 0" fill="1 0 0" mode="9"
 points="106.834 32.1023,
	106.916 31.6636,
	106.93 31.4443,
	106.861 31.0057,
	106.848 30.896,
	106.916 30.4574,
	106.93 30.2381,
	106.916 30.0188,
	106.916 29.9091,
	106.848 29.4705,
	106.861 29.2512,
	106.916 29.0319,
	107.04 28.8125,
	107.245 28.3739,
	107.369 28.1546,
	107.478 28.0586,
	107.698 28.0175,
	107.807 28.0312,
	108.026 28.1135,
	108.246 28.2505,
	108.328 28.3602,
	108.383 28.4699,
	108.41 28.5247,
	108.52 28.6206,
	108.671 28.84,
	108.767 29.0593,
	108.931 29.2786,
	108.972 29.3334,
	108.986 29.3882,
	109.068 29.4979,
	109.274 29.9365,
	109.438 30.8138,
	109.466 31.0331,
	109.534 31.2524,
	109.699 31.4717,
	109.767 31.6911,
	109.795 31.8007,
	109.795 31.8555,
	109.918 32.0749,
	110 32.2942,
	110.041 32.4038,
	110.055 32.6231,
	110 32.8425,
	109.987 32.9521,
	110.055 33.1714,
	110.055 33.2811,
	109.973 33.3908,
	109.85 33.8294,
	109.617 34.268,
	109.425 34.4736,
	109.397 34.4736,
	109.288 34.5559,
	109.178 34.6107,
	109.068 34.597,
	108.959 34.5559,
	108.863 34.4462,
	108.808 34.3365,
	108.78 34.2817,
	108.726 34.2543,
	108.643 34.1584,
	108.588 34.1172,
	108.534 34.1035,
	108.479 34.1172,
	108.451 34.1035,
	108.342 34.1721,
	108.232 34.2132,
	108.013 34.364,
	107.958 34.3914,
	107.848 34.3914,
	107.739 34.3503,
	107.547 34.1309,
	107.286 33.6923,
	107.204 33.5827,
	107.094 33.5004,
	107.012 33.4045,
	106.998 33.2948,
	107.081 33.0755,
	107.067 32.9658,
	107.053 32.911,
	106.944 32.8425,
	106.889 32.7876,
	106.834 32.678,
	106.834 32.2393,
	106.834 32.1297,
	106.834 32.116,
	"/>
</Transform>

<Transform dim="0"
 xcoef=" 0 1 0 0 0 0"
 ycoef=" 0 0 1 0 0 0">
<Contour name="TB3_Nuc54_EM" hidden="false" closed="true" simplified="true" border="0 1 0" fill="0 1 0" mode="9"
 points="101.785 25.6258,
	101.959 25.2297,
	102.008 25.0316,
	102.132 24.8335,
	102.503 24.5612,
	102.553 24.165,
	102.677 23.967,
	102.776 23.8679,
	102.974 23.7689,
	103.073 23.7441,
	103.172 23.7689,
	103.271 23.7194,
	103.32 23.6946,
	103.296 23.2985,
	103.395 22.9023,
	103.543 22.7042,
	103.741 22.6795,
	103.939 22.5557,
	104.137 22.5804,
	104.286 22.7785,
	104.36 22.9766,
	104.385 23.0756,
	104.509 23.2737,
	105.301 24.0165,
	105.499 24.2146,
	105.648 24.4126,
	105.821 24.8088,
	105.945 25.0068,
	105.97 25.403,
	105.994 25.6011,
	105.796 26.3934,
	105.772 26.4924,
	105.747 26.5419,
	105.821 26.74,
	105.945 26.9381,
	106.143 27.1361,
	106.217 27.3342,
	106.217 27.7304,
	106.341 28.1265,
	106.391 28.3246,
	106.341 28.5227,
	106.143 28.6465,
	106.044 28.696,
	105.994 28.795,
	106.019 28.9931,
	106.118 29.1912,
	106.143 29.3892,
	105.92 29.7854,
	105.821 29.9835,
	106.093 30.3796,
	106.143 30.4786,
	106.069 30.8748,
	105.945 31.0729,
	105.895 31.1224,
	105.994 31.5185,
	106.044 31.9147,
	105.945 32.3108,
	105.821 32.5089,
	105.772 32.6079,
	105.672 32.707,
	105.672 32.905,
	105.747 33.1031,
	105.796 33.2022,
	105.747 33.5983,
	105.672 33.7964,
	105.276 34.0192,
	105.177 34.0687,
	104.781 34.0192,
	104.583 33.9945,
	104.385 34.0192,
	104.187 33.9697,
	103.791 33.7469,
	103.667 33.5735,
	103.593 33.3755,
	103.593 33.2764,
	103.543 33.1774,
	103.37 33.0288,
	103.32 32.9793,
	103.296 32.7813,
	103.221 32.6822,
	103.122 32.6575,
	103.023 32.5584,
	103.023 32.3603,
	103.048 32.2613,
	103.172 32.0632,
	103.147 31.8652,
	103.023 31.6671,
	102.949 31.469,
	102.949 31.37,
	103.023 31.1719,
	103.023 30.7758,
	102.974 30.7262,
	102.825 30.9243,
	102.751 31.1224,
	102.751 31.1719,
	102.652 31.2462,
	102.553 31.2462,
	102.38 31.0481,
	102.206 30.652,
	102.107 30.4539,
	102.082 30.2558,
	102.157 30.0577,
	102.256 29.9587,
	102.33 29.7606,
	102.305 29.6616,
	102.231 29.5625,
	102.033 29.4388,
	101.959 29.2407,
	101.934 29.0426,
	101.959 28.8445,
	102.008 28.7455,
	102.107 28.6465,
	102.132 28.4484,
	102.107 28.3493,
	102.033 28.2503,
	101.959 27.8542,
	101.959 27.6561,
	102.008 27.557,
	101.983 27.1609,
	101.909 26.7648,
	101.909 26.3686,
	101.909 26.1705,
	101.81 25.9725,
	101.785 25.7744,
	101.785 25.6753,
	101.785 25.6506,
	"/>
</Transform>

<Transform dim="0"
 xcoef=" 0 1 0 0 0 0"
 ycoef=" 0 0 1 0 0 0">
<Contour name="TB1_NF14_RSL" hidden="false" closed="true" simplified="true" border="0.502 0 1" fill="0.502 0 1" mode="-9"
 points="27.2008 46.8655,
	27.2499 46.7085,
	27.2695 46.6692,
	27.2695 46.6496,
	27.2891 46.63,
	27.3382 46.473,
	27.3971 46.159,
	27.4756 45.8449,
	27.4952 45.6879,
	27.5737 45.3739,
	27.6129 45.0599,
	27.7209 44.7459,
	27.8092 44.4319,
	27.8484 44.3534,
	27.9171 44.2749,
	27.9564 44.2455,
	28.0349 44.2455,
	28.1134 44.2945,
	28.1821 44.3632,
	28.2115 44.4417,
	28.2115 44.5202,
	28.1821 44.5987,
	28.1625 44.7557,
	28.1723 45.0697,
	28.2017 45.3837,
	28.2115 45.6978,
	28.1821 45.8548,
	28.1723 45.9333,
	28.1526 45.9725,
	28.133 46.1295,
	28.1232 46.1688,
	28.1134 46.1884,
	28.0938 46.1786,
	28.0643 46.2571,
	28.0643 46.2767,
	28.0447 46.2963,
	28.0153 46.4533,
	28.0349 46.5318,
	28.084 46.6103,
	28.1134 46.6888,
	28.1232 46.8458,
	28.1134 47.0028,
	28.084 47.1598,
	27.9662 47.4739,
	27.9171 47.5524,
	27.8386 47.572,
	27.7601 47.572,
	27.6031 47.5229,
	27.5246 47.4739,
	27.4658 47.3954,
	27.4265 47.3168,
	27.4069 47.2383,
	27.3578 47.1697,
	27.2891 47.1108,
	27.2401 47.0421,
	27.2106 46.9636,
	27.2008 46.8851,
	27.2008 46.8753,
	"/>
</Transform>

<Transform dim="0"
 xcoef=" 0 1 0 0 0 0"
 ycoef=" 0 0 1 0 0 0">
<Contour name="TB1_AP13_atM05_RSL" hidden="false" closed="true" simplified="true" border="1 0 0" fill="1 0 0" mode="-9"
 points="39.8316 49.409,
	39.8704 49.3315,
	39.9285 49.2636,
	40.0061 49.2248,
	40.0448 49.2054,
	40.1224 49.1957,
	40.1612 49.186,
	40.1806 49.186,
	40.229 49.2636,
	40.2096 49.4187,
	40.1418 49.4962,
	39.9964 49.5932,
	39.9188 49.5835,
	39.8413 49.535,
	39.8316 49.4575,
	39.8316 49.4187,
	"/>
</Transform>

<Transform dim="0"
 xcoef=" 0 1 0 0 0 0"
 ycoef=" 0 0 1 0 0 0">
<Contour name="TB1_NF21_RSL" hidden="false" closed="true" simplified="true" border="1 0.501961 0.501961" fill="1 0.501961 0.501961" mode="-9"
 points="39.5214 48.9825,
	39.5311 48.9437,
	39.5892 48.8758,
	39.628 48.8371,
	39.7056 48.808,
	39.7831 48.7983,
	39.8219 48.7886,
	39.977 48.8371,
	40.0061 48.9146,
	40.0061 48.9922,
	40.0061 49.0309,
	39.9673 49.1085,
	39.8994 49.1764,
	39.8219 49.2248,
	39.7443 49.2345,
	39.7056 49.2345,
	39.628 49.1957,
	39.5699 49.1473,
	39.5408 49.1085,
	39.5311 49.0309,
	39.5214 48.9922,
	"/>
</Transform>

<Transform dim="0"
 xcoef=" 0 1 0 0 0 0"
 ycoef=" 0 0 1 0 0 0">
<Contour name="TB1_NF22_RSL" hidden="false" closed="true" simplified="true" border="0.502 0.502 0" fill="0.502 0.502 0" mode="-9"
 points="35.08 58.2802,
	35.164 57.9818,
	35.2199 57.8326,
	35.3038 57.6834,
	35.3131 57.6088,
	35.3038 57.5715,
	35.2385 57.4969,
	35.2106 57.4223,
	35.1826 57.1239,
	35.1826 57.0866,
	35.2013 57.0493,
	35.2199 57.04,
	35.2945 57.096,
	35.3318 57.1706,
	35.3784 57.3198,
	35.3877 57.3571,
	35.4903 57.5063,
	35.6395 57.6368,
	35.7607 57.786,
	35.9379 58.0751,
	35.9845 58.2243,
	36.0871 58.8211,
	36.1244 58.9703,
	36.1431 59.0076,
	36.1524 59.0262,
	36.1617 59.0076,
	36.3109 59.0449,
	36.4601 59.0635,
	36.5347 59.0822,
	36.6 59.1381,
	36.6559 59.2127,
	36.6932 59.2873,
	36.7212 59.4365,
	36.8424 59.7349,
	36.8704 59.8841,
	36.8704 59.9587,
	36.8238 60.1079,
	36.8051 60.1452,
	36.7305 60.2198,
	36.6559 60.2571,
	36.5067 60.2851,
	36.4321 60.3224,
	36.3575 60.341,
	36.2083 60.3317,
	36.0591 60.2478,
	35.9193 60.1265,
	35.8167 59.9867,
	35.798 59.9494,
	35.798 59.9307,
	35.7794 59.9121,
	35.7421 59.7629,
	35.7421 59.7256,
	35.7421 59.7069,
	35.7607 59.6883,
	35.6861 59.3899,
	35.5836 59.25,
	35.5369 59.1754,
	35.5276 59.0262,
	35.5369 58.877,
	35.5556 58.8024,
	35.5556 58.7651,
	35.5649 58.7558,
	35.5463 58.7185,
	35.5276 58.6998,
	35.453 58.6812,
	35.3784 58.6812,
	35.3038 58.6625,
	35.2665 58.6532,
	35.1546 58.532,
	35.0894 58.3828,
	35.08 58.3082,
	35.08 58.2895,
	"/>
</Transform>

<Transform dim="0"
 xcoef=" 0 1 0 0 0 0"
 ycoef=" 0 0 1 0 0 0">
<Contour name="TB0_Shell_EM" hidden="false" closed="true" simplified="true" border="0 1 0" fill="0 1 0" mode="9"
 points="11.1609 41.5778,
	11.5516 39.0773,
	12.6456 36.5767,
	12.8019 36.2641,
	13.9741 35.0139,
	14.4429 34.3887,
	14.5992 34.0761,
	16.7091 31.5756,
	17.8812 30.3253,
	18.1156 30.0909,
	18.35 30.0127,
	19.6003 31.263,
	20.0692 31.8882,
	20.6943 33.1384,
	21.7102 38.1396,
	21.7102 38.7647,
	21.8665 39.3899,
	21.9446 44.391,
	22.4916 49.3921,
	22.8042 50.6424,
	23.82 53.143,
	24.2108 53.7681,
	24.6796 55.0184,
	25.0703 55.6435,
	25.6173 56.2687,
	25.9299 56.5812,
	26.0862 56.8157,
	24.2889 61.8168,
	23.8982 62.4419,
	23.6638 62.7545,
	21.1632 63.5359,
	19.9129 63.6922,
	19.6003 63.7704,
	18.9752 63.6922,
	17.7249 62.9889,
	17.1779 62.4419,
	14.5992 57.4408,
	13.5052 54.9402,
	13.0363 54.3151,
	12.8019 53.69,
	12.8801 52.4397,
	12.8019 51.1894,
	13.1145 48.6888,
	13.1145 47.4385,
	13.1145 46.8134,
	12.8019 45.5631,
	12.6456 44.938,
	11.4735 42.4374,
	11.2391 42.1248,
	11.1609 41.8123,
	11.1609 41.656,
	"/>
</Transform>

<Transform dim="0"
 xcoef=" 0 1 0 0 0 0"
 ycoef=" 0 0 1 0 0 0">
<Contour name="TB1_Shell_EM" hidden="false" closed="true" simplified="true" border="0 1 1" fill="0 1 1" mode="15"
 points="19.9264 30.7882,
	20.3952 29.5379,
	21.2548 28.2877,
	21.7237 27.6625,
	22.0362 27.0374,
	22.5051 26.4122,
	23.7554 25.3964,
	24.068 25.3182,
	24.2242 25.1619,
	24.5368 25.0838,
	24.8494 24.8494,
	29.8505 23.521,
	31.1008 23.3647,
	32.3511 23.521,
	32.9762 23.6772,
	33.2888 23.7554,
	33.4451 23.7554,
	33.7576 23.9898,
	35.0079 24.3805,
	35.6331 24.615,
	36.2582 25.0057,
	36.6489 25.6308,
	37.8211 26.8811,
	38.5244 28.1314,
	38.9151 28.7565,
	39.0713 29.0691,
	40.0872 30.3194,
	40.3216 30.9445,
	40.5561 32.1948,
	40.7123 32.8199,
	40.7905 33.1325,
	41.6501 34.3828,
	42.1189 35.0079,
	43.3692 36.1801,
	43.9943 36.4926,
	44.6195 36.9615,
	45.2446 37.5866,
	45.8698 37.8992,
	46.4949 38.0555,
	46.8075 38.2118,
	48.0578 39.3839,
	48.6829 40.0091,
	49.2299 41.2593,
	49.6988 43.7599,
	49.9332 45.0102,
	50.0895 47.5108,
	50.0113 50.0113,
	49.6206 52.5119,
	48.761 55.0125,
	47.667 57.513,
	47.0419 58.7633,
	46.6512 59.3885,
	46.4168 60.0136,
	44.6195 62.5142,
	43.4473 63.6863,
	40.9468 65.171,
	39.6965 66.0306,
	38.4462 66.7339,
	37.1959 67.2027,
	35.9456 67.5153,
	33.4451 67.4372,
	30.9445 66.7339,
	28.4439 65.5617,
	27.8969 64.9366,
	27.8188 64.3114,
	26.8811 61.8109,
	25.7871 59.3103,
	25.5527 58.06,
	25.6308 56.8097,
	25.6308 56.1846,
	24.7712 54.9343,
	23.7554 53.684,
	23.3647 53.0589,
	22.427 50.5583,
	22.2707 49.308,
	22.3488 48.0578,
	22.5832 46.8075,
	22.7395 44.3069,
	22.8177 43.0566,
	22.6614 41.8063,
	21.9581 39.3058,
	21.4111 36.8052,
	21.0985 35.5549,
	21.0204 34.9298,
	20.0045 32.4292,
	19.9264 31.1789,
	19.9264 30.8664,
	"/>
</Transform>

<Transform dim="0"
 xcoef=" 0 1 0 0 0 0"
 ycoef=" 0 0 1 0 0 0">
<Contour name="TB1_NF55_RSL" hidden="false" closed="true" simplified="true" border="0.501961 0 0" fill="0.501961 0 0" mode="-9"
 points="33.0603 30.6997,
	33.0854 30.5993,
	33.1042 30.549,
	33.1356 30.4988,
	33.1858 30.4486,
	33.28 30.3795,
	33.3302 30.3607,
	33.3553 30.3419,
	33.3805 30.3356,
	33.4307 30.3042,
	33.4746 30.2603,
	33.4997 30.0594,
	33.5123 29.9589,
	33.5186 29.9338,
	33.5437 29.9087,
	33.5939 29.8899,
	33.6441 29.8899,
	33.7446 29.9087,
	33.845 29.915,
	33.8953 29.915,
	33.9455 29.9275,
	33.9957 29.9589,
	34.0271 30.0091,
	34.0585 30.1096,
	34.0585 30.21,
	34.0585 30.2351,
	34.0459 30.2603,
	34.0459 30.2854,
	33.9769 30.4863,
	33.9706 30.5365,
	34.0083 30.6369,
	34.0145 30.7374,
	34.0083 30.7876,
	34.002 30.8127,
	33.9894 30.8002,
	33.9831 30.7562,
	33.9769 30.8567,
	33.9518 30.9571,
	33.9266 31.0073,
	33.8953 31.1078,
	33.889 31.1329,
	33.8701 31.158,
	33.8701 31.1706,
	33.8576 31.1831,
	33.8576 31.1957,
	33.8388 31.2208,
	33.8325 31.2459,
	33.7948 31.2961,
	33.6944 31.3966,
	33.5939 31.4782,
	33.5688 31.5033,
	33.5186 31.5347,
	33.4683 31.5473,
	33.3679 31.541,
	33.2675 31.5221,
	33.2423 31.5159,
	33.1921 31.4845,
	33.1796 31.4845,
	33.1356 31.4468,
	33.0917 31.3464,
	33.0791 31.2459,
	33.0603 30.8441,
	33.0603 30.7437,
	33.0603 30.7186,
	33.0603 30.706,
	"/>
<Contour name="TB1_NF55_RSL" hidden="false" closed="true" simplified="true" border="0.501961 0 0" fill="0.501961 0 0" mode="-9"
 points="32.4387 32.7087,
	32.4576 32.6585,
	32.489 32.6083,
	32.5392 32.5643,
	32.5706 32.5141,
	32.5894 32.4639,
	32.6083 32.263,
	32.6083 32.2127,
	32.6208 32.1625,
	32.6585 32.1123,
	32.7087 32.0683,
	32.8092 32.0181,
	33.0101 31.9428,
	33.1105 31.8988,
	33.3114 31.8863,
	33.3616 31.8737,
	33.3867 31.8674,
	33.3993 31.8674,
	33.4181 31.8926,
	33.4495 31.993,
	33.4495 32.0181,
	33.4621 32.0432,
	33.4746 32.1437,
	33.4809 32.1939,
	33.4746 32.2441,
	33.437 32.2944,
	33.4244 32.3948,
	33.3679 32.5957,
	33.3428 32.6459,
	33.3177 32.7464,
	33.2926 32.7966,
	33.2863 32.8217,
	33.2863 32.8343,
	33.2675 32.8594,
	33.2235 32.9598,
	33.1607 33.0603,
	33.1168 33.1042,
	33.0728 33.1356,
	33.0477 33.1544,
	32.9975 33.167,
	32.9473 33.167,
	32.897 33.1419,
	32.6961 33.0791,
	32.5957 33.0477,
	32.5706 33.0414,
	32.5455 33.0163,
	32.5329 33.0101,
	32.5329 32.9975,
	32.5078 32.9787,
	32.4764 32.9284,
	32.4764 32.9159,
	32.4639 32.9033,
	32.445 32.8029,
	32.4387 32.7526,
	32.4387 32.7275,
	32.4387 32.715,
	"/>
<Contour name="TB1_NF55_RSL" hidden="false" closed="true" simplified="true" border="0.501961 0 0" fill="0.501961 0 0" mode="-9"
 points="31.5473 33.8764,
	31.5598 33.776,
	31.5849 33.6755,
	31.5975 33.6504,
	31.5975 33.6379,
	31.6603 33.5437,
	31.7607 33.4621,
	31.8486 33.3616,
	31.8737 33.3553,
	31.8863 33.3428,
	31.9867 33.3051,
	32.0809 33.2298,
	32.1248 33.1796,
	32.1437 33.1544,
	32.15 33.1293,
	32.1813 33.0791,
	32.2002 33.054,
	32.2504 33.0352,
	32.3006 33.0352,
	32.3257 33.0414,
	32.3383 33.054,
	32.3383 33.0666,
	32.3697 33.1105,
	32.4325 33.5123,
	32.4639 33.7132,
	32.4639 33.8136,
	32.4639 33.8639,
	32.4576 33.889,
	32.4513 33.8953,
	32.4387 33.889,
	32.3634 33.9894,
	32.3509 34.0145,
	32.3383 34.0271,
	32.3383 34.0397,
	32.3257 34.0522,
	32.2881 34.1527,
	32.2818 34.2029,
	32.3006 34.4038,
	32.3006 34.6047,
	32.2881 34.7051,
	32.2818 34.7554,
	32.1876 34.9562,
	32.1876 34.9688,
	32.1688 34.9939,
	32.15 35.0441,
	32.1437 35.0693,
	32.0809 35.1697,
	32.0495 35.2199,
	32.0307 35.245,
	32.0307 35.2576,
	32.0181 35.2702,
	32.0181 35.2827,
	31.9993 35.3078,
	31.993 35.3329,
	31.9804 35.3455,
	31.9365 35.4459,
	31.9114 35.4962,
	31.9114 35.5087,
	31.8863 35.515,
	31.8361 35.4962,
	31.767 35.3957,
	31.7482 35.3455,
	31.7356 35.3204,
	31.7293 35.2199,
	31.7356 35.1195,
	31.767 34.9186,
	31.7796 34.8684,
	31.7733 34.7679,
	31.7607 34.7428,
	31.7607 34.7177,
	31.6665 34.5231,
	31.654 34.4728,
	31.654 34.3724,
	31.6477 34.3222,
	31.6477 34.2971,
	31.5724 34.1966,
	31.5535 34.1464,
	31.5473 33.9455,
	31.5473 33.8953,
	31.5473 33.8827,
	"/>
</Transform>

<Transform dim="0"
 xcoef=" 0 1 0 0 0 0"
 ycoef=" 0 0 1 0 0 0">
<Contour name="TB1_NF55_RSL" hidden="false" closed="true" simplified="true" border="0.502 0 0" fill="0.502 0 0" mode="-9"
 points="42.8836 38.146,
	42.904 37.9826,
	42.9347 37.901,
	42.9755 37.8805,
	43.1389 37.9214,
	43.2206 37.9418,
	43.241 37.9418,
	43.2512 37.9826,
	43.241 38.0643,
	43.2716 38.2277,
	43.2818 38.391,
	43.3227 38.5544,
	43.3227 38.6361,
	43.3125 38.6769,
	43.2716 38.7076,
	43.1082 38.6974,
	43.0266 38.6463,
	42.9959 38.6259,
	42.9245 38.4625,
	42.8836 38.2992,
	42.8836 38.2175,
	42.8836 38.1766,
	42.8836 38.1562,
	"/>
</Transform>

<Transform dim="0"
 xcoef=" 0 1 0 0 0 0"
 ycoef=" 0 0 1 0 0 0">
<Contour name="TB1_AP13_RSL_LYS" hidden="false" closed="true" simplified="true" border="0 0 0" fill="1 1 0" mode="-9"
 points="42.6183 54.0715,
	42.7113 54.0134,
	42.8042 53.9902,
	42.8507 53.967,
	42.932 53.8741,
	43.0249 53.8624,
	43.0714 53.8624,
	43.0946 53.8857,
	43.1062 53.9321,
	43.1294 53.9554,
	43.1411 54.0018,
	43.0017 54.1877,
	42.9668 54.2341,
	42.932 54.3271,
	42.8855 54.3735,
	42.7926 54.3968,
	42.7461 54.3851,
	42.6532 54.3155,
	42.6183 54.1296,
	42.6183 54.0831,
	"/>
</Transform>

</Section>