<?xml version="1.0"?>
<!DOCTYPE Section SYSTEM "section.dtd">

<Section index="559" thickness="0.085" alignLocked="true">
<Transform dim="0"
 xcoef=" 0 1 0 0 0 0"
 ycoef=" 0 0 1 0 0 0">
<Image mag="0.0079" contrast="1" brightness="0" red="true" green="true" blue="true"
 src="Aligned TF21559.tif" />
<Contour name="domain1" hidden="false" closed="true" simplified="false" border="1 0 1" fill="1 0 1" mode="11"
 points="0 0,
	15991 0,
	15991 12171,
	0 12171,
	"/>
</Transform>

<Transform dim="0"
 xcoef=" 0 1 0 0 0 0"
 ycoef=" 0 0 1 0 0 0">
<Contour name="TB2_Shell_EM" hidden="false" closed="true" simplified="true" border="0.733333 1 1" fill="0 1 1" mode="9"
 points="54.6121 43.1899,
	55.0583 40.3344,
	55.2367 38.9066,
	55.5937 37.4789,
	55.7721 36.765,
	55.7721 36.4081,
	56.6645 33.5525,
	57.9138 30.697,
	58.1815 29.9831,
	59.1631 28.5553,
	61.6617 25.6998,
	62.8217 24.272,
	63.5356 23.6474,
	64.071 23.112,
	64.428 22.755,
	65.8557 21.8627,
	66.5696 21.4165,
	66.9266 21.1488,
	69.7821 20.1672,
	72.6376 20.2564,
	73.3515 20.3457,
	74.0654 20.2564,
	75.4932 20.4349,
	76.2071 20.7919,
	76.9209 21.4165,
	77.4563 22.1304,
	77.8133 22.8443,
	78.081 23.2012,
	78.5272 24.629,
	78.5272 26.0567,
	78.081 28.9123,
	77.9025 30.34,
	77.9025 31.7678,
	78.5272 37.4789,
	79.0626 40.3344,
	79.2411 43.1899,
	78.7949 48.901,
	78.1702 51.7565,
	77.8133 53.1843,
	77.2779 54.6121,
	76.9209 55.326,
	76.8317 55.6829,
	75.9393 57.1107,
	75.5824 57.4676,
	75.4039 57.8246,
	72.7269 60.5016,
	71.2991 61.5724,
	71.1206 61.7509,
	70.7637 61.8401,
	70.4067 62.1079,
	68.979 62.3756,
	68.2651 62.3756,
	67.9082 62.1971,
	65.0526 62.4648,
	64.3387 62.3756,
	62.911 61.7509,
	61.4832 60.9478,
	60.0554 59.877,
	58.7169 58.4492,
	58.2707 57.7353,
	57.3784 54.8798,
	56.843 53.452,
	56.6645 52.7381,
	55.5044 49.8826,
	55.0583 48.4548,
	54.969 47.741,
	54.7905 47.384,
	54.6121 45.9562,
	54.6121 44.5285,
	54.6121 43.8146,
	54.6121 43.4577,
	54.6121 43.2792,
	"/>
</Transform>

<Transform dim="0"
 xcoef=" 0 1 0 0 0 0"
 ycoef=" 0 0 1 0 0 0">
<Contour name="TB2_AP19_EM" hidden="false" closed="true" simplified="true" border="1 0 1" fill="1 0 1" mode="9"
 points="72.9573 51.9294,
	72.9944 51.7809,
	73.0315 51.7067,
	73.1614 51.5582,
	73.1985 51.5211,
	73.1985 51.484,
	73.2542 51.4097,
	73.2728 51.3355,
	73.4584 51.0571,
	73.5512 50.9272,
	73.6811 50.7787,
	73.7553 50.7601,
	73.9038 50.7973,
	74.0523 50.8901,
	74.1451 51.0385,
	74.1636 51.187,
	74.0337 51.7809,
	73.9966 51.8552,
	73.9966 52.0036,
	74.2379 52.282,
	74.2936 52.3563,
	74.2936 52.5047,
	74.2564 52.6532,
	74.1822 52.8017,
	74.1451 52.8759,
	74.1636 53.0244,
	74.3121 53.0615,
	74.3863 53.0801,
	74.4606 53.1358,
	74.4235 53.2842,
	74.3307 53.4327,
	74.2564 53.5069,
	74.1822 53.5441,
	74.1451 53.5812,
	74.108 53.5812,
	74.0337 53.6369,
	73.9966 53.6554,
	73.8481 53.5255,
	73.811 53.5069,
	73.7182 53.6369,
	73.644 53.6369,
	73.4955 53.5441,
	73.4398 53.4698,
	73.4027 53.4327,
	73.3099 53.1358,
	73.2542 52.9873,
	73.2357 52.8388,
	73.1429 52.5419,
	73.1243 52.4676,
	73.0872 52.4305,
	72.9944 52.1335,
	72.9573 52.0593,
	72.9573 51.9851,
	72.9573 51.948,
	"/>
</Transform>

<Transform dim="0"
 xcoef=" 0 1 0 0 0 0"
 ycoef=" 0 0 1 0 0 0">
<Contour name="TB3_Nuc19_EM" hidden="false" closed="true" simplified="true" border="0 1 1" fill="0 1 1" mode="9"
 points="114.316 48.386,
	114.378 48.2612,
	114.503 48.1363,
	114.378 47.8866,
	114.378 47.7617,
	114.722 47.2622,
	114.784 46.7628,
	114.784 46.2633,
	114.815 46.1384,
	115.034 45.8887,
	115.159 45.7951,
	115.19 45.2956,
	115.221 45.0458,
	115.252 44.921,
	115.471 44.6712,
	115.721 44.5464,
	115.752 44.4215,
	115.658 43.922,
	115.627 43.7972,
	115.721 43.5474,
	115.877 43.2977,
	116.002 43.2041,
	116.127 43.1728,
	116.626 43.5162,
	116.813 43.7035,
	116.907 43.8284,
	116.969 43.8908,
	117.001 43.6411,
	116.969 43.1416,
	117.001 42.8919,
	117.032 42.767,
	117.157 42.6734,
	117.282 42.6734,
	117.344 42.6734,
	117.594 42.8919,
	118.093 43.2041,
	118.187 43.2977,
	118.28 43.7972,
	118.28 44.0469,
	118.249 44.1093,
	118.312 44.2342,
	118.437 44.3591,
	118.686 44.8585,
	118.655 45.358,
	118.561 45.6078,
	118.062 46.0136,
	117.812 46.2633,
	117.719 46.3882,
	117.75 46.8876,
	117.719 47.0125,
	117.625 47.1374,
	117.562 47.1998,
	117.313 47.231,
	117.219 47.2935,
	117.25 47.4183,
	117.5 47.6056,
	117.594 47.8554,
	117.594 48.1051,
	117.438 48.6046,
	117.375 48.7294,
	117.25 48.8543,
	117.001 48.8231,
	116.876 48.8855,
	116.782 49.1353,
	116.688 49.2601,
	116.189 49.3538,
	116.064 49.4162,
	116.002 49.4786,
	116.002 49.6035,
	116.22 49.7596,
	116.314 49.8845,
	116.314 50.1342,
	116.22 50.3839,
	116.064 50.6337,
	115.658 51.1331,
	115.565 51.258,
	115.596 51.5077,
	115.596 51.6326,
	115.596 51.695,
	115.471 51.7262,
	115.221 51.6638,
	115.096 51.6326,
	114.847 51.6638,
	114.597 51.4453,
	114.628 51.3204,
	114.878 51.2892,
	115.003 51.258,
	115.065 51.2268,
	115.065 51.1643,
	114.847 50.9458,
	114.784 50.8522,
	114.566 50.6649,
	114.566 50.54,
	114.628 50.4151,
	114.753 50.3215,
	114.815 50.2591,
	114.815 49.7596,
	114.847 49.5099,
	114.94 49.2601,
	114.94 49.1353,
	114.472 48.7294,
	114.347 48.6046,
	114.316 48.4797,
	114.316 48.4173,
	"/>
</Transform>

<Transform dim="0"
 xcoef=" 0 1 0 0 0 0"
 ycoef=" 0 0 1 0 0 0">
<Contour name="TB3_Nuc48_EM" hidden="false" closed="true" simplified="true" border="1 0 0" fill="1 0 0" mode="9"
 points="101.739 67.6181,
	101.848 67.3688,
	102.05 67.1195,
	102.159 67.026,
	102.346 66.7923,
	102.455 66.6677,
	102.487 66.6054,
	102.549 66.5431,
	102.58 66.4807,
	102.58 66.4496,
	102.674 66.3249,
	102.705 66.2626,
	102.705 66.2315,
	102.751 66.1691,
	102.751 66.138,
	102.783 66.1068,
	102.783 66.0757,
	102.814 66.0445,
	102.829 65.9822,
	102.876 65.9199,
	102.892 65.8575,
	102.923 65.8264,
	102.938 65.7641,
	103.094 65.5148,
	103.172 65.3901,
	103.188 65.3278,
	103.266 65.2032,
	103.468 64.9539,
	103.608 64.7046,
	103.624 64.6423,
	103.655 64.6111,
	103.733 64.3618,
	103.858 64.1126,
	103.858 64.0814,
	103.889 64.0502,
	103.904 63.9879,
	104.045 63.7386,
	104.247 63.4893,
	104.325 63.3647,
	104.387 63.318,
	104.419 63.2556,
	104.481 63.2089,
	104.512 63.1466,
	104.715 62.944,
	104.933 62.6948,
	104.964 62.6324,
	105.385 62.165,
	105.603 61.9313,
	105.712 61.8067,
	105.774 61.7599,
	105.899 61.7132,
	105.961 61.6665,
	106.008 61.5418,
	106.164 61.2925,
	106.257 61.1835,
	106.319 61.1367,
	106.444 61.1056,
	106.569 61.1523,
	106.974 61.6197,
	107.098 61.6976,
	107.13 61.6976,
	107.239 61.8067,
	107.301 61.9313,
	107.379 62.1806,
	107.41 62.3052,
	107.316 62.8038,
	107.254 63.0531,
	107.207 63.5517,
	107.161 63.8009,
	107.083 64.0502,
	107.083 64.0814,
	107.052 64.1126,
	106.989 64.3618,
	106.771 64.8604,
	106.693 64.985,
	106.693 65.0162,
	106.522 65.2655,
	106.288 65.4992,
	106.226 65.5303,
	105.977 65.7329,
	105.758 65.9666,
	105.681 66.0912,
	105.618 66.1536,
	104.933 67.1507,
	104.87 67.213,
	104.715 67.4623,
	104.325 67.9609,
	104.076 68.1634,
	103.826 68.2725,
	103.328 68.4127,
	102.829 68.4594,
	102.331 68.3815,
	102.206 68.3504,
	101.957 68.1946,
	101.801 67.9609,
	101.754 67.8362,
	101.739 67.7116,
	101.739 67.6493,
	101.739 67.6337,
	"/>
</Transform>

<Transform dim="0"
 xcoef=" 0 1 0 0 0 0"
 ycoef=" 0 0 1 0 0 0">
<Contour name="TB3_Nuc50_EM" hidden="false" closed="true" simplified="true" border="0 1 1" fill="0 1 1" mode="9"
 points="86.2435 64.3214,
	86.4554 63.705,
	86.6095 63.3967,
	86.6865 63.2426,
	86.8021 63.0885,
	87.1103 62.7803,
	87.1874 62.7418,
	87.3415 62.7225,
	87.6497 62.7996,
	87.7268 62.7418,
	87.8038 62.7418,
	87.9579 62.8381,
	88.0928 62.9922,
	88.2662 63.3004,
	88.4203 63.3582,
	88.4973 63.3582,
	88.6514 63.4353,
	88.8441 63.7435,
	88.9404 64.0517,
	88.9982 64.3599,
	89.0367 64.9764,
	89.0174 65.2846,
	88.9404 65.5928,
	88.9211 65.6699,
	88.9404 65.824,
	88.9019 65.9781,
	88.767 66.2863,
	88.6514 66.4211,
	88.4973 66.5175,
	88.3432 66.5753,
	88.1891 66.6716,
	87.8809 66.7872,
	87.5727 66.8642,
	87.4186 66.8835,
	87.1103 66.8064,
	86.9562 66.7101,
	86.8406 66.556,
	86.8021 66.4789,
	86.7251 66.4019,
	86.648 66.2478,
	86.5132 65.6313,
	86.4554 65.3231,
	86.359 65.0149,
	86.3398 64.8608,
	86.2435 64.5526,
	86.2435 64.3985,
	86.2435 64.3407,
	"/>
</Transform>

<Transform dim="0"
 xcoef=" 0 1 0 0 0 0"
 ycoef=" 0 0 1 0 0 0">
<Contour name="TB3_Nuc52_EM" hidden="false" closed="true" simplified="true" border="0 1 0" fill="0 1 0" mode="9"
 points="89.7481 57.8322,
	89.9004 57.345,
	90.2049 56.8577,
	90.3267 56.6141,
	90.5399 56.3704,
	90.6617 56.34,
	90.9053 56.3704,
	91.0272 56.3704,
	91.149 56.4923,
	91.2708 56.7359,
	91.3317 56.9795,
	91.3317 57.2232,
	91.2099 57.7104,
	91.1794 57.8322,
	90.8749 58.2891,
	90.6313 58.5022,
	90.144 58.6545,
	90.0222 58.624,
	89.809 58.4109,
	89.7481 58.1672,
	89.7481 57.9236,
	89.7481 57.8627,
	"/>
</Transform>

<Transform dim="0"
 xcoef=" 0 1 0 0 0 0"
 ycoef=" 0 0 1 0 0 0">
<Contour name="TB3_Nuc54_EM" hidden="false" closed="true" simplified="true" border="0 1 0" fill="0 1 0" mode="9"
 points="102.8 33.1774,
	103.023 32.7813,
	103.122 32.5832,
	103.147 32.3851,
	103.122 32.187,
	103.048 31.989,
	102.998 31.9394,
	102.924 31.7414,
	102.924 31.6423,
	102.998 31.5433,
	103.197 31.4195,
	103.345 31.2462,
	103.419 31.0481,
	103.419 30.9491,
	103.246 30.751,
	103.122 30.5529,
	103.073 30.1568,
	103.122 29.7606,
	103.147 29.6616,
	103.469 29.2654,
	103.543 29.0921,
	103.518 28.2998,
	103.543 28.1018,
	103.717 27.7056,
	103.791 27.5075,
	103.915 27.3095,
	104.113 27.1857,
	104.311 27.1114,
	104.509 27.1361,
	104.707 27.1114,
	104.806 27.0619,
	105.004 26.8638,
	105.153 26.6657,
	105.252 26.5667,
	105.45 26.4924,
	105.648 26.4924,
	105.747 26.4924,
	105.945 26.6657,
	106.069 27.0619,
	106.069 27.1114,
	106.168 27.1609,
	106.267 27.2599,
	106.391 27.458,
	106.465 27.6561,
	106.712 28.0522,
	106.861 28.8445,
	106.935 29.0426,
	107.133 29.2159,
	107.307 29.6121,
	107.282 29.7111,
	107.158 29.9092,
	107.109 30.1073,
	107.257 30.5034,
	107.331 30.8995,
	107.307 31.0976,
	107.282 31.1967,
	107.109 31.3947,
	107.133 31.7909,
	107.133 31.989,
	107.084 32.187,
	107.009 32.2861,
	106.985 32.3851,
	106.935 32.4346,
	106.91 32.6327,
	106.935 32.7317,
	107.059 32.9298,
	107.059 32.9793,
	107.133 33.0784,
	107.158 33.2764,
	107.109 33.4745,
	106.91 33.8707,
	106.787 34.0687,
	106.638 34.4649,
	106.564 34.861,
	106.316 35.6533,
	106.267 35.8514,
	106.143 36.0495,
	106.093 36.1485,
	105.994 36.2475,
	105.598 36.2971,
	104.806 35.9752,
	104.806 35.9257,
	104.608 35.9009,
	104.41 35.9257,
	104.311 35.9009,
	103.915 35.9752,
	103.816 35.9752,
	103.766 35.9752,
	103.444 35.6286,
	103.271 35.2324,
	103.147 34.8363,
	103.073 34.4401,
	102.85 33.6478,
	102.8 33.4498,
	102.8 33.2517,
	102.8 33.2022,
	"/>
</Transform>

<Transform dim="0"
 xcoef=" 0 1 0 0 0 0"
 ycoef=" 0 0 1 0 0 0">
<Contour name="TB1_NF22_RSL" hidden="false" closed="true" simplified="true" border="0.502 0.502 0" fill="0.502 0.502 0" mode="-9"
 points="32.3665 49.7946,
	32.4038 49.7666,
	32.4784 49.7573,
	32.5157 49.7573,
	32.5903 49.7853,
	32.7395 49.8879,
	32.87 50.0091,
	32.9726 50.149,
	33.0099 50.2236,
	33.0286 50.2422,
	33.0565 50.1676,
	33.0752 50.1303,
	33.1125 50.121,
	33.1498 50.1303,
	33.1871 50.1676,
	33.2524 50.3168,
	33.299 50.466,
	33.299 50.6152,
	33.299 50.6525,
	33.3363 50.7271,
	33.4575 50.867,
	33.4948 50.8949,
	33.5881 51.0441,
	33.5974 51.0814,
	33.616 51.1001,
	33.644 51.1747,
	33.6533 51.3239,
	33.6254 51.6223,
	33.5974 51.7715,
	33.5974 51.7901,
	33.5601 51.8181,
	33.4855 51.8088,
	33.4482 51.8088,
	33.3736 51.7622,
	33.327 51.6876,
	33.271 51.5384,
	33.243 51.3892,
	33.2337 51.3146,
	33.1778 51.1654,
	33.1311 51.1001,
	33.0938 51.0721,
	33.0192 51.0441,
	33.0006 51.0255,
	32.9633 51.0162,
	32.8141 50.9322,
	32.7395 50.9043,
	32.6649 50.8576,
	32.5903 50.7924,
	32.5437 50.7178,
	32.5343 50.6805,
	32.5157 50.6618,
	32.4691 50.5126,
	32.4224 50.2142,
	32.4038 50.065,
	32.3665 49.9158,
	32.3665 49.8412,
	32.3665 49.8039,
	"/>
</Transform>

<Transform dim="0"
 xcoef=" 0 1 0 0 0 0"
 ycoef=" 0 0 1 0 0 0">
<Contour name="TB0_Shell_EM" hidden="false" closed="true" simplified="true" border="0 1 0" fill="0 1 0" mode="9"
 points="17.0216 35.1701,
	17.6468 34.8576,
	17.9593 34.6231,
	18.6626 35.092,
	19.9129 36.3423,
	20.7725 37.5926,
	22.2572 40.015,
	22.6479 40.6401,
	23.1168 41.8904,
	23.5075 44.391,
	23.5075 45.0161,
	23.6638 45.6413,
	23.6638 45.9538,
	23.8982 46.579,
	23.8982 46.8134,
	23.5856 47.0478,
	22.9605 47.2823,
	22.2572 48.5325,
	21.9446 49.7828,
	22.0228 51.0331,
	22.726 53.5337,
	22.8042 53.69,
	22.4135 54.9402,
	21.7883 56.1905,
	20.7725 57.3627,
	20.1473 57.5971,
	18.897 57.7534,
	17.6468 58.066,
	17.0216 58.1441,
	16.3965 57.9878,
	16.0839 57.7534,
	15.7713 57.6752,
	14.7555 56.425,
	14.2085 55.7998,
	12.7238 53.2993,
	12.1768 50.7987,
	12.0986 49.5484,
	12.0205 48.9233,
	11.9423 48.6107,
	12.4893 47.3604,
	13.8959 44.8598,
	14.6773 43.6096,
	15.0681 43.0626,
	15.7713 40.562,
	16.1621 38.0614,
	16.3183 36.8111,
	16.7091 35.5609,
	16.9435 35.2483,
	"/>
</Transform>

<Transform dim="0"
 xcoef=" 0 1 0 0 0 0"
 ycoef=" 0 0 1 0 0 0">
<Contour name="TB1_Shell_EM" hidden="false" closed="true" simplified="true" border="0 1 1" fill="0 1 1" mode="9"
 points="21.0985 34.5391,
	21.6455 33.2888,
	21.7237 32.6636,
	22.0362 32.0385,
	22.6614 31.4134,
	22.974 31.1008,
	25.4745 30.1631,
	26.7248 29.8505,
	27.9751 29.6942,
	29.2254 29.7724,
	30.4757 30.1631,
	31.7259 30.7882,
	32.3511 31.0227,
	32.6636 31.0227,
	33.2888 31.2571,
	35.7894 32.8199,
	37.0396 33.7576,
	37.5866 34.3828,
	37.8992 34.6954,
	38.0555 35.0079,
	39.3058 35.7112,
	41.8063 36.7271,
	43.0566 37.3522,
	43.6818 37.5866,
	44.9321 37.7429,
	46.1823 38.4462,
	47.3545 39.6965,
	48.214 40.9468,
	48.9173 42.1971,
	49.4643 43.4473,
	49.6988 44.0725,
	49.855 45.3228,
	49.308 50.3239,
	47.667 55.325,
	47.12 56.5753,
	45.7135 59.0759,
	45.6353 59.3885,
	45.1665 60.0136,
	43.9162 61.2639,
	42.6659 62.2797,
	42.0408 62.5923,
	39.5402 63.1393,
	38.2899 63.3737,
	37.0396 63.2956,
	35.7894 62.9049,
	34.5391 62.1234,
	33.9139 61.9672,
	32.6636 61.342,
	31.4134 60.5606,
	30.1631 59.3885,
	28.9128 58.4507,
	28.2877 58.06,
	25.7871 55.7939,
	24.7712 54.5436,
	24.068 53.2933,
	23.9117 52.9808,
	23.7554 51.7305,
	23.6772 51.4179,
	23.8335 50.7928,
	24.1461 50.1676,
	24.3024 49.855,
	24.3805 48.6048,
	23.8335 46.1042,
	23.0521 43.6036,
	22.6614 42.3533,
	22.5051 39.8528,
	22.1925 38.6025,
	21.1767 36.1019,
	21.0985 34.8516,
	21.0985 34.6172,
	"/>
</Transform>

<Transform dim="0"
 xcoef=" 0 1 0 0 0 0"
 ycoef=" 0 0 1 0 0 0">
<Contour name="TB1_NF55_RSL" hidden="false" closed="true" simplified="true" border="0.502 0 0" fill="0.502 0 0" mode="-9"
 points="30.0027 38.36,
	30.0341 38.2765,
	30.1281 38.1093,
	30.149 38.0675,
	30.2326 38.0362,
	30.3997 38.0258,
	30.4415 38.0153,
	30.4728 37.9735,
	30.4937 37.9631,
	30.5564 38.0362,
	30.5669 37.9526,
	30.5669 37.9108,
	30.6504 37.8691,
	30.734 37.8482,
	30.7758 37.8168,
	30.7967 37.7959,
	30.8385 37.7959,
	30.922 37.8482,
	31.0892 37.9108,
	31.131 37.9317,
	31.2041 38.0049,
	31.225 38.0153,
	31.2563 38.0989,
	31.2668 38.1407,
	31.2668 38.1616,
	31.3608 38.3287,
	31.3712 38.4959,
	31.3712 38.5794,
	31.3295 38.7466,
	31.3086 38.7884,
	31.3086 38.8093,
	31.2877 38.8301,
	31.2668 38.9137,
	31.1623 39.0704,
	31.1205 39.1122,
	31.0474 39.2794,
	31.0161 39.3629,
	30.9325 39.4152,
	30.8489 39.4256,
	30.7653 39.4152,
	30.6818 39.3629,
	30.5982 39.2898,
	30.5251 39.1227,
	30.4937 39.0391,
	30.4833 39.0182,
	30.3997 39.0495,
	30.3579 39.06,
	30.2744 39.0286,
	30.2326 39.0182,
	30.149 38.9451,
	30.1072 38.9033,
	30.1072 38.8824,
	30.0759 38.8406,
	30.0027 38.5063,
	30.0027 38.4227,
	30.0027 38.3809,
	30.0027 38.3705,
	"/>
</Transform>

<Transform dim="0"
 xcoef=" 0 1 0 0 0 0"
 ycoef=" 0 0 1 0 0 0">
<Contour name="TB1_NF55_RSL" hidden="false" closed="true" simplified="true" border="0.502 0 0" fill="0.502 0 0" mode="-9"
 points="42.4242 38.9016,
	42.4548 38.8301,
	42.465 38.7893,
	42.5365 38.7076,
	42.6181 38.6974,
	42.7815 38.728,
	42.8632 38.7995,
	42.8836 38.8097,
	42.8836 38.8301,
	42.9755 38.9833,
	43.0061 39.0649,
	43.0776 39.1364,
	43.241 39.2181,
	43.3737 39.361,
	43.3839 39.4427,
	43.3635 39.5244,
	43.3533 39.5652,
	43.2818 39.6367,
	43.241 39.6571,
	43.0776 39.6571,
	42.9959 39.6265,
	42.9143 39.6163,
	42.7509 39.5448,
	42.6692 39.4836,
	42.6284 39.4427,
	42.6181 39.4019,
	42.6386 39.3202,
	42.6794 39.2794,
	42.6998 39.2385,
	42.6998 39.1977,
	42.6284 39.1364,
	42.465 39.0445,
	42.4344 39.0037,
	42.4242 38.922,
	42.4242 38.9118,
	"/>
<Contour name="TB1_NF55_RSL" hidden="false" closed="true" simplified="true" border="0.502 0 0" fill="0.502 0 0" mode="-9"
 points="39.4631 41.0764,
	39.4734 41.0355,
	39.5346 40.9641,
	39.6163 40.9334,
	39.6571 40.9334,
	39.7388 40.9845,
	39.8001 41.0458,
	39.8511 41.1274,
	39.8511 41.1683,
	39.8716 41.2091,
	39.8818 41.2295,
	39.8307 41.3112,
	39.8001 41.3929,
	39.7797 41.4337,
	39.7388 41.4644,
	39.698 41.4644,
	39.6163 41.4133,
	39.5959 41.3827,
	39.555 41.3521,
	39.504 41.2704,
	39.4734 41.1887,
	39.4631 41.107,
	39.4631 41.0866,
	"/>
</Transform>

<Transform dim="0"
 xcoef=" 0 1 0 0 0 0"
 ycoef=" 0 0 1 0 0 0">
<Contour name="TB1_NF55_RSL" hidden="false" closed="true" simplified="true" border="0.502 0 0" fill="0.502 0 0" mode="-9"
 points="37.7274 40.2596,
	37.7784 40.1779,
	37.8193 40.1472,
	37.901 40.1472,
	37.9418 40.1574,
	38.0133 40.2289,
	38.0541 40.2698,
	38.0745 40.2902,
	38.0745 40.3106,
	38.1358 40.3923,
	38.1664 40.474,
	38.1971 40.5148,
	38.2073 40.5965,
	38.1971 40.6782,
	38.146 40.7599,
	38.1052 40.7905,
	38.0235 40.8007,
	37.9418 40.7905,
	37.8703 40.7394,
	37.7988 40.6578,
	37.7478 40.4944,
	37.7274 40.4127,
	37.7274 40.331,
	37.7274 40.2902,
	37.7274 40.2698,
	"/>
</Transform>

</Section>