<?xml version="1.0"?>
<!DOCTYPE Section SYSTEM "section.dtd">

<Section index="541" thickness="0.085" alignLocked="true">
<Transform dim="0"
 xcoef=" 0 1 0 0 0 0"
 ycoef=" 0 0 1 0 0 0">
<Image mag="0.0079" contrast="1" brightness="0" red="true" green="true" blue="true"
 src="Aligned TF21541.tif" />
<Contour name="domain1" hidden="false" closed="true" simplified="false" border="1 0 1" fill="1 0 1" mode="11"
 points="0 0,
	15991 0,
	15991 12171,
	0 12171,
	"/>
</Transform>

<Transform dim="0"
 xcoef=" 0 1 0 0 0 0"
 ycoef=" 0 0 1 0 0 0">
<Contour name="TB1_AP13_EM" hidden="false" closed="true" simplified="true" border="0 0.501961 0" fill="0 0.501961 0" mode="9"
 points="38.2554 54.0849,
	38.334 54.0063,
	38.4125 53.9839,
	38.5022 54.0176,
	38.592 54.0288,
	38.6369 54.0624,
	38.7154 54.2307,
	38.7266 54.2756,
	38.7154 54.4551,
	38.7378 54.5448,
	38.7266 54.6346,
	38.693 54.6795,
	38.6705 54.7019,
	38.491 54.6907,
	38.4125 54.6121,
	38.3676 54.5224,
	38.334 54.4775,
	38.3227 54.3878,
	38.3227 54.3429,
	38.2779 54.2531,
	38.2554 54.1634,
	38.2554 54.1185,
	38.2554 54.0961,
	"/>
</Transform>

<Transform dim="0"
 xcoef=" 0 1 0 0 0 0"
 ycoef=" 0 0 1 0 0 0">
<Contour name="TB1_AP13_EM" hidden="false" closed="true" simplified="true" border="0 0.501961 0" fill="0 0.501961 0" mode="9"
 points="38.3115 52.3796,
	38.3788 52.2899,
	38.4686 52.2114,
	38.5022 52.1665,
	38.5135 52.0767,
	38.5808 51.987,
	38.6705 51.8972,
	38.951 51.5382,
	39.108 51.3588,
	39.1417 51.269,
	39.209 51.1793,
	39.2539 51.1568,
	39.3212 51.0671,
	39.3885 50.8876,
	39.4109 50.7081,
	39.4222 50.6632,
	39.4558 50.6183,
	39.4783 50.5959,
	39.568 50.5847,
	39.6465 50.4949,
	39.6578 50.45,
	39.6353 50.3603,
	39.6353 50.3154,
	39.5904 50.2818,
	39.5007 50.2593,
	39.4895 50.2145,
	39.5568 50.035,
	39.5904 49.9452,
	39.6465 49.8555,
	39.6802 49.7657,
	39.9494 49.4067,
	40.1289 49.2609,
	40.2187 49.1936,
	40.5104 48.8346,
	40.6001 48.7897,
	40.6899 48.7673,
	40.7796 48.7785,
	40.8245 48.7785,
	40.8694 48.756,
	40.9591 48.6775,
	41.1386 48.5765,
	41.1835 48.5541,
	41.2732 48.599,
	41.3405 48.6775,
	41.4303 48.6326,
	41.4527 48.6214,
	41.4976 48.6438,
	41.52 48.6551,
	41.5649 48.6326,
	41.621 48.5429,
	41.6434 48.4531,
	41.6771 48.4083,
	41.8566 48.3409,
	42.0361 48.3522,
	42.081 48.3634,
	42.1707 48.4419,
	42.2605 48.4644,
	42.44 48.5653,
	42.5297 48.599,
	42.6195 48.6102,
	42.6643 48.6214,
	42.7541 48.6775,
	42.8438 48.7112,
	42.9336 48.7673,
	43.0233 48.8009,
	43.1131 48.7785,
	43.2028 48.7785,
	43.2253 48.7673,
	43.315 48.8233,
	43.3599 48.857,
	43.4048 48.9468,
	43.416 49.0365,
	43.4048 49.0814,
	43.6067 49.4404,
	43.7077 49.6199,
	43.7974 49.6984,
	43.8311 49.7881,
	43.8423 49.8779,
	43.932 50.0574,
	43.9545 50.1471,
	43.9545 50.192,
	44.0218 50.3715,
	44.0554 50.4613,
	44.0667 50.551,
	43.9993 50.7305,
	43.9096 50.91,
	43.8872 50.9998,
	43.8647 51.0446,
	43.8984 51.1344,
	43.9433 51.168,
	44.033 51.1793,
	44.0779 51.168,
	44.2574 51.2466,
	44.3471 51.2914,
	44.392 51.3812,
	44.4144 51.4709,
	44.4257 51.5158,
	44.5154 51.5943,
	44.5603 51.6841,
	44.5715 51.7738,
	44.5042 51.9533,
	44.4593 52.0431,
	44.4257 52.4021,
	44.4369 52.5816,
	44.4481 52.6713,
	44.4257 52.7162,
	44.3359 52.7947,
	44.2798 52.8733,
	44.2462 52.963,
	44.1901 53.0528,
	44.1788 53.0752,
	44.1564 53.0303,
	44.1452 53.0191,
	44.0779 53.1089,
	43.9769 53.2884,
	43.9096 53.3781,
	43.7301 53.5127,
	43.4272 53.8717,
	43.2926 54.0512,
	43.1804 54.2307,
	43.0009 54.3766,
	42.9111 54.4326,
	42.8214 54.5112,
	42.7653 54.6009,
	42.7092 54.7804,
	42.6756 54.8702,
	42.6419 55.0497,
	42.6082 55.1394,
	42.5409 55.2292,
	42.4961 55.2516,
	42.3166 55.2404,
	42.2717 55.2628,
	42.1034 55.4423,
	42.0249 55.5321,
	41.9688 55.6218,
	41.879 55.7116,
	41.8229 55.8911,
	41.7893 55.9808,
	41.722 56.0706,
	41.6322 56.093,
	41.5425 56.0706,
	41.4527 56.093,
	41.363 56.1603,
	41.1947 56.3398,
	41.1162 56.4296,
	41.0713 56.4744,
	40.9815 56.5081,
	40.802 56.5417,
	40.6226 56.452,
	40.5552 56.3622,
	40.4879 56.1827,
	40.4431 56.093,
	40.4206 56.0481,
	40.2523 55.9247,
	40.0728 55.8574,
	40.0504 55.8462,
	40.0055 55.8686,
	39.9831 55.8686,
	39.927 55.9584,
	39.8372 55.992,
	39.6578 55.9135,
	39.4783 55.8125,
	39.31 55.633,
	39.2427 55.5433,
	39.209 55.4984,
	39.1978 55.4087,
	39.209 55.3189,
	39.1529 55.1394,
	39.1193 55.0497,
	39.0183 54.3317,
	38.9734 54.1522,
	38.9622 54.0624,
	38.8388 53.7034,
	38.8051 53.6137,
	38.7939 53.5239,
	38.7939 53.4791,
	38.6481 53.2996,
	38.6032 53.2771,
	38.5471 53.1874,
	38.4013 52.8284,
	38.3676 52.6489,
	38.3115 52.4694,
	38.3115 52.3909,
	"/>
</Transform>

<Transform dim="0"
 xcoef=" 0 1 0 0 0 0"
 ycoef=" 0 0 1 0 0 0">
<Contour name="TB0_AP04_EM" hidden="false" closed="true" simplified="true" border="0 1 0.25098" fill="0 1 0" mode="9"
 points="18.7723 59.3265,
	18.8287 59.176,
	18.8664 59.1008,
	18.998 59.0444,
	19.299 59.0067,
	19.5999 59.0444,
	19.6752 59.0632,
	19.9761 58.9315,
	20.5781 58.7434,
	20.7285 58.7058,
	20.8038 58.687,
	21.3116 58.085,
	21.5562 57.7841,
	21.7443 57.4831,
	21.8383 57.1822,
	21.97 56.8812,
	22.1393 56.2793,
	22.1957 55.9783,
	22.2898 55.6774,
	22.2898 55.6398,
	22.365 55.5645,
	22.3838 55.5457,
	22.5719 55.8467,
	22.7036 55.9783,
	22.7788 56.0536,
	23.0798 56.1852,
	23.2303 56.2981,
	23.2679 56.4298,
	23.2303 56.5803,
	23.2491 56.8812,
	23.3431 57.1822,
	23.3431 57.3327,
	23.3431 57.4079,
	23.1926 57.7088,
	23.155 57.7841,
	23.2114 57.9346,
	23.3619 58.0098,
	23.4372 58.1415,
	23.3431 58.4424,
	23.2679 58.5929,
	23.2679 58.6682,
	23.3431 58.8186,
	23.3807 58.8939,
	23.3619 58.9691,
	23.2114 59.082,
	23.1738 59.1196,
	23.155 59.2701,
	23.061 59.4206,
	22.9857 59.4958,
	22.8352 59.5146,
	22.6848 59.3829,
	22.6095 59.3453,
	22.5719 59.3265,
	22.5155 59.4017,
	22.5343 59.7027,
	22.5343 59.8532,
	22.4591 60.0037,
	22.4026 60.3046,
	22.4026 60.3799,
	22.3462 60.4551,
	22.271 60.4551,
	22.1957 60.4175,
	22.1205 60.3422,
	22.0452 60.3987,
	21.8571 60.6996,
	21.575 61.0006,
	21.4997 61.057,
	21.4621 61.0946,
	21.4621 61.1323,
	21.3116 61.1511,
	21.0107 61.0758,
	20.8602 61.0006,
	20.785 60.9442,
	20.7473 60.9253,
	20.6345 61.057,
	20.5592 61.0758,
	20.2583 60.9442,
	20.2019 60.9065,
	20.0514 61.0382,
	19.9761 61.057,
	19.9009 61.0194,
	19.7128 60.7184,
	19.6376 60.6432,
	19.4871 60.6432,
	19.4118 60.568,
	19.2237 60.267,
	19.1297 60.1165,
	19.0921 60.0789,
	19.0168 60.0601,
	18.9416 60.0789,
	18.8664 60.0037,
	18.8099 59.8532,
	18.7723 59.5522,
	18.7723 59.4017,
	18.7723 59.3453,
	"/>
</Transform>

<Transform dim="0"
 xcoef=" 0 1 0 0 0 0"
 ycoef=" 0 0 1 0 0 0">
<Contour name="TB0_AP07_EM" hidden="false" closed="true" simplified="true" border="1 0 0" fill="0 1 1" mode="9"
 points="18.3952 57.9541,
	18.4729 57.7471,
	18.4987 57.6436,
	18.5763 57.5401,
	18.7057 57.1261,
	18.7833 56.9192,
	18.7833 56.8674,
	18.9127 56.6604,
	19.2749 56.3241,
	19.4819 56.1947,
	19.5854 56.1171,
	19.7923 56.0395,
	19.87 55.936,
	19.8958 55.5221,
	19.9217 55.3151,
	20.0252 55.2375,
	20.1287 55.2116,
	20.2322 55.3151,
	20.3357 55.2892,
	20.465 55.0822,
	20.6461 54.9011,
	20.6979 54.8753,
	20.8014 54.927,
	20.9049 55.0305,
	21.1118 55.134,
	21.3188 55.2892,
	21.4223 55.3668,
	21.4741 55.4186,
	21.681 55.4444,
	21.888 55.4186,
	21.9915 55.4186,
	22.0432 55.4186,
	22.1467 55.5221,
	22.1467 55.729,
	22.0432 56.143,
	22.0174 56.557,
	21.9139 56.9709,
	21.4482 57.7988,
	21.3188 58.0058,
	20.9566 58.4198,
	20.9049 58.5233,
	20.8014 58.6267,
	20.5944 58.6785,
	20.4909 58.7302,
	20.3874 58.7302,
	19.9735 58.9631,
	19.7665 58.9631,
	19.3525 58.8855,
	19.249 58.8855,
	19.1973 58.8855,
	18.9903 59.0148,
	18.7833 59.0666,
	18.6798 59.1183,
	18.5763 59.0924,
	18.4729 58.989,
	18.4211 58.8855,
	18.3952 58.0576,
	18.3952 57.9799,
	"/>
</Transform>

<Transform dim="0"
 xcoef=" 0 1 0 0 0 0"
 ycoef=" 0 0 1 0 0 0">
<Contour name="TB0_Shell_EM" hidden="false" closed="true" simplified="true" border="0 1 0" fill="0 1 0" mode="9"
 points="7.94528 55.0507,
	7.94528 54.3769,
	7.94528 54.04,
	7.94528 53.9558,
	"/>
</Transform>

<Transform dim="0"
 xcoef=" 0 1 0 0 0 0"
 ycoef=" 0 0 1 0 0 0">
<Contour name="TB0_Nuc07_EM" hidden="false" closed="true" simplified="true" border="0.823529 0 0" fill="0 1 0" mode="9"
 points="20.0784 57.4857,
	20.2063 57.2299,
	20.2383 57.102,
	20.3342 56.9741,
	20.4621 56.9421,
	20.6219 56.6864,
	20.8138 56.1748,
	21.0056 55.919,
	21.1335 55.8551,
	21.1974 55.8551,
	21.3573 56.0789,
	21.3893 56.0469,
	21.4212 56.3027,
	21.4532 56.4306,
	21.5491 56.5585,
	21.677 56.5585,
	21.709 56.8142,
	21.5491 57.3258,
	21.3573 57.5816,
	20.8457 57.7734,
	20.59 57.9013,
	20.3342 57.9333,
	20.2063 57.9652,
	20.1424 57.9652,
	20.0784 57.9013,
	20.0784 57.6455,
	20.0784 57.5176,
	"/>
</Transform>

<Transform dim="0"
 xcoef=" 0 1 0 0 0 0"
 ycoef=" 0 0 1 0 0 0">
<Contour name="TB2_Shell_EM" hidden="false" closed="true" simplified="true" border="0.733333 1 1" fill="0 1 1" mode="9"
 points="53.7197 41.5837,
	54.1659 38.7282,
	54.1659 38.3712,
	54.6121 36.9435,
	55.8614 34.0879,
	56.1291 33.374,
	57.7353 30.5185,
	58.5384 29.0907,
	59.52 27.663,
	59.877 27.306,
	60.0554 26.9491,
	61.394 25.5213,
	63.8033 22.6658,
	65.2311 21.3273,
	66.6589 20.1672,
	69.5144 18.561,
	72.3699 17.4901,
	72.7269 17.3117,
	74.1546 17.2224,
	75.5824 17.4901,
	77.0102 17.9363,
	77.7241 18.2933,
	79.0626 19.3641,
	80.0442 20.7919,
	80.4011 21.5057,
	80.7581 22.9335,
	80.9365 24.3613,
	81.0258 25.0752,
	80.4904 30.7862,
	80.8473 36.4973,
	80.9365 42.2084,
	80.7581 45.0639,
	80.3119 47.9194,
	80.2226 49.3472,
	79.6872 52.2027,
	78.7949 55.0583,
	78.2595 56.486,
	77.4563 57.9138,
	76.2963 59.3416,
	75.7609 60.0554,
	74.4223 61.394,
	72.9946 62.4648,
	70.139 63.6249,
	68.7113 63.8926,
	67.9974 63.9818,
	67.2835 64.2495,
	64.428 64.7849,
	63.7141 64.8742,
	63.0894 64.3387,
	62.3756 64.2495,
	62.0186 64.1603,
	61.6617 63.8926,
	61.3047 63.8033,
	59.877 62.8217,
	59.1631 62.3756,
	58.5384 61.7509,
	58.1815 61.037,
	58.003 60.8586,
	57.3784 59.4308,
	57.1107 59.0739,
	55.2367 53.3628,
	54.4336 50.5072,
	53.9874 47.6517,
	53.7197 44.7962,
	53.7197 41.9406,
	53.7197 41.6729,
	"/>
</Transform>

<Transform dim="0"
 xcoef=" 0 1 0 0 0 0"
 ycoef=" 0 0 1 0 0 0">
<Contour name="TB2_AP19_EM" hidden="false" closed="true" simplified="true" border="1 0 1" fill="1 0 1" mode="9"
 points="78.8673 35.2645,
	78.9542 35.1776,
	79.07 35.2355,
	79.1858 35.3513,
	79.2727 35.583,
	79.2727 35.8146,
	79.3595 35.9304,
	79.5043 36.3647,
	79.6201 36.4805,
	79.8807 36.9437,
	79.9386 37.1754,
	79.9096 37.6386,
	79.9965 38.1018,
	80.0834 38.3335,
	80.0544 38.7967,
	80.0255 38.8546,
	79.9386 38.7678,
	79.8228 38.3045,
	79.6201 37.8413,
	79.6201 37.378,
	79.5333 37.1464,
	79.3885 36.9148,
	79.3016 36.8279,
	79.2437 36.5963,
	79.2148 36.4805,
	79.0411 36.2489,
	79.0121 36.0172,
	79.0411 35.9014,
	78.8963 35.4382,
	78.8673 35.3224,
	78.8673 35.2934,
	"/>
</Transform>

<Transform dim="0"
 xcoef=" 0 1 0 0 0 0"
 ycoef=" 0 0 1 0 0 0">
<Contour name="TB2_AP19_EM" hidden="false" closed="true" simplified="true" border="1 0 1" fill="1 0 1" mode="9"
 points="73.811 56.792,
	73.9224 56.6435,
	74.0708 56.5878,
	74.1451 56.5693,
	74.442 56.6249,
	74.739 56.6435,
	74.8875 56.6249,
	75.0359 56.5507,
	75.3329 56.4579,
	75.4814 56.3651,
	75.6298 56.2166,
	75.7041 56.1424,
	75.7412 56.1053,
	75.7597 56.031,
	76.1124 55.4371,
	76.2052 55.1402,
	76.2794 54.5463,
	76.2794 54.3978,
	76.2609 54.3236,
	76.3165 54.1751,
	76.4093 54.0266,
	76.5021 53.7297,
	76.5207 53.5812,
	76.5021 53.4327,
	76.5207 53.2842,
	76.5764 53.1358,
	76.5764 52.9873,
	76.5021 52.8388,
	76.2423 52.5604,
	76.1866 52.4119,
	76.1309 51.818,
	76.0753 51.5211,
	76.0567 51.4468,
	76.001 51.3726,
	75.8525 51.2984,
	75.7041 51.2798,
	75.6298 51.2241,
	75.6113 51.0757,
	75.6113 51.0014,
	75.7783 50.7045,
	75.9825 50.4075,
	76.2609 50.1477,
	76.3351 50.1291,
	76.4093 50.1477,
	76.4464 50.1477,
	76.5764 50.2962,
	76.762 50.5931,
	76.7991 50.7416,
	76.762 51.0385,
	76.7805 51.3355,
	76.8548 51.6324,
	76.9661 51.9294,
	77.0218 52.2263,
	77.0218 52.3748,
	77.1517 52.9687,
	77.1888 53.2657,
	77.3187 53.377,
	77.3744 53.4327,
	77.4858 54.0266,
	77.56 54.6205,
	77.4487 55.2144,
	77.3559 55.5114,
	77.1146 56.1053,
	77.0404 56.4022,
	76.929 56.6992,
	76.8733 56.8477,
	76.632 57.1446,
	76.4279 57.4416,
	75.8711 58.0355,
	75.7412 58.1654,
	75.4442 58.351,
	75.37 58.4066,
	75.073 58.4438,
	74.7761 58.3881,
	74.6276 58.3324,
	74.4791 58.2396,
	74.3307 58.1097,
	74.2564 58.054,
	74.0894 57.7571,
	73.9595 57.4601,
	73.8667 57.1632,
	73.811 56.8662,
	73.811 56.8105,
	"/>
<Contour name="TB2_AP19_EM" hidden="false" closed="true" simplified="true" border="1 0 1" fill="1 0 1" mode="9"
 points="76.8548 49.8693,
	76.9104 49.5723,
	77.0032 49.2754,
	77.0218 49.2012,
	77.0775 49.1455,
	77.2259 49.2197,
	77.4672 49.4981,
	77.5229 49.5723,
	77.5229 49.6095,
	77.7642 49.9064,
	77.8941 50.0363,
	77.9498 50.1106,
	77.9869 50.259,
	77.9498 50.8529,
	77.9498 51.1499,
	77.8384 51.7438,
	77.7827 52.0407,
	77.8013 52.3377,
	77.7827 52.3563,
	77.7085 52.2078,
	77.6899 52.1335,
	77.6343 52.0593,
	77.6343 52.0222,
	77.5971 51.9851,
	77.5415 51.8366,
	77.5415 51.7995,
	77.5043 51.7624,
	77.4858 51.6881,
	77.393 51.5396,
	77.3559 51.4654,
	77.3559 51.3912,
	77.2631 51.2427,
	77.1517 50.9457,
	77.0032 50.6488,
	77.0032 50.5746,
	76.9104 50.2776,
	76.8548 49.9806,
	76.8548 49.9064,
	76.8548 49.8879,
	"/>
</Transform>

<Transform dim="0"
 xcoef=" 0 1 0 0 0 0"
 ycoef=" 0 0 1 0 0 0">
<Contour name="TB3_Nuc13_EM" hidden="false" closed="true" simplified="true" border="1 0 1" fill="0 1 0" mode="9"
 points="107.027 45.9122,
	107.065 45.7598,
	107.255 45.455,
	107.313 45.3788,
	107.275 45.074,
	107.294 44.7692,
	107.275 44.4644,
	107.294 44.312,
	107.294 44.2357,
	107.446 43.9309,
	107.637 43.3213,
	107.884 42.7117,
	108.075 42.4069,
	108.227 42.1021,
	108.284 42.0259,
	108.303 41.9497,
	108.36 41.8735,
	108.379 41.7973,
	108.418 41.7592,
	108.418 41.7211,
	108.589 41.4162,
	108.722 41.1114,
	108.913 40.8066,
	108.989 40.6542,
	109.027 40.578,
	109.332 40.3875,
	109.484 40.2923,
	109.618 40.1398,
	109.694 40.0636,
	109.846 39.9874,
	109.999 39.9684,
	110.304 40.0255,
	110.456 40.0636,
	110.608 40.1589,
	110.647 40.2351,
	110.685 40.5399,
	110.685 40.8447,
	110.57 41.4543,
	110.551 41.6068,
	110.513 41.683,
	110.38 42.2926,
	110.342 42.445,
	110.132 42.7498,
	110.075 42.9022,
	110.018 43.207,
	109.923 43.5118,
	109.846 43.6642,
	109.694 44.2738,
	109.694 44.4263,
	109.656 44.5787,
	109.637 44.6549,
	109.561 44.712,
	109.408 44.712,
	109.37 44.712,
	109.37 44.7501,
	109.332 44.7692,
	109.294 44.7311,
	109.218 44.7501,
	109.084 44.8835,
	108.932 44.9406,
	108.741 45.2454,
	108.646 45.3978,
	108.379 45.6836,
	108.246 45.836,
	108.17 45.9884,
	108.075 46.2932,
	108.018 46.3694,
	107.979 46.4075,
	107.827 46.4456,
	107.789 46.4456,
	107.732 46.5218,
	107.675 46.6742,
	107.598 46.7314,
	107.446 46.7695,
	107.37 46.7885,
	107.217 46.7695,
	107.141 46.7314,
	107.046 46.1218,
	107.027 45.9694,
	107.027 45.9313,
	"/>
</Transform>

<Transform dim="0"
 xcoef=" 0 1 0 0 0 0"
 ycoef=" 0 0 1 0 0 0">
<Contour name="TB3_Nuc19_EM" hidden="false" closed="true" simplified="true" border="0 1 1" fill="0 1 1" mode="9"
 points="111.257 53.0374,
	111.319 52.9125,
	111.382 52.413,
	111.538 51.9135,
	111.725 50.9146,
	111.912 50.4151,
	112.068 49.4162,
	112.224 48.9167,
	112.224 48.4173,
	112.318 47.9178,
	112.412 47.7929,
	112.568 47.2935,
	112.568 47.1686,
	113.286 45.1707,
	113.442 44.6712,
	113.536 44.1718,
	113.629 43.922,
	113.66 43.7972,
	114.129 43.3289,
	114.378 43.1416,
	114.878 42.9231,
	115.128 42.8607,
	115.377 42.8607,
	115.627 42.767,
	115.877 42.5485,
	116.002 42.4861,
	116.251 42.5173,
	116.376 42.5173,
	116.626 42.6422,
	116.876 42.7046,
	117.094 42.8607,
	117.094 43.1104,
	117.219 43.2041,
	117.344 43.2041,
	117.406 43.2041,
	117.5 43.3289,
	117.562 43.5787,
	117.562 43.8284,
	117.5 44.0781,
	117.531 44.203,
	117.625 44.2966,
	117.719 44.7961,
	117.75 45.0458,
	117.75 45.1707,
	117.594 45.4205,
	117.375 45.639,
	117.282 45.7638,
	117.375 46.0136,
	117.375 46.1384,
	117.282 46.2633,
	117.032 46.4194,
	116.844 46.6379,
	116.657 47.1374,
	116.595 47.6368,
	116.595 47.8866,
	116.501 48.1363,
	116.314 48.386,
	116.22 48.4485,
	116.033 48.6982,
	116.002 48.9479,
	116.095 49.4474,
	116.095 49.6972,
	116.095 49.822,
	115.97 50.0718,
	115.939 50.1966,
	116.033 50.4464,
	116.064 50.6961,
	115.939 51.1956,
	115.939 51.258,
	116.002 51.2892,
	116.095 51.2268,
	116.189 51.1019,
	116.283 50.103,
	116.251 49.104,
	116.314 48.9792,
	116.314 48.9167,
	116.501 48.667,
	116.782 48.1675,
	116.907 48.0739,
	117.157 48.1051,
	117.125 48.23,
	117.032 48.3548,
	117.001 48.6046,
	116.969 48.7294,
	116.844 48.8543,
	116.782 48.9792,
	116.813 49.4786,
	116.782 50.4776,
	116.813 50.977,
	116.782 51.2268,
	116.72 51.3516,
	116.47 51.6014,
	116.251 51.7887,
	115.97 52.2881,
	115.565 53.2871,
	115.502 53.5368,
	115.096 54.5358,
	115.034 54.7855,
	115.003 54.9104,
	114.784 55.1601,
	114.534 55.2537,
	114.41 55.2537,
	114.16 55.4098,
	114.035 55.5035,
	113.941 55.7532,
	113.754 56.0029,
	113.504 56.2215,
	113.255 56.3463,
	113.005 56.5336,
	112.505 56.6273,
	112.256 56.5648,
	112.131 56.44,
	112.037 56.1902,
	112.037 56.1278,
	111.975 56.0654,
	111.725 56.0342,
	111.475 55.7844,
	111.382 55.5347,
	111.319 55.0352,
	111.413 54.5358,
	111.6 54.0363,
	111.725 53.5368,
	111.819 53.2871,
	111.881 53.1622,
	111.912 52.9125,
	112.131 52.413,
	112.287 51.9135,
	112.443 51.6638,
	112.661 51.4141,
	112.755 51.2892,
	112.818 51.0395,
	112.88 50.9146,
	112.942 50.4151,
	113.098 49.9157,
	113.379 49.4162,
	113.723 48.9167,
	113.723 48.7919,
	113.692 48.7294,
	113.442 48.9167,
	113.13 49.4162,
	113.036 49.6659,
	112.88 49.9157,
	112.693 50.4151,
	112.661 50.6649,
	112.568 50.9146,
	112.287 51.4141,
	112.193 51.5389,
	111.756 52.5379,
	111.569 53.0374,
	111.413 53.2871,
	111.35 53.412,
	111.288 53.412,
	111.257 53.1622,
	111.257 53.0686,
	"/>
</Transform>

<Transform dim="0"
 xcoef=" 0 1 0 0 0 0"
 ycoef=" 0 0 1 0 0 0">
<Contour name="TB3_Nuc37_EM" hidden="false" closed="true" simplified="true" border="1 0 0" fill="1 0 0" mode="9"
 points="117.652 48.1237,
	117.712 48.0049,
	117.771 47.7674,
	117.905 47.5299,
	118.008 47.4112,
	118.112 47.1737,
	118.112 47.144,
	118.142 47.1143,
	118.187 46.9956,
	118.261 46.8768,
	118.38 46.7729,
	118.498 46.6987,
	118.617 46.6542,
	118.855 46.6838,
	118.973 46.7135,
	119.211 46.8471,
	119.448 46.9213,
	119.508 46.951,
	119.567 46.9362,
	119.597 46.8768,
	119.552 46.7581,
	119.508 46.6987,
	119.508 46.669,
	119.404 46.5502,
	119.344 46.4909,
	119.226 46.4167,
	119.166 46.3573,
	119.107 46.2385,
	119.092 46.1198,
	119.077 46.0901,
	119.092 46.0307,
	119.211 45.9862,
	119.27 45.9713,
	119.389 46.001,
	119.448 46.001,
	119.567 46.0456,
	119.671 46.1346,
	119.775 46.3721,
	119.76 46.4909,
	119.805 46.6096,
	119.908 46.7284,
	119.953 46.7878,
	119.968 46.9065,
	119.968 46.9659,
	119.938 47.0253,
	119.819 47.1292,
	119.701 47.2034,
	119.641 47.2034,
	119.582 47.2331,
	119.463 47.2331,
	119.404 47.2331,
	119.344 47.2628,
	119.27 47.3667,
	119.3 47.6042,
	119.315 47.7229,
	119.33 47.7823,
	119.226 48.0198,
	119.092 48.2573,
	119.092 48.287,
	118.958 48.5245,
	118.765 48.762,
	118.602 48.9698,
	118.558 48.9995,
	118.454 49.1182,
	118.424 49.1628,
	118.305 49.2518,
	118.187 49.2964,
	118.127 49.2964,
	117.934 49.0737,
	117.86 48.9846,
	117.741 48.7471,
	117.697 48.6878,
	117.652 48.2128,
	117.652 48.1534,
	117.652 48.1385,
	"/>
<Contour name="TB3_Nuc37_EM" hidden="false" closed="true" simplified="true" border="1 0 0" fill="1 0 0" mode="9"
 points="117.296 48.9995,
	117.326 48.9401,
	117.385 48.9104,
	117.444 48.9253,
	117.845 49.3854,
	117.86 49.4448,
	117.815 49.4893,
	117.697 49.519,
	117.459 49.5042,
	117.34 49.4745,
	117.311 49.4745,
	117.296 49.4448,
	117.311 49.4151,
	117.296 49.1776,
	117.296 49.0589,
	117.296 49.0143,
	"/>
</Transform>

<Transform dim="0"
 xcoef=" 0 1 0 0 0 0"
 ycoef=" 0 0 1 0 0 0">
<Contour name="TB3_Nuc44_EM" hidden="false" closed="true" simplified="true" border="1 0 0" fill="1 0 0" mode="9"
 points="107.012 32.2805,
	107.067 32.0612,
	107.149 31.8418,
	107.177 31.7322,
	107.218 30.8549,
	107.204 30.6356,
	107.245 30.4163,
	107.286 30.3615,
	107.314 30.1421,
	107.327 30.0325,
	107.369 29.9228,
	107.437 29.8132,
	107.492 29.7583,
	107.602 29.7172,
	107.711 29.7172,
	107.766 29.7309,
	107.862 29.8269,
	107.917 29.8817,
	108.026 29.9502,
	108.136 30.0462,
	108.218 30.1284,
	108.602 30.5397,
	108.671 30.6493,
	108.739 30.8686,
	108.835 31.0879,
	108.89 31.1976,
	108.89 31.225,
	108.931 31.2798,
	109.109 31.7185,
	109.109 31.7733,
	109.137 31.8281,
	109.137 31.883,
	109.274 32.3216,
	109.329 32.5409,
	109.356 32.7602,
	109.356 32.9795,
	109.315 33.1988,
	109.246 33.4182,
	109.205 33.5278,
	109.192 33.9665,
	109.178 34.0761,
	109.164 34.1309,
	109.096 34.2406,
	108.986 34.3091,
	108.767 34.3228,
	108.328 34.268,
	108.109 34.2543,
	107.999 34.2269,
	107.889 34.1721,
	107.698 33.9665,
	107.643 33.9116,
	107.643 33.8842,
	107.478 33.6786,
	107.108 33.2537,
	107.067 33.1988,
	107.026 32.9795,
	107.012 32.5409,
	107.012 32.3216,
	107.012 32.2942,
	"/>
</Transform>

<Transform dim="0"
 xcoef=" 0 1 0 0 0 0"
 ycoef=" 0 0 1 0 0 0">
<Contour name="TB3_Nuc54_EM" hidden="false" closed="true" simplified="true" border="0 1 0" fill="0 1 0" mode="9"
 points="102.206 30.7262,
	102.33 30.5282,
	102.404 30.4291,
	102.355 30.231,
	102.256 30.033,
	102.231 29.8349,
	102.256 29.6368,
	102.355 29.4388,
	102.38 29.0426,
	102.38 28.8445,
	102.429 28.6465,
	102.429 28.4484,
	102.355 28.2503,
	102.305 28.1513,
	102.305 27.9532,
	102.305 27.9037,
	102.38 27.8046,
	102.479 27.4085,
	102.454 27.2104,
	102.355 27.1114,
	102.305 27.0123,
	102.28 26.22,
	102.28 26.022,
	102.454 25.6258,
	102.825 25.304,
	102.875 25.2544,
	103.073 25.2049,
	103.122 25.1554,
	103.221 25.1306,
	103.419 24.9821,
	103.518 24.784,
	103.568 24.5859,
	103.593 24.4869,
	103.593 24.4374,
	103.989 24.165,
	104.187 24.1155,
	104.583 24.1155,
	104.682 24.1403,
	104.781 24.2146,
	104.855 24.4126,
	105.054 24.4869,
	105.153 24.4869,
	105.351 24.5859,
	105.549 24.7593,
	105.747 24.883,
	105.871 25.0811,
	106.019 25.4773,
	106.118 25.8734,
	106.143 26.2696,
	106.093 26.4676,
	106.118 26.6657,
	106.217 26.8638,
	106.316 26.9628,
	106.366 27.0123,
	106.341 27.4085,
	106.391 27.6066,
	106.564 27.8046,
	106.688 28.0027,
	106.762 28.2008,
	106.787 28.3989,
	106.712 28.5969,
	106.589 28.795,
	106.564 28.894,
	106.589 28.9931,
	106.688 29.0921,
	106.663 29.1912,
	106.465 29.3645,
	106.366 29.4635,
	106.316 29.513,
	106.242 29.9092,
	106.242 30.1073,
	106.44 30.5034,
	106.415 30.7015,
	106.415 30.8005,
	106.242 31.1967,
	106.217 31.5928,
	106.192 31.6918,
	106.242 31.8899,
	106.242 32.088,
	106.217 32.187,
	106.118 32.2861,
	106.069 32.3851,
	106.069 32.5832,
	106.168 32.7813,
	106.242 33.1774,
	106.192 33.5735,
	106.217 33.7716,
	106.168 34.1678,
	106.118 34.3658,
	105.994 34.5639,
	105.796 34.7372,
	105.598 34.861,
	105.4 34.9353,
	105.202 34.9105,
	105.153 34.861,
	104.756 35.1334,
	104.558 35.2077,
	104.36 35.2324,
	104.261 35.2819,
	104.063 35.2572,
	103.865 35.1581,
	103.667 34.9848,
	103.568 34.8858,
	103.518 34.7868,
	103.419 34.6877,
	103.419 34.6382,
	103.32 34.5392,
	103.098 34.143,
	102.998 33.9449,
	102.998 33.7469,
	102.949 33.5488,
	102.825 33.3507,
	102.776 32.5584,
	102.776 32.4594,
	102.652 32.2613,
	102.553 32.187,
	102.528 32.1375,
	102.578 32.0385,
	102.553 31.8404,
	102.454 31.6423,
	102.33 31.2462,
	102.206 31.0481,
	102.206 30.85,
	102.206 30.751,
	"/>
</Transform>

<Transform dim="0"
 xcoef=" 0 1 0 0 0 0"
 ycoef=" 0 0 1 0 0 0">
<Contour name="TB1_NF22_RSL" hidden="false" closed="true" simplified="true" border="0.502 0.502 0" fill="0.502 0.502 0" mode="-9"
 points="34.2128 53.9255,
	34.2408 53.8882,
	34.3061 53.8602,
	34.4553 53.8696,
	34.5299 53.8975,
	34.6791 53.9908,
	34.7443 54.0561,
	34.7816 54.0934,
	34.8003 54.1213,
	34.8376 54.1586,
	34.8842 54.2332,
	34.9402 54.3824,
	34.9681 54.457,
	34.9775 54.5316,
	34.9868 54.5689,
	34.9495 54.6435,
	34.8842 54.7181,
	34.8096 54.7554,
	34.6604 54.7461,
	34.6231 54.7368,
	34.5485 54.7648,
	34.5299 54.7834,
	34.5205 54.8207,
	34.5485 54.8953,
	34.6138 54.9699,
	34.6604 55.0445,
	34.7164 55.1937,
	34.8376 55.3429,
	34.9868 55.4082,
	35.0241 55.4268,
	35.0427 55.4082,
	35.3411 55.548,
	35.6395 55.604,
	35.7887 55.6133,
	35.826 55.6226,
	35.9006 55.6693,
	35.9379 55.6972,
	35.9566 55.6972,
	36.0964 55.8185,
	36.1524 55.8931,
	36.2177 56.0423,
	36.2643 56.3407,
	36.2643 56.4898,
	36.2177 56.7882,
	36.199 56.8255,
	36.1244 56.8908,
	35.9752 56.9001,
	35.9006 56.9095,
	35.8633 56.9188,
	35.798 56.9934,
	35.7421 57.0493,
	35.5929 57.1706,
	35.5183 57.1985,
	35.4437 57.1799,
	35.2945 57.0773,
	35.1453 56.9934,
	35.0707 56.9841,
	35.0334 56.9747,
	34.9588 56.9188,
	34.8842 56.8815,
	34.8656 56.8628,
	34.8469 56.8628,
	34.7723 56.7976,
	34.6884 56.6484,
	34.6418 56.4992,
	34.4926 56.2008,
	34.4646 56.1635,
	34.4366 56.0143,
	34.4739 55.8651,
	34.5299 55.7159,
	34.5205 55.5667,
	34.4926 55.4175,
	34.4926 55.3429,
	34.4832 55.3056,
	34.4832 55.2869,
	34.4459 55.2496,
	34.3713 55.1004,
	34.362 54.9512,
	34.39 54.8021,
	34.39 54.7648,
	34.3527 54.6902,
	34.3154 54.6715,
	34.2781 54.6342,
	34.2408 54.5596,
	34.2221 54.4104,
	34.2128 54.112,
	34.2128 53.9628,
	34.2128 53.9348,
	"/>
</Transform>

<Transform dim="0"
 xcoef=" 0 1 0 0 0 0"
 ycoef=" 0 0 1 0 0 0">
<Contour name="TB0_Shell_EM" hidden="false" closed="true" simplified="true" border="0 1 0" fill="0 1 0" mode="9"
 points="12.7238 38.4521,
	14.5211 35.9516,
	15.6932 34.7013,
	18.1938 32.5133,
	20.6943 30.4816,
	20.9288 30.4816,
	21.3195 31.1067,
	21.4758 31.4193,
	21.4758 31.5756,
	21.7102 31.8882,
	21.9446 32.5133,
	22.3353 33.1384,
	22.5698 33.7636,
	22.726 34.0761,
	22.726 34.2324,
	22.9605 34.545,
	22.9605 34.7013,
	23.1168 34.8576,
	23.7419 37.3581,
	23.8982 37.9833,
	23.8982 38.2959,
	24.0545 38.6084,
	24.1326 41.109,
	23.82 46.1101,
	23.7419 47.3604,
	23.4293 48.6107,
	23.5075 51.1113,
	23.9763 53.6118,
	24.2108 54.237,
	24.2889 54.5495,
	24.4452 55.878,
	24.8359 57.1282,
	24.9922 57.4408,
	24.9922 58.066,
	24.5233 59.3162,
	24.2108 59.9414,
	23.7419 60.5665,
	23.1168 61.1135,
	22.4916 61.4261,
	21.2413 61.8168,
	20.6162 61.9731,
	19.3659 61.5042,
	18.7408 61.1917,
	18.4282 61.0354,
	17.2561 59.8632,
	16.4746 57.3627,
	15.3806 54.8621,
	14.9118 53.6118,
	14.2866 51.1113,
	13.8178 48.6107,
	13.5833 47.3604,
	13.1926 46.1101,
	12.8019 43.6096,
	12.5675 41.109,
	12.5675 39.8587,
	12.5675 39.2336,
	12.5675 38.921,
	12.7238 38.6084,
	12.7238 38.5303,
	"/>
</Transform>

<Transform dim="0"
 xcoef=" 0 1 0 0 0 0"
 ycoef=" 0 0 1 0 0 0">
<Contour name="TB1_Shell_EM" hidden="false" closed="true" simplified="true" border="0 1 1" fill="0 1 1" mode="9"
 points="22.3488 31.6478,
	22.5832 30.3975,
	22.974 29.7724,
	24.068 28.7565,
	25.1619 27.8969,
	25.7871 27.5062,
	26.4122 26.9592,
	27.0374 26.5685,
	27.5844 26.0215,
	28.8347 25.2401,
	29.4598 25.0057,
	30.7101 24.7712,
	31.9604 24.8494,
	33.2106 25.1619,
	33.8358 25.3964,
	34.4609 25.7871,
	35.4768 26.8811,
	36.1019 27.3499,
	36.4145 27.4281,
	37.6648 28.3658,
	38.2118 28.9909,
	38.6025 29.4598,
	39.3058 30.6319,
	39.6965 31.1789,
	39.9309 31.4915,
	40.0091 31.8041,
	40.8686 33.0544,
	41.0249 33.6795,
	41.1031 33.9921,
	41.2593 34.1484,
	41.2593 34.3046,
	41.6501 34.9298,
	42.4315 37.4304,
	42.6659 38.6806,
	43.0566 39.3058,
	43.2129 39.6183,
	43.5255 39.9309,
	43.9943 40.3216,
	45.2446 40.9468,
	47.7452 41.4156,
	48.9955 41.9626,
	50.0113 43.1348,
	50.2458 43.7599,
	50.6365 44.3851,
	51.0272 45.6353,
	51.2616 46.2605,
	51.3398 47.5108,
	51.1053 48.761,
	50.8709 49.3862,
	50.7928 49.6988,
	50.5583 50.0113,
	50.5583 50.1676,
	50.0895 50.7928,
	49.5425 52.043,
	49.308 52.6682,
	49.0736 52.9808,
	49.0736 53.137,
	48.3703 54.3873,
	48.3703 54.5436,
	47.667 55.7939,
	47.4326 56.1065,
	47.3545 56.419,
	47.1982 56.5753,
	47.1982 56.7316,
	46.9638 57.0442,
	46.9638 57.2005,
	46.7293 57.513,
	46.4168 58.7633,
	45.8698 60.0136,
	45.6353 60.6387,
	45.5572 60.9513,
	45.0883 61.5764,
	45.0883 61.7327,
	44.6195 62.3579,
	44.3851 62.6704,
	44.2288 62.8267,
	44.2288 62.983,
	43.0566 64.1552,
	41.8063 65.0929,
	40.5561 65.171,
	39.3058 65.0929,
	36.8052 64.5459,
	35.5549 64.077,
	35.2424 63.8426,
	34.9298 63.7644,
	32.4292 61.9672,
	31.1789 61.0294,
	30.0849 60.0917,
	27.5844 58.1382,
	26.4122 56.8879,
	25.8652 56.2627,
	25.0838 55.0906,
	24.615 53.8403,
	24.4587 52.59,
	24.3805 50.0895,
	23.7554 47.5889,
	23.6772 46.3386,
	23.7554 45.0883,
	23.7554 44.4632,
	24.1461 41.9626,
	24.4587 40.7123,
	24.5368 39.4621,
	24.3805 38.8369,
	24.068 38.6025,
	23.9898 38.4462,
	24.068 38.3681,
	23.3647 37.1178,
	23.2084 36.8052,
	23.2084 36.6489,
	22.7395 36.0238,
	22.427 35.3986,
	22.5051 34.1484,
	22.3488 32.8981,
	22.3488 31.7259,
	"/>
</Transform>

<Transform dim="0"
 xcoef=" 0 1 0 0 0 0"
 ycoef=" 0 0 1 0 0 0">
<Contour name="TB1_NF55_RSL" hidden="false" closed="true" simplified="true" border="0.502 0 0" fill="0.502 0 0" mode="-9"
 points="32.0028 31.3919,
	32.0278 31.2922,
	32.0776 31.2423,
	32.2771 31.1925,
	32.327 31.18,
	32.4267 31.0803,
	32.5264 31.0055,
	32.6262 30.993,
	32.8007 31.18,
	32.888 31.2797,
	32.9379 31.3795,
	32.9753 31.4293,
	33.0127 31.5291,
	33.0251 31.5416,
	33.0376 31.5291,
	33.1623 31.7286,
	33.1872 31.7784,
	33.1997 31.8034,
	33.3991 31.8782,
	33.4864 31.9654,
	33.5986 32.1649,
	33.6734 32.3644,
	33.7856 32.5638,
	33.8604 32.7633,
	33.8479 32.9628,
	33.7607 33.1623,
	33.5363 33.5612,
	33.4864 33.5986,
	33.2869 33.6111,
	33.0875 33.5861,
	33.0376 33.5861,
	32.9877 33.5612,
	32.9379 33.5612,
	32.7384 33.4864,
	32.701 33.4365,
	32.6885 33.0376,
	32.6885 32.9379,
	32.676 32.888,
	32.6386 32.8506,
	32.5389 32.8132,
	32.489 32.7758,
	32.3644 32.5763,
	32.302 32.4766,
	32.2646 32.3768,
	32.2522 32.1774,
	32.2522 32.0776,
	32.2148 31.9779,
	32.0776 31.7784,
	32.0278 31.6787,
	32.0028 31.4792,
	32.0028 31.4293,
	32.0028 31.4044,
	"/>
<Contour name="TB1_NF55_RSL" hidden="false" closed="true" simplified="true" border="0.502 0 0" fill="0.502 0 0" mode="-9"
 points="31.2548 36.8899,
	31.2673 36.7902,
	31.3421 36.5907,
	31.4293 36.491,
	31.5166 36.4162,
	31.5291 36.3164,
	31.5041 36.1169,
	31.4792 36.0172,
	31.4792 35.9175,
	31.5041 35.8177,
	31.5166 35.7679,
	31.5416 35.7554,
	31.554 35.7055,
	31.6288 35.6058,
	31.7161 35.531,
	31.766 35.4936,
	31.9654 35.4562,
	32.0527 35.3939,
	32.0652 35.344,
	32.0402 35.2443,
	32.0402 35.1944,
	32.0153 35.1445,
	31.9904 34.945,
	31.9654 34.8453,
	31.953 34.6458,
	32.0527 34.5835,
	32.1524 34.5461,
	32.2023 34.5586,
	32.2272 34.5586,
	32.2896 34.6458,
	32.4641 34.8328,
	32.5389 34.9326,
	32.5638 34.9575,
	32.5763 35.0074,
	32.6386 35.1071,
	32.8007 35.3066,
	32.9254 35.5061,
	32.9628 35.6058,
	32.9753 35.7055,
	32.9005 36.1045,
	32.9005 36.2042,
	32.9129 36.2541,
	32.9379 36.1543,
	32.9379 36.1045,
	32.9628 36.0546,
	32.9753 36.1543,
	32.9628 36.3538,
	32.9254 36.5533,
	32.9005 36.653,
	32.8506 36.7528,
	32.8381 36.8026,
	32.5888 37.1891,
	32.514 37.2888,
	32.4142 37.3512,
	32.3145 37.3636,
	32.2148 37.3512,
	32.1649 37.3387,
	32.115 37.3013,
	32.0652 37.3262,
	32.0153 37.3262,
	31.9156 37.3636,
	31.8657 37.3886,
	31.766 37.401,
	31.6662 37.3761,
	31.5665 37.3262,
	31.5166 37.3013,
	31.4917 37.3013,
	31.3919 37.2265,
	31.3047 37.1268,
	31.2673 37.027,
	31.2548 36.9273,
	31.2548 36.9024,
	"/>
</Transform>

<Transform dim="0"
 xcoef=" 0 1 0 0 0 0"
 ycoef=" 0 0 1 0 0 0">
<Contour name="TB1_NF55_RSL" hidden="false" closed="true" simplified="true" border="0.502 0 0" fill="0.502 0 0" mode="-9"
 points="41.883 41.2704,
	41.9136 41.1887,
	41.9136 41.1683,
	42.1281 40.8415,
	42.1791 40.7599,
	42.2097 40.719,
	42.2608 40.5557,
	42.2812 40.474,
	42.3016 40.4331,
	42.3425 40.4229,
	42.3833 40.4331,
	42.4446 40.5148,
	42.4548 40.5557,
	42.516 40.6373,
	42.516 40.6578,
	42.5365 40.6782,
	42.5875 41.0049,
	42.5875 41.1683,
	42.5773 41.25,
	42.5569 41.2908,
	42.5569 41.3112,
	42.5263 41.3521,
	42.516 41.3316,
	42.5365 41.2908,
	42.5263 41.2602,
	42.4139 41.4235,
	42.3731 41.4644,
	42.0464 41.5358,
	41.9647 41.5358,
	41.9238 41.5052,
	41.8932 41.4235,
	41.883 41.3419,
	41.883 41.301,
	41.883 41.2806,
	"/>
<Contour name="TB1_NF55_RSL" hidden="false" closed="true" simplified="true" border="0.502 0 0" fill="0.502 0 0" mode="-9"
 points="43.0878 39.4938,
	43.1287 39.3304,
	43.2001 39.167,
	43.2614 39.0854,
	43.3431 38.922,
	43.3737 38.8811,
	43.4146 38.8607,
	43.5779 38.8505,
	43.6596 38.8709,
	43.823 38.9628,
	43.9659 39.116,
	44.0272 39.1977,
	44.0578 39.2385,
	44.1089 39.4019,
	44.1191 39.4836,
	44.1395 39.5244,
	44.1701 39.6878,
	44.2314 39.8511,
	44.2518 39.892,
	44.2518 40.0553,
	44.211 40.3821,
	44.211 40.7088,
	44.211 40.8722,
	44.1905 40.9539,
	44.1191 41.0253,
	44.0884 41.107,
	44.068 41.1479,
	44.068 41.1887,
	44.017 41.3521,
	43.9659 41.6788,
	43.9353 42.0055,
	43.8842 42.0872,
	43.8026 42.077,
	43.7617 42.0566,
	43.7311 42.0157,
	43.6596 41.8524,
	43.629 41.7707,
	43.5677 41.689,
	43.486 41.6073,
	43.435 41.5256,
	43.3941 41.3623,
	43.4043 41.2806,
	43.4043 41.2397,
	43.4656 41.0764,
	43.5167 40.7496,
	43.5167 40.5863,
	43.5167 40.5659,
	43.486 40.6373,
	43.2614 39.9839,
	43.2001 39.9022,
	43.1287 39.7388,
	43.098 39.5755,
	43.0878 39.504,
	"/>
</Transform>

<Transform dim="0"
 xcoef=" 0 1 0 0 0 0"
 ycoef=" 0 0 1 0 0 0">
<Contour name="TB1_AP13_RSL_LYS" hidden="false" closed="true" simplified="true" border="0 0 0" fill="1 1 0" mode="-9"
 points="42.5138 52.9099,
	42.5254 52.8635,
	42.6067 52.7706,
	42.7926 52.7822,
	42.839 52.8054,
	42.8971 52.8983,
	42.8855 52.9913,
	42.6997 53.0842,
	42.6067 53.1306,
	42.5603 53.1539,
	42.537 53.1655,
	42.5138 53.1539,
	42.5138 52.968,
	42.5138 52.9216,
	"/>
</Transform>

</Section>