<?xml version="1.0"?>
<!DOCTYPE Section SYSTEM "section.dtd">

<Section index="24" thickness="0.085" alignLocked="true">
<Transform dim="0"
 xcoef=" 0 1 0 0 0 0"
 ycoef=" 0 0 1 0 0 0">
<Image mag="0.0079" contrast="1" brightness="0" red="true" green="true" blue="true"
 src="Aligned TF21024.tif" />
<Contour name="domain1" hidden="false" closed="true" simplified="false" border="1 0 1" fill="1 0 1" mode="11"
 points="0 0,
	15991 0,
	15991 12171,
	0 12171,
	"/>
</Transform>

<Transform dim="0"
 xcoef=" 0 1 0 0 0 0"
 ycoef=" 0 0 1 0 0 0">
<Contour name="TB1_AP19_EM" hidden="false" closed="true" simplified="true" border="1 0 0" fill="0.501961 1 0" mode="15"
 points="30.6876 44.7707,
	30.8826 44.325,
	31.1055 43.8792,
	31.1612 43.7678,
	31.2448 43.322,
	31.2866 43.0992,
	31.3005 42.9877,
	31.1612 42.7648,
	30.9523 42.6116,
	30.9105 42.5559,
	30.8965 42.5002,
	30.9105 42.4444,
	31.0219 42.3887,
	31.1334 42.4027,
	31.2448 42.4723,
	31.6627 42.8763,
	31.6906 42.9041,
	31.7463 42.9181,
	31.7741 42.9459,
	31.997 42.9599,
	32.1084 42.932,
	32.1642 42.932,
	32.2756 42.8623,
	32.3174 42.8066,
	32.3313 42.6952,
	32.3174 42.5837,
	32.206 42.5141,
	32.1502 42.4862,
	32.1084 42.4305,
	32.0806 42.4027,
	32.0806 42.3469,
	32.0806 42.3191,
	32.1084 42.2912,
	32.2199 42.3051,
	32.4428 42.4166,
	32.6656 42.5698,
	32.7214 42.5837,
	32.8328 42.542,
	32.8885 42.528,
	33.1114 42.3469,
	33.2646 42.1241,
	33.3761 42.0544,
	33.4875 42.0265,
	33.5432 41.9987,
	33.7661 41.9708,
	33.8079 41.9569,
	33.8636 41.9708,
	34.0865 41.929,
	34.1422 41.8872,
	34.2537 41.8455,
	34.6994 41.5529,
	35.1452 41.2883,
	35.173 41.2883,
	35.2845 41.2186,
	35.5073 41.135,
	35.6188 41.0932,
	35.7302 41.1072,
	35.7859 41.0932,
	35.8974 40.9957,
	35.9252 40.9818,
	35.981 40.9957,
	36.2038 41.149,
	36.2735 41.2604,
	36.3153 41.3718,
	36.3292 41.4276,
	36.3989 41.539,
	36.4685 41.7619,
	36.6635 42.2076,
	36.7471 42.4305,
	36.775 42.542,
	36.8864 42.7648,
	36.9421 42.8763,
	36.9839 43.0992,
	37.2486 43.9907,
	37.2625 44.2135,
	37.2904 44.325,
	37.4157 44.5479,
	37.4854 44.7707,
	37.4575 44.9936,
	37.4436 45.1051,
	37.4715 45.2165,
	37.4018 45.6623,
	37.36 45.8851,
	37.2625 46.108,
	37.165 46.5538,
	37.165 46.6652,
	37.1511 46.7209,
	37.1789 46.8324,
	37.1789 47.2781,
	37.1789 47.501,
	37.165 47.6124,
	37.1789 47.8353,
	37.1371 48.2811,
	37.1232 48.504,
	37.1371 48.7268,
	37.3043 49.1726,
	37.4993 49.6184,
	37.5968 49.8412,
	37.6665 50.287,
	37.6386 50.5099,
	37.6108 50.5656,
	37.4993 50.6631,
	37.4715 50.677,
	37.4436 50.7885,
	37.4436 50.8442,
	37.4018 50.9556,
	37.36 51.1785,
	37.0954 51.6103,
	37.0118 51.7218,
	36.9421 51.9446,
	36.7193 52.1536,
	36.6078 52.2511,
	36.4964 52.3208,
	36.4407 52.3486,
	36.3292 52.4461,
	36.1063 52.5715,
	35.9949 52.6133,
	35.772 52.7387,
	35.7163 52.7804,
	35.4934 52.8222,
	35.2705 52.8083,
	35.1591 52.7665,
	34.9362 52.7247,
	34.8248 52.7665,
	34.7133 52.7665,
	34.6019 52.8222,
	34.588 52.8501,
	34.6158 52.9615,
	34.6158 53.0172,
	34.6298 53.0451,
	34.588 53.1008,
	34.379 52.878,
	34.3372 52.8362,
	34.2258 52.8083,
	34.0029 52.6829,
	33.78 52.5854,
	33.5572 52.4322,
	33.5014 52.3904,
	33.4736 52.3625,
	33.4179 52.3486,
	33.3621 52.3068,
	33.1393 52.2372,
	33.0835 52.2232,
	32.9721 52.1257,
	32.9164 52.0143,
	32.8189 51.9029,
	32.6935 51.68,
	32.6239 51.4571,
	32.3035 51.0113,
	32.206 50.8999,
	32.1363 50.7885,
	31.997 50.3427,
	31.802 49.8969,
	31.6627 49.4512,
	31.607 49.2283,
	31.5791 49.0054,
	31.4677 48.5597,
	31.4398 48.3368,
	31.4398 48.2254,
	31.4259 48.1696,
	31.412 48.1418,
	31.4537 48.0303,
	31.4398 47.9189,
	31.412 47.8632,
	31.3005 47.7657,
	31.2727 47.71,
	31.2727 47.4871,
	31.2866 47.3756,
	31.2448 47.1528,
	31.1891 47.0413,
	31.1612 46.8184,
	31.1612 46.707,
	31.1612 46.6513,
	31.0916 46.5398,
	30.9383 46.0941,
	30.9244 45.9826,
	30.9105 45.9966,
	30.8408 45.7737,
	30.7572 45.3279,
	30.7572 45.1051,
	30.7015 44.8822,
	30.6876 44.7847,
	"/>
</Transform>

<Transform dim="0"
 xcoef=" 0 1 0 0 0 0"
 ycoef=" 0 0 1 0 0 0">
<Contour name="TB1_AP33_EM" hidden="false" closed="true" simplified="true" border="0 0.843137 0" fill="1 0 0" mode="9"
 points="40.476 22.6995,
	40.5476 22.5563,
	40.6192 22.4847,
	40.7624 22.1982,
	40.8519 22.055,
	40.9951 21.9297,
	41.0488 21.8581,
	41.3353 21.7328,
	41.4785 21.8223,
	41.5501 21.8044,
	41.6396 21.6612,
	41.9081 21.4285,
	42.1587 21.142,
	42.2482 20.9988,
	42.2841 20.8556,
	42.3915 20.7124,
	42.5347 20.6229,
	42.6779 20.5692,
	42.8211 20.4797,
	42.9643 20.3364,
	43.2328 19.7636,
	43.573 19.1907,
	43.6446 19.0475,
	43.8773 18.7611,
	44.0205 18.6179,
	44.0742 18.5821,
	44.1458 18.6358,
	44.1637 18.779,
	44.0563 19.0654,
	44.0205 19.137,
	44.0205 19.2802,
	44.0563 19.4235,
	44.0563 19.5667,
	44.1279 19.8531,
	44.1458 19.9963,
	44.1637 20.0679,
	44.0205 20.6408,
	43.9668 20.784,
	43.9131 20.8556,
	43.8236 21.142,
	43.7878 21.2852,
	43.8057 21.4285,
	43.8952 21.7149,
	43.931 22.0013,
	43.931 22.1445,
	43.8415 22.431,
	43.8057 22.4668,
	43.7699 22.61,
	43.7878 22.6816,
	43.9668 22.968,
	43.9489 23.1112,
	43.8952 23.2544,
	43.9489 23.5409,
	43.9489 23.6841,
	43.8773 23.9705,
	43.931 24.0421,
	43.9489 24.1137,
	43.8057 24.2569,
	43.752 24.4002,
	43.7699 24.6866,
	43.752 24.973,
	43.7878 25.5459,
	43.7878 25.8323,
	43.7341 26.1187,
	43.6446 26.4052,
	43.5909 26.5484,
	43.5014 26.6916,
	43.4298 26.7632,
	43.2328 27.336,
	43.2149 27.4077,
	43.2149 27.4435,
	43.1791 27.4793,
	43.1791 27.5151,
	42.8927 27.712,
	42.839 27.7836,
	42.7853 28.07,
	42.6779 28.3565,
	42.6421 28.4997,
	42.3199 29.0725,
	42.2482 29.2157,
	42.2303 29.359,
	42.2482 29.4306,
	42.3736 29.5201,
	42.4989 29.6633,
	42.6421 29.9497,
	42.7674 30.0929,
	42.839 30.2361,
	42.8569 30.3794,
	42.839 30.451,
	42.8927 30.7374,
	42.9106 30.809,
	42.8211 30.9522,
	42.6779 30.9701,
	42.66 30.9522,
	42.6242 30.9701,
	42.5705 30.8985,
	42.5526 30.8269,
	42.302 30.5584,
	42.2303 30.4152,
	42.1945 30.3436,
	42.0513 30.2003,
	41.8902 29.9139,
	41.6396 29.3411,
	41.5322 29.0546,
	41.4606 28.7682,
	41.4427 28.4818,
	41.3711 28.1953,
	41.3532 27.6225,
	41.2995 27.0496,
	41.3174 26.7632,
	41.3353 26.6916,
	41.2995 26.6558,
	41.2099 26.0829,
	41.0667 25.5101,
	40.9951 25.2236,
	40.9593 25.0804,
	40.9593 24.9372,
	41.0846 24.3643,
	41.1741 23.7915,
	41.192 23.5051,
	41.1741 23.3618,
	40.9235 23.0754,
	40.834 22.9322,
	40.7624 22.8606,
	40.6192 22.8248,
	40.5476 22.8069,
	40.476 22.7532,
	40.476 22.7174,
	"/>
</Transform>

<Transform dim="0"
 xcoef=" 0 1 0 0 0 0"
 ycoef=" 0 0 1 0 0 0">
<Contour name="TB1_AP05_EM" hidden="false" closed="true" simplified="true" border="0.101961 1 0.101961" fill="1 0 0" mode="9"
 points="38.8482 41.601,
	38.9781 41.3042,
	39.2656 41.0445,
	39.3676 40.8961,
	39.414 40.8219,
	39.4418 40.7848,
	39.618 39.5976,
	39.618 39.5234,
	39.6459 39.4585,
	39.7943 39.4214,
	39.8314 39.4028,
	39.9056 39.4121,
	39.9798 39.4399,
	40.1282 39.4214,
	40.2024 39.4028,
	40.2395 39.3936,
	40.3044 39.3379,
	40.3229 39.3194,
	40.3229 39.2823,
	40.2951 39.2452,
	40.2209 39.2173,
	40.0725 39.1988,
	39.9983 39.1988,
	39.9612 39.2173,
	39.887 39.2266,
	39.8499 39.2266,
	39.8128 39.2081,
	39.8128 39.1895,
	40.1096 39.0318,
	40.258 38.9484,
	40.2951 38.9298,
	40.4435 38.9947,
	40.5177 39.0318,
	40.5548 39.0504,
	40.5734 39.0597,
	40.8701 38.9205,
	41.0185 38.9391,
	41.0927 38.9484,
	41.2411 38.9298,
	41.3153 38.902,
	41.6121 38.7258,
	41.9089 38.6052,
	42.0573 38.5403,
	42.1315 38.5124,
	42.2799 38.5032,
	42.3541 38.4939,
	42.4283 38.5032,
	42.7251 38.6516,
	42.8735 38.7165,
	43.0219 38.735,
	43.0961 38.7443,
	43.2445 38.7258,
	43.3929 38.6701,
	43.5413 38.7443,
	43.6248 38.8927,
	43.6712 39.0411,
	43.699 39.1895,
	43.7268 39.4863,
	43.7732 39.6347,
	43.7918 39.7089,
	43.9402 40.0057,
	43.9958 40.1541,
	44.0143 40.2283,
	43.9772 40.3767,
	43.9865 40.5251,
	43.9958 40.5993,
	43.9958 40.6364,
	44.0607 40.7106,
	44.1071 40.7848,
	44.1535 41.3784,
	44.0422 42.5656,
	44.0051 42.8624,
	43.9865 43.0108,
	43.9031 43.3076,
	43.8752 43.6044,
	43.8752 43.6786,
	43.9309 43.827,
	43.9309 43.9754,
	43.8474 44.2722,
	43.7176 44.569,
	43.4208 45.1626,
	43.2724 45.4594,
	43.1982 45.6078,
	42.8179 46.2014,
	42.6417 46.4982,
	41.7791 47.6853,
	41.6863 47.8337,
	41.5287 48.1305,
	41.4545 48.2789,
	41.2875 48.8725,
	41.2319 49.1693,
	41.204 49.3177,
	41.1948 49.3919,
	41.1206 49.4105,
	41.0835 49.3919,
	41.0093 49.429,
	40.8609 49.4105,
	40.7867 49.3827,
	40.7681 49.3734,
	40.6939 49.429,
	40.6012 49.7258,
	40.5548 49.8,
	40.527 49.8371,
	40.4528 50.1339,
	40.4342 50.171,
	40.4806 50.3194,
	40.629 50.4215,
	40.7032 50.4771,
	40.7403 50.4957,
	40.7867 50.5698,
	40.5084 51.1634,
	40.4713 51.2376,
	40.4528 51.2747,
	40.2673 52.4619,
	40.2209 52.7587,
	40.1931 52.9071,
	40.1653 53.5007,
	40.2024 54.0943,
	40.258 54.3911,
	40.258 54.5395,
	40.2487 54.5766,
	40.2209 54.6137,
	40.1745 54.4653,
	40.1282 54.3911,
	40.1003 54.354,
	40.0632 54.3911,
	39.989 54.3355,
	39.9519 54.2984,
	39.8777 54.2705,
	39.8592 54.2613,
	39.7201 54.4004,
	39.6551 54.4746,
	39.618 54.5117,
	39.5902 54.6601,
	39.5624 54.7343,
	39.5438 54.7436,
	39.5067 54.6786,
	39.4789 54.3818,
	39.4233 54.2334,
	39.2934 54.085,
	39.2285 54.0108,
	39.1914 53.9737,
	39.0615 53.6769,
	39.0244 53.6028,
	38.9873 53.0092,
	39.0244 52.7124,
	39.0708 52.1188,
	39.1357 51.822,
	39.1914 51.6736,
	39.247 51.3768,
	39.247 51.3397,
	39.6366 50.1525,
	39.7015 49.8557,
	39.7386 49.5589,
	39.7572 49.4105,
	39.8592 49.1137,
	40.0261 48.8169,
	40.1003 48.6685,
	40.1374 48.6499,
	40.1374 48.5757,
	40.1189 48.5386,
	40.3044 47.945,
	40.3693 47.6482,
	40.4064 47.3515,
	40.425 47.2031,
	40.4342 47.1289,
	40.3879 46.5353,
	40.1745 45.9417,
	40.1467 45.8675,
	40.0632 45.7191,
	39.9612 45.4223,
	39.9148 45.3481,
	39.8963 45.311,
	39.8592 45.2739,
	39.8128 45.1255,
	39.8128 44.8287,
	39.7572 44.5319,
	39.7108 44.3835,
	39.5531 44.0867,
	39.4789 43.9383,
	39.4418 43.8641,
	39.3305 43.7157,
	39.2656 43.6415,
	39.2192 43.5673,
	39.1636 43.4189,
	39.1543 43.3818,
	39.145 43.3632,
	39.1821 43.2148,
	39.0894 42.918,
	38.9595 42.3244,
	38.9131 42.176,
	38.8575 41.8792,
	38.8482 41.7308,
	38.8482 41.6566,
	38.8482 41.6195,
	38.8482 41.6103,
	"/>
</Transform>

<Transform dim="0"
 xcoef=" 0 1 0 0 0 0"
 ycoef=" 0 0 1 0 0 0">
<Contour name="TB1_NF02_EM" hidden="false" closed="true" simplified="true" border="0 0.501961 1" fill="0 0.501961 1" mode="-9"
 points="30.8544 41.7551,
	30.916 41.7089,
	31.4087 41.9244,
	31.4703 41.9398,
	31.9629 41.7704,
	32.0861 41.7089,
	32.2093 41.6781,
	32.4556 41.5549,
	32.5788 41.4625,
	32.6712 41.3393,
	32.7943 41.2316,
	32.9175 40.9852,
	33.0715 40.7389,
	33.1946 40.4925,
	33.2254 40.431,
	33.3486 40.3232,
	33.4718 40.2616,
	33.595 40.1692,
	33.8413 40.046,
	34.0876 39.9691,
	34.5803 39.9229,
	34.8267 39.9537,
	34.9498 39.9999,
	35.073 39.9691,
	35.1346 39.9691,
	35.2578 39.9075,
	35.3194 39.8921,
	35.4425 39.9845,
	35.5349 40.1076,
	35.6581 40.1692,
	35.9044 40.2,
	35.9352 40.2462,
	35.9044 40.3694,
	36.0276 40.6157,
	36.0738 40.6773,
	36.0892 40.8005,
	35.9814 40.8929,
	35.9198 40.9236,
	35.9044 40.9082,
	35.8428 40.939,
	35.7351 41.0468,
	35.6735 41.0622,
	35.5503 41.0468,
	35.0576 41.2624,
	34.8113 41.4317,
	34.6881 41.4779,
	34.6265 41.4933,
	34.1338 41.832,
	33.8875 41.8936,
	33.7643 41.909,
	33.6411 41.8936,
	33.3948 41.9706,
	33.2716 42.0322,
	33.21 42.0476,
	32.9637 42.2323,
	32.8405 42.3401,
	32.7789 42.3709,
	32.7482 42.3709,
	32.6866 42.4171,
	32.5634 42.4325,
	32.5018 42.4171,
	32.3786 42.3247,
	32.1323 42.2631,
	31.886 42.2477,
	31.7628 42.2323,
	31.6396 42.2477,
	31.578 42.2477,
	31.5472 42.2323,
	31.4856 42.2631,
	31.4241 42.2477,
	31.3009 42.2785,
	31.1777 42.2477,
	30.9468 42.0784,
	30.8852 41.9552,
	30.8698 41.832,
	30.8544 41.7704,
	"/>
</Transform>

<Transform dim="0"
 xcoef=" 0 1 0 0 0 0"
 ycoef=" 0 0 1 0 0 0">
<Contour name="TB1_NF02_EM" hidden="false" closed="true" simplified="true" border="0 0.501961 1" fill="0 0.501961 1" mode="-9"
 points="30.4233 43.033,
	30.5311 42.9098,
	30.7774 42.7866,
	30.9006 42.7404,
	30.9622 42.7404,
	31.0853 42.802,
	31.1315 42.8636,
	31.1931 43.1099,
	31.2085 43.3563,
	31.1931 43.4794,
	31.1469 43.6026,
	31.1469 43.6642,
	31.0238 43.9105,
	30.839 44.4032,
	30.762 44.5264,
	30.7004 44.511,
	30.5619 44.2647,
	30.5311 44.1415,
	30.5157 43.8952,
	30.4695 43.6488,
	30.4541 43.4025,
	30.4233 43.2793,
	30.4233 43.0483,
	"/>
</Transform>

<Transform dim="0"
 xcoef=" 0 1 0 0 0 0"
 ycoef=" 0 0 1 0 0 0">
<Contour name="TB1_NF02_EM" hidden="false" closed="true" simplified="true" border="0 0.501961 1" fill="0 0.501961 1" mode="-9"
 points="36.4125 41.1238,
	36.4587 41.0622,
	36.5203 41.0468,
	36.5511 41.0314,
	36.6127 41.0776,
	36.628 41.0468,
	36.7512 41.1084,
	36.859 41.2162,
	37.013 41.4625,
	37.0284 41.5857,
	37.013 41.6473,
	36.9052 41.7397,
	36.8436 41.7397,
	36.782 41.6935,
	36.6588 41.7089,
	36.5973 41.7089,
	36.5357 41.6473,
	36.4741 41.5241,
	36.4587 41.4009,
	36.4587 41.3393,
	36.4125 41.2162,
	36.4125 41.1546,
	36.4125 41.1392,
	"/>
</Transform>

<Transform dim="0"
 xcoef=" 0 1 0 0 0 0"
 ycoef=" 0 0 1 0 0 0">
<Contour name="TB1_NF3_RSL" hidden="false" closed="true" simplified="true" border="1 0.501961 0.25098" fill="1 0.501961 0" mode="-9"
 points="32.8861 25.0981,
	32.9692 24.7658,
	33.0004 24.7243,
	33.0834 24.6932,
	33.125 24.6828,
	33.1665 24.7035,
	33.3326 24.7035,
	33.4988 24.7762,
	33.5715 24.8593,
	33.5611 24.9008,
	33.5196 24.932,
	33.4988 25.0151,
	33.5196 25.1812,
	33.5507 25.2643,
	33.5611 25.3058,
	33.5819 25.3266,
	33.5922 25.4096,
	33.6026 25.4512,
	33.5819 25.5343,
	33.5715 25.5758,
	33.5092 25.6485,
	33.4261 25.7108,
	33.4053 25.7419,
	33.3638 25.7627,
	33.3223 25.7627,
	33.3015 25.7731,
	33.2184 25.7212,
	33.0523 25.5654,
	33.0107 25.5239,
	32.9588 25.4408,
	32.9069 25.2747,
	32.8861 25.1085,
	"/>
</Transform>

<Transform dim="0"
 xcoef=" 0 1 0 0 0 0"
 ycoef=" 0 0 1 0 0 0">
<Contour name="TB1_NF4_RSL" hidden="false" closed="true" simplified="true" border="1 1 0.501961" fill="1 1 0.501961" mode="-9"
 points="38.3689 24.7762,
	38.4416 24.7035,
	38.5246 24.6828,
	38.5973 24.6308,
	38.6804 24.662,
	38.7635 24.7139,
	38.7946 24.7347,
	38.7842 24.7451,
	38.8569 24.8281,
	38.9088 24.9112,
	38.9712 25.0774,
	38.9815 25.1604,
	38.9088 25.2331,
	38.8881 25.2539,
	38.7219 25.2539,
	38.6389 25.2539,
	38.5973 25.2643,
	38.5143 25.2539,
	38.4727 25.2539,
	38.3896 25.1708,
	38.3689 25.0047,
	38.3689 24.8385,
	38.3689 24.797,
	38.3689 24.7866,
	"/>
</Transform>

<Transform dim="0"
 xcoef=" 0 1 0 0 0 0"
 ycoef=" 0 0 1 0 0 0">
<Contour name="TB1_NF5_RSL" hidden="false" closed="true" simplified="true" border="0.501961 1 0.501961" fill="0.501961 1 0.501961" mode="-9"
 points="38.5143 24.392,
	38.5454 24.3089,
	38.6908 24.1636,
	38.7739 24.1636,
	38.8569 24.2051,
	38.9296 24.2882,
	38.9608 24.3297,
	38.9712 24.4959,
	38.94 24.5374,
	38.8569 24.5685,
	38.8362 24.5789,
	38.8154 24.5685,
	38.7739 24.5789,
	38.6077 24.527,
	38.5662 24.5166,
	38.5246 24.4751,
	38.5143 24.4024,
	"/>
</Transform>

<Transform dim="0"
 xcoef=" 0 1 0 0 0 0"
 ycoef=" 0 0 1 0 0 0">
<Contour name="TB1_NF6_RSL" hidden="false" closed="true" simplified="true" border="1 0.501961 0.501961" fill="1 0.501961 0.501961" mode="-9"
 points="32.1978 16.1282,
	32.2173 16.0761,
	32.2173 16.0631,
	32.2303 16.0501,
	32.2629 15.9459,
	32.3084 15.8418,
	32.393 15.7442,
	32.5948 15.5619,
	32.6989 15.4708,
	32.751 15.4318,
	32.8031 15.4057,
	32.9072 15.3992,
	33.1155 15.4187,
	33.2196 15.4448,
	33.2717 15.4578,
	33.3758 15.4643,
	33.48 15.4578,
	33.532 15.4513,
	33.6362 15.4187,
	33.7403 15.4253,
	33.7924 15.4253,
	33.8249 15.4773,
	33.8184 15.5815,
	33.8054 15.6335,
	33.7598 15.6856,
	33.7533 15.6986,
	33.7273 15.7051,
	33.6231 15.8027,
	33.5385 15.9069,
	33.5125 15.9329,
	33.4214 16.0045,
	33.3693 16.0501,
	33.3433 16.0761,
	33.2391 16.1152,
	33.1871 16.1412,
	32.9853 16.3104,
	32.9332 16.343,
	32.9072 16.356,
	32.8616 16.4015,
	32.8356 16.4211,
	32.7835 16.4341,
	32.6794 16.4341,
	32.6273 16.4276,
	32.5753 16.408,
	32.5492 16.4015,
	32.4972 16.3625,
	32.4581 16.3104,
	32.4386 16.2844,
	32.4126 16.2714,
	32.3605 16.2649,
	32.3084 16.2779,
	32.2564 16.2649,
	32.2108 16.2193,
	32.1978 16.2063,
	32.1978 16.1542,
	32.1978 16.1347,
	"/>
</Transform>

<Transform dim="0"
 xcoef=" 0 1 0 0 0 0"
 ycoef=" 0 0 1 0 0 0">
<Contour name="TB1_NF7_RSL" hidden="false" closed="true" simplified="true" border="1 0.501961 0" fill="1 0.501961 0" mode="-9"
 points="46.5148 8.65003,
	46.5427 8.61282,
	46.552 8.59422,
	46.7008 8.54771,
	46.7752 8.55701,
	46.8218 8.63142,
	46.8404 8.70583,
	46.8404 8.74304,
	46.8218 8.76164,
	46.8125 8.75234,
	46.7473 8.81745,
	46.6729 8.84535,
	46.5985 8.84535,
	46.5799 8.84535,
	46.552 8.80814,
	46.5148 8.65933,
	"/>
</Transform>

<Transform dim="0"
 xcoef=" 0 1 0 0 0 0"
 ycoef=" 0 0 1 0 0 0">
<Contour name="TB1_NF7_RSL" hidden="false" closed="true" simplified="true" border="1 0.501961 0" fill="1 0.501961 0" mode="-9"
 points="46.0219 11.5799,
	46.0684 11.4311,
	46.087 11.3566,
	46.1056 11.3194,
	46.1242 11.1706,
	46.2079 11.0218,
	46.2451 11.0032,
	46.3939 11.0125,
	46.4125 11.0125,
	46.4776 11.0869,
	46.5706 11.2357,
	46.6078 11.3101,
	46.6078 11.3845,
	46.5613 11.5334,
	46.552 11.6822,
	46.5613 11.831,
	46.552 11.9798,
	46.5241 12.0542,
	46.4869 12.0728,
	46.4125 12.0728,
	46.3381 12.0449,
	46.3009 12.017,
	46.273 11.9426,
	46.2637 11.9054,
	46.2358 11.8682,
	46.2172 11.8589,
	46.2265 11.8961,
	46.2172 11.9147,
	46.1986 11.9054,
	46.1893 11.8682,
	46.1149 11.8031,
	46.0591 11.738,
	46.0312 11.6636,
	46.0219 11.5892,
	"/>
<Contour name="TB1_NF7_RSL" hidden="false" closed="true" simplified="true" border="1 0.501961 0" fill="1 0.501961 0" mode="-9"
 points="37.9299 12.1007,
	37.9485 12.0263,
	37.9764 11.9891,
	38.0043 11.9147,
	38.0508 11.8403,
	38.0694 11.8031,
	38.1438 11.7473,
	38.2182 11.7194,
	38.5159 11.6822,
	38.8135 11.6171,
	38.9623 11.5706,
	39.26 11.552,
	39.3344 11.5613,
	39.353 11.5613,
	39.3902 11.5985,
	39.4088 11.6171,
	39.4367 11.7659,
	39.4553 12.0635,
	39.4274 12.2123,
	39.446 12.231,
	39.4088 12.2682,
	39.4088 12.2868,
	39.2879 12.4356,
	39.2134 12.4914,
	39.139 12.5658,
	39.1018 12.5937,
	38.953 12.6309,
	38.9158 12.6495,
	38.8786 12.6495,
	38.8414 12.6774,
	38.6926 12.6867,
	38.5438 12.6495,
	38.4694 12.6309,
	38.4322 12.6309,
	38.2833 12.5751,
	38.2089 12.5472,
	38.1438 12.5007,
	38.0043 12.3612,
	37.9578 12.2868,
	37.9299 12.2123,
	37.9299 12.1379,
	37.9299 12.11,
	"/>
</Transform>

<Transform dim="0"
 xcoef=" 0 1 0 0 0 0"
 ycoef=" 0 0 1 0 0 0">
<Contour name="TB1_NF7_RSL" hidden="false" closed="true" simplified="true" border="1 0.501961 0" fill="1 0.501961 0" mode="-9"
 points="36.5161 11.7287,
	36.5533 11.7008,
	36.6277 11.6822,
	36.7766 11.6915,
	36.851 11.7566,
	36.9719 11.9054,
	36.9905 11.9426,
	36.9812 12.017,
	36.9068 12.0077,
	36.8324 11.9798,
	36.7952 11.9612,
	36.7766 11.9705,
	36.758 11.9519,
	36.6091 11.8961,
	36.5347 11.8496,
	36.5161 11.7752,
	36.5161 11.738,
	"/>
</Transform>

<Transform dim="0"
 xcoef=" 0 1 0 0 0 0"
 ycoef=" 0 0 1 0 0 0">
<Contour name="TB1_NF8_RSL" hidden="false" closed="true" simplified="true" border="0 0 0.627451" fill="0 0 0.627451" mode="-9"
 points="46.9369 8.72311,
	46.9609 8.67515,
	46.9789 8.65117,
	47.0748 8.59721,
	47.1708 8.57923,
	47.2667 8.6092,
	47.2847 8.63318,
	47.2907 8.68115,
	47.2787 8.72911,
	47.2727 8.75309,
	47.2847 8.74709,
	47.2907 8.77107,
	47.2607 8.81904,
	47.2187 8.861,
	47.1708 8.87899,
	47.0748 8.88498,
	47.0269 8.88498,
	47.0029 8.88498,
	46.9549 8.84901,
	46.9369 8.75309,
	46.9369 8.72911,
	"/>
</Transform>

<Transform dim="0"
 xcoef=" 0 1 0 0 0 0"
 ycoef=" 0 0 1 0 0 0">
<Contour name="TB1_NF9_RSL" hidden="false" closed="true" simplified="true" border="0.501961 0.501961 0" fill="0.501961 0.501961 0" mode="-9"
 points="37.4229 32.1301,
	37.4395 31.9974,
	37.4312 31.931,
	37.4395 31.8647,
	37.4727 31.7983,
	37.5972 31.6905,
	37.6303 31.6739,
	37.6469 31.6739,
	37.705 31.6241,
	37.7382 31.6075,
	37.7963 31.5411,
	37.8958 31.4333,
	37.9456 31.3835,
	38.07 31.2674,
	38.1115 31.201,
	38.153 31.0683,
	38.2111 30.8028,
	38.2359 30.7364,
	38.2857 30.6701,
	38.3023 30.6369,
	38.3355 30.612,
	38.3521 30.5954,
	38.4185 30.5705,
	38.5512 30.5539,
	38.6839 30.612,
	38.7503 30.6369,
	38.8581 30.7447,
	38.9162 30.8111,
	38.9328 30.8277,
	38.9411 30.894,
	38.883 31.1595,
	38.8581 31.425,
	38.8581 31.5577,
	38.8996 32.0887,
	38.8747 32.2214,
	38.8664 32.2546,
	38.8581 32.2712,
	38.8664 32.2795,
	38.8747 32.2712,
	38.883 32.2878,
	38.742 32.5449,
	38.7337 32.5117,
	38.742 32.4952,
	38.6093 32.5781,
	38.5429 32.6279,
	38.5097 32.6611,
	38.4848 32.6777,
	38.3604 32.8021,
	38.3272 32.8353,
	38.294 32.8519,
	38.2774 32.8685,
	38.1447 32.91,
	38.0783 32.9348,
	37.9456 32.9265,
	37.8792 32.9183,
	37.7465 32.8685,
	37.7133 32.8353,
	37.6718 32.7689,
	37.6469 32.7026,
	37.622 32.6694,
	37.5142 32.4039,
	37.4893 32.3707,
	37.4395 32.238,
	37.4229 32.1716,
	37.4229 32.1384,
	"/>
</Transform>

<Transform dim="0"
 xcoef=" 0 1 0 0 0 0"
 ycoef=" 0 0 1 0 0 0">
<Contour name="TB1_NF12_RSL" hidden="false" closed="true" simplified="true" border="1 1 0.501961" fill="1 1 0.501961" mode="-9"
 points="37.0833 11.2582,
	37.0917 11.1912,
	37.1587 11.0572,
	37.2509 10.9315,
	37.3765 10.6635,
	37.4519 10.5294,
	37.5692 10.4289,
	37.7032 10.3703,
	37.7702 10.3451,
	37.8372 10.3368,
	37.9043 10.3451,
	37.9378 10.3535,
	37.9545 10.3703,
	37.9713 10.3703,
	38.0383 10.4122,
	38.1053 10.4708,
	38.1388 10.5043,
	38.1723 10.5713,
	38.1891 10.5881,
	38.1974 10.6216,
	38.2226 10.6551,
	38.2477 10.7891,
	38.2393 10.8561,
	38.1974 10.9901,
	38.1974 11.0069,
	38.2142 11.0153,
	38.1891 11.0823,
	38.1472 11.1409,
	38.1388 11.1744,
	38.1137 11.2079,
	38.1137 11.2247,
	38.0969 11.2414,
	38.0885 11.2749,
	37.9964 11.409,
	37.9378 11.476,
	37.8875 11.5262,
	37.8205 11.5765,
	37.6865 11.6351,
	37.5524 11.677,
	37.4184 11.7022,
	37.3514 11.7022,
	37.3346 11.7105,
	37.3011 11.7022,
	37.2341 11.6519,
	37.1336 11.5262,
	37.1085 11.4592,
	37.0917 11.3252,
	37.0833 11.2666,
	"/>
</Transform>

<Transform dim="0"
 xcoef=" 0 1 0 0 0 0"
 ycoef=" 0 0 1 0 0 0">
<Contour name="TB1_NF13_RSL" hidden="false" closed="true" simplified="true" border="0.25098 0 0.501961" fill="0.25098 0 0.501961" mode="-9"
 points="31.0579 61.1155,
	31.0857 61.0043,
	31.1204 60.9488,
	31.176 60.9071,
	31.2316 60.8793,
	31.3427 60.8724,
	31.3983 60.8724,
	31.5094 60.914,
	31.6136 60.9974,
	31.7039 61.1085,
	31.7942 61.2058,
	31.9054 61.2961,
	31.9957 61.4072,
	32.0443 61.5184,
	32.0582 61.574,
	32.1763 61.7962,
	32.2249 61.9074,
	32.2457 61.963,
	32.2527 62.0185,
	32.2596 62.0463,
	32.2666 62.0602,
	32.218 62.1714,
	32.1485 62.2825,
	32.0999 62.3381,
	32.0443 62.3728,
	31.9887 62.3936,
	31.9332 62.4006,
	31.822 62.3589,
	31.5997 62.2269,
	31.3844 62.0533,
	31.2732 61.9491,
	31.2524 61.9213,
	31.2385 61.9074,
	31.2177 61.8518,
	31.1968 61.7407,
	31.1065 61.5184,
	31.0718 61.2961,
	31.0648 61.1849,
	31.0579 61.1294,
	31.0579 61.1224,
	"/>
</Transform>

<Transform dim="0"
 xcoef=" 0 1 0 0 0 0"
 ycoef=" 0 0 1 0 0 0">
<Contour name="TB1_NF13_RSL" hidden="false" closed="true" simplified="true" border="0.25098 0 0.501961" fill="0.25098 0 0.501961" mode="-9"
 points="39.3868 55.4541,
	39.4423 55.2318,
	39.5188 54.7872,
	39.6091 54.5649,
	39.6646 54.4538,
	39.6924 54.3982,
	39.741 54.3426,
	39.7897 54.3079,
	39.9008 54.2801,
	39.9564 54.2801,
	40.012 54.294,
	40.1231 54.3774,
	40.2204 54.4816,
	40.2898 54.5858,
	40.3732 54.808,
	40.4079 54.9192,
	40.4565 55.0303,
	40.4913 55.1415,
	40.5052 55.197,
	40.5329 55.2526,
	40.5468 55.3082,
	40.7552 55.7528,
	40.7691 55.8083,
	40.8178 55.9195,
	40.8733 56.1418,
	40.8872 56.1973,
	40.8455 56.3085,
	40.8386 56.5308,
	40.8316 56.6419,
	40.8108 56.7531,
	40.8108 56.767,
	40.7969 56.7809,
	40.7483 56.892,
	40.6788 57.0031,
	40.5955 57.1143,
	40.4913 57.2185,
	40.4426 57.2741,
	40.3801 57.3852,
	40.3454 57.4408,
	40.3315 57.4686,
	40.2204 57.5172,
	40.1092 57.5172,
	39.9981 57.4825,
	39.9494 57.4338,
	39.8869 57.3227,
	39.8452 57.2115,
	39.8313 57.1976,
	39.7897 57.0865,
	39.6646 56.8642,
	39.5604 56.6419,
	39.4562 56.1973,
	39.4076 55.9751,
	39.3937 55.8639,
	39.3868 55.6416,
	39.3868 55.5305,
	39.3868 55.4749,
	39.3868 55.461,
	"/>
</Transform>

<Transform dim="0"
 xcoef=" 0 1 0 0 0 0"
 ycoef=" 0 0 1 0 0 0">
<Contour name="TB1_AP40_atM07_RSL" hidden="false" closed="true" simplified="true" border="1 0 0" fill="1 0 0" mode="-9"
 points="37.5125 26.1357,
	37.6096 25.6179,
	37.739 25.537,
	37.998 25.4884,
	38.1274 25.4884,
	38.1598 25.4884,
	38.2083 25.6179,
	38.2407 26.1357,
	38.2407 26.1681,
	38.2892 26.2005,
	38.2569 26.2166,
	38.1921 26.1843,
	38.2892 26.7021,
	38.3054 26.8316,
	38.3216 26.8963,
	38.2407 27.0096,
	37.9818 27.0258,
	37.8523 26.9934,
	37.7228 26.8963,
	37.6419 26.7669,
	37.6096 26.7021,
	37.5934 26.5727,
	37.5125 26.3137,
	37.5125 26.1843,
	37.5125 26.1519,
	"/>
</Transform>

<Transform dim="0"
 xcoef=" 0 1 0 0 0 0"
 ycoef=" 0 0 1 0 0 0">
<Contour name="TB1_NF18_RSL" hidden="false" closed="true" simplified="true" border="1 0.501961 0.25098" fill="1 0.501961 0.25098" mode="-9"
 points="38.5702 27.9035,
	38.6047 27.8115,
	38.6507 27.7655,
	38.7428 27.7194,
	38.9269 27.7079,
	39.0189 27.7194,
	39.065 27.7194,
	39.111 27.7425,
	39.134 27.7425,
	39.2261 27.823,
	39.2951 27.9151,
	39.3296 28.0071,
	39.3411 28.0992,
	39.3872 28.1797,
	39.3987 28.3638,
	39.3756 28.3753,
	39.3411 28.4674,
	39.3411 28.4904,
	39.2836 28.5824,
	39.1915 28.663,
	39.0074 28.663,
	38.9614 28.663,
	38.7773 28.5134,
	38.7083 28.4213,
	38.6277 28.2372,
	38.5932 28.1452,
	38.5702 27.9611,
	38.5702 27.9151,
	"/>
</Transform>

<Transform dim="0"
 xcoef=" 0 1 0 0 0 0"
 ycoef=" 0 0 1 0 0 0">
<Contour name="TB1_NF19_RSL" hidden="false" closed="true" simplified="true" border="0.501961 0.501961 1" fill="0.501961 0.501961 1" mode="-9"
 points="38.2021 25.6199,
	38.2688 25.4422,
	38.2799 25.3978,
	38.3687 25.3089,
	38.5464 25.2534,
	38.7241 25.2312,
	38.7685 25.2312,
	38.9462 25.3089,
	39.035 25.3311,
	39.0794 25.3644,
	39.2349 25.7198,
	39.2571 25.8975,
	39.2793 25.9863,
	39.3571 26.0752,
	39.4681 26.2529,
	39.5125 26.3417,
	39.5348 26.3639,
	39.5125 26.3861,
	39.4903 26.3639,
	39.4903 26.4528,
	39.457 26.6304,
	39.4237 26.7193,
	39.4126 26.8081,
	39.3349 26.9858,
	39.2571 27.0413,
	39.2127 27.0746,
	39.1905 27.0746,
	39.1017 27.1302,
	39.0128 27.1635,
	38.924 27.1746,
	38.7463 27.1413,
	38.6574 27.108,
	38.6352 27.0858,
	38.4575 27.008,
	38.3687 26.9303,
	38.3243 26.8414,
	38.291 26.6638,
	38.2354 26.4861,
	38.2132 26.3972,
	38.2021 26.2195,
	38.2132 25.8642,
	38.2021 25.6865,
	38.2021 25.6421,
	38.2021 25.631,
	"/>
</Transform>

<Transform dim="0"
 xcoef=" 0 1 0 0 0 0"
 ycoef=" 0 0 1 0 0 0">
<Contour name="TB1_NF23_RSL" hidden="false" closed="true" simplified="true" border="0.501961 0 1" fill="0.501961 0 1" mode="-9"
 points="30.7656 35.9997,
	30.7968 35.9374,
	31.046 35.7349,
	31.1395 35.6258,
	31.2797 35.3766,
	31.4822 35.1429,
	31.5289 35.0962,
	31.6536 35.0806,
	31.7159 35.0806,
	31.7782 35.1273,
	31.8561 35.2364,
	31.9651 35.361,
	31.9963 35.3922,
	31.9963 35.5168,
	31.9807 35.5791,
	31.9807 35.6103,
	32.043 35.5635,
	32.0586 35.5947,
	31.9807 35.7193,
	31.934 35.7504,
	31.7314 35.9841,
	31.4822 36.1555,
	31.3576 36.2489,
	31.2953 36.2957,
	31.1707 36.3112,
	31.046 36.2801,
	30.9214 36.2022,
	30.8591 36.1866,
	30.7968 36.1399,
	30.7656 36.0776,
	30.7656 36.0153,
	"/>
</Transform>

<Transform dim="0"
 xcoef=" 0 1 0 0 0 0"
 ycoef=" 0 0 1 0 0 0">
<Contour name="TB1_NF24_RSL" hidden="false" closed="true" simplified="true" border="1 0.501961 1" fill="1 0.501961 1" mode="-9"
 points="39.4727 59.4226,
	39.493 59.3413,
	39.5032 59.3006,
	39.549 59.2192,
	39.61 59.1429,
	39.7473 58.9904,
	39.7778 58.9599,
	39.8185 58.9243,
	39.8287 58.9243,
	39.849 58.909,
	39.8897 58.8938,
	39.91 58.8938,
	39.9304 58.8836,
	40.0931 58.8632,
	40.1338 58.8582,
	40.1541 58.8582,
	40.1745 58.848,
	40.2558 58.848,
	40.2965 58.848,
	40.3372 58.8683,
	40.3677 58.909,
	40.3982 58.9904,
	40.4135 59.0717,
	40.4033 59.1531,
	40.3932 59.1938,
	40.3932 59.2141,
	40.3728 59.2548,
	40.3525 59.2752,
	40.327 59.3158,
	40.3067 59.3362,
	40.2762 59.4175,
	40.266 59.4277,
	40.2609 59.4481,
	40.2304 59.4887,
	40.1897 59.5142,
	40.027 59.565,
	39.9456 59.5905,
	39.8643 59.6057,
	39.8236 59.6159,
	39.6609 59.6159,
	39.6202 59.6108,
	39.5795 59.5955,
	39.5388 59.5701,
	39.4981 59.5294,
	39.4829 59.5091,
	39.4727 59.4684,
	39.4727 59.4277,
	"/>
</Transform>

<Transform dim="0"
 xcoef=" 0 1 0 0 0 0"
 ycoef=" 0 0 1 0 0 0">
<Contour name="TB1_NF27_RSL" hidden="false" closed="true" simplified="true" border="0 0 1" fill="0 0 1" mode="-9"
 points="31.3818 66.2872,
	31.4186 66.1892,
	31.4308 66.1401,
	31.4615 66.0911,
	31.4798 66.0666,
	31.5044 66.0544,
	31.5411 66.0115,
	31.5656 65.9992,
	31.5901 65.9747,
	31.6024 65.9624,
	31.6147 65.9624,
	31.6576 65.9195,
	31.7066 65.8889,
	31.7556 65.846,
	31.8046 65.8154,
	31.9027 65.7847,
	32.0007 65.8031,
	32.0191 65.8521,
	32.0314 65.8705,
	32.0375 65.8644,
	32.0436 65.8766,
	32.013 65.9747,
	31.9578 66.0727,
	31.9394 66.1218,
	31.9272 66.134,
	31.9088 66.183,
	31.8965 66.1953,
	31.8965 66.2076,
	31.8843 66.2198,
	31.8782 66.2443,
	31.8475 66.2933,
	31.8291 66.3179,
	31.6392 66.4465,
	31.5901 66.4649,
	31.4921 66.4711,
	31.4798 66.4711,
	31.4369 66.4404,
	31.4124 66.422,
	31.3879 66.373,
	31.3818 66.324,
	31.3818 66.2995,
	31.3818 66.2933,
	"/>
</Transform>

<Transform dim="0"
 xcoef=" 0 1 0 0 0 0"
 ycoef=" 0 0 1 0 0 0">
<Contour name="TB1_NF28_RSL" hidden="false" closed="true" simplified="true" border="1 0.502 0.502" fill="1 0.502 0.502" mode="-9"
 points="34.4739 66.3873,
	34.4902 66.3437,
	34.5283 66.3001,
	34.5719 66.2729,
	34.6155 66.2565,
	34.7027 66.2565,
	34.877 66.2837,
	34.9206 66.2946,
	34.9642 66.3219,
	34.9969 66.3655,
	35.0132 66.409,
	35.0241 66.4308,
	35.0187 66.518,
	34.9914 66.6052,
	34.9533 66.6488,
	34.9097 66.6705,
	34.8879 66.6814,
	34.8007 66.6869,
	34.7626 66.6923,
	34.7681 66.7141,
	34.7626 66.7196,
	34.5883 66.6488,
	34.5447 66.627,
	34.5066 66.5834,
	34.4739 66.4962,
	34.4739 66.409,
	34.4739 66.3927,
	"/>
</Transform>

<Transform dim="0"
 xcoef=" 0 1 0 0 0 0"
 ycoef=" 0 0 1 0 0 0">
<Contour name="TB1_NF29_RSL" hidden="false" closed="true" simplified="true" border="1 0 1" fill="1 0 1" mode="-9"
 points="31.3663 63.4193,
	31.3867 63.3649,
	31.4207 63.3105,
	31.5227 63.2357,
	31.5771 63.2085,
	31.6247 63.1677,
	31.6927 63.0657,
	31.7335 63.0113,
	31.781 62.9773,
	31.8898 62.9569,
	31.9986 62.9773,
	32.053 62.9909,
	32.0802 63.0045,
	32.1346 63.0113,
	32.223 63.0997,
	32.2638 63.1541,
	32.2842 63.2085,
	32.2842 63.2629,
	32.2978 63.2765,
	32.2502 63.3241,
	32.223 63.3513,
	32.1958 63.3989,
	32.1006 63.5077,
	32.0462 63.5621,
	31.9374 63.6097,
	31.8286 63.6233,
	31.7199 63.6165,
	31.6655 63.6165,
	31.5567 63.5893,
	31.5023 63.5825,
	31.4479 63.5621,
	31.4207 63.5553,
	31.3731 63.5077,
	31.3663 63.4533,
	31.3663 63.4261,
	"/>
</Transform>

<Transform dim="0"
 xcoef=" 0 1 0 0 0 0"
 ycoef=" 0 0 1 0 0 0">
<Contour name="TB1_NF41_RSL" hidden="false" closed="true" simplified="true" border="1 0.501961 0.752941" fill="1 0.501961 0.752941" mode="-9"
 points="31.5639 24.7719,
	31.5913 24.6623,
	31.5981 24.6075,
	31.6255 24.5528,
	31.6324 24.5254,
	31.7214 24.4227,
	31.8241 24.3337,
	31.8446 24.3063,
	31.8652 24.2515,
	31.8789 24.2241,
	31.8789 24.2104,
	31.9336 24.1762,
	31.9884 24.1762,
	32.0432 24.1899,
	32.098 24.2241,
	32.1596 24.3337,
	32.2349 24.4364,
	32.454 24.5322,
	32.4814 24.5528,
	32.5088 24.5596,
	32.5636 24.6007,
	32.6389 24.6965,
	32.6526 24.7513,
	32.6799 24.8061,
	32.8169 25.2443,
	32.8785 25.4634,
	32.8854 25.6825,
	32.8511 25.9016,
	32.8374 26.0111,
	32.8374 26.0385,
	32.7895 26.1481,
	32.7553 26.2028,
	32.7279 26.2302,
	32.6526 26.3398,
	32.5636 26.4425,
	32.5088 26.4767,
	32.4882 26.5041,
	32.4677 26.5178,
	32.4335 26.5726,
	32.4129 26.6,
	32.3992 26.6137,
	32.3992 26.6273,
	32.2554 26.8464,
	32.2144 26.9012,
	32.1596 26.9355,
	32.05 26.9491,
	32.0227 26.9423,
	31.9953 26.9149,
	31.9679 26.8601,
	31.9268 26.641,
	31.8652 26.4219,
	31.8309 26.3124,
	31.783 26.2028,
	31.7077 26.0933,
	31.6666 26.0385,
	31.6118 25.929,
	31.5913 25.8194,
	31.605 25.6003,
	31.6118 25.4908,
	31.5708 25.0526,
	31.5639 24.8335,
	31.5639 24.7787,
	"/>
</Transform>

<Transform dim="0"
 xcoef=" 0 1 0 0 0 0"
 ycoef=" 0 0 1 0 0 0">
<Contour name="TB1_NF26_RSL" hidden="false" closed="true" simplified="true" border="0.25098 0 0.501961" fill="0.25098 0 0.501961" mode="-9"
 points="31.0027 28.769,
	31.0563 28.4831,
	31.1367 28.1972,
	31.1545 28.0543,
	31.1903 27.9113,
	31.2081 27.8756,
	31.2796 27.822,
	31.5655 27.7416,
	31.7085 27.6969,
	31.78 27.6701,
	31.8425 27.6076,
	31.914 27.5807,
	31.9854 27.5807,
	32.0033 27.5807,
	32.0391 27.6165,
	32.0748 27.688,
	32.1016 27.9739,
	32.0927 28.1168,
	32.0748 28.1883,
	32.0569 28.224,
	32.048 28.2419,
	32.0569 28.2508,
	32.0659 28.2419,
	32.0748 28.2508,
	31.9497 28.3849,
	31.905 28.4563,
	31.771 28.5903,
	31.6995 28.6618,
	31.6013 28.7958,
	31.5387 28.9388,
	31.503 29.0103,
	31.4941 29.1532,
	31.503 29.2247,
	31.6013 29.3676,
	31.7174 29.5106,
	31.7353 29.5463,
	31.7263 29.6893,
	31.6995 29.8322,
	31.6817 30.1181,
	31.6638 30.2611,
	31.637 30.3326,
	31.6191 30.3415,
	31.5477 30.2968,
	31.4315 30.1628,
	31.3779 30.0913,
	31.3422 30.0199,
	31.3154 29.9841,
	31.2081 29.6982,
	31.1456 29.5553,
	31.1099 29.4838,
	31.0741 29.3408,
	31.0563 29.3051,
	31.0027 29.0192,
	31.0027 28.8762,
	31.0027 28.8048,
	31.0027 28.778,
	"/>
</Transform>

<Transform dim="0"
 xcoef=" 0 1 0 0 0 0"
 ycoef=" 0 0 1 0 0 0">
<Contour name="TB1_NF45_RSL" hidden="false" closed="true" simplified="true" border="0.501961 0 1" fill="0.501961 0 1" mode="-9"
 points="38.52 40.5569,
	38.5285 40.5233,
	38.5663 40.4559,
	38.579 40.4391,
	38.5958 40.4307,
	38.6168 40.4054,
	38.68 40.3507,
	38.7136 40.3339,
	38.781 40.3297,
	38.8146 40.3339,
	38.8483 40.3465,
	38.8651 40.3549,
	38.9283 40.4138,
	38.9409 40.4307,
	38.9493 40.4391,
	38.9493 40.4475,
	38.9619 40.4643,
	38.9745 40.498,
	38.9872 40.6327,
	38.9914 40.6664,
	38.9914 40.6832,
	39.0124 40.6537,
	39.0166 40.6495,
	39.0208 40.6579,
	38.9577 40.7926,
	38.9451 40.8094,
	38.9451 40.8179,
	38.9198 40.8515,
	38.8567 40.8894,
	38.7894 40.8978,
	38.7557 40.8936,
	38.6884 40.8641,
	38.6252 40.801,
	38.5958 40.7674,
	38.5747 40.7337,
	38.5453 40.7,
	38.5242 40.6327,
	38.52 40.5653,
	38.52 40.5611,
	"/>
</Transform>

<Transform dim="0"
 xcoef=" 0 1 0 0 0 0"
 ycoef=" 0 0 1 0 0 0">
<Contour name="TB1_NF47_RSL" hidden="false" closed="true" simplified="true" border="1 0 0.502" fill="1 0 0.502" mode="-9"
 points="28.7896 45.3329,
	28.94 44.9891,
	29.0044 44.9032,
	29.0474 44.871,
	29.1334 44.8602,
	29.2193 44.871,
	29.3052 44.9032,
	29.3804 44.9891,
	29.4234 45.0321,
	29.4986 45.0858,
	29.5308 45.0643,
	29.6383 45.2362,
	29.692 45.4081,
	29.7027 45.494,
	29.7779 45.6659,
	29.8101 45.7518,
	29.8209 45.8378,
	29.8101 45.9237,
	29.7779 45.9667,
	29.4341 45.9989,
	29.3482 45.9882,
	29.2623 45.9559,
	29.2193 45.9452,
	29.1978 45.9237,
	29.1119 45.9022,
	29.0689 45.8807,
	29.0474 45.8807,
	28.9615 45.8055,
	28.8433 45.6444,
	28.8111 45.5585,
	28.7896 45.3866,
	28.7896 45.3436,
	"/>
</Transform>

<Transform dim="0"
 xcoef=" 0 1 0 0 0 0"
 ycoef=" 0 0 1 0 0 0">
<Contour name="TB1_NF46_RSL" hidden="false" closed="true" simplified="true" border="0 0 0.501961" fill="0 0.25098 0.25098" mode="-9"
 points="40.359 49.8831,
	40.3896 49.7608,
	40.4507 49.6385,
	40.5425 49.5162,
	40.6648 49.4092,
	40.9094 49.2716,
	41.0317 49.2563,
	41.154 49.2869,
	41.2151 49.3022,
	41.2457 49.3022,
	41.368 49.4092,
	41.475 49.6538,
	41.4903 49.715,
	41.5056 49.7455,
	41.5514 49.7608,
	41.4291 49.822,
	41.3374 50.0666,
	41.2151 50.3112,
	41.154 50.4335,
	41.0469 50.5099,
	40.9246 50.5252,
	40.68 50.4488,
	40.5577 50.3723,
	40.4507 50.2653,
	40.4202 50.2347,
	40.3743 50.1124,
	40.359 49.9901,
	40.359 49.929,
	40.359 49.8984,
	"/>
<Contour name="TB1_NF46_RSL" hidden="false" closed="true" simplified="true" border="0 0 0.501961" fill="0 0.25098 0.25098" mode="-9"
 points="43.6764 38.2646,
	43.7681 37.7754,
	43.7987 37.6531,
	43.814 37.4085,
	43.8446 37.2862,
	43.8598 37.2251,
	43.9516 37.1181,
	44.0739 37.0416,
	44.1962 37.0263,
	44.2573 37.0416,
	44.349 37.1639,
	44.4866 37.6531,
	44.6548 38.1423,
	44.7007 38.2493,
	44.7312 38.2188,
	44.7465 38.2493,
	44.6701 38.4939,
	44.6242 38.7385,
	44.6089 38.9831,
	44.5936 39.1054,
	44.5172 39.35,
	44.4713 39.5946,
	44.4255 39.7169,
	44.3643 39.7475,
	44.242 39.7322,
	44.1197 39.6252,
	43.9516 39.3806,
	43.8446 39.136,
	43.7681 38.8914,
	43.6917 38.4022,
	43.6764 38.2799,
	"/>
</Transform>

<Transform dim="0"
 xcoef=" 0 1 0 0 0 0"
 ycoef=" 0 0 1 0 0 0">
<Contour name="TB1_NF46_RSL" hidden="false" closed="true" simplified="true" border="0 0 0.501961" fill="0 0.25098 0.25098" mode="-9"
 points="37.5535 49.6782,
	37.8436 49.4268,
	37.921 49.4268,
	37.9983 49.5042,
	38.037 49.6589,
	38.0176 49.8136,
	37.921 49.9489,
	37.8436 49.9683,
	37.7663 49.9489,
	37.6889 49.8909,
	37.6309 49.7362,
	37.6116 49.6782,
	37.5729 49.7169,
	37.5535 49.6975,
	"/>
</Transform>

<Transform dim="0"
 xcoef=" 0 1 0 0 0 0"
 ycoef=" 0 0 1 0 0 0">
<Contour name="TB1_NF48_RSL" hidden="false" closed="true" simplified="true" border="0.501961 0.25098 0" fill="0.501961 0.25098 0" mode="-9"
 points="30.6199 36.9618,
	30.645 36.8616,
	30.6512 36.8366,
	30.67 36.8115,
	30.6763 36.7865,
	30.7138 36.7427,
	30.7639 36.7239,
	30.7764 36.7239,
	30.8265 36.6863,
	30.8954 36.5862,
	30.9517 36.486,
	30.9956 36.4359,
	31.0456 36.4109,
	31.0957 36.4109,
	31.1959 36.4484,
	31.2209 36.4547,
	31.4213 36.4359,
	31.4714 36.4296,
	31.4964 36.4234,
	31.5214 36.4296,
	31.6216 36.4922,
	31.703 36.5799,
	31.7406 36.63,
	31.7656 36.6801,
	31.7781 36.6926,
	31.8032 36.7927,
	31.8094 36.8428,
	31.8219 36.8679,
	31.8219 36.968,
	31.8219 37.0181,
	31.8407 37.1183,
	31.7906 37.3186,
	31.7719 37.3687,
	31.703 37.4689,
	31.6091 37.5628,
	31.5966 37.5753,
	31.584 37.5753,
	31.5715 37.5878,
	31.4714 37.6191,
	31.3712 37.6254,
	31.271 37.6191,
	31.0707 37.5753,
	30.8703 37.519,
	30.8203 37.4814,
	30.7827 37.4313,
	30.6825 37.3311,
	30.6512 37.2811,
	30.6199 37.0807,
	30.6199 36.9806,
	30.6199 36.968,
	"/>
</Transform>

<Transform dim="0"
 xcoef=" 0 1 0 0 0 0"
 ycoef=" 0 0 1 0 0 0">
<Contour name="TB1_NF26_RSL" hidden="false" closed="true" simplified="true" border="0.25098 0 0.501961" fill="0.25098 0 0.501961" mode="-9"
 points="30.8739 14.4916,
	30.8915 14.3976,
	30.8915 14.3037,
	30.9208 14.2097,
	30.9972 14.0218,
	31.0383 13.9279,
	31.0618 13.8809,
	31.097 13.8339,
	31.1029 13.8104,
	31.1205 13.787,
	31.1205 13.7752,
	31.1498 13.7282,
	31.1557 13.7047,
	31.1968 13.6695,
	31.3847 13.6519,
	31.4786 13.6519,
	31.5726 13.6695,
	31.6665 13.7106,
	31.69 13.7165,
	31.7018 13.7282,
	31.7487 13.7459,
	31.7957 13.7752,
	31.8897 13.8515,
	31.9484 13.9455,
	31.9601 13.9572,
	31.9601 13.969,
	31.9895 14.016,
	32.0247 14.1099,
	32.1128 14.2978,
	32.1363 14.3917,
	32.1598 14.4387,
	32.2185 14.6266,
	32.2596 14.8145,
	32.2596 14.8615,
	32.2596 14.885,
	32.242 14.932,
	32.2126 14.9789,
	32.1774 15.0729,
	32.1656 15.1199,
	32.1598 15.1433,
	32.1422 15.1668,
	32.1245 15.2138,
	32.0834 15.2608,
	32.0541 15.3077,
	32.013 15.4017,
	32.0012 15.4252,
	31.9543 15.4663,
	31.9073 15.478,
	31.8133 15.478,
	31.6254 15.4252,
	31.5315 15.3958,
	31.4845 15.3665,
	31.4375 15.3254,
	31.4141 15.3254,
	31.3201 15.2901,
	31.2731 15.2666,
	31.2496 15.2549,
	31.2379 15.2549,
	31.144 15.1844,
	31.097 15.1551,
	31.0618 15.1081,
	31.0383 15.0611,
	30.9737 14.9672,
	30.9326 14.8732,
	30.9208 14.8497,
	30.9208 14.8028,
	30.8856 14.6149,
	30.8739 14.5679,
	30.8739 14.5209,
	30.8739 14.4974,
	"/>
</Transform>

<Transform dim="0"
 xcoef=" 0 1 0 0 0 0"
 ycoef=" 0 0 1 0 0 0">
<Contour name="TB1_AP63_RSL" hidden="false" closed="true" simplified="true" border="0.502 1 0.502" fill="0.502 1 0.502" mode="9"
 points="31.5684 19.8541,
	31.6813 19.6534,
	31.7314 19.5531,
	31.744 19.4528,
	31.7064 19.2521,
	31.606 19.0514,
	31.5809 19.0012,
	31.5809 18.9009,
	31.6436 18.7002,
	31.6562 18.4996,
	31.6311 18.0982,
	31.6687 17.6969,
	31.6938 17.4962,
	31.6938 17.2955,
	31.7314 17.0948,
	31.7691 16.9945,
	31.907 16.7938,
	31.9948 16.7186,
	32.045 16.706,
	32.1328 16.6057,
	32.1704 16.5555,
	32.208 16.4552,
	32.3084 16.3925,
	32.4087 16.3674,
	32.4589 16.3674,
	32.4965 16.4176,
	32.5216 16.6182,
	32.5467 16.7186,
	32.5467 16.8189,
	32.5341 16.8691,
	32.3962 17.0698,
	32.3209 17.2704,
	32.2958 17.3206,
	32.2708 17.3457,
	32.2331 17.446,
	32.1955 17.6467,
	32.1955 17.6969,
	32.183 17.7219,
	32.1579 17.6843,
	32.1453 18.487,
	32.1453 18.8884,
	32.1704 19.2897,
	32.2331 19.6911,
	32.2708 19.8917,
	32.2833 20.2931,
	32.2708 20.6944,
	32.2582 20.8951,
	32.2206 20.9327,
	32.1202 20.9202,
	32.0701 20.87,
	32.045 20.7697,
	32.0701 20.569,
	32.0575 20.4687,
	32.0199 20.3683,
	31.9321 20.2805,
	31.907 20.2554,
	31.8569 20.2554,
	31.7565 20.2178,
	31.7064 20.2053,
	31.6186 20.13,
	31.5935 20.1049,
	31.5684 20.0046,
	31.5684 19.9043,
	31.5684 19.8666,
	"/>
</Transform>

<Transform dim="0"
 xcoef=" 0 1 0 0 0 0"
 ycoef=" 0 0 1 0 0 0">
<Contour name="TB1_NF52_RSL" hidden="false" closed="true" simplified="true" border="0.501961 0 0" fill="0.501961 0 0" mode="-9"
 points="32.6283 22.0906,
	32.6505 22.0313,
	32.6876 21.972,
	32.7172 21.9424,
	32.8358 21.9424,
	32.8951 21.9498,
	32.9544 21.9795,
	33.0655 22.0758,
	33.0878 22.1351,
	33.0878 22.1944,
	33.0507 22.3055,
	32.9914 22.3426,
	32.9321 22.3574,
	32.8136 22.3352,
	32.7839 22.3203,
	32.7691 22.3203,
	32.7098 22.2833,
	32.6505 22.2314,
	32.6283 22.1721,
	32.6283 22.1128,
	32.6283 22.098,
	"/>
</Transform>

<Transform dim="0"
 xcoef=" 0 1 0 0 0 0"
 ycoef=" 0 0 1 0 0 0">
<Contour name="TB1_AP64_RSL" hidden="false" closed="true" simplified="true" border="1 1 0" fill="1 1 0" mode="9"
 points="28.3671 22.7236,
	28.4253 22.4576,
	28.5001 22.1917,
	28.5416 22.0587,
	28.5998 21.7927,
	28.6746 21.5267,
	28.6996 21.4603,
	28.8076 20.9283,
	28.8824 20.6624,
	28.9073 20.5294,
	28.9323 20.4629,
	29.0403 19.9309,
	29.0819 19.665,
	29.0985 19.399,
	29.1318 19.133,
	29.1816 18.8671,
	29.1899 18.8006,
	29.2149 18.7341,
	29.2149 18.7008,
	29.2398 18.6343,
	29.2647 18.5014,
	29.3063 18.3684,
	29.3312 18.3019,
	29.3894 18.252,
	29.406 18.252,
	29.4227 18.2354,
	29.4393 18.1689,
	29.5972 17.9029,
	29.672 17.77,
	29.9213 17.238,
	30.1374 16.7061,
	30.2621 16.4401,
	30.312 16.3071,
	30.3868 16.1741,
	30.4283 16.1077,
	30.686 15.8417,
	30.7442 15.7752,
	30.819 15.6422,
	30.8605 15.5757,
	30.9769 15.4427,
	31.0434 15.4012,
	31.1099 15.3762,
	31.6418 15.4261,
	31.9078 15.4427,
	32.1738 15.4012,
	32.3067 15.3679,
	32.3732 15.3513,
	32.4397 15.3762,
	32.7057 15.3181,
	32.9717 15.3014,
	33.1046 15.3098,
	33.2376 15.3347,
	33.3706 15.343,
	33.4371 15.3513,
	33.5036 15.343,
	33.5701 15.3181,
	33.6366 15.2765,
	33.6948 15.21,
	33.7197 15.1435,
	33.9774 14.8776,
	34.1103 14.7778,
	34.3763 14.6199,
	34.6423 14.437,
	34.7088 14.3955,
	34.8417 14.3539,
	34.9082 14.3373,
	34.9747 14.3456,
	34.9747 14.3789,
	34.9415 14.4121,
	34.6755 14.57,
	34.4095 14.7612,
	34.2766 14.8776,
	34.2101 14.9108,
	34.0771 15.0022,
	34.0438 15.0272,
	34.0106 15.0355,
	33.8776 15.1269,
	33.8194 15.1851,
	33.7779 15.2516,
	33.728 15.3846,
	33.6781 15.4427,
	33.6449 15.4511,
	33.3789 15.4261,
	33.113 15.4261,
	32.98 15.4344,
	32.9135 15.4344,
	32.7805 15.4677,
	32.6475 15.5342,
	32.5228 15.6588,
	32.3899 15.7503,
	32.3566 15.7669,
	32.34 15.7669,
	32.2652 15.8999,
	32.207 16.0329,
	32.1821 16.1658,
	32.1987 16.2323,
	32.2486 16.2988,
	32.2652 16.3653,
	32.2569 16.3986,
	32.2402 16.4069,
	32.2236 16.3986,
	32.0906 16.4651,
	32.0242 16.5149,
	31.9909 16.5315,
	31.9577 16.5232,
	31.9078 16.4651,
	31.8829 16.3986,
	31.8912 16.3321,
	31.9493 16.1991,
	31.9743 16.1326,
	31.9826 16.0993,
	31.9909 16.0827,
	31.9743 16.0495,
	31.9078 16.0245,
	31.8413 16.0245,
	31.7748 16.0495,
	31.7416 16.0661,
	31.6086 16.1825,
	31.5504 16.2406,
	31.4756 16.3736,
	31.4257 16.4401,
	31.4091 16.4734,
	31.1681 16.7393,
	31.1016 16.8058,
	31.06 16.8723,
	31.0102 17.0053,
	30.9603 17.2713,
	30.9353 17.3378,
	30.927 17.4042,
	30.9104 17.4375,
	30.8772 17.7035,
	30.8522 17.8364,
	30.8605 17.9029,
	30.8855 17.9362,
	31.0185 17.9944,
	31.1514 18.0359,
	31.2179 18.0609,
	31.2512 18.0692,
	31.2844 18.0941,
	31.3177 18.1606,
	31.3177 18.2271,
	31.3177 18.2603,
	31.2844 18.3268,
	31.2179 18.385,
	31.085 18.3933,
	31.0185 18.4099,
	30.9852 18.4764,
	30.9353 18.5429,
	30.9021 18.5762,
	30.8356 18.7092,
	30.8107 18.7756,
	30.8024 18.9086,
	30.8356 19.1746,
	30.8772 19.2993,
	30.8772 19.3325,
	30.9021 19.399,
	30.9187 19.532,
	30.9104 19.665,
	30.8938 19.7315,
	30.819 19.8644,
	30.7109 20.1304,
	30.6278 20.3964,
	30.578 20.5294,
	30.5364 20.5959,
	30.2954 20.8618,
	30.1707 20.9948,
	30.0959 21.1278,
	30.0626 21.1943,
	30.0211 21.4603,
	29.9629 21.7262,
	29.8798 21.9922,
	29.7884 22.1252,
	29.7385 22.1917,
	29.6055 22.4576,
	29.3811 22.9896,
	29.1733 23.5215,
	29.0985 23.6545,
	29.0071 23.7875,
	28.9489 23.854,
	28.8159 23.962,
	28.7993 23.9703,
	28.7328 23.9371,
	28.5084 23.6711,
	28.4502 23.6046,
	28.4003 23.4716,
	28.3754 23.3386,
	28.3671 22.8067,
	28.3671 22.7402,
	28.3671 22.7319,
	"/>
</Transform>

<Transform dim="0"
 xcoef=" 0 1 0 0 0 0"
 ycoef=" 0 0 1 0 0 0">
<Contour name="TB1_AP64_RSL" hidden="false" closed="true" simplified="true" border="1 1 0" fill="1 1 0" mode="9"
 points="32.1738 14.221,
	32.2319 14.1628,
	32.2984 14.1212,
	32.3649 14.0963,
	32.6309 14.1046,
	32.6974 14.1046,
	32.7639 14.0797,
	32.8221 14.0298,
	32.955 14.0215,
	33.088 14.063,
	33.1545 14.088,
	33.2626 14.1877,
	33.2958 14.196,
	33.5535 14.3539,
	33.6781 14.4287,
	33.728 14.5617,
	33.728 14.6282,
	33.6948 14.7612,
	33.6449 14.8942,
	33.62 14.9607,
	33.6033 14.9773,
	33.6033 14.9939,
	33.5535 15.0604,
	33.5368 15.0937,
	33.5036 15.1186,
	33.4953 15.1103,
	33.4288 15.1435,
	33.2958 15.1518,
	33.1628 15.1934,
	33.0963 15.2017,
	32.9633 15.2516,
	32.8969 15.2682,
	32.7639 15.3264,
	32.6974 15.3513,
	32.5644 15.3679,
	32.4314 15.3596,
	32.3649 15.343,
	32.2984 15.3014,
	32.2735 15.2682,
	32.2402 15.1352,
	32.2486 15.0022,
	32.2735 14.8692,
	32.2901 14.8028,
	32.2901 14.6698,
	32.2735 14.5368,
	32.2652 14.5035,
	32.2652 14.4869,
	32.2486 14.4703,
	32.2402 14.437,
	32.1987 14.3706,
	32.1904 14.3373,
	32.1738 14.3207,
	32.1738 14.2542,
	32.1738 14.2293,
	"/>
</Transform>

<Transform dim="0"
 xcoef=" 0 1 0 0 0 0"
 ycoef=" 0 0 1 0 0 0">
<Contour name="TB1_AP64_RSL" hidden="false" closed="true" simplified="true" border="1 1 0" fill="1 1 0" mode="9"
 points="28.0564 48.4781,
	28.1449 47.8486,
	28.2531 47.2192,
	28.2826 46.9045,
	28.3318 46.5897,
	28.4006 46.275,
	28.4498 45.9603,
	28.4793 45.8029,
	28.5088 45.4882,
	28.5187 45.3309,
	28.5482 45.1735,
	28.558 45.0948,
	28.794 44.4654,
	28.8531 44.308,
	28.8924 43.9933,
	28.9121 43.9146,
	28.9121 43.5999,
	28.9317 43.2852,
	29.0006 42.9705,
	29.0104 42.8918,
	29.0399 42.8131,
	29.0891 42.7344,
	29.2465 42.6852,
	29.3251 42.6656,
	29.4038 42.6656,
	29.4825 42.6459,
	29.6399 42.6459,
	29.7185 42.6459,
	29.7972 42.6656,
	29.8366 42.6656,
	29.9939 42.7639,
	30.1414 42.9213,
	30.23 43.0786,
	30.3283 43.3934,
	30.3775 43.5507,
	30.407 43.6294,
	30.4168 43.9441,
	30.6037 44.5736,
	30.5938 44.8883,
	30.643 45.5177,
	30.6234 45.6751,
	30.643 45.98,
	30.6234 46.1275,
	30.6529 46.4422,
	30.7217 46.7569,
	30.7512 46.9143,
	30.7709 46.993,
	30.8004 47.3077,
	30.8594 47.6224,
	30.8889 47.9371,
	30.9184 48.0945,
	31.0463 48.4092,
	31.0758 48.4879,
	31.0954 48.5272,
	31.0954 48.5469,
	31.1151 48.5666,
	31.1446 48.6453,
	31.1938 48.7239,
	31.243 49.0485,
	31.2823 49.2059,
	31.4102 49.5206,
	31.5773 50.15,
	31.597 50.2287,
	31.597 50.3861,
	31.5577 50.7008,
	31.538 50.7795,
	31.5675 50.8581,
	31.5675 51.1729,
	31.597 51.3302,
	31.6167 51.6449,
	31.7052 51.9597,
	31.7544 52.117,
	31.8134 52.4317,
	31.8527 52.5891,
	31.8626 52.6678,
	31.9216 52.8251,
	31.9511 52.9038,
	31.9511 52.9432,
	32.0593 53.2579,
	32.1379 53.5726,
	32.1379 53.6513,
	32.1576 53.73,
	32.1576 54.0447,
	32.1183 54.6741,
	32.1183 54.9888,
	32.1478 55.1462,
	32.1478 55.1855,
	32.256 55.5003,
	32.2855 56.1297,
	32.3641 56.2871,
	32.4428 56.3657,
	32.5117 56.5231,
	32.5313 56.6018,
	32.4822 56.7591,
	32.4232 56.8378,
	32.3445 56.8673,
	32.3051 56.8772,
	32.1478 56.828,
	32.0691 56.8181,
	31.9117 56.9067,
	31.8331 56.9755,
	31.6757 57.064,
	31.5183 57.1329,
	31.4397 57.1722,
	31.361 57.2411,
	31.3413 57.3197,
	31.361 57.6345,
	31.3216 57.7918,
	31.2233 57.9492,
	31.0954 58.1065,
	31.0659 58.1459,
	31.0659 58.1655,
	30.9971 58.2442,
	30.9479 58.3229,
	30.9184 58.4016,
	30.8889 58.5589,
	30.8594 58.6376,
	30.6135 58.9523,
	30.6037 58.913,
	30.6529 58.7556,
	30.6824 58.5983,
	30.6922 58.2836,
	30.7119 58.1262,
	30.7119 58.0475,
	30.8004 57.7328,
	30.8496 57.5754,
	30.8692 57.4181,
	30.8692 57.3394,
	30.8692 57.3001,
	30.8004 57.1427,
	30.7905 57.1034,
	30.584 56.7886,
	30.4857 56.6313,
	30.3578 56.4739,
	29.7775 55.8445,
	29.7087 55.7658,
	29.6202 55.6084,
	29.4825 55.2937,
	29.4038 55.1364,
	29.3055 54.8216,
	29.0694 54.1922,
	28.9711 53.8775,
	28.8924 53.5628,
	28.8531 53.4054,
	28.7252 53.0907,
	28.6662 52.9333,
	28.4892 51.6744,
	28.4203 51.3597,
	28.3908 51.045,
	28.4105 50.8876,
	28.4597 50.809,
	28.4793 50.7795,
	28.4203 50.7008,
	28.3711 50.5434,
	28.3416 50.3861,
	28.322 50.0713,
	28.322 49.914,
	28.2826 49.5993,
	28.2629 49.2845,
	28.2236 49.1272,
	28.0958 48.8125,
	28.0662 48.6551,
	28.0564 48.4977,
	28.0564 48.4879,
	"/>
</Transform>

<Transform dim="0"
 xcoef=" 0 1 0 0 0 0"
 ycoef=" 0 0 1 0 0 0">
<Contour name="TB1_AP66_RSL" hidden="false" closed="true" simplified="true" border="0.501961 0 0" fill="0.501961 0 0" mode="9"
 points="35.3497 12.5557,
	35.3697 12.4755,
	35.3798 12.4654,
	35.3848 12.4454,
	35.45 12.3651,
	35.4801 12.325,
	35.4901 12.3099,
	35.5604 12.2447,
	35.6005 12.2046,
	35.6707 12.1394,
	35.6958 12.1043,
	35.7108 12.0842,
	35.7108 12.0742,
	35.7209 12.0692,
	35.7259 12.0491,
	35.761 12.009,
	35.8363 11.9638,
	35.9165 11.9488,
	35.9366 11.9437,
	35.9566 11.9839,
	35.9617 12.024,
	35.9316 12.1845,
	35.9165 12.2648,
	35.9115 12.3049,
	35.9015 12.325,
	35.8964 12.3651,
	35.8664 12.4454,
	35.8613 12.4855,
	35.8613 12.5056,
	35.8664 12.5106,
	35.8312 12.5908,
	35.7861 12.6711,
	35.746 12.7062,
	35.7058 12.7163,
	35.6256 12.7614,
	35.5453 12.7664,
	35.465 12.7413,
	35.445 12.7363,
	35.4099 12.7062,
	35.3898 12.6862,
	35.3798 12.6761,
	35.3798 12.6661,
	35.3697 12.6611,
	35.3497 12.5808,
	35.3497 12.5607,
	"/>
</Transform>

<Transform dim="0"
 xcoef=" 0 1 0 0 0 0"
 ycoef=" 0 0 1 0 0 0">
<Contour name="TB1_AP49_EM" hidden="false" closed="true" simplified="true" border="0 1 1" fill="0 1 0" mode="9"
 points="32.8119 13.5592,
	32.8626 13.4579,
	32.9006 13.3566,
	33.0779 13.1539,
	33.1222 13.1096,
	33.1729 13.0842,
	33.2616 12.9829,
	33.3059 12.9386,
	33.4072 12.8752,
	33.4579 12.8562,
	33.5086 12.8499,
	33.5592 12.8626,
	33.7619 13.0652,
	33.7872 13.0842,
	33.8885 13.1096,
	33.9139 13.1159,
	34.0152 13.1032,
	34.0659 13.0842,
	34.0785 13.0779,
	34.0279 12.8752,
	34.0025 12.7739,
	33.9962 12.6726,
	34.0089 12.5713,
	34.0152 12.5206,
	34.0342 12.4699,
	34.0532 12.4446,
	34.0469 12.3433,
	34.0469 12.2926,
	34.0469 12.2673,
	34.1165 12.1659,
	34.1545 12.1153,
	34.2495 12.0329,
	34.3002 11.9949,
	34.4015 11.9633,
	34.5029 11.9443,
	34.7055 11.9633,
	34.8069 11.9759,
	34.8575 11.9823,
	34.9082 12.0013,
	35.0032 12.0836,
	35.0475 12.1343,
	35.0475 12.1469,
	35.0665 12.1723,
	35.0982 12.3749,
	35.1172 12.4763,
	35.1298 12.5269,
	35.1995 12.6283,
	35.2818 12.7296,
	35.3262 12.7739,
	35.3515 12.7929,
	35.4528 12.7992,
	35.6555 12.7612,
	35.7062 12.7296,
	35.7948 12.6283,
	35.8645 12.5269,
	35.8961 12.4763,
	35.9658 12.2736,
	36.0101 12.1723,
	36.0925 12.0709,
	36.1431 12.0203,
	36.1558 12.0266,
	36.1495 12.1279,
	36.1305 12.2293,
	36.0671 12.4319,
	35.9911 12.6346,
	35.9785 12.6599,
	35.9785 12.6726,
	35.9595 12.6979,
	35.9405 12.7486,
	35.9088 12.7992,
	35.8265 13.0019,
	35.7632 13.1032,
	35.7378 13.1539,
	35.7188 13.1792,
	35.6998 13.2299,
	35.6048 13.3312,
	35.5542 13.3756,
	35.4528 13.4389,
	35.4275 13.4516,
	35.3388 13.5529,
	35.2375 13.6162,
	35.2122 13.6289,
	35.1995 13.6795,
	35.1932 13.6985,
	35.1425 13.6669,
	34.9398 13.7935,
	34.8385 13.8632,
	34.7435 13.9519,
	34.7182 14.0025,
	34.7119 14.0279,
	34.7372 14.2305,
	34.7435 14.2812,
	34.7309 14.3319,
	34.6422 14.4332,
	34.5409 14.5345,
	34.5282 14.5472,
	34.5029 14.5472,
	34.4522 14.5789,
	34.3509 14.6105,
	34.2495 14.6232,
	34.1482 14.6549,
	34.0469 14.7245,
	33.9962 14.7625,
	33.9455 14.8132,
	33.8316 15.0158,
	33.6859 15.2185,
	33.5846 15.2692,
	33.5592 15.2818,
	33.5339 15.2692,
	33.5276 15.2565,
	33.7112 14.8512,
	33.7556 14.7498,
	33.7809 14.6485,
	33.7936 14.5979,
	33.7682 14.4965,
	33.7492 14.4459,
	33.7112 14.3952,
	33.6606 14.3699,
	33.6352 14.3572,
	33.6099 14.3319,
	33.5086 14.2939,
	33.4579 14.2685,
	33.2552 14.1292,
	33.2046 14.0912,
	33.1286 13.9899,
	33.0336 13.9012,
	33.0082 13.8822,
	32.9829 13.8822,
	32.9322 13.8442,
	32.8373 13.7492,
	32.8119 13.6985,
	32.8119 13.5972,
	32.8119 13.5719,
	32.8119 13.5656,
	"/>
</Transform>

<Transform dim="0"
 xcoef=" 0 1 0 0 0 0"
 ycoef=" 0 0 1 0 0 0">
<Contour name="TB1_NF55_RSL" hidden="false" closed="true" simplified="true" border="0.501961 0 0" fill="0.501961 0 0" mode="-9"
 points="32.465 9.45868,
	32.487 9.38826,
	32.4958 9.37945,
	32.509 9.34424,
	32.597 9.2034,
	32.6058 9.18579,
	32.6234 9.16818,
	32.6322 9.15058,
	32.6674 9.11537,
	32.7335 9.06695,
	32.8039 9.03614,
	32.9447 8.98773,
	33.0151 8.96132,
	33.0504 8.95692,
	33.0856 8.94371,
	33.1208 8.93931,
	33.1912 8.9085,
	33.2264 8.88209,
	33.244 8.86889,
	33.2616 8.86449,
	33.2792 8.85128,
	33.288 8.84248,
	33.3585 8.82487,
	33.3937 8.81607,
	33.4641 8.82047,
	33.4993 8.82487,
	33.5345 8.83808,
	33.5521 8.84248,
	33.5873 8.86889,
	33.6093 8.8997,
	33.6313 8.97012,
	33.6357 9.04054,
	33.6313 9.07575,
	33.6313 9.09336,
	33.5829 9.23421,
	33.5741 9.25181,
	33.5741 9.26061,
	33.5653 9.26942,
	33.5389 9.33984,
	33.4905 9.41026,
	33.4245 9.47628,
	33.4069 9.48069,
	33.3981 9.48949,
	33.2572 9.54671,
	33.1868 9.57312,
	33.1516 9.58192,
	33.134 9.59072,
	33.1164 9.59072,
	33.046 9.61273,
	33.0107 9.62593,
	32.9931 9.63033,
	32.9755 9.64354,
	32.9403 9.65234,
	32.6586 9.65674,
	32.5882 9.65674,
	32.5706 9.65674,
	32.5398 9.63474,
	32.4782 9.56431,
	32.465 9.5291,
	32.465 9.46308,
	"/>
</Transform>

<Transform dim="0"
 xcoef=" 0 1 0 0 0 0"
 ycoef=" 0 0 1 0 0 0">
<Contour name="TB1_NF57_RSL" hidden="false" closed="true" simplified="true" border="1 1 0.501961" fill="1 1 0.501961" mode="-9"
 points="42.796 10.4375,
	42.803 10.4097,
	42.8378 10.3608,
	42.9424 10.2841,
	42.9564 10.2841,
	43.1795 10.1656,
	43.2353 10.1377,
	43.3468 10.1308,
	43.4584 10.1656,
	43.4863 10.1726,
	43.542 10.2214,
	43.563 10.2493,
	43.5769 10.3051,
	43.5699 10.4166,
	43.5351 10.5282,
	43.5002 10.584,
	43.4026 10.6955,
	43.3538 10.7443,
	43.298 10.7722,
	43.1865 10.7862,
	43.1307 10.7931,
	43.0191 10.7792,
	42.9076 10.7304,
	42.8797 10.7095,
	42.8448 10.6537,
	42.803 10.5421,
	42.796 10.4863,
	42.796 10.4585,
	42.796 10.4445,
	"/>
</Transform>

<Transform dim="0"
 xcoef=" 0 1 0 0 0 0"
 ycoef=" 0 0 1 0 0 0">
<Contour name="TB1_AP59_RSL" hidden="false" closed="true" simplified="true" border="0 0.502 0" fill="0 0.502 0" mode="9"
 points="30.1217 41.1819,
	30.1623 41.0199,
	30.2939 40.6957,
	30.2939 40.6755,
	30.3243 40.6451,
	30.3648 40.483,
	30.3648 40.1589,
	30.3446 39.9969,
	30.3446 39.9159,
	30.304 39.7538,
	30.2635 39.4297,
	30.1926 39.1056,
	30.1623 38.7815,
	30.1521 38.6194,
	30.1825 38.4574,
	30.2433 38.2953,
	30.2433 38.2751,
	30.2737 38.2346,
	30.3344 38.0725,
	30.3446 38.032,
	30.3749 37.9915,
	30.3952 37.9104,
	30.4155 37.8699,
	30.4458 37.7079,
	30.537 37.3838,
	30.5573 37.2217,
	30.5269 36.8976,
	30.4965 36.7356,
	30.4864 36.6545,
	30.4965 36.5735,
	30.5066 36.533,
	30.5471 36.5026,
	30.5573 36.4823,
	30.537 36.4013,
	30.537 36.3203,
	30.6079 35.9962,
	30.6484 35.8341,
	30.6585 35.7936,
	30.6585 35.7734,
	30.6889 35.7328,
	30.6889 35.7126,
	30.7193 35.6721,
	30.7598 35.51,
	30.7801 35.348,
	30.7092 35.0239,
	30.6585 34.8618,
	30.6079 34.5377,
	30.5978 34.3756,
	30.6079 34.2946,
	30.7396 33.9705,
	30.8003 33.8085,
	30.8307 33.7274,
	30.8814 33.6464,
	30.8814 33.6059,
	30.932 33.5249,
	30.932 33.5046,
	30.9624 33.4641,
	31.0535 33.14,
	31.0738 33.059,
	31.0839 33.0184,
	31.2359 32.8564,
	31.3068 32.7754,
	31.3473 32.7349,
	31.4486 32.5728,
	31.5195 32.2487,
	31.5397 32.0866,
	31.5498 32.0461,
	31.6207 31.9955,
	31.6309 31.9145,
	31.6005 31.8334,
	31.6309 31.803,
	31.7119 31.8132,
	31.7929 31.803,
	31.8334 31.7828,
	31.8739 31.7018,
	31.8841 31.6916,
	31.9651 31.7423,
	32.0056 31.7524,
	32.0866 31.803,
	32.1677 31.8739,
	32.1879 31.8739,
	32.2487 31.955,
	32.2689 32.117,
	32.2892 32.1981,
	32.4006 32.3601,
	32.4715 32.5222,
	32.5019 32.6842,
	32.4816 33.0083,
	32.4715 33.0893,
	32.5728 33.4135,
	32.7247 33.7376,
	32.7551 33.8996,
	32.7551 34.0617,
	32.826 34.1326,
	32.8665 34.163,
	32.9374 34.325,
	32.9881 34.4871,
	32.9982 34.5681,
	33.0488 34.7301,
	33.0792 34.8922,
	33.0995 34.9327,
	33.0995 34.9732,
	33.1299 35.0542,
	33.1602 35.0948,
	33.2818 35.4189,
	33.3324 35.5809,
	33.4844 35.905,
	33.5046 35.9861,
	33.5553 36.0671,
	33.5553 36.1076,
	33.6261 36.2697,
	33.6768 36.4317,
	33.8186 36.5938,
	33.8692 36.6748,
	33.9401 36.8368,
	33.9401 36.8774,
	34.0009 37.0394,
	34.0313 37.1204,
	34.0617 37.1609,
	34.0617 37.1812,
	34.0819 37.1913,
	34.0921 37.2318,
	34.2136 37.3939,
	34.244 37.4344,
	34.244 37.4547,
	34.2642 37.4749,
	34.2744 37.5154,
	34.3858 37.6775,
	34.4364 37.7585,
	34.4364 37.7788,
	34.4668 37.8193,
	34.639 38.4675,
	34.6998 38.5485,
	34.8517 38.6701,
	35.0137 38.7612,
	35.0948 38.7916,
	35.1353 38.8321,
	35.1758 38.8423,
	35.4999 39.0549,
	35.824 39.2879,
	35.8848 39.3689,
	35.9253 39.45,
	35.9759 39.7741,
	36.0772 39.9361,
	36.219 40.2602,
	36.2494 40.3413,
	36.3102 40.4223,
	36.3912 40.483,
	36.4621 40.5641,
	36.5026 40.6451,
	36.533 40.8072,
	36.5532 40.8882,
	36.5431 40.9692,
	36.4823 41.0502,
	36.4013 41.0705,
	36.3203 41.0502,
	36.2393 40.9793,
	36.1582 40.6552,
	36.1177 40.5742,
	36.1177 40.5539,
	36.0975 40.5337,
	36.0873 40.4932,
	35.9759 40.3311,
	35.9455 40.2501,
	35.8746 40.1792,
	35.7126 40.1589,
	35.5505 40.0678,
	35.4695 40.0171,
	35.3075 39.9564,
	35.1454 39.9564,
	34.9833 40.0273,
	34.8213 40.0678,
	34.4972 40.0678,
	34.3351 40.0678,
	34.1731 40.0982,
	34.011 40.1083,
	33.849 40.1589,
	33.5249 40.3007,
	33.2008 40.483,
	33.1197 40.5438,
	33.0184 40.7059,
	32.9475 40.8679,
	32.8463 41.192,
	32.7551 41.3541,
	32.7045 41.4351,
	32.5424 41.5972,
	32.4614 41.6478,
	32.2993 41.7086,
	32.2588 41.7288,
	32.2183 41.7288,
	32.0563 41.7997,
	31.9752 41.82,
	31.8132 41.8909,
	31.6511 41.9415,
	31.5701 41.9618,
	31.4891 41.9618,
	31.327 41.9111,
	31.165 41.8402,
	31.0029 41.7288,
	30.9624 41.6883,
	30.9523 41.6782,
	30.9421 41.6985,
	30.9725 41.739,
	30.8915 41.7491,
	30.7294 41.7288,
	30.6484 41.7187,
	30.3243 41.587,
	30.2433 41.5364,
	30.1724 41.4554,
	30.142 41.3743,
	30.1217 41.2123,
	30.1217 41.192,
	"/>
</Transform>

<Transform dim="0"
 xcoef=" 0 1 0 0 0 0"
 ycoef=" 0 0 1 0 0 0">
<Contour name="TB1_Nuc59_PH" hidden="false" closed="true" simplified="true" border="1 0 0" fill="1 0 0" mode="9"
 points="31.527 59.3592,
	31.5781 58.9501,
	31.6165 58.7455,
	31.7827 58.3364,
	31.8977 58.1319,
	32 58.0679,
	32.1023 58.0296,
	32.1534 58.0168,
	32.5625 58.0935,
	32.6648 58.1063,
	32.7671 58.0679,
	32.8182 57.9657,
	32.8182 57.9145,
	32.8694 57.8122,
	32.9461 57.71,
	33.0483 57.6332,
	33.1506 57.5821,
	33.3552 57.5438,
	33.5597 57.5438,
	33.7643 57.6205,
	33.8154 57.6588,
	33.9177 57.6844,
	34.1223 57.7994,
	34.2245 57.8762,
	34.6336 58.0551,
	34.8382 58.1958,
	35.0428 58.3108,
	35.0939 58.362,
	35.1962 58.4003,
	35.2473 58.4131,
	35.4519 58.6049,
	35.5286 58.7072,
	35.5541 58.7583,
	35.5669 58.7839,
	35.5541 58.8094,
	35.503 58.7072,
	35.4646 58.656,
	35.4263 58.6432,
	35.4135 58.6944,
	35.4263 58.8989,
	35.4135 59.1035,
	35.4263 59.2058,
	35.4263 59.2569,
	35.3752 59.3592,
	35.0044 59.7683,
	34.9916 59.8194,
	34.966 59.845,
	34.9149 60.0495,
	34.9021 60.1518,
	34.9405 60.3564,
	34.9277 60.4587,
	34.8638 60.5609,
	34.8126 60.6121,
	34.7615 60.6376,
	34.5569 60.6632,
	34.5186 60.7655,
	34.4291 60.8678,
	34.3268 60.8933,
	34.2757 60.8806,
	34.2245 60.9061,
	34.02 60.9061,
	33.8154 60.8678,
	33.7643 60.855,
	33.7131 60.8038,
	33.662 60.7911,
	33.5597 60.8166,
	33.4575 60.8678,
	33.4063 60.8933,
	32.9972 60.9061,
	32.5881 60.8806,
	32.3835 60.8038,
	32.2813 60.7655,
	32.0895 60.5737,
	31.9872 60.4714,
	31.706 60.0623,
	31.6548 60.0112,
	31.5653 59.8066,
	31.527 59.3975,
	31.527 59.372,
	"/>
<Contour name="TB1_Nuc59_PH" hidden="false" closed="true" simplified="true" border="1 0 0" fill="1 0 0" mode="9"
 points="32.7927 61.1746,
	32.8438 61.1235,
	32.9461 61.0979,
	33.1506 61.1107,
	33.3552 61.149,
	33.5597 61.1618,
	33.662 61.1746,
	33.8666 61.1362,
	33.9688 61.0979,
	34.02 61.0851,
	34.0456 61.0851,
	34.0711 61.0595,
	34.1734 61.0212,
	34.5697 60.7655,
	34.7743 60.6121,
	34.9533 60.4203,
	35.0172 60.3436,
	35.1834 59.9345,
	35.2473 59.7299,
	35.2729 59.6277,
	35.3752 59.4231,
	35.4263 59.3208,
	35.503 59.2185,
	35.5286 59.193,
	35.5797 59.193,
	35.6308 59.2441,
	35.6692 59.3464,
	35.7076 59.7555,
	35.7203 59.9601,
	35.682 60.3692,
	35.5925 60.7783,
	35.503 60.9828,
	35.3368 61.1874,
	35.2345 61.2769,
	35.1834 61.3152,
	35.1578 61.3536,
	34.966 61.4942,
	34.5569 61.5581,
	34.3524 61.6221,
	33.9433 61.6988,
	33.5342 61.686,
	33.4319 61.6604,
	33.3807 61.6604,
	32.9716 61.4942,
	32.8694 61.4047,
	32.8054 61.3024,
	32.7927 61.2002,
	32.7927 61.1874,
	"/>
</Transform>

<Transform dim="0"
 xcoef=" 0 1 0 0 0 0"
 ycoef=" 0 0 1 0 0 0">
<Contour name="TB1_NF61_RSL" hidden="false" closed="true" simplified="true" border="1 1 0" fill="1 1 0" mode="-9"
 points="27.8602 19.162,
	27.9605 18.841,
	28.0407 18.7607,
	28.121 18.7607,
	28.1611 18.7707,
	28.1912 18.8008,
	28.2213 18.7908,
	28.2314 18.7707,
	28.2715 18.8008,
	28.3517 18.8309,
	28.3919 18.851,
	28.432 18.8911,
	28.5624 19.2122,
	28.5825 19.2924,
	28.6026 19.3326,
	28.6226 19.4931,
	28.6226 19.6536,
	28.5925 19.8141,
	28.5624 20.1352,
	28.5424 20.2957,
	28.4922 20.4562,
	28.4822 20.4963,
	28.442 20.5064,
	28.3618 20.4863,
	28.2815 20.4462,
	28.2414 20.4261,
	28.1912 20.3458,
	28.1712 20.3258,
	28.1712 20.3057,
	28.121 20.2255,
	28.111 20.1853,
	28.0909 20.1653,
	28.0508 20.0047,
	27.9906 19.8442,
	27.9805 19.8041,
	27.9504 19.764,
	27.9404 19.7238,
	27.9204 19.7038,
	27.9204 19.6636,
	27.9003 19.6436,
	27.8702 19.483,
	27.8602 19.172,
	"/>
<Contour name="TB1_NF61_RSL" hidden="false" closed="true" simplified="true" border="1 1 0" fill="1 1 0" mode="-9"
 points="27.7598 17.9882,
	27.8401 17.8277,
	27.9003 17.7474,
	27.9805 17.6872,
	28.0207 17.6872,
	28.1009 17.7575,
	28.1411 17.7976,
	28.1611 17.8779,
	28.1511 18.0384,
	28.1511 18.1186,
	28.111 18.1588,
	28.0307 18.1788,
	27.8702 18.1788,
	27.7899 18.1688,
	27.7598 18.1387,
	27.7598 18.0584,
	27.7598 18.0183,
	27.7598 17.9982,
	"/>
<Contour name="TB1_NF61_RSL" hidden="false" closed="true" simplified="true" border="1 1 0" fill="1 1 0" mode="-9"
 points="32.756 12.7814,
	32.8062 12.6208,
	32.8363 12.5406,
	32.8664 12.5005,
	32.8664 12.4804,
	32.9266 12.4102,
	33.0068 12.2496,
	33.057 12.1694,
	33.1272 12.0992,
	33.2075 12.059,
	33.2476 12.0289,
	33.3278 12.0189,
	33.4081 12.0289,
	33.4482 12.039,
	33.4884 12.0691,
	33.4984 12.2296,
	33.4884 12.5506,
	33.4884 12.6309,
	33.4583 12.7111,
	33.4382 12.7513,
	33.4382 12.7713,
	33.4081 12.8115,
	33.4081 12.8315,
	33.3479 12.9018,
	33.3278 12.982,
	33.3078 13.0221,
	33.3078 13.0422,
	33.2275 13.1124,
	33.1473 13.1325,
	32.9867 13.1024,
	32.9065 13.0924,
	32.8262 13.0623,
	32.7761 12.992,
	32.756 12.9118,
	32.756 12.8315,
	32.756 12.7914,
	"/>
</Transform>

<Transform dim="0"
 xcoef=" 0 1 0 0 0 0"
 ycoef=" 0 0 1 0 0 0">
<Contour name="TB1_AP38_lys_RSL" hidden="false" closed="true" simplified="true" border="0.501961 0.501961 0.501961" fill="0.835294 0.835294 0" mode="-9"
 points="29.7353 63.8382,
	29.7562 63.7544,
	29.84 63.702,
	29.8819 63.6811,
	29.9133 63.6392,
	29.9552 63.6182,
	30.039 63.6077,
	30.1228 63.6182,
	30.2066 63.6706,
	30.259 63.7439,
	30.3951 63.9115,
	30.4475 63.9953,
	30.4894 64.1629,
	30.5104 64.2467,
	30.4999 64.4142,
	30.458 64.498,
	30.4475 64.5399,
	30.4161 64.5818,
	30.2695 64.4771,
	30.259 64.5609,
	30.2171 64.6028,
	30.1333 64.6132,
	30.0914 64.5818,
	30.0705 64.5399,
	30.0286 64.498,
	29.9448 64.4666,
	29.8819 64.3933,
	29.861 64.3514,
	29.8296 64.1838,
	29.7772 64.1105,
	29.7458 64.0791,
	29.7353 63.9115,
	29.7353 63.8696,
	29.7353 63.8486,
	"/>
<Contour name="TB1_AP38_lys_RSL" hidden="false" closed="true" simplified="true" border="0.501961 0.501961 0.501961" fill="0.835294 0.835294 0" mode="-9"
 points="30.3637 64.8227,
	30.4056 64.7913,
	30.4161 64.7494,
	30.437 64.7285,
	30.5208 64.718,
	30.5627 64.7389,
	30.6046 64.7285,
	30.6256 64.7075,
	30.636 64.6656,
	30.636 64.6447,
	30.6779 64.6237,
	30.7198 64.6237,
	30.8036 64.6866,
	30.856 64.7703,
	30.8769 64.8541,
	30.8455 64.9379,
	30.7931 65.0217,
	30.7198 65.0846,
	30.6779 65.1055,
	30.5104 65.095,
	30.4685 65.0636,
	30.4266 64.9798,
	30.3637 64.896,
	30.3637 64.8541,
	30.3637 64.8332,
	"/>
<Contour name="TB1_AP38_lys_RSL" hidden="false" closed="true" simplified="true" border="0.501961 0.501961 0.501961" fill="0.835294 0.835294 0" mode="-9"
 points="32.1547 66.6871,
	32.1757 66.6452,
	32.249 66.5719,
	32.3328 66.5404,
	32.5004 66.5195,
	32.5213 66.5195,
	32.5947 66.4462,
	32.6784 66.3938,
	32.7203 66.3624,
	32.8041 66.3519,
	32.846 66.3519,
	32.867 66.3414,
	32.9089 66.3519,
	32.9298 66.3624,
	32.9612 66.53,
	33.0241 66.6975,
	33.045 66.7813,
	33.0346 66.8651,
	33.0346 66.907,
	32.9927 66.9908,
	32.9089 67.0746,
	32.8251 67.127,
	32.6575 67.1374,
	32.4899 67.127,
	32.4061 67.1165,
	32.3642 67.106,
	32.2281 66.9384,
	32.1757 66.8651,
	32.1547 66.8442,
	32.1547 66.7604,
	32.1547 66.7185,
	32.1547 66.6975,
	"/>
<Contour name="TB1_AP38_lys_RSL" hidden="false" closed="true" simplified="true" border="0.501961 0.501961 0.501961" fill="0.835294 0.835294 0" mode="-9"
 points="32.3223 67.3679,
	32.3852 67.2945,
	32.5528 67.1793,
	32.7203 67.1479,
	32.8041 67.1584,
	32.846 67.1689,
	32.867 67.1689,
	32.8879 67.1898,
	32.9298 67.2003,
	33.045 67.3679,
	33.0764 67.5354,
	33.0869 67.6192,
	33.0136 67.703,
	32.9612 67.7868,
	32.8774 67.8182,
	32.7937 67.8287,
	32.6261 67.8078,
	32.5423 67.7868,
	32.4585 67.7449,
	32.3956 67.6611,
	32.3538 67.5773,
	32.3223 67.4098,
	32.3223 67.3783,
	"/>
<Contour name="TB1_AP38_lys_RSL" hidden="false" closed="true" simplified="true" border="0.501961 0.501961 0.501961" fill="0.835294 0.835294 0" mode="-9"
 points="33.066 67.4517,
	33.1079 67.4307,
	33.1079 67.2631,
	33.1393 67.1793,
	33.1707 67.1374,
	33.3383 67.0746,
	33.4221 67.0432,
	33.5059 67.0327,
	33.5478 67.0327,
	33.6316 67.0851,
	33.6735 67.0955,
	33.8306 67.2422,
	33.862 67.2841,
	33.9144 67.4517,
	33.9248 67.6192,
	33.9248 67.703,
	33.8934 67.7868,
	33.8934 67.8078,
	33.8201 67.8811,
	33.7991 67.902,
	33.6316 67.8706,
	33.5478 67.8497,
	33.3802 67.8392,
	33.2964 67.7973,
	33.2755 67.7763,
	33.2545 67.7763,
	33.1707 67.6926,
	33.1288 67.6507,
	33.0974 67.5669,
	33.066 67.525,
	33.066 67.4831,
	33.066 67.4621,
	"/>
<Contour name="TB1_AP38_lys_RSL" hidden="false" closed="true" simplified="true" border="0.501961 0.501961 0.501961" fill="0.835294 0.835294 0" mode="-9"
 points="39.6436 63.7858,
	39.6645 63.7439,
	39.7483 63.7125,
	39.8321 63.7125,
	39.853 63.7125,
	39.8949 63.7963,
	39.9368 63.8172,
	39.9787 63.901,
	39.9892 63.9848,
	39.9787 64.0267,
	39.9054 64.1,
	39.8635 64.1,
	39.8426 64.1105,
	39.8007 64.0895,
	39.654 63.9429,
	39.654 63.8591,
	39.6436 63.8172,
	39.6436 63.7963,
	"/>
<Contour name="TB1_AP38_lys_RSL" hidden="false" closed="true" simplified="true" border="0.501961 0.501961 0.501961" fill="0.835294 0.835294 0" mode="-9"
 points="39.3503 60.8426,
	39.3712 60.7589,
	39.5283 60.6227,
	39.6121 60.6227,
	39.654 60.6227,
	39.7378 60.6855,
	39.8007 60.7484,
	39.8321 60.8322,
	39.8845 60.916,
	39.9264 60.9579,
	39.9578 61.0417,
	40.0101 61.1254,
	40.0206 61.2092,
	40.0101 61.2511,
	39.9787 61.2826,
	39.8949 61.293,
	39.7273 61.2407,
	39.6855 61.2302,
	39.6645 61.2092,
	39.675 61.1883,
	39.6436 61.1569,
	39.5598 61.1254,
	39.5179 61.115,
	39.455 61.0417,
	39.4131 61.0312,
	39.3503 60.9683,
	39.3503 60.8845,
	39.3503 60.8531,
	"/>
<Contour name="TB1_AP38_lys_RSL" hidden="false" closed="true" simplified="true" border="0.501961 0.501961 0.501961" fill="0.835294 0.835294 0" mode="-9"
 points="39.8845 60.717,
	39.9264 60.6332,
	39.9997 60.5599,
	40.0416 60.518,
	40.1254 60.497,
	40.2091 60.518,
	40.2929 60.5808,
	40.3453 60.6646,
	40.3767 60.7065,
	40.3872 60.7903,
	40.3558 60.9579,
	40.2825 61.0102,
	40.1149 61.0521,
	40.0311 61.0417,
	39.9578 60.9683,
	39.9054 60.895,
	39.8845 60.8112,
	39.8845 60.7274,
	"/>
<Contour name="TB1_AP38_lys_RSL" hidden="false" closed="true" simplified="true" border="0.501961 0.501961 0.501961" fill="0.835294 0.835294 0" mode="-9"
 points="39.5388 60.4132,
	39.6017 60.3294,
	39.6436 60.298,
	39.7273 60.2875,
	39.7692 60.298,
	39.853 60.3609,
	39.8845 60.4027,
	39.8949 60.4865,
	39.9264 60.5703,
	39.8949 60.6122,
	39.853 60.6332,
	39.7692 60.6122,
	39.6855 60.6122,
	39.6436 60.5913,
	39.6017 60.5913,
	39.5807 60.5913,
	39.5493 60.5494,
	39.5388 60.4656,
	39.5388 60.4237,
	"/>
<Contour name="TB1_AP38_lys_RSL" hidden="false" closed="true" simplified="true" border="0.501961 0.501961 0.501961" fill="0.835294 0.835294 0" mode="-9"
 points="39.0989 60.1933,
	39.1199 60.1514,
	39.1618 60.12,
	39.1827 60.099,
	39.2665 60.0781,
	39.3084 60.0676,
	39.3503 60.0781,
	39.3712 60.0781,
	39.4341 60.2456,
	39.455 60.2875,
	39.4236 60.3713,
	39.4027 60.4132,
	39.3608 60.4446,
	39.3398 60.4446,
	39.256 60.3713,
	39.1722 60.3609,
	39.1303 60.319,
	39.0989 60.2352,
	39.0989 60.2037,
	"/>
<Contour name="TB1_AP38_lys_RSL" hidden="false" closed="true" simplified="true" border="0.501961 0.501961 0.501961" fill="0.835294 0.835294 0" mode="-9"
 points="39.5598 59.9524,
	39.5807 59.8686,
	39.5807 59.8267,
	39.6331 59.7534,
	39.8007 59.6382,
	39.8845 59.6067,
	39.9682 59.5963,
	40.1358 59.6277,
	40.2196 59.6801,
	40.2825 59.7534,
	40.3139 59.7953,
	40.3767 59.9628,
	40.3977 60.1304,
	40.3872 60.2142,
	40.272 60.3818,
	40.1882 60.4551,
	40.0206 60.4656,
	39.9787 60.4551,
	39.853 60.298,
	39.7692 60.2456,
	39.7273 60.2247,
	39.654 60.1409,
	39.654 60.099,
	39.6436 60.0885,
	39.6017 60.099,
	39.5702 60.0571,
	39.5598 59.9733,
	39.5598 59.9628,
	"/>
</Transform>

<Transform dim="0"
 xcoef=" 0 1 0 0 0 0"
 ycoef=" 0 0 1 0 0 0">
<Contour name="TB1_AP34_lys_RSL" hidden="false" closed="true" simplified="true" border="0.501961 0.501961 0.501961" fill="0.835294 0.835294 0" mode="-9"
 points="30.3457 60.4628,
	30.3752 60.4039,
	30.4268 60.3523,
	30.4858 60.3596,
	30.5005 60.3891,
	30.5226 60.5071,
	30.53 60.5661,
	30.53 60.5808,
	30.471 60.6324,
	30.4415 60.6398,
	30.3826 60.6177,
	30.3678 60.6103,
	30.3457 60.4923,
	30.3457 60.4702,
	"/>
<Contour name="TB1_AP34_lys_RSL" hidden="false" closed="true" simplified="true" border="0.501961 0.501961 0.501961" fill="0.835294 0.835294 0" mode="-9"
 points="37.0548 59.4602,
	37.0695 59.3422,
	37.099 59.2832,
	37.1506 59.2316,
	37.2096 59.1948,
	37.2686 59.18,
	37.3276 59.18,
	37.3865 59.2021,
	37.4455 59.2095,
	37.475 59.2095,
	37.593 59.2906,
	37.6446 59.3348,
	37.7404 59.4528,
	37.7478 59.5118,
	37.7257 59.5708,
	37.6151 59.674,
	37.5635 59.7108,
	37.534 59.733,
	37.475 59.733,
	37.3644 59.6961,
	37.3054 59.7035,
	37.1875 59.6887,
	37.1285 59.6666,
	37.099 59.6519,
	37.0769 59.6224,
	37.0548 59.5044,
	37.0548 59.4749,
	37.0548 59.4675,
	"/>
<Contour name="TB1_AP34_lys_RSL" hidden="false" closed="true" simplified="true" border="0.501961 0.501961 0.501961" fill="0.835294 0.835294 0" mode="-9"
 points="36.723 59.1063,
	36.7525 59.0768,
	36.8115 59.0399,
	36.8705 59.0326,
	36.9294 59.0473,
	36.9589 59.0547,
	36.9811 59.0842,
	37.0105 59.2021,
	37.0179 59.2169,
	36.9811 59.2685,
	36.9221 59.2906,
	36.8926 59.2906,
	36.8336 59.2537,
	36.7746 59.2316,
	36.7451 59.2021,
	36.7304 59.1431,
	36.723 59.1137,
	"/>
<Contour name="TB1_AP34_lys_RSL" hidden="false" closed="true" simplified="true" border="0.501961 0.501961 0.501961" fill="0.835294 0.835294 0" mode="-9"
 points="38.7726 59.7772,
	38.8021 59.7477,
	38.8168 59.7182,
	38.8463 59.6961,
	38.9053 59.7035,
	38.9643 59.7256,
	38.979 59.733,
	39.038 59.7108,
	39.097 59.7256,
	39.1265 59.733,
	39.1412 59.7477,
	39.1339 59.7698,
	39.1265 59.7624,
	39.0085 59.8657,
	38.9495 59.8804,
	38.8906 59.8804,
	38.8316 59.8583,
	38.8021 59.8583,
	38.78 59.8288,
	38.7726 59.7993,
	38.7726 59.7846,
	"/>
<Contour name="TB1_AP34_lys_RSL" hidden="false" closed="true" simplified="true" border="0.501961 0.501961 0.501961" fill="0.835294 0.835294 0" mode="-9"
 points="39.2961 58.3469,
	39.3255 58.2879,
	39.3403 58.2805,
	39.3403 58.2658,
	39.3698 58.2363,
	39.4877 58.1994,
	39.5025 58.1994,
	39.532 58.2289,
	39.5467 58.2437,
	39.5099 58.3616,
	39.4361 58.4796,
	39.3845 58.5238,
	39.3772 58.5312,
	39.3477 58.5091,
	39.2961 58.3985,
	39.2961 58.369,
	39.2961 58.3543,
	"/>
<Contour name="TB1_AP34_lys_RSL" hidden="false" closed="true" simplified="true" border="0.501961 0.501961 0.501961" fill="0.835294 0.835294 0" mode="-9"
 points="38.9717 58.0962,
	38.9864 57.9783,
	38.9938 57.9193,
	38.9938 57.8898,
	39.0159 57.8308,
	39.0233 57.8013,
	39.0528 57.7718,
	39.0822 57.7571,
	39.2002 57.7718,
	39.2297 57.7866,
	39.2444 57.8013,
	39.2592 57.8603,
	39.2739 57.8898,
	39.2444 58.0078,
	39.2371 58.1257,
	39.2002 58.1847,
	39.1412 58.2216,
	39.0822 58.2363,
	39.0675 58.2363,
	39.038 58.2068,
	38.9864 58.17,
	38.9717 58.1405,
	38.9717 58.111,
	38.9717 58.1036,
	"/>
<Contour name="TB1_AP34_lys_RSL" hidden="false" closed="true" simplified="true" border="0.501961 0.501961 0.501961" fill="0.835294 0.835294 0" mode="-9"
 points="39.097 57.5359,
	39.156 57.4917,
	39.1855 57.4917,
	39.2444 57.5212,
	39.2961 57.5728,
	39.3182 57.6023,
	39.3108 57.6318,
	39.3034 57.6465,
	39.3108 57.676,
	39.3034 57.7055,
	39.2739 57.7202,
	39.215 57.7129,
	39.156 57.676,
	39.1044 57.617,
	39.097 57.558,
	39.097 57.5433,
	"/>
<Contour name="TB1_AP34_lys_RSL" hidden="false" closed="true" simplified="true" border="0.501961 0.501961 0.501961" fill="0.835294 0.835294 0" mode="-9"
 points="39.2518 57.2705,
	39.2887 57.2115,
	39.3403 57.1673,
	39.3993 57.1599,
	39.4583 57.1673,
	39.473 57.1673,
	39.5099 57.2263,
	39.5172 57.2852,
	39.5099 57.3442,
	39.5099 57.359,
	39.4509 57.4106,
	39.3329 57.4327,
	39.3034 57.4327,
	39.2739 57.4106,
	39.2518 57.3516,
	39.2518 57.2926,
	39.2518 57.2779,
	"/>
<Contour name="TB1_AP34_lys_RSL" hidden="false" closed="true" simplified="true" border="0.501961 0.501961 0.501961" fill="0.835294 0.835294 0" mode="-9"
 points="39.5394 57.2705,
	39.5541 57.2558,
	39.5836 57.2558,
	39.6057 57.2779,
	39.6205 57.3369,
	39.6278 57.3516,
	39.6205 57.3663,
	39.591 57.3663,
	39.5394 57.3074,
	39.5394 57.2779,
	"/>
</Transform>

<Transform dim="0"
 xcoef=" 0 1 0 0 0 0"
 ycoef=" 0 0 1 0 0 0">
<Contour name="TB1_AP31_LYS_RSL" hidden="false" closed="true" simplified="true" border="0.502 0.502 0.502" fill="1 1 0" mode="-9"
 points="35.3562 58.0628,
	35.3824 58.0366,
	35.4348 58.0301,
	35.5396 58.0825,
	35.592 58.1021,
	35.6116 58.1283,
	35.6116 58.1545,
	35.592 58.1807,
	35.5723 58.161,
	35.4676 58.1676,
	35.4152 58.1676,
	35.389 58.1676,
	35.3693 58.1479,
	35.3562 58.0955,
	35.3562 58.0694,
	"/>
<Contour name="TB1_AP31_LYS_RSL" hidden="false" closed="true" simplified="true" border="0.502 0.502 0.502" fill="1 1 0" mode="-9"
 points="32.5212 61.6836,
	32.5408 61.6639,
	32.6456 61.6574,
	32.6718 61.6639,
	32.7242 61.7097,
	32.7962 61.8145,
	32.8158 61.8407,
	32.8224 61.8538,
	32.8093 61.88,
	32.7831 61.8931,
	32.6783 61.8865,
	32.5801 61.8145,
	32.5408 61.7752,
	32.5212 61.7228,
	32.5212 61.6966,
	32.5212 61.6901,
	"/>
</Transform>

<Transform dim="0"
 xcoef=" 0 1 0 0 0 0"
 ycoef=" 0 0 1 0 0 0">
<Contour name="TB1_AP40_RSL_LYS" hidden="false" closed="true" simplified="true" border="0 0 0" fill="1 1 0" mode="-9"
 points="36.4493 23.8632,
	36.4781 23.8057,
	36.5356 23.7481,
	36.5932 23.7338,
	36.7082 23.7481,
	36.8233 23.7913,
	36.8089 23.9064,
	36.7801 23.9639,
	36.7658 23.9927,
	36.6507 23.9927,
	36.55 24.0358,
	36.4925 23.9927,
	36.4493 23.8776,
	"/>
</Transform>

</Section>