<?xml version="1.0"?>
<!DOCTYPE Section SYSTEM "section.dtd">

<Section index="13" thickness="0.085" alignLocked="true">
<Transform dim="0"
 xcoef=" 0 1 0 0 0 0"
 ycoef=" 0 0 1 0 0 0">
<Image mag="0.0079" contrast="1" brightness="0" red="true" green="true" blue="true"
 src="Aligned TF21013.tif" />
<Contour name="domain1" hidden="false" closed="true" simplified="false" border="1 0 1" fill="1 0 1" mode="11"
 points="0 0,
	15991 0,
	15991 12171,
	0 12171,
	"/>
</Transform>

<Transform dim="0"
 xcoef=" 0 1 0 0 0 0"
 ycoef=" 0 0 1 0 0 0">
<Contour name="TB1_Nuc66_PH" hidden="false" closed="true" simplified="true" border="0 0 1" fill="0 0 1" mode="-13"
 points="29.7408 24.6536,
	29.8475 24.369,
	30.3811 23.8353,
	30.559 23.5507,
	30.6302 23.4084,
	30.7725 23.3373,
	30.8436 23.3017,
	31.1282 23.4084,
	31.2705 23.5507,
	31.3417 23.8353,
	31.3417 24.1199,
	31.3417 24.2622,
	31.235 24.5468,
	31.0571 24.8314,
	30.8436 25.4006,
	30.7725 25.6852,
	30.5946 25.9698,
	30.4879 26.1121,
	30.4523 26.2544,
	30.4167 26.29,
	30.1677 26.1121,
	30.0965 25.9698,
	30.0965 25.8275,
	29.9187 25.5785,
	29.8119 25.4362,
	29.7408 25.1516,
	29.7408 24.867,
	29.7408 24.7247,
	29.7408 24.6891,
	"/>
</Transform>

<Transform dim="0"
 xcoef=" 0 1 0 0 0 0"
 ycoef=" 0 0 1 0 0 0">
<Contour name="TB1_Nuc67_PH" hidden="false" closed="true" simplified="true" border="0 0 1" fill="0 0 1" mode="9"
 points="31.6613 38.0307,
	31.8472 37.8447,
	32.0332 37.7517,
	32.1727 37.5658,
	32.2657 37.5193,
	32.4516 37.5658,
	32.6376 37.7517,
	32.8236 37.8447,
	32.963 38.0307,
	32.9166 38.2167,
	32.5446 38.3097,
	32.4516 38.3561,
	32.2657 38.2632,
	32.1727 38.2167,
	31.9867 38.3561,
	31.8007 38.3097,
	31.6613 38.1237,
	31.6613 38.0772,
	"/>
</Transform>

<Transform dim="0"
 xcoef=" 0 1 0 0 0 0"
 ycoef=" 0 0 1 0 0 0">
<Contour name="TB1_AP31_EM" hidden="false" closed="true" simplified="true" border="0 1 0" fill="0 1 0" mode="9"
 points="30.901 59.1698,
	30.9265 58.7628,
	30.9392 58.5594,
	30.9646 58.4576,
	31.1299 58.2542,
	31.2317 58.0507,
	31.2571 57.949,
	31.2825 57.8981,
	31.3843 57.8091,
	31.486 57.771,
	31.5877 57.6947,
	31.7276 57.5039,
	31.7785 57.4785,
	31.8293 57.4912,
	31.9311 57.4658,
	31.9565 57.4403,
	32.0582 57.4403,
	32.2617 57.3895,
	32.3634 57.3767,
	32.5669 57.3004,
	32.6686 57.2496,
	32.7195 57.2369,
	32.923 57.3132,
	33.1264 57.3513,
	33.2282 57.364,
	33.279 57.4022,
	33.2917 57.453,
	33.2917 57.4785,
	33.3172 57.4912,
	33.3426 57.4785,
	33.3935 57.4912,
	33.4952 57.5548,
	33.6987 57.4403,
	33.8004 57.4022,
	33.8513 57.3767,
	33.953 57.3895,
	34.0039 57.4403,
	34.0293 57.5421,
	34.0166 57.6438,
	34.0166 57.6947,
	34.0802 57.7964,
	34.131 57.8345,
	34.2328 57.86,
	34.2836 57.8854,
	34.4871 57.8727,
	34.5379 57.8854,
	34.5634 57.8854,
	34.6651 57.9617,
	34.716 57.9871,
	34.8177 57.9617,
	34.9194 57.9871,
	35.0085 58.0761,
	35.0466 58.1779,
	35.072 58.2287,
	35.1229 58.2796,
	35.5044 59.0935,
	35.5934 59.2969,
	35.6316 59.3987,
	35.7079 59.8056,
	35.6697 60.2125,
	35.6316 60.416,
	35.6189 60.5177,
	35.6316 60.5686,
	35.4917 60.9755,
	35.479 61.0264,
	35.4663 61.0391,
	35.4535 61.0264,
	35.4154 61.1281,
	35.39 61.179,
	35.4027 61.2044,
	35.2628 61.4079,
	35.2119 61.5096,
	35.1611 61.5477,
	35.1229 61.6495,
	35.0975 61.7003,
	34.9957 61.7894,
	34.9194 61.8911,
	34.8686 61.9292,
	34.8431 61.9801,
	34.7414 62.0691,
	34.6397 62.1327,
	34.5888 62.1454,
	34.4871 62.209,
	34.4617 62.209,
	34.4362 62.2344,
	34.0293 62.2472,
	33.9276 62.2344,
	33.8258 62.2472,
	33.7241 62.2344,
	33.3172 62.2726,
	33.2663 62.2599,
	33.0628 62.298,
	32.8594 62.2472,
	32.4524 62.2344,
	32.3507 62.2472,
	32.3253 62.2726,
	32.2744 62.2599,
	32.2108 62.1581,
	32.1981 62.0564,
	32.2363 61.9547,
	32.1981 61.9165,
	31.9947 61.9547,
	31.8929 61.9801,
	31.8421 61.9801,
	31.6386 62.0437,
	31.5877 62.0564,
	31.5369 62.0437,
	31.486 62.0055,
	31.4606 61.9801,
	31.4606 61.9547,
	31.486 61.9292,
	31.6895 61.942,
	31.7912 61.9292,
	31.8421 61.9292,
	32.0455 61.8021,
	32.1091 61.7003,
	32.1473 61.5986,
	32.1473 61.3951,
	32.0582 61.1917,
	31.9819 61.09,
	31.9311 61.0391,
	31.8675 60.9374,
	31.664 60.7339,
	31.5623 60.6322,
	31.486 60.5304,
	31.3715 60.327,
	31.2952 60.2252,
	31.2698 60.1744,
	31.2189 60.1235,
	31.2062 60.0726,
	31.0664 59.8692,
	31.0028 59.7674,
	30.901 59.3605,
	30.901 59.2588,
	30.901 59.2079,
	30.901 59.1825,
	"/>
</Transform>

<Transform dim="0"
 xcoef=" 0 1 0 0 0 0"
 ycoef=" 0 0 1 0 0 0">
<Contour name="TB1_AP34_EM" hidden="false" closed="true" simplified="false" border="0 1 0" fill="0 1 0" mode="9"
 points="30.3544 60.5524,
	30.4113 60.4387,
	30.4682 60.4103,
	30.5535 60.2965,
	30.5819 60.1828,
	30.6814 60.069,
	30.7383 60.0264,
	30.7525 60.0122,
	30.8094 60.0548,
	30.8236 60.1117,
	30.7525 60.3392,
	30.653 60.5666,
	30.6388 60.6235,
	30.6388 60.652,
	30.6956 60.7088,
	30.7667 60.9363,
	30.7952 61.05,
	30.7809 61.1069,
	30.7952 61.2207,
	30.8378 61.2775,
	30.8947 61.306,
	30.9515 61.4197,
	30.98 61.5334,
	31.0084 61.5903,
	31.2217 61.8178,
	31.3212 61.9315,
	31.4349 62.0168,
	31.6624 62.0879,
	31.7762 62.0311,
	31.8046 62.0168,
	31.8615 62.0311,
	31.9752 62.0026,
	32.0889 61.9457,
	32.1458 61.96,
	32.1743 61.9742,
	32.1885 62.0879,
	32.1885 62.1448,
	32.2169 62.2017,
	32.2738 62.2585,
	32.3875 62.3012,
	32.5013 62.3154,
	32.5581 62.3296,
	32.7856 62.2727,
	32.8425 62.2727,
	32.9562 62.3438,
	33.07 62.3581,
	33.1837 62.3438,
	33.2974 62.3012,
	33.5249 62.3296,
	33.6387 62.3581,
	33.7524 62.3438,
	33.8093 62.3154,
	34.2642 62.2727,
	34.4917 62.2443,
	34.6055 62.2443,
	34.8329 62.0595,
	35.0604 61.832,
	35.1599 61.7183,
	35.4301 61.2633,
	35.5154 61.0358,
	35.5722 60.9221,
	35.558 60.8083,
	35.5722 60.6946,
	35.6149 60.6377,
	35.686 60.4103,
	35.7571 60.2965,
	35.7997 60.069,
	35.8139 59.9553,
	35.8139 59.8984,
	35.7855 59.8416,
	35.7855 59.6141,
	35.7571 59.5003,
	35.7002 59.3866,
	35.6718 59.1591,
	35.6007 59.0454,
	35.5722 58.9885,
	35.5438 58.9601,
	35.5438 58.9032,
	35.4727 58.7895,
	35.4301 58.6757,
	35.4016 58.6188,
	35.4301 58.562,
	35.4869 58.6046,
	35.5438 58.6188,
	35.5722 58.6046,
	35.6291 58.6188,
	35.7429 58.6899,
	35.9703 58.7326,
	36.0841 58.7326,
	36.1267 58.6757,
	36.1409 58.562,
	36.1125 58.107,
	36.0983 57.9933,
	36.0841 57.9364,
	36.1125 57.8227,
	36.2973 57.5952,
	36.3826 57.3677,
	36.4395 57.254,
	36.539 57.1402,
	36.994 57.0123,
	37.0651 56.8985,
	37.1077 56.7848,
	37.122 56.7279,
	37.2073 56.6142,
	37.321 56.5147,
	37.4347 56.472,
	37.5485 56.4862,
	37.6053 56.5004,
	37.6622 56.4862,
	37.7475 56.3725,
	37.8613 56.2872,
	37.9181 56.2445,
	38.0319 56.2303,
	38.1456 56.1308,
	38.2167 56.017,
	38.2594 55.9602,
	38.3162 55.946,
	38.5437 55.7469,
	38.7001 55.5194,
	38.7427 55.0645,
	38.7712 54.837,
	38.7427 54.6095,
	38.757 54.4958,
	38.8281 54.2683,
	38.8707 54.0408,
	38.8849 53.8133,
	38.8991 53.6996,
	38.8849 53.5858,
	38.8849 53.529,
	38.7996 53.3015,
	38.7427 52.8465,
	38.7143 52.6191,
	38.7143 52.5622,
	38.7427 52.5053,
	38.757 52.4769,
	38.7996 52.5337,
	38.7854 52.6475,
	38.7996 52.7044,
	38.8991 52.8181,
	38.9134 52.875,
	38.9134 52.9034,
	39.0271 53.0029,
	39.0555 53.0314,
	39.1124 53.0314,
	39.3399 52.8465,
	39.5674 52.6333,
	39.6242 52.6617,
	39.5816 52.8892,
	39.5674 53.1167,
	39.5674 53.2304,
	39.5389 53.3441,
	39.5389 53.5716,
	39.5958 53.7991,
	39.61 54.0266,
	39.6242 54.0835,
	39.5816 54.1972,
	39.3968 54.4247,
	39.3115 54.8796,
	39.3541 55.1071,
	39.3257 55.3346,
	39.3115 55.3915,
	39.3825 55.6189,
	39.4963 55.8464,
	39.5674 55.9602,
	39.7948 56.1308,
	40.0223 56.2303,
	40.0792 56.2587,
	40.1076 56.3014,
	40.0934 56.3583,
	39.9939 56.472,
	39.8802 56.4293,
	39.8233 56.4151,
	39.7948 56.4009,
	39.7664 56.4151,
	39.6527 56.3583,
	39.5958 56.3298,
	39.5389 56.3725,
	39.5105 56.4862,
	39.5105 56.5431,
	39.3968 56.7706,
	39.3683 56.8274,
	39.3683 56.9412,
	39.3257 57.0549,
	39.1408 57.2824,
	39.0271 57.3819,
	38.7143 57.8369,
	38.4868 58.0644,
	38.3873 58.1497,
	38.3162 58.3771,
	38.103 58.8321,
	38.0745 58.889,
	38.0603 59.0027,
	38.0034 59.1022,
	37.9892 59.1591,
	38.0319 59.2729,
	38.103 59.3866,
	38.2167 59.4577,
	38.3304 59.5003,
	38.4015 59.6141,
	38.4157 59.8416,
	38.43 59.9553,
	38.4157 60.069,
	38.4015 60.1259,
	38.4015 60.1543,
	38.4442 60.2112,
	38.4584 60.2681,
	38.4157 60.3107,
	38.302 60.3392,
	38.2451 60.3534,
	38.1598 60.4671,
	38.103 60.6946,
	38.0319 60.8083,
	37.9892 60.8652,
	37.9608 60.979,
	38.0034 61.2064,
	38.0177 61.2633,
	38.0887 61.377,
	38.103 61.4908,
	38.103 61.5477,
	38.1314 61.5761,
	38.1883 61.5619,
	38.2167 61.5477,
	38.3304 61.6187,
	38.43 61.7183,
	38.5437 61.7751,
	38.6574 61.7467,
	38.7001 61.7325,
	38.8138 61.8178,
	38.8423 61.9315,
	38.8138 62.0453,
	38.7427 62.159,
	38.7427 62.2727,
	38.7427 62.3296,
	38.6717 62.4434,
	38.6148 62.5002,
	38.6006 62.614,
	38.6432 62.7277,
	38.6859 62.7846,
	38.7001 62.8415,
	38.6717 62.8983,
	38.5579 62.9978,
	38.3304 63.0689,
	38.2736 63.0689,
	37.9608 63.5239,
	37.7902 63.7514,
	37.3352 64.121,
	37.2215 64.1921,
	36.994 64.3912,
	36.7665 64.3201,
	36.6528 64.2632,
	36.5959 64.3059,
	36.5248 64.4196,
	36.4253 64.5333,
	36.4111 64.5476,
	36.3684 64.4907,
	36.3542 64.3769,
	36.2973 64.2632,
	36.1978 64.1495,
	36.1694 64.121,
	36.1552 64.0642,
	36.0556 63.9504,
	35.9988 63.922,
	35.9419 63.9504,
	35.885 63.9362,
	35.7713 63.9504,
	35.6575 63.9362,
	35.4301 63.8082,
	35.2026 63.7656,
	34.7476 63.5808,
	34.6339 63.5381,
	34.6055 63.5097,
	34.378 63.467,
	34.2642 63.5097,
	34.0367 63.5097,
	33.9799 63.5097,
	33.8661 63.4528,
	33.7524 63.4955,
	33.6955 63.5097,
	33.5818 63.4812,
	33.5249 63.4386,
	33.2974 63.4102,
	33.1837 63.4386,
	32.9562 63.4102,
	32.8425 63.3959,
	32.615 63.4244,
	32.5013 63.3959,
	32.2738 63.4528,
	32.2169 63.4812,
	32.16 63.467,
	32.0463 63.5097,
	31.9326 63.4955,
	31.8188 63.4528,
	31.7619 63.4244,
	31.7051 63.3675,
	31.6766 63.3106,
	31.2217 62.8699,
	30.9942 62.7561,
	30.7667 62.5998,
	30.653 62.5002,
	30.525 62.2727,
	30.4539 62.0453,
	30.3971 61.9315,
	30.3971 61.8747,
	30.4255 61.8178,
	30.4255 61.704,
	30.525 61.4766,
	30.5392 61.4197,
	30.4824 61.306,
	30.3971 61.1922,
	30.3828 61.0785,
	30.3971 60.9647,
	30.3828 60.9079,
	30.4113 60.7941,
	30.3544 60.5666,
	"/>
</Transform>

<Transform dim="0"
 xcoef=" 0 1 0 0 0 0"
 ycoef=" 0 0 1 0 0 0">
<Contour name="TB1_AP34_EM" hidden="false" closed="true" simplified="false" border="0 1 0" fill="0 1 0" mode="9"
 points="29.9137 57.2113,
	29.9563 56.9838,
	29.9705 56.8701,
	30.0132 56.7564,
	30.0701 56.7137,
	30.1838 56.7137,
	30.2975 56.6853,
	30.326 56.671,
	30.4397 56.7137,
	30.4966 56.7421,
	30.525 56.7564,
	30.7383 56.5431,
	30.7952 56.5004,
	31.0226 56.4862,
	31.1364 56.4862,
	31.2501 56.5147,
	31.307 56.5573,
	31.4207 56.5573,
	31.5345 56.5147,
	31.7619 56.472,
	31.8757 56.3725,
	31.9326 56.3583,
	31.961 56.344,
	32.0179 56.3583,
	32.0463 56.344,
	32.2738 56.4436,
	32.3875 56.5147,
	32.487 56.6284,
	32.5297 56.6853,
	32.5866 56.7137,
	33.0415 56.6426,
	33.269 56.6142,
	33.3827 56.5715,
	33.4965 56.5004,
	33.6102 56.472,
	33.8377 56.5147,
	34.0652 56.6284,
	34.1789 56.6568,
	34.2927 56.7421,
	34.3495 56.7848,
	34.378 56.8417,
	34.6055 57.0123,
	34.7192 57.1118,
	34.9467 57.2397,
	35.0604 57.2824,
	35.0888 57.3108,
	35.1173 57.3108,
	35.231 57.4104,
	35.2595 57.4388,
	35.2452 57.4957,
	35.0178 57.453,
	34.904 57.4104,
	34.8471 57.3819,
	34.8187 57.3535,
	34.7903 57.3677,
	34.7761 57.4246,
	34.7761 57.453,
	34.9751 57.6805,
	34.9893 57.7374,
	34.9751 57.7942,
	34.9609 57.8227,
	35.1742 58.0359,
	35.1884 58.0501,
	35.2026 58.0217,
	35.2452 58.1355,
	35.3448 58.2492,
	35.3732 58.3061,
	35.3732 58.3629,
	35.3305 58.4198,
	35.3021 58.434,
	35.1742 58.2208,
	35.1457 58.1639,
	35.0888 58.107,
	35.032 57.9933,
	34.9751 57.9364,
	34.9325 57.908,
	34.9182 57.9222,
	34.8614 57.8795,
	34.6339 57.7942,
	34.5201 57.7942,
	34.4064 57.7516,
	34.1789 57.7374,
	34.0794 57.6236,
	34.0652 57.3961,
	34.0652 57.3393,
	34.0652 57.3108,
	34.0083 57.2682,
	33.8946 57.254,
	33.7808 57.3393,
	33.6671 57.3819,
	33.5534 57.3819,
	33.4396 57.4246,
	33.4112 57.3819,
	33.3543 57.4246,
	33.3117 57.3677,
	33.1979 57.3251,
	33.0842 57.3108,
	33.0273 57.3108,
	32.9136 57.2397,
	32.6861 57.2113,
	32.5723 57.2113,
	32.3449 57.3393,
	32.2311 57.3819,
	31.7762 57.4388,
	31.5487 57.6521,
	31.4349 57.6947,
	31.3781 57.7089,
	31.3496 57.7089,
	31.2928 57.6663,
	31.179 57.7658,
	31.1222 57.8084,
	31.0653 57.8227,
	30.9942 57.9222,
	30.9658 58.0359,
	30.8947 58.1355,
	30.8378 58.1781,
	30.7809 58.2918,
	30.8378 58.5193,
	30.8236 58.7468,
	30.7667 58.9743,
	30.7952 59.2018,
	30.8094 59.2586,
	30.7667 59.3155,
	30.7098 59.3155,
	30.653 59.2729,
	30.6245 59.0454,
	30.5819 58.9885,
	30.4682 58.5335,
	30.3971 58.4198,
	30.3828 58.3914,
	30.326 58.3771,
	30.2691 58.4056,
	30.2122 58.4056,
	30.1838 58.4056,
	30.1269 58.3487,
	30.1127 58.235,
	30.1411 58.0075,
	30.1554 57.9506,
	30.1411 57.8938,
	30.0416 57.78,
	30.0274 57.5525,
	29.9848 57.4388,
	29.9137 57.3251,
	29.9137 57.2255,
	"/>
</Transform>

<Transform dim="0"
 xcoef=" 0 1 0 0 0 0"
 ycoef=" 0 0 1 0 0 0">
<Contour name="TB1_AP35_EM" hidden="false" closed="true" simplified="true" border="0.835294 0 0" fill="1 0 0" mode="9"
 points="28.1408 30.377,
	28.1752 30.3082,
	28.244 30.2566,
	28.3816 30.2049,
	28.5193 30.1017,
	28.6053 29.9641,
	28.6569 29.8265,
	28.6913 29.5513,
	28.6913 29.4825,
	28.7429 29.3449,
	28.7257 29.2761,
	28.7429 29.1385,
	28.6397 28.8633,
	28.5881 28.7257,
	28.6053 28.5881,
	28.5537 28.4504,
	28.33 28.1752,
	28.2784 28.0376,
	28.3644 27.7624,
	28.416 27.6248,
	28.4504 27.3496,
	28.416 27.0744,
	28.4332 26.7992,
	28.5537 26.2487,
	28.6053 25.9735,
	28.5881 25.8359,
	28.5537 25.7843,
	28.6053 25.7155,
	28.6741 25.7155,
	28.8117 25.8015,
	28.8633 25.9391,
	28.9493 26.0767,
	29.0353 26.3519,
	29.0525 26.4895,
	29.1213 26.6271,
	29.1557 26.7647,
	29.1729 26.8336,
	29.2589 26.9712,
	29.3105 27.1088,
	29.3965 27.2464,
	29.4309 27.384,
	29.4481 27.4528,
	29.5857 27.5732,
	29.6717 27.8484,
	29.6889 27.986,
	29.6717 28.1236,
	29.6889 28.3988,
	29.7405 28.5365,
	29.8265 28.6741,
	29.8437 28.7429,
	29.8265 28.8805,
	29.8781 29.1557,
	29.9469 29.2245,
	29.9813 29.2589,
	29.9641 29.3965,
	30.0329 29.6717,
	30.0845 30.2221,
	30.1189 30.4974,
	30.1017 30.5662,
	30.1189 30.635,
	30.1705 30.7038,
	30.3082 30.7726,
	30.3942 30.893,
	30.4458 30.9618,
	30.4286 31.237,
	30.3082 31.5122,
	30.1533 31.7874,
	30.1189 31.8562,
	30.1017 32.1315,
	30.0329 32.4067,
	30.0501 32.5443,
	30.1017 32.6819,
	30.2221 32.8195,
	30.2393 32.9571,
	30.2049 33.0947,
	30.0845 33.2151,
	30.0501 33.3527,
	29.9641 33.4903,
	29.8953 33.5075,
	29.7577 33.4387,
	29.6201 33.4043,
	29.5513 33.4387,
	29.4137 33.4215,
	29.2761 33.3527,
	29.1385 33.2151,
	29.0525 33.0775,
	28.8461 32.5271,
	28.8289 31.9767,
	28.8461 31.7014,
	28.8289 31.5638,
	28.8117 31.495,
	28.5537 31.237,
	28.2268 30.6866,
	28.1408 30.4114,
	28.1408 30.3942,
	"/>
</Transform>

<Transform dim="0"
 xcoef=" 0 1 0 0 0 0"
 ycoef=" 0 0 1 0 0 0">
<Contour name="TB1_AP51_EM" hidden="false" closed="true" simplified="true" border="0 0.501961 1" fill="0.501961 1 1" mode="9"
 points="31.0803 63.2548,
	31.1694 63.153,
	31.1948 63.1276,
	31.2966 63.1149,
	31.3984 63.1276,
	31.4493 63.153,
	31.6147 63.3566,
	31.7165 63.4456,
	31.8182 63.5092,
	31.92 63.522,
	32.3271 63.4711,
	32.5307 63.4838,
	32.7342 63.4711,
	32.836 63.4584,
	33.0396 63.4711,
	33.1413 63.4329,
	33.2431 63.4202,
	33.3449 63.4329,
	33.5485 63.5474,
	33.5993 63.5601,
	33.7011 63.5474,
	33.9047 63.5601,
	33.9556 63.5856,
	34.1591 63.5983,
	34.2609 63.5601,
	34.3118 63.5347,
	34.4136 63.522,
	34.5153 63.5347,
	34.5408 63.5347,
	34.6426 63.611,
	34.6935 63.6492,
	34.897 63.7128,
	34.9988 63.751,
	35.0497 63.7764,
	35.1006 63.7764,
	35.126 63.8019,
	35.3296 63.84,
	35.5331 63.9291,
	35.6349 63.9545,
	35.7367 64.0054,
	35.8384 64.0181,
	35.8893 64.0309,
	35.9402 64.0181,
	35.9784 63.98,
	36.1819 64.1199,
	36.2456 64.2217,
	36.271 64.2471,
	36.3092 64.4507,
	36.3219 64.6542,
	36.3092 64.8578,
	36.2964 64.9596,
	36.2583 65.0614,
	36.2456 65.1122,
	36.1947 65.1504,
	36.1565 65.0995,
	36.1565 64.9977,
	36.1565 64.9723,
	36.1056 64.9214,
	36.042 64.7179,
	35.9784 64.6161,
	35.9402 64.5652,
	35.8893 64.5397,
	35.7876 64.5397,
	35.7494 64.5906,
	35.7112 64.7942,
	35.6858 64.8451,
	35.6349 64.896,
	35.5967 64.9977,
	35.5967 65.0486,
	35.5967 65.0741,
	35.6985 65.1377,
	35.8003 65.1759,
	35.8512 65.2776,
	35.8766 65.2904,
	35.9275 65.2649,
	36.0293 65.3031,
	36.0674 65.354,
	36.042 65.3921,
	35.8384 65.4812,
	35.7367 65.5194,
	35.6985 65.5575,
	35.6476 65.5194,
	35.5458 65.5957,
	35.5077 65.583,
	35.3041 65.6593,
	35.2532 65.7102,
	35.1514 65.7738,
	35.1006 65.7992,
	34.897 66.0028,
	34.4899 66.0664,
	34.439 66.0664,
	34.4136 66.0664,
	34.3754 66.1173,
	34.3245 66.1427,
	34.2227 66.1046,
	34.121 66.0919,
	33.9174 66.1173,
	33.8665 66.1173,
	33.8411 66.1046,
	33.6375 66.1682,
	33.434 66.13,
	33.3322 66.1555,
	33.2304 66.1555,
	33.1286 66.13,
	32.9251 66.1682,
	32.8233 66.2064,
	32.6197 66.1682,
	32.518 66.1555,
	32.3144 66.0664,
	32.2253 65.9646,
	32.1108 65.7611,
	32.0727 65.5575,
	32.0727 65.4557,
	31.9836 65.0486,
	31.9073 64.9596,
	31.8055 64.9341,
	31.7037 64.9341,
	31.602 64.9087,
	31.5002 64.8324,
	31.4238 64.7306,
	31.4111 64.6797,
	31.4366 64.6288,
	31.3984 64.5779,
	31.3984 64.3744,
	31.3348 63.9672,
	31.3093 63.8655,
	31.1821 63.6619,
	31.1185 63.5601,
	31.0803 63.3566,
	31.0803 63.2675,
	"/>
</Transform>

<Transform dim="0"
 xcoef=" 0 1 0 0 0 0"
 ycoef=" 0 0 1 0 0 0">
<Contour name="TB1_AP38_EM" hidden="false" closed="true" simplified="true" border="0.501961 1 0.501961" fill="0.501961 1 0.501961" mode="9"
 points="28.9052 60.223,
	28.9802 60.1031,
	29.0401 60.0881,
	29.1 60.1181,
	29.175 59.9982,
	29.2049 59.8784,
	29.2349 59.8184,
	29.2649 59.7884,
	29.2799 59.5487,
	29.3248 59.4288,
	29.3398 59.3089,
	29.3248 59.249,
	29.3398 59.1891,
	29.4597 59.0842,
	29.5046 59.0242,
	29.5196 58.9643,
	29.4447 58.4848,
	29.4447 58.4249,
	29.5496 58.305,
	29.5046 58.1851,
	29.5646 58.1401,
	29.5945 58.1252,
	29.8343 58.2301,
	29.8792 58.26,
	29.8942 58.32,
	29.8792 58.3799,
	29.8643 58.3949,
	29.8942 58.4548,
	29.9092 58.4848,
	29.8792 58.5447,
	29.8193 58.6047,
	29.8043 58.6646,
	29.8493 58.9044,
	29.8343 59.0242,
	29.8193 59.0842,
	29.8643 59.204,
	29.9392 59.3239,
	29.9841 59.5637,
	30.0141 59.6236,
	29.9991 59.7435,
	30.0291 59.7585,
	30.0141 59.9982,
	30.0291 60.0582,
	30.149 60.1331,
	30.2089 60.1631,
	30.2838 60.2829,
	30.2988 60.3429,
	30.2688 60.4628,
	30.2988 60.9423,
	30.3587 61.182,
	30.4187 61.3019,
	30.4487 61.4218,
	30.4487 61.4817,
	30.3288 61.7215,
	30.3587 61.9612,
	30.4487 62.201,
	30.5685 62.4407,
	30.6435 62.5606,
	30.7483 62.6805,
	30.8682 62.7404,
	30.9731 62.8453,
	31.048 62.9652,
	31.093 63.0251,
	31.063 63.0851,
	31.0031 63.145,
	30.9881 63.2049,
	31.2878 64.1639,
	31.2728 64.4037,
	31.3028 64.5236,
	31.3028 64.6434,
	31.3477 64.7633,
	31.4226 64.8832,
	31.4826 64.9431,
	31.5126 64.9731,
	31.7523 65.0031,
	31.8572 65.123,
	31.9621 65.3627,
	31.9621 65.4826,
	32.052 65.7223,
	32.067 65.8422,
	32.1269 65.9621,
	32.3667 66.1719,
	32.4866 66.2318,
	32.5465 66.2168,
	32.6664 66.2468,
	32.9061 66.2318,
	33.1459 66.1869,
	33.3856 66.2468,
	33.8651 66.1869,
	33.985 66.1419,
	34.0449 66.1269,
	34.1648 66.1419,
	34.2847 66.1869,
	34.5245 66.1119,
	34.7642 66.082,
	35.004 65.9771,
	35.2437 65.7523,
	35.3636 65.6774,
	35.6033 65.6025,
	35.7232 65.6474,
	35.963 65.4976,
	36.2027 65.3028,
	36.2926 65.1829,
	36.3376 65.123,
	36.3526 65.0031,
	36.3526 64.9431,
	36.4425 64.7034,
	36.5174 64.5835,
	36.6373 64.4636,
	36.6972 64.4187,
	36.8171 64.4486,
	36.877 64.4786,
	36.9969 64.4636,
	37.1168 64.4037,
	37.3565 64.2089,
	37.4764 64.089,
	37.7162 63.9691,
	37.836 63.8942,
	38.0159 63.6545,
	38.1357 63.4147,
	38.3156 63.175,
	38.5553 62.9802,
	38.6602 62.8603,
	38.6752 62.7404,
	38.6452 62.6205,
	38.6602 62.5606,
	38.6602 62.5306,
	38.7501 62.4107,
	38.81 62.2909,
	38.81 62.171,
	38.855 62.0511,
	38.9 61.9912,
	38.9 61.9312,
	38.84 61.8114,
	38.7201 61.7065,
	38.6003 61.6615,
	38.5403 61.6465,
	38.4804 61.6615,
	38.2406 61.4517,
	38.0908 61.212,
	38.0458 61.0921,
	38.0308 61.0621,
	38.0758 60.9423,
	38.1507 60.8224,
	38.1507 60.7025,
	38.1807 60.5826,
	38.1807 60.5227,
	38.2107 60.4628,
	38.2406 60.4328,
	38.3605 60.4178,
	38.4654 60.2979,
	38.4804 60.238,
	38.4504 60.1181,
	38.4204 60.0582,
	38.4204 59.9383,
	38.4504 59.8184,
	38.4354 59.5787,
	38.1957 59.3539,
	38.0908 59.249,
	38.0758 59.1291,
	38.1208 58.8894,
	38.3605 58.4099,
	38.3455 58.3949,
	38.6302 57.9154,
	38.87 57.6756,
	38.9899 57.6007,
	39.1547 57.3609,
	39.3495 57.1212,
	39.4394 56.8814,
	39.4993 56.6417,
	39.5293 56.5218,
	39.5443 56.4619,
	39.6042 56.4169,
	39.6192 56.4019,
	39.7391 56.4619,
	39.859 56.4769,
	39.9788 56.4619,
	40.0987 56.4769,
	40.1437 56.5218,
	39.9039 56.6717,
	39.799 56.7915,
	39.784 56.8515,
	39.799 56.9713,
	39.8889 57.2111,
	39.9189 57.331,
	39.9189 57.3909,
	39.799 57.6307,
	39.784 57.7505,
	39.7691 57.8105,
	39.814 58.0502,
	39.6941 58.5297,
	39.6492 58.7695,
	39.6342 59.0092,
	39.5892 59.249,
	39.5743 59.3689,
	39.6492 59.8484,
	39.6192 60.0881,
	39.6042 60.208,
	39.6342 60.4478,
	39.7541 60.9273,
	39.829 61.4068,
	39.7541 62.3658,
	39.7391 62.8453,
	39.7241 63.0851,
	39.6791 63.3248,
	39.5143 63.8043,
	39.3944 64.2838,
	39.2296 64.7633,
	39.0648 65.0031,
	38.825 65.2129,
	38.7052 65.3028,
	38.6452 65.3477,
	38.4804 65.8272,
	38.3455 66.067,
	38.1507 66.3067,
	38.0908 66.3517,
	38.0308 66.3667,
	37.866 66.5914,
	37.7461 66.6364,
	37.6862 66.6664,
	37.5963 66.7862,
	37.3565 66.9061,
	37.1168 67.1009,
	36.6373 67.3257,
	36.5174 67.3407,
	36.4575 67.3407,
	36.3376 67.2807,
	36.2177 67.3257,
	36.1428 67.4456,
	35.903 67.4755,
	35.8431 67.4755,
	35.7832 67.5055,
	35.6783 67.6254,
	35.5584 67.6703,
	35.4985 67.6853,
	35.3786 67.6553,
	35.2587 67.6703,
	35.1988 67.6553,
	35.0789 67.7003,
	34.8391 67.6853,
	34.7193 67.6404,
	34.4795 67.6553,
	34.2397 67.7003,
	34.1199 67.6254,
	33.8801 67.5804,
	33.6404 67.5654,
	33.1609 67.4905,
	32.6814 67.2657,
	32.4416 67.1309,
	31.9621 66.9061,
	31.4826 66.6214,
	31.4226 66.5765,
	31.3028 66.3367,
	30.9132 65.8572,
	30.4786 65.3777,
	30.2389 65.1679,
	30.1789 65.123,
	30.119 65.0031,
	30.089 64.8832,
	30.089 64.8233,
	29.8643 64.3438,
	29.7893 64.104,
	29.7743 63.9841,
	29.6994 63.7444,
	29.6395 63.6245,
	29.6095 63.5046,
	29.6095 63.4447,
	29.5346 63.3248,
	29.4597 63.0851,
	29.3698 62.6055,
	29.3698 62.5456,
	29.2649 62.3059,
	29.2199 62.186,
	29.175 61.7065,
	29.13 61.4667,
	29.1 60.9872,
	29.0251 60.7475,
	28.9202 60.5077,
	28.9052 60.268,
	28.9052 60.238,
	"/>
</Transform>

<Transform dim="0"
 xcoef=" 0 1 0 0 0 0"
 ycoef=" 0 0 1 0 0 0">
<Contour name="TB1_AP39_EM" hidden="false" closed="true" simplified="true" border="0 1 0.25098" fill="1 0 0" mode="9"
 points="32.958 33.8695,
	32.9937 33.798,
	33.0652 33.7802,
	33.2082 33.798,
	33.2797 33.7802,
	33.3512 33.7087,
	33.2618 33.4227,
	33.244 33.3512,
	33.2976 33.2082,
	33.4227 33.1189,
	33.5657 33.0652,
	33.6372 32.9223,
	33.7444 32.7793,
	33.8159 32.6363,
	33.8338 32.3503,
	33.9231 32.2073,
	34.0661 32.1716,
	34.1376 32.1358,
	34.227 31.9929,
	34.2806 31.8499,
	34.3521 31.7962,
	34.4236 31.8141,
	34.5487 31.9571,
	34.6381 32.1001,
	34.7096 32.1716,
	34.7453 32.2431,
	34.7811 32.2609,
	34.8525 32.2252,
	34.8883 32.2073,
	35.0313 32.3146,
	35.1028 32.3146,
	35.1385 32.2967,
	35.2458 32.4397,
	35.3172 32.5827,
	35.3709 32.6542,
	35.5139 32.6899,
	35.5853 32.7435,
	35.6032 32.815,
	35.639 32.8329,
	35.7819 32.7256,
	35.9249 32.7078,
	36.2109 32.5469,
	36.3003 32.4039,
	36.336 32.3324,
	36.4075 32.2788,
	36.479 32.3146,
	36.5147 32.3503,
	36.5147 32.4218,
	36.5505 32.4933,
	36.622 32.5112,
	36.765 32.4754,
	36.8007 32.4754,
	36.9258 32.6184,
	37.0509 32.9044,
	37.1224 33.0474,
	37.1582 33.3333,
	37.2475 33.6193,
	37.2118 33.9053,
	37.2475 34.0483,
	37.1224 34.3342,
	37.0688 34.6202,
	37.0509 34.7632,
	37.1046 35.0492,
	37.2297 35.1564,
	37.319 35.2994,
	37.3012 35.3709,
	37.3548 35.5139,
	37.4441 35.6568,
	37.5693 35.7998,
	37.6229 35.8713,
	37.6408 35.9428,
	37.6229 36.0143,
	37.4978 36.1573,
	37.462 36.4433,
	37.462 36.5147,
	37.4441 36.5505,
	37.5871 36.6399,
	37.8731 36.8722,
	38.0161 36.9616,
	38.1948 37.2475,
	38.4272 37.5335,
	38.5523 37.6765,
	38.6238 37.8195,
	38.6416 37.891,
	38.6953 37.9446,
	38.8025 38.2306,
	38.8383 38.3735,
	38.8561 38.445,
	38.8204 38.731,
	38.8204 38.874,
	38.8025 38.9455,
	38.8919 39.2315,
	38.9097 39.3744,
	38.874 39.5174,
	38.7846 39.6604,
	38.7668 39.6783,
	38.731 39.6425,
	38.6774 39.3566,
	38.6953 39.2136,
	38.6416 39.1421,
	38.5523 39.2672,
	38.4987 39.303,
	38.3557 39.2851,
	38.2842 39.2672,
	38.1412 39.3566,
	38.0518 39.4996,
	38.034 39.571,
	38.0876 39.714,
	38.1055 39.857,
	38.2306 40.143,
	38.2663 40.286,
	38.2663 40.3575,
	38.2127 40.3932,
	37.9267 40.286,
	37.7837 40.3038,
	37.6408 40.286,
	37.4978 40.2145,
	37.3548 40.3038,
	37.3369 40.3396,
	37.3727 40.4111,
	37.3012 40.4647,
	37.1582 40.429,
	37.0867 40.429,
	37.0152 40.3932,
	36.9973 40.3753,
	37.1046 40.2324,
	37.0867 40.1609,
	37.0152 40.1072,
	36.7292 40.1072,
	36.5862 40.0357,
	36.4433 40,
	36.3718 40,
	36.2288 39.8749,
	36.0858 39.7855,
	36.0143 39.6425,
	35.5675 39.0706,
	35.4602 38.9276,
	35.3172 38.8383,
	35.1921 38.6953,
	35.1028 38.5702,
	34.9598 38.4808,
	34.8347 38.3378,
	34.7096 38.2306,
	34.6381 38.0876,
	34.513 37.9446,
	34.4415 37.8016,
	34.4236 37.6586,
	34.4593 37.3727,
	34.4772 37.3012,
	34.3878 37.1582,
	34.3878 37.0867,
	34.3521 37.0688,
	34.2091 37.1224,
	34.1376 37.0688,
	34.0125 36.7828,
	33.9231 36.6399,
	33.798 36.4969,
	33.7087 36.2109,
	33.7087 36.0679,
	33.6193 35.7819,
	33.5836 35.639,
	33.6193 35.5675,
	33.6372 35.5496,
	33.4942 35.496,
	33.3512 35.4781,
	33.0831 34.9062,
	33.0116 34.6202,
	32.958 34.0483,
	32.958 33.9053,
	32.958 33.8874,
	"/>
</Transform>

<Transform dim="0"
 xcoef=" 0 1 0 0 0 0"
 ycoef=" 0 0 1 0 0 0">
<Contour name="TB1_AP40_EM" hidden="false" closed="true" simplified="true" border="0 0.733333 0" fill="1 0 0" mode="9"
 points="32.6629 25.8287,
	32.756 25.6797,
	33.0353 25.4003,
	33.1471 25.2514,
	33.2029 25.1769,
	33.2402 25.0279,
	33.2402 24.73,
	33.1843 24.581,
	33.1471 24.5065,
	33.1657 24.2085,
	33.3333 23.9106,
	33.3705 23.8733,
	33.3705 23.8361,
	33.6126 23.5382,
	33.6871 23.3892,
	33.8361 23.2588,
	33.9106 23.2402,
	34.1899 23.5195,
	34.2644 23.5382,
	34.3389 23.594,
	34.4879 23.6126,
	34.5623 23.6313,
	34.5996 23.6313,
	34.8417 23.3519,
	34.8789 23.3147,
	35.0279 23.2961,
	35.0651 23.3147,
	35.2141 23.2588,
	35.3631 23.2402,
	35.4376 23.2216,
	35.5866 23.2774,
	35.7355 23.203,
	35.81 23.1843,
	35.959 23.2402,
	36.2569 23.1285,
	36.4059 23.1657,
	36.5549 23.2588,
	36.6294 23.2216,
	36.7597 23.0912,
	36.797 23.0726,
	36.946 23.1471,
	37.0763 23.2961,
	37.2439 23.594,
	37.3929 23.7057,
	37.5419 23.7802,
	37.6163 23.7989,
	37.6722 23.8547,
	37.635 24.1527,
	37.6722 24.3017,
	37.9702 24.8976,
	38.0633 25.0465,
	38.0819 25.3445,
	37.9888 25.6424,
	37.9515 25.7914,
	37.9329 26.0894,
	37.9888 26.6853,
	38.1005 26.9832,
	38.2495 27.2812,
	38.3054 27.8771,
	38.2867 28.026,
	38.3054 28.175,
	38.2867 28.2495,
	38.1378 28.3799,
	37.9888 28.4357,
	37.9143 28.5847,
	37.8957 28.6592,
	37.9702 28.8082,
	38.0074 28.8827,
	37.9888 29.0316,
	37.8584 29.3296,
	37.8026 29.6275,
	37.8584 29.9255,
	37.8771 30.0745,
	37.8584 30.3724,
	37.8584 30.4469,
	37.5232 31.0428,
	37.3184 31.3408,
	37.1694 31.4339,
	37.0763 31.5828,
	37.0018 31.6387,
	36.8528 31.6946,
	36.6108 31.9367,
	36.3128 32.0298,
	36.2756 32.0484,
	36.2383 32.0298,
	36.2197 31.8808,
	36.1638 31.7318,
	36.0149 30.54,
	36.0149 30.391,
	35.9776 30.2421,
	35.9404 30.1676,
	35.9031 30.1303,
	35.8659 30.1489,
	35.8286 30.2979,
	35.7914 30.3724,
	35.7355 30.6704,
	35.6983 30.7448,
	35.6797 30.8938,
	35.661 30.9683,
	35.5307 31.0614,
	35.3817 31.08,
	35.3072 31.0614,
	35.0093 30.7635,
	34.8789 30.6145,
	34.6927 30.3165,
	34.581 30.1676,
	34.5251 30.0186,
	34.5437 29.4227,
	34.5251 28.8268,
	34.432 28.5288,
	34.3203 28.3799,
	34.2458 28.3612,
	34.1713 28.3985,
	34.134 28.473,
	34.134 28.5102,
	34.0968 28.5475,
	34.0223 28.5288,
	33.9106 27.9329,
	33.8547 27.8584,
	33.8547 27.8212,
	33.7244 27.6722,
	33.6871 27.5232,
	33.7057 26.9273,
	33.7616 26.7784,
	33.8361 26.7225,
	33.9106 26.7039,
	34.0037 26.5549,
	34.0223 26.4804,
	34.0037 26.4246,
	33.8547 26.5177,
	33.7057 26.5735,
	33.6499 26.5363,
	33.5195 26.6666,
	33.445 26.7225,
	33.2961 26.6853,
	33.2588 26.6666,
	33.1843 26.6853,
	33.1098 26.6294,
	33.0726 26.5549,
	33.0353 26.5363,
	32.9981 26.5735,
	32.9236 26.5735,
	32.8119 26.4246,
	32.7188 26.1266,
	32.6629 25.9776,
	32.6629 25.8473,
	"/>
</Transform>

<Transform dim="0"
 xcoef=" 0 1 0 0 0 0"
 ycoef=" 0 0 1 0 0 0">
<Contour name="TB1_AP07_EM" hidden="false" closed="true" simplified="true" border="0 0.501961 1" fill="0 1 0" mode="9"
 points="29.438 45.6138,
	29.515 45.3058,
	29.5728 45.1518,
	29.592 44.5358,
	29.6305 44.3818,
	29.9193 43.7658,
	30.0926 43.1498,
	30.1503 42.8418,
	30.1503 42.6878,
	30.2466 42.3798,
	30.2658 42.0718,
	30.3621 41.9178,
	30.4391 41.8601,
	30.5931 41.8216,
	30.9011 41.6676,
	31.0551 41.6483,
	31.0936 41.6291,
	31.2476 41.6483,
	31.4016 41.6098,
	31.4786 41.6291,
	31.7866 41.5136,
	31.8636 41.4943,
	31.9406 41.5136,
	31.6326 41.7253,
	31.3246 41.9756,
	31.0166 42.1296,
	30.8626 42.2258,
	30.7086 42.3606,
	30.6123 42.4953,
	30.5931 42.5723,
	30.6123 42.7263,
	30.7471 43.0343,
	30.7663 43.1883,
	30.7663 43.2653,
	30.6701 43.5733,
	30.7086 43.8813,
	30.6508 44.1893,
	30.6316 44.8053,
	30.6701 45.4213,
	30.7856 46.0374,
	30.8048 46.3454,
	30.8626 46.6534,
	30.8818 46.8074,
	31.2668 48.0394,
	31.4401 48.3474,
	31.6518 48.6554,
	31.7673 48.8094,
	31.9791 49.4254,
	32.0368 49.7334,
	32.3256 50.3494,
	32.5951 50.6574,
	32.9031 50.8884,
	33.2111 51.1964,
	33.3651 51.3312,
	33.6731 51.4852,
	33.8271 51.5622,
	33.9811 51.5814,
	34.2891 51.5429,
	34.4431 51.5237,
	34.5971 51.5814,
	34.7511 51.6007,
	35.3671 51.3312,
	35.6751 51.1194,
	35.9254 50.8114,
	36.2334 50.5226,
	36.5414 50.3109,
	36.8494 50.1761,
	37.0034 50.1761,
	37.3114 50.2916,
	37.3884 50.3301,
	37.4076 50.3301,
	37.4461 50.3879,
	37.4654 50.6959,
	37.4846 50.8499,
	37.5039 50.9269,
	37.6386 51.0809,
	37.9466 51.2734,
	38.2546 51.5044,
	38.3316 51.5044,
	38.4664 51.6007,
	38.5241 51.6777,
	38.5049 51.9857,
	38.5049 52.1397,
	38.5241 52.2167,
	38.5241 52.2552,
	38.5819 52.3322,
	38.6781 52.3899,
	38.6396 52.6979,
	38.6204 52.7749,
	38.6781 53.0829,
	38.6974 53.3909,
	38.7936 53.6989,
	38.8321 53.7759,
	38.8321 53.9299,
	38.6781 54.5459,
	38.6011 55.1619,
	38.5241 55.4699,
	38.4856 55.5469,
	38.1776 55.855,
	38.0236 56.009,
	37.9466 56.086,
	37.7926 56.163,
	37.6579 56.2977,
	37.6001 56.3555,
	37.4461 56.3747,
	37.2921 56.4517,
	37.1381 56.5672,
	36.8494 56.856,
	36.5414 57.0485,
	36.1756 57.6452,
	35.9639 58.2612,
	35.9639 58.4152,
	35.9831 58.4922,
	35.9446 58.5692,
	35.8676 58.627,
	35.7136 58.5692,
	35.5981 58.4152,
	35.5211 58.3382,
	35.4441 58.1842,
	35.1939 57.8762,
	35.0976 57.7222,
	35.0399 57.6452,
	35.0206 57.626,
	35.0976 57.5875,
	35.2516 57.6452,
	35.3286 57.6067,
	35.3671 57.5297,
	35.1939 57.2217,
	35.0399 57.087,
	34.4238 56.7405,
	33.8078 56.4325,
	33.4998 56.3362,
	33.1918 56.471,
	33.0378 56.548,
	32.8838 56.5865,
	32.7298 56.548,
	32.5951 56.471,
	32.5566 56.4902,
	32.2486 56.317,
	32.0946 56.24,
	31.7866 55.9512,
	31.5556 55.6432,
	31.3438 55.0272,
	31.3246 54.8732,
	31.3823 54.5652,
	31.4016 54.4112,
	31.4208 54.3342,
	31.3438 54.0262,
	31.3823 53.7182,
	31.3631 53.4102,
	31.2091 52.7942,
	31.1321 52.1782,
	31.0743 51.8702,
	31.0551 51.5622,
	31.0936 51.4082,
	31.0936 51.2542,
	31.0358 51.1002,
	31.0358 50.7922,
	31.0551 50.6381,
	31.0166 50.4841,
	30.9973 50.4071,
	30.7663 50.0991,
	30.7278 49.7911,
	30.6508 49.4831,
	30.6123 49.3291,
	30.4006 49.0211,
	30.3813 48.9441,
	30.1118 48.6361,
	30.0156 48.3281,
	30.0156 48.0201,
	29.9578 47.7121,
	29.9 47.5581,
	29.9 47.2501,
	29.8808 47.0961,
	29.9 46.7881,
	29.9193 46.7111,
	29.8808 46.5571,
	29.8808 46.4031,
	29.823 46.2491,
	29.7845 46.1721,
	29.6305 46.0951,
	29.5535 46.0759,
	29.4765 46.0181,
	29.438 45.9796,
	29.438 45.6716,
	29.438 45.6331,
	"/>
</Transform>

<Transform dim="0"
 xcoef=" 0 1 0 0 0 0"
 ycoef=" 0 0 1 0 0 0">
<Contour name="TB1_NF02_EM" hidden="false" closed="true" simplified="true" border="0 0.501961 1" fill="0 0.501961 1" mode="-9"
 points="30.685 43.5872,
	30.762 43.4641,
	30.8082 43.4025,
	30.8852 43.3563,
	30.916 43.3255,
	30.9314 43.3871,
	30.8852 43.5102,
	30.7774 43.6026,
	30.7312 43.6488,
	30.7004 43.6488,
	30.685 43.6026,
	"/>
</Transform>

<Transform dim="0"
 xcoef=" 0 1 0 0 0 0"
 ycoef=" 0 0 1 0 0 0">
<Contour name="TB1_NF02_EM" hidden="false" closed="true" simplified="true" border="0 0.501961 1" fill="0 0.501961 1" mode="-9"
 points="31.7628 41.4009,
	32.0091 41.17,
	32.1169 41.0776,
	32.2247 40.8313,
	32.2401 40.7697,
	32.3325 40.6465,
	32.4402 40.4002,
	32.5018 40.277,
	32.6096 40.1538,
	32.6404 40.0307,
	32.6558 39.9691,
	33.0407 39.4764,
	33.0715 39.4456,
	33.0869 39.3224,
	33.0869 39.2608,
	33.2254 39.0145,
	33.3178 38.7681,
	33.5334 38.5372,
	33.5642 38.5218,
	33.6873 38.5526,
	33.9337 38.414,
	34.0568 38.3986,
	34.1184 38.4294,
	34.2416 38.4294,
	34.3494 38.5064,
	34.3802 38.5372,
	34.6265 38.5988,
	34.6881 38.6142,
	34.7959 38.7374,
	34.8421 38.8605,
	34.8421 38.9837,
	34.8883 39.1069,
	35.0422 39.3532,
	35.0884 39.4764,
	35.0884 39.538,
	35.1654 39.6611,
	35.2116 39.7843,
	35.1808 39.8459,
	34.9344 40.0153,
	34.7343 40.2616,
	34.6111 40.354,
	34.5495 40.4002,
	34.4879 40.4156,
	34.3648 40.5079,
	34.3032 40.5233,
	34.18 40.5079,
	34.0568 40.5387,
	33.9491 40.6465,
	33.8413 40.8929,
	33.7797 40.939,
	33.7489 40.9698,
	33.5026 41.0006,
	33.3794 41.0314,
	33.3486 41.0314,
	33.2408 41.1392,
	33.1793 41.1854,
	32.9329 41.247,
	32.8097 41.2008,
	32.7789 41.1854,
	32.6712 41.2778,
	32.548 41.2008,
	32.4248 41.1854,
	32.3017 41.2008,
	32.1785 41.2778,
	32.1169 41.3086,
	32.0861 41.3086,
	32.0245 41.3547,
	31.7782 41.4163,
	"/>
<Contour name="TB1_NF02_EM" hidden="false" closed="true" simplified="true" border="0 0.501961 1" fill="0 0.501961 1" mode="-9"
 points="31.3625 42.0168,
	31.5626 41.7858,
	31.6242 41.7397,
	31.8706 41.6935,
	31.9937 41.7089,
	32.0245 41.7704,
	32.0553 41.8012,
	32.0707 41.7858,
	32.0553 41.7551,
	32.0707 41.7397,
	32.1631 41.8628,
	32.2093 41.986,
	32.1939 42.1092,
	32.1785 42.1708,
	32.1169 42.2169,
	31.9937 42.2015,
	31.7474 42.1092,
	31.6242 42.0784,
	31.5626 42.063,
	31.4395 42.0784,
	31.3779 42.063,
	31.3625 42.0322,
	"/>
</Transform>

<Transform dim="0"
 xcoef=" 0 1 0 0 0 0"
 ycoef=" 0 0 1 0 0 0">
<Contour name="TB1_Shell_EM" hidden="false" closed="true" simplified="true" border="0 1 1" fill="0 1 1" mode="15"
 points="25.5075 27.6704,
	25.8059 25.2838,
	26.2534 22.8971,
	26.5517 21.7038,
	26.6263 21.1071,
	27.3721 18.7204,
	27.9688 17.5271,
	28.7146 16.3338,
	29.7588 15.215,
	30.9521 14.0963,
	31.2504 13.9471,
	31.4742 13.6488,
	32.6675 12.9775,
	35.0542 12.0079,
	35.6509 11.9333,
	38.0375 11.1129,
	42.8109 9.77043,
	44.0042 9.47209,
	44.3025 9.32292,
	46.6892 8.87542,
	47.8825 8.80084,
	49.0759 9.02459,
	49.6725 9.17376,
	50.8659 9.84501,
	51.4625 10.3671,
	51.8355 10.9638,
	52.2084 12.1571,
	52.1338 13.3504,
	51.91 14.5438,
	51.6863 15.1404,
	51.6117 15.4388,
	51.388 15.7371,
	50.9405 16.9304,
	50.7167 17.2288,
	50.6421 17.5271,
	50.4184 17.8254,
	50.4184 17.9746,
	49.6725 19.1679,
	49.3742 19.4663,
	49.0759 20.0629,
	48.2555 21.2563,
	47.7334 22.4496,
	47.5096 22.7479,
	46.7638 25.1346,
	46.6892 25.7313,
	46.54 26.0296,
	46.1671 28.4163,
	46.018 30.8029,
	45.9434 31.1013,
	46.018 33.4879,
	46.0925 34.6813,
	46.2417 35.2779,
	46.2417 37.6646,
	45.9434 40.0513,
	45.7942 41.2446,
	45.4959 42.438,
	45.4959 42.7363,
	45.2721 43.333,
	45.2721 43.6313,
	45.0484 44.228,
	45.0484 44.5263,
	44.8246 45.123,
	44.8246 45.4213,
	44.1534 47.808,
	43.7805 49.0013,
	43.4075 51.388,
	43.0346 56.1613,
	42.3634 60.9346,
	42.065 62.128,
	41.2446 64.5146,
	41.0209 65.1113,
	40.3496 66.3046,
	39.38 67.498,
	38.1867 68.393,
	36.9934 68.9151,
	36.3967 69.0642,
	35.2034 69.0642,
	34.01 68.8405,
	33.4134 68.7659,
	33.115 68.7659,
	32.5184 68.5421,
	31.3996 67.7217,
	30.43 66.603,
	29.6096 65.4096,
	28.9384 64.2163,
	27.9688 61.8296,
	27.2975 59.443,
	27.0738 57.0563,
	27.2229 52.283,
	27.4467 49.8963,
	28.2671 45.123,
	28.2671 42.7363,
	27.8942 40.3496,
	27.6704 39.1563,
	26.2534 34.3829,
	25.955 33.1896,
	25.8804 32.5929,
	25.6567 31.9963,
	25.5075 29.6096,
	25.5075 28.4163,
	25.5075 27.8196,
	25.5075 27.745,
	"/>
</Transform>

<Transform dim="0"
 xcoef=" 0 1 0 0 0 0"
 ycoef=" 0 0 1 0 0 0">
<Contour name="TB2_Shell_EM" hidden="false" closed="true" simplified="true" border="0.733333 1 1" fill="0 1 1" mode="9"
 points="96.916 9.19953,
	97.6648 7.48799,
	98.0926 6.63222,
	99.4833 4.92068,
	100.339 4.38582,
	101.195 4.17188,
	102.051 4.27885,
	102.906 4.81371,
	103.548 5.66948,
	103.762 6.52525,
	103.655 7.38102,
	103.548 7.8089,
	102.265 9.52044,
	101.516 10.3762,
	101.623 10.5902,
	100.874 11.4459,
	100.018 11.9808,
	99.5902 12.0878,
	98.7345 11.8738,
	97.8787 11.4459,
	97.4508 11.339,
	97.1299 11.018,
	96.916 10.1623,
	96.916 9.3065,
	"/>
</Transform>

<Transform dim="0"
 xcoef=" 0 1 0 0 0 0"
 ycoef=" 0 0 1 0 0 0">
<Contour name="TB1_NF3_RSL" hidden="false" closed="true" simplified="true" border="1 0.501961 0.25098" fill="1 0.501961 0" mode="-9"
 points="32.7719 24.5374,
	32.8446 24.4647,
	32.9277 24.4336,
	33.0107 24.4232,
	33.0938 24.4439,
	33.26 24.5789,
	33.2911 24.6205,
	33.3119 24.7866,
	33.3223 24.8281,
	33.3119 24.8489,
	33.3015 24.8385,
	33.3015 25.0047,
	33.2911 25.0877,
	33.26 25.1708,
	33.2288 25.2124,
	33.208 25.2227,
	33.208 25.2435,
	33.1665 25.285,
	33.125 25.3058,
	33.0419 25.2954,
	33.0004 25.2954,
	32.9588 25.2747,
	32.8654 25.1085,
	32.8031 24.9424,
	32.7719 24.6101,
	32.7719 24.5685,
	32.7719 24.5478,
	"/>
</Transform>

<Transform dim="0"
 xcoef=" 0 1 0 0 0 0"
 ycoef=" 0 0 1 0 0 0">
<Contour name="TB1_NF4_RSL" hidden="false" closed="true" simplified="true" border="1 1 0.501961" fill="1 1 0.501961" mode="-9"
 points="37.8808 24.3297,
	37.912 24.2882,
	38.0781 24.2363,
	38.1197 24.2259,
	38.1404 24.2259,
	38.2131 24.1532,
	38.2235 24.1116,
	38.2131 24.0286,
	38.2027 23.987,
	38.2235 23.9663,
	38.4935 24.2882,
	38.6492 24.4439,
	38.7116 24.527,
	38.7427 24.5685,
	38.7635 24.5893,
	38.8154 24.7555,
	38.8258 24.8385,
	38.8154 24.9216,
	38.8154 24.9631,
	38.7739 25.0047,
	38.7635 25.0254,
	38.7739 25.0462,
	38.7116 25.1085,
	38.67 25.1189,
	38.6285 25.1085,
	38.5869 25.1189,
	38.4208 25.0877,
	38.3793 25.0774,
	38.2443 24.9424,
	38.182 24.8593,
	38.0885 24.6932,
	38.0054 24.6205,
	37.9535 24.5374,
	37.9224 24.4959,
	37.8912 24.4128,
	37.8808 24.3401,
	"/>
</Transform>

<Transform dim="0"
 xcoef=" 0 1 0 0 0 0"
 ycoef=" 0 0 1 0 0 0">
<Contour name="TB1_NF5_RSL" hidden="false" closed="true" simplified="true" border="0.501961 1 0.501961" fill="0.501961 1 0.501961" mode="-9"
 points="37.6939 24.0078,
	37.7355 23.9247,
	37.7355 23.904,
	37.8185 23.8417,
	37.9847 23.8313,
	38.0677 23.8832,
	38.1404 23.9663,
	38.1716 24.0078,
	38.182 24.0909,
	38.1716 24.1324,
	38.1924 24.174,
	38.182 24.1947,
	38.0158 24.2466,
	37.9328 24.257,
	37.8497 24.2466,
	37.8081 24.2363,
	37.7874 24.2155,
	37.7666 24.2155,
	37.7251 24.174,
	37.6939 24.0909,
	37.6939 24.0182,
	"/>
</Transform>

<Transform dim="0"
 xcoef=" 0 1 0 0 0 0"
 ycoef=" 0 0 1 0 0 0">
<Contour name="TB1_NF6_RSL" hidden="false" closed="true" simplified="true" border="1 0.501961 0.501961" fill="1 0.501961 0.501961" mode="-9"
 points="40.7109 11.1449,
	40.7255 11.0864,
	40.7548 11.0278,
	40.7694 10.9986,
	40.8279 10.9401,
	40.8791 10.8962,
	40.8937 10.8962,
	40.9522 10.8597,
	41.0107 10.8377,
	41.04 10.8231,
	41.0546 10.8231,
	41.2886 10.6841,
	41.3471 10.6549,
	41.4641 10.633,
	41.5226 10.6256,
	41.7566 10.633,
	41.8737 10.6549,
	41.9322 10.6841,
	41.9907 10.728,
	42.0418 10.7865,
	42.0638 10.845,
	42.0711 10.962,
	42.0492 11.079,
	41.976 11.196,
	41.9468 11.2253,
	41.9322 11.2253,
	41.9248 11.2107,
	41.8956 11.218,
	41.8371 11.2545,
	41.8225 11.2545,
	41.7055 11.3204,
	41.6762 11.3277,
	41.6177 11.3642,
	41.6031 11.3789,
	41.5885 11.3789,
	41.4714 11.452,
	41.3544 11.4886,
	41.1204 11.5105,
	41.0619 11.5251,
	40.9449 11.5178,
	40.8279 11.4886,
	40.7694 11.452,
	40.7402 11.4301,
	40.7182 11.3716,
	40.7109 11.2545,
	40.7109 11.196,
	40.7109 11.1668,
	40.7109 11.1522,
	"/>
</Transform>

<Transform dim="0"
 xcoef=" 0 1 0 0 0 0"
 ycoef=" 0 0 1 0 0 0">
<Contour name="TB1_NF6_RSL" hidden="false" closed="true" simplified="true" border="1 0.501961 0.501961" fill="1 0.501961 0.501961" mode="-9"
 points="37.2007 13.7702,
	37.2227 13.7409,
	37.4493 13.6093,
	37.5664 13.5362,
	37.5956 13.5215,
	37.6029 13.5069,
	37.6175 13.5069,
	37.676 13.4704,
	37.7053 13.4557,
	37.7199 13.4557,
	37.7346 13.4411,
	37.7931 13.4192,
	37.8516 13.3826,
	37.8662 13.3826,
	37.9832 13.3022,
	38.0417 13.2802,
	38.1002 13.2802,
	38.1294 13.2948,
	38.188 13.2948,
	38.2172 13.2948,
	38.2318 13.2948,
	38.2538 13.3241,
	38.2757 13.3826,
	38.2757 13.4411,
	38.2611 13.4996,
	38.2245 13.5581,
	38.166 13.6093,
	38.1368 13.6312,
	38.1221 13.6386,
	38.1514 13.6386,
	38.1587 13.6459,
	38.0417 13.6897,
	37.9247 13.7117,
	37.6907 13.8141,
	37.6614 13.8141,
	37.5444 13.8579,
	37.4274 13.8799,
	37.3104 13.8872,
	37.2812 13.8945,
	37.2519 13.8872,
	37.2227 13.8653,
	37.2007 13.8068,
	37.2007 13.7775,
	"/>
</Transform>

<Transform dim="0"
 xcoef=" 0 1 0 0 0 0"
 ycoef=" 0 0 1 0 0 0">
<Contour name="TB1_NF6_RSL" hidden="false" closed="true" simplified="true" border="1 0.501961 0.501961" fill="1 0.501961 0.501961" mode="-9"
 points="34.9922 14.421,
	35.0434 14.187,
	35.0727 14.1285,
	35.0727 14.1139,
	35.2116 13.8799,
	35.2628 13.836,
	35.3213 13.8068,
	35.4383 13.7994,
	35.5553 13.8068,
	35.7893 13.8433,
	36.0233 13.9238,
	36.0526 13.9457,
	36.2866 14.0115,
	36.3159 14.0188,
	36.3451 14.0408,
	36.4036 14.0554,
	36.4329 14.0627,
	36.4548 14.092,
	36.4475 14.1505,
	36.3524 14.2602,
	36.2354 14.326,
	36.1184 14.3772,
	36.0526 14.421,
	36.0233 14.4283,
	36.0087 14.443,
	35.9941 14.443,
	35.9356 14.4795,
	35.8186 14.5307,
	35.7601 14.5673,
	35.5261 14.6404,
	35.292 14.677,
	35.2335 14.677,
	35.2043 14.6843,
	35.0873 14.6404,
	35.058 14.6258,
	35.0068 14.5673,
	34.9922 14.5088,
	34.9922 14.4503,
	34.9922 14.4283,
	"/>
</Transform>

<Transform dim="0"
 xcoef=" 0 1 0 0 0 0"
 ycoef=" 0 0 1 0 0 0">
<Contour name="TB1_NF7_RSL" hidden="false" closed="true" simplified="true" border="1 0.501961 0" fill="1 0.501961 0" mode="-9"
 points="46.5334 8.34309,
	46.552 8.30588,
	46.6264 8.25938,
	46.7008 8.25008,
	46.7752 8.25938,
	46.8125 8.26868,
	46.8776 8.33379,
	46.8962 8.37099,
	46.8962 8.4454,
	46.859 8.51981,
	46.8218 8.54771,
	46.6729 8.55701,
	46.6357 8.54771,
	46.5706 8.48261,
	46.5427 8.4082,
	46.5334 8.37099,
	46.5334 8.35239,
	"/>
</Transform>

<Transform dim="0"
 xcoef=" 0 1 0 0 0 0"
 ycoef=" 0 0 1 0 0 0">
<Contour name="TB1_NF8_RSL" hidden="false" closed="true" simplified="true" border="0 0 0.627451" fill="0 0 0.627451" mode="-9"
 points="47.2607 8.39337,
	47.2727 8.34541,
	47.3027 8.29745,
	47.3506 8.26148,
	47.3986 8.2375,
	47.4945 8.21951,
	47.5904 8.21951,
	47.6384 8.2375,
	47.6624 8.26148,
	47.6923 8.30344,
	47.7043 8.39937,
	47.7043 8.44733,
	47.6983 8.47131,
	47.6624 8.51927,
	47.6204 8.55525,
	47.5964 8.57323,
	47.5485 8.57923,
	47.5245 8.56724,
	47.3326 8.54925,
	47.3146 8.53126,
	47.3206 8.50728,
	47.2787 8.46532,
	47.2667 8.44134,
	47.2607 8.39937,
	"/>
</Transform>

<Transform dim="0"
 xcoef=" 0 1 0 0 0 0"
 ycoef=" 0 0 1 0 0 0">
<Contour name="TB1_NF9_RSL" hidden="false" closed="true" simplified="true" border="0.501961 0.501961 0" fill="0.501961 0.501961 0" mode="-9"
 points="37.8377 29.4837,
	37.8875 29.351,
	37.9124 29.2846,
	37.9539 29.2183,
	38.07 29.1187,
	38.1945 28.9943,
	38.3189 28.903,
	38.4516 28.8367,
	38.4848 28.8201,
	38.518 28.7869,
	38.5844 28.7537,
	38.6176 28.7786,
	38.6341 28.8118,
	38.6259 28.9445,
	38.6176 29.0109,
	38.601 28.9943,
	38.601 28.9777,
	38.5844 29.0026,
	38.5761 29.0689,
	38.6093 29.1021,
	38.6922 29.2349,
	38.7337 29.3676,
	38.7503 29.4008,
	38.7586 29.5335,
	38.742 29.6662,
	38.6922 29.799,
	38.659 29.8653,
	38.5429 29.9732,
	38.518 30.0064,
	38.4848 30.1391,
	38.4599 30.2055,
	38.4516 30.2387,
	38.3438 30.3714,
	38.3106 30.3963,
	38.2442 30.4129,
	38.1779 30.4046,
	38.1447 30.4046,
	38.0783 30.3714,
	38.0451 30.3382,
	37.9705 30.2138,
	37.929 30.081,
	37.8792 29.8156,
	37.8709 29.7492,
	37.846 29.6828,
	37.8377 29.5501,
	37.8377 29.492,
	"/>
</Transform>

<Transform dim="0"
 xcoef=" 0 1 0 0 0 0"
 ycoef=" 0 0 1 0 0 0">
<Contour name="TB1_NF13_RSL" hidden="false" closed="true" simplified="true" border="0.25098 0 0.501961" fill="0.25098 0 0.501961" mode="-9"
 points="30.3632 59.226,
	30.4119 59.0037,
	30.4535 58.9482,
	30.4813 58.9273,
	30.5369 58.9204,
	30.5647 58.9343,
	30.5994 58.976,
	30.648 59.0246,
	30.6758 59.0454,
	30.7384 59.1566,
	30.7731 59.2677,
	30.7731 59.2955,
	30.8148 59.4066,
	30.8703 59.5178,
	31.0023 59.7401,
	31.0926 59.8512,
	31.169 59.9624,
	31.2941 60.1846,
	31.308 60.2124,
	31.308 60.2263,
	31.3774 60.3375,
	31.4122 60.393,
	31.4608 60.4486,
	31.4955 60.5042,
	31.5997 60.6084,
	31.7803 60.7959,
	31.947 61.0113,
	32.0165 61.1224,
	32.0582 61.178,
	32.079 61.2058,
	32.079 61.2197,
	32.1207 61.2753,
	32.1554 61.3864,
	32.1624 61.442,
	32.1554 61.5531,
	32.1207 61.6643,
	32.1138 61.692,
	32.0721 61.7476,
	31.9609 61.8379,
	31.9054 61.8588,
	31.6831 61.8935,
	31.4608 61.8865,
	31.3496 61.8727,
	31.2385 61.8032,
	31.1343 61.699,
	31.1065 61.6712,
	31.0718 61.6156,
	31.0718 61.6017,
	30.9259 61.3864,
	30.8009 61.1641,
	30.7661 60.9418,
	30.7314 60.8307,
	30.7175 60.8029,
	30.7036 60.789,
	30.6828 60.7334,
	30.6758 60.6223,
	30.6828 60.5667,
	30.7314 60.4556,
	30.8009 60.2333,
	30.8495 60.1221,
	30.8495 60.0943,
	30.8217 60.0388,
	30.7731 59.9832,
	30.7522 59.9276,
	30.7314 59.8165,
	30.7245 59.7887,
	30.7036 59.7679,
	30.7036 59.7123,
	30.6411 59.6081,
	30.53 59.5178,
	30.4397 59.4136,
	30.391 59.358,
	30.3702 59.3302,
	30.3632 59.2747,
	30.3632 59.2469,
	30.3632 59.233,
	"/>
</Transform>

<Transform dim="0"
 xcoef=" 0 1 0 0 0 0"
 ycoef=" 0 0 1 0 0 0">
<Contour name="TB1_NF13_RSL" hidden="false" closed="true" simplified="true" border="0.25098 0 0.501961" fill="0.25098 0 0.501961" mode="-9"
 points="39.3104 54.9053,
	39.3729 54.683,
	39.3937 54.5719,
	39.3937 54.5163,
	39.4215 54.4051,
	39.4562 54.3496,
	39.4979 54.3079,
	39.5535 54.2662,
	39.5813 54.2732,
	39.623 54.3218,
	39.623 54.3357,
	39.6577 54.3913,
	39.748 54.6135,
	39.8036 54.7247,
	39.8105 54.7525,
	39.8244 54.7664,
	39.8244 54.7803,
	39.8383 54.7941,
	39.8591 54.8497,
	39.873 54.8775,
	39.8869 54.8914,
	39.8869 54.9053,
	39.9217 54.9609,
	39.9425 54.9887,
	40.0467 55.2109,
	40.0953 55.3221,
	40.1162 55.3777,
	40.1509 55.4332,
	40.1995 55.5444,
	40.3245 55.989,
	40.3662 56.2112,
	40.3662 56.2668,
	40.3454 56.3224,
	40.3315 56.3502,
	40.3176 56.3641,
	40.2065 56.3432,
	39.9842 56.246,
	39.7619 56.1001,
	39.6577 56.0098,
	39.6091 55.9681,
	39.5118 55.857,
	39.4493 55.7597,
	39.3868 55.6486,
	39.352 55.5374,
	39.3312 55.4263,
	39.3104 54.9817,
	39.3104 54.9261,
	39.3104 54.9122,
	"/>
</Transform>

<Transform dim="0"
 xcoef=" 0 1 0 0 0 0"
 ycoef=" 0 0 1 0 0 0">
<Contour name="TB1_AP19_atM01_RSL" hidden="false" closed="true" simplified="true" border="1 0 0" fill="1 0 0" mode="-9"
 points="34.4187 40.5693,
	34.4444 40.5179,
	34.4958 40.4666,
	34.9002 40.1391,
	35.003 40.0685,
	35.0543 40.0493,
	35.08 40.0364,
	35.1314 40.03,
	35.1827 40.0685,
	35.2084 40.0878,
	35.2534 40.1905,
	35.2726 40.2932,
	35.2726 40.3959,
	35.2598 40.4473,
	35.2469 40.473,
	35.2469 40.4987,
	35.2213 40.55,
	35.1699 40.6014,
	35.1571 40.6078,
	35.1506 40.595,
	35.1763 40.5436,
	35.1699 40.5372,
	35.1314 40.5757,
	35.0543 40.6784,
	35.0287 40.7041,
	34.9645 40.8004,
	34.9195 40.8454,
	34.8681 40.8775,
	34.8168 40.8903,
	34.7911 40.9031,
	34.6884 40.8903,
	34.637 40.8839,
	34.5857 40.8646,
	34.4829 40.794,
	34.4444 40.7426,
	34.4252 40.6913,
	34.4187 40.5886,
	34.4187 40.5757,
	"/>
<Contour name="TB1_AP19_atM01_RSL" hidden="false" closed="true" simplified="true" border="1 0 0" fill="1 0 0" mode="-9"
 points="33.918 40.7298,
	33.9308 40.7041,
	33.9308 40.6913,
	33.9822 40.6463,
	34.0785 40.5757,
	34.1041 40.5693,
	34.1298 40.55,
	34.1812 40.5308,
	34.2069 40.5179,
	34.2197 40.5179,
	34.3224 40.6014,
	34.3674 40.6399,
	34.3995 40.6913,
	34.4187 40.7426,
	34.4187 40.794,
	34.4059 40.8454,
	34.3353 40.9417,
	34.2839 40.9738,
	34.1812 40.9866,
	34.1298 40.9866,
	34.0785 40.9738,
	34.0528 40.9609,
	34.0399 40.9609,
	33.9886 40.9288,
	33.9629 40.9031,
	33.9308 40.8518,
	33.918 40.8004,
	33.918 40.7491,
	33.918 40.7362,
	"/>
</Transform>

<Transform dim="0"
 xcoef=" 0 1 0 0 0 0"
 ycoef=" 0 0 1 0 0 0">
<Contour name="TB1_NF18_RSL" hidden="false" closed="true" simplified="true" border="1 0.501961 0.25098" fill="1 0.501961 0.25098" mode="-9"
 points="38.3746 27.5008,
	38.3861 27.4548,
	38.3861 27.4318,
	38.4666 27.3742,
	38.5587 27.3397,
	38.7428 27.3052,
	38.8348 27.2937,
	38.8809 27.2822,
	38.9729 27.3052,
	38.9959 27.3052,
	39.18 27.4318,
	39.2146 27.4778,
	39.2146 27.5008,
	39.2376 27.5238,
	39.2376 27.5468,
	39.2606 27.5699,
	39.2721 27.754,
	39.2836 27.7655,
	39.2376 27.777,
	39.2146 27.869,
	39.1225 28.0531,
	39.0765 28.1452,
	39.065 28.1912,
	38.9959 28.2833,
	38.9499 28.3293,
	38.8578 28.3523,
	38.7658 28.3523,
	38.7428 28.3638,
	38.5587 28.2833,
	38.4666 28.2027,
	38.4321 28.1107,
	38.4321 28.0186,
	38.3976 27.8345,
	38.3861 27.6504,
	38.3746 27.5583,
	38.3746 27.5123,
	"/>
</Transform>

<Transform dim="0"
 xcoef=" 0 1 0 0 0 0"
 ycoef=" 0 0 1 0 0 0">
<Contour name="TB1_AP40_atM07_RSL" hidden="false" closed="true" simplified="true" border="1 0 0" fill="1 0 0" mode="-9"
 points="37.3017 26.6885,
	37.4506 26.2914,
	37.463 26.2418,
	37.5561 26.1487,
	37.6553 26.0743,
	37.705 26.037,
	37.7422 25.9874,
	37.7546 25.975,
	37.7856 25.5779,
	37.7856 25.5283,
	37.8104 25.4787,
	37.8229 25.4539,
	37.8229 25.4042,
	37.8415 25.3546,
	37.8539 25.3298,
	37.8539 25.305,
	37.8539 25.2926,
	37.9035 25.2429,
	37.9159 25.2305,
	38.0152 25.2305,
	38.04 25.2553,
	38.0462 25.305,
	38.0462 25.3298,
	37.9966 25.429,
	37.978 25.4787,
	37.9531 25.6772,
	37.9407 25.8757,
	37.9097 26.0743,
	37.9035 26.1239,
	37.9097 26.1673,
	37.9345 26.1797,
	37.9283 26.2852,
	37.9469 26.3348,
	37.9593 26.3472,
	37.9718 26.3845,
	37.9842 26.7815,
	37.9842 26.8808,
	37.9593 26.9801,
	37.9407 27.0297,
	37.9097 27.0793,
	37.9035 27.0917,
	37.8042 27.1041,
	37.7794 27.1041,
	37.3824 26.8932,
	37.3079 26.7939,
	37.3017 26.6947,
	"/>
</Transform>

<Transform dim="0"
 xcoef=" 0 1 0 0 0 0"
 ycoef=" 0 0 1 0 0 0">
<Contour name="TB1_NF19_RSL" hidden="false" closed="true" simplified="true" border="0.501961 0.501961 1" fill="0.501961 0.501961 1" mode="-9"
 points="37.64 24.2951,
	37.6649 24.2703,
	37.7641 24.3075,
	37.8138 24.3509,
	37.8386 24.3758,
	37.8572 24.3882,
	37.9006 24.4378,
	37.9627 24.5371,
	37.9875 24.5867,
	37.9937 24.6115,
	38.0061 24.6239,
	38.0247 24.6736,
	38.0371 24.6984,
	38.0371 24.7108,
	38.0557 24.7356,
	38.0991 24.8349,
	38.155 24.9341,
	38.2294 25.0334,
	38.3225 25.1202,
	38.3721 25.1327,
	38.5706 25.1327,
	38.7692 25.1451,
	38.8188 25.1575,
	38.9181 25.2133,
	38.9429 25.2257,
	38.9553 25.2381,
	38.9677 25.2381,
	38.9801 25.2505,
	38.9925 25.2443,
	39.036 25.2753,
	39.0608 25.294,
	39.0732 25.3064,
	39.0484 25.3188,
	39.0918 25.418,
	39.1166 25.5173,
	39.1476 25.7158,
	39.2593 26.1129,
	39.3151 26.3114,
	39.3275 26.3611,
	39.3275 26.4603,
	39.3151 26.5596,
	39.2593 26.7581,
	39.2407 26.8077,
	39.2283 26.8326,
	39.2159 26.845,
	39.2159 26.8574,
	39.0546 27.0497,
	38.9677 27.1366,
	38.9181 27.18,
	38.8933 27.2048,
	38.794 27.2606,
	38.6947 27.2917,
	38.5955 27.3103,
	38.5458 27.3041,
	38.521 27.3041,
	38.3225 27.2358,
	38.2729 27.1986,
	38.2356 27.1552,
	38.2108 27.1304,
	38.1984 27.1055,
	38.155 27.0559,
	38.0867 26.9566,
	38.0309 26.8574,
	37.9937 26.7581,
	37.9627 26.5596,
	37.9564 26.4603,
	37.9875 26.0633,
	37.9937 25.8647,
	37.9937 25.7655,
	38.0247 25.5669,
	38.0557 25.4677,
	38.0991 25.3684,
	38.1178 25.2691,
	38.1178 25.2195,
	38.1053 25.1699,
	38.0991 25.1451,
	37.9689 24.9589,
	37.851 24.7604,
	37.7827 24.6611,
	37.7455 24.6115,
	37.6959 24.5122,
	37.6587 24.413,
	37.64 24.3137,
	37.64 24.3013,
	"/>
</Transform>

<Transform dim="0"
 xcoef=" 0 1 0 0 0 0"
 ycoef=" 0 0 1 0 0 0">
<Contour name="TB1_NF23_RSL" hidden="false" closed="true" simplified="true" border="0.501961 0 1" fill="0.501961 0 1" mode="-9"
 points="30.9526 33.7877,
	30.9837 33.2892,
	30.9681 33.1646,
	31.046 32.6661,
	31.1707 32.4169,
	31.3576 31.9184,
	31.4666 31.6691,
	31.6224 31.1707,
	31.8249 30.1737,
	31.8561 29.9244,
	31.9028 29.7998,
	31.9963 29.6752,
	32.1209 29.6285,
	32.2455 29.6129,
	32.2767 29.5973,
	32.3857 29.7064,
	32.4636 29.831,
	32.4792 29.9556,
	32.448 30.0802,
	32.4169 30.1425,
	32.3857 30.1425,
	32.2767 30.641,
	32.1365 31.1395,
	32.0586 31.638,
	32.0274 31.7626,
	32.0274 31.8872,
	31.9807 32.1365,
	31.8405 32.6349,
	31.7938 32.7596,
	31.4666 33.258,
	31.4043 33.3827,
	31.3887 33.6319,
	31.4355 33.7565,
	31.6224 34.0058,
	31.6691 34.1304,
	31.7003 34.1771,
	31.7626 34.2083,
	31.7938 34.2706,
	31.7938 34.5198,
	31.7626 34.7691,
	31.7314 34.8937,
	31.7159 34.956,
	31.7159 34.9871,
	31.5912 35.0806,
	31.4666 35.1118,
	31.2174 35.1118,
	31.0928 35.0806,
	31.0305 35.0495,
	30.9837 34.9248,
	30.9526 33.9279,
	30.9526 33.8033,
	"/>
</Transform>

<Transform dim="0"
 xcoef=" 0 1 0 0 0 0"
 ycoef=" 0 0 1 0 0 0">
<Contour name="TB1_NF23_RSL" hidden="false" closed="true" simplified="true" border="0.501961 0 1" fill="0.501961 0 1" mode="-9"
 points="31.6536 26.2482,
	31.7003 25.7497,
	31.7159 25.6874,
	31.8405 25.6095,
	32.0897 25.5316,
	32.1209 25.516,
	32.1832 25.5472,
	32.3545 25.7964,
	32.3857 25.921,
	32.3857 26.0456,
	32.3078 26.2949,
	32.2455 26.7934,
	32.2455 26.918,
	32.2922 27.1672,
	32.3078 27.4165,
	32.3234 27.5411,
	32.3078 27.6034,
	32.3078 27.6346,
	32.2143 27.7592,
	32.1832 28.0084,
	32.1676 28.133,
	32.1832 28.2577,
	32.2455 28.3823,
	32.2455 28.5069,
	32.2455 28.538,
	32.1832 28.6004,
	31.934 28.6159,
	31.8716 28.6315,
	31.8405 28.6315,
	31.7938 28.5692,
	31.8093 28.32,
	31.8405 28.1953,
	31.8405 28.133,
	31.8716 28.0707,
	31.8716 28.0084,
	31.9028 27.9461,
	31.9963 27.4476,
	31.9807 27.323,
	31.9184 27.2607,
	31.7782 27.0115,
	31.7003 26.7622,
	31.6536 26.513,
	31.6536 26.2637,
	"/>
</Transform>

<Transform dim="0"
 xcoef=" 0 1 0 0 0 0"
 ycoef=" 0 0 1 0 0 0">
<Contour name="TB1_NF24_RSL" hidden="false" closed="true" simplified="true" border="1 0.501961 1" fill="1 0.501961 1" mode="-9"
 points="38.5304 60.4013,
	38.5548 60.3235,
	38.6034 60.2458,
	38.618 60.2263,
	38.618 60.2166,
	38.6666 60.1388,
	38.7443 60.0707,
	38.7832 60.0464,
	38.7881 60.0367,
	38.7978 60.0367,
	38.8173 60.0173,
	38.827 60.0173,
	38.8659 59.993,
	38.9437 59.9784,
	38.9631 59.9784,
	39.002 60.0027,
	39.0263 60.0416,
	39.0312 60.1194,
	39.0069 60.1971,
	38.9825 60.236,
	38.968 60.2506,
	38.9582 60.2555,
	38.9485 60.2506,
	38.9388 60.2895,
	38.9339 60.3089,
	38.8902 60.3867,
	38.8707 60.4208,
	38.8173 60.4985,
	38.7832 60.5374,
	38.7055 60.5812,
	38.6666 60.5958,
	38.5888 60.6006,
	38.5693 60.5958,
	38.5499 60.5812,
	38.5353 60.5034,
	38.5304 60.4256,
	38.5304 60.4062,
	"/>
</Transform>

<Transform dim="0"
 xcoef=" 0 1 0 0 0 0"
 ycoef=" 0 0 1 0 0 0">
<Contour name="TB1_NF27_RSL" hidden="false" closed="true" simplified="true" border="0 0 1" fill="0 0 1" mode="-9"
 points="31.4663 65.3761,
	31.4739 65.3457,
	31.4815 65.3304,
	31.4891 65.3228,
	31.5386 65.201,
	31.5728 65.1401,
	31.5957 65.1135,
	31.6261 65.0945,
	31.687 65.083,
	31.7175 65.083,
	31.7479 65.0945,
	31.8088 65.1363,
	31.8697 65.1858,
	31.8926 65.2163,
	31.923 65.2772,
	31.9382 65.3076,
	31.9496 65.3228,
	31.9763 65.4446,
	31.9801 65.5055,
	31.9915 65.5169,
	31.9344 65.6387,
	31.9192 65.6692,
	31.9154 65.6844,
	31.8621 65.7339,
	31.8317 65.7567,
	31.8012 65.772,
	31.7403 65.7834,
	31.7251 65.7872,
	31.6642 65.7644,
	31.6071 65.7225,
	31.5804 65.692,
	31.5652 65.6768,
	31.4929 65.555,
	31.4739 65.4941,
	31.4663 65.4332,
	31.4663 65.4028,
	31.4663 65.3875,
	31.4663 65.3799,
	"/>
</Transform>

<Transform dim="0"
 xcoef=" 0 1 0 0 0 0"
 ycoef=" 0 0 1 0 0 0">
<Contour name="TB1_NF28_RSL" hidden="false" closed="true" simplified="true" border="1 0.502 0.502" fill="1 0.502 0.502" mode="-9"
 points="34.7517 66.2892,
	34.7953 66.202,
	34.8661 66.1312,
	34.8879 66.1203,
	34.9696 66.0386,
	34.9969 65.995,
	35.0404 65.9514,
	35.084 65.9242,
	35.1712 65.9296,
	35.2148 65.9351,
	35.2366 65.9405,
	35.2747 65.9841,
	35.3237 66.0713,
	35.3292 66.0876,
	35.3401 66.0822,
	35.3455 66.0876,
	35.3128 66.1312,
	35.2693 66.1584,
	35.2093 66.2456,
	35.1766 66.3328,
	35.1548 66.3764,
	35.1331 66.3927,
	35.0459 66.4199,
	34.8716 66.4363,
	34.8498 66.4363,
	34.7681 66.3764,
	34.7517 66.3328,
	34.7517 66.2946,
	"/>
</Transform>

<Transform dim="0"
 xcoef=" 0 1 0 0 0 0"
 ycoef=" 0 0 1 0 0 0">
<Contour name="TB1_NF29_RSL" hidden="false" closed="true" simplified="true" border="1 0 1" fill="1 0 1" mode="-9"
 points="31.6791 63.0113,
	31.7267 62.9025,
	31.7606 62.8549,
	31.7878 62.8277,
	31.8422 62.7937,
	31.951 62.7598,
	32.0598 62.753,
	32.1142 62.7598,
	32.1414 62.7598,
	32.1686 62.7733,
	32.1754 62.7598,
	32.2842 62.8005,
	32.3386 62.8141,
	32.393 62.8481,
	32.427 62.9569,
	32.427 63.0657,
	32.427 63.0929,
	32.4202 63.1065,
	32.4066 63.0997,
	32.4066 63.1269,
	32.3454 63.2289,
	32.3046 63.2765,
	32.2502 63.3105,
	32.1414 63.3377,
	32.0326 63.3445,
	31.9238 63.3377,
	31.8966 63.3377,
	31.8694 63.3241,
	31.8558 63.3241,
	31.8422 63.3105,
	31.7878 63.2901,
	31.7335 63.2425,
	31.6927 63.1949,
	31.6791 63.1405,
	31.6791 63.0317,
	31.6791 63.0181,
	"/>
</Transform>

<Transform dim="0"
 xcoef=" 0 1 0 0 0 0"
 ycoef=" 0 0 1 0 0 0">
<Contour name="TB1_NF41_RSL" hidden="false" closed="true" simplified="true" border="1 0.501961 0.752941" fill="1 0.501961 0.752941" mode="-9"
 points="31.8707 24.5204,
	31.9298 24.4021,
	31.9594 24.2838,
	31.9742 24.2247,
	31.9298 24.1063,
	31.915 23.988,
	31.9298 23.9289,
	31.989 23.8993,
	32.1073 23.9141,
	32.2256 23.988,
	32.4178 24.2099,
	32.4622 24.269,
	32.477 24.2986,
	32.4474 24.5352,
	32.4622 24.5944,
	32.27 24.831,
	32.1664 24.9345,
	32.1073 24.9197,
	31.989 24.831,
	31.9298 24.7866,
	31.8707 24.6683,
	31.8707 24.55,
	31.8707 24.5352,
	"/>
</Transform>

<Transform dim="0"
 xcoef=" 0 1 0 0 0 0"
 ycoef=" 0 0 1 0 0 0">
<Contour name="TB1_NF45_RSL" hidden="false" closed="true" simplified="true" border="0.501961 0 1" fill="0.501961 0 1" mode="-9"
 points="38.0403 39.5848,
	38.0697 39.4501,
	38.1076 39.3828,
	38.1707 39.3281,
	38.1876 39.3281,
	38.2549 39.3028,
	38.2633 39.3028,
	38.2802 39.2902,
	38.3138 39.2776,
	38.3475 39.2776,
	38.3643 39.2776,
	38.398 39.2944,
	38.4653 39.3407,
	38.4864 39.3744,
	38.499 39.408,
	38.5074 39.4754,
	38.5411 39.61,
	38.5453 39.6437,
	38.5495 39.6605,
	38.5411 39.7952,
	38.52 39.9299,
	38.478 40.0645,
	38.4569 40.0982,
	38.4232 40.115,
	38.3559 40.1277,
	38.3222 40.1277,
	38.2549 40.1066,
	38.2212 40.094,
	38.1876 40.0687,
	38.1623 40.0435,
	38.1286 39.9762,
	38.0824 39.8415,
	38.0445 39.7068,
	38.0403 39.6395,
	38.0403 39.6058,
	38.0403 39.589,
	"/>
</Transform>

<Transform dim="0"
 xcoef=" 0 1 0 0 0 0"
 ycoef=" 0 0 1 0 0 0">
<Contour name="TB1_NF47_RSL" hidden="false" closed="true" simplified="true" border="1 0 0.502" fill="1 0 0.502" mode="-9"
 points="29.4556 45.7518,
	29.4771 45.6659,
	29.4986 45.6229,
	29.5201 45.6014,
	29.5093 45.5907,
	29.6275 45.2469,
	29.6597 45.0751,
	29.6705 44.9891,
	29.6383 44.8172,
	29.649 44.7313,
	29.6812 44.6883,
	29.7672 44.6669,
	29.8531 44.6776,
	29.9283 44.7313,
	30.0035 44.8172,
	30.1109 44.9784,
	30.1217 45.0214,
	30.1754 45.1073,
	30.2183 45.2792,
	30.2291 45.2899,
	30.2398 45.2792,
	30.2721 45.451,
	30.3365 45.6229,
	30.4332 45.7948,
	30.5514 45.9559,
	30.6051 46.0419,
	30.6266 46.1278,
	30.6266 46.1708,
	30.6051 46.2138,
	30.5191 46.2675,
	30.3472 46.2997,
	30.1754 46.289,
	30.0035 46.2567,
	29.9176 46.2138,
	29.8746 46.203,
	29.8531 46.1815,
	29.6812 46.1278,
	29.5093 46.0097,
	29.4771 45.9667,
	29.4556 45.8807,
	29.4556 45.7948,
	29.4556 45.7626,
	"/>
</Transform>

<Transform dim="0"
 xcoef=" 0 1 0 0 0 0"
 ycoef=" 0 0 1 0 0 0">
<Contour name="TB1_NF46_RSL" hidden="false" closed="true" simplified="true" border="0 0 0.501961" fill="0 0.25098 0.25098" mode="-9"
 points="43.2195 35.4071,
	43.2581 35.2524,
	43.2968 35.175,
	43.3742 35.1944,
	43.5095 35.3104,
	43.6642 35.3491,
	43.7416 35.4071,
	43.8769 35.7165,
	43.9736 36.0065,
	43.9349 36.0839,
	43.9543 36.3933,
	44.0123 36.7027,
	43.993 36.8574,
	43.9736 36.9347,
	43.9736 36.9734,
	43.8963 37.0508,
	43.8576 37.0894,
	43.7802 37.1088,
	43.6255 37.0508,
	43.4515 36.7414,
	43.3161 36.432,
	43.2581 36.2773,
	43.2195 35.6585,
	43.2195 35.5038,
	43.2195 35.4264,
	"/>
<Contour name="TB1_NF46_RSL" hidden="false" closed="true" simplified="true" border="0 0 0.501961" fill="0 0.25098 0.25098" mode="-9"
 points="37.5342 49.8136,
	37.5729 49.6589,
	37.5922 49.5815,
	37.6502 49.5042,
	37.8049 49.4461,
	37.9596 49.4461,
	38.1143 49.4848,
	38.4044 49.7362,
	38.7138 49.8909,
	39.0232 50.0069,
	39.1779 50.0843,
	39.3326 50.123,
	39.5453 49.8329,
	39.6033 49.7555,
	39.758 49.6589,
	39.8354 49.6202,
	39.9901 49.6008,
	40.1448 49.6202,
	40.2221 49.6589,
	40.3382 49.8136,
	40.3575 49.9683,
	40.3188 50.123,
	40.2415 50.2777,
	40.1835 50.355,
	40.2221 50.3744,
	40.1061 50.5291,
	39.7967 50.5677,
	39.7194 50.5484,
	39.642 50.4904,
	39.5647 50.471,
	39.41 50.5291,
	39.3326 50.5484,
	39.2939 50.5871,
	39.1392 50.6451,
	39.0619 50.6838,
	39.0232 50.6838,
	38.8685 50.8191,
	38.7138 50.8771,
	38.6365 50.8965,
	38.4818 50.8385,
	38.4431 50.8385,
	38.4044 50.7998,
	38.2497 50.7418,
	38.095 50.6451,
	37.7856 50.3744,
	37.6309 50.2197,
	37.5535 50.065,
	37.5342 49.9102,
	37.5342 49.8329,
	"/>
</Transform>

<Transform dim="0"
 xcoef=" 0 1 0 0 0 0"
 ycoef=" 0 0 1 0 0 0">
<Contour name="TB1_NF48_RSL" hidden="false" closed="true" simplified="true" border="0.501961 0.25098 0" fill="0.501961 0.25098 0" mode="-9"
 points="30.8641 36.7114,
	30.8829 36.6613,
	30.9267 36.6175,
	30.9768 36.6112,
	31.0769 36.6175,
	31.1771 36.655,
	31.2272 36.6738,
	31.2773 36.7114,
	31.3274 36.7364,
	31.3774 36.774,
	31.4275 36.7927,
	31.4526 36.799,
	31.4651 36.8115,
	31.4776 36.8115,
	31.5277 36.8616,
	31.5527 36.8867,
	31.5653 36.9117,
	31.5778 36.9242,
	31.584 36.9743,
	31.5903 36.9993,
	31.5778 37.0995,
	31.5465 37.1997,
	31.5402 37.2247,
	31.4588 37.3186,
	31.4087 37.3499,
	31.3587 37.3624,
	31.3086 37.3624,
	31.1082 37.2936,
	31.0081 37.2247,
	30.983 37.2122,
	30.9455 37.1621,
	30.9017 37.0619,
	30.8829 36.8616,
	30.8703 36.7614,
	30.8641 36.7176,
	"/>
</Transform>

<Transform dim="0"
 xcoef=" 0 1 0 0 0 0"
 ycoef=" 0 0 1 0 0 0">
<Contour name="TB1_NF52_RSL" hidden="false" closed="true" simplified="true" border="0.501961 0 0" fill="0.501961 0 0" mode="-9"
 points="32.9395 22.3796,
	32.9544 22.35,
	32.9544 22.3352,
	32.9988 22.2759,
	33.0433 22.2314,
	33.0729 22.2092,
	33.1915 22.187,
	33.3101 22.187,
	33.4286 22.2166,
	33.5472 22.2314,
	33.6658 22.2611,
	33.6954 22.2685,
	33.7547 22.3055,
	33.7992 22.3574,
	33.8214 22.4167,
	33.814 22.476,
	33.7918 22.5352,
	33.7769 22.5575,
	33.7695 22.5501,
	33.7102 22.6686,
	33.5991 22.765,
	33.4805 22.8168,
	33.3619 22.7946,
	33.2434 22.7427,
	33.1841 22.7205,
	33.1248 22.6835,
	33.0062 22.5797,
	32.9544 22.5204,
	32.9395 22.4611,
	32.9395 22.4019,
	32.9395 22.387,
	"/>
</Transform>

<Transform dim="0"
 xcoef=" 0 1 0 0 0 0"
 ycoef=" 0 0 1 0 0 0">
<Contour name="TB1_AP64_RSL" hidden="false" closed="true" simplified="true" border="1 1 0" fill="1 1 0" mode="9"
 points="28.8362 48.8898,
	28.8854 48.7324,
	28.9149 48.5751,
	29.0231 48.2604,
	29.0428 48.1817,
	29.0919 48.103,
	29.1214 48.0637,
	29.2001 48.0243,
	29.3575 48.0047,
	29.4362 48.0145,
	29.5148 48.044,
	29.5935 48.0538,
	29.6329 48.0735,
	29.6722 48.0735,
	29.7509 48.1128,
	29.8001 48.1817,
	29.8197 48.4964,
	29.8394 48.6538,
	29.8984 48.8111,
	29.9771 48.88,
	30.0164 48.8996,
	30.0361 48.9193,
	30.1935 48.9685,
	30.2721 48.998,
	30.4 49.1357,
	30.4393 49.2144,
	30.4492 49.2537,
	30.4688 49.2734,
	30.4983 49.352,
	30.5082 49.5094,
	30.4885 49.5881,
	30.4197 49.6668,
	30.3803 49.6864,
	30.3508 49.7258,
	30.3312 49.7454,
	30.3213 49.8241,
	30.3312 49.9028,
	30.3607 49.9815,
	30.4393 50.0503,
	30.5377 50.2077,
	30.6065 50.5224,
	30.6852 50.5716,
	30.7639 50.6011,
	30.8426 50.6503,
	30.9114 50.8076,
	30.9409 50.8863,
	30.9606 51.201,
	30.9901 51.3584,
	30.9999 51.5157,
	30.9606 51.8305,
	30.9606 51.9878,
	30.9704 52.0665,
	30.9901 52.1058,
	30.9901 52.1452,
	31.0884 52.4599,
	31.1278 52.6173,
	31.2065 53.2467,
	31.236 53.5614,
	31.236 53.8761,
	31.2261 54.0335,
	31.1376 54.3482,
	31.0098 54.6629,
	30.9213 54.8203,
	30.9213 54.84,
	30.8721 54.9187,
	30.8524 54.958,
	30.7737 55.0367,
	30.7344 55.076,
	30.6557 55.1055,
	30.577 55.1154,
	30.4983 55.0957,
	30.341 55.0072,
	30.3016 54.9678,
	30.2033 54.8203,
	30.1443 54.6629,
	30.1345 54.6236,
	30.1049 54.5843,
	29.9869 54.2695,
	29.9082 54.1122,
	29.8689 54.0335,
	29.8001 53.9548,
	29.7804 53.9155,
	29.7411 53.8761,
	29.6427 53.7188,
	29.564 53.5614,
	29.5542 53.5221,
	29.5345 53.5024,
	29.4657 53.1877,
	29.4558 53.0303,
	29.4558 52.991,
	29.4558 52.9713,
	29.4263 52.991,
	29.4165 52.9713,
	29.446 52.814,
	29.4558 52.6566,
	29.4362 52.3419,
	29.4263 52.1845,
	29.3575 51.8698,
	29.328 51.7911,
	29.328 51.7715,
	29.2985 51.7321,
	29.2886 51.6928,
	29.1214 51.3781,
	29.0723 51.2994,
	29.0723 51.2797,
	28.9838 51.1223,
	28.9739 51.083,
	28.9444 51.0437,
	28.8952 50.8863,
	28.8657 50.7289,
	28.8657 50.5716,
	28.8756 50.4929,
	28.9247 50.3355,
	28.9838 50.0208,
	29.0034 49.9421,
	29.0034 49.7848,
	29.0034 49.7061,
	28.9739 49.5487,
	28.9247 49.3914,
	28.9149 49.3127,
	28.8657 49.1553,
	28.8362 49.0767,
	28.8362 48.9193,
	28.8362 48.8996,
	"/>
</Transform>

<Transform dim="0"
 xcoef=" 0 1 0 0 0 0"
 ycoef=" 0 0 1 0 0 0">
<Contour name="TB1_AP64_RSL" hidden="false" closed="true" simplified="true" border="1 1 0" fill="1 1 0" mode="9"
 points="28.5182 21.9773,
	28.5431 21.8777,
	28.5805 21.479,
	28.6428 21.2797,
	28.6677 21.18,
	28.6802 20.7813,
	28.7176 20.3826,
	28.7799 19.9839,
	28.8048 19.5853,
	28.7923 18.7879,
	28.7799 18.3892,
	28.7674 18.1899,
	28.73 17.9905,
	28.6926 17.8909,
	28.6802 17.841,
	28.6179 17.7413,
	28.5805 17.6417,
	28.5805 17.5918,
	28.6054 17.542,
	28.6553 17.4922,
	28.7176 17.2928,
	28.7176 17.1932,
	28.7176 17.1433,
	28.8422 16.944,
	28.9418 16.9191,
	28.9917 16.8941,
	29.191 16.8817,
	29.2408 16.8319,
	29.4402 16.782,
	29.5398 16.7696,
	29.6395 16.7322,
	29.8389 16.7571,
	29.9385 16.7571,
	30.1379 16.7073,
	30.2375 16.6574,
	30.3372 16.6325,
	30.4369 16.5827,
	30.5739 16.3958,
	30.7359 16.2214,
	30.8231 16.1342,
	30.8605 16.0843,
	30.8729 16.0345,
	31.0723 15.8352,
	31.1595 15.7479,
	31.2093 15.6483,
	31.2218 15.4489,
	31.2093 15.2496,
	31.2342 14.8509,
	31.2592 14.6516,
	31.3464 14.4522,
	31.3464 14.3526,
	31.3588 14.3027,
	31.4087 14.5021,
	31.4585 14.6017,
	31.608 14.8011,
	31.7077 14.8883,
	31.8073 14.9381,
	31.907 14.9506,
	31.9569 14.9506,
	32.0565 14.9007,
	32.1064 14.8883,
	32.206 14.8135,
	32.4054 14.7139,
	32.505 14.6391,
	32.5923 14.4398,
	32.6421 14.2404,
	32.5798 14.0411,
	32.5549 13.9912,
	32.5549 13.9414,
	32.53 13.8916,
	32.5175 13.7919,
	32.53 13.7421,
	32.53 13.7172,
	32.6172 13.6549,
	32.7168 13.6175,
	32.9162 13.5926,
	33.0159 13.5926,
	33.2152 13.5552,
	33.3149 13.5303,
	33.3647 13.4929,
	33.4644 13.468,
	33.564 13.468,
	33.7634 13.5303,
	33.8631 13.5427,
	34.2617 13.4431,
	34.3614 13.4306,
	34.4611 13.4555,
	34.5483 13.5178,
	34.5981 13.5676,
	34.6106 13.6175,
	34.5857 13.7172,
	34.5857 13.7421,
	34.5234 13.8417,
	34.5109 13.9414,
	34.5358 14.1408,
	34.5483 14.1906,
	34.6106 14.2903,
	34.648 14.3899,
	34.648 14.4896,
	34.623 14.5893,
	34.5607 14.6889,
	34.5358 14.7139,
	34.5234 14.7014,
	34.2368 15.1001,
	34.1745 15.1998,
	34.0126 15.3617,
	33.8132 15.5486,
	33.4145 15.8725,
	33.3149 15.9722,
	33.2152 16.047,
	33.0159 16.1217,
	32.9162 16.1591,
	32.8663 16.184,
	32.7667 16.1965,
	32.368 16.1591,
	32.1687 16.2214,
	31.9693 16.3335,
	31.9195 16.3709,
	31.5208 16.483,
	31.3215 16.5453,
	31.1221 16.645,
	30.7234 16.9066,
	30.6238 16.944,
	30.4244 17.0686,
	30.3247 17.0935,
	30.2998 17.1184,
	30.25 17.1309,
	30.0631 17.3177,
	29.9011 17.4922,
	29.8513 17.542,
	29.8139 17.6417,
	29.8264 17.7413,
	29.8887 17.841,
	29.9884 17.9407,
	29.951 18.14,
	29.9385 18.2397,
	29.8762 18.439,
	29.8638 18.5387,
	29.951 18.6384,
	29.9759 18.7381,
	29.951 18.8377,
	29.8513 19.0371,
	29.789 19.2364,
	29.7516 19.4357,
	29.7267 19.4856,
	29.6644 19.8843,
	29.6644 20.0836,
	29.6271 20.2829,
	29.6146 20.3826,
	29.5772 20.4823,
	29.5025 20.881,
	29.4526 21.0803,
	29.4277 21.1301,
	29.2284 21.1924,
	29.1785 21.1924,
	29.0789 21.2547,
	29.1162 21.6534,
	29.1038 22.0521,
	29.0913 22.1518,
	29.0041 22.239,
	28.8048 22.3262,
	28.7051 22.3013,
	28.6553 22.2888,
	28.5681 22.2016,
	28.5307 22.1019,
	28.5182 22.0023,
	28.5182 21.9898,
	"/>
</Transform>

<Transform dim="0"
 xcoef=" 0 1 0 0 0 0"
 ycoef=" 0 0 1 0 0 0">
<Contour name="TB1_NF7_RSL" hidden="false" closed="true" simplified="true" border="1 0.501961 0" fill="1 0.501961 0" mode="-9"
 points="34.5629 14.0353,
	34.6144 13.8292,
	34.6273 13.7776,
	34.6337 13.7519,
	34.637 13.739,
	34.6563 13.6875,
	34.6655 13.6617,
	34.672 13.6359,
	34.6736 13.6295,
	34.6744 13.6263,
	34.7066 13.5747,
	34.7147 13.5619,
	34.7187 13.5554,
	34.7207 13.5522,
	34.8097 13.4491,
	34.8998 13.3461,
	34.9055 13.3397,
	34.9308 13.3199,
	34.9437 13.3103,
	34.9763 13.2587,
	34.9844 13.2459,
	34.9884 13.2394,
	34.9904 13.2362,
	35.0226 13.1331,
	35.0307 13.1074,
	35.0347 13.0945,
	35.0367 13.0881,
	35.0943 12.985,
	35.1237 12.9335,
	35.1559 12.8819,
	35.1639 12.8691,
	35.1683 12.8626,
	35.2645 12.7596,
	35.2887 12.7338,
	35.3008 12.7209,
	35.3068 12.7145,
	35.4099 12.6247,
	35.4356 12.6022,
	35.4485 12.5909,
	35.455 12.5853,
	35.558 12.508,
	35.5838 12.4887,
	35.5967 12.479,
	35.6031 12.4742,
	35.6285 12.4488,
	35.6413 12.4359,
	35.6671 12.4186,
	35.68 12.4081,
	35.783 12.3188,
	35.8088 12.2966,
	35.8603 12.264,
	35.8861 12.2479,
	35.9119 12.2286,
	35.9183 12.2238,
	35.9211 12.221,
	35.9469 12.1694,
	35.9533 12.1565,
	35.9565 12.1501,
	35.9751 12.1243,
	35.9847 12.1115,
	35.9972 12.0986,
	36.0036 12.0921,
	36.0052 12.0909,
	36.1083 12.0591,
	36.1598 12.0434,
	36.2114 12.0301,
	36.2242 12.0269,
	36.2275 12.0261,
	36.3305 12.0261,
	36.337 12.0261,
	36.3402 12.0265,
	36.3917 12.0591,
	36.4175 12.0756,
	36.4432 12.095,
	36.4497 12.0998,
	36.5012 12.1195,
	36.527 12.1296,
	36.5527 12.1425,
	36.5592 12.1457,
	36.5624 12.1473,
	36.5817 12.1726,
	36.5865 12.1791,
	36.589 12.1823,
	36.5902 12.1839,
	36.597 12.2354,
	36.5986 12.2483,
	36.5994 12.2548,
	36.5998 12.258,
	36.5934 12.3095,
	36.5918 12.3224,
	36.591 12.3288,
	36.5906 12.3321,
	36.5652 12.3836,
	36.5519 12.4093,
	36.4626 12.5124,
	36.44 12.5382,
	36.4344 12.5446,
	36.4316 12.5478,
	36.3285 12.6251,
	36.3027 12.6444,
	36.2899 12.6541,
	36.2834 12.6589,
	36.2705 12.6654,
	36.2673 12.667,
	36.2657 12.6678,
	36.2649 12.6682,
	36.252 12.6424,
	36.2488 12.636,
	36.2472 12.6328,
	36.2464 12.6312,
	36.2339 12.6247,
	36.2279 12.6215,
	36.1542 12.7246,
	36.1361 12.7503,
	36.0326 12.9564,
	36.0262 12.9693,
	36.023 12.9757,
	35.9972 13.0788,
	35.9908 13.1046,
	35.9875 13.1174,
	35.9859 13.1239,
	35.9666 13.1754,
	35.9565 13.2012,
	35.9239 13.2527,
	35.9159 13.2656,
	35.9119 13.272,
	35.8607 13.3236,
	35.8478 13.3364,
	35.8462 13.338,
	35.7947 13.3702,
	35.7818 13.3783,
	35.7754 13.3823,
	35.7722 13.3843,
	35.7206 13.4037,
	35.7078 13.4085,
	35.7013 13.4109,
	35.6981 13.4121,
	35.492 13.4121,
	35.4405 13.4121,
	35.4147 13.4121,
	35.4018 13.4121,
	35.3503 13.4182,
	35.1442 13.4443,
	35.1184 13.4475,
	35.1055 13.4491,
	35.1023 13.4496,
	34.9993 13.4942,
	34.9477 13.5172,
	34.8962 13.5429,
	34.8833 13.5494,
	34.8801 13.551,
	34.835 13.6021,
	34.8129 13.6279,
	34.7807 13.6794,
	34.7726 13.6923,
	34.7686 13.6987,
	34.7674 13.7003,
	34.7481 13.7519,
	34.7432 13.7648,
	34.7408 13.7712,
	34.7396 13.7744,
	34.7332 13.9805,
	34.7316 14.032,
	34.7308 14.0578,
	34.7304 14.0707,
	34.7428 14.1737,
	34.7461 14.1995,
	34.7477 14.2124,
	34.7485 14.2188,
	34.7803 14.3219,
	34.7883 14.3477,
	34.7924 14.3605,
	34.7944 14.367,
	34.7956 14.3702,
	34.7887 14.3831,
	34.7871 14.3863,
	34.7863 14.3879,
	34.7859 14.3887,
	34.7601 14.3887,
	34.7537 14.3887,
	34.7505 14.3887,
	34.7489 14.3887,
	34.6973 14.3505,
	34.6845 14.3408,
	34.678 14.336,
	34.6748 14.3336,
	34.6297 14.282,
	34.6289 14.2808,
	34.6273 14.278,
	34.6249 14.2651,
	34.6217 14.2522,
	34.6213 14.249,
	34.6201 14.2458,
	34.6172 14.2329,
	34.6156 14.2265,
	34.6152 14.2233,
	34.6144 14.2217,
	34.6132 14.2152,
	34.6128 14.212,
	34.6116 14.2088,
	34.6088 14.1959,
	34.6068 14.183,
	34.604 14.1701,
	34.6027 14.1669,
	34.6023 14.1637,
	34.6015 14.1621,
	34.6015 14.1605,
	34.5995 14.154,
	34.5935 14.1283,
	34.5931 14.125,
	34.5911 14.1186,
	34.5903 14.117,
	34.5899 14.1138,
	34.5887 14.1105,
	34.5875 14.1041,
	34.5834 14.0912,
	34.5826 14.088,
	34.5798 14.0816,
	34.5762 14.0751,
	34.5718 14.0687,
	34.5665 14.063,
	34.5653 14.0614,
	34.5649 14.061,
	34.5637 14.059,
	34.5629 14.0461,
	34.5629 14.0397,
	34.5629 14.0365,
	34.5629 14.0357,
	"/>
</Transform>

<Transform dim="0"
 xcoef=" 0 1 0 0 0 0"
 ycoef=" 0 0 1 0 0 0">
<Contour name="TB1_NF26_RSL" hidden="false" closed="true" simplified="true" border="0 0 0.501961" fill="0 0 0.501961" mode="-9"
 points="31.4594 14.2348,
	31.471 14.1733,
	31.4787 14.1425,
	31.4863 14.1348,
	31.5132 14.0734,
	31.5824 13.9504,
	31.6016 13.9196,
	31.6055 13.9043,
	31.617 13.8889,
	31.6208 13.8735,
	31.6285 13.8658,
	31.6285 13.8581,
	31.6362 13.8505,
	31.6401 13.8351,
	31.6478 13.8274,
	31.6593 13.7967,
	31.667 13.7813,
	31.667 13.7736,
	31.7054 13.7121,
	31.7515 13.6545,
	31.7669 13.6391,
	31.7707 13.6237,
	31.8207 13.5661,
	31.8245 13.5507,
	31.8322 13.543,
	31.8553 13.4815,
	31.863 13.4508,
	31.8937 13.3893,
	31.9091 13.3585,
	31.9283 13.2971,
	31.9552 13.2663,
	31.9706 13.2586,
	31.9783 13.2509,
	32.0397 13.2317,
	32.0705 13.2202,
	32.1281 13.1818,
	32.1435 13.1702,
	32.1743 13.1664,
	32.1896 13.1702,
	32.2165 13.1971,
	32.2281 13.2125,
	32.255 13.274,
	32.278 13.3047,
	32.3088 13.3662,
	32.3088 13.3739,
	32.3164 13.3816,
	32.3895 13.6276,
	32.4087 13.689,
	32.4164 13.7044,
	32.4164 13.7121,
	32.4241 13.7198,
	32.4625 13.8428,
	32.4971 13.9043,
	32.5509 14.0272,
	32.5701 14.0887,
	32.5739 14.1502,
	32.5586 14.2117,
	32.5509 14.2271,
	32.5586 14.2578,
	32.5624 14.2732,
	32.5509 14.2886,
	32.5393 14.3501,
	32.5355 14.4115,
	32.524 14.473,
	32.5163 14.5038,
	32.5163 14.5192,
	32.4971 14.5806,
	32.4855 14.6114,
	32.4779 14.6268,
	32.4779 14.6344,
	32.4394 14.6959,
	32.3933 14.7574,
	32.3318 14.8151,
	32.2703 14.8573,
	32.2396 14.8766,
	32.1781 14.8958,
	32.0551 14.9035,
	31.8092 14.8804,
	31.7784 14.8766,
	31.7169 14.8497,
	31.6593 14.8035,
	31.6324 14.7805,
	31.6016 14.7497,
	31.5555 14.6882,
	31.5478 14.6729,
	31.5401 14.6652,
	31.5401 14.6575,
	31.5171 14.6268,
	31.4825 14.5653,
	31.4633 14.5038,
	31.4594 14.2578,
	31.4594 14.2424,
	31.4594 14.2386,
	"/>
</Transform>

<Transform dim="0"
 xcoef=" 0 1 0 0 0 0"
 ycoef=" 0 0 1 0 0 0">
<Contour name="TB1_NF55_RSL" hidden="false" closed="true" simplified="true" border="0.501961 0 0" fill="0.501961 0 0" mode="-9"
 points="32.6586 9.41466,
	32.6674 9.37945,
	32.707 9.30903,
	32.7335 9.27382,
	32.7687 9.25181,
	32.8039 9.221,
	32.8347 9.19899,
	32.8699 9.16818,
	32.9271 9.11537,
	32.9975 9.05815,
	33.1384 8.96132,
	33.2088 8.9217,
	33.2792 8.8953,
	33.3144 8.88209,
	33.3849 8.87329,
	33.5257 8.87769,
	33.5433 8.88649,
	33.5609 8.88649,
	33.5785 8.8953,
	33.5961 8.8953,
	33.6666 8.9173,
	33.7018 8.92611,
	33.737 8.94811,
	33.7678 8.98332,
	33.7986 9.05375,
	33.8118 9.12417,
	33.8074 9.19459,
	33.7326 9.33544,
	33.6886 9.40586,
	33.6622 9.43667,
	33.6534 9.45428,
	33.6622 9.47188,
	33.6313 9.49829,
	33.5961 9.5159,
	33.5785 9.5247,
	33.5697 9.5335,
	33.5521 9.5379,
	33.5433 9.54671,
	33.4729 9.57312,
	33.4377 9.59072,
	33.4201 9.59512,
	33.4113 9.60393,
	33.4025 9.60393,
	33.3937 9.61273,
	33.3849 9.61273,
	33.3761 9.62153,
	33.2352 9.65674,
	33.2 9.66114,
	33.1648 9.67435,
	33.0944 9.68755,
	32.9535 9.69195,
	32.8831 9.68755,
	32.8127 9.67435,
	32.7775 9.66114,
	32.7687 9.65234,
	32.7599 9.65234,
	32.6938 9.58192,
	32.6718 9.54671,
	32.663 9.5291,
	32.6586 9.45868,
	32.6586 9.42347,
	32.6586 9.41907,
	"/>
</Transform>

<Transform dim="0"
 xcoef=" 0 1 0 0 0 0"
 ycoef=" 0 0 1 0 0 0">
<Contour name="TB1_NF57_RSL" hidden="false" closed="true" simplified="true" border="1 1 0.501961" fill="1 1 0.501961" mode="-9"
 points="43.0052 10.2563,
	43.0679 10.1517,
	43.1237 10.1029,
	43.3468 10.0122,
	43.4584 9.96342,
	43.6815 9.91462,
	43.793 9.8937,
	43.9046 9.88673,
	43.9116 9.91462,
	43.8767 10.0262,
	43.7791 10.1029,
	43.6675 10.2075,
	43.5769 10.3051,
	43.5211 10.3608,
	43.4932 10.3887,
	43.4375 10.4166,
	43.3259 10.4445,
	43.2143 10.4585,
	43.1586 10.4585,
	43.1307 10.4515,
	43.0749 10.4097,
	43.0191 10.3539,
	43.0052 10.326,
	43.0052 10.2702,
	43.0052 10.2632,
	"/>
</Transform>

<Transform dim="0"
 xcoef=" 0 1 0 0 0 0"
 ycoef=" 0 0 1 0 0 0">
<Contour name="TB1_AP59_RSL" hidden="false" closed="true" simplified="true" border="0 0.502 0" fill="0 0.502 0" mode="9"
 points="30.4357 35.8949,
	30.5167 35.7328,
	30.5674 35.6518,
	30.6484 35.5809,
	30.6687 35.5809,
	30.6889 35.5607,
	30.7092 35.5607,
	30.7902 35.4898,
	30.8206 35.4493,
	30.8409 35.2872,
	30.8206 34.9631,
	30.8206 34.639,
	30.8206 34.558,
	30.7497 34.2339,
	30.6991 34.0718,
	30.6788 33.9097,
	30.6889 33.2615,
	30.7396 32.9374,
	30.77 32.7754,
	30.7801 32.6943,
	30.851 32.5323,
	30.9624 32.3702,
	31.013 32.2892,
	31.0434 32.2082,
	31.1346 32.0461,
	31.1548 32.0056,
	31.1548 31.9854,
	31.1852 31.9448,
	31.2865 31.6207,
	31.3473 31.2966,
	31.3979 31.1346,
	31.4283 30.8105,
	31.4587 30.6484,
	31.4587 30.4864,
	31.5093 30.3243,
	31.5397 30.1623,
	31.5397 30.1217,
	31.6005 30.0407,
	31.6309 30.0002,
	31.6511 29.9799,
	31.6511 29.9597,
	31.803 29.7976,
	31.8739 29.7166,
	31.9145 29.5545,
	32.0056 29.3925,
	32.0157 29.352,
	32.0461 29.3115,
	32.0968 29.1494,
	32.0765 28.8253,
	32.0968 28.7443,
	32.0968 28.724,
	32.1677 28.643,
	32.3297 28.5518,
	32.4107 28.5316,
	32.4513 28.5113,
	32.6133 28.5113,
	32.6538 28.5215,
	32.7956 28.6734,
	32.8868 28.8354,
	32.9374 29.1595,
	32.9374 29.3216,
	32.9172 29.4837,
	32.826 29.8078,
	32.7349 29.9698,
	32.664 30.1319,
	32.6336 30.1724,
	32.5728 30.3344,
	32.5424 30.4965,
	32.5424 30.6585,
	32.5424 30.7396,
	32.5627 30.7801,
	32.5931 30.9421,
	32.6437 31.1042,
	32.6741 31.2662,
	32.6437 31.3473,
	32.5424 31.5093,
	32.4918 31.6714,
	32.4816 31.8334,
	32.4918 32.1575,
	32.5019 32.2386,
	32.5323 32.3196,
	32.5424 32.3601,
	32.5424 32.3804,
	32.5931 32.4614,
	32.7045 32.7855,
	32.7855 33.4337,
	32.7855 33.454,
	32.8665 33.5249,
	32.8969 33.5654,
	32.9172 33.6464,
	32.907 33.9705,
	32.8868 34.1326,
	32.8969 34.1731,
	32.9172 34.0921,
	32.9172 34.011,
	32.9273 33.9705,
	32.9374 33.9503,
	33.0387 34.5985,
	33.0691 34.639,
	33.2514 35.2872,
	33.3628 35.4493,
	33.5046 35.5911,
	33.5451 35.6721,
	33.6059 35.9962,
	33.6363 36.0772,
	33.6464 36.1582,
	33.7983 36.4823,
	33.8388 36.5634,
	33.8591 36.6039,
	33.8996 36.6444,
	33.8996 36.6647,
	34.1832 36.9888,
	34.2035 37.009,
	34.2136 37.0495,
	34.3351 37.2116,
	34.3655 37.2521,
	34.3858 37.3331,
	34.3655 37.6572,
	34.4162 37.8193,
	34.5276 37.9813,
	34.6592 38.1434,
	34.8112 38.3055,
	34.9631 38.4472,
	35.0137 38.5283,
	35.0846 38.6093,
	35.196 38.7714,
	35.3277 38.9334,
	35.3784 39.0144,
	35.4594 39.0853,
	35.7835 39.3082,
	35.9152 39.4702,
	35.9861 39.5512,
	36.0367 39.6323,
	36.057 39.6525,
	36.0671 39.7335,
	36.0671 39.7538,
	36.0266 39.7842,
	35.8645 39.7538,
	35.7936 39.693,
	35.7126 39.531,
	35.6012 39.3689,
	35.5505 39.2879,
	35.4796 39.2069,
	35.4493 39.1664,
	35.4189 39.1967,
	35.4087 39.2778,
	35.429 39.4398,
	35.4391 39.5209,
	35.429 39.5512,
	35.3885 39.5614,
	35.3075 39.5209,
	35.2163 39.3689,
	35.1657 39.2069,
	35.0239 39.0448,
	34.801 38.7207,
	34.7403 38.6498,
	34.6592 38.6397,
	34.3351 38.4878,
	34.011 38.4675,
	33.93 38.4675,
	33.7679 38.5181,
	33.6059 38.589,
	33.5249 38.6296,
	33.4438 38.7005,
	33.3223 38.8524,
	33.302 38.8726,
	33.302 38.8929,
	33.0691 39.217,
	32.9982 39.298,
	32.6234 39.9462,
	32.5627 40.1083,
	32.5424 40.1488,
	32.5424 40.1691,
	32.4918 40.2501,
	32.4614 40.3311,
	32.2588 40.6552,
	32.1677 40.8173,
	32.117 40.8983,
	32.0866 40.9793,
	31.9955 41.1414,
	31.8841 41.3034,
	31.8132 41.3845,
	31.6511 41.4858,
	31.4891 41.506,
	31.408 41.4959,
	31.3979 41.4149,
	31.4182 41.3743,
	31.5802 41.2731,
	31.6612 41.2224,
	31.7018 41.1819,
	31.7321 41.1009,
	31.7119 41.0199,
	31.6815 40.9793,
	31.5195 41.0199,
	31.4384 41.0502,
	31.3979 41.0806,
	31.3574 41.0806,
	31.2359 40.9287,
	31.1852 40.8477,
	31.1143 40.7666,
	31.0738 40.7363,
	30.9117 40.6957,
	30.8712 40.6856,
	30.7902 40.6248,
	30.6991 40.4628,
	30.6687 40.3818,
	30.6687 40.2197,
	30.7801 39.8956,
	30.8409 39.7335,
	30.8712 39.6525,
	30.9117 39.3284,
	30.9117 39.1664,
	30.932 39.0853,
	31.0333 38.9233,
	31.0637 38.7612,
	31.0535 38.6802,
	30.9624 38.5181,
	30.9421 38.4776,
	30.932 38.3156,
	31.0232 37.9915,
	31.0333 37.8294,
	30.8814 37.6977,
	30.8003 37.6167,
	30.7598 37.5863,
	30.7092 37.5053,
	30.7193 37.4648,
	30.8003 37.4142,
	30.8409 37.404,
	30.8611 37.3838,
	30.851 37.3027,
	30.7497 37.1407,
	30.6991 37.0597,
	30.7092 36.9786,
	30.7092 36.9381,
	30.7801 36.7761,
	30.8105 36.614,
	30.8105 36.452,
	30.7801 36.3709,
	30.6788 36.219,
	30.5167 36.1684,
	30.4762 36.1279,
	30.456 36.1076,
	30.4357 35.9455,
	30.4357 35.905,
	"/>
</Transform>

<Transform dim="0"
 xcoef=" 0 1 0 0 0 0"
 ycoef=" 0 0 1 0 0 0">
<Contour name="TB1_NF61_RSL" hidden="false" closed="true" simplified="true" border="1 1 0" fill="1 1 0" mode="-9"
 points="33.5902 11.4197,
	33.6645 11.333,
	33.7636 11.271,
	33.9618 11.2463,
	34.0608 11.2091,
	34.1104 11.1843,
	34.2095 11.1967,
	34.259 11.2091,
	34.2962 11.2587,
	34.3086 11.3577,
	34.2714 11.4073,
	34.0732 11.4444,
	33.8751 11.5064,
	33.8255 11.5435,
	33.7264 11.5559,
	33.6273 11.5435,
	33.5902 11.494,
	33.5902 11.4444,
	33.5902 11.4321,
	"/>
<Contour name="TB1_NF61_RSL" hidden="false" closed="true" simplified="true" border="1 1 0" fill="1 1 0" mode="-9"
 points="28.0166 19.0493,
	28.0537 18.9998,
	28.1033 18.9874,
	28.2024 19.0245,
	28.3758 19.1855,
	28.4625 19.3837,
	28.4996 19.4828,
	28.5244 19.681,
	28.5492 19.7801,
	28.512 19.8791,
	28.4749 20.0773,
	28.4625 20.1269,
	28.4625 20.1516,
	28.4129 20.1888,
	28.3634 20.1764,
	28.2891 20.0773,
	28.1281 19.681,
	28.0537 19.2846,
	28.0166 19.0865,
	28.0166 19.0617,
	"/>
</Transform>

<Transform dim="0"
 xcoef=" 0 1 0 0 0 0"
 ycoef=" 0 0 1 0 0 0">
<Contour name="TB1_AP38_lys_RSL" hidden="false" closed="true" simplified="false" border="0.501961 0.501961 0.501961" fill="0.835294 0.835294 0" mode="-9"
 points="29.5782 61.3978,
	29.6201 61.314,
	29.6934 61.2302,
	29.7772 61.1778,
	29.861 61.1673,
	29.9448 61.1778,
	30.0286 61.2092,
	30.0705 61.2302,
	30.1123 61.314,
	30.1333 61.3978,
	30.1438 61.5653,
	30.1542 61.5863,
	30.1228 61.6701,
	30.0495 61.7434,
	30.0076 61.7748,
	29.84 61.7434,
	29.6724 61.6596,
	29.6096 61.5863,
	29.5782 61.5025,
	29.5782 61.4187,
	29.5782 61.4082,
	"/>
<Contour name="TB1_AP38_lys_RSL" hidden="false" closed="true" simplified="false" border="0.501961 0.501961 0.501961" fill="0.835294 0.835294 0" mode="-9"
 points="31.8824 66.2891,
	31.9243 66.2576,
	32.0081 66.2367,
	32.0919 66.2472,
	32.1338 66.2681,
	32.2071 66.3519,
	32.2176 66.4357,
	32.1443 66.4985,
	32.1233 66.5195,
	31.9557 66.4566,
	31.9034 66.3833,
	31.8824 66.3414,
	31.8824 66.2995,
	"/>
<Contour name="TB1_AP38_lys_RSL" hidden="false" closed="true" simplified="false" border="0.501961 0.501961 0.501961" fill="0.835294 0.835294 0" mode="-9"
 points="35.873 66.7499,
	35.9253 66.5823,
	35.9463 66.5404,
	35.9882 66.509,
	36.072 66.4776,
	36.2396 66.4671,
	36.3233 66.509,
	36.3652 66.53,
	36.3862 66.5509,
	36.3862 66.509,
	36.3024 66.4462,
	36.2605 66.4357,
	36.2186 66.4462,
	36.1977 66.4566,
	36.1767 66.4462,
	36.2186 66.4147,
	36.3024 66.4147,
	36.3443 66.4252,
	36.3862 66.4566,
	36.4176 66.5404,
	36.4281 66.6242,
	36.4071 66.7918,
	36.4071 66.8337,
	36.3129 67.0013,
	36.2291 67.0536,
	36.1453 67.0746,
	35.9777 67.0641,
	35.9568 67.0641,
	35.9149 67.0327,
	35.8834 66.9489,
	35.873 66.7813,
	35.873 66.7604,
	"/>
<Contour name="TB1_AP38_lys_RSL" hidden="false" closed="true" simplified="false" border="0.501961 0.501961 0.501961" fill="0.835294 0.835294 0" mode="-9"
 points="36.4909 66.31,
	36.5852 66.1424,
	36.648 66.0691,
	36.6899 66.0482,
	36.7109 66.0272,
	36.8785 66.0167,
	36.9622 66.0482,
	37.046 66.0586,
	37.0879 66.0691,
	37.1613 66.1319,
	37.2765 66.2995,
	37.3498 66.3833,
	37.4022 66.5509,
	37.4022 66.6347,
	37.3498 66.8023,
	37.2765 66.8861,
	37.2346 66.907,
	37.067 66.907,
	36.8994 66.8861,
	36.8156 66.8546,
	36.7947 66.8337,
	36.7947 66.8127,
	36.6271 66.708,
	36.5538 66.6242,
	36.5014 66.4566,
	36.4909 66.3728,
	36.4909 66.331,
	36.4909 66.3205,
	"/>
<Contour name="TB1_AP38_lys_RSL" hidden="false" closed="true" simplified="false" border="0.501961 0.501961 0.501961" fill="0.835294 0.835294 0" mode="-9"
 points="37.6849 64.0058,
	37.7164 63.922,
	37.7164 63.8801,
	37.7687 63.7963,
	37.9363 63.6915,
	38.0201 63.6601,
	38.062 63.6601,
	38.1458 63.6915,
	38.1877 63.6915,
	38.2296 63.723,
	38.282 63.7963,
	38.3239 63.8277,
	38.3239 63.9115,
	38.3657 64.0791,
	38.3657 64.121,
	38.3867 64.1314,
	38.2924 64.299,
	38.2191 64.3723,
	38.0515 64.4038,
	37.8839 64.3723,
	37.8002 64.32,
	37.7583 64.2362,
	37.7373 64.1943,
	37.7164 64.1733,
	37.6849 64.0162,
	"/>
<Contour name="TB1_AP38_lys_RSL" hidden="false" closed="true" simplified="false" border="0.501961 0.501961 0.501961" fill="0.835294 0.835294 0" mode="-9"
 points="38.4495 63.4925,
	38.481 63.4506,
	38.5229 63.4297,
	38.6066 63.4402,
	38.6276 63.4402,
	38.68 63.524,
	38.7114 63.5659,
	38.7219 63.6077,
	38.6904 63.6496,
	38.6695 63.6706,
	38.5857 63.6706,
	38.5019 63.6287,
	38.4495 63.5449,
	38.4495 63.503,
	"/>
<Contour name="TB1_AP38_lys_RSL" hidden="false" closed="true" simplified="false" border="0.501961 0.501961 0.501961" fill="0.835294 0.835294 0" mode="-9"
 points="38.9837 63.6811,
	39.0151 63.6392,
	39.078 63.4716,
	39.0884 63.3878,
	39.1722 63.3354,
	39.256 63.304,
	39.3398 63.3354,
	39.4131 63.3878,
	39.4655 63.4716,
	39.476 63.5135,
	39.4969 63.5344,
	39.5388 63.702,
	39.5388 63.7439,
	39.5388 63.7649,
	39.455 63.8486,
	39.4131 63.8801,
	39.3293 63.8905,
	39.2874 63.9115,
	39.1199 63.8801,
	39.0361 63.8277,
	38.9837 63.7544,
	38.9837 63.7125,
	38.9837 63.6915,
	"/>
<Contour name="TB1_AP38_lys_RSL" hidden="false" closed="true" simplified="false" border="0.501961 0.501961 0.501961" fill="0.835294 0.835294 0" mode="-9"
 points="38.4286 61.3978,
	38.481 61.2302,
	38.5333 61.1464,
	38.7009 61.0626,
	38.7847 61.0417,
	38.8685 61.0417,
	38.9104 61.0521,
	38.9313 61.0731,
	38.9732 61.0835,
	39.0151 61.1254,
	39.0361 61.2092,
	39.0361 61.3768,
	38.9418 61.5444,
	38.879 61.6177,
	38.8371 61.6387,
	38.8161 61.6596,
	38.7742 61.6491,
	38.7323 61.6806,
	38.6485 61.6806,
	38.6066 61.6701,
	38.5857 61.6701,
	38.5438 61.6387,
	38.5019 61.5549,
	38.4391 61.4711,
	38.4286 61.4292,
	38.4286 61.4082,
	"/>
<Contour name="TB1_AP38_lys_RSL" hidden="false" closed="true" simplified="false" border="0.501961 0.501961 0.501961" fill="0.835294 0.835294 0" mode="-9"
 points="39.2874 59.3973,
	39.3189 59.3135,
	39.3817 59.2401,
	39.4655 59.2192,
	39.5493 59.2297,
	39.6017 59.3973,
	39.5493 59.5544,
	39.5388 59.5963,
	39.4969 59.6277,
	39.455 59.6382,
	39.4131 59.6172,
	39.3922 59.6172,
	39.3189 59.5439,
	39.2874 59.4601,
	39.2874 59.4182,
	39.2874 59.4077,
	"/>
<Contour name="TB1_AP38_lys_RSL" hidden="false" closed="true" simplified="false" border="0.501961 0.501961 0.501961" fill="0.835294 0.835294 0" mode="-9"
 points="38.6695 58.2975,
	38.68 58.2556,
	38.7009 58.2347,
	38.7847 58.2242,
	38.8685 58.2556,
	38.8999 58.287,
	38.8894 58.3708,
	38.8894 58.3918,
	38.8266 58.4756,
	38.7847 58.4965,
	38.7428 58.486,
	38.68 58.4022,
	38.6695 58.3184,
	38.6695 58.308,
	"/>
</Transform>

<Transform dim="0"
 xcoef=" 0 1 0 0 0 0"
 ycoef=" 0 0 1 0 0 0">
<Contour name="TB1_AP51_lys_RSL" hidden="false" closed="true" simplified="true" border="1 1 0" fill="1 1 0" mode="-9"
 points="32.6071 63.8781,
	32.6324 63.7436,
	32.666 63.6764,
	32.7248 63.6175,
	32.792 63.5923,
	32.8088 63.5755,
	32.9433 63.5587,
	33.0105 63.5671,
	33.0441 63.5671,
	33.0778 63.5839,
	33.1114 63.6175,
	33.2458 63.6848,
	33.3131 63.7184,
	33.3803 63.7772,
	33.4307 63.8444,
	33.4643 63.9789,
	33.4643 64.0461,
	33.4223 64.1134,
	33.4055 64.1302,
	33.1366 64.189,
	33.0021 64.2226,
	32.9349 64.231,
	32.9013 64.231,
	32.7668 64.1638,
	32.6408 64.0545,
	32.6155 63.9873,
	32.6071 63.9201,
	32.6071 63.8865,
	"/>
</Transform>

<Transform dim="0"
 xcoef=" 0 1 0 0 0 0"
 ycoef=" 0 0 1 0 0 0">
<Contour name="TB1_AP34_lys_RSL" hidden="false" closed="true" simplified="true" border="0.501961 0.501961 0.501961" fill="0.835294 0.835294 0" mode="-9"
 points="38.5735 56.8871,
	38.603 56.8724,
	38.6325 56.8724,
	38.662 56.8871,
	38.6915 56.8871,
	38.7062 56.8871,
	38.7579 56.8429,
	38.7873 56.8355,
	38.8168 56.8429,
	38.839 56.8724,
	38.8463 56.9019,
	38.8463 56.9166,
	38.7947 56.9756,
	38.7579 57.0936,
	38.7505 57.123,
	38.7284 57.1525,
	38.6989 57.1525,
	38.6694 57.1378,
	38.6104 57.0862,
	38.5957 57.0714,
	38.5735 56.9535,
	38.5735 56.8945,
	"/>
<Contour name="TB1_AP34_lys_RSL" hidden="false" closed="true" simplified="true" border="0.501961 0.501961 0.501961" fill="0.835294 0.835294 0" mode="-9"
 points="38.3302 57.6391,
	38.3819 57.5212,
	38.4335 57.4696,
	38.4924 57.4401,
	38.5219 57.4253,
	38.5809 57.4327,
	38.5957 57.4327,
	38.603 57.5507,
	38.603 57.5801,
	38.603 57.5949,
	38.5514 57.6465,
	38.5367 57.6612,
	38.5367 57.676,
	38.4924 57.735,
	38.4703 57.7645,
	38.4113 57.7866,
	38.3597 57.7497,
	38.3376 57.7202,
	38.3302 57.6612,
	38.3302 57.6465,
	"/>
<Contour name="TB1_AP34_lys_RSL" hidden="false" closed="true" simplified="true" border="0.501961 0.501961 0.501961" fill="0.835294 0.835294 0" mode="-9"
 points="37.6446 57.6834,
	37.6593 57.6539,
	37.6593 57.6244,
	37.6741 57.5949,
	37.7036 57.5654,
	37.7331 57.5507,
	37.7626 57.558,
	37.8363 57.6686,
	37.851 57.6981,
	37.8142 57.8161,
	37.7847 57.8382,
	37.7257 57.8234,
	37.6667 57.7866,
	37.652 57.7718,
	37.6446 57.7129,
	37.6446 57.6907,
	"/>
<Contour name="TB1_AP34_lys_RSL" hidden="false" closed="true" simplified="true" border="0.501961 0.501961 0.501961" fill="0.835294 0.835294 0" mode="-9"
 points="31.1124 57.2115,
	31.1346 57.1525,
	31.1935 57.0936,
	31.2525 57.0567,
	31.3115 57.0346,
	31.4295 57.0272,
	31.4885 57.0346,
	31.5474 57.0862,
	31.599 57.123,
	31.6285 57.182,
	31.6728 57.418,
	31.5622 57.5285,
	31.5032 57.558,
	31.4442 57.5654,
	31.3263 57.5507,
	31.2673 57.5433,
	31.2378 57.5359,
	31.2083 57.5064,
	31.1788 57.4917,
	31.1641 57.4769,
	31.1493 57.4769,
	31.1124 57.359,
	31.1124 57.241,
	31.1124 57.2189,
	"/>
<Contour name="TB1_AP34_lys_RSL" hidden="false" closed="true" simplified="true" border="0.501961 0.501961 0.501961" fill="0.835294 0.835294 0" mode="-9"
 points="30.6996 61.7825,
	30.7291 61.7236,
	30.7881 61.6867,
	30.847 61.6941,
	30.8618 61.6941,
	30.9134 61.7457,
	30.9281 61.7752,
	30.906 61.8931,
	30.8986 61.9226,
	30.8765 61.9447,
	30.847 61.9521,
	30.7291 61.9152,
	30.707 61.8563,
	30.6996 61.7973,
	30.6996 61.7899,
	"/>
<Contour name="TB1_AP34_lys_RSL" hidden="false" closed="true" simplified="true" border="0.501961 0.501961 0.501961" fill="0.835294 0.835294 0" mode="-9"
 points="39.0528 55.0145,
	39.0675 54.9997,
	39.0675 54.985,
	39.1265 54.9334,
	39.156 54.9113,
	39.1855 54.9113,
	39.2371 54.9702,
	39.2444 55.0292,
	39.2076 55.1472,
	39.1855 55.1693,
	39.1265 55.1619,
	39.097 55.1472,
	39.0528 55.0882,
	39.0528 55.0292,
	39.0528 55.0218,
	"/>
</Transform>

<Transform dim="0"
 xcoef=" 0 1 0 0 0 0"
 ycoef=" 0 0 1 0 0 0">
<Contour name="TB1_AP31_LYS_RSL" hidden="false" closed="true" simplified="true" border="0.502 0.502 0.502" fill="1 1 0" mode="-9"
 points="31.67 57.7813,
	31.6897 57.7551,
	31.7224 57.6503,
	31.7486 57.6372,
	31.7944 57.67,
	31.8075 57.7747,
	31.8075 57.8009,
	31.8272 57.8271,
	31.8272 57.8795,
	31.8141 57.8926,
	31.7617 57.8926,
	31.7355 57.8991,
	31.6831 57.8533,
	31.67 57.8009,
	31.67 57.7878,
	"/>
</Transform>

</Section>