<?xml version="1.0"?>
<!DOCTYPE Section SYSTEM "section.dtd">

<Section index="608" thickness="0.085" alignLocked="true">
<Transform dim="0"
 xcoef=" 0 1 0 0 0 0"
 ycoef=" 0 0 1 0 0 0">
<Image mag="0.0079" contrast="1" brightness="0" red="true" green="true" blue="true"
 src="Aligned TF21608.tif" />
<Contour name="domain1" hidden="false" closed="true" simplified="false" border="1 0 1" fill="1 0 1" mode="11"
 points="0 0,
	15991 0,
	15991 12171,
	0 12171,
	"/>
</Transform>

<Transform dim="0"
 xcoef=" 0 1 0 0 0 0"
 ycoef=" 0 0 1 0 0 0">
<Contour name="TB3_Nuc20_EM" hidden="false" closed="true" simplified="true" border="0 1 1" fill="0 1 1" mode="9"
 points="100.261 55.4223,
	100.644 54.3083,
	100.992 53.7513,
	101.515 53.2987,
	102.629 52.5676,
	102.907 52.3587,
	103.151 52.0802,
	103.29 51.9758,
	103.569 51.9062,
	103.847 51.7321,
	104.404 51.558,
	104.683 51.5232,
	104.961 51.558,
	105.066 51.5232,
	105.623 51.6625,
	105.901 51.7669,
	106.04 51.8017,
	106.319 52.0454,
	106.458 52.1847,
	107.015 52.498,
	107.294 53.055,
	107.398 53.612,
	107.503 53.8905,
	107.572 54.4475,
	107.503 54.726,
	107.503 54.7956,
	107.363 54.9001,
	107.189 55.1786,
	106.945 55.4223,
	106.214 56.5015,
	105.762 57.0237,
	105.657 57.1629,
	105.379 57.3022,
	105.1 57.5111,
	104.543 57.7896,
	103.986 58.2421,
	102.872 58.4858,
	102.594 58.5903,
	102.037 58.6251,
	101.758 58.451,
	100.923 57.3718,
	100.818 57.2325,
	100.435 56.1185,
	100.331 55.84,
	100.261 55.7008,
	100.261 55.4571,
	"/>
</Transform>

<Transform dim="0"
 xcoef=" 0 1 0 0 0 0"
 ycoef=" 0 0 1 0 0 0">
<Contour name="TB3_Nuc45_EM" hidden="false" closed="true" simplified="true" border="1 0 0" fill="1 0 0" mode="9"
 points="97.72 45.624,
	97.8321 45.3677,
	97.9122 45.2395,
	97.9603 44.9832,
	97.9603 44.8551,
	97.9923 44.7269,
	98.0083 44.6628,
	97.9763 44.5347,
	97.8802 44.4065,
	97.8321 44.2784,
	97.8481 44.1502,
	97.8962 44.022,
	97.8962 43.958,
	97.9923 43.7016,
	98.0083 43.6376,
	98.1205 43.5094,
	98.2486 43.4133,
	98.3127 43.3813,
	98.3447 43.3813,
	98.3768 43.3492,
	98.5049 43.3172,
	98.6331 43.2371,
	98.7132 43.1089,
	98.6972 42.8526,
	98.6171 42.5963,
	98.585 42.34,
	98.6972 41.8273,
	98.7292 41.6992,
	98.7452 41.6351,
	98.7773 41.6031,
	98.7773 41.571,
	98.8734 41.4429,
	99.1137 41.2346,
	99.1617 41.2026,
	99.2579 41.0904,
	99.3219 41.0264,
	99.386 40.9943,
	99.418 40.9943,
	99.4821 40.9463,
	99.6103 40.9302,
	99.6744 40.9463,
	99.7064 40.9463,
	99.8346 41.0424,
	99.9147 41.1545,
	99.9467 41.2827,
	99.9467 41.4108,
	99.9787 41.523,
	100.107 41.4429,
	100.363 41.3788,
	100.62 41.3628,
	100.748 41.3468,
	100.876 41.3628,
	100.94 41.3788,
	101.068 41.4909,
	101.116 41.555,
	101.164 41.8113,
	101.084 41.9395,
	101.084 42.0036,
	101.164 42.1317,
	101.372 42.372,
	101.404 42.4361,
	101.533 42.5322,
	101.597 42.5482,
	101.725 42.6444,
	101.917 42.8366,
	102.254 43.3492,
	102.318 43.4774,
	102.366 43.7337,
	102.382 43.99,
	102.366 44.5026,
	102.398 44.7589,
	102.478 45.0153,
	102.526 45.2716,
	102.478 45.5279,
	102.43 46.5531,
	102.398 47.0658,
	102.382 47.3221,
	102.238 47.8347,
	102.157 48.091,
	102.109 48.2192,
	102.077 48.4755,
	102.077 48.7318,
	102.045 48.86,
	101.741 49.3726,
	101.517 49.6129,
	101.356 49.8692,
	101.324 49.9333,
	101.116 50.1736,
	100.988 50.2377,
	100.732 50.2537,
	100.604 50.2857,
	100.091 50.2537,
	100.027 50.2537,
	99.8986 50.2056,
	99.7865 50.0935,
	99.7384 49.9653,
	99.7224 49.709,
	99.7384 49.677,
	99.6263 49.5969,
	99.5622 49.5809,
	99.3059 49.661,
	99.1778 49.661,
	99.1457 49.661,
	98.9855 49.4047,
	98.8894 49.2765,
	98.8574 49.2124,
	98.7292 49.0843,
	98.6651 49.0202,
	98.6331 48.9881,
	98.6331 48.9561,
	98.4889 48.6998,
	98.3928 48.4435,
	98.3607 48.3153,
	98.3287 48.2512,
	98.2486 47.7386,
	98.2166 47.4823,
	98.2006 47.3541,
	98.0884 47.242,
	98.0083 47.1138,
	98.0564 46.6012,
	98.0564 46.4731,
	98.0564 46.409,
	97.9923 46.2808,
	97.9603 46.2167,
	97.9282 46.1847,
	97.9282 46.1527,
	97.784 45.8963,
	97.736 45.7682,
	97.72 45.64,
	"/>
</Transform>

<Transform dim="0"
 xcoef=" 0 1 0 0 0 0"
 ycoef=" 0 0 1 0 0 0">
<Contour name="TB3_Nuc46_EM" hidden="false" closed="true" simplified="true" border="0 1 0" fill="0 1 0" mode="9"
 points="101.325 40.5865,
	101.612 40.1703,
	101.716 39.9622,
	101.768 39.8581,
	101.872 39.7801,
	101.976 39.754,
	102.184 39.8321,
	102.366 40.0402,
	102.366 40.1443,
	102.418 40.1703,
	102.418 40.2223,
	102.262 40.4565,
	101.846 40.7426,
	101.638 40.8727,
	101.586 40.8987,
	101.456 40.9247,
	101.351 40.8467,
	101.325 40.6386,
	101.325 40.6126,
	"/>
</Transform>

<Transform dim="0"
 xcoef=" 0 1 0 0 0 0"
 ycoef=" 0 0 1 0 0 0">
<Contour name="TB3_Nuc46_EM" hidden="false" closed="true" simplified="true" border="0 1 0" fill="0 1 0" mode="9"
 points="101.955 41.4169,
	102.059 41.3648,
	102.111 41.3909,
	102.059 41.3128,
	102.111 41.2868,
	102.319 41.4169,
	102.528 41.599,
	102.632 41.703,
	102.736 41.9112,
	102.736 41.9632,
	102.684 42.0152,
	102.476 41.9892,
	102.371 41.9372,
	101.981 41.5469,
	101.955 41.4429,
	"/>
</Transform>

<Transform dim="0"
 xcoef=" 0 1 0 0 0 0"
 ycoef=" 0 0 1 0 0 0">
<Contour name="TB3_Nuc47_EM" hidden="false" closed="true" simplified="true" border="1 0 0" fill="1 0 0" mode="9"
 points="102.595 38.1467,
	102.712 37.9919,
	102.866 37.837,
	102.944 37.779,
	102.983 37.7403,
	102.983 37.6628,
	102.944 37.5854,
	102.866 37.5467,
	102.808 37.3919,
	102.77 37.0822,
	102.789 36.7726,
	102.886 36.4629,
	103.06 36.1532,
	103.118 36.0758,
	103.234 35.7662,
	103.234 35.6887,
	103.35 35.3791,
	103.37 35.3017,
	103.466 35.1468,
	103.757 34.8565,
	103.834 34.7791,
	103.931 34.6243,
	103.931 34.5856,
	103.97 34.5469,
	104.028 34.392,
	104.144 34.2372,
	104.453 33.9856,
	104.744 33.6953,
	104.879 33.3856,
	104.957 33.076,
	104.995 32.9985,
	105.073 32.9211,
	105.228 32.8631,
	105.537 32.8437,
	105.615 32.8437,
	105.692 32.7856,
	105.711 32.476,
	105.789 32.3212,
	105.866 32.2437,
	106.021 32.1663,
	106.099 32.147,
	106.253 32.1857,
	106.273 32.205,
	106.35 32.1857,
	106.505 32.0695,
	106.66 32.0115,
	106.815 32.0308,
	106.892 32.0502,
	107.047 32.1663,
	107.124 32.205,
	107.163 32.2244,
	107.473 32.0502,
	107.627 32.0115,
	107.705 32.0308,
	107.802 32.1857,
	107.898 32.805,
	107.898 33.1147,
	107.898 33.1921,
	108.053 33.3276,
	108.111 33.4824,
	108.131 33.7921,
	108.111 34.1017,
	108.073 34.2565,
	108.053 34.5662,
	107.995 34.8759,
	107.976 34.9533,
	108.015 35.1081,
	108.208 35.4178,
	108.286 35.5726,
	108.266 36.1919,
	108.266 36.3468,
	108.382 36.6564,
	108.382 36.9661,
	108.421 37.1209,
	108.363 37.4306,
	108.266 37.5854,
	108.189 37.6628,
	108.111 37.8177,
	108.111 38.1273,
	108.131 38.2822,
	108.208 38.437,
	108.266 38.7467,
	108.247 39.0563,
	108.247 39.1338,
	108.286 39.2112,
	108.286 39.5208,
	108.247 39.6757,
	108.15 39.8305,
	107.995 39.9466,
	107.898 40.1015,
	107.879 40.2563,
	107.898 40.5659,
	107.84 40.7208,
	107.744 40.8756,
	107.589 41.0304,
	107.531 41.1079,
	107.511 41.2627,
	107.511 41.3401,
	107.686 41.6498,
	107.705 41.8046,
	107.647 41.9594,
	107.627 42.0368,
	107.395 42.3465,
	107.337 42.5013,
	107.357 42.6562,
	107.337 42.811,
	107.337 42.8884,
	107.144 43.1787,
	107.066 43.4884,
	107.008 43.6432,
	106.911 43.7981,
	106.602 44.0303,
	106.447 44.1658,
	106.408 44.1658,
	106.369 44.2045,
	106.215 44.2626,
	106.176 44.2626,
	105.866 44.4367,
	105.711 44.4755,
	105.557 44.4755,
	105.479 44.5142,
	105.17 44.5335,
	105.092 44.5335,
	105.015 44.4948,
	104.899 44.1851,
	104.841 44.1077,
	104.821 44.069,
	104.666 44.0884,
	104.512 44.1658,
	104.357 44.1077,
	104.221 43.9529,
	104.163 43.8755,
	104.144 43.7981,
	104.105 43.7594,
	104.105 43.7206,
	104.066 43.6819,
	103.892 43.0626,
	103.853 42.9078,
	103.737 42.7529,
	103.66 42.5981,
	103.641 42.5207,
	103.679 42.3659,
	103.737 42.2885,
	103.718 42.1336,
	103.621 41.9788,
	103.466 41.8627,
	103.389 41.7078,
	103.331 41.3982,
	103.312 41.3208,
	103.157 41.1853,
	103.137 40.8756,
	103.195 40.2563,
	103.137 40.1015,
	102.983 39.9466,
	102.886 39.7918,
	102.77 39.4821,
	102.712 39.3273,
	102.692 39.0176,
	102.731 38.708,
	102.731 38.6305,
	102.615 38.3209,
	102.595 38.1661,
	"/>
</Transform>

<Transform dim="0"
 xcoef=" 0 1 0 0 0 0"
 ycoef=" 0 0 1 0 0 0">
<Contour name="TB3_Nuc49_EM" hidden="false" closed="true" simplified="true" border="0 1 1" fill="0 1 1" mode="9"
 points="106.954 49.3651,
	107.004 49.1633,
	107.004 48.9615,
	107.105 48.7597,
	107.13 48.6588,
	107.509 48.3057,
	107.685 48.1543,
	107.836 47.9525,
	107.912 47.8516,
	108.089 47.0444,
	108.038 46.8426,
	108.063 46.439,
	108.114 46.3381,
	108.114 46.2877,
	108.164 46.2372,
	108.316 45.8336,
	108.341 45.43,
	108.341 45.2282,
	108.492 44.8246,
	108.568 44.6228,
	108.593 44.2192,
	108.669 43.8156,
	108.669 43.412,
	108.719 43.2102,
	108.669 42.8066,
	108.745 42.6048,
	108.745 42.5039,
	108.694 42.4283,
	108.517 42.2517,
	108.442 42.0499,
	108.517 41.6463,
	108.543 41.2427,
	108.543 41.0409,
	108.467 40.6373,
	108.517 40.2337,
	108.618 39.8301,
	108.644 39.7292,
	108.694 39.6788,
	108.871 39.2752,
	109.047 39.1238,
	109.148 39.0481,
	109.199 38.9977,
	109.4 38.9472,
	109.501 38.922,
	109.627 38.7454,
	109.577 38.5436,
	109.552 38.4932,
	109.627 38.4175,
	110.031 38.3418,
	110.233 38.2914,
	110.636 38.3671,
	110.838 38.468,
	110.889 38.4932,
	110.99 38.4427,
	111.015 38.3418,
	110.964 38.2409,
	110.763 38.1148,
	110.662 38.0644,
	110.485 37.8626,
	110.51 37.6608,
	110.611 37.5599,
	110.712 37.5094,
	110.763 37.459,
	110.712 37.0554,
	110.737 36.6518,
	110.863 36.45,
	111.267 36.2734,
	111.469 36.2482,
	111.671 36.1725,
	111.772 36.1977,
	111.898 36.3995,
	111.923 36.5004,
	112.074 36.677,
	112.276 36.6518,
	112.478 36.5761,
	112.68 36.5509,
	112.881 36.6265,
	113.058 36.8283,
	113.184 37.0301,
	113.209 37.131,
	113.411 37.2572,
	113.815 37.2824,
	113.991 37.4085,
	114.319 37.8121,
	114.496 38.0139,
	114.571 38.1148,
	114.622 38.3166,
	114.571 38.7202,
	114.395 39.1238,
	114.294 39.5274,
	114.269 39.7292,
	114.269 39.8301,
	114.344 40.0319,
	114.395 40.0571,
	114.496 39.9562,
	114.597 39.931,
	114.647 39.931,
	114.748 40.0067,
	114.874 40.1833,
	114.95 40.5869,
	114.773 42.2012,
	114.622 43.0084,
	114.496 43.412,
	114.294 43.8156,
	114.168 44.2192,
	114.092 44.6228,
	113.663 45.43,
	113.386 45.8336,
	113.31 46.0354,
	113.235 46.1363,
	113.235 46.1868,
	113.083 46.3886,
	113.033 46.4895,
	112.932 46.5904,
	112.932 46.6408,
	112.856 46.7417,
	112.68 47.1453,
	112.453 47.5489,
	112.175 47.9525,
	111.544 48.6336,
	111.368 48.8102,
	111.292 48.9111,
	111.217 48.9615,
	111.141 49.1633,
	111.141 49.2642,
	111.116 49.3147,
	111.065 49.239,
	110.889 49.4156,
	110.485 49.6426,
	110.384 49.7183,
	110.283 49.7435,
	109.88 50.021,
	109.072 50.1723,
	108.871 50.1723,
	108.669 50.248,
	108.265 50.2732,
	107.862 50.2228,
	107.458 50.0462,
	107.256 49.9453,
	107.08 49.7939,
	106.979 49.693,
	106.954 49.4912,
	106.954 49.3903,
	"/>
</Transform>

<Transform dim="0"
 xcoef=" 0 1 0 0 0 0"
 ycoef=" 0 0 1 0 0 0">
<Contour name="TB3_Nuc53_EM" hidden="false" closed="true" simplified="true" border="0 1 0" fill="0 1 0" mode="9"
 points="94.2807 46.585,
	94.3218 46.2559,
	94.4246 45.9269,
	94.5275 45.7829,
	94.6097 45.8035,
	94.6714 45.8652,
	94.692 46.1942,
	94.6097 46.5233,
	94.5686 46.6878,
	94.548 46.7701,
	94.4658 46.8318,
	94.4246 46.8318,
	94.3629 46.7495,
	94.3424 46.6673,
	94.2807 46.6261,
	94.2807 46.6056,
	"/>
</Transform>

<Transform dim="0"
 xcoef=" 0 1 0 0 0 0"
 ycoef=" 0 0 1 0 0 0">
<Contour name="TB1_Shell_EM" hidden="false" closed="true" simplified="true" border="0 1 1" fill="0 1 1" mode="9"
 points="32.7418 54.1529,
	33.4451 52.9026,
	33.6014 51.6523,
	33.5232 50.402,
	33.9139 49.1518,
	36.0238 46.6512,
	36.2582 46.0261,
	36.1801 45.7135,
	35.7894 45.0883,
	35.7112 43.8381,
	35.9456 43.2129,
	36.1019 42.9003,
	36.4145 42.7441,
	38.9151 42.6659,
	39.2276 42.6659,
	39.3839 42.6659,
	39.7746 42.0408,
	40.3998 41.8063,
	40.7123 41.8845,
	41.3375 42.3533,
	41.8063 42.9785,
	42.4315 43.5255,
	43.0566 43.6818,
	43.3692 43.7599,
	43.9943 44.2288,
	44.3069 44.8539,
	44.4632 46.1042,
	44.5413 46.7293,
	44.4632 47.9796,
	43.8381 49.2299,
	43.7599 49.855,
	43.8381 50.4802,
	43.6036 51.7305,
	42.5096 54.231,
	42.0408 55.4813,
	41.1031 56.7316,
	39.8528 57.6693,
	39.2276 58.06,
	36.7271 58.4507,
	35.4768 58.2163,
	34.2265 57.8256,
	33.2888 56.6535,
	32.8981 56.0283,
	32.7418 55.4032,
	32.7418 54.231,
	"/>
</Transform>

</Section>