<?xml version="1.0"?>
<!DOCTYPE Section SYSTEM "section.dtd">

<Section index="18" thickness="0.085" alignLocked="true">
<Transform dim="0"
 xcoef=" 0 1 0 0 0 0"
 ycoef=" 0 0 1 0 0 0">
<Image mag="0.0079" contrast="1" brightness="0" red="true" green="true" blue="true"
 src="Aligned TF21018.tif" />
<Contour name="domain1" hidden="false" closed="true" simplified="false" border="1 0 1" fill="1 0 1" mode="11"
 points="0 0,
	15991 0,
	15991 12171,
	0 12171,
	"/>
</Transform>

<Transform dim="0"
 xcoef=" 0 1 0 0 0 0"
 ycoef=" 0 0 1 0 0 0">
<Contour name="TB1_AP33_EM" hidden="false" closed="true" simplified="true" border="0 0.843137 0" fill="1 0 0" mode="9"
 points="40.5825 22.753,
	40.6362 22.6097,
	40.6541 22.4665,
	40.6362 22.3949,
	40.672 22.2517,
	40.7437 22.1085,
	40.869 22.0369,
	40.9764 22.1801,
	41.0122 22.2517,
	41.1017 22.1085,
	41.1375 21.8221,
	41.1196 21.7863,
	41.1554 21.7146,
	41.1733 21.6967,
	41.2628 21.84,
	41.2986 21.9832,
	41.2986 22.0548,
	41.3702 22.198,
	41.406 22.2159,
	41.6566 21.9295,
	41.7999 21.643,
	42.0147 21.0702,
	42.1579 20.7838,
	42.4443 20.5331,
	42.695 20.2467,
	42.8024 20.1035,
	43.0888 19.8171,
	43.1604 19.7455,
	43.1962 19.7096,
	43.3573 19.7634,
	43.4289 19.7634,
	43.5721 19.6738,
	43.6258 19.6201,
	43.6616 19.638,
	43.6258 19.7813,
	43.6079 19.8529,
	43.6796 20.1393,
	43.6975 20.4257,
	43.6437 20.7121,
	43.6258 20.8554,
	43.6437 20.9986,
	43.7333 21.285,
	43.6796 21.5714,
	43.59 21.8579,
	43.5542 22.0011,
	43.6258 22.2875,
	43.7512 22.5739,
	43.6796 22.8604,
	43.6616 23.0036,
	43.6796 23.1468,
	43.59 23.7197,
	43.5721 23.7555,
	43.6258 23.8987,
	43.5721 24.4715,
	43.6258 25.0444,
	43.5363 25.3308,
	43.5184 25.3666,
	43.5542 25.5098,
	43.5542 25.5814,
	43.6258 25.7247,
	43.6437 25.7963,
	43.5184 26.0827,
	43.2499 26.3691,
	43.1246 26.6555,
	43.0709 26.7988,
	42.9277 26.9062,
	42.8561 26.9778,
	42.7666 27.121,
	42.7129 27.1926,
	42.695 27.2642,
	42.7129 27.3358,
	42.5517 27.6222,
	42.3727 28.1951,
	42.0505 28.768,
	41.9789 28.9112,
	41.9431 29.0544,
	42.0326 29.3408,
	42.0684 29.6272,
	42.0326 29.6989,
	41.961 29.7347,
	41.8894 29.7168,
	41.6029 29.4303,
	41.5313 29.3587,
	41.4955 29.3229,
	41.3523 28.7501,
	41.2628 28.4636,
	41.1554 27.3179,
	41.1196 26.7451,
	41.1554 26.1722,
	41.048 25.5993,
	41.0122 25.3129,
	41.0122 25.1697,
	40.9406 24.8833,
	40.9764 24.5968,
	41.0659 24.3104,
	41.1375 24.1672,
	41.2449 24.024,
	41.3344 23.7376,
	41.3523 23.6659,
	41.2091 23.0931,
	41.1733 23.0215,
	41.1375 22.9857,
	41.1196 22.9141,
	41.0122 22.7709,
	40.9764 22.7351,
	40.9048 22.753,
	40.8153 22.8962,
	40.7437 22.9499,
	40.672 22.9499,
	40.6362 22.9499,
	40.5825 22.8783,
	40.5825 22.8067,
	40.5825 22.7709,
	"/>
</Transform>

<Transform dim="0"
 xcoef=" 0 1 0 0 0 0"
 ycoef=" 0 0 1 0 0 0">
<Contour name="TB1_AP05_EM" hidden="false" closed="true" simplified="true" border="0.101961 1 0.101961" fill="1 0 0" mode="9"
 points="39.2339 53.9818,
	39.2691 53.9466,
	39.2868 53.876,
	39.3573 53.8231,
	39.4103 53.8407,
	39.3926 53.876,
	39.4279 53.9466,
	39.4279 54.0877,
	39.4279 54.1583,
	39.3397 54.2817,
	39.3044 54.2994,
	39.2515 54.1583,
	39.2339 54.0171,
	39.2339 53.9995,
	"/>
<Contour name="TB1_AP05_EM" hidden="false" closed="true" simplified="true" border="0.101961 1 0.101961" fill="1 0 0" mode="9"
 points="38.7046 40.998,
	38.8458 40.7157,
	38.8987 40.6452,
	39.0398 40.5569,
	39.1633 40.4158,
	39.2868 40.1336,
	39.3044 39.8513,
	39.2515 39.2868,
	39.2339 39.0045,
	39.2339 38.934,
	39.3926 38.6517,
	39.4808 38.5106,
	39.6043 38.4047,
	39.6396 38.3342,
	39.7807 38.2283,
	39.8513 38.1754,
	40.1336 38.0872,
	40.2747 38.0343,
	40.5569 37.9813,
	40.8392 37.8931,
	40.9098 37.8931,
	41.0509 37.8226,
	41.0862 37.8226,
	41.1567 37.7696,
	41.7213 37.6462,
	42.0035 37.5932,
	42.2858 37.5932,
	42.4269 37.6285,
	42.568 37.6991,
	42.8503 37.8931,
	42.9914 37.9108,
	43.1325 37.9637,
	43.256 38.0872,
	43.2737 38.1578,
	43.3619 38.2989,
	43.4501 38.5811,
	43.6618 38.8634,
	43.75 39.0045,
	43.8382 39.2868,
	43.8735 39.569,
	43.8735 39.8513,
	43.9793 40.4158,
	43.997 40.9803,
	43.9617 41.5448,
	43.8735 42.1094,
	43.7147 42.6739,
	43.6971 42.815,
	43.6441 42.9561,
	43.5383 44.0852,
	43.4324 44.3674,
	43.2737 44.6497,
	43.2384 44.7203,
	42.127 45.8493,
	42.0564 45.8846,
	41.8624 46.1668,
	41.6154 46.4491,
	41.4566 46.7313,
	41.2449 47.0136,
	40.945 47.5781,
	40.7863 48.1426,
	40.8039 48.4249,
	40.7863 48.566,
	40.6452 48.8483,
	40.5746 48.9894,
	40.5569 49.06,
	40.7157 49.3422,
	40.7334 49.4128,
	40.6804 49.4834,
	40.6099 49.501,
	40.4687 49.4657,
	40.3982 49.4304,
	40.3629 49.4128,
	40.0806 49.4657,
	39.9395 49.5363,
	39.816 49.6774,
	39.7984 49.748,
	39.8337 50.0302,
	40.0454 50.3125,
	40.1159 50.3831,
	40.1512 50.4536,
	40.1336 50.5242,
	40.0277 50.6653,
	39.9219 50.9476,
	39.816 51.5121,
	39.7984 52.0766,
	39.6749 53.2056,
	39.6572 53.3468,
	39.6572 53.4173,
	39.5338 53.5055,
	39.3926 53.3997,
	39.1104 53.1351,
	38.9692 53.0116,
	38.9163 52.941,
	38.7752 52.8704,
	38.7576 52.7293,
	38.8458 52.1648,
	38.8105 51.8825,
	38.8281 51.6003,
	38.8987 51.318,
	38.934 51.1769,
	39.0751 50.8946,
	39.1457 50.7535,
	39.1986 50.683,
	39.2515 50.1184,
	39.2691 49.8362,
	39.3044 49.695,
	39.3221 49.6245,
	39.4279 49.4834,
	39.4279 49.2011,
	39.4279 49.06,
	39.5867 48.4955,
	39.816 47.9309,
	39.9042 47.6487,
	39.9395 47.3664,
	39.9219 47.0842,
	39.9219 46.943,
	39.9571 46.8019,
	39.8513 46.2374,
	39.7631 45.9551,
	39.6749 45.814,
	39.5514 45.5317,
	39.2515 44.4027,
	39.1104 43.8382,
	39.0751 43.5559,
	39.0045 43.2737,
	38.9516 42.7092,
	38.8634 42.1446,
	38.7223 41.5801,
	38.7046 41.0156,
	"/>
</Transform>

<Transform dim="0"
 xcoef=" 0 1 0 0 0 0"
 ycoef=" 0 0 1 0 0 0">
<Contour name="TB1_NF02_EM" hidden="false" closed="true" simplified="true" border="0 0.501961 1" fill="0 0.501961 1" mode="-9"
 points="36.3663 40.8467,
	36.3971 40.7851,
	36.4587 40.7235,
	36.5203 40.7235,
	36.6434 40.7851,
	36.7204 40.9082,
	36.7358 41.0314,
	36.7204 41.093,
	36.6742 41.1546,
	36.5511 41.1546,
	36.4895 41.1392,
	36.4279 41.0776,
	36.3971 41.0468,
	36.3663 40.9236,
	36.3663 40.8621,
	"/>
</Transform>

<Transform dim="0"
 xcoef=" 0 1 0 0 0 0"
 ycoef=" 0 0 1 0 0 0">
<Contour name="TB1_NF3_RSL" hidden="false" closed="true" simplified="true" border="1 0.501961 0.25098" fill="1 0.501961 0" mode="-9"
 points="32.8757 24.6412,
	32.8965 24.5582,
	32.9069 24.5166,
	32.9484 24.4855,
	33.0315 24.4543,
	33.073 24.4232,
	33.1561 24.4128,
	33.2392 24.4232,
	33.3223 24.4543,
	33.3949 24.5166,
	33.4365 24.5582,
	33.5196 24.7243,
	33.5507 24.797,
	33.5715 24.8074,
	33.5819 24.9735,
	33.5507 25.3058,
	33.4572 25.472,
	33.3846 25.5446,
	33.343 25.5446,
	33.1769 25.472,
	33.1353 25.4304,
	33.125 25.3889,
	33.0107 25.2227,
	32.9588 25.1397,
	32.9069 24.9735,
	32.8757 24.6516,
	"/>
</Transform>

<Transform dim="0"
 xcoef=" 0 1 0 0 0 0"
 ycoef=" 0 0 1 0 0 0">
<Contour name="TB1_NF4_RSL" hidden="false" closed="true" simplified="true" border="1 1 0.501961" fill="1 1 0.501961" mode="-9"
 points="38.2339 24.7139,
	38.265 24.6308,
	38.265 24.6101,
	38.317 24.527,
	38.4727 24.3712,
	38.5143 24.3609,
	38.535 24.3609,
	38.6181 24.3089,
	38.6596 24.2986,
	38.7427 24.3505,
	38.8465 24.5062,
	38.9296 24.6724,
	38.94 24.7139,
	39.0335 24.8801,
	39.0438 25.0462,
	39.0335 25.0877,
	39.0023 25.1293,
	38.9608 25.15,
	38.7946 25.1189,
	38.6389 25.067,
	38.5973 25.0774,
	38.5558 25.0566,
	38.535 25.0566,
	38.4935 25.0254,
	38.4104 24.9943,
	38.3689 24.9839,
	38.2858 24.9112,
	38.2547 24.8281,
	38.2443 24.7451,
	38.2339 24.7243,
	"/>
</Transform>

<Transform dim="0"
 xcoef=" 0 1 0 0 0 0"
 ycoef=" 0 0 1 0 0 0">
<Contour name="TB1_NF5_RSL" hidden="false" closed="true" simplified="true" border="0.501961 1 0.501961" fill="0.501961 1 0.501961" mode="-9"
 points="38.2235 24.0286,
	38.2547 23.987,
	38.2962 23.9663,
	38.3793 23.9767,
	38.4623 24.039,
	38.5454 24.122,
	38.5662 24.1636,
	38.5662 24.2466,
	38.5766 24.257,
	38.535 24.2986,
	38.452 24.3297,
	38.4104 24.3505,
	38.3273 24.3401,
	38.2858 24.3193,
	38.2339 24.1532,
	38.2235 24.0701,
	38.2235 24.039,
	"/>
</Transform>

<Transform dim="0"
 xcoef=" 0 1 0 0 0 0"
 ycoef=" 0 0 1 0 0 0">
<Contour name="TB1_NF6_RSL" hidden="false" closed="true" simplified="true" border="1 0.501961 0.501961" fill="1 0.501961 0.501961" mode="-9"
 points="38.7291 13.1486,
	38.7657 13.0901,
	38.8242 13.0462,
	38.9412 12.9877,
	38.9997 12.9585,
	39.1167 12.9219,
	39.1752 12.9073,
	39.2337 12.878,
	39.2483 12.878,
	39.3653 12.8049,
	39.4238 12.7683,
	39.5408 12.6659,
	39.7237 12.4612,
	39.7822 12.41,
	39.8407 12.3734,
	39.8553 12.3734,
	39.9065 12.3369,
	39.965 12.3149,
	40.082 12.2345,
	40.1405 12.1979,
	40.2356 12.1028,
	40.316 11.9858,
	40.3453 11.9566,
	40.4184 11.8396,
	40.4696 11.7226,
	40.5427 11.4886,
	40.5793 11.3716,
	40.5939 11.3569,
	40.6158 11.2984,
	40.6524 11.2399,
	40.6743 11.2107,
	40.6743 11.196,
	40.7475 11.0864,
	40.7987 11.0352,
	40.8572 11.0059,
	40.8864 10.984,
	40.901 10.984,
	41.018 10.9108,
	41.0473 10.8962,
	41.0619 10.8816,
	41.2959 10.8304,
	41.5299 10.8085,
	41.5885 10.8304,
	41.6177 10.845,
	41.6689 10.8962,
	41.7274 10.9182,
	41.7566 10.9328,
	41.7713 10.9328,
	41.8005 10.962,
	41.8298 11.0205,
	41.8517 11.1375,
	41.8663 11.196,
	41.859 11.3131,
	41.8225 11.4301,
	41.8005 11.4886,
	41.7786 11.5105,
	41.7713 11.4959,
	41.7932 11.3789,
	41.7859 11.3716,
	41.7347 11.4886,
	41.6981 11.5471,
	41.4714 11.7445,
	41.3544 11.8396,
	41.3252 11.8542,
	41.2082 11.9493,
	41.0912 11.9712,
	40.8572 11.9932,
	40.7402 11.9932,
	40.6817 12.0078,
	40.6231 12.0443,
	40.433 12.271,
	40.3379 12.388,
	40.3233 12.41,
	40.1112 12.644,
	40.0527 12.6952,
	39.9357 12.7756,
	39.9065 12.7903,
	39.848 12.8414,
	39.7968 12.878,
	39.6798 12.9804,
	39.4531 13.1267,
	39.3361 13.1925,
	39.2776 13.229,
	39.1606 13.2729,
	39.1021 13.2802,
	39.0728 13.2948,
	38.9558 13.3095,
	38.8973 13.3168,
	38.7803 13.2948,
	38.7364 13.2437,
	38.7291 13.1852,
	38.7291 13.1559,
	"/>
</Transform>

<Transform dim="0"
 xcoef=" 0 1 0 0 0 0"
 ycoef=" 0 0 1 0 0 0">
<Contour name="TB1_NF6_RSL" hidden="false" closed="true" simplified="true" border="1 0.501961 0.501961" fill="1 0.501961 0.501961" mode="-9"
 points="34.6119 14.8452,
	34.6924 14.7282,
	34.9264 14.5892,
	35.0434 14.5454,
	35.1019 14.5454,
	35.1604 14.5673,
	35.2189 14.6112,
	35.2482 14.6697,
	35.2482 14.6989,
	35.2116 14.7574,
	35.0946 14.8379,
	35.0361 14.8891,
	35.0068 14.9183,
	34.9483 14.9549,
	34.9191 14.9622,
	34.9045 14.9695,
	34.8971 14.9622,
	34.8679 14.9841,
	34.7509 15.0207,
	34.7216 15.0207,
	34.6631 14.9768,
	34.6193 14.9256,
	34.6119 14.8671,
	34.6119 14.8525,
	"/>
</Transform>

<Transform dim="0"
 xcoef=" 0 1 0 0 0 0"
 ycoef=" 0 0 1 0 0 0">
<Contour name="TB1_NF7_RSL" hidden="false" closed="true" simplified="true" border="1 0.501961 0" fill="1 0.501961 0" mode="-9"
 points="46.6729 8.52911,
	46.6915 8.49191,
	46.7659 8.4454,
	46.9148 8.4547,
	46.9799 8.51051,
	47.0078 8.58492,
	46.9799 8.62212,
	46.8311 8.67793,
	46.7566 8.68723,
	46.6915 8.64072,
	46.6729 8.60352,
	46.6729 8.53841,
	"/>
</Transform>

<Transform dim="0"
 xcoef=" 0 1 0 0 0 0"
 ycoef=" 0 0 1 0 0 0">
<Contour name="TB1_NF7_RSL" hidden="false" closed="true" simplified="true" border="1 0.501961 0" fill="1 0.501961 0" mode="-9"
 points="36.3859 12.1937,
	36.4138 12.1193,
	36.4324 12.0821,
	36.4696 12.0449,
	36.7673 11.8682,
	36.8045 11.8403,
	36.9533 11.7938,
	37.0277 11.7752,
	37.3253 11.7845,
	37.3997 11.7938,
	37.5486 11.8496,
	37.8462 11.9054,
	38.1438 11.9333,
	38.2182 11.9426,
	38.367 11.9984,
	38.5159 12.0263,
	38.8135 12.0077,
	38.9623 12.0449,
	39.0367 12.0914,
	39.0553 12.1286,
	39.0553 12.203,
	39.0553 12.2216,
	39.0181 12.2496,
	38.8693 12.2868,
	38.7949 12.3147,
	38.7205 12.3612,
	38.6833 12.3891,
	38.6647 12.3984,
	38.6275 12.3798,
	38.5531 12.4077,
	38.4043 12.4263,
	38.3298 12.4263,
	38.2926 12.4263,
	38.1438 12.3612,
	37.995 12.2775,
	37.8462 12.2123,
	37.6974 12.1751,
	37.5486 12.1844,
	37.3997 12.2216,
	37.2509 12.231,
	37.1021 12.1844,
	36.9533 12.1937,
	36.9161 12.2123,
	36.8045 12.3612,
	36.7487 12.4263,
	36.7115 12.4542,
	36.5626 12.4728,
	36.5254 12.4728,
	36.5068 12.4728,
	36.4417 12.4077,
	36.3952 12.3333,
	36.3859 12.2589,
	36.3859 12.2216,
	36.3859 12.203,
	"/>
</Transform>

<Transform dim="0"
 xcoef=" 0 1 0 0 0 0"
 ycoef=" 0 0 1 0 0 0">
<Contour name="TB1_NF8_RSL" hidden="false" closed="true" simplified="true" border="0 0 0.627451" fill="0 0 0.627451" mode="-9"
 points="47.3086 8.58522,
	47.3386 8.54325,
	47.3866 8.51328,
	47.4825 8.47131,
	47.5784 8.44733,
	47.6744 8.45333,
	47.7163 8.49529,
	47.7283 8.54325,
	47.7223 8.59122,
	47.7103 8.6152,
	47.6624 8.65716,
	47.7103 8.65117,
	47.7163 8.66316,
	47.6923 8.68115,
	47.6804 8.69314,
	47.6684 8.69314,
	47.6204 8.72311,
	47.5245 8.75309,
	47.4286 8.75309,
	47.4046 8.75309,
	47.3566 8.71712,
	47.3326 8.69314,
	47.3146 8.64517,
	47.3086 8.59721,
	47.3086 8.59122,
	"/>
</Transform>

<Transform dim="0"
 xcoef=" 0 1 0 0 0 0"
 ycoef=" 0 0 1 0 0 0">
<Contour name="TB1_NF13_RSL" hidden="false" closed="true" simplified="true" border="0.25098 0 0.501961" fill="0.25098 0 0.501961" mode="-9"
 points="30.4605 58.5036,
	30.4952 58.448,
	30.5161 58.4202,
	30.53 58.4133,
	30.5508 58.4411,
	30.5508 58.4966,
	30.5508 58.5244,
	30.4952 58.5522,
	30.4813 58.5592,
	30.4605 58.5314,
	30.4605 58.5105,
	"/>
<Contour name="TB1_NF13_RSL" hidden="false" closed="true" simplified="true" border="0.25098 0 0.501961" fill="0.25098 0 0.501961" mode="-9"
 points="30.648 60.7334,
	30.6619 60.6223,
	30.6967 60.5111,
	30.7245 60.4556,
	30.7661 60.4069,
	30.8773 60.3305,
	30.9329 60.3027,
	30.9884 60.2888,
	31.0996 60.3027,
	31.1551 60.3166,
	31.1829 60.3236,
	31.3983 60.4972,
	31.4538 60.5459,
	31.558 60.6153,
	31.6067 60.6709,
	31.6275 60.6987,
	31.7039 60.921,
	31.7664 61.0321,
	31.7873 61.0599,
	31.7942 61.0877,
	31.9332 61.31,
	32.0026 61.4211,
	32.0235 61.4767,
	32.0304 61.5323,
	32.0235 61.5878,
	31.9748 61.699,
	31.9609 61.7268,
	31.8498 61.7893,
	31.822 61.8032,
	31.5997 61.8379,
	31.5441 61.8379,
	31.433 61.8171,
	31.3219 61.7823,
	31.301 61.7685,
	31.3219 61.824,
	31.3149 61.8379,
	31.2802 61.7823,
	31.2663 61.7615,
	31.2107 61.7268,
	31.1829 61.7129,
	31.1551 61.6851,
	31.1412 61.6573,
	31.0926 61.6017,
	31.0579 61.5531,
	31.0093 61.5045,
	30.9051 61.442,
	30.8495 61.4072,
	30.8148 61.3517,
	30.7384 61.1294,
	30.7106 61.0182,
	30.6689 60.9071,
	30.648 60.8515,
	30.648 60.7404,
	"/>
</Transform>

<Transform dim="0"
 xcoef=" 0 1 0 0 0 0"
 ycoef=" 0 0 1 0 0 0">
<Contour name="TB1_NF13_RSL" hidden="false" closed="true" simplified="true" border="0.25098 0 0.501961" fill="0.25098 0 0.501961" mode="-9"
 points="39.0394 55.2665,
	39.0533 55.2109,
	39.0603 55.1832,
	39.0603 55.1693,
	39.0742 55.1554,
	39.102 55.0442,
	39.1089 54.9887,
	39.1436 54.8775,
	39.1575 54.7664,
	39.1714 54.7386,
	39.2062 54.5163,
	39.2131 54.4607,
	39.2617 54.3496,
	39.3242 54.2384,
	39.3798 54.1829,
	39.4215 54.1342,
	39.4562 54.0231,
	39.4562 53.9953,
	39.4562 53.9814,
	39.4423 53.9745,
	39.4423 53.9606,
	39.4284 53.9467,
	39.3937 53.8355,
	39.3798 53.8077,
	39.3729 53.6966,
	39.3798 53.641,
	39.4007 53.5855,
	39.4215 53.5577,
	39.4493 53.5438,
	39.5604 53.5507,
	39.5882 53.5646,
	39.6299 53.6202,
	39.7758 54.0648,
	39.7897 54.1203,
	39.8036 54.1481,
	39.8036 54.1759,
	39.8175 54.1898,
	39.8591 54.3009,
	39.88 54.3565,
	39.8939 54.3704,
	39.8939 54.3843,
	39.9078 54.3982,
	39.9078 54.4121,
	39.9217 54.426,
	39.9425 54.4816,
	40.0606 54.7038,
	40.0814 54.7316,
	40.0884 54.7594,
	40.1509 54.8706,
	40.1717 54.8983,
	40.1787 54.9261,
	40.1995 54.9539,
	40.2481 55.0651,
	40.269 55.0929,
	40.3662 55.3151,
	40.4426 55.5374,
	40.4565 55.593,
	40.4704 55.6208,
	40.4704 55.6486,
	40.4913 55.7041,
	40.5121 55.9264,
	40.5191 56.1487,
	40.5191 56.2043,
	40.5052 56.2599,
	40.4357 56.371,
	40.2134 56.4613,
	40.1023 56.4683,
	39.9911 56.4891,
	39.88 56.4891,
	39.7688 56.4683,
	39.6577 56.4057,
	39.5604 56.3363,
	39.4493 56.239,
	39.359 56.1348,
	39.2826 56.0376,
	39.2478 55.982,
	39.2131 55.8709,
	39.1853 55.85,
	39.1228 55.7389,
	39.0811 55.6277,
	39.0464 55.4054,
	39.0394 55.2943,
	39.0394 55.2735,
	"/>
</Transform>

<Transform dim="0"
 xcoef=" 0 1 0 0 0 0"
 ycoef=" 0 0 1 0 0 0">
<Contour name="TB1_AP19_atM01_RSL" hidden="false" closed="true" simplified="true" border="1 0 0" fill="1 0 0" mode="-9"
 points="34.9452 40.6656,
	34.9645 40.6142,
	34.9645 40.6014,
	35.003 40.55,
	35.0158 40.5244,
	35.1185 40.428,
	35.1699 40.4088,
	35.2213 40.4024,
	35.2469 40.4088,
	35.2662 40.4345,
	35.279 40.4473,
	35.2855 40.4987,
	35.279 40.55,
	35.2726 40.5757,
	35.279 40.5821,
	35.2341 40.6335,
	35.1827 40.6528,
	35.0929 40.7426,
	35.0415 40.7683,
	35.0158 40.7747,
	34.9645 40.7619,
	34.9516 40.7105,
	34.9452 40.6849,
	34.9452 40.672,
	"/>
</Transform>

<Transform dim="0"
 xcoef=" 0 1 0 0 0 0"
 ycoef=" 0 0 1 0 0 0">
<Contour name="TB1_AP40_atM07_RSL" hidden="false" closed="true" simplified="true" border="1 0 0" fill="1 0 0" mode="-9"
 points="37.4801 26.3785,
	37.5286 26.249,
	37.561 26.1843,
	37.5934 26.1519,
	37.5934 26.1195,
	37.6905 25.9901,
	37.8038 25.7312,
	37.8361 25.6017,
	37.8847 25.5531,
	37.917 25.537,
	38.0465 25.5855,
	38.0789 25.5855,
	38.1112 25.6502,
	38.0789 25.7797,
	38.095 26.0386,
	38.1274 26.1681,
	38.1274 26.2976,
	38.1436 26.3623,
	38.2569 26.4108,
	38.2892 26.427,
	38.2245 26.4432,
	38.1598 26.427,
	38.1598 26.5565,
	38.2083 26.8154,
	38.2245 26.9449,
	38.2245 27.0096,
	38.176 27.0582,
	38.0465 27.0905,
	37.7876 27.042,
	37.6581 26.9611,
	37.5772 26.8316,
	37.4963 26.5727,
	37.4801 26.4432,
	37.4801 26.3947,
	"/>
</Transform>

<Transform dim="0"
 xcoef=" 0 1 0 0 0 0"
 ycoef=" 0 0 1 0 0 0">
<Contour name="TB1_NF18_RSL" hidden="false" closed="true" simplified="true" border="1 0.501961 0.25098" fill="1 0.501961 0.25098" mode="-9"
 points="38.5587 27.869,
	38.6162 27.6849,
	38.6392 27.6389,
	38.8233 27.5123,
	39.0074 27.4778,
	39.1915 27.5008,
	39.2146 27.5238,
	39.2376 27.5238,
	39.2836 27.5583,
	39.3641 27.7425,
	39.3987 27.9266,
	39.4332 28.0186,
	39.4217 28.0416,
	39.3987 28.0416,
	39.3756 28.0186,
	39.3756 27.9726,
	39.3641 27.9611,
	39.3641 28.0531,
	39.3066 28.2372,
	39.2836 28.2833,
	39.1915 28.3638,
	39.0995 28.3983,
	38.9154 28.4098,
	38.8694 28.3983,
	38.8233 28.3523,
	38.8003 28.3063,
	38.7198 28.2142,
	38.6047 28.0301,
	38.5587 27.9381,
	38.5587 27.892,
	38.5587 27.8805,
	"/>
</Transform>

<Transform dim="0"
 xcoef=" 0 1 0 0 0 0"
 ycoef=" 0 0 1 0 0 0">
<Contour name="TB1_NF19_RSL" hidden="false" closed="true" simplified="true" border="0.501961 0.501961 1" fill="0.501961 0.501961 1" mode="-9"
 points="38.1364 25.3622,
	38.1612 25.1637,
	38.1612 25.0644,
	38.1612 25.0148,
	38.1798 24.9962,
	38.2046 24.9962,
	38.217 24.99,
	38.2667 25.0024,
	38.2915 25.0024,
	38.3411 25.0272,
	38.5396 25.0706,
	38.5893 25.0706,
	38.7878 25.1264,
	38.9863 25.1575,
	39.036 25.1637,
	39.0856 25.1575,
	39.1042 25.1513,
	39.0546 25.1389,
	39.036 25.1264,
	39.0484 25.1202,
	39.1476 25.1513,
	39.1538 25.1575,
	39.1476 25.1699,
	39.2035 25.2629,
	39.2717 25.3622,
	39.3151 25.4615,
	39.3772 25.8585,
	39.4516 26.2556,
	39.4826 26.4541,
	39.4702 26.5534,
	39.4144 26.7519,
	39.3772 26.8512,
	39.3524 26.9008,
	39.2717 27.0001,
	39.2593 27.0249,
	39.2159 27.0745,
	39.2035 27.0993,
	39.1042 27.1676,
	39.0049 27.1986,
	38.9057 27.211,
	38.856 27.2234,
	38.8064 27.2172,
	38.7568 27.1986,
	38.732 27.1986,
	38.6327 27.1614,
	38.6079 27.1552,
	38.5831 27.1366,
	38.4838 27.0931,
	38.3907 27.0125,
	38.3039 26.9194,
	38.2542 26.8202,
	38.2542 26.8077,
	38.2356 26.7829,
	38.1798 26.5844,
	38.155 26.4851,
	38.1488 26.3859,
	38.1612 26.1873,
	38.1674 26.0881,
	38.1426 25.691,
	38.1364 25.4925,
	38.1364 25.3932,
	38.1364 25.3684,
	"/>
</Transform>

<Transform dim="0"
 xcoef=" 0 1 0 0 0 0"
 ycoef=" 0 0 1 0 0 0">
<Contour name="TB1_NF23_RSL" hidden="false" closed="true" simplified="true" border="0.501961 0 1" fill="0.501961 0 1" mode="-9"
 points="30.9214 35.5947,
	31.0305 35.0962,
	31.0928 34.5977,
	31.1395 34.3485,
	31.1551 33.85,
	31.2018 33.3515,
	31.2174 33.1023,
	31.3109 32.6038,
	31.4822 32.1053,
	31.5757 31.8561,
	31.6224 31.7938,
	31.638 31.7314,
	31.7314 31.6068,
	31.8561 31.4822,
	31.9495 31.3576,
	32.0118 31.3109,
	32.0742 31.2953,
	32.1053 31.2953,
	32.2143 31.4043,
	32.2455 31.4666,
	32.2455 31.5289,
	32.1832 31.6536,
	32.2143 31.6691,
	32.1832 31.6847,
	32.043 32.1832,
	32.0118 32.3078,
	32.0118 32.8063,
	32.0118 32.9309,
	32.0118 32.9621,
	31.9495 33.0244,
	31.8716 33.149,
	31.8249 33.3982,
	31.8716 33.6475,
	31.9651 33.8967,
	32.0274 34.0213,
	32.0742 34.2706,
	32.0897 34.5198,
	32.0897 34.6444,
	32.0118 35.1429,
	31.9963 35.2675,
	31.9495 35.3922,
	31.8872 35.4545,
	31.638 35.6258,
	31.5134 35.6881,
	31.2641 35.766,
	31.1395 35.7504,
	31.0149 35.7037,
	30.9526 35.6726,
	30.9214 35.657,
	30.9214 35.6103,
	"/>
</Transform>

<Transform dim="0"
 xcoef=" 0 1 0 0 0 0"
 ycoef=" 0 0 1 0 0 0">
<Contour name="TB1_NF23_RSL" hidden="false" closed="true" simplified="true" border="0.501961 0 1" fill="0.501961 0 1" mode="-9"
 points="31.638 26.4818,
	31.7003 26.4507,
	31.8249 26.5285,
	31.8405 26.5909,
	31.9184 26.7155,
	31.934 26.7778,
	31.9495 26.8089,
	31.9807 26.8089,
	32.0897 27.0582,
	32.1988 27.1672,
	32.2611 27.1984,
	32.3234 27.2607,
	32.339 27.3853,
	32.3234 27.5099,
	32.3078 27.5722,
	32.1676 27.8215,
	32.1365 27.8526,
	32.0897 27.7903,
	32.0586 27.6657,
	32.043 27.619,
	31.9184 27.6969,
	31.8561 27.728,
	31.8249 27.728,
	31.7938 27.6969,
	31.7626 27.5722,
	31.6847 27.4476,
	31.6691 27.1984,
	31.7314 26.9491,
	31.747 26.8245,
	31.747 26.7622,
	31.638 26.513,
	31.638 26.4974,
	"/>
</Transform>

<Transform dim="0"
 xcoef=" 0 1 0 0 0 0"
 ycoef=" 0 0 1 0 0 0">
<Contour name="TB1_NF24_RSL" hidden="false" closed="true" simplified="true" border="1 0.501961 1" fill="1 0.501961 1" mode="-9"
 points="38.8472 59.7176,
	38.8625 59.6769,
	38.8675 59.6566,
	38.8777 59.6464,
	38.8777 59.6362,
	38.9336 59.5549,
	38.9489 59.5345,
	38.9489 59.5243,
	38.9743 59.4837,
	38.9845 59.4735,
	38.9896 59.4531,
	39.0099 59.4328,
	39.0099 59.4226,
	39.071 59.3565,
	39.1472 59.3006,
	39.1574 59.3006,
	39.3151 59.1735,
	39.3964 59.1023,
	39.4371 59.0616,
	39.4524 59.0463,
	39.4676 59.0667,
	39.4829 59.0768,
	39.5642 59.0616,
	39.6456 59.0565,
	39.6863 59.0616,
	39.7066 59.0616,
	39.7473 59.0768,
	39.7829 59.1175,
	39.8083 59.1582,
	39.8236 59.1989,
	39.8287 59.2396,
	39.8134 59.3209,
	39.7982 59.3616,
	39.7219 59.4379,
	39.6405 59.4837,
	39.4778 59.6006,
	39.3151 59.7328,
	39.2947 59.7532,
	39.2133 59.804,
	39.0506 59.8651,
	39.0099 59.8701,
	38.9286 59.8549,
	38.9082 59.8396,
	38.8981 59.8244,
	38.8625 59.7837,
	38.8472 59.743,
	38.8472 59.7227,
	"/>
</Transform>

<Transform dim="0"
 xcoef=" 0 1 0 0 0 0"
 ycoef=" 0 0 1 0 0 0">
<Contour name="TB1_NF27_RSL" hidden="false" closed="true" simplified="true" border="0 0 1" fill="0 0 1" mode="-9"
 points="31.6021 65.4077,
	31.6155 65.3651,
	31.6501 65.3251,
	31.6714 65.3065,
	31.6767 65.3011,
	31.6981 65.2931,
	31.7087 65.2905,
	31.73 65.2985,
	31.7513 65.3118,
	31.7913 65.3518,
	31.8259 65.3917,
	31.8766 65.4743,
	31.8926 65.5169,
	31.8952 65.6022,
	31.8899 65.6448,
	31.8846 65.6662,
	31.8739 65.6875,
	31.8686 65.6981,
	31.8473 65.7114,
	31.8046 65.7141,
	31.762 65.7114,
	31.7194 65.6981,
	31.6767 65.6741,
	31.6554 65.6555,
	31.6421 65.6342,
	31.6261 65.5916,
	31.6101 65.5063,
	31.6021 65.4637,
	31.6021 65.421,
	31.6021 65.4104,
	"/>
</Transform>

<Transform dim="0"
 xcoef=" 0 1 0 0 0 0"
 ycoef=" 0 0 1 0 0 0">
<Contour name="TB1_NF28_RSL" hidden="false" closed="true" simplified="true" border="1 0.502 0.502" fill="1 0.502 0.502" mode="-9"
 points="34.3704 66.1639,
	34.3867 66.1203,
	34.4303 66.0822,
	34.4412 66.0713,
	34.6155 66.0223,
	34.7027 66.0005,
	34.7898 65.9678,
	34.877 65.9514,
	34.9206 65.9623,
	34.9315 65.9732,
	34.9424 65.9732,
	34.9533 65.9841,
	34.9642 65.9841,
	35.0023 66.0277,
	35.035 66.1149,
	35.0459 66.1584,
	35.0459 66.202,
	35.035 66.2456,
	35.0295 66.2674,
	35.0187 66.2783,
	35.0132 66.3001,
	34.9969 66.3219,
	34.9969 66.3328,
	34.9587 66.3764,
	34.9151 66.409,
	34.828 66.4472,
	34.8062 66.4581,
	34.719 66.4635,
	34.6319 66.4526,
	34.5883 66.4472,
	34.5447 66.4254,
	34.5011 66.3927,
	34.4793 66.3709,
	34.4357 66.3437,
	34.403 66.3055,
	34.3867 66.2837,
	34.3704 66.1966,
	34.3704 66.1748,
	34.3704 66.1693,
	"/>
</Transform>

<Transform dim="0"
 xcoef=" 0 1 0 0 0 0"
 ycoef=" 0 0 1 0 0 0">
<Contour name="TB1_NF29_RSL" hidden="false" closed="true" simplified="true" border="1 0 1" fill="1 0 1" mode="-9"
 points="31.4275 62.8957,
	31.4411 62.8413,
	31.5023 62.7394,
	31.5431 62.6918,
	31.6519 62.6442,
	31.8694 62.5966,
	31.9782 62.5762,
	32.087 62.583,
	32.1414 62.5966,
	32.2434 62.6986,
	32.3046 62.8073,
	32.325 62.9161,
	32.3182 63.0249,
	32.2978 63.1337,
	32.2502 63.2425,
	32.2026 63.2969,
	32.1482 63.3309,
	32.0394 63.3513,
	31.9306 63.3581,
	31.7131 63.3241,
	31.6587 63.3105,
	31.6043 63.2833,
	31.5499 63.2425,
	31.4751 63.1337,
	31.4751 63.1201,
	31.4547 63.0997,
	31.4275 62.9909,
	31.4275 62.9365,
	31.4275 62.9093,
	31.4275 62.9025,
	"/>
</Transform>

<Transform dim="0"
 xcoef=" 0 1 0 0 0 0"
 ycoef=" 0 0 1 0 0 0">
<Contour name="TB1_NF41_RSL" hidden="false" closed="true" simplified="true" border="1 0.501961 0.752941" fill="1 0.501961 0.752941" mode="-9"
 points="31.6636 24.7275,
	31.7523 24.2542,
	31.7671 24.1359,
	31.8411 24.062,
	32.0777 24.0472,
	32.196 24.0472,
	32.4326 24.1359,
	32.4918 24.1655,
	32.6101 24.269,
	32.6841 24.3725,
	32.7136 24.4909,
	32.7728 24.6092,
	32.8319 24.8458,
	32.8467 24.9641,
	32.8615 25.0233,
	32.8172 25.2599,
	32.7876 25.3782,
	32.7728 25.4374,
	32.6988 25.5557,
	32.6397 25.6148,
	32.6101 25.674,
	32.5066 25.7923,
	32.4474 25.8515,
	32.3883 25.881,
	32.27 25.8958,
	32.2256 25.9106,
	32.1664 25.955,
	32.0481 25.9402,
	31.8115 25.7775,
	31.708 25.6888,
	31.6932 25.4522,
	31.6636 25.393,
	31.6784 25.1564,
	31.6636 24.9197,
	31.6636 24.8014,
	31.6636 24.7423,
	"/>
</Transform>

<Transform dim="0"
 xcoef=" 0 1 0 0 0 0"
 ycoef=" 0 0 1 0 0 0">
<Contour name="TB1_NF26_RSL" hidden="false" closed="true" simplified="true" border="0.25098 0 0.501961" fill="0.25098 0 0.501961" mode="-9"
 points="31.5745 28.3223,
	31.6281 28.0364,
	31.6549 27.9649,
	31.6995 27.8935,
	31.8336 27.7594,
	31.905 27.7416,
	31.9408 27.7326,
	31.9765 27.7416,
	31.9944 27.7594,
	32.0033 27.8309,
	31.9497 28.1168,
	31.905 28.2598,
	31.8604 28.3312,
	31.8604 28.3491,
	31.8425 28.367,
	31.8246 28.358,
	31.771 28.501,
	31.7442 28.5367,
	31.7085 28.5457,
	31.637 28.5099,
	31.5834 28.4385,
	31.5745 28.367,
	31.5745 28.3312,
	"/>
</Transform>

<Transform dim="0"
 xcoef=" 0 1 0 0 0 0"
 ycoef=" 0 0 1 0 0 0">
<Contour name="TB1_NF9_RSL" hidden="false" closed="true" simplified="true" border="0.501961 0.501961 0" fill="0.501961 0.501961 0" mode="-9"
 points="37.6961 31.4819,
	37.7792 31.2403,
	37.8169 31.1799,
	37.8396 31.1497,
	37.8622 31.0893,
	37.9453 30.9685,
	37.9981 30.8477,
	38.0358 30.727,
	38.0811 30.4854,
	38.1038 30.2438,
	38.1113 30.1834,
	38.1566 30.0626,
	38.1793 30.0022,
	38.1793 29.9871,
	38.1944 29.972,
	38.1944 29.9569,
	38.2321 29.8965,
	38.2548 29.8361,
	38.2548 29.821,
	38.2774 29.7908,
	38.285 29.7606,
	38.4058 29.6549,
	38.5266 29.587,
	38.587 29.5719,
	38.6171 29.5644,
	38.6775 29.6096,
	38.7077 29.67,
	38.7228 29.7908,
	38.6096 30.0324,
	38.5719 30.1532,
	38.5568 30.2136,
	38.5492 30.3344,
	38.5568 30.3646,
	38.5568 30.3797,
	38.6171 30.4174,
	38.6775 30.4401,
	38.7983 30.5382,
	38.8361 30.5986,
	38.8587 30.7194,
	38.8663 30.7798,
	38.8587 30.9006,
	38.8361 31.0214,
	38.8285 31.0742,
	38.8587 31.0214,
	38.8663 31.0365,
	38.8285 31.1573,
	38.821 31.1799,
	38.7908 31.2328,
	38.7379 31.2932,
	38.7002 31.3536,
	38.6775 31.4743,
	38.67 31.5951,
	38.6775 31.6555,
	38.6473 31.8971,
	38.6322 32.0179,
	38.6247 32.0405,
	38.6021 32.116,
	38.519 32.2293,
	38.3982 32.2821,
	38.2774 32.2897,
	38.0358 32.2066,
	37.9151 32.1387,
	37.8849 32.116,
	37.8169 31.9952,
	37.7339 31.7537,
	37.7037 31.6329,
	37.6961 31.5121,
	37.6961 31.4894,
	"/>
</Transform>

<Transform dim="0"
 xcoef=" 0 1 0 0 0 0"
 ycoef=" 0 0 1 0 0 0">
<Contour name="TB1_NF45_RSL" hidden="false" closed="true" simplified="true" border="0.501961 0 1" fill="0.501961 0 1" mode="-9"
 points="38.3517 40.2118,
	38.3685 40.1445,
	38.3727 40.1108,
	38.398 40.0435,
	38.4106 40.0098,
	38.4653 39.9425,
	38.499 39.913,
	38.5663 39.9004,
	38.6 39.913,
	38.6337 39.9425,
	38.6715 40.0056,
	38.701 40.073,
	38.7094 40.1403,
	38.7094 40.1571,
	38.7178 40.1698,
	38.6842 40.3044,
	38.6631 40.3718,
	38.6505 40.4054,
	38.6295 40.4391,
	38.6126 40.4559,
	38.579 40.4728,
	38.5453 40.4812,
	38.478 40.477,
	38.4443 40.4728,
	38.4275 40.4643,
	38.3812 40.397,
	38.3685 40.3802,
	38.3559 40.3128,
	38.3517 40.2455,
	38.3517 40.216,
	"/>
</Transform>

<Transform dim="0"
 xcoef=" 0 1 0 0 0 0"
 ycoef=" 0 0 1 0 0 0">
<Contour name="TB1_NF47_RSL" hidden="false" closed="true" simplified="true" border="1 0 0.502" fill="1 0 0.502" mode="-9"
 points="29.2623 45.58,
	29.3375 45.5048,
	29.3804 45.4725,
	29.5523 45.4081,
	29.6383 45.3759,
	29.7134 45.3221,
	29.7672 45.2362,
	29.7994 45.0643,
	29.7457 44.8924,
	29.7242 44.8065,
	29.7242 44.7635,
	29.8101 44.6883,
	29.8961 44.6346,
	29.939 44.6131,
	30.025 44.6346,
	30.1109 44.6991,
	30.1539 44.7206,
	30.2076 44.8065,
	30.2398 44.8924,
	30.2613 44.9247,
	30.3258 45.6122,
	30.3258 45.6981,
	30.2721 45.87,
	30.2076 45.9559,
	30.1646 45.9774,
	29.8209 45.9667,
	29.649 45.9345,
	29.4771 45.87,
	29.3912 45.8485,
	29.3052 45.7948,
	29.273 45.7089,
	29.2623 45.6229,
	29.2623 45.5907,
	"/>
</Transform>

<Transform dim="0"
 xcoef=" 0 1 0 0 0 0"
 ycoef=" 0 0 1 0 0 0">
<Contour name="TB1_NF46_RSL" hidden="false" closed="true" simplified="true" border="0 0 0.501961" fill="0 0.25098 0.25098" mode="-9"
 points="39.7774 49.8909,
	39.8354 49.7362,
	39.8741 49.6589,
	40.0288 49.5235,
	40.1835 49.4655,
	40.2608 49.4655,
	40.2995 49.4461,
	40.6089 49.5815,
	40.7636 49.6975,
	40.8216 49.7555,
	40.8409 49.9102,
	40.8216 50.065,
	40.6476 50.3744,
	40.4929 50.4517,
	40.1835 50.4324,
	40.1061 50.413,
	39.9514 50.297,
	39.7967 50.1423,
	39.7774 49.9876,
	39.7774 49.9102,
	"/>
<Contour name="TB1_NF46_RSL" hidden="false" closed="true" simplified="true" border="0 0 0.501961" fill="0 0.25098 0.25098" mode="-9"
 points="43.4708 36.1419,
	43.5095 35.9872,
	43.5289 35.9099,
	43.5869 35.8325,
	43.7416 35.7745,
	43.8189 35.8325,
	43.8963 35.8518,
	44.1477 36.1612,
	44.2637 36.4706,
	44.3604 37.0894,
	44.3797 37.7082,
	44.4764 38.0176,
	44.4184 38.327,
	44.3604 38.4818,
	44.399 38.5011,
	44.399 38.5398,
	44.2443 38.6171,
	44.0896 38.6171,
	44.0123 38.6171,
	43.8769 38.4818,
	43.6255 37.8629,
	43.5482 37.5535,
	43.4902 36.9347,
	43.4708 36.3159,
	43.4708 36.1612,
	"/>
</Transform>

<Transform dim="0"
 xcoef=" 0 1 0 0 0 0"
 ycoef=" 0 0 1 0 0 0">
<Contour name="TB1_NF46_RSL" hidden="false" closed="true" simplified="true" border="0 0 0.501961" fill="0 0.25098 0.25098" mode="-9"
 points="37.5149 49.5815,
	37.7082 49.2914,
	37.8629 49.2721,
	37.9403 49.2914,
	38.095 49.4461,
	38.2304 49.7555,
	38.2884 50.065,
	38.269 50.2197,
	38.2304 50.297,
	38.153 50.3744,
	37.9983 50.355,
	37.8436 50.2583,
	37.7663 50.181,
	37.6116 49.8716,
	37.5535 49.7942,
	37.5149 49.6395,
	37.5149 49.6008,
	"/>
</Transform>

<Transform dim="0"
 xcoef=" 0 1 0 0 0 0"
 ycoef=" 0 0 1 0 0 0">
<Contour name="TB1_NF48_RSL" hidden="false" closed="true" simplified="true" border="0.501961 0.25098 0" fill="0.501961 0.25098 0" mode="-9"
 points="30.6512 36.5548,
	30.67 36.4547,
	30.6888 36.4046,
	30.7013 36.3796,
	30.7514 36.3357,
	30.8516 36.2794,
	30.9517 36.2356,
	31.0519 36.2293,
	31.102 36.2293,
	31.2022 36.2794,
	31.2272 36.3044,
	31.3274 36.367,
	31.4275 36.4046,
	31.4776 36.4296,
	31.4901 36.4296,
	31.5903 36.5048,
	31.6341 36.5423,
	31.6717 36.5924,
	31.6967 36.6425,
	31.7656 36.7427,
	31.8032 36.8428,
	31.8157 36.943,
	31.8094 37.1433,
	31.7719 37.1934,
	31.7218 37.2372,
	31.6967 37.256,
	31.6842 37.2685,
	31.7093 37.2936,
	31.7155 37.3061,
	31.6654 37.3562,
	31.6404 37.375,
	31.5966 37.4751,
	31.5903 37.5002,
	31.5527 37.544,
	31.4526 37.5753,
	31.3524 37.5878,
	31.3023 37.5941,
	31.2022 37.5878,
	31.1521 37.5816,
	31.0519 37.5315,
	30.8516 37.3875,
	30.8015 37.3437,
	30.7827 37.3186,
	30.7514 37.2185,
	30.7201 37.0181,
	30.7138 36.918,
	30.7201 36.8178,
	30.7264 36.7677,
	30.6825 36.7176,
	30.67 36.7051,
	30.6575 36.655,
	30.6512 36.5611,
	"/>
</Transform>

<Transform dim="0"
 xcoef=" 0 1 0 0 0 0"
 ycoef=" 0 0 1 0 0 0">
<Contour name="TB1_NF26_RSL" hidden="false" closed="true" simplified="true" border="0.25098 0 0.501961" fill="0.25098 0 0.501961" mode="-9"
 points="31.2496 14.474,
	31.2673 14.38,
	31.2849 14.1921,
	31.3142 14.0982,
	31.373 14.0042,
	31.3847 13.9807,
	31.3847 13.969,
	31.4141 13.922,
	31.4552 13.8809,
	31.4786 13.8574,
	31.5256 13.8339,
	31.6196 13.8163,
	31.9954 13.8281,
	32.0893 13.8222,
	32.1363 13.8398,
	32.1598 13.8515,
	32.1833 13.875,
	32.2244 13.9044,
	32.3124 13.9925,
	32.3888 14.0864,
	32.4475 14.1804,
	32.471 14.2273,
	32.5414 14.3213,
	32.5708 14.3683,
	32.5884 14.4152,
	32.5943 14.4622,
	32.606 14.4857,
	32.6119 14.5796,
	32.6119 14.6266,
	32.5943 14.6736,
	32.5708 14.6912,
	32.5473 14.6853,
	32.4181 14.8674,
	32.3829 14.9143,
	32.3712 14.9378,
	32.3829 14.9613,
	32.3535 15.0083,
	32.3066 15.0494,
	32.2126 15.0787,
	32.0247 15.0964,
	31.9308 15.0964,
	31.8838 15.1022,
	31.7899 15.1316,
	31.6959 15.1492,
	31.602 15.1375,
	31.555 15.1199,
	31.461 15.0553,
	31.4141 15.02,
	31.3906 14.9965,
	31.373 14.9848,
	31.3319 14.9378,
	31.3025 14.8909,
	31.2849 14.8674,
	31.2731 14.7734,
	31.2673 14.7264,
	31.2673 14.703,
	31.2496 14.656,
	31.2496 14.562,
	31.2496 14.5151,
	31.2496 14.4916,
	31.2496 14.4798,
	"/>
</Transform>

<Transform dim="0"
 xcoef=" 0 1 0 0 0 0"
 ycoef=" 0 0 1 0 0 0">
<Contour name="TB1_NF52_RSL" hidden="false" closed="true" simplified="true" border="0.501961 0 0" fill="0.501961 0 0" mode="-9"
 points="32.8284 22.1499,
	32.8654 22.0906,
	32.9173 22.0536,
	32.9766 22.0387,
	33.0952 22.0462,
	33.1544 22.0684,
	33.1841 22.0906,
	33.2137 22.098,
	33.2286 22.1128,
	33.2434 22.1128,
	33.3619 22.187,
	33.4657 22.2907,
	33.5398 22.4019,
	33.5694 22.4611,
	33.5917 22.5797,
	33.5917 22.639,
	33.5917 22.6686,
	33.562 22.7279,
	33.5398 22.7576,
	33.5102 22.7724,
	33.4509 22.7724,
	33.3916 22.7501,
	33.2878 22.639,
	33.2582 22.6168,
	33.2286 22.639,
	33.2211 22.6464,
	33.1693 22.5871,
	33.11 22.5427,
	33.0803 22.513,
	33.0729 22.4834,
	32.9766 22.387,
	32.9173 22.3352,
	32.8803 22.2907,
	32.8432 22.2314,
	32.8284 22.1721,
	32.8284 22.1573,
	"/>
</Transform>

<Transform dim="0"
 xcoef=" 0 1 0 0 0 0"
 ycoef=" 0 0 1 0 0 0">
<Contour name="TB1_AP64_RSL" hidden="false" closed="true" simplified="true" border="1 1 0" fill="1 1 0" mode="9"
 points="28.5681 22.0521,
	28.73 21.2547,
	28.9294 20.4574,
	28.9667 20.258,
	28.9917 20.1584,
	29.0166 19.7597,
	29.0166 19.66,
	29.029 19.6475,
	28.9917 18.8502,
	28.9917 18.4515,
	28.9169 17.6541,
	28.9169 17.2555,
	28.892 16.8568,
	28.8546 16.6574,
	28.8671 16.4581,
	28.9044 16.2587,
	28.9169 16.1591,
	28.9418 16.1092,
	28.9667 16.0843,
	29.1661 16.0345,
	29.3654 16.022,
	29.7641 16.184,
	29.8638 16.2089,
	29.9634 16.1965,
	30.0631 16.1217,
	30.088 16.1217,
	30.2749 15.9597,
	30.3497 15.8601,
	30.3497 15.8352,
	30.412 15.7355,
	30.4992 15.5361,
	30.5615 15.4365,
	30.6238 15.2371,
	30.6611 15.0378,
	30.6985 14.6391,
	30.711 14.4398,
	30.7359 14.3401,
	30.8356 14.1408,
	30.8729 14.0411,
	30.8854 13.9912,
	30.9352 13.9414,
	31.0349 13.8916,
	31.1346 13.8667,
	31.1844 13.8417,
	31.2093 13.8417,
	31.4087 13.7047,
	31.608 13.6424,
	31.7077 13.605,
	31.7575 13.605,
	31.8572 13.6549,
	31.8821 13.6673,
	31.8821 13.7172,
	31.8821 13.7421,
	31.8073 13.8293,
	31.7575 13.8542,
	31.7077 13.8542,
	31.608 13.8916,
	31.5083 13.9539,
	31.4211 14.0411,
	31.3215 14.2404,
	31.2716 14.3401,
	31.2467 14.5394,
	31.2716 14.7388,
	31.3339 14.9381,
	31.3962 15.0378,
	31.446 15.0752,
	31.471 15.1001,
	31.6703 15.125,
	32.069 15.0876,
	32.1687 15.0627,
	32.2683 15.0004,
	32.368 14.9132,
	32.3929 14.9132,
	32.5798 14.7512,
	32.6296 14.6516,
	32.6545 14.5519,
	32.6421 14.4522,
	32.6172 14.4024,
	32.6172 14.3775,
	32.4926 14.1781,
	32.4303 14.0785,
	32.2434 13.8916,
	32.1811 13.7919,
	32.1562 13.6922,
	32.1562 13.6424,
	32.1811 13.5926,
	32.2808 13.5303,
	32.3805 13.5054,
	32.4303 13.4929,
	32.53 13.5427,
	32.7293 13.5676,
	32.7791 13.5676,
	32.8788 13.5178,
	32.9785 13.4431,
	33.0781 13.4057,
	33.128 13.4181,
	33.2152 13.5054,
	33.2775 13.605,
	33.2775 13.6299,
	33.3522 13.7172,
	33.4021 13.767,
	33.6014 13.8791,
	33.7011 13.904,
	33.9004 13.8916,
	34.0998 13.904,
	34.1994 13.929,
	34.2991 13.9788,
	34.3489 14.0037,
	34.3863 14.0535,
	34.4486 14.2529,
	34.4611 14.4522,
	34.4486 14.5519,
	34.3988 14.6516,
	34.1122 15.0502,
	33.7509 15.4365,
	33.6762 15.5361,
	33.3024 15.8227,
	32.9037 15.9847,
	32.1064 16.2214,
	31.907 16.3086,
	31.8572 16.3335,
	31.6703 16.5328,
	31.608 16.6325,
	31.5333 16.8319,
	31.4959 16.8817,
	31.3464 17.2804,
	31.3215 17.38,
	31.2965 17.4299,
	31.2965 17.4797,
	31.1844 17.8784,
	31.147 18.0777,
	31.1097 18.1774,
	31.1097 18.2272,
	31.0474 18.4266,
	30.8605 18.8253,
	30.711 19.2239,
	30.6238 19.4233,
	30.6113 19.4731,
	30.5864 19.498,
	30.412 19.8967,
	30.3372 20.0961,
	30.3123 20.1957,
	30.1379 20.5944,
	29.8513 21.3918,
	29.5398 22.1891,
	29.4028 22.5878,
	29.3405 22.7872,
	29.2533 22.9865,
	29.2035 23.0862,
	29.1287 23.1734,
	29.0789 23.1983,
	28.9792 23.1858,
	28.9294 23.1858,
	28.7425 23.0239,
	28.6677 22.9242,
	28.6304 22.8744,
	28.593 22.675,
	28.5681 22.2764,
	28.5681 22.077,
	28.5681 22.0646,
	"/>
</Transform>

<Transform dim="0"
 xcoef=" 0 1 0 0 0 0"
 ycoef=" 0 0 1 0 0 0">
<Contour name="TB1_AP64_RSL" hidden="false" closed="true" simplified="true" border="1 1 0" fill="1 1 0" mode="9"
 points="28.433 48.3981,
	28.4625 48.0833,
	28.4723 48.0047,
	28.4625 47.8473,
	28.4625 47.7686,
	28.5313 47.4539,
	28.5805 47.1392,
	28.6297 46.9818,
	28.6592 46.8245,
	28.6592 46.5097,
	28.6494 46.3524,
	28.6789 46.195,
	28.7871 45.8803,
	28.8559 45.7229,
	28.8756 45.6443,
	28.9444 45.4869,
	29.0329 45.3295,
	29.0526 45.2902,
	29.1313 45.2213,
	29.2886 45.1918,
	29.3673 45.2017,
	29.5148 45.2902,
	29.505 45.3689,
	29.4853 45.4082,
	29.4067 45.4771,
	29.3673 45.5164,
	29.328 45.5361,
	29.2788 45.6147,
	29.2591 45.6934,
	29.269 45.7721,
	29.3083 45.8508,
	29.3772 45.9196,
	29.4558 45.9688,
	29.6132 46.0081,
	29.7706 46.018,
	29.9279 46.0081,
	30.0853 46.0278,
	30.2426 46.077,
	30.4 46.0573,
	30.4787 46.0573,
	30.518 46.0672,
	30.6164 46.2147,
	30.7246 46.5294,
	30.7737 46.8441,
	30.8426 47.1588,
	30.8524 47.3162,
	30.7737 47.6309,
	30.7836 47.7883,
	30.8622 48.103,
	30.9508 48.2604,
	30.9901 48.4177,
	30.9803 48.4964,
	30.9704 48.5357,
	30.8327 48.6931,
	30.7836 48.7718,
	30.7737 48.8505,
	30.7836 48.9291,
	30.8721 49.0865,
	31.0196 49.2439,
	31.0884 49.3225,
	31.1376 49.4012,
	31.1573 49.7159,
	31.1671 50.3454,
	31.177 50.6601,
	31.2065 50.9748,
	31.2065 51.0142,
	31.236 51.0928,
	31.2556 51.2502,
	31.2556 51.4076,
	31.2261 51.5649,
	31.1966 51.6436,
	31.1966 51.6633,
	31.1671 51.7026,
	31.1278 51.86,
	31.1081 52.0173,
	31.1376 52.1747,
	31.1868 52.3321,
	31.2458 52.4107,
	31.4032 52.5583,
	31.4818 52.6271,
	31.5212 52.6664,
	31.5999 52.8238,
	31.6097 52.9812,
	31.5802 53.1385,
	31.5802 53.1779,
	31.5507 53.2565,
	31.531 53.4139,
	31.5409 53.7286,
	31.7474 54.3581,
	31.8359 54.6728,
	31.8752 54.8301,
	31.8851 54.9875,
	31.8654 55.1449,
	31.8654 55.1842,
	31.7966 55.3416,
	31.6884 55.4989,
	31.531 55.6366,
	31.4523 55.7055,
	31.3442 55.8628,
	31.3048 56.0202,
	31.2753 56.0989,
	31.2261 56.1775,
	31.1475 56.2562,
	31.0688 56.2759,
	31.0294 56.2759,
	30.9508 56.2464,
	30.7934 56.148,
	30.7147 56.089,
	30.636 56.0497,
	30.3213 55.8136,
	30.2426 55.7546,
	29.9574 55.4399,
	29.8492 55.2924,
	29.8197 55.253,
	29.7902 55.1744,
	29.7411 55.0957,
	29.7214 55.017,
	29.682 54.9383,
	29.6624 54.899,
	29.6624 54.8596,
	29.5935 54.7023,
	29.5444 54.5449,
	29.5148 54.4662,
	29.505 54.3876,
	29.446 54.2302,
	29.4067 54.0728,
	29.3772 53.9942,
	29.3673 53.9155,
	29.2591 53.6008,
	29.1706 53.286,
	29.1608 53.2467,
	29.0821 53.227,
	29.0428 53.2172,
	28.9936 53.168,
	28.9936 53.0893,
	29.0034 53.05,
	29.0821 52.9812,
	29.1116 52.9418,
	29.1214 52.8631,
	29.0526 52.5484,
	29.0034 52.2337,
	29.0034 52.0763,
	29.0329 51.7616,
	29.0428 51.4469,
	29.0231 51.1322,
	29.0034 50.9748,
	28.9838 50.8961,
	28.9838 50.8568,
	28.8264 50.5421,
	28.7477 50.3847,
	28.6494 50.07,
	28.5313 49.4406,
	28.4428 48.8111,
	28.433 48.4964,
	28.433 48.4177,
	28.433 48.4079,
	"/>
</Transform>

<Transform dim="0"
 xcoef=" 0 1 0 0 0 0"
 ycoef=" 0 0 1 0 0 0">
<Contour name="TB1_AP49_EM" hidden="false" closed="true" simplified="true" border="0 1 1" fill="0 1 0" mode="9"
 points="33.4452 13.6985,
	33.4959 13.6859,
	33.5212 13.6795,
	33.6226 13.6985,
	33.6479 13.6922,
	33.7492 13.6099,
	33.8949 13.4072,
	33.9582 13.3059,
	34.0089 13.2046,
	34.0912 12.7992,
	34.1799 12.6979,
	34.2305 12.6536,
	34.3319 12.5903,
	34.4332 12.5079,
	34.4839 12.4573,
	34.6865 12.3053,
	34.7372 12.2736,
	34.8385 12.2356,
	34.8639 12.2293,
	34.9652 12.2609,
	35.0158 12.2736,
	35.0412 12.2736,
	35.0918 12.3053,
	35.1172 12.3243,
	35.2185 12.3496,
	35.2692 12.3559,
	35.2818 12.3623,
	35.3832 12.3243,
	35.4845 12.2736,
	35.5858 12.2356,
	35.6365 12.2166,
	35.6872 12.1849,
	35.7378 12.1406,
	35.8138 12.0393,
	35.8645 11.9949,
	35.9151 11.9633,
	36.0101 11.8619,
	36.0481 11.8113,
	36.0671 11.7859,
	36.0925 11.7733,
	36.1431 11.7733,
	36.1938 11.7859,
	36.2191 11.7986,
	36.2318 11.8049,
	36.2381 11.8556,
	36.2191 11.9569,
	36.1811 12.0583,
	36.1621 12.0836,
	36.1558 12.1089,
	36.1305 12.1343,
	36.1241 12.1596,
	36.0481 12.2609,
	36.0101 12.3116,
	35.9975 12.3369,
	35.9088 12.4383,
	35.8582 12.4889,
	35.7885 12.5903,
	35.6935 12.7929,
	35.6745 12.8436,
	35.6618 12.8689,
	35.5605 12.9639,
	35.5098 12.9956,
	35.4085 13.0842,
	35.3895 13.1096,
	35.3832 13.1349,
	35.3262 13.2362,
	35.3008 13.2869,
	35.2502 13.3186,
	35.0475 13.3756,
	34.9462 13.4072,
	34.8449 13.4642,
	34.7942 13.4959,
	34.7245 13.5972,
	34.7119 13.6226,
	34.7119 13.7239,
	34.7309 13.8252,
	34.7942 14.0279,
	34.7879 14.0532,
	34.7435 14.1039,
	34.7309 14.1292,
	34.7245 14.1419,
	34.7372 14.1925,
	34.7435 14.2179,
	34.7182 14.3192,
	34.7055 14.3699,
	34.6802 14.3889,
	34.6675 14.4395,
	34.6485 14.4649,
	34.6295 14.5155,
	34.5535 14.6169,
	34.5155 14.7182,
	34.4395 14.8195,
	34.3825 14.9208,
	34.3699 14.9462,
	34.1799 15.1488,
	34.1292 15.1932,
	34.1039 15.2058,
	34.0532 15.1932,
	34.0469 15.1425,
	34.0975 15.0412,
	34.1229 14.9905,
	34.2179 14.8892,
	34.2685 14.8385,
	34.3889 14.6359,
	34.4332 14.5345,
	34.4395 14.5092,
	34.4775 14.4585,
	34.5029 14.3572,
	34.5092 14.3065,
	34.4965 14.2052,
	34.4712 14.1862,
	34.4585 14.1799,
	34.4395 13.9772,
	34.4142 13.9265,
	34.3129 13.8695,
	34.2622 13.8505,
	34.1609 13.8379,
	34.1102 13.8315,
	34.0595 13.8442,
	34.0342 13.8505,
	33.6289 13.7999,
	33.5276 13.7872,
	33.4769 13.7555,
	33.4516 13.7365,
	33.4452 13.7112,
	33.4452 13.7049,
	"/>
</Transform>

<Transform dim="0"
 xcoef=" 0 1 0 0 0 0"
 ycoef=" 0 0 1 0 0 0">
<Contour name="TB1_NF55_RSL" hidden="false" closed="true" simplified="true" border="0.501961 0 0" fill="0.501961 0 0" mode="-9"
 points="32.7114 9.50269,
	32.7467 9.43227,
	32.8391 9.29142,
	32.9007 9.221,
	32.9623 9.15938,
	33.0328 9.09336,
	33.0504 9.07575,
	33.1912 9.00533,
	33.2616 8.96572,
	33.332 8.93931,
	33.4025 8.9217,
	33.4377 8.9129,
	33.7194 8.88649,
	33.7898 8.89089,
	33.825 8.8997,
	33.8602 8.9217,
	33.8822 8.95692,
	33.8954 9.02734,
	33.8998 9.09776,
	33.8822 9.16818,
	33.8734 9.18579,
	33.8646 9.19459,
	33.8514 9.2298,
	33.759 9.37065,
	33.6269 9.50269,
	33.5917 9.5379,
	33.4509 9.61713,
	33.3805 9.65234,
	33.31 9.69636,
	33.1692 9.71836,
	33.0283 9.72717,
	32.9579 9.71396,
	32.9491 9.70956,
	32.8083 9.71836,
	32.7731 9.71836,
	32.7555 9.71836,
	32.7423 9.68315,
	32.7291 9.66555,
	32.7114 9.59512,
	32.7114 9.5247,
	32.7114 9.50709,
	"/>
</Transform>

<Transform dim="0"
 xcoef=" 0 1 0 0 0 0"
 ycoef=" 0 0 1 0 0 0">
<Contour name="TB1_NF57_RSL" hidden="false" closed="true" simplified="true" border="1 1 0.501961" fill="1 1 0.501961" mode="-9"
 points="43.1655 10.3678,
	43.2004 10.2563,
	43.2353 10.2075,
	43.291 10.1726,
	43.4026 10.1238,
	43.4584 10.0959,
	43.5699 10.068,
	43.6815 10.061,
	43.793 10.075,
	43.8488 10.0889,
	43.8767 10.1447,
	43.8837 10.2005,
	43.8628 10.2563,
	43.7721 10.3678,
	43.6606 10.4585,
	43.6048 10.5003,
	43.5769 10.5212,
	43.563 10.5352,
	43.3398 10.5282,
	43.312 10.5282,
	43.2841 10.5073,
	43.2283 10.4863,
	43.2004 10.4724,
	43.1725 10.4445,
	43.1655 10.3887,
	43.1655 10.3748,
	"/>
</Transform>

<Transform dim="0"
 xcoef=" 0 1 0 0 0 0"
 ycoef=" 0 0 1 0 0 0">
<Contour name="TB1_AP59_RSL" hidden="false" closed="true" simplified="true" border="0 0.502 0" fill="0 0.502 0" mode="9"
 points="30.0812 41.2224,
	30.223 40.5742,
	30.2737 40.4121,
	30.4256 40.088,
	30.4864 39.926,
	30.5167 39.7639,
	30.5269 39.4398,
	30.4762 39.1157,
	30.4661 38.7916,
	30.4965 38.4675,
	30.5471 38.1434,
	30.5775 38.0624,
	30.6282 37.9813,
	30.6585 37.8193,
	30.6282 37.6572,
	30.6079 37.5762,
	30.5167 37.4142,
	30.4762 37.3331,
	30.4155 37.2521,
	30.3749 37.1711,
	30.3547 37.1306,
	30.3547 37.1103,
	30.3749 37.1002,
	30.456 37.1508,
	30.4965 37.1508,
	30.5167 37.1711,
	30.5167 37.1913,
	30.5775 37.2724,
	30.5978 37.3129,
	30.6383 37.3534,
	30.6484 37.3635,
	30.6585 37.2015,
	30.6484 37.1609,
	30.618 37.1204,
	30.5876 37.0394,
	30.6383 36.7153,
	30.6383 36.6343,
	30.5876 36.4722,
	30.5573 36.3102,
	30.537 36.2697,
	30.5269 36.1886,
	30.5066 36.1481,
	30.4864 36.1279,
	30.4661 36.0468,
	30.456 36.0266,
	30.4357 36.0266,
	30.4256 35.9861,
	30.4762 35.824,
	30.4965 35.743,
	30.5876 35.5809,
	30.6991 35.4189,
	30.7396 35.3784,
	30.8712 35.0542,
	30.9117 34.8922,
	30.9219 34.8112,
	30.9523 34.7301,
	30.9725 34.5681,
	30.9928 34.4871,
	30.9928 34.163,
	31.013 33.8388,
	31.013 33.5147,
	31.0029 33.3527,
	31.013 33.1906,
	31.0333 33.1096,
	31.165 32.7855,
	31.2662 32.4614,
	31.3371 32.2993,
	31.3675 32.2183,
	31.3777 32.0563,
	31.3675 31.8942,
	31.327 31.7321,
	31.327 31.6511,
	31.3979 31.4891,
	31.5296 31.327,
	31.5802 31.246,
	31.6106 31.165,
	31.6207 31.0029,
	31.5903 30.6788,
	31.5701 30.5167,
	31.5802 30.3547,
	31.5701 30.2737,
	31.5093 30.1926,
	31.4789 30.1521,
	31.4587 30.0711,
	31.4587 30.0306,
	31.4486 30.0103,
	31.4992 29.9293,
	31.6612 29.9192,
	31.7423 29.9597,
	31.8233 29.9597,
	31.8638 29.9496,
	31.8841 29.9496,
	31.9347 29.8685,
	31.9651 29.7065,
	31.955 29.6254,
	31.9043 29.5444,
	31.8841 29.5343,
	32.0157 29.3722,
	32.0563 29.2912,
	32.0968 29.1292,
	32.117 28.9671,
	32.1272 28.8861,
	32.117 28.8051,
	32.1677 28.643,
	32.1879 28.6025,
	32.2689 28.5518,
	32.35 28.5215,
	32.431 28.5215,
	32.4715 28.5215,
	32.5424 28.5924,
	32.5424 28.6126,
	32.6234 28.6936,
	32.664 28.724,
	32.7045 28.7342,
	32.8665 28.6936,
	32.9475 28.7139,
	32.9881 28.724,
	33.0286 28.7544,
	33.0488 28.8354,
	33.0083 28.9975,
	32.9172 29.1595,
	32.8058 29.4837,
	32.7551 29.6457,
	32.7349 29.7267,
	32.7349 29.7672,
	32.6842 29.8483,
	32.5627 30.1724,
	32.4715 30.4965,
	32.4006 30.6585,
	32.3702 30.8206,
	32.3601 30.9826,
	32.3601 31.0637,
	32.3905 31.2257,
	32.4107 31.5498,
	32.4816 31.8739,
	32.5728 32.1981,
	32.5931 32.5222,
	32.5931 32.6842,
	32.6234 32.7652,
	32.6336 32.8058,
	32.6842 32.8868,
	32.7349 33.0488,
	32.7652 33.1299,
	32.8058 33.454,
	32.826 33.616,
	33.0286 34.2642,
	33.1197 34.5883,
	33.1704 34.7504,
	33.2413 34.9125,
	33.2717 34.9935,
	33.3729 35.1555,
	33.4135 35.2366,
	33.4742 35.3176,
	33.5553 35.4796,
	33.5958 35.5607,
	33.6363 35.7227,
	33.616 35.8848,
	33.5958 35.9152,
	33.6464 35.9962,
	33.6667 36.0367,
	33.6667 36.057,
	33.697 36.0975,
	33.8287 36.4216,
	33.849 36.5026,
	33.8895 36.5836,
	33.9401 36.7457,
	33.9705 36.7862,
	34.0009 36.8672,
	34.011 36.9077,
	34.0414 36.9483,
	34.0921 37.1103,
	34.2339 37.4344,
	34.2845 37.5965,
	34.3149 37.6775,
	34.4162 37.8395,
	34.4871 37.9206,
	34.5174 37.9611,
	34.5174 37.9813,
	34.558 38.0219,
	34.5883 38.1029,
	34.6795 38.2649,
	34.7504 38.427,
	34.7808 38.508,
	34.8618 38.589,
	35.0239 38.6701,
	35.1859 38.6903,
	35.348 38.7612,
	35.429 38.8017,
	35.4999 38.8828,
	35.6113 39.0448,
	35.6619 39.1258,
	35.7328 39.2879,
	35.7531 39.3284,
	35.905 39.4905,
	35.9962 39.6525,
	35.9962 39.7335,
	36.0266 39.8146,
	36.0266 39.8348,
	36.0468 39.8551,
	36.0468 39.8753,
	36.1279 39.926,
	36.1684 39.9361,
	36.2494 39.9868,
	36.3912 40.1488,
	36.5532 40.3007,
	36.695 40.4628,
	36.7052 40.5438,
	36.6748 40.6248,
	36.5938 40.6552,
	36.5532 40.6552,
	36.3912 40.6046,
	36.3102 40.5641,
	36.0063 40.24,
	35.9455 40.1589,
	35.8544 39.9969,
	35.5303 39.7032,
	35.4493 39.6627,
	35.3682 39.6019,
	35.2366 39.4398,
	35.0745 39.298,
	34.9226 39.136,
	34.7605 39.0549,
	34.6795 39.0144,
	34.5985 39.0043,
	34.4364 39.0651,
	33.7882 39.4803,
	33.7072 39.531,
	33.6261 39.6019,
	33.4641 39.7032,
	33.3831 39.7538,
	33.3426 39.7639,
	33.0184 40.0577,
	32.9475 40.1387,
	32.8463 40.3007,
	32.7956 40.3818,
	32.6437 40.5236,
	32.4918 40.6856,
	32.4209 40.7666,
	32.3804 40.8072,
	32.3398 40.8882,
	32.3196 40.9287,
	32.2993 41.0907,
	32.2993 41.2528,
	32.2791 41.3338,
	32.2284 41.4149,
	32.1879 41.4554,
	31.8638 41.6377,
	31.7828 41.6681,
	31.7018 41.6782,
	31.5397 41.739,
	31.4587 41.7693,
	31.4182 41.7795,
	31.0941 41.6681,
	30.77 41.5769,
	30.4458 41.5263,
	30.2838 41.5263,
	30.2028 41.5263,
	30.1623 41.5161,
	30.1217 41.4858,
	30.1015 41.4452,
	30.0812 41.2832,
	30.0812 41.2427,
	30.0812 41.2325,
	"/>
</Transform>

<Transform dim="0"
 xcoef=" 0 1 0 0 0 0"
 ycoef=" 0 0 1 0 0 0">
<Contour name="TB1_NF02_EM" hidden="false" closed="true" simplified="true" border="0 0.501961 1" fill="0 0.501961 1" mode="-9"
 points="30.5298 43.5364,
	30.6692 43.1013,
	30.6862 43.047,
	30.6862 43.0198,
	30.8289 42.8023,
	30.8357 42.7887,
	30.8425 42.7853,
	30.8969 42.8023,
	30.9241 42.8192,
	30.9377 42.8328,
	30.992 42.86,
	31.0192 42.877,
	31.0498 42.9314,
	31.0804 43.0402,
	31.0872 43.0673,
	31.0872 43.1217,
	31.0702 43.2305,
	31.0566 43.2849,
	31.0294 43.3392,
	30.9648 43.448,
	30.9139 43.5567,
	30.9003 43.5839,
	30.8731 43.6927,
	30.8663 43.7199,
	30.8119 43.8286,
	30.7847 43.883,
	30.7779 43.8966,
	30.7507 43.9238,
	30.7473 43.9272,
	30.7201 43.9136,
	30.7134 43.9102,
	30.659 43.9272,
	30.6318 43.9102,
	30.6046 43.8864,
	30.5944 43.8762,
	30.5366 43.6587,
	30.5298 43.6315,
	30.5298 43.5771,
	30.5298 43.5499,
	30.5298 43.5398,
	"/>
</Transform>

<Transform dim="0"
 xcoef=" 0 1 0 0 0 0"
 ycoef=" 0 0 1 0 0 0">
<Contour name="TB1_NF02_EM" hidden="false" closed="true" simplified="true" border="0 0.501961 1" fill="0 0.501961 1" mode="-9"
 points="34.426 41.1784,
	"/>
</Transform>

<Transform dim="0"
 xcoef=" 0 1 0 0 0 0"
 ycoef=" 0 0 1 0 0 0">
<Contour name="TB1_AP19_EM" hidden="false" closed="true" simplified="true" border="1 0 0" fill="0.501961 1 0" mode="15"
 points="30.6457 44.325,
	30.7083 44.1998,
	30.7396 44.1371,
	30.7553 44.1058,
	30.7587 44.098,
	30.7979 43.9727,
	30.8174 43.91,
	30.8267 43.8787,
	30.8424 43.8161,
	30.8502 43.7848,
	30.8546 43.7691,
	30.8556 43.7652,
	30.9109 43.6399,
	30.9383 43.5773,
	30.952 43.5459,
	30.9525 43.5146,
	30.9525 43.499,
	30.9525 43.4911,
	30.9525 43.4892,
	30.9833 43.4265,
	30.999 43.3952,
	31.0068 43.3796,
	31.07 43.129,
	31.0856 43.0664,
	31.0895 43.0507,
	31.0915 43.0429,
	31.0523 42.9176,
	31.0328 42.8549,
	31.023 42.8236,
	30.9608 42.6983,
	30.953 42.6827,
	30.9525 42.6807,
	30.9603 42.6494,
	30.9643 42.6337,
	30.9662 42.6259,
	31.0049 42.5633,
	31.0244 42.532,
	31.0342 42.5163,
	31.0964 42.4537,
	31.1277 42.4223,
	31.1434 42.4067,
	31.1473 42.4028,
	31.1786 42.3949,
	31.1943 42.391,
	31.2021 42.3891,
	31.2031 42.3886,
	31.2266 42.4199,
	31.2383 42.4356,
	31.2442 42.4434,
	31.2682 42.5687,
	31.2799 42.6313,
	31.2858 42.6626,
	31.2877 42.6705,
	31.3347 42.7957,
	31.3587 42.8584,
	31.3704 42.8897,
	31.4013 42.9523,
	31.4169 42.9837,
	31.4248 42.9993,
	31.4272 43.0032,
	31.482 43.0659,
	31.5094 43.0972,
	31.5231 43.1128,
	31.5544 43.1212,
	31.5701 43.1251,
	31.5779 43.127,
	31.6093 43.1197,
	31.6249 43.1158,
	31.6327 43.1138,
	31.6347 43.1133,
	31.666 43.1212,
	31.6817 43.1251,
	31.6895 43.127,
	31.8148 43.0962,
	31.9401 43.0644,
	32.0027 43.0487,
	32.0184 43.0448,
	32.0262 43.0434,
	32.0575 43.0434,
	32.0732 43.0434,
	32.081 43.0429,
	32.1436 42.9881,
	32.175 42.9611,
	32.1906 42.9474,
	32.195 42.9396,
	32.3042 42.689,
	32.359 42.5638,
	32.3864 42.5011,
	32.3869 42.4933,
	32.379 42.368,
	32.3751 42.3054,
	32.3732 42.2741,
	32.3732 42.2114,
	32.3732 42.1801,
	32.3732 42.1723,
	32.3732 42.1684,
	32.3732 42.1664,
	32.4358 42.1395,
	32.4671 42.1258,
	32.471 42.1238,
	32.5337 42.0768,
	32.565 42.0533,
	32.5807 42.0416,
	32.612 42.0259,
	32.6276 42.0181,
	32.6355 42.0137,
	32.6389 42.0103,
	32.6619 41.9476,
	32.6736 41.9163,
	32.6766 41.9085,
	32.678 41.9046,
	32.679 41.9026,
	32.7955 41.7773,
	32.8542 41.7147,
	32.8841 41.6834,
	32.8875 41.6795,
	32.8914 41.6775,
	33.0167 41.6379,
	33.0793 41.6183,
	33.1107 41.609,
	33.1733 41.5933,
	33.2046 41.5855,
	33.2203 41.5816,
	33.2242 41.5806,
	33.3495 41.6041,
	33.4121 41.6158,
	33.4434 41.6222,
	33.4454 41.6227,
	33.508 41.5919,
	33.5394 41.5762,
	33.555 41.5684,
	33.5628 41.5659,
	33.8134 41.5351,
	33.876 41.5273,
	33.8917 41.5248,
	34.1423 41.3682,
	34.2675 41.2894,
	34.3302 41.2503,
	34.3928 41.2146,
	34.4555 41.1798,
	34.4711 41.1715,
	34.4731 41.17,
	34.4809 41.169,
	34.4966 41.1695,
	34.5044 41.1725,
	34.5201 41.1759,
	34.5357 41.1769,
	34.5436 41.1764,
	34.5475 41.1759,
	34.5514 41.1744,
	34.5524 41.1735,
	34.5543 41.1735,
	34.5582 41.171,
	34.5621 41.1695,
	34.57 41.1651,
	34.5719 41.1637,
	34.5729 41.1632,
	34.5758 41.1622,
	34.5915 41.1617,
	34.5954 41.1617,
	34.6111 41.1578,
	34.615 41.1563,
	34.616 41.1563,
	34.6179 41.1549,
	34.6199 41.1544,
	34.6209 41.1544,
	34.6228 41.1529,
	34.6248 41.1524,
	34.6326 41.148,
	34.6346 41.147,
	34.6356 41.146,
	34.6375 41.1456,
	34.6414 41.1431,
	34.6434 41.1421,
	34.6444 41.1412,
	34.6463 41.1407,
	34.662 41.1314,
	34.6698 41.1265,
	34.6776 41.1206,
	34.6855 41.1133,
	34.6894 41.1098,
	34.6923 41.1064,
	34.6997 41.0996,
	34.7036 41.0956,
	34.7163 41.0814,
	34.7227 41.0736,
	34.728 41.0658,
	34.7315 41.058,
	34.7339 41.0501,
	34.7354 41.0423,
	34.7369 41.0384,
	34.7378 41.0306,
	34.7388 41.0266,
	34.7393 41.011,
	34.7388 41.0031,
	34.7388 40.9992,
	34.7388 40.9987,
	34.7393 40.9968,
	34.7706 40.966,
	34.7785 40.9581,
	34.7819 40.9542,
	34.7833 40.9503,
	34.7912 40.8877,
	34.7956 40.8563,
	34.7966 40.8485,
	34.797 40.8446,
	34.7897 40.8133,
	34.7858 40.7976,
	34.7838 40.7898,
	34.7829 40.7859,
	34.8063 40.7232,
	34.8181 40.6919,
	34.8249 40.6762,
	34.8259 40.6743,
	35.0765 40.4237,
	35.0921 40.4081,
	35.1 40.4002,
	35.1039 40.3973,
	35.1665 40.3733,
	35.1978 40.3621,
	35.2135 40.3562,
	35.2155 40.3552,
	35.3407 40.386,
	35.3721 40.3939,
	35.3799 40.3963,
	35.3819 40.3968,
	35.4445 40.3733,
	35.4758 40.3616,
	35.4915 40.3557,
	35.4934 40.3547,
	35.5957 40.2294,
	35.6466 40.1668,
	35.6721 40.1355,
	35.675 40.1321,
	35.7063 40.1086,
	35.722 40.0968,
	35.7298 40.091,
	35.7308 40.0905,
	35.7621 40.0983,
	35.7778 40.1022,
	35.7856 40.1042,
	35.8012 40.1042,
	35.8091 40.1042,
	35.813 40.1042,
	35.8375 40.1355,
	35.8492 40.1511,
	35.8546 40.159,
	35.8561 40.1629,
	35.8634 40.2255,
	35.8673 40.2568,
	35.8702 40.2725,
	35.9094 40.3351,
	35.9295 40.3665,
	35.9393 40.3821,
	36.0645 40.4536,
	36.1272 40.4893,
	36.1585 40.5069,
	36.1624 40.5089,
	36.1942 40.5715,
	36.2094 40.6028,
	36.2167 40.6185,
	36.2182 40.6224,
	36.2569 40.873,
	36.2764 40.9983,
	36.2862 41.0609,
	36.2872 41.0648,
	36.2872 41.1274,
	36.2872 41.1588,
	36.2872 41.1744,
	36.2872 41.1783,
	36.3268 41.3036,
	36.3464 41.3663,
	36.3562 41.3976,
	36.3802 41.5229,
	36.3914 41.5855,
	36.3973 41.6168,
	36.413 41.6795,
	36.4208 41.7108,
	36.4247 41.7264,
	36.4267 41.7343,
	36.5441 41.9848,
	36.6028 42.1101,
	36.6327 42.1728,
	36.6953 42.298,
	36.7262 42.3607,
	36.7413 42.392,
	36.7487 42.4077,
	36.7957 42.5329,
	36.8192 42.5956,
	36.8309 42.6269,
	36.8544 42.7522,
	36.8661 42.8148,
	36.872 42.8461,
	36.8798 42.9088,
	36.8837 42.9401,
	36.8857 42.9558,
	36.8867 42.9597,
	36.9253 43.0223,
	36.9454 43.0536,
	36.9547 43.0693,
	36.9713 43.1319,
	37.0027 43.2572,
	37.0105 43.2885,
	37.0193 43.3512,
	37.0227 43.3825,
	37.0247 43.3982,
	37.0257 43.406,
	37.0178 43.4686,
	37.0139 43.4999,
	37.012 43.5156,
	37.035 43.6409,
	37.0467 43.7035,
	37.0526 43.7348,
	37.0536 43.7662,
	37.0643 43.7818,
	37.0878 43.8131,
	37.0932 43.821,
	37.0952 43.8249,
	37.1113 43.9502,
	37.1191 44.0128,
	37.1231 44.0441,
	37.1377 44.1068,
	37.1456 44.1381,
	37.1495 44.1538,
	37.1681 44.1851,
	37.2077 44.2477,
	37.2175 44.2634,
	37.2214 44.2712,
	37.2606 44.3965,
	37.2801 44.4591,
	37.2894 44.4904,
	37.3056 44.5531,
	37.3134 44.5844,
	37.3173 44.6001,
	37.3183 44.6627,
	37.3183 44.694,
	37.3183 44.7097,
	37.3178 44.7175,
	37.31 44.7488,
	37.3061 44.7645,
	37.3041 44.7723,
	37.312 44.835,
	37.3164 44.8663,
	37.3183 44.8819,
	37.3071 44.9446,
	37.2831 45.0699,
	37.2772 45.1012,
	37.1999 45.3517,
	37.1607 45.477,
	37.1412 45.5397,
	37.1363 45.5553,
	37.1284 45.5866,
	37.1245 45.6023,
	37.1157 45.618,
	37.0766 45.6806,
	37.057 45.7119,
	37.0531 45.7198,
	36.9743 45.9703,
	36.9351 46.0956,
	36.916 46.1582,
	36.9151 46.1622,
	36.9141 46.1641,
	36.8906 46.6652,
	36.8789 46.9158,
	36.873 47.0411,
	36.8725 47.0567,
	36.8803 47.3073,
	36.8842 47.4326,
	36.8862 47.4952,
	36.8935 47.6205,
	36.8979 47.6831,
	36.8999 47.7145,
	36.9004 47.7223,
	36.8926 47.8476,
	36.8886 47.9102,
	36.8867 47.9415,
	36.8857 47.9494,
	36.8236 48.1999,
	36.8079 48.2626,
	36.804 48.2782,
	36.803 48.2821,
	36.8422 48.5327,
	36.8617 48.658,
	36.8715 48.7206,
	36.8798 48.8459,
	36.8837 48.9085,
	36.8857 48.9399,
	36.8862 48.9477,
	36.8789 49.073,
	36.8749 49.1356,
	36.873 49.1669,
	36.8725 49.1708,
	36.9033 49.2961,
	36.9107 49.3274,
	36.9141 49.3431,
	36.9141 49.3588,
	36.9141 49.3666,
	36.9165 49.3705,
	36.9713 49.4331,
	36.9988 49.4645,
	37.0129 49.4801,
	37.0521 49.5428,
	37.0717 49.5741,
	37.0815 49.5897,
	37.0824 49.5917,
	37.2077 49.6935,
	37.2704 49.7444,
	37.3017 49.7698,
	37.3056 49.7733,
	37.3291 49.8046,
	37.3413 49.8202,
	37.3462 49.8281,
	37.354 49.8594,
	37.358 49.8751,
	37.3599 49.8829,
	37.3369 49.9455,
	37.3252 49.9768,
	37.3193 49.9925,
	37.1945 50.0938,
	37.1319 50.1442,
	37.1162 50.1569,
	37.1089 50.1633,
	37.0849 50.2259,
	37.0731 50.2573,
	37.0678 50.2729,
	37.0673 50.2749,
	37.0829 50.4002,
	37.0908 50.4628,
	37.0947 50.4941,
	37.0952 50.498,
	37.0873 50.5607,
	37.0834 50.592,
	37.081 50.6076,
	37.0501 50.6703,
	37.0345 50.7016,
	37.0266 50.7173,
	36.9802 50.7799,
	36.9567 50.8112,
	36.9449 50.8269,
	36.942 50.8303,
	36.9498 50.846,
	36.9537 50.8538,
	36.9557 50.8577,
	36.9562 50.8582,
	36.9405 50.866,
	36.9327 50.87,
	36.9288 50.8719,
	36.9131 50.8646,
	36.9053 50.8607,
	36.9014 50.8587,
	36.9004 50.8582,
	36.8377 50.9052,
	36.8064 50.9287,
	36.7908 50.9404,
	36.6655 51.0574,
	36.6028 51.1161,
	36.5715 51.1455,
	36.5676 51.1489,
	36.5657 51.1509,
	36.4404 51.2213,
	36.3777 51.2566,
	36.3464 51.2742,
	36.3425 51.2761,
	36.3112 51.284,
	36.2955 51.2879,
	36.2877 51.2898,
	36.272 51.3011,
	36.2407 51.3251,
	36.2329 51.3309,
	36.2309 51.3324,
	36.1683 51.3481,
	36.137 51.3559,
	36.1213 51.3598,
	36.1193 51.3603,
	35.9941 51.4386,
	35.9314 51.4773,
	35.9001 51.4968,
	35.8962 51.4998,
	35.7949 51.6251,
	35.744 51.6877,
	35.7185 51.719,
	35.6637 51.7817,
	35.6363 51.813,
	35.6226 51.8286,
	35.6192 51.8326,
	35.4939 51.9187,
	35.4313 51.9618,
	35.4 51.9833,
	35.3921 51.9887,
	35.2668 52.0591,
	35.2042 52.0944,
	35.1729 52.112,
	35.0476 52.1511,
	34.985 52.1707,
	34.9536 52.1805,
	34.9497 52.1815,
	34.6992 52.158,
	34.5739 52.1462,
	34.5113 52.1404,
	34.5034 52.1399,
	34.2529 52.0929,
	34.1276 52.0689,
	34.0649 52.0572,
	34.0023 52.0489,
	33.971 52.0449,
	33.9553 52.043,
	33.9475 52.042,
	33.8222 51.9799,
	33.7596 51.9485,
	33.7282 51.9329,
	33.603 51.8551,
	33.5403 51.8159,
	33.509 51.7963,
	33.5012 51.7914,
	33.3759 51.6897,
	33.3133 51.6388,
	33.2819 51.6133,
	33.1567 51.4964,
	33.094 51.4371,
	33.0627 51.4078,
	33.0314 51.3799,
	32.9687 51.3256,
	32.9531 51.3119,
	32.9452 51.305,
	32.82 51.2125,
	32.7573 51.1665,
	32.7417 51.1553,
	32.7338 51.1484,
	32.6947 51.0858,
	32.6751 51.0544,
	32.6658 51.0388,
	32.6502 50.9761,
	32.6423 50.9448,
	32.6384 50.9292,
	32.5763 50.8039,
	32.5606 50.7726,
	32.5567 50.7647,
	32.5542 50.7608,
	32.4916 50.706,
	32.4603 50.6781,
	32.4446 50.6644,
	32.4407 50.6625,
	32.4094 50.6551,
	32.3937 50.6512,
	32.3859 50.6483,
	32.2606 50.5543,
	32.198 50.5073,
	32.1667 50.4838,
	31.9386 50.2333,
	31.8251 50.108,
	31.7683 50.0454,
	31.7614 50.0375,
	31.7218 49.9749,
	31.7022 49.9436,
	31.6924 49.9279,
	31.691 49.9259,
	31.6753 49.8633,
	31.6675 49.832,
	31.6636 49.8163,
	31.6626 49.8124,
	31.6783 49.5618,
	31.6861 49.4366,
	31.69 49.3739,
	31.6978 49.3113,
	31.7017 49.28,
	31.7037 49.2643,
	31.7047 49.2565,
	31.6807 49.1312,
	31.669 49.0686,
	31.6631 49.0372,
	31.5858 48.7867,
	31.5466 48.6614,
	31.5275 48.5988,
	31.5251 48.5909,
	31.4942 48.5283,
	31.4786 48.497,
	31.4708 48.4813,
	31.4644 48.4656,
	31.3783 48.2151,
	31.3347 48.0898,
	31.3132 48.0272,
	31.2584 47.9019,
	31.231 47.8392,
	31.2173 47.8079,
	31.1781 47.6826,
	31.1585 47.62,
	31.1487 47.5887,
	31.1008 47.3381,
	31.0773 47.2128,
	31.0656 47.1502,
	31.0631 47.1345,
	31.0558 47.0093,
	31.0519 46.9466,
	31.0494 46.9153,
	31.0259 46.79,
	31.0142 46.7274,
	31.0083 46.6961,
	30.9936 46.6647,
	30.9858 46.6491,
	30.9819 46.6413,
	30.9804 46.6373,
	30.9799 46.6334,
	30.9877 46.5081,
	30.9921 46.4455,
	30.9941 46.4142,
	30.9941 46.3515,
	30.9941 46.3202,
	30.9941 46.3046,
	30.9633 46.1793,
	30.9476 46.1166,
	30.9398 46.0853,
	30.9231 45.96,
	30.9153 45.8974,
	30.9114 45.8661,
	30.9104 45.8582,
	30.908 45.8504,
	30.8062 45.5999,
	30.7553 45.4746,
	30.7426 45.4433,
	30.7362 45.4276,
	30.7328 45.4198,
	30.7303 45.4119,
	30.7289 45.408,
	30.6897 45.1575,
	30.6701 45.0322,
	30.6604 44.9695,
	30.652 44.8443,
	30.6481 44.7816,
	30.6462 44.7503,
	30.6457 44.7464,
	30.6535 44.6211,
	30.6574 44.5585,
	30.6594 44.5271,
	30.6599 44.5193,
	30.6515 44.4567,
	30.6476 44.4254,
	30.6457 44.4097,
	30.6457 44.3471,
	30.6457 44.3314,
	30.6457 44.3275,
	30.6457 44.3255,
	"/>
</Transform>

<Transform dim="0"
 xcoef=" 0 1 0 0 0 0"
 ycoef=" 0 0 1 0 0 0">
<Contour name="TB1_NF02_EM" hidden="false" closed="true" simplified="true" border="0 0.501961 1" fill="0 0.501961 1" mode="-9"
 points="31.9031 41.6629,
	31.9265 41.6289,
	31.9392 41.6119,
	31.9456 41.6034,
	32.0137 41.5906,
	32.0818 41.5821,
	32.0988 41.58,
	32.1073 41.5778,
	32.1754 41.531,
	32.2095 41.5034,
	32.2435 41.4714,
	32.2605 41.4544,
	32.2839 41.3863,
	32.2946 41.3523,
	32.3031 41.3353,
	32.3435 41.0629,
	32.3648 40.9267,
	32.3754 40.8587,
	32.435 40.7225,
	32.4648 40.6544,
	32.4797 40.6204,
	32.4988 40.5863,
	32.5563 40.5182,
	32.5691 40.5012,
	32.5861 40.4842,
	32.6031 40.4714,
	32.7393 40.3969,
	32.8074 40.3608,
	32.8414 40.3374,
	33.0457 40.065,
	33.1457 39.9288,
	33.1946 39.8608,
	33.2372 39.7927,
	33.2584 39.7586,
	33.2691 39.7416,
	33.3372 39.6948,
	33.3457 39.6884,
	33.3797 39.6799,
	33.4138 39.6799,
	33.4223 39.6799,
	33.4265 39.6799,
	33.4606 39.648,
	33.4776 39.6352,
	33.4861 39.6288,
	33.6223 39.5863,
	33.6904 39.565,
	33.7244 39.5544,
	33.8606 39.482,
	33.9287 39.4459,
	33.9627 39.4267,
	34.2351 39.2352,
	34.3031 39.1884,
	34.3202 39.1778,
	34.3883 39.1118,
	34.4053 39.0969,
	34.4734 39.0586,
	34.5074 39.0416,
	34.5244 39.0331,
	34.5585 39.0288,
	34.5925 39.0203,
	34.6606 39.0161,
	34.6946 39.0139,
	34.7117 39.0139,
	34.7202 39.0139,
	34.7542 38.999,
	34.7883 39.0075,
	34.8053 39.0118,
	34.9415 39.1352,
	35.0074 39.2033,
	35.0627 39.2714,
	35.1266 39.3395,
	35.2628 39.4671,
	35.3138 39.5352,
	35.3393 39.5693,
	35.3521 39.5863,
	35.4202 39.6544,
	35.4542 39.6884,
	35.4713 39.7033,
	35.5394 39.7459,
	35.5734 39.7671,
	35.5904 39.7799,
	35.6585 39.8459,
	35.6904 39.8799,
	35.7053 39.8969,
	35.7138 39.931,
	35.7181 39.948,
	35.7202 39.9565,
	35.6968 40.0246,
	35.684 40.0586,
	35.6777 40.0757,
	35.6543 40.1097,
	35.5457 40.2459,
	35.533 40.2629,
	35.4649 40.3097,
	35.4308 40.3246,
	35.2947 40.3374,
	35.2776 40.3395,
	35.2606 40.3374,
	35.2436 40.3267,
	35.2351 40.3246,
	35.167 40.3501,
	35.133 40.365,
	34.9968 40.448,
	34.9287 40.5076,
	34.8947 40.5352,
	34.8776 40.548,
	34.8117 40.6161,
	34.7968 40.6501,
	34.7606 40.7863,
	34.75 40.8204,
	34.7478 40.8289,
	34.7627 40.897,
	34.7606 40.965,
	34.7478 41.0331,
	34.7436 41.0502,
	34.7329 41.0672,
	34.7308 41.0757,
	34.7053 41.1097,
	34.6883 41.1204,
	34.6542 41.1268,
	34.6202 41.1502,
	34.5861 41.1651,
	34.5691 41.1736,
	34.501 41.1842,
	34.467 41.1885,
	34.4329 41.197,
	34.3649 41.2268,
	34.3478 41.2289,
	34.3393 41.2289,
	34.3351 41.2268,
	34.301 41.2502,
	34.284 41.2629,
	34.267 41.2629,
	34.2585 41.2629,
	34.1904 41.3119,
	34.1563 41.3374,
	34.1393 41.3502,
	33.867 41.4736,
	33.8329 41.4863,
	33.8159 41.4927,
	33.7819 41.4927,
	33.7138 41.5204,
	33.6797 41.5353,
	33.6627 41.5459,
	33.6287 41.5544,
	33.4925 41.5736,
	33.3563 41.5863,
	33.084 41.5927,
	33.0159 41.5927,
	32.8797 41.6395,
	32.8116 41.6629,
	32.7776 41.6778,
	32.7435 41.7098,
	32.7201 41.7438,
	32.7031 41.8119,
	32.6988 41.8459,
	32.6797 41.914,
	32.6669 41.9481,
	32.6435 41.9821,
	32.5839 42.0502,
	32.5754 42.0587,
	32.5414 42.0778,
	32.5073 42.0927,
	32.4733 42.1013,
	32.4563 42.1076,
	32.4222 42.1119,
	32.4137 42.114,
	32.3797 42.1055,
	32.3627 42.1013,
	32.3542 42.0991,
	32.3371 42.1034,
	32.3286 42.1076,
	32.2946 42.0991,
	32.2861 42.0991,
	32.252 42.0757,
	32.1158 41.9587,
	32.0478 41.897,
	32.0137 41.8672,
	31.9563 41.7991,
	31.9286 41.7651,
	31.9222 41.7566,
	31.918 41.7523,
	31.9031 41.6842,
	31.9031 41.6672,
	31.9031 41.6651,
	"/>
</Transform>

<Transform dim="0"
 xcoef=" 0 1 0 0 0 0"
 ycoef=" 0 0 1 0 0 0">
<Contour name="TB1_NF61_RSL" hidden="false" closed="true" simplified="true" border="1 1 0" fill="1 1 0" mode="-9"
 points="28.0207 19.0817,
	28.0407 19.0015,
	28.0608 18.9614,
	28.1009 18.9413,
	28.1812 18.9413,
	28.2213 18.9513,
	28.4922 19.2423,
	28.5323 19.2623,
	28.5725 19.3025,
	28.5925 19.3225,
	28.5925 19.3426,
	28.6126 19.3526,
	28.6126 19.3727,
	28.7029 19.5332,
	28.743 19.6135,
	28.7631 19.6937,
	28.753 19.8542,
	28.7129 20.0148,
	28.6828 20.095,
	28.6527 20.1352,
	28.6527 20.1552,
	28.5925 20.2355,
	28.4521 20.5565,
	28.4119 20.6368,
	28.3818 20.6669,
	28.3016 20.6468,
	28.2615 20.5666,
	28.2615 20.4863,
	28.2916 20.406,
	28.3016 20.3659,
	28.3216 20.3559,
	28.3216 20.2756,
	28.2916 20.1954,
	28.2414 20.1151,
	28.2414 20.095,
	28.1912 20.0148,
	28.1411 19.8542,
	28.0708 19.6937,
	28.0508 19.3727,
	28.0207 19.2122,
	28.0207 19.1319,
	28.0207 19.0918,
	"/>
<Contour name="TB1_NF61_RSL" hidden="false" closed="true" simplified="true" border="1 1 0" fill="1 1 0" mode="-9"
 points="33.1774 12.2095,
	33.2075 12.1293,
	33.2376 12.0891,
	33.2576 12.0691,
	33.3379 12.049,
	33.378 12.049,
	33.3981 12.059,
	33.4482 11.9788,
	33.4783 11.8985,
	33.4884 11.738,
	33.5084 11.6577,
	33.6589 11.5072,
	33.8194 11.3969,
	33.8596 11.3768,
	33.9398 11.3768,
	34.0201 11.4169,
	34.0402 11.4972,
	34.0101 11.6577,
	33.99 11.6778,
	33.99 11.6979,
	33.7893 12.0189,
	33.7191 12.0992,
	33.6389 12.1593,
	33.4783 12.2496,
	33.4081 12.3199,
	33.368 12.36,
	33.2877 12.3901,
	33.2075 12.3299,
	33.1774 12.2496,
	33.1774 12.2195,
	"/>
</Transform>

<Transform dim="0"
 xcoef=" 0 1 0 0 0 0"
 ycoef=" 0 0 1 0 0 0">
<Contour name="TB1_AP38_lys_RSL" hidden="false" closed="true" simplified="false" border="0.501961 0.501961 0.501961" fill="0.835294 0.835294 0" mode="-9"
 points="29.4839 63.8801,
	29.5049 63.7963,
	29.5153 63.6287,
	29.5468 63.5449,
	29.6096 63.4716,
	29.6934 63.4192,
	29.7353 63.3878,
	29.8191 63.3668,
	29.9867 63.3668,
	30.0705 63.3668,
	30.1542 63.3878,
	30.1961 63.3878,
	30.2799 63.4192,
	30.3532 63.4925,
	30.3847 63.5344,
	30.3951 63.5763,
	30.4266 63.6182,
	30.4999 63.7858,
	30.5104 64.121,
	30.5104 64.1629,
	30.5104 64.1838,
	30.3532 64.32,
	30.3113 64.3409,
	30.2695 64.3828,
	30.1857 64.4352,
	30.1438 64.4771,
	30.06 64.5085,
	30.0181 64.519,
	29.8505 64.4666,
	29.8086 64.4561,
	29.6515 64.32,
	29.6096 64.2781,
	29.5258 64.1105,
	29.4944 64.0267,
	29.4839 63.9429,
	29.4839 63.901,
	29.4839 63.8905,
	"/>
<Contour name="TB1_AP38_lys_RSL" hidden="false" closed="true" simplified="false" border="0.501961 0.501961 0.501961" fill="0.835294 0.835294 0" mode="-9"
 points="30.4999 64.0686,
	30.5313 63.9848,
	30.5627 63.9429,
	30.7303 63.9115,
	30.7722 63.922,
	30.8455 63.9953,
	30.8769 64.0791,
	30.8979 64.121,
	30.8979 64.2048,
	30.8874 64.2467,
	30.8455 64.2781,
	30.7617 64.299,
	30.6779 64.3409,
	30.636 64.32,
	30.5627 64.2467,
	30.5313 64.2048,
	30.5104 64.121,
	30.4999 64.0791,
	"/>
<Contour name="TB1_AP38_lys_RSL" hidden="false" closed="true" simplified="false" border="0.501961 0.501961 0.501961" fill="0.835294 0.835294 0" mode="-9"
 points="29.9762 64.6656,
	30.0914 64.5085,
	30.1752 64.4352,
	30.259 64.3933,
	30.3428 64.3723,
	30.5104 64.3723,
	30.5522 64.3723,
	30.636 64.4142,
	30.7094 64.4876,
	30.8036 64.6551,
	30.8141 64.7389,
	30.7722 64.9065,
	30.7617 64.9484,
	30.6884 65.0322,
	30.6046 65.095,
	30.437 65.1055,
	30.2695 65.095,
	30.1857 65.0531,
	30.1019 64.9798,
	30.0076 64.8122,
	30.0076 64.7703,
	29.9762 64.6866,
	29.9762 64.6761,
	"/>
<Contour name="TB1_AP38_lys_RSL" hidden="false" closed="true" simplified="false" border="0.501961 0.501961 0.501961" fill="0.835294 0.835294 0" mode="-9"
 points="31.5368 66.2576,
	31.5787 66.1738,
	31.6625 66.0901,
	31.7358 66.0272,
	31.9034 66.0377,
	31.9872 66.0796,
	32.0605 66.1424,
	32.1233 66.31,
	32.1338 66.3519,
	32.1129 66.4357,
	32.071 66.5195,
	31.9872 66.5823,
	31.9034 66.6137,
	31.8196 66.6242,
	31.652 66.5719,
	31.5682 66.4985,
	31.5368 66.4147,
	31.5368 66.331,
	31.5368 66.2891,
	31.5368 66.2681,
	"/>
<Contour name="TB1_AP38_lys_RSL" hidden="false" closed="true" simplified="false" border="0.501961 0.501961 0.501961" fill="0.835294 0.835294 0" mode="-9"
 points="36.5014 66.0272,
	36.5852 65.8596,
	36.6271 65.8282,
	36.6376 65.8073,
	36.8051 65.7758,
	36.9727 65.7654,
	37.0565 65.8177,
	37.0984 65.8387,
	37.1194 65.8596,
	37.1403 65.8596,
	37.1508 65.8806,
	37.1717 65.8806,
	37.245 65.9539,
	37.2765 66.0377,
	37.3079 66.2053,
	37.3184 66.3728,
	37.2974 66.5404,
	37.2241 66.6137,
	37.1822 66.6347,
	37.0984 66.6347,
	36.9308 66.5823,
	36.847 66.5614,
	36.7632 66.5614,
	36.7214 66.5614,
	36.6795 66.53,
	36.6061 66.3624,
	36.5852 66.2786,
	36.5747 66.2367,
	36.5119 66.1529,
	36.5014 66.0691,
	36.5014 66.0377,
	"/>
<Contour name="TB1_AP38_lys_RSL" hidden="false" closed="true" simplified="false" border="0.501961 0.501961 0.501961" fill="0.835294 0.835294 0" mode="-9"
 points="39.7588 60.5494,
	39.7692 60.5075,
	39.8111 60.4656,
	39.8949 60.4656,
	39.9787 60.4865,
	39.9997 60.5703,
	39.9159 60.6436,
	39.874 60.6646,
	39.7902 60.6541,
	39.7692 60.6332,
	39.7588 60.5599,
	"/>
<Contour name="TB1_AP38_lys_RSL" hidden="false" closed="true" simplified="false" border="0.501961 0.501961 0.501961" fill="0.835294 0.835294 0" mode="-9"
 points="38.9209 60.0362,
	38.9732 59.9524,
	39.1303 59.8372,
	39.1722 59.8372,
	39.256 59.9,
	39.2979 59.9209,
	39.3189 59.9419,
	39.3293 60.0257,
	39.3189 60.1095,
	39.277 60.1514,
	39.256 60.2352,
	39.2141 60.2666,
	39.1303 60.2771,
	39.0884 60.2666,
	39.0465 60.2247,
	38.9628 60.2037,
	38.9313 60.1723,
	38.9209 60.0885,
	38.9209 60.0466,
	"/>
<Contour name="TB1_AP38_lys_RSL" hidden="false" closed="true" simplified="false" border="0.501961 0.501961 0.501961" fill="0.835294 0.835294 0" mode="-9"
 points="39.4864 59.9,
	39.5598 59.8162,
	39.6436 59.7743,
	39.6645 59.7534,
	39.6855 59.7534,
	39.7692 59.6905,
	39.7797 59.6486,
	39.8111 59.6067,
	39.853 59.5858,
	39.9368 59.5963,
	40.0101 59.6486,
	40.1254 59.8162,
	40.1568 59.9,
	40.1149 59.9838,
	40.0416 60.0571,
	39.9997 60.0781,
	39.9159 60.0676,
	39.8949 60.0466,
	39.8111 60.0152,
	39.7273 60.0152,
	39.6436 60.0571,
	39.5598 60.0571,
	39.5179 60.0257,
	39.4864 59.9419,
	39.4864 59.9105,
	"/>
</Transform>

<Transform dim="0"
 xcoef=" 0 1 0 0 0 0"
 ycoef=" 0 0 1 0 0 0">
<Contour name="TB1_AP34_lys_RSL" hidden="false" closed="true" simplified="true" border="0.501961 0.501961 0.501961" fill="0.835294 0.835294 0" mode="-9"
 points="39.2297 56.3637,
	39.2592 56.3342,
	39.3182 56.3121,
	39.3477 56.3194,
	39.3772 56.3489,
	39.3624 56.4669,
	39.3624 56.4964,
	39.3329 56.5185,
	39.2739 56.5332,
	39.2592 56.5332,
	39.2371 56.5037,
	39.2297 56.3858,
	39.2297 56.371,
	"/>
<Contour name="TB1_AP34_lys_RSL" hidden="false" closed="true" simplified="true" border="0.501961 0.501961 0.501961" fill="0.835294 0.835294 0" mode="-9"
 points="39.2592 56.865,
	39.2813 56.747,
	39.2961 56.7323,
	39.2961 56.7176,
	39.3255 56.6954,
	39.3403 56.6807,
	39.3698 56.6733,
	39.3993 56.6807,
	39.4435 56.7249,
	39.473 56.747,
	39.5099 56.865,
	39.5172 56.924,
	39.4656 56.983,
	39.4361 57.0051,
	39.3772 56.9977,
	39.3477 56.983,
	39.3329 56.983,
	39.2813 56.9314,
	39.2592 56.9019,
	39.2592 56.8724,
	"/>
<Contour name="TB1_AP34_lys_RSL" hidden="false" closed="true" simplified="true" border="0.501961 0.501961 0.501961" fill="0.835294 0.835294 0" mode="-9"
 points="38.6915 57.7571,
	38.7062 57.6981,
	38.7136 57.6686,
	38.7652 57.617,
	38.8832 57.6391,
	38.9422 57.6539,
	38.9569 57.6539,
	38.9864 57.6834,
	39.0159 57.7423,
	39.0233 57.8013,
	39.0601 57.8603,
	39.0306 57.9783,
	39.0159 58.0373,
	38.979 58.0962,
	38.9643 58.1036,
	38.8463 58.0667,
	38.7873 58.0299,
	38.7652 58.0151,
	38.721 57.9562,
	38.6989 57.8972,
	38.6915 57.7792,
	38.6915 57.7645,
	"/>
<Contour name="TB1_AP34_lys_RSL" hidden="false" closed="true" simplified="true" border="0.501961 0.501961 0.501961" fill="0.835294 0.835294 0" mode="-9"
 points="30.2941 60.6398,
	30.3162 60.6103,
	30.3236 60.5955,
	30.4415 60.5955,
	30.4637 60.6177,
	30.471 60.6766,
	30.4489 60.7356,
	30.3899 60.743,
	30.331 60.7283,
	30.3015 60.7061,
	30.2941 60.6472,
	"/>
</Transform>

<Transform dim="0"
 xcoef=" 0 1 0 0 0 0"
 ycoef=" 0 0 1 0 0 0">
<Contour name="TB1_AP34_lys_RSL" hidden="false" closed="true" simplified="true" border="0.501961 0.501961 0.501961" fill="0.835294 0.835294 0" mode="-9"
 points="30.4858 61.2886,
	30.4931 61.2591,
	30.5153 61.2296,
	30.53 61.2222,
	30.589 61.2296,
	30.6185 61.237,
	30.648 61.2665,
	30.6701 61.3844,
	30.6775 61.4139,
	30.6701 61.4434,
	30.6406 61.4729,
	30.6111 61.4803,
	30.5816 61.4729,
	30.5669 61.4729,
	30.5153 61.4213,
	30.4858 61.3623,
	30.4858 61.3033,
	30.4858 61.2959,
	"/>
</Transform>

<Transform dim="0"
 xcoef=" 0 1 0 0 0 0"
 ycoef=" 0 0 1 0 0 0">
<Contour name="TB1_AP31_LYS_RSL" hidden="false" closed="true" simplified="true" border="0.502 0.502 0.502" fill="1 1 0" mode="-9"
 points="31.048 58.9074,
	31.0677 58.8812,
	31.0939 58.8747,
	31.1069 58.8747,
	31.1135 58.8223,
	31.12 58.7961,
	31.1397 58.7699,
	31.1921 58.7634,
	31.2444 58.783,
	31.2641 58.8354,
	31.2706 58.8616,
	31.2444 58.8878,
	31.2314 58.9009,
	31.2183 58.9009,
	31.1986 58.9205,
	31.1659 59.0253,
	31.1462 59.0515,
	31.1331 59.058,
	31.0808 59.0122,
	31.0611 58.9926,
	31.0546 58.9402,
	31.048 58.914,
	"/>
</Transform>

<Transform dim="0"
 xcoef=" 0 1 0 0 0 0"
 ycoef=" 0 0 1 0 0 0">
<Contour name="TB1_AP31_LYS_RSL" hidden="false" closed="true" simplified="true" border="0.502 0.502 0.502" fill="1 1 0" mode="-9"
 points="31.3819 60.2431,
	31.4081 60.2169,
	31.4343 60.2235,
	31.454 60.2431,
	31.4802 60.2497,
	31.5325 60.2955,
	31.5522 60.3217,
	31.5522 60.3348,
	31.526 60.3479,
	31.4998 60.3479,
	31.4474 60.3217,
	31.395 60.2824,
	31.3819 60.2562,
	31.3819 60.2497,
	"/>
</Transform>

<Transform dim="0"
 xcoef=" 0 1 0 0 0 0"
 ycoef=" 0 0 1 0 0 0">
<Contour name="TB1_AP40_RSL_LYS" hidden="false" closed="true" simplified="true" border="0 0 0" fill="1 1 0" mode="-9"
 points="36.7082 25.8195,
	36.8233 25.7763,
	36.8808 25.7619,
	36.9815 25.8626,
	36.9815 25.9201,
	36.9815 25.9489,
	36.8808 26.064,
	36.8521 26.0784,
	36.737 25.9921,
	36.7082 25.9777,
	36.7082 25.8626,
	36.7082 25.8338,
	"/>
</Transform>

</Section>