<?xml version="1.0"?>
<!DOCTYPE Section SYSTEM "section.dtd">

<Section index="584" thickness="0.085" alignLocked="true">
<Transform dim="0"
 xcoef=" 0 1 0 0 0 0"
 ycoef=" 0 0 1 0 0 0">
<Image mag="0.0079" contrast="1" brightness="0" red="true" green="true" blue="true"
 src="Aligned TF21584.tif" />
<Contour name="domain1" hidden="false" closed="true" simplified="false" border="1 0 1" fill="1 0 1" mode="11"
 points="0 0,
	15991 0,
	15991 12171,
	0 12171,
	"/>
</Transform>

<Transform dim="0"
 xcoef=" 0 1 0 0 0 0"
 ycoef=" 0 0 1 0 0 0">
<Contour name="TB3_Nuc20_EM" hidden="false" closed="true" simplified="true" border="0 1 1" fill="0 1 1" mode="9"
 points="99.4607 57.6503,
	99.5651 56.5363,
	99.7044 55.9793,
	99.8436 55.7008,
	100.784 54.5868,
	101.341 54.2734,
	101.898 54.0298,
	102.455 54.0646,
	102.733 54.0298,
	102.872 53.9949,
	103.151 53.7861,
	103.29 53.6468,
	103.638 53.1246,
	103.708 52.9854,
	103.847 52.9157,
	103.986 52.9157,
	104.265 52.8113,
	104.822 52.8461,
	105.1 52.8809,
	105.24 52.8461,
	105.309 52.8113,
	105.588 52.9157,
	105.727 52.9506,
	105.797 52.9506,
	106.04 53.1942,
	106.284 53.3683,
	106.423 53.4031,
	106.493 53.4031,
	106.632 53.5424,
	106.737 54.0994,
	106.911 54.6564,
	106.876 54.9349,
	106.841 55.0741,
	106.841 55.1438,
	106.737 55.283,
	106.667 55.5615,
	106.771 56.1185,
	106.876 56.397,
	106.911 56.6755,
	106.841 56.954,
	106.702 57.2325,
	106.493 57.5111,
	106.249 57.7199,
	105.727 58.2421,
	105.657 58.3118,
	105.657 58.3814,
	105.135 58.9384,
	104.683 59.4606,
	104.439 59.7391,
	104.265 59.9828,
	104.021 60.2613,
	103.952 60.3309,
	103.673 60.4005,
	103.534 60.4005,
	103.255 60.5398,
	102.977 60.7487,
	102.698 60.8531,
	102.559 60.8879,
	102.489 60.9227,
	102.211 60.8531,
	101.932 60.8531,
	101.654 60.7835,
	101.375 60.8183,
	100.818 60.7835,
	100.679 60.7487,
	100.61 60.7487,
	100.053 60.3309,
	99.8785 60.0524,
	99.8088 59.9828,
	99.6 59.4258,
	99.4955 58.8688,
	99.4607 57.7547,
	99.4607 57.6851,
	"/>
</Transform>

<Transform dim="0"
 xcoef=" 0 1 0 0 0 0"
 ycoef=" 0 0 1 0 0 0">
<Contour name="TB3_Nuc45_EM" hidden="false" closed="true" simplified="true" border="1 0 0" fill="1 0 0" mode="9"
 points="96.3297 40.1825,
	96.3991 39.9605,
	96.4268 39.9051,
	96.6487 39.697,
	96.6904 39.6415,
	96.6487 39.4196,
	96.5655 39.1977,
	96.5794 39.0867,
	96.6487 38.9757,
	96.7458 38.8925,
	96.8429 38.7816,
	96.9123 38.6706,
	97.0094 38.4487,
	97.0649 38.4071,
	97.1758 38.3932,
	97.2313 38.4071,
	97.3423 38.3793,
	97.4532 38.31,
	97.5365 38.199,
	97.5781 38.1435,
	97.6613 37.9216,
	97.7722 37.8245,
	97.8832 37.769,
	97.9942 37.7552,
	98.2161 37.8106,
	98.438 37.8384,
	98.66 37.9909,
	98.6877 38.0187,
	98.7154 38.0187,
	98.8264 38.088,
	98.9374 38.1019,
	99.1593 38.0742,
	99.3812 38.1158,
	99.4922 38.199,
	99.7002 38.4071,
	99.7557 38.4348,
	99.9776 38.4209,
	100.089 38.4348,
	100.144 38.4487,
	100.172 38.4487,
	100.38 38.6706,
	100.421 38.7816,
	100.435 39.0035,
	100.449 39.1144,
	100.56 39.1977,
	100.616 39.2254,
	100.713 39.3364,
	100.782 39.4473,
	100.907 39.8912,
	100.976 40.335,
	100.976 40.557,
	101.018 40.5986,
	101.073 40.6124,
	101.17 40.7234,
	101.24 41.1673,
	101.268 41.3892,
	101.198 41.6111,
	101.17 41.7221,
	101.184 41.833,
	101.323 42.055,
	101.337 42.1104,
	101.365 42.1382,
	101.406 42.2492,
	101.42 42.4711,
	101.462 42.693,
	101.476 42.7485,
	101.517 42.804,
	101.531 42.9149,
	101.49 43.1369,
	101.406 43.3588,
	101.42 43.4697,
	101.42 43.4975,
	101.6 43.7194,
	101.614 43.8304,
	101.559 44.0523,
	101.531 44.4962,
	101.6 44.7181,
	101.656 44.829,
	101.684 44.8568,
	101.684 44.9677,
	101.67 45.0232,
	101.67 45.051,
	101.587 45.1619,
	101.573 45.2729,
	101.587 45.3839,
	101.684 45.4809,
	101.698 45.5919,
	101.67 45.7029,
	101.587 45.8,
	101.559 45.8277,
	101.531 45.8277,
	101.503 45.8554,
	101.503 45.9664,
	101.6 46.1883,
	101.614 46.2993,
	101.587 46.4103,
	101.531 46.5212,
	101.379 46.7432,
	101.295 46.8402,
	101.184 46.9512,
	101.073 47.0344,
	100.865 47.1315,
	100.838 47.1593,
	100.851 47.2702,
	100.865 47.3257,
	101.004 47.5476,
	101.06 47.6031,
	101.129 47.7141,
	101.17 47.7696,
	101.17 47.8805,
	101.115 47.9915,
	101.087 48.047,
	100.99 48.1579,
	100.962 48.2134,
	100.962 48.3244,
	101.004 48.5463,
	100.935 48.7682,
	100.824 48.8653,
	100.38 48.9902,
	100.269 49.0179,
	100.047 49.0179,
	99.8251 48.9763,
	99.7696 48.9485,
	99.6586 48.9347,
	99.6031 48.9069,
	99.5338 48.796,
	99.5477 48.685,
	99.5338 48.574,
	99.4783 48.4631,
	99.4506 48.2412,
	99.4506 48.1302,
	99.4228 48.0192,
	99.4228 47.9637,
	99.3673 47.8528,
	99.3673 47.825,
	99.2564 47.7557,
	99.1454 47.7141,
	99.0345 47.6309,
	98.979 47.5754,
	98.979 47.5476,
	98.8403 47.3257,
	98.757 47.2147,
	98.757 47.187,
	98.5906 46.9651,
	98.5212 46.8541,
	98.4658 46.8125,
	98.2438 46.757,
	98.1329 46.7293,
	98.0358 46.6599,
	97.9526 46.5628,
	97.8971 46.5074,
	97.6752 46.4103,
	97.4532 46.3687,
	97.3977 46.3409,
	97.2868 46.2299,
	97.162 46.008,
	97.0094 45.5642,
	96.9539 45.3422,
	96.9123 44.8984,
	96.9123 44.6765,
	96.8984 44.621,
	96.8013 44.5516,
	96.6487 44.3297,
	96.6487 44.302,
	96.621 44.2742,
	96.4823 43.8304,
	96.3713 43.3865,
	96.3436 43.2756,
	96.3436 42.8317,
	96.413 42.6098,
	96.4546 42.4988,
	96.5933 42.2769,
	96.6071 42.1659,
	96.5794 42.055,
	96.51 41.944,
	96.413 41.833,
	96.3436 41.6111,
	96.3297 41.3892,
	96.3297 41.2782,
	96.3575 41.2227,
	96.3713 41.0008,
	96.3436 40.557,
	96.3297 40.335,
	96.3297 40.2241,
	96.3297 40.1963,
	"/>
</Transform>

<Transform dim="0"
 xcoef=" 0 1 0 0 0 0"
 ycoef=" 0 0 1 0 0 0">
<Contour name="TB3_Nuc47_EM" hidden="false" closed="true" simplified="true" border="1 0 0" fill="1 0 0" mode="9"
 points="104.782 40.1595,
	104.899 40.0434,
	104.976 40.024,
	105.034 39.8692,
	105.053 39.5595,
	105.17 39.2499,
	105.17 39.095,
	105.053 38.9596,
	104.995 38.8822,
	104.976 38.8047,
	105.015 38.6499,
	105.092 38.5918,
	105.402 38.4757,
	105.711 38.3983,
	105.789 38.3596,
	105.866 38.2822,
	105.866 38.2048,
	105.808 38.1273,
	105.653 38.0693,
	105.499 38.0499,
	105.421 38.0693,
	105.344 38.0499,
	105.208 37.9145,
	105.228 37.6048,
	105.324 36.9855,
	105.305 36.8306,
	105.344 36.521,
	105.479 36.2113,
	105.692 35.9016,
	105.75 35.7468,
	105.731 35.4371,
	105.77 35.2823,
	105.847 35.1275,
	105.982 34.992,
	106.079 34.8372,
	106.157 34.5275,
	106.195 34.3727,
	106.253 34.2953,
	106.273 34.2178,
	106.408 34.063,
	106.699 33.8114,
	106.969 33.1921,
	106.969 33.1147,
	106.95 33.076,
	106.795 33.1727,
	106.679 33.3276,
	106.621 33.4824,
	106.524 33.6372,
	106.389 33.7727,
	106.234 33.8308,
	106.176 33.7727,
	106.157 33.6179,
	106.195 33.463,
	106.253 32.8437,
	106.35 32.2244,
	106.389 32.0695,
	106.428 31.9921,
	106.505 31.9341,
	106.66 31.9147,
	106.815 31.9728,
	106.853 31.9728,
	107.008 32.0889,
	107.047 32.1276,
	107.357 32.0889,
	107.511 32.2244,
	107.55 32.2631,
	107.608 32.4179,
	107.705 32.5728,
	107.724 32.8824,
	107.782 33.1921,
	107.84 33.3469,
	107.84 33.5017,
	107.744 33.6566,
	107.686 33.734,
	107.647 33.8888,
	107.647 34.0437,
	107.666 34.1211,
	107.802 34.2759,
	107.879 34.3533,
	107.957 34.5082,
	108.015 34.5856,
	108.034 34.7404,
	107.918 35.3597,
	107.937 35.4371,
	107.995 35.5146,
	108.034 35.6694,
	108.034 35.7468,
	107.957 35.9016,
	107.898 35.9791,
	107.821 36.0178,
	107.782 36.0371,
	107.627 35.9791,
	107.589 35.9791,
	107.492 36.1339,
	107.453 36.2113,
	107.453 36.2887,
	107.531 36.4435,
	107.666 36.5984,
	107.763 36.7532,
	107.86 37.0629,
	107.879 37.2177,
	107.84 37.3725,
	107.763 37.5274,
	107.627 37.6822,
	107.531 37.837,
	107.453 38.1467,
	107.434 38.3015,
	107.298 38.6112,
	107.337 38.766,
	107.473 38.9015,
	107.627 38.9789,
	107.782 39.0176,
	107.86 39.0757,
	107.879 39.2305,
	107.879 39.2692,
	108.015 39.4241,
	108.073 39.5015,
	108.111 39.6563,
	108.092 39.8111,
	108.053 39.8886,
	107.976 39.966,
	107.957 40.0434,
	107.976 40.1208,
	108.131 40.2176,
	108.208 40.2176,
	108.266 40.295,
	108.169 40.9143,
	108.111 41.224,
	108.092 41.3788,
	108.092 41.4562,
	107.995 41.6111,
	107.957 41.6498,
	107.802 41.6304,
	107.666 41.4756,
	107.569 41.1659,
	107.395 40.8563,
	107.357 40.7014,
	107.318 40.6434,
	107.24 40.5853,
	107.202 40.5466,
	107.202 40.5079,
	107.066 40.3724,
	106.931 40.2756,
	106.621 40.1982,
	106.544 40.1982,
	106.505 40.1982,
	106.447 40.3531,
	106.157 40.624,
	106.002 40.7208,
	105.924 40.7788,
	105.77 40.7982,
	105.692 40.8175,
	105.382 41.0304,
	105.228 41.1466,
	105.15 41.2046,
	105.015 41.1466,
	104.899 40.9917,
	104.841 40.8369,
	104.782 40.2176,
	104.782 40.1789,
	"/>
</Transform>

<Transform dim="0"
 xcoef=" 0 1 0 0 0 0"
 ycoef=" 0 0 1 0 0 0">
<Contour name="TB3_Nuc53_EM" hidden="false" closed="true" simplified="true" border="0 1 0" fill="0 1 0" mode="9"
 points="92.08 49.9375,
	92.1417 49.6084,
	92.2445 49.2793,
	92.3062 49.1148,
	92.4296 48.9503,
	92.3885 48.6212,
	92.4296 48.4566,
	92.4502 48.3744,
	92.4296 48.2098,
	92.4707 47.8808,
	92.7175 47.2226,
	92.7792 47.0581,
	92.8204 46.9758,
	92.6764 46.873,
	92.5941 46.873,
	92.4296 46.729,
	92.409 46.5644,
	92.4707 46.3999,
	92.5119 46.0708,
	92.4913 45.9886,
	92.6147 45.6595,
	92.6764 45.4949,
	92.697 45.1659,
	92.7175 45.0013,
	93.0055 44.6722,
	93.1083 44.3432,
	93.17 44.0141,
	93.17 43.9318,
	93.2523 43.7673,
	93.2934 43.685,
	93.3757 43.6233,
	93.4168 43.6027,
	93.4991 43.6644,
	93.5402 43.829,
	93.5402 43.9935,
	93.6431 44.3226,
	93.7253 44.4871,
	93.8076 44.5488,
	93.8487 44.5694,
	93.9104 44.4871,
	93.9721 44.1581,
	93.9104 43.9935,
	93.6431 43.685,
	93.6225 43.5205,
	93.6842 43.1914,
	93.9516 42.5332,
	94.0133 42.3687,
	94.3218 42.0602,
	94.4863 41.9368,
	94.8154 41.7723,
	94.9799 41.69,
	95.0211 41.5254,
	95.0005 41.3609,
	95.0211 41.1964,
	95.0416 41.1141,
	95.0005 40.9496,
	94.9799 40.6205,
	94.9799 40.5382,
	95.1651 40.2091,
	95.2268 40.1269,
	95.3913 40.0446,
	95.4736 40.1063,
	95.5558 40.2708,
	95.597 40.4354,
	95.6998 40.5999,
	95.7615 40.7645,
	95.8232 41.4226,
	95.7615 41.7517,
	95.5764 42.0808,
	95.5558 42.2453,
	95.5764 42.4098,
	95.7615 42.7389,
	95.8026 43.068,
	95.8232 43.2325,
	95.7615 43.5616,
	95.7409 43.8907,
	95.7615 44.0552,
	95.7409 44.2198,
	95.597 44.5488,
	95.5353 44.7134,
	95.5353 44.8779,
	95.6998 45.5361,
	95.7615 46.1942,
	95.7204 46.8524,
	95.6587 47.1815,
	95.2268 48.4978,
	95.1651 48.6623,
	95.0005 48.8269,
	94.8771 48.9914,
	94.7948 49.0531,
	94.692 49.2176,
	94.6303 49.2999,
	94.548 49.629,
	94.3218 49.9581,
	94.0339 50.6162,
	93.8899 50.9453,
	93.7459 51.0893,
	93.5814 51.1921,
	93.4991 51.2332,
	93.4168 51.3155,
	93.2523 51.3772,
	93.17 51.3978,
	93.0261 51.5623,
	92.9438 51.624,
	92.7792 51.6446,
	92.6147 51.5829,
	92.4913 51.4183,
	92.4296 51.0893,
	92.4502 51.007,
	92.4707 50.9659,
	92.3268 50.6368,
	92.2856 50.5545,
	92.2034 50.4928,
	92.1005 50.3283,
	92.08 49.9992,
	92.08 49.9581,
	"/>
</Transform>

<Transform dim="0"
 xcoef=" 0 1 0 0 0 0"
 ycoef=" 0 0 1 0 0 0">
<Contour name="TB3_Nuc55_EM" hidden="false" closed="true" simplified="true" border="0 1 0" fill="0 1 0" mode="9"
 points="109.52 54.8251,
	109.585 54.5652,
	109.845 54.0452,
	110.17 53.5252,
	110.235 53.0052,
	110.365 52.4852,
	110.788 51.4453,
	110.885 51.1853,
	110.788 50.6653,
	110.853 50.1453,
	110.885 50.0153,
	110.983 49.8854,
	111.113 49.8204,
	111.21 49.5604,
	111.21 49.0404,
	111.21 48.7804,
	111.34 48.2604,
	111.373 48.1304,
	111.6 47.8704,
	111.665 47.8054,
	111.763 47.2855,
	111.828 47.0255,
	111.86 46.8955,
	112.088 46.6355,
	112.608 46.278,
	112.738 46.213,
	112.998 46.213,
	113.063 46.213,
	113.323 46.0505,
	113.453 46.083,
	113.583 46.1805,
	113.713 46.1805,
	113.973 45.9855,
	114.103 45.888,
	114.363 45.823,
	114.883 46.0505,
	115.11 46.3105,
	115.208 46.4405,
	115.273 46.5055,
	115.273 46.5705,
	115.338 46.6355,
	115.338 46.7655,
	115.11 47.2855,
	114.98 47.8054,
	114.915 47.9354,
	114.915 48.0004,
	114.85 48.0654,
	114.85 48.1304,
	114.558 48.6504,
	114.395 49.1704,
	114.363 49.4304,
	114.168 49.9503,
	114.135 50.2103,
	114.103 50.3403,
	113.875 50.6003,
	113.713 50.8603,
	113.583 51.3803,
	113.55 51.6403,
	113.453 51.9003,
	113.29 52.1603,
	113.193 52.4202,
	113.193 52.6802,
	113.03 52.9402,
	112.803 53.1352,
	112.738 53.2652,
	112.738 53.5252,
	112.64 53.7852,
	112.608 54.3052,
	112.445 54.5652,
	112.445 54.8251,
	112.38 55.0851,
	112.25 55.1826,
	112.185 55.2476,
	111.925 55.3451,
	111.86 55.3451,
	111.73 55.4751,
	111.6 55.5401,
	111.405 56.0601,
	111.275 56.5801,
	111.113 56.8401,
	110.853 57.0025,
	110.723 57.035,
	110.625 57.165,
	110.365 57.2625,
	110.235 57.2625,
	110.17 57.2625,
	109.943 57.0025,
	109.65 55.9626,
	109.553 55.4426,
	109.52 54.9226,
	109.52 54.8576,
	"/>
</Transform>

<Transform dim="0"
 xcoef=" 0 1 0 0 0 0"
 ycoef=" 0 0 1 0 0 0">
<Contour name="TB3_Nuc59_EM" hidden="false" closed="true" simplified="true" border="0 1 0" fill="0 1 0" mode="9"
 points="99.3063 34.8153,
	99.3733 34.6365,
	99.485 34.4577,
	99.6638 34.346,
	100.021 34.2119,
	100.066 34.2119,
	100.222 34.0779,
	100.289 33.8991,
	100.357 33.8097,
	100.446 33.765,
	100.669 33.4075,
	100.759 33.3404,
	100.848 33.3181,
	100.938 33.4075,
	100.982 33.4969,
	100.982 33.5863,
	100.803 33.9438,
	100.759 34.0332,
	100.714 34.0779,
	100.692 34.1672,
	100.558 34.346,
	100.491 34.4354,
	100.357 34.5471,
	100.222 34.7036,
	100.133 34.7482,
	99.7755 35.0834,
	99.7085 35.1281,
	99.6191 35.2175,
	99.5744 35.2399,
	99.3956 35.1058,
	99.3286 35.0164,
	99.3063 34.8376,
	"/>
</Transform>

<Transform dim="0"
 xcoef=" 0 1 0 0 0 0"
 ycoef=" 0 0 1 0 0 0">
<Contour name="TB1_Shell_EM" hidden="false" closed="true" simplified="true" border="0 1 1" fill="0 1 1" mode="9"
 points="22.5051 38.3681,
	22.8958 37.7429,
	23.1302 37.4304,
	23.3647 36.1801,
	23.5991 35.5549,
	24.8494 35.2424,
	27.3499 35.1642,
	28.6002 35.3205,
	29.8505 35.6331,
	30.4757 35.8675,
	31.7259 36.7271,
	32.2729 37.3522,
	32.5855 37.6648,
	32.7418 37.9774,
	33.9921 39.1495,
	34.4609 39.7746,
	34.7735 40.0872,
	35.0079 40.7123,
	34.9298 41.9626,
	34.9298 42.2752,
	35.2424 42.9003,
	35.2424 43.2129,
	35.6331 43.8381,
	36.2582 44.3851,
	36.5708 44.6195,
	36.7271 44.7758,
	37.3522 44.7758,
	37.9774 44.6195,
	38.2118 44.3851,
	38.9151 41.8845,
	39.3058 40.6342,
	39.3839 40.3216,
	39.7746 39.6965,
	40.3216 39.0713,
	40.9468 38.8369,
	42.1971 38.7588,
	43.4473 38.9932,
	44.6976 40.0091,
	45.9479 41.1812,
	46.9638 42.4315,
	47.2763 43.0566,
	47.5108 44.3069,
	47.5108 45.5572,
	47.4326 46.1823,
	47.2763 46.2605,
	47.3545 47.5108,
	47.12 50.0113,
	46.9638 50.6365,
	46.6512 51.2616,
	46.573 51.5742,
	46.3386 51.8868,
	46.2605 52.1993,
	45.5572 53.4496,
	45.1665 54.0747,
	45.0102 54.231,
	44.9321 54.5436,
	44.4632 55.1687,
	44.1506 55.4813,
	43.9943 55.6376,
	43.6818 55.7157,
	42.4315 56.419,
	39.9309 57.3567,
	37.4304 58.06,
	36.1801 58.1382,
	34.9298 58.06,
	34.3046 58.06,
	31.8041 57.513,
	30.5538 56.966,
	28.0532 55.0125,
	27.4281 54.5436,
	26.8029 53.9185,
	25.5527 53.0589,
	24.9275 52.59,
	24.068 51.3398,
	23.8335 50.7146,
	23.6772 48.214,
	23.6772 46.9638,
	23.5991 46.3386,
	23.6772 45.7135,
	23.8335 45.4009,
	23.8335 44.7758,
	23.5991 44.1506,
	23.521 41.6501,
	23.4428 41.0249,
	22.8958 39.7746,
	22.5832 39.1495,
	22.5051 38.5244,
	22.5051 38.4462,
	"/>
</Transform>

<Transform dim="0"
 xcoef=" 0 1 0 0 0 0"
 ycoef=" 0 0 1 0 0 0">
<Contour name="TB1_NF55_RSL" hidden="false" closed="true" simplified="true" border="0.502 0 0" fill="0.502 0 0" mode="-9"
 points="30.2848 40.1778,
	30.3788 39.8435,
	30.3997 39.8017,
	30.4415 39.8017,
	30.4624 39.8017,
	30.5355 39.8853,
	30.546 39.9688,
	30.6191 40.136,
	30.6713 40.2196,
	30.6922 40.2404,
	30.7027 40.324,
	30.7027 40.3658,
	30.6818 40.4076,
	30.6609 40.3867,
	30.6609 40.4076,
	30.6818 40.4285,
	30.6818 40.4703,
	30.64 40.5016,
	30.4728 40.5225,
	30.3893 40.5225,
	30.3161 40.4494,
	30.2952 40.4076,
	30.2848 40.2404,
	30.2848 40.1987,
	30.2848 40.1882,
	"/>
</Transform>

<Transform dim="0"
 xcoef=" 0 1 0 0 0 0"
 ycoef=" 0 0 1 0 0 0">
<Contour name="TB1_NF55_RSL" hidden="false" closed="true" simplified="true" border="0.502 0 0" fill="0.502 0 0" mode="-9"
 points="30.8362 39.6518,
	30.8635 39.5791,
	30.8726 39.5427,
	30.8726 39.5245,
	30.8907 39.5064,
	30.918 39.3609,
	30.9271 39.2882,
	30.9271 39.2519,
	30.9453 39.2155,
	31.018 39.1883,
	31.3088 39.1792,
	31.3452 39.1792,
	31.4906 39.261,
	31.5633 39.2882,
	31.5996 39.3064,
	31.6905 39.4518,
	31.7723 39.7426,
	31.7814 39.779,
	31.7905 39.7881,
	31.8087 39.6518,
	31.8359 39.7972,
	31.8359 39.8335,
	31.8541 39.8244,
	31.8541 39.8063,
	31.8723 39.7881,
	31.8904 39.7154,
	31.8995 39.57,
	31.9177 39.4973,
	31.9995 39.3519,
	32.0177 39.3155,
	32.0904 39.2428,
	32.2358 39.1519,
	32.363 39.0701,
	32.5084 38.9701,
	32.5266 38.952,
	32.672 38.9065,
	32.9629 38.8611,
	33.0356 38.8611,
	33.1083 38.8793,
	33.181 38.9338,
	33.2355 39.0065,
	33.2355 39.1519,
	33.2264 39.2246,
	33.181 39.2973,
	33.181 39.3155,
	33.1537 39.3519,
	33.1537 39.37,
	33.1355 39.3882,
	33.1264 39.5336,
	33.1355 39.679,
	33.1174 39.7517,
	33.081 39.8244,
	33.0356 39.879,
	32.9265 40.0244,
	32.8629 40.088,
	32.8265 40.1062,
	32.8084 40.0971,
	32.672 40.188,
	32.5266 40.2334,
	32.2358 40.2425,
	32.1631 40.2516,
	32.0904 40.3061,
	32.054 40.3334,
	31.9086 40.3425,
	31.8723 40.3516,
	31.736 40.4788,
	31.6632 40.5151,
	31.5178 40.5151,
	31.227 40.397,
	31.2088 40.3788,
	31.1361 40.3516,
	31.0634 40.297,
	30.9998 40.2243,
	30.9635 40.1516,
	30.9544 40.1153,
	30.9362 40.0971,
	30.8544 39.8063,
	30.8362 39.6609,
	"/>
</Transform>

</Section>