<?xml version="1.0"?>
<!DOCTYPE Section SYSTEM "section.dtd">

<Section index="605" thickness="0.085" alignLocked="true">
<Transform dim="0"
 xcoef=" 0 1 0 0 0 0"
 ycoef=" 0 0 1 0 0 0">
<Image mag="0.0079" contrast="1" brightness="0" red="true" green="true" blue="true"
 src="Aligned TF21605.tif" />
<Contour name="domain1" hidden="false" closed="true" simplified="false" border="1 0 1" fill="1 0 1" mode="11"
 points="0 0,
	15991 0,
	15991 12171,
	0 12171,
	"/>
</Transform>

<Transform dim="0"
 xcoef=" 0 1 0 0 0 0"
 ycoef=" 0 0 1 0 0 0">
<Contour name="TB2_Shell_EM" hidden="false" closed="true" simplified="true" border="0.733333 1 1" fill="0 1 1" mode="9"
 points="65.8557 51.3996,
	66.0342 50.6857,
	66.3912 50.3288,
	67.105 50.0611,
	67.8189 49.9718,
	68.1759 50.0611,
	68.2651 50.1503,
	68.0866 50.3288,
	68.4436 51.0427,
	68.5328 51.7565,
	68.2651 53.1843,
	67.9974 53.8982,
	67.6405 54.2551,
	67.2835 54.4336,
	66.9266 54.4336,
	66.2127 53.809,
	65.945 53.0951,
	65.8557 51.6673,
	65.8557 51.4888,
	"/>
<Contour name="TB2_Shell_EM" hidden="false" closed="true" simplified="true" border="0.733333 1 1" fill="0 1 1" mode="9"
 points="67.105 31.4109,
	67.3727 30.697,
	67.6405 30.34,
	68.3543 29.8939,
	69.0682 29.6262,
	69.4252 29.5369,
	70.139 29.6262,
	70.496 29.8046,
	70.6745 29.8046,
	71.3883 30.2508,
	72.1022 30.8755,
	72.3699 31.5893,
	72.4592 32.3032,
	72.1022 33.731,
	71.9238 33.9095,
	71.9238 34.2664,
	70.8529 37.1219,
	70.4067 37.8358,
	70.3175 38.1928,
	70.2283 38.282,
	68.979 36.8542,
	68.1759 35.4265,
	67.6405 33.9987,
	67.2835 32.5709,
	67.105 31.857,
	67.105 31.5001,
	"/>
</Transform>

<Transform dim="0"
 xcoef=" 0 1 0 0 0 0"
 ycoef=" 0 0 1 0 0 0">
<Contour name="TB3_Nuc48_EM" hidden="false" closed="true" simplified="true" border="1 0 0" fill="1 0 0" mode="9"
 points="106.522 58.1609,
	106.6 57.9116,
	106.662 57.787,
	106.693 57.6623,
	106.833 57.4131,
	106.849 57.3663,
	106.787 57.3819,
	106.771 57.3663,
	106.865 57.2417,
	107.114 57.1326,
	107.363 56.9768,
	107.488 56.9301,
	107.55 56.9301,
	107.675 57.008,
	107.737 57.0391,
	107.862 57.1638,
	107.909 57.2884,
	107.909 57.3507,
	107.831 57.4754,
	107.722 57.7247,
	107.644 57.8493,
	107.41 58.083,
	107.285 58.1609,
	107.223 58.1921,
	107.192 58.1921,
	107.145 58.1298,
	107.13 58.0051,
	107.145 57.8805,
	107.192 57.7558,
	107.192 57.6312,
	107.176 57.5689,
	107.13 57.5221,
	107.067 57.5533,
	107.005 57.6156,
	106.958 57.8649,
	106.974 58.1142,
	106.943 58.2388,
	106.88 58.3635,
	106.818 58.3946,
	106.693 58.3635,
	106.631 58.3635,
	106.569 58.3323,
	106.522 58.27,
	106.522 58.2077,
	106.522 58.1765,
	"/>
<Contour name="TB3_Nuc48_EM" hidden="false" closed="true" simplified="true" border="1 0 0" fill="1 0 0" mode="9"
 points="97.8749 66.6989,
	97.9839 66.4496,
	98.0307 66.2003,
	98.0462 66.0757,
	97.9528 65.5771,
	98.1865 65.0785,
	98.2488 64.9539,
	98.2799 64.8916,
	98.2799 64.8604,
	98.4669 64.6111,
	98.5448 64.4865,
	98.6227 64.2372,
	98.6227 63.9879,
	98.6539 63.7386,
	98.6694 63.6763,
	98.872 63.427,
	98.9966 63.3024,
	99.4796 62.9752,
	99.5887 62.8973,
	99.838 62.6636,
	99.9314 62.539,
	99.9938 62.4766,
	100.118 62.3987,
	100.243 62.352,
	100.305 62.3208,
	100.43 62.3052,
	100.555 62.2585,
	100.679 62.2429,
	100.804 62.3052,
	101.053 62.5234,
	101.1 62.648,
	101.1 62.7103,
	101.084 62.7259,
	101.053 62.6948,
	101.038 62.8038,
	101.053 62.9285,
	101.178 63.0531,
	101.225 63.1777,
	101.24 63.427,
	101.178 64.4242,
	101.162 64.6734,
	101.022 65.172,
	100.929 65.4213,
	100.851 65.5459,
	100.617 65.7485,
	100.492 65.8575,
	100.399 65.9822,
	100.352 66.0445,
	100.352 66.0757,
	100.196 66.3249,
	99.9938 66.5586,
	99.9003 66.6677,
	99.651 66.9014,
	99.4017 67.0572,
	98.9032 67.3221,
	98.6539 67.4623,
	98.4046 67.5246,
	98.2799 67.4779,
	98.2176 67.4623,
	98.093 67.3688,
	98.0151 67.2598,
	97.9839 67.2286,
	97.8904 66.9793,
	97.8749 66.73,
	97.8749 66.7144,
	"/>
</Transform>

<Transform dim="0"
 xcoef=" 0 1 0 0 0 0"
 ycoef=" 0 0 1 0 0 0">
<Contour name="TB3_Nuc50_EM" hidden="false" closed="true" simplified="true" border="0 1 1" fill="0 1 1" mode="9"
 points="83.797 63.8206,
	83.9511 63.2041,
	83.9896 62.8959,
	83.9704 62.2795,
	83.9318 61.9712,
	83.9511 61.8171,
	84.0474 61.663,
	84.2015 61.5667,
	84.7216 60.9695,
	85.0299 60.6806,
	85.184 60.6035,
	85.8004 60.5265,
	85.9545 60.4301,
	86.1086 60.3724,
	86.2627 60.3531,
	86.5709 60.3916,
	86.7251 60.4109,
	86.8021 60.4109,
	87.1103 60.5265,
	87.2644 60.6035,
	87.5534 60.8732,
	87.7075 60.9888,
	87.8616 61.0466,
	88.4781 61.5282,
	88.6322 61.663,
	88.7092 61.7401,
	88.8055 62.0483,
	88.8441 62.2024,
	89.0174 62.5106,
	89.1523 62.8188,
	89.2486 63.1271,
	89.2871 63.2812,
	89.4798 63.5894,
	89.499 63.6664,
	89.5568 63.7435,
	89.5568 63.782,
	89.6531 63.9361,
	89.7495 64.2444,
	89.8265 64.8608,
	89.8458 65.169,
	89.8265 65.4772,
	89.7302 65.7854,
	89.7109 65.9396,
	89.4798 66.556,
	89.3064 66.8642,
	89.1908 67.0183,
	89.133 67.0954,
	88.9789 67.1724,
	88.8248 67.1917,
	88.5166 67.3265,
	88.4395 67.3458,
	88.1506 67.6155,
	87.9965 67.7503,
	87.8424 67.8081,
	87.2259 67.8467,
	86.9177 67.8467,
	86.3013 67.7696,
	86.2242 67.7696,
	85.916 67.5962,
	85.3188 67.0376,
	85.0106 66.7679,
	84.7602 66.4597,
	84.6638 66.3056,
	84.4134 65.6891,
	84.3556 65.3809,
	84.3364 65.2268,
	84.2786 65.0727,
	84.0281 64.7645,
	84.0089 64.6874,
	83.9126 64.5333,
	83.8355 64.2251,
	83.797 63.9169,
	83.797 63.8398,
	"/>
</Transform>

<Transform dim="0"
 xcoef=" 0 1 0 0 0 0"
 ycoef=" 0 0 1 0 0 0">
<Contour name="TB3_Nuc51_EM" hidden="false" closed="true" simplified="true" border="0 1 1" fill="0 1 1" mode="9"
 points="90.144 59.3732,
	90.1927 59.2758,
	90.2902 59.1783,
	90.3145 58.7885,
	90.3389 58.5936,
	90.5338 58.2038,
	90.6556 57.814,
	90.7043 57.7165,
	90.8749 57.5216,
	90.9723 57.4242,
	91.0454 57.2293,
	91.4352 56.9125,
	91.8251 56.6689,
	92.2149 56.4984,
	92.4098 56.474,
	92.7996 56.5471,
	93.1894 56.8151,
	93.5792 57.1318,
	93.969 57.3267,
	94.1639 57.4242,
	94.5537 57.7165,
	94.7486 57.8383,
	94.8461 57.9114,
	94.9435 57.9358,
	94.9923 57.9358,
	95.0654 58.0332,
	95.1141 58.2281,
	95.1628 58.3256,
	95.2603 58.4231,
	95.309 58.4718,
	95.4065 58.4474,
	95.5039 58.4718,
	95.6501 58.6667,
	95.7232 59.0565,
	95.7475 59.2514,
	95.6257 59.6412,
	95.6014 59.7387,
	95.5283 59.8361,
	95.5039 59.9336,
	95.4308 60.031,
	95.3577 60.2259,
	95.2846 60.3234,
	95.2115 60.5183,
	95.0654 60.7132,
	94.9679 60.7863,
	94.9192 60.835,
	94.9192 61.0299,
	94.9192 61.1274,
	94.7486 61.3223,
	94.6999 61.4197,
	94.5294 61.5903,
	94.4076 61.7852,
	94.237 61.9314,
	94.1396 62.0288,
	93.7498 62.0775,
	93.6279 62.2724,
	93.433 62.443,
	93.0432 62.4673,
	92.9458 62.4673,
	92.8483 62.5404,
	92.6534 62.5648,
	92.556 62.5892,
	92.361 62.7353,
	92.1661 62.7597,
	92.0687 62.7597,
	91.9712 62.711,
	91.5814 62.7597,
	91.1916 62.5404,
	90.8749 62.1506,
	90.68 61.7608,
	90.412 61.371,
	90.1684 60.5914,
	90.144 60.3965,
	90.1927 60.0067,
	90.1684 59.6169,
	90.144 59.4219,
	90.144 59.3976,
	"/>
</Transform>

<Transform dim="0"
 xcoef=" 0 1 0 0 0 0"
 ycoef=" 0 0 1 0 0 0">
<Contour name="TB3_Nuc52_EM" hidden="false" closed="true" simplified="true" border="0 1 0" fill="0 1 0" mode="9"
 points="82.7437 57.6191,
	82.9873 56.6445,
	83.0482 56.4009,
	83.17 56.1573,
	83.2614 56.0355,
	83.2918 55.9745,
	83.4136 56.0355,
	83.505 56.1573,
	83.5355 56.4009,
	83.5659 56.5227,
	83.6573 56.6141,
	83.7791 56.5532,
	83.8095 56.4314,
	83.7486 56.1877,
	83.6573 56.0659,
	83.5964 55.8223,
	83.7182 55.335,
	83.8705 55.0914,
	84.3577 54.665,
	84.6014 54.5432,
	85.0886 54.1168,
	85.2104 54.0559,
	85.3323 54.1168,
	85.4236 54.2387,
	85.4541 54.3605,
	85.4845 54.3909,
	85.5759 54.2691,
	85.6368 54.2387,
	85.6672 54.2996,
	85.515 54.7868,
	85.4236 55.2741,
	85.3932 55.5177,
	85.5454 56.4923,
	85.7586 56.9795,
	85.7891 56.9491,
	86.0022 57.1927,
	86.1545 57.4363,
	86.2154 57.5582,
	86.2154 57.6191,
	86.3068 57.7409,
	86.3068 57.8018,
	86.5504 58.0454,
	86.6722 58.0759,
	86.7331 58.0759,
	86.794 58.015,
	86.6722 57.5277,
	86.5504 57.2841,
	86.4895 57.1623,
	86.4286 57.1013,
	86.3981 56.9795,
	86.2763 56.8882,
	86.0327 56.8273,
	85.9109 56.7968,
	85.6672 56.5836,
	85.6063 56.4618,
	85.5454 55.9745,
	85.5454 55.7309,
	85.6063 55.4873,
	85.6063 55.3655,
	85.6977 55.1218,
	85.7282 55,
	85.9718 54.8477,
	86.4591 54.6955,
	86.7027 54.6346,
	87.1899 54.3909,
	87.4336 54.33,
	87.9208 54.5432,
	88.1645 54.6955,
	88.4081 54.7868,
	88.8954 54.8173,
	89.0172 54.8173,
	89.139 54.7564,
	89.3826 54.8782,
	89.5045 54.9087,
	89.7176 55.1523,
	89.6872 55.3959,
	89.474 55.8832,
	89.4131 56.1268,
	89.474 56.2486,
	89.0781 57.2232,
	89.0781 57.4668,
	89.1695 57.7104,
	89.1999 57.9541,
	88.9258 58.9286,
	88.7736 59.4159,
	88.6822 59.6595,
	88.6213 59.7813,
	88.3777 59.964,
	88.134 59.9945,
	87.1595 59.8118,
	86.9159 59.7204,
	86.794 59.6899,
	86.5504 59.7204,
	86.3068 59.6595,
	86.185 59.6595,
	85.9413 59.4159,
	85.8195 59.1722,
	85.7891 59.1113,
	85.9413 58.8981,
	86.0631 58.8372,
	86.1241 58.8068,
	86.0327 58.7154,
	85.7891 58.6545,
	85.6672 58.685,
	85.6063 58.8068,
	85.5759 59.294,
	85.515 59.4159,
	85.3932 59.4768,
	84.9059 59.294,
	84.6623 59.2331,
	84.175 59.2331,
	83.6877 59.0504,
	83.4441 58.959,
	83.3223 58.8981,
	83.1091 58.6545,
	82.835 58.1672,
	82.7437 57.9236,
	82.7437 57.68,
	82.7437 57.6495,
	"/>
</Transform>

<Transform dim="0"
 xcoef=" 0 1 0 0 0 0"
 ycoef=" 0 0 1 0 0 0">
<Contour name="TB1_Shell_EM" hidden="false" closed="true" simplified="true" border="0 1 1" fill="0 1 1" mode="9"
 points="33.2888 47.667,
	33.9921 45.1665,
	34.1484 43.9162,
	34.3828 43.2911,
	34.8516 42.6659,
	36.1019 41.6501,
	36.4145 41.4938,
	36.5708 41.3375,
	37.1959 41.2593,
	38.4462 41.4938,
	39.6183 41.8845,
	40.5561 40.7123,
	41.1812 40.4779,
	41.8063 40.3998,
	42.1189 40.3998,
	42.4315 40.5561,
	42.5878 40.5561,
	43.2129 41.1812,
	43.5255 41.4156,
	44.2288 42.6659,
	44.6976 43.9162,
	44.8539 45.1665,
	44.8539 46.4168,
	44.8539 47.0419,
	44.5413 48.2922,
	44.4632 48.9173,
	43.9162 50.1676,
	43.1348 51.4179,
	42.6659 51.9649,
	42.8222 52.59,
	42.8222 53.2152,
	42.4315 54.4655,
	41.3375 56.966,
	40.6342 58.2163,
	40.2435 58.8415,
	39.6965 59.4666,
	39.0713 59.8573,
	37.8211 60.248,
	36.5708 60.4043,
	35.9456 60.3262,
	35.3205 60.0136,
	34.6954 59.3885,
	34.4609 58.7633,
	34.3828 57.513,
	34.3828 56.8879,
	34.2265 56.2627,
	33.9139 55.6376,
	33.8358 54.3873,
	34.1484 53.137,
	34.0702 52.5119,
	33.8358 51.8868,
	33.3669 49.3862,
	33.2888 48.1359,
	33.2888 47.8233,
	33.2888 47.7452,
	"/>
</Transform>

</Section>