<?xml version="1.0"?>
<!DOCTYPE Section SYSTEM "section.dtd">

<Section index="602" thickness="0.085" alignLocked="true">
<Transform dim="0"
 xcoef=" 0 1 0 0 0 0"
 ycoef=" 0 0 1 0 0 0">
<Image mag="0.0079" contrast="1" brightness="0" red="true" green="true" blue="true"
 src="Aligned TF21602.tif" />
<Contour name="domain1" hidden="false" closed="true" simplified="false" border="1 0 1" fill="1 0 1" mode="11"
 points="0 0,
	15991 0,
	15991 12171,
	0 12171,
	"/>
</Transform>

<Transform dim="0"
 xcoef=" 0 1 0 0 0 0"
 ycoef=" 0 0 1 0 0 0">
<Contour name="TB3_Nuc20_EM" hidden="false" closed="true" simplified="true" border="0 1 1" fill="0 1 1" mode="9"
 points="99.6696 57.1281,
	99.7392 56.8496,
	99.8088 56.7104,
	99.774 56.1533,
	99.7044 55.8748,
	99.7044 55.7356,
	99.9829 55.1786,
	100.157 54.6216,
	100.331 54.3431,
	100.888 53.8905,
	101.375 53.4031,
	101.932 52.9506,
	102.211 52.8461,
	102.35 52.7765,
	102.42 52.7069,
	102.489 52.7069,
	102.977 52.3239,
	103.255 52.0802,
	103.778 51.7321,
	104.056 51.6277,
	104.613 51.558,
	104.892 51.5928,
	105.031 51.5928,
	105.588 51.9062,
	105.866 52.115,
	106.006 52.1499,
	106.284 52.3587,
	106.563 52.498,
	106.841 52.7417,
	106.911 52.8809,
	106.98 52.9506,
	106.98 53.0202,
	107.12 53.1594,
	107.12 53.7164,
	107.12 53.9949,
	107.328 55.109,
	107.398 55.3875,
	107.363 55.5267,
	107.294 55.5963,
	107.015 55.7008,
	106.841 55.9445,
	106.771 56.223,
	106.597 56.5015,
	106.319 56.7452,
	105.866 57.3022,
	105.762 57.4414,
	105.483 57.6155,
	105.309 57.894,
	104.787 58.3466,
	104.509 58.4858,
	104.265 58.7295,
	104.265 58.7991,
	104.126 58.9384,
	103.569 59.1473,
	103.429 59.1821,
	103.151 59.391,
	102.594 59.565,
	102.315 59.5998,
	101.758 59.4954,
	101.48 59.391,
	101.201 59.1821,
	100.992 58.9732,
	100.714 58.7295,
	100.575 58.6251,
	100.192 58.1377,
	99.8088 57.5807,
	99.7044 57.4762,
	99.6696 57.1977,
	99.6696 57.1629,
	"/>
</Transform>

<Transform dim="0"
 xcoef=" 0 1 0 0 0 0"
 ycoef=" 0 0 1 0 0 0">
<Contour name="TB3_Nuc45_EM" hidden="false" closed="true" simplified="true" border="1 0 0" fill="1 0 0" mode="9"
 points="97.0311 44.3264,
	97.0792 44.0701,
	97.0792 43.8138,
	97.1112 43.6856,
	97.2554 43.4293,
	97.4636 43.205,
	97.5277 43.141,
	97.5918 43.0128,
	97.5918 42.8846,
	97.5437 42.6283,
	97.5117 42.5643,
	97.4797 42.3079,
	97.4636 42.1798,
	97.4636 42.1157,
	97.4156 41.9875,
	97.3355 41.8594,
	97.2874 41.7312,
	97.2874 41.6672,
	97.3996 41.4108,
	97.4797 41.2987,
	97.5437 41.2506,
	97.5758 41.2506,
	97.6078 41.2186,
	97.6399 41.2186,
	97.6879 41.1545,
	97.6879 41.0904,
	97.6559 41.0264,
	97.6719 40.8982,
	97.736 40.8501,
	97.8001 40.8501,
	97.8802 40.738,
	97.9282 40.6739,
	98.0564 40.5938,
	98.3127 40.5458,
	98.4408 40.5618,
	98.6972 40.5137,
	98.9535 40.4176,
	99.1457 40.1773,
	99.2899 39.921,
	99.402 39.8089,
	99.4661 39.7768,
	99.4981 39.7448,
	99.6263 39.7128,
	99.6904 39.7128,
	99.8185 39.7608,
	99.9467 39.8569,
	100.171 40.0972,
	100.187 40.2254,
	100.155 40.4817,
	100.187 40.6099,
	100.315 40.8662,
	100.363 40.9302,
	100.491 40.9623,
	100.555 40.9623,
	100.684 40.9142,
	100.748 40.8982,
	100.876 40.9302,
	100.988 41.0264,
	101.1 41.1545,
	101.132 41.2186,
	101.196 41.2827,
	101.26 41.4108,
	101.34 41.6672,
	101.34 41.7953,
	101.276 42.0516,
	101.388 42.3079,
	101.485 42.4361,
	101.725 42.6444,
	101.837 42.7405,
	101.933 42.8686,
	102.029 43.1249,
	102.093 43.3813,
	102.125 43.6376,
	102.157 43.7657,
	102.205 44.2784,
	102.205 44.791,
	102.189 44.9191,
	102.254 45.4318,
	102.238 46.457,
	102.221 46.9697,
	102.173 47.4823,
	102.045 47.9949,
	101.997 48.2512,
	101.965 48.3794,
	101.965 48.4435,
	101.933 48.5075,
	101.933 48.5716,
	101.901 48.6357,
	101.901 48.6998,
	101.805 48.9561,
	101.773 48.9881,
	101.773 49.0202,
	101.677 49.1483,
	101.629 49.2765,
	101.356 49.7891,
	101.148 50.0134,
	100.636 50.2377,
	100.507 50.3178,
	100.251 50.3338,
	100.123 50.3818,
	100.059 50.4139,
	99.8025 50.3979,
	99.6744 50.3979,
	99.418 50.3498,
	99.2899 50.2857,
	99.0496 50.0615,
	98.8574 49.8051,
	98.7612 49.677,
	98.6972 49.5488,
	98.6491 49.4847,
	98.6491 49.4527,
	98.4889 49.1964,
	98.4088 49.0682,
	98.3768 49.0362,
	98.3768 49.0042,
	98.2967 48.892,
	98.0724 48.6517,
	98.0564 48.5876,
	97.9763 48.4595,
	97.9282 48.2032,
	97.9122 47.6905,
	97.9282 47.4342,
	97.9442 47.3061,
	97.9442 47.242,
	97.9442 47.21,
	97.8802 47.1619,
	97.8161 47.1459,
	97.7039 47.0498,
	97.6559 46.9857,
	97.6238 46.9536,
	97.6238 46.9216,
	97.5918 46.8896,
	97.5918 46.8575,
	97.5598 46.8255,
	97.4476 46.5692,
	97.4156 46.5371,
	97.3996 46.4731,
	97.3515 46.409,
	97.2874 46.1527,
	97.2874 46.0245,
	97.2073 45.7682,
	97.1272 45.64,
	97.1112 45.5119,
	97.2073 44.9992,
	97.1913 44.8711,
	97.1433 44.7429,
	97.0632 44.6148,
	97.0311 44.4866,
	97.0311 44.3585,
	97.0311 44.3424,
	"/>
</Transform>

<Transform dim="0"
 xcoef=" 0 1 0 0 0 0"
 ycoef=" 0 0 1 0 0 0">
<Contour name="TB3_Nuc47_EM" hidden="false" closed="true" simplified="true" border="1 0 0" fill="1 0 0" mode="9"
 points="102.189 37.8564,
	102.266 37.7016,
	102.402 37.0822,
	102.402 36.7726,
	102.479 36.4629,
	102.499 36.3855,
	102.615 36.2307,
	102.77 36.0952,
	102.886 35.9403,
	103.021 35.6307,
	103.195 35.321,
	103.486 34.7017,
	103.621 34.392,
	103.718 34.2372,
	103.834 34.1211,
	103.989 33.9662,
	104.124 33.8695,
	104.376 33.5792,
	104.976 33.0179,
	105.131 32.7082,
	105.189 32.0889,
	105.228 31.9341,
	105.266 31.8567,
	105.421 31.7212,
	105.576 31.6244,
	105.886 31.5663,
	106.195 31.6051,
	106.35 31.5857,
	106.428 31.5857,
	106.563 31.7212,
	106.602 31.7986,
	106.621 31.8373,
	106.776 31.876,
	106.892 32.0115,
	106.931 32.0308,
	107.24 31.9921,
	107.395 32.0115,
	107.434 32.0115,
	107.511 32.0889,
	107.511 32.2437,
	107.647 32.5534,
	107.666 32.7082,
	107.647 33.0179,
	107.647 33.1727,
	107.666 33.2501,
	107.724 33.3082,
	107.879 33.3663,
	107.918 33.405,
	107.918 33.7146,
	107.918 33.8695,
	107.879 33.9469,
	107.86 34.2565,
	107.918 34.8759,
	107.879 35.1855,
	107.898 35.3404,
	107.995 35.65,
	108.053 35.8049,
	108.073 36.1145,
	108.034 36.4242,
	108.034 36.579,
	107.995 36.7339,
	107.879 36.8887,
	107.937 37.508,
	107.995 37.8177,
	108.092 38.1273,
	108.073 38.7467,
	108.073 38.8241,
	107.995 38.9789,
	107.918 39.0563,
	107.84 39.095,
	107.802 39.095,
	107.647 39.1918,
	107.569 39.2305,
	107.511 39.366,
	107.492 39.5208,
	107.511 39.5982,
	107.802 39.8498,
	107.86 39.9273,
	107.879 39.966,
	107.802 40.1208,
	107.744 40.4305,
	107.724 40.5853,
	107.666 40.7401,
	107.531 40.895,
	107.473 40.9337,
	107.376 41.0885,
	107.337 41.1659,
	107.337 41.3208,
	107.395 41.6304,
	107.453 41.7852,
	107.473 41.9401,
	107.492 42.0175,
	107.415 42.1723,
	107.395 42.3272,
	107.453 42.6368,
	107.473 42.7917,
	107.453 42.9465,
	107.453 43.0239,
	107.202 43.2949,
	107.066 43.4303,
	106.757 43.5078,
	106.602 43.5271,
	106.563 43.5271,
	106.408 43.411,
	106.311 43.2562,
	106.253 43.1981,
	106.099 43.1981,
	105.789 43.0239,
	105.634 42.9852,
	105.499 43.0433,
	105.382 43.1981,
	105.382 43.2368,
	105.324 43.3142,
	105.286 43.3529,
	105.286 43.3916,
	105.17 43.5465,
	105.092 43.7013,
	105.092 44.011,
	105.034 44.1658,
	104.976 44.2238,
	104.899 44.2432,
	104.589 44.0497,
	104.512 43.9722,
	104.434 43.8174,
	104.395 43.6626,
	104.415 43.3529,
	104.415 43.1981,
	104.55 42.5788,
	104.57 42.4239,
	104.589 42.3465,
	104.57 42.1917,
	104.608 41.882,
	104.686 41.5724,
	104.744 41.4175,
	104.763 41.2627,
	104.705 41.1079,
	104.589 40.953,
	104.531 40.8756,
	104.512 40.7208,
	104.686 40.4111,
	104.705 40.1015,
	104.666 39.7918,
	104.763 39.1725,
	104.782 38.8628,
	104.86 38.708,
	104.937 38.6305,
	105.092 38.5918,
	105.15 38.5338,
	105.189 38.5144,
	105.228 38.3596,
	105.208 38.2048,
	105.15 38.0499,
	105.131 37.8951,
	105.111 37.8177,
	105.228 37.1984,
	105.286 36.8887,
	105.382 36.579,
	105.421 36.5016,
	105.421 36.4629,
	105.46 36.4242,
	105.673 35.8049,
	105.692 35.7468,
	105.615 35.7081,
	105.595 35.6887,
	105.44 35.8242,
	105.266 36.1339,
	105.189 36.2887,
	105.17 36.3661,
	105.131 36.4048,
	105.053 36.7145,
	104.957 37.3338,
	104.879 37.6435,
	104.802 37.7983,
	104.724 38.108,
	104.705 38.4177,
	104.686 38.4951,
	104.55 38.6305,
	104.395 38.6693,
	104.357 38.7467,
	104.376 38.8241,
	104.55 39.1338,
	104.57 39.2886,
	104.453 39.5982,
	104.279 40.8369,
	104.241 41.1466,
	104.202 41.3014,
	104.202 41.6111,
	104.221 41.7659,
	104.279 41.9207,
	104.376 42.0756,
	104.415 42.1143,
	104.434 42.2691,
	104.415 42.4239,
	104.357 42.5788,
	104.26 42.7336,
	104.144 43.0433,
	104.105 43.1981,
	103.989 43.3529,
	103.834 43.411,
	103.679 43.3916,
	103.602 43.3529,
	103.408 43.0433,
	103.35 42.9658,
	103.35 42.9271,
	103.234 42.7723,
	103.157 42.6175,
	103.099 42.5401,
	103.041 42.3852,
	103.002 42.3465,
	103.002 42.3078,
	102.944 42.2304,
	102.886 41.9207,
	102.847 41.7659,
	102.576 41.1466,
	102.46 40.8369,
	102.383 40.5272,
	102.363 39.9079,
	102.325 39.7531,
	102.286 39.6757,
	102.208 39.0563,
	102.208 38.437,
	102.189 38.1273,
	102.189 37.9725,
	102.189 37.8951,
	102.189 37.8757,
	"/>
</Transform>

<Transform dim="0"
 xcoef=" 0 1 0 0 0 0"
 ycoef=" 0 0 1 0 0 0">
<Contour name="TB3_Nuc49_EM" hidden="false" closed="true" simplified="true" border="0 1 1" fill="0 1 1" mode="9"
 points="107.382 49.6426,
	107.458 49.4408,
	107.534 49.3399,
	107.736 49.2138,
	107.836 49.1381,
	108.038 49.2138,
	108.139 49.2894,
	108.24 49.2642,
	108.29 49.239,
	108.316 49.2894,
	108.265 49.3399,
	108.644 49.5921,
	108.845 49.693,
	109.047 49.7435,
	109.148 49.693,
	109.224 49.4912,
	109.224 49.2894,
	109.4 49.1633,
	109.804 49.012,
	109.905 48.9363,
	109.88 48.8354,
	109.779 48.7849,
	109.728 48.7345,
	109.325 48.6588,
	108.921 48.6336,
	108.517 48.7093,
	108.316 48.7849,
	107.912 48.7597,
	107.836 48.6588,
	107.786 48.457,
	107.937 48.2804,
	108.013 48.1795,
	108.089 47.776,
	108.265 47.6246,
	108.265 47.5742,
	108.417 47.3724,
	108.442 47.1706,
	108.391 46.767,
	108.366 46.5652,
	108.366 46.4643,
	108.467 46.2625,
	108.442 46.0607,
	108.467 45.8589,
	108.644 45.7075,
	108.745 45.6823,
	109.148 45.8084,
	109.552 45.8589,
	109.754 45.8336,
	109.854 45.8336,
	109.955 45.9093,
	110.157 45.985,
	110.258 46.0354,
	110.359 46.0102,
	110.384 45.985,
	110.308 45.7832,
	110.157 45.5814,
	110.081 45.3796,
	110.132 45.2787,
	110.132 45.0769,
	110.056 44.6733,
	110.031 44.5724,
	110.031 44.5219,
	109.854 44.3201,
	109.653 44.194,
	109.249 43.8661,
	109.047 43.7652,
	108.997 43.7147,
	108.946 43.7147,
	108.845 43.6391,
	108.795 43.5382,
	108.845 42.731,
	108.719 42.3274,
	108.669 42.1256,
	108.694 41.3184,
	108.719 41.1166,
	108.694 40.713,
	108.719 40.3094,
	108.77 40.1076,
	108.795 40.0067,
	108.871 39.9058,
	108.946 39.8553,
	109.148 39.6788,
	109.35 39.5779,
	110.157 39.4013,
	110.258 39.3761,
	110.308 39.2752,
	110.334 38.8716,
	110.359 38.7707,
	110.435 38.695,
	110.636 38.695,
	110.737 38.695,
	110.939 38.7707,
	111.343 39.0734,
	111.544 39.2247,
	111.645 39.2499,
	111.671 39.1743,
	111.645 39.0734,
	111.444 38.922,
	111.343 38.8968,
	111.292 38.8463,
	111.191 38.8211,
	110.788 38.5184,
	110.662 38.3166,
	110.636 38.1148,
	110.763 37.7112,
	110.863 36.904,
	110.914 36.7022,
	111.04 36.5256,
	111.141 36.45,
	111.544 36.3743,
	111.948 36.3995,
	112.15 36.3743,
	112.352 36.3995,
	112.528 36.5761,
	112.73 36.7022,
	112.932 36.7022,
	113.134 36.6518,
	113.184 36.6265,
	113.588 37.0049,
	113.916 37.4085,
	113.991 37.5094,
	114.017 37.6103,
	114.042 37.6608,
	114.092 37.6608,
	114.218 37.8626,
	114.244 38.0644,
	114.092 38.468,
	114.017 38.6698,
	113.966 38.7707,
	113.941 38.7959,
	114.017 38.8968,
	114.017 39.0986,
	113.991 39.1995,
	114.017 39.4013,
	114.37 39.7292,
	114.471 39.8301,
	114.546 40.0319,
	114.546 40.1328,
	114.42 40.3094,
	114.218 40.3346,
	114.117 40.3346,
	114.017 40.3851,
	113.991 40.486,
	114.168 40.6121,
	114.269 40.6121,
	114.37 40.6625,
	114.471 40.6625,
	114.546 40.7634,
	114.597 40.8139,
	114.622 41.0157,
	114.546 41.8229,
	114.471 42.2265,
	114.471 42.3274,
	114.42 42.4283,
	114.42 42.5292,
	114.37 42.6301,
	114.37 42.731,
	114.319 42.8319,
	114.244 43.2355,
	113.941 44.0427,
	113.89 44.1436,
	113.89 44.194,
	113.84 44.2445,
	113.815 44.3454,
	113.764 44.3958,
	113.764 44.4463,
	113.386 44.7994,
	113.285 44.8499,
	113.058 45.6318,
	112.957 45.8336,
	112.957 45.8841,
	112.73 46.2877,
	112.705 46.3886,
	112.654 46.439,
	112.528 46.8426,
	112.049 47.6498,
	111.999 47.7507,
	111.898 47.8516,
	111.847 47.9525,
	111.444 48.3561,
	111.09 48.7345,
	110.99 48.8354,
	110.99 48.8858,
	110.611 49.2894,
	110.208 49.6174,
	110.107 49.7183,
	109.981 49.8696,
	109.779 49.9957,
	109.375 50.1219,
	109.173 50.1975,
	109.072 50.248,
	108.265 50.2732,
	107.862 50.2984,
	107.66 50.2984,
	107.483 50.1723,
	107.433 50.1219,
	107.382 49.7183,
	107.382 49.6678,
	"/>
</Transform>

<Transform dim="0"
 xcoef=" 0 1 0 0 0 0"
 ycoef=" 0 0 1 0 0 0">
<Contour name="TB3_Nuc53_EM" hidden="false" closed="true" simplified="true" border="0 1 0" fill="0 1 0" mode="9"
 points="93.4785 47.2637,
	93.6225 46.9347,
	93.7253 46.7701,
	93.7459 46.6056,
	93.7048 46.441,
	93.6636 46.3588,
	93.6636 46.1942,
	93.8076 45.8652,
	93.787 45.5361,
	93.787 45.3715,
	93.8487 45.207,
	93.9721 45.0425,
	94.1573 44.7134,
	94.2395 44.6517,
	94.3218 44.6311,
	94.3629 44.6311,
	94.4041 44.6722,
	94.4041 44.7134,
	94.4863 44.7751,
	94.4658 44.9396,
	94.3629 45.1042,
	94.4452 45.2687,
	94.6097 45.3715,
	94.9388 45.3304,
	95.0211 45.351,
	95.0828 45.4127,
	95.1034 45.5772,
	95.0622 45.9063,
	95.0828 46.5644,
	95.0622 46.729,
	95.0005 46.8935,
	94.9799 47.0581,
	95.0211 47.3871,
	95.0211 47.7162,
	94.9799 47.8808,
	94.7948 48.1893,
	94.6303 48.251,
	94.4658 48.2304,
	94.3835 48.1893,
	94.3012 48.1893,
	94.1573 48.3127,
	94.1573 48.4772,
	94.1161 48.6417,
	94.075 48.724,
	93.9927 48.7857,
	93.9104 48.7651,
	93.8693 48.6829,
	93.7048 48.58,
	93.6019 48.4772,
	93.5814 48.3127,
	93.6431 48.1481,
	93.7459 47.9836,
	93.6019 47.6545,
	93.4991 47.49,
	93.4785 47.3254,
	93.4785 47.2843,
	"/>
</Transform>

<Transform dim="0"
 xcoef=" 0 1 0 0 0 0"
 ycoef=" 0 0 1 0 0 0">
<Contour name="TB3_Nuc55_EM" hidden="false" closed="true" simplified="true" border="0 1 0" fill="0 1 0" mode="9"
 points="111.698 51.1853,
	111.73 50.9253,
	111.86 50.6653,
	111.925 50.6328,
	112.088 50.8603,
	112.088 51.1203,
	111.99 51.3803,
	111.893 51.5103,
	111.763 51.5753,
	111.698 51.5428,
	111.698 51.2828,
	111.698 51.2178,
	"/>
</Transform>

<Transform dim="0"
 xcoef=" 0 1 0 0 0 0"
 ycoef=" 0 0 1 0 0 0">
<Contour name="TB1_Shell_EM" hidden="false" closed="true" simplified="true" border="0 1 1" fill="0 1 1" mode="9"
 points="32.3511 49.0736,
	32.6636 48.4485,
	32.8199 47.8233,
	33.2106 47.1982,
	33.4451 46.573,
	35.0861 44.0725,
	35.7894 42.8222,
	36.2582 42.1971,
	36.8834 41.6501,
	37.5085 41.2593,
	38.7588 41.0249,
	39.3839 41.0249,
	40.0091 40.8686,
	41.2593 40.9468,
	41.8845 41.1031,
	43.1348 41.6501,
	43.7599 42.0408,
	44.5413 43.2911,
	44.8539 43.9162,
	45.1665 45.1665,
	45.3228 45.7916,
	45.2446 47.0419,
	44.9321 48.2922,
	44.3851 49.5425,
	44.0725 50.1676,
	43.2129 52.6682,
	43.1348 53.2933,
	42.0408 55.7939,
	41.6501 57.0442,
	41.1031 58.2945,
	39.8528 59.5447,
	38.6806 60.6387,
	38.3681 60.8732,
	37.7429 61.0294,
	37.1178 61.0294,
	35.8675 60.6387,
	34.6172 60.0917,
	33.3669 59.2322,
	32.5074 57.9819,
	32.3511 57.6693,
	32.3511 56.419,
	32.7418 55.1687,
	32.9762 53.9185,
	32.9762 52.6682,
	33.2106 51.4179,
	32.5855 50.1676,
	32.3511 49.5425,
	32.3511 49.2299,
	32.3511 49.1518,
	"/>
</Transform>

</Section>