<?xml version="1.0"?>
<!DOCTYPE Section SYSTEM "section.dtd">

<Section index="15" thickness="0.085" alignLocked="true">
<Transform dim="0"
 xcoef=" 0 1 0 0 0 0"
 ycoef=" 0 0 1 0 0 0">
<Image mag="0.0079" contrast="1" brightness="0" red="true" green="true" blue="true"
 src="Aligned TF21015.tif" />
<Contour name="domain1" hidden="false" closed="true" simplified="false" border="1 0 1" fill="1 0 1" mode="11"
 points="0 0,
	15991 0,
	15991 12171,
	0 12171,
	"/>
</Transform>

<Transform dim="0"
 xcoef=" 0 1 0 0 0 0"
 ycoef=" 0 0 1 0 0 0">
<Contour name="TB1_Nuc54_PH" hidden="false" closed="true" simplified="true" border="0 0.501961 0" fill="0 0.501961 0" mode="9"
 points="35.9728 36.1518,
	36.1518 36.0176,
	36.3308 36.0176,
	36.5545 36.2413,
	36.6887 36.5992,
	36.7335 36.9572,
	36.823 37.0914,
	36.7335 37.1361,
	36.5545 37.0019,
	36.5545 36.9124,
	36.3755 36.7335,
	36.286 36.644,
	36.1071 36.5992,
	35.9728 36.4203,
	35.9728 36.2413,
	35.9728 36.1966,
	"/>
</Transform>

<Transform dim="0"
 xcoef=" 0 1 0 0 0 0"
 ycoef=" 0 0 1 0 0 0">
<Contour name="TB1_Nuc67_PH" hidden="false" closed="true" simplified="true" border="0 0 1" fill="0 0 1" mode="9"
 points="31.4753 38.4491,
	31.5218 38.0772,
	31.6613 37.9377,
	31.8472 37.8912,
	31.9402 37.8447,
	31.9402 37.6588,
	32.0332 37.4728,
	32.4051 37.4263,
	32.7771 37.5658,
	33.1025 37.8447,
	33.1955 37.9377,
	33.1955 38.3097,
	32.8701 38.5421,
	32.8701 38.7281,
	32.5446 39.1,
	32.5446 39.193,
	32.7306 39.286,
	32.8236 39.3325,
	32.8701 39.5185,
	32.5446 39.8439,
	32.4516 39.8904,
	32.4516 40.0764,
	32.4051 40.1229,
	32.2192 40.0299,
	31.8472 40.1229,
	31.7542 40.1229,
	31.6148 39.9369,
	31.5218 39.5649,
	31.5683 39.193,
	31.4753 38.8211,
	31.4753 38.4956,
	"/>
</Transform>

<Transform dim="0"
 xcoef=" 0 1 0 0 0 0"
 ycoef=" 0 0 1 0 0 0">
<Contour name="TB1_AP31_EM" hidden="false" closed="true" simplified="true" border="0 1 0" fill="0 1 0" mode="9"
 points="30.8502 59.0935,
	30.8629 58.9917,
	30.8756 58.9409,
	30.8629 58.89,
	30.901 58.6865,
	30.901 58.5848,
	30.901 58.5339,
	30.9519 58.4322,
	30.9773 58.3813,
	31.1427 58.1779,
	31.1935 58.0761,
	31.2189 57.9744,
	31.2698 57.8727,
	31.2952 57.8218,
	31.3461 57.771,
	31.5496 57.6692,
	31.7022 57.4785,
	31.8039 57.3895,
	31.8421 57.2877,
	31.8802 57.2496,
	31.9819 57.2369,
	32.0328 57.2496,
	32.2363 57.1987,
	32.338 57.2496,
	32.4397 57.275,
	32.6432 57.2369,
	32.8467 57.1351,
	32.8975 57.097,
	33.101 57.0843,
	33.2536 57.275,
	33.3553 57.3386,
	33.5588 57.3259,
	33.7622 57.3513,
	33.7877 57.3513,
	33.9911 57.5039,
	34.0929 57.5802,
	34.1437 57.6311,
	34.2455 57.6692,
	34.4489 57.6819,
	34.6524 57.6692,
	34.7541 57.6947,
	34.805 57.6947,
	35.0085 57.8727,
	35.1102 57.9744,
	35.3009 58.1397,
	35.3645 58.2415,
	35.4027 58.3432,
	35.4154 58.5467,
	35.4281 58.6484,
	35.4408 58.6993,
	35.5171 58.801,
	35.6189 58.89,
	35.7587 59.0935,
	35.7969 59.1952,
	35.8732 59.2969,
	35.924 59.5004,
	35.9495 59.5513,
	35.8732 59.9582,
	35.8859 60.0599,
	35.8732 60.1616,
	35.7842 60.3651,
	35.746 60.5686,
	35.6824 60.772,
	35.568 60.9755,
	35.5044 61.179,
	35.3645 61.3824,
	35.3009 61.4842,
	34.9576 61.8784,
	34.8559 61.9674,
	34.7541 62.031,
	34.5507 62.1073,
	34.4489 62.1836,
	34.3472 62.2344,
	34.2455 62.2472,
	34.1946 62.2344,
	33.9911 62.2599,
	33.7877 62.3489,
	33.7368 62.3616,
	33.6351 62.3362,
	33.5333 62.3489,
	33.4825 62.3616,
	33.3808 62.3235,
	33.3299 62.298,
	33.1264 62.2853,
	32.923 62.298,
	32.8212 62.3107,
	32.7195 62.298,
	32.516 62.2217,
	32.3889 62.0183,
	32.2871 61.9292,
	32.2363 61.9038,
	32.1345 61.9292,
	32.0328 61.9801,
	31.9311 62.0055,
	31.5241 62.0055,
	31.4733 61.9801,
	31.4606 61.9292,
	31.4987 61.8911,
	31.6004 61.8784,
	31.7022 61.8911,
	31.8039 61.8784,
	31.9056 61.8402,
	31.9565 61.8275,
	32.0074 61.7766,
	32.0964 61.5732,
	32.1091 61.4714,
	32.0964 61.3697,
	31.9565 61.179,
	31.8802 61.0772,
	31.8548 61.0264,
	31.664 60.8229,
	31.5877 60.7212,
	31.486 60.5177,
	31.4351 60.416,
	31.4097 60.3651,
	31.308 60.2888,
	31.2317 60.1871,
	31.0155 59.7802,
	30.9519 59.6784,
	30.9138 59.6403,
	30.8756 59.4368,
	30.8629 59.2333,
	30.8502 59.1316,
	30.8502 59.1062,
	"/>
</Transform>

<Transform dim="0"
 xcoef=" 0 1 0 0 0 0"
 ycoef=" 0 0 1 0 0 0">
<Contour name="TB1_AP34_EM" hidden="false" closed="true" simplified="false" border="0 1 0" fill="0 1 0" mode="9"
 points="31.1307 61.656,
	31.1401 61.6655,
	31.1307 61.6749,
	31.1118 61.656,
	"/>
</Transform>

<Transform dim="0"
 xcoef=" 0 1 0 0 0 0"
 ycoef=" 0 0 1 0 0 0">
<Contour name="TB1_AP34_EM" hidden="false" closed="true" simplified="false" border="0 1 0" fill="0 1 0" mode="9"
 points="29.9279 56.7706,
	29.9563 56.7421,
	29.9848 56.7421,
	30.0985 56.8132,
	30.3118 56.9127,
	30.3402 56.9412,
	30.4539 56.9554,
	30.5108 56.9412,
	30.5677 56.9554,
	30.6245 57.0691,
	30.653 57.126,
	30.7098 57.1402,
	30.7667 57.126,
	30.8805 57.0549,
	30.9942 57.0691,
	31.0369 57.0265,
	31.0511 56.5715,
	31.0511 56.5147,
	31.1222 56.4009,
	31.2359 56.3867,
	31.2643 56.3867,
	31.4918 56.5289,
	31.5487 56.5289,
	31.5913 56.472,
	31.6056 56.4151,
	31.7193 56.4009,
	31.7762 56.4009,
	31.8899 56.472,
	32.0036 56.4293,
	32.2311 56.4578,
	32.3449 56.472,
	32.4586 56.5289,
	32.5155 56.5857,
	32.5439 56.6426,
	32.6576 56.7279,
	32.8851 56.7564,
	33.1126 56.8274,
	33.3401 56.799,
	33.5676 56.8132,
	33.6671 56.8701,
	33.6955 56.8843,
	33.7524 56.8559,
	33.8661 56.8701,
	34.0936 56.998,
	34.1505 57.0265,
	34.1789 57.0549,
	34.2927 57.0691,
	34.5059 57.2255,
	34.6623 57.4388,
	34.7476 57.5099,
	34.8045 57.5525,
	34.8329 57.581,
	34.8187 57.6378,
	34.7618 57.6521,
	34.5344 57.6094,
	34.4206 57.6094,
	34.3922 57.581,
	34.1647 57.5667,
	34.1078 57.5525,
	33.9941 57.4672,
	33.9372 57.4246,
	33.8235 57.3819,
	33.7097 57.3677,
	33.6529 57.3677,
	33.5391 57.2966,
	33.4823 57.254,
	33.4254 57.2682,
	33.397 57.2966,
	33.3401 57.2966,
	33.1268 57.0976,
	33.07 57.0549,
	32.9562 57.0265,
	32.8425 57.0834,
	32.7287 57.0976,
	32.615 57.1544,
	32.5013 57.1687,
	32.2738 57.1118,
	32.2169 57.1118,
	32.1032 57.1687,
	31.9894 57.1687,
	31.8757 57.2113,
	31.7619 57.2824,
	31.7335 57.2824,
	31.634 57.3961,
	31.6056 57.453,
	31.4918 57.5525,
	31.4634 57.5525,
	31.4349 57.5241,
	31.3781 57.5383,
	31.3212 57.581,
	31.2928 57.6378,
	31.2359 57.6663,
	31.1932 57.6236,
	31.1932 57.5099,
	31.1932 57.453,
	31.1648 57.3961,
	31.1506 57.3677,
	31.0937 57.3961,
	31.0511 57.5099,
	30.9231 57.7374,
	30.852 57.9648,
	30.8662 57.9791,
	30.9231 57.9648,
	30.9658 58.0075,
	30.9231 58.1212,
	30.7809 58.3487,
	30.7667 58.5762,
	30.8236 58.8037,
	30.8236 58.8605,
	30.7809 58.9174,
	30.7241 58.9174,
	30.6814 58.8605,
	30.6672 58.7468,
	30.5677 58.5193,
	30.5108 58.2918,
	30.4824 58.1781,
	30.4824 58.1212,
	30.3402 57.8938,
	30.2549 57.78,
	30.2122 57.7231,
	30.1838 57.6947,
	30.1696 57.581,
	30.1554 57.5241,
	30.1554 57.4957,
	30.0132 57.2682,
	29.9421 57.0407,
	29.9279 56.8132,
	29.9279 56.7848,
	"/>
</Transform>

<Transform dim="0"
 xcoef=" 0 1 0 0 0 0"
 ycoef=" 0 0 1 0 0 0">
<Contour name="TB1_AP35_EM" hidden="false" closed="true" simplified="true" border="0.835294 0 0" fill="1 0 0" mode="9"
 points="27.9847 30.4411,
	28.0191 30.3035,
	28.0535 30.2347,
	28.174 30.0971,
	28.2084 30.0283,
	28.4492 29.7531,
	28.5352 29.6154,
	28.5868 29.4778,
	28.5868 29.3402,
	28.5352 29.2026,
	28.4836 29.1338,
	28.4664 29.065,
	28.432 29.0306,
	28.4148 28.893,
	28.432 28.7554,
	28.432 28.6866,
	28.3116 28.549,
	28.1912 28.4458,
	28.1568 28.3082,
	28.1912 27.7577,
	28.346 27.2073,
	28.2944 26.9321,
	28.2944 26.8633,
	28.2772 26.8289,
	28.346 26.5537,
	28.3976 26.4161,
	28.4148 26.2785,
	28.3976 26.1408,
	28.3804 26.1064,
	28.3976 26.0376,
	28.346 25.9,
	28.26 25.7624,
	28.2428 25.6936,
	28.2772 25.556,
	28.2772 25.5216,
	28.3804 25.384,
	28.518 25.3496,
	28.6556 25.212,
	28.7072 25.1432,
	28.7416 25.1604,
	28.7416 25.1948,
	28.7932 25.2636,
	28.8448 25.814,
	28.862 25.9516,
	28.9136 26.0892,
	28.9996 26.2268,
	29.0512 26.5021,
	29.1028 26.6397,
	29.1716 26.7085,
	29.206 26.7429,
	29.2576 27.0181,
	29.3092 27.1557,
	29.3436 27.4309,
	29.4296 27.5685,
	29.4984 27.6201,
	29.5672 27.7577,
	29.722 28.3082,
	29.7392 28.4458,
	29.8425 28.721,
	29.9285 29.2714,
	29.9801 29.5466,
	29.9629 29.6842,
	30.0489 30.2347,
	30.1349 30.5099,
	30.3585 30.7851,
	30.6337 31.0087,
	30.6853 31.1463,
	30.6509 31.2839,
	30.5477 31.4215,
	30.4101 31.5248,
	30.3413 31.5936,
	30.2725 31.6108,
	30.2209 31.6796,
	30.1865 31.8172,
	30.1865 31.8516,
	30.1177 31.9032,
	30.1005 32.1784,
	30.1005 32.316,
	30.0489 32.4536,
	30.0489 32.5224,
	30.0317 32.5568,
	30.0833 32.6944,
	30.3069 32.9696,
	30.3413 33.0384,
	30.3585 33.0728,
	30.2381 33.2105,
	30.1005 33.4857,
	30.0317 33.5545,
	29.9973 33.5889,
	29.8597 33.5545,
	29.7908 33.5545,
	29.7564 33.5545,
	29.6188 33.6577,
	29.4812 33.6921,
	29.4468 33.7093,
	29.378 33.6749,
	29.1028 33.6921,
	28.9652 33.5889,
	28.8104 33.3137,
	28.7416 33.1761,
	28.7416 33.1588,
	28.69 32.8836,
	28.7072 32.8148,
	28.7072 32.7804,
	28.776 32.746,
	28.8104 32.7288,
	28.8104 32.66,
	28.7244 32.5224,
	28.6728 32.4536,
	28.6384 32.316,
	28.6212 32.0408,
	28.5352 31.9032,
	28.3976 31.8516,
	28.3632 31.8344,
	28.2256 31.9204,
	28.1912 31.9376,
	28.1396 31.9032,
	28.0535 31.3527,
	28.0707 31.0775,
	27.9847 30.5271,
	27.9847 30.4583,
	"/>
</Transform>

<Transform dim="0"
 xcoef=" 0 1 0 0 0 0"
 ycoef=" 0 0 1 0 0 0">
<Contour name="TB1_AP51_EM" hidden="false" closed="true" simplified="true" border="0 0.501961 1" fill="0.501961 1 1" mode="9"
 points="30.4887 63.1285,
	30.5337 63.0686,
	30.5187 62.9487,
	30.5037 62.9188,
	30.5936 62.8438,
	30.8334 62.9637,
	30.9532 63.0087,
	31.0132 62.9937,
	31.0731 63.0237,
	31.178 63.1435,
	31.4178 63.3233,
	31.5376 63.4133,
	31.5976 63.4582,
	31.6275 63.4882,
	31.8673 63.5032,
	31.9872 63.5181,
	32.2269 63.4882,
	32.3468 63.4732,
	32.4667 63.4282,
	32.7064 63.3983,
	32.9462 63.4282,
	33.0661 63.4882,
	33.3058 63.5481,
	33.5456 63.5781,
	33.6055 63.5931,
	33.8453 63.5331,
	33.9052 63.5032,
	34.0251 63.4882,
	34.2648 63.5631,
	34.3847 63.5781,
	34.4446 63.5781,
	34.9241 63.7729,
	35.044 63.8178,
	35.1639 63.9077,
	35.2838 63.9677,
	35.7633 64.1025,
	35.8832 64.1175,
	36.003 64.1625,
	36.063 64.1925,
	36.1978 64.4322,
	36.2728 64.672,
	36.3027 64.7319,
	36.4076 64.8518,
	36.4376 64.9117,
	36.3926 65.0316,
	36.3627 65.0915,
	36.3177 65.1215,
	36.1379 64.8817,
	35.8981 64.657,
	35.8832 64.642,
	35.7633 64.7019,
	35.7033 64.7319,
	35.6434 64.8518,
	35.6134 64.9117,
	35.5985 64.9417,
	35.6284 65.0616,
	35.7033 65.1814,
	35.7633 65.2414,
	35.8232 65.2564,
	35.9431 65.3613,
	36.003 65.3762,
	36.033 65.3613,
	36.0929 65.4062,
	36.1079 65.4212,
	36.078 65.4811,
	36.078 65.5411,
	35.9731 65.646,
	35.8532 65.6759,
	35.7333 65.7508,
	35.6134 65.7808,
	35.5535 65.8258,
	35.5235 65.8408,
	35.2838 65.7359,
	35.2538 65.7209,
	35.0141 65.8258,
	34.8942 65.9157,
	34.6544 65.9906,
	34.4147 66.0356,
	34.1749 65.9906,
	34.055 65.9606,
	33.8153 65.9906,
	33.6954 65.9906,
	33.2159 66.0955,
	32.7364 66.2304,
	32.6165 66.2753,
	32.4966 66.2903,
	32.4367 66.2603,
	32.3468 66.1404,
	32.2269 66.0505,
	32.122 65.9307,
	32.0921 65.8108,
	32.107 65.571,
	32.0022 65.3313,
	31.9572 65.2114,
	31.8823 65.1065,
	31.6425 65.0316,
	31.5226 65.0166,
	31.4477 64.8967,
	31.3129 64.4172,
	31.2529 64.2973,
	31.2379 64.1775,
	31.2829 63.9377,
	31.2379 63.8178,
	30.9982 63.683,
	30.8783 63.5781,
	30.7584 63.5032,
	30.6985 63.4432,
	30.6236 63.3233,
	30.5936 63.2634,
	30.5337 63.2334,
	30.5037 63.1735,
	30.4887 63.1435,
	"/>
</Transform>

<Transform dim="0"
 xcoef=" 0 1 0 0 0 0"
 ycoef=" 0 0 1 0 0 0">
<Contour name="TB1_AP38_EM" hidden="false" closed="true" simplified="true" border="0.501961 1 0.501961" fill="0.501961 1 0.501961" mode="9"
 points="28.8554 60.6411,
	28.9303 60.4014,
	28.9603 60.3414,
	28.9603 60.1017,
	29.0352 59.8619,
	29.0802 59.6222,
	29.0802 59.3824,
	29.0652 59.2625,
	29.1701 59.0228,
	29.215 58.9029,
	29.245 58.6631,
	29.26 58.5433,
	29.3049 58.4234,
	29.4098 58.3035,
	29.4698 58.2436,
	29.5896 58.2286,
	29.6046 58.2885,
	29.5297 58.4084,
	29.4997 58.4384,
	29.5896 58.6781,
	29.5597 58.798,
	29.4548 58.9179,
	29.3799 59.0378,
	29.3349 59.1576,
	29.3199 59.2775,
	29.3649 59.3974,
	29.4847 59.5023,
	29.6046 59.5622,
	29.6646 59.6821,
	29.7844 59.802,
	29.9043 59.8619,
	30.0242 60.1017,
	30.0991 60.2215,
	30.1441 60.3414,
	30.1141 60.5812,
	30.1441 60.8209,
	30.1291 61.0607,
	30.204 61.5402,
	30.1291 61.7799,
	30.1291 61.8998,
	30.219 62.1396,
	30.3538 62.3793,
	30.4438 62.4992,
	30.4887 62.6191,
	30.5037 62.649,
	30.3838 62.8888,
	30.3988 63.0087,
	30.3988 63.0686,
	30.5187 63.3084,
	30.7135 63.5481,
	30.9532 63.7579,
	30.9982 63.8178,
	31.0132 63.8478,
	31.0731 63.8328,
	31.133 63.8628,
	31.163 63.9227,
	31.163 64.1625,
	31.163 64.2824,
	31.3129 64.7619,
	31.3578 64.8817,
	31.3878 64.9417,
	31.3878 64.9717,
	31.6275 65.1065,
	31.7474 65.1515,
	31.8673 65.2264,
	31.8823 65.2114,
	31.9422 65.2414,
	32.0321 65.4811,
	32.0771 65.9606,
	32.0921 66.0206,
	32.3318 66.2603,
	32.4517 66.3352,
	32.5716 66.3652,
	32.8113 66.3502,
	33.0511 66.2753,
	33.1709 66.2154,
	33.2908 66.2004,
	33.3508 66.1854,
	33.4706 66.0955,
	33.5905 66.0505,
	33.7104 66.0356,
	33.8303 66.0505,
	33.9501 66.0356,
	34.4297 66.1105,
	34.6694 66.0655,
	34.7293 66.0206,
	34.8492 65.9906,
	34.9092 65.9906,
	35.029 65.9307,
	35.1489 65.8408,
	35.2089 65.8108,
	35.3287 65.8258,
	35.5685 65.9007,
	35.8082 65.7958,
	35.9281 65.7508,
	35.988 65.7209,
	36.1229 65.601,
	36.3177 65.3613,
	36.3926 65.2414,
	36.4676 65.0016,
	36.5125 64.8817,
	36.5724 64.8518,
	36.8122 64.9267,
	37.052 64.8817,
	37.2917 64.9117,
	37.4116 64.8218,
	37.4715 64.7769,
	37.7113 64.7769,
	37.7712 64.7319,
	37.966 64.2524,
	37.981 64.1325,
	37.966 64.0726,
	38.0409 63.8328,
	38.1009 63.7129,
	38.3256 63.5931,
	38.3556 63.6081,
	38.5804 63.3683,
	38.7452 63.1285,
	38.985 62.9487,
	39.1348 62.709,
	39.1798 62.5891,
	39.1947 62.4692,
	39.1498 62.2295,
	39.1198 62.1096,
	39.1048 62.0497,
	39.1198 61.9298,
	39.0599 61.8099,
	38.94 61.705,
	38.8201 61.6451,
	38.7602 61.6601,
	38.5204 61.5552,
	38.4755 61.5252,
	38.2507 61.0457,
	38.2507 60.9258,
	38.3556 60.6861,
	38.4305 60.4463,
	38.4755 60.2066,
	38.3706 59.7271,
	38.2957 59.2475,
	38.4455 58.768,
	38.5504 58.5283,
	38.6403 58.4084,
	38.7602 58.3335,
	38.985 58.0937,
	39.0899 57.9739,
	39.3746 57.4943,
	39.5394 57.2546,
	39.6593 57.0148,
	39.7342 56.895,
	39.7642 56.835,
	39.884 56.7301,
	40.0039 56.6702,
	40.0639 56.6402,
	40.0938 56.6252,
	40.2137 56.6702,
	40.3336 56.6402,
	40.3935 56.6402,
	40.4235 56.6252,
	40.4834 56.6552,
	40.5134 56.6702,
	40.4235 56.7901,
	40.3635 56.835,
	40.1238 56.88,
	40.0639 56.9999,
	40.0639 57.1197,
	40.0788 57.1797,
	40.0189 57.4194,
	40.0039 57.6592,
	39.959 57.8989,
	39.944 58.1387,
	39.899 58.3784,
	39.929 58.4983,
	39.944 58.9778,
	39.899 59.9368,
	39.884 60.1766,
	39.8391 60.4163,
	39.8241 60.6561,
	39.884 60.8958,
	39.899 61.0157,
	39.8691 61.1356,
	39.884 61.3754,
	40.0489 61.8549,
	40.1088 62.0946,
	40.1238 62.2145,
	40.0339 62.4542,
	39.9889 62.5741,
	39.914 63.0536,
	39.884 63.1735,
	39.8691 64.1325,
	39.8391 64.3723,
	39.5843 64.8518,
	39.4944 64.9717,
	39.3746 65.2114,
	38.94 65.6759,
	38.8651 65.7958,
	38.7452 65.9007,
	38.5055 66.0655,
	38.2657 66.3053,
	38.1458 66.3952,
	37.9061 66.53,
	37.7862 66.59,
	37.7263 66.62,
	37.5015 66.8597,
	37.4116 66.9796,
	36.9321 67.3242,
	36.6923 67.3842,
	36.5724 67.4291,
	36.4526 67.534,
	36.3327 67.6089,
	36.2128 67.6389,
	36.1529 67.6689,
	35.9131 67.6539,
	35.4336 67.7288,
	35.3137 67.7888,
	34.8342 67.8637,
	34.5945 67.7888,
	34.3547 67.8037,
	34.115 67.7138,
	33.8752 67.6988,
	33.3957 67.564,
	33.156 67.534,
	32.9162 67.4291,
	32.6765 67.3542,
	32.4367 67.2493,
	31.9572 66.9796,
	31.8373 66.9047,
	31.5976 66.6949,
	31.3578 66.5151,
	31.1181 66.3802,
	30.9982 66.3652,
	30.7584 66.2753,
	30.6985 66.2603,
	30.6535 66.2154,
	30.6386 66.2004,
	30.7434 66.0955,
	30.6835 66.0505,
	30.6535 65.9307,
	30.4887 65.6909,
	30.3988 65.571,
	30.2789 65.3313,
	30.0841 65.0915,
	30.0542 64.9717,
	29.9343 64.7319,
	29.8594 64.4921,
	29.6046 64.0126,
	29.5747 63.7729,
	29.3799 63.2934,
	29.3649 63.0536,
	29.3799 62.9337,
	29.3948 62.8738,
	29.26 62.6341,
	29.23 62.5741,
	29.1851 62.0946,
	29.1101 61.8549,
	29.0052 61.6151,
	28.9453 61.1356,
	28.8704 60.8958,
	28.8554 60.6561,
	"/>
</Transform>

<Transform dim="0"
 xcoef=" 0 1 0 0 0 0"
 ycoef=" 0 0 1 0 0 0">
<Contour name="TB1_AP39_EM" hidden="false" closed="true" simplified="true" border="0 1 0.25098" fill="1 0 0" mode="9"
 points="32.9044 34.084,
	32.9401 33.941,
	33.0116 33.798,
	33.0831 33.7623,
	33.2261 33.7802,
	33.3691 33.7623,
	33.4227 33.6908,
	33.2976 33.6014,
	33.2261 33.4763,
	33.1904 33.3333,
	33.2261 33.2618,
	33.244 33.244,
	33.3691 33.3333,
	33.4942 33.2082,
	33.7802 33.0295,
	33.9231 32.9044,
	34.2091 32.7256,
	34.3164 32.5827,
	34.37 32.5112,
	34.4057 32.4933,
	34.4772 32.529,
	34.5666 32.6542,
	34.6381 32.672,
	34.924 32.6005,
	35.067 32.6184,
	35.1385 32.6542,
	35.3887 32.9401,
	35.5139 33.0831,
	35.6568 33.101,
	35.7283 33.0652,
	35.7819 32.9937,
	35.8177 32.958,
	35.8534 32.672,
	35.8892 32.6363,
	35.9607 32.672,
	36.1037 32.6542,
	36.1752 32.6184,
	36.2467 32.6184,
	36.3896 32.7078,
	36.4254 32.7435,
	36.4969 32.7435,
	36.5684 32.7078,
	36.6399 32.6363,
	36.7828 32.5827,
	37.0331 32.8686,
	37.0867 33.0116,
	37.0688 33.1546,
	37.1582 33.7265,
	37.1761 34.0125,
	37.1224 34.5845,
	37.1403 34.7274,
	37.1582 34.7989,
	37.2833 34.8883,
	37.3548 34.9062,
	37.4441 35.0313,
	37.5335 35.3172,
	37.8016 35.5675,
	37.9267 35.8534,
	38.0161 36.1394,
	38.0518 36.2109,
	38.0518 36.3539,
	38.034 36.4254,
	37.9088 36.5147,
	37.8374 36.5326,
	37.8016 36.5684,
	37.9803 36.8543,
	38.445 37.4084,
	38.5523 37.5514,
	38.6953 37.8374,
	38.8204 38.4093,
	38.8204 38.5523,
	38.8025 38.6238,
	38.874 38.9097,
	38.8561 39.0527,
	38.9455 39.6247,
	38.9276 39.9106,
	38.8561 39.9464,
	38.7846 39.9106,
	38.6774 39.7677,
	38.6416 39.7498,
	38.5702 39.7677,
	38.4808 39.6247,
	38.4808 39.5889,
	38.4093 39.5353,
	38.3378 39.5174,
	38.2484 39.6604,
	38.2127 39.8034,
	38.3021 40.0894,
	38.3378 40.1609,
	38.3378 40.2324,
	38.3735 40.3038,
	38.3735 40.3753,
	38.2306 40.5004,
	38.0876 40.4468,
	38.0161 40.4111,
	37.8731 40.3932,
	37.8195 40.4647,
	37.748 40.4826,
	37.7122 40.4647,
	37.5693 40.5541,
	37.4263 40.5898,
	37.3548 40.5898,
	37.2118 40.5004,
	37.1403 40.4647,
	37.0688 40.4647,
	36.9973 40.429,
	36.7114 40.1609,
	36.6577 40.1251,
	36.5862 40.1787,
	36.5147 40.1787,
	36.2288 39.9464,
	36.05 39.6604,
	35.9964 39.5889,
	35.9249 39.571,
	35.7998 39.4459,
	35.6211 39.16,
	35.496 39.017,
	35.4424 38.9455,
	35.3709 38.9097,
	35.2994 38.8383,
	35.2279 38.8025,
	35.1385 38.6595,
	34.9955 38.588,
	34.8525 38.445,
	34.7274 38.3557,
	34.6559 38.3378,
	34.513 38.2306,
	34.4057 37.9446,
	34.3342 37.8016,
	34.2449 37.5156,
	34.1734 37.3727,
	34.1555 37.2297,
	33.9589 36.9437,
	33.9231 36.8722,
	33.9231 36.8007,
	33.8159 36.6577,
	33.7623 36.5147,
	33.7444 36.4433,
	33.6372 36.3003,
	33.6193 36.0143,
	33.5299 35.7283,
	33.4584 35.5853,
	33.2261 35.3172,
	33.1725 35.0313,
	33.1725 34.8883,
	33.0831 34.6023,
	32.958 34.3164,
	32.9044 34.1734,
	32.9044 34.1019,
	"/>
</Transform>

<Transform dim="0"
 xcoef=" 0 1 0 0 0 0"
 ycoef=" 0 0 1 0 0 0">
<Contour name="TB1_AP40_EM" hidden="false" closed="true" simplified="true" border="0 0.733333 0" fill="1 0 0" mode="9"
 points="32.8119 26.0521,
	32.8864 25.9776,
	32.905 25.8287,
	33.3333 25.2327,
	33.3705 25.1583,
	33.3519 24.8603,
	33.2961 24.7113,
	33.2961 24.6741,
	33.2588 24.6368,
	33.2588 24.5624,
	33.2402 24.5251,
	33.2588 24.4506,
	33.3147 24.3761,
	33.2961 24.2272,
	33.3147 24.1527,
	33.3147 24.1154,
	33.4264 23.9665,
	33.5568 23.6685,
	33.6313 23.594,
	33.9292 23.5195,
	34.0037 23.5382,
	34.3016 23.7802,
	34.3389 23.8175,
	34.4134 23.743,
	34.5623 23.6499,
	35.1583 23.4637,
	35.4562 23.3706,
	35.6052 23.3892,
	35.6797 23.4078,
	35.9776 23.3519,
	36.1266 23.3333,
	36.2011 23.3147,
	36.3501 23.3706,
	36.499 23.3892,
	36.648 23.3333,
	36.7225 23.3147,
	36.797 23.3333,
	36.8342 23.3333,
	36.9832 23.445,
	37.2812 23.5754,
	37.5791 23.7616,
	37.6536 23.8361,
	37.7281 23.8733,
	37.8026 23.8733,
	37.8398 23.892,
	37.8026 24.1899,
	37.8212 24.2644,
	37.8957 24.3203,
	37.8398 24.6182,
	37.8584 24.7672,
	37.8957 24.8044,
	37.9143 24.9534,
	37.9702 25.0279,
	37.9888 25.3259,
	37.9329 25.6238,
	37.8957 25.7728,
	37.9143 26.0707,
	38.026 26.6666,
	38.0819 26.9646,
	38.1005 27.0391,
	38.175 27.0763,
	38.2123 27.2253,
	38.2123 27.3743,
	38.1936 27.4488,
	38.2123 27.5232,
	38.2681 27.5977,
	38.2309 27.7467,
	38.3054 27.8957,
	38.3798 28.1936,
	38.3985 28.3426,
	38.4171 28.4171,
	38.5474 28.5661,
	38.5847 28.6406,
	38.5847 28.7151,
	38.5847 28.7523,
	38.5474 28.7895,
	38.5102 28.7895,
	38.4543 28.864,
	38.4171 29.013,
	38.3426 29.0689,
	38.1936 29.0875,
	38.1191 29.1247,
	37.9888 29.2737,
	37.9515 29.311,
	37.8957 29.6089,
	37.8957 29.7579,
	37.8771 29.8324,
	37.9702 30.1303,
	37.9329 30.4283,
	37.9329 30.5028,
	37.8584 30.6517,
	37.5791 30.9311,
	37.5232 31.0056,
	37.486 31.0428,
	37.337 31.0614,
	37.2625 31.0614,
	37.188 31.1173,
	37.1508 31.1918,
	37.0018 31.3035,
	36.9273 31.3221,
	36.797 31.4711,
	36.7039 31.6201,
	36.6666 31.6573,
	36.648 31.9553,
	36.3687 32.2532,
	36.2942 32.2905,
	36.2569 32.2718,
	36.2383 32.1229,
	36.2197 32.0484,
	36.1638 31.9739,
	36.1266 31.9553,
	35.9776 32.1043,
	35.8473 32.1974,
	35.81 32.3463,
	35.7542 32.4208,
	35.7355 32.4394,
	35.661 32.3836,
	35.6238 32.3463,
	35.5866 32.0484,
	35.5307 31.8994,
	35.5121 31.6015,
	35.419 31.4525,
	35.2886 31.3035,
	35.1955 31.1545,
	35.1583 31.08,
	35.0838 31.0242,
	34.7858 30.9311,
	34.6368 30.8938,
	34.5623 30.8752,
	34.5251 30.8752,
	34.3948 30.7262,
	34.3761 30.5773,
	34.4692 29.9813,
	34.5623 28.7895,
	34.5623 28.7151,
	34.5251 28.6406,
	34.4879 28.6219,
	34.4134 28.6592,
	34.3389 28.8082,
	34.3016 28.8454,
	34.2644 28.8454,
	34.2085 28.7709,
	34.0596 28.8082,
	33.9851 28.8268,
	33.9292 28.8827,
	33.7616 28.2867,
	33.7057 28.1378,
	33.6871 28.0633,
	33.7616 27.9329,
	33.6313 27.784,
	33.6499 27.7467,
	33.5754 27.5977,
	33.5381 27.5232,
	33.6126 27.2253,
	33.743 26.9273,
	33.892 26.797,
	34.0037 26.648,
	34.0409 26.499,
	34.0223 26.4804,
	33.9478 26.5177,
	33.6499 26.7597,
	33.5754 26.8156,
	33.5381 26.8156,
	33.4637 26.8715,
	33.3892 26.8901,
	33.3519 26.8901,
	33.2402 26.7411,
	33.1657 26.6853,
	33.0167 26.6853,
	32.9236 26.5363,
	32.8305 26.2383,
	32.8119 26.0894,
	32.8119 26.0707,
	"/>
</Transform>

<Transform dim="0"
 xcoef=" 0 1 0 0 0 0"
 ycoef=" 0 0 1 0 0 0">
<Contour name="TB1_AP07_EM" hidden="false" closed="true" simplified="true" border="0 0.501961 1" fill="0 1 0" mode="9"
 points="29.3758 44.5065,
	29.5298 44.1984,
	29.7993 43.8904,
	29.8956 43.7557,
	30.0111 43.1397,
	29.9918 42.8317,
	29.9726 42.6777,
	29.9918 42.5237,
	29.9918 42.4467,
	30.0496 42.2927,
	30.0303 42.1387,
	30.0496 41.9847,
	30.1458 41.8499,
	30.2036 41.7729,
	30.1843 41.6189,
	30.2036 41.4649,
	30.2613 41.3109,
	30.3576 41.1569,
	30.3768 41.1184,
	30.5308 41.2339,
	30.6463 41.3879,
	30.6463 41.5419,
	30.6848 41.6189,
	30.8388 41.7537,
	30.9928 41.8114,
	31.1468 41.7537,
	31.2238 41.7344,
	31.3778 41.7537,
	31.5318 41.6574,
	31.6858 41.5227,
	31.7628 41.4842,
	31.8013 41.5034,
	31.7436 41.6574,
	31.4548 41.9654,
	31.3008 42.0617,
	31.2238 42.0809,
	30.9158 42.3697,
	30.8196 42.5237,
	30.7811 43.1397,
	30.7426 43.2937,
	30.7618 43.3707,
	30.7618 43.4092,
	30.8003 43.4284,
	30.8388 43.4092,
	30.8773 43.4284,
	30.8581 43.7364,
	30.7233 44.3525,
	30.6848 44.6605,
	30.7041 45.2765,
	30.7426 45.5845,
	30.9351 46.2005,
	30.9928 46.3545,
	31.0506 46.9705,
	31.0698 47.2785,
	31.1276 47.5865,
	31.6858 48.8185,
	31.7821 48.9725,
	31.8398 49.1265,
	31.8591 49.4345,
	31.8398 49.5885,
	31.8783 49.7425,
	31.8398 49.8965,
	31.8398 49.9735,
	32.0323 50.2815,
	32.1863 50.3585,
	32.4173 50.6665,
	33.0141 51.2825,
	33.1681 51.4173,
	33.4761 51.629,
	33.6301 51.7445,
	33.9381 51.8408,
	34.5541 51.9755,
	34.7081 52.0333,
	34.8621 52.0333,
	35.1701 51.9178,
	35.2086 51.8793,
	35.3626 51.8408,
	35.6706 51.5328,
	35.9594 51.2633,
	36.0941 51.1093,
	36.1711 51.0515,
	36.2481 51.0323,
	36.5561 50.8013,
	36.8256 50.4933,
	36.9796 50.3585,
	37.1336 50.32,
	37.2684 50.397,
	37.3261 50.551,
	37.3261 50.859,
	37.4031 51.013,
	38.0191 51.3018,
	38.3271 51.5135,
	38.5004 51.8215,
	38.6736 52.4375,
	38.7506 52.5915,
	38.8276 52.8995,
	38.9431 53.2075,
	38.9816 53.3615,
	39.0586 53.5155,
	39.0971 53.5925,
	39.1164 53.7465,
	39.0394 54.0545,
	38.9816 54.2086,
	38.9239 54.5166,
	38.8276 54.8246,
	38.7121 55.4406,
	38.6351 55.7486,
	38.5774 55.9026,
	38.4426 56.0566,
	38.4041 56.1336,
	38.2501 56.2683,
	37.9421 56.4031,
	37.6534 56.6533,
	37.5956 56.7303,
	37.5571 56.8843,
	37.5379 56.9613,
	37.4224 57.1153,
	37.1144 57.3656,
	36.8064 57.5196,
	36.7294 57.6736,
	36.6331 57.9816,
	36.3636 58.5976,
	36.3059 58.6553,
	36.2289 58.6746,
	36.0749 58.5976,
	35.9209 58.6168,
	35.7669 58.5591,
	35.4781 58.2703,
	35.3434 58.1163,
	34.9006 57.5003,
	34.6119 57.2116,
	34.4579 57.0768,
	34.3808 56.9998,
	34.0728 56.8651,
	33.7648 56.7688,
	33.6108 56.8073,
	33.3028 56.7111,
	32.9948 56.7303,
	32.3788 56.4223,
	32.2441 56.2876,
	32.2056 56.1336,
	31.9938 55.8256,
	31.7051 55.5561,
	31.6473 55.4021,
	31.6088 55.0941,
	31.6281 54.9401,
	31.5703 54.6321,
	31.4356 54.4973,
	31.3778 54.4203,
	31.3971 54.2663,
	31.5318 53.9583,
	31.5318 53.6503,
	31.6088 53.3423,
	31.5896 53.1883,
	31.2816 52.5723,
	31.1661 52.2643,
	31.1083 51.9563,
	31.0891 51.8793,
	31.2046 51.5713,
	31.2238 51.4943,
	31.1083 51.1863,
	31.0698 51.0323,
	31.0121 50.9553,
	30.9928 50.6473,
	30.9736 50.4933,
	30.9543 50.4163,
	31.0506 50.1083,
	31.0698 49.8003,
	31.0506 49.7233,
	30.9158 49.6078,
	30.7618 49.5885,
	30.6656 49.4345,
	30.6078 49.1265,
	30.6271 48.8185,
	30.6271 48.6645,
	30.3383 48.472,
	30.1651 48.164,
	30.0881 47.548,
	29.9148 46.932,
	29.8956 46.855,
	29.9341 46.778,
	30.0881 46.6817,
	30.2228 46.547,
	30.3576 46.239,
	30.3768 45.931,
	30.2613 45.315,
	30.2228 45.161,
	30.2228 45.084,
	30.0496 44.776,
	29.8956 44.6412,
	29.8186 44.622,
	29.7801 44.6027,
	29.7223 44.6605,
	29.6646 44.9685,
	29.5683 45.2765,
	29.5298 45.3342,
	29.472 45.2572,
	29.395 44.9492,
	29.3758 44.6412,
	29.3758 44.5642,
	29.3758 44.5257,
	"/>
</Transform>

<Transform dim="0"
 xcoef=" 0 1 0 0 0 0"
 ycoef=" 0 0 1 0 0 0">
<Contour name="TB1_AP34_EM" hidden="false" closed="true" simplified="false" border="0 1 0" fill="0 1 0" mode="9"
 points="30.1269 60.851,
	30.1696 60.7373,
	30.1838 60.6235,
	30.1696 60.5098,
	30.198 60.4529,
	30.3118 60.3818,
	30.3686 60.3534,
	30.3828 60.2396,
	30.3686 60.0122,
	30.3544 59.8984,
	30.3971 59.7847,
	30.4824 59.7278,
	30.5392 59.7847,
	30.5535 59.8131,
	30.4966 60.0406,
	30.4824 60.0975,
	30.5819 60.3107,
	30.6388 60.2539,
	30.6672 60.197,
	30.653 60.0833,
	30.6672 59.9695,
	30.7098 59.87,
	30.7809 59.9837,
	30.8094 60.0975,
	30.7952 60.2112,
	30.6956 60.4387,
	30.6814 60.4956,
	30.7241 60.6093,
	30.7383 60.6662,
	30.6956 60.723,
	30.6388 60.7515,
	30.6103 60.7941,
	30.7098 60.9079,
	30.7667 60.9079,
	30.8236 60.9363,
	30.7809 61.05,
	30.7667 61.1069,
	30.7525 61.1353,
	30.9942 61.5903,
	31.1079 61.6614,
	31.3354 61.8747,
	31.4492 61.9742,
	31.5629 62.0311,
	31.7904 62.0595,
	32.0179 62.0168,
	32.0747 62.0168,
	32.1316 61.9884,
	32.2453 62.0168,
	32.3591 62.0737,
	32.4586 62.1874,
	32.5155 62.2301,
	32.9704 62.3296,
	33.0273 62.3154,
	33.4823 62.4149,
	33.5391 62.4007,
	33.5676 62.3723,
	33.6244 62.3581,
	33.7382 62.4007,
	33.7951 62.4149,
	33.9088 62.3723,
	34.0225 62.3012,
	34.0794 62.2727,
	34.3069 62.2727,
	34.4206 62.2585,
	34.5344 62.2017,
	34.5912 62.1448,
	34.8187 62.0168,
	35.0462 61.8604,
	35.1031 61.832,
	35.2737 61.6045,
	35.3732 61.4908,
	35.5012 61.2633,
	35.5438 61.1496,
	35.6718 60.9221,
	35.7286 60.8794,
	35.7855 60.7657,
	35.8566 60.5382,
	35.885 60.3107,
	35.9135 60.197,
	35.9703 60.0833,
	35.9988 59.8558,
	35.9846 59.742,
	35.9846 59.6852,
	36.013 59.6283,
	35.9419 59.4008,
	35.9277 59.2871,
	35.885 59.1733,
	35.7429 58.9458,
	35.6575 58.8321,
	35.6149 58.7752,
	35.5865 58.6615,
	35.686 58.6188,
	35.9135 58.761,
	36.0272 58.8321,
	36.2547 58.8037,
	36.3116 58.7895,
	36.4253 58.6757,
	36.4537 58.562,
	36.5248 58.4482,
	36.6243 58.3345,
	36.7239 58.107,
	36.8092 57.6521,
	36.866 57.5383,
	36.8945 57.5099,
	37.122 57.453,
	37.3494 57.2682,
	37.4632 57.1687,
	37.5911 56.9412,
	37.648 56.8274,
	37.7333 56.7137,
	37.7617 56.6568,
	37.9892 56.5147,
	38.0177 56.4578,
	38.1314 56.3867,
	38.2451 56.3583,
	38.302 56.344,
	38.3589 56.3014,
	38.3873 56.3014,
	38.4868 56.1877,
	38.5579 56.0739,
	38.6574 55.6189,
	38.9418 54.709,
	38.9702 54.4815,
	38.9987 54.3678,
	39.0555 54.2541,
	39.1693 54.1545,
	39.2261 54.1688,
	39.2972 54.2825,
	39.3399 54.3962,
	39.2972 54.51,
	39.2261 54.9649,
	39.1835 55.1924,
	39.1977 55.3062,
	39.283 55.5336,
	39.3115 55.7611,
	39.3968 55.9886,
	39.4821 56.1023,
	39.5389 56.2161,
	39.6527 56.3298,
	39.738 56.4436,
	39.7948 56.4578,
	40.0223 56.4151,
	40.2498 56.4293,
	40.3067 56.4436,
	40.3351 56.4436,
	40.2214 56.5147,
	39.9939 56.5573,
	39.8802 56.5857,
	39.7806 56.671,
	39.6953 56.7848,
	39.6527 56.8985,
	39.4963 57.126,
	39.3968 57.3535,
	39.2404 57.581,
	39.0555 57.7942,
	38.9702 57.908,
	38.9276 57.9648,
	38.9134 58.0217,
	38.8281 58.1355,
	38.7712 58.1781,
	38.7143 58.1923,
	38.6859 58.1923,
	38.5721 58.2776,
	38.4442 58.5051,
	38.4015 58.7326,
	38.3873 58.8463,
	38.2736 59.0738,
	38.2451 59.3013,
	38.3304 59.7562,
	38.4584 60.2112,
	38.3589 60.4387,
	38.2878 60.6662,
	38.2451 60.8937,
	38.2025 60.9505,
	38.1883 61.0074,
	38.3731 61.4624,
	38.4868 61.5761,
	38.6006 61.633,
	38.8281 61.6472,
	38.9418 61.6187,
	39.0129 61.7183,
	39.0555 61.9457,
	39.0413 62.0595,
	39.0271 62.1164,
	39.0982 62.3438,
	39.1408 62.4576,
	39.1124 62.5713,
	38.9702 62.7988,
	38.7854 63.0263,
	38.6717 63.14,
	38.5295 63.3675,
	38.3162 63.5523,
	38.0887 63.7087,
	38.0319 63.7372,
	37.9181 63.9646,
	37.8613 64.0784,
	37.847 64.1352,
	37.8897 64.249,
	37.9181 64.3059,
	37.847 64.5333,
	37.7902 64.6471,
	37.7333 64.6755,
	37.6196 64.6329,
	37.5911 64.6186,
	37.4774 64.7182,
	37.3636 64.7893,
	37.2499 64.8319,
	37.0224 64.7893,
	36.994 64.775,
	36.8803 64.8035,
	36.8234 64.8177,
	36.7096 64.775,
	36.5959 64.775,
	36.4822 64.7466,
	36.4253 64.7324,
	36.3116 64.6329,
	36.2405 64.4054,
	36.1978 64.2916,
	36.1267 64.1779,
	35.8992 64.0926,
	35.4443 63.9789,
	34.9893 63.7229,
	34.8756 63.6518,
	34.6481 63.5665,
	34.4206 63.5381,
	34.3069 63.5097,
	34.25 63.4955,
	34.0225 63.5239,
	33.7951 63.4955,
	33.6813 63.4812,
	33.5676 63.4955,
	33.3401 63.4812,
	33.2264 63.4955,
	32.9989 63.4102,
	32.8851 63.3533,
	32.8283 63.3391,
	32.6008 63.3817,
	32.5439 63.3817,
	32.5155 63.3675,
	32.288 63.4386,
	32.0605 63.4812,
	31.9468 63.5097,
	31.7193 63.4812,
	31.4918 63.3248,
	31.2643 63.14,
	31.179 63.0263,
	31.0653 62.9552,
	31.0084 62.9694,
	30.7809 62.8699,
	30.6672 62.8272,
	30.6103 62.7988,
	30.5677 62.7419,
	30.5535 62.7135,
	30.5961 62.5998,
	30.525 62.486,
	30.4255 62.3723,
	30.2265 61.9173,
	30.2122 61.8036,
	30.198 61.7467,
	30.2549 61.633,
	30.2833 61.5761,
	30.2975 61.5477,
	30.2122 61.3202,
	30.1838 61.0927,
	30.1554 61.0358,
	30.1411 60.9221,
	30.1269 60.8652,
	"/>
</Transform>

<Transform dim="0"
 xcoef=" 0 1 0 0 0 0"
 ycoef=" 0 0 1 0 0 0">
<Contour name="TB1_NF02_EM" hidden="false" closed="true" simplified="true" border="0 0.501961 1" fill="0 0.501961 1" mode="-9"
 points="30.762 43.2331,
	30.8236 43.1869,
	30.8544 43.1561,
	30.8544 43.1253,
	30.9006 43.0791,
	30.9314 43.1407,
	30.916 43.2639,
	30.8544 43.3871,
	30.7928 43.3717,
	30.762 43.3563,
	30.762 43.2485,
	"/>
</Transform>

<Transform dim="0"
 xcoef=" 0 1 0 0 0 0"
 ycoef=" 0 0 1 0 0 0">
<Contour name="TB1_NF02_EM" hidden="false" closed="true" simplified="true" border="0 0.501961 1" fill="0 0.501961 1" mode="-9"
 points="31.9937 41.093,
	32.0553 40.9698,
	32.0861 40.9082,
	32.1477 40.8621,
	32.2093 40.8467,
	32.3478 40.6003,
	32.4248 40.4771,
	32.5326 40.2308,
	32.7636 39.9845,
	32.8097 39.9229,
	32.8251 39.8613,
	32.9175 39.7535,
	33.0407 39.6765,
	33.1639 39.5534,
	33.2562 39.4302,
	33.3794 39.3224,
	33.4256 39.2608,
	33.441 39.0145,
	33.4564 38.9529,
	33.5026 38.8913,
	33.5642 38.8913,
	33.595 38.9067,
	33.6411 38.8451,
	33.6565 38.7835,
	33.6719 38.7528,
	33.7335 38.7374,
	33.7951 38.7835,
	33.9029 38.6758,
	33.9645 38.6604,
	34.0876 38.7066,
	34.2108 38.645,
	34.2724 38.6142,
	34.3956 38.6912,
	34.4572 38.7066,
	34.5803 38.6604,
	34.6419 38.645,
	34.7651 38.7066,
	34.8113 38.8297,
	34.8883 38.9529,
	34.9498 39.0145,
	35.0114 39.1377,
	35.073 39.1992,
	35.1038 39.1992,
	35.1654 39.2608,
	35.1962 39.3224,
	35.15 39.384,
	35.1346 39.4148,
	35.2116 39.538,
	35.3347 39.615,
	35.3963 39.6765,
	35.4579 39.6919,
	35.5041 39.8151,
	35.5195 39.8767,
	35.4117 39.9999,
	35.2886 40.0768,
	35.227 40.123,
	34.7343 40.354,
	34.6111 40.4771,
	34.5495 40.5387,
	34.4726 40.6619,
	34.4418 40.7235,
	34.411 40.7389,
	34.2878 40.6619,
	34.257 40.6311,
	34.1954 40.6157,
	34.1338 40.6311,
	34.0261 40.7543,
	33.9029 41.0006,
	33.8259 41.1238,
	33.7643 41.17,
	33.518 41.2162,
	33.3948 41.2624,
	33.2716 41.3393,
	33.1485 41.3855,
	33.0869 41.4009,
	33.0407 41.3547,
	32.9791 41.3393,
	32.8559 41.3547,
	32.8251 41.3393,
	32.7174 41.4471,
	32.6866 41.4471,
	32.6404 41.3855,
	32.625 41.324,
	32.5788 41.2624,
	32.548 41.2624,
	32.4248 41.3547,
	32.3017 41.3086,
	32.2401 41.2624,
	32.2247 41.2316,
	32.1631 41.2162,
	32.1015 41.2316,
	32.0707 41.247,
	32.0091 41.1854,
	31.9937 41.1238,
	31.9937 41.1084,
	"/>
</Transform>

<Transform dim="0"
 xcoef=" 0 1 0 0 0 0"
 ycoef=" 0 0 1 0 0 0">
<Contour name="TB1_NF02_EM" hidden="false" closed="true" simplified="true" border="0 0.501961 1" fill="0 0.501961 1" mode="-9"
 points="31.655 41.832,
	31.7782 41.7551,
	31.8398 41.6935,
	31.9629 41.6165,
	32.2093 41.5857,
	32.3632 41.832,
	32.394 41.9552,
	32.3786 42.0784,
	32.3171 42.1246,
	32.1939 42.1246,
	32.1631 42.1246,
	31.9167 41.9706,
	31.8552 41.9398,
	31.732 41.9552,
	31.6704 41.9398,
	31.655 41.8782,
	31.655 41.8474,
	"/>
</Transform>

<Transform dim="0"
 xcoef=" 0 1 0 0 0 0"
 ycoef=" 0 0 1 0 0 0">
<Contour name="TB1_Shell_EM" hidden="false" closed="true" simplified="true" border="0 1 1" fill="0 1 1" mode="15"
 points="25.3584 24.9109,
	25.7313 22.5242,
	26.5517 20.1375,
	26.9992 18.9442,
	27.1484 18.6458,
	27.2975 18.4967,
	27.3721 18.1983,
	27.5959 17.9,
	27.6704 17.6017,
	28.3417 16.4083,
	29.1621 15.215,
	29.6842 14.6183,
	30.8029 13.7233,
	31.3996 13.2758,
	32.5929 12.6046,
	33.1896 12.3808,
	33.7863 12.0079,
	34.9796 11.5604,
	36.1729 10.9638,
	40.9463 9.39751,
	42.1396 9.02459,
	42.438 8.87542,
	44.8246 8.50251,
	47.2113 8.57709,
	48.4046 8.72626,
	49.598 9.02459,
	50.1946 9.17376,
	50.493 9.24834,
	50.6421 9.39751,
	51.2388 9.62126,
	51.5371 9.84501,
	52.2084 10.9638,
	52.283 12.1571,
	52.283 12.7538,
	52.1338 13.3504,
	52.1338 13.6488,
	51.91 14.2454,
	51.7609 14.5438,
	51.7609 14.6929,
	51.388 15.2896,
	51.1642 15.5879,
	51.1642 15.7371,
	50.7167 16.3338,
	50.7167 16.4829,
	49.1505 18.8696,
	47.808 21.2563,
	47.2113 22.4496,
	46.9875 23.0463,
	46.6146 23.6429,
	46.1671 24.8363,
	45.9434 25.4329,
	45.7196 27.8196,
	45.7942 30.2063,
	46.3163 34.9796,
	46.3909 36.1729,
	46.4655 36.7696,
	46.3163 39.1563,
	46.018 41.543,
	45.7942 42.7363,
	45.5705 43.333,
	45.5705 43.6313,
	45.2721 44.228,
	44.4517 46.6146,
	44.228 47.2113,
	44.228 47.5096,
	44.0042 48.1063,
	43.9296 48.4046,
	43.7059 48.703,
	43.7059 49.0013,
	43.2584 50.1946,
	43.0346 51.388,
	42.96 52.5813,
	42.7363 53.7746,
	42.3634 58.548,
	42.065 60.9346,
	41.9905 61.5313,
	41.7667 62.128,
	41.7667 62.4263,
	40.9463 64.813,
	40.648 65.4096,
	39.6784 66.603,
	39.0817 67.0505,
	38.7834 67.2742,
	38.6342 67.4234,
	38.3359 67.498,
	38.1867 67.6471,
	37.59 67.8709,
	36.9934 68.2438,
	35.8 68.6913,
	33.4134 68.6167,
	32.22 68.393,
	31.0267 67.9455,
	30.5046 67.498,
	30.2063 67.1996,
	29.6096 66.0063,
	29.3113 65.4096,
	27.9688 60.6363,
	27.4467 58.2496,
	27.2229 57.0563,
	26.85 55.863,
	27.3721 51.0896,
	27.8196 48.703,
	28.1179 46.3163,
	28.2671 45.7196,
	28.4909 43.333,
	28.5654 42.1396,
	28.4909 40.9463,
	28.2671 39.753,
	27.8942 38.5596,
	27.745 38.2613,
	27.745 37.963,
	27.0738 35.5763,
	26.9246 35.2779,
	26.9246 34.9796,
	26.5517 33.7863,
	26.3279 33.1896,
	26.1788 32.8913,
	26.1788 32.5929,
	25.8059 31.3996,
	25.4329 29.0129,
	25.3584 26.6263,
	25.3584 25.4329,
	25.3584 25.1346,
	25.3584 24.9854,
	"/>
</Transform>

<Transform dim="0"
 xcoef=" 0 1 0 0 0 0"
 ycoef=" 0 0 1 0 0 0">
<Contour name="TB2_Shell_EM" hidden="false" closed="true" simplified="true" border="0.733333 1 1" fill="0 1 1" mode="9"
 points="96.4881 9.62741,
	96.916 7.91587,
	96.916 7.70193,
	97.1299 7.48799,
	97.1299 7.27405,
	98.5205 5.88342,
	98.9484 5.66948,
	99.1624 5.45553,
	100.018 5.13462,
	100.446 5.02765,
	100.66 4.81371,
	101.516 4.81371,
	102.265 5.34856,
	102.478 6.20433,
	102.265 7.91587,
	101.73 9.62741,
	100.981 10.3762,
	100.553 10.5902,
	100.339 10.5902,
	100.125 10.8041,
	99.9112 10.8041,
	99.0554 11.339,
	98.1996 11.5529,
	97.3438 11.339,
	96.916 11.125,
	96.595 10.6971,
	96.4881 9.84136,
	96.4881 9.73438,
	"/>
</Transform>

<Transform dim="0"
 xcoef=" 0 1 0 0 0 0"
 ycoef=" 0 0 1 0 0 0">
<Contour name="TB1_NF3_RSL" hidden="false" closed="true" simplified="true" border="1 0.501961 0.25098" fill="1 0.501961 0" mode="-9"
 points="32.8446 24.5582,
	32.855 24.5166,
	32.9277 24.4439,
	32.9692 24.4128,
	33.0107 24.4024,
	33.0523 24.4128,
	33.073 24.4336,
	33.1561 24.4647,
	33.2288 24.5374,
	33.2703 24.6205,
	33.2911 24.662,
	33.3119 24.6828,
	33.3119 24.7035,
	33.3638 24.7866,
	33.3846 24.8697,
	33.4053 24.9112,
	33.4053 24.9943,
	33.3949 25.0358,
	33.4053 25.0774,
	33.3742 25.1085,
	33.3119 25.2747,
	33.2807 25.3577,
	33.208 25.4408,
	33.1665 25.4512,
	33.125 25.4823,
	33.0834 25.4927,
	33.0419 25.4823,
	33.0211 25.4616,
	33.0211 25.3785,
	32.8757 25.0462,
	32.855 24.9631,
	32.8446 24.6308,
	32.8446 24.5893,
	32.8446 24.5685,
	"/>
</Transform>

<Transform dim="0"
 xcoef=" 0 1 0 0 0 0"
 ycoef=" 0 0 1 0 0 0">
<Contour name="TB1_NF4_RSL" hidden="false" closed="true" simplified="true" border="1 1 0.501961" fill="1 1 0.501961" mode="-9"
 points="38.1093 24.6412,
	38.1612 24.4751,
	38.2131 24.392,
	38.2962 24.3193,
	38.3273 24.2466,
	38.3273 24.0805,
	38.3066 24.039,
	38.3066 23.9974,
	38.3377 23.9767,
	38.4208 24.0182,
	38.4935 24.0909,
	38.5454 24.257,
	38.5662 24.3401,
	38.6181 24.4128,
	38.6908 24.4959,
	38.7219 24.5166,
	38.7946 24.5997,
	38.8465 24.6828,
	38.8777 24.8489,
	38.8673 25.0151,
	38.8258 25.0981,
	38.7427 25.1293,
	38.6596 25.1293,
	38.3273 24.9839,
	38.3066 24.9839,
	38.2339 24.9008,
	38.1924 24.8593,
	38.1404 24.7762,
	38.1197 24.6932,
	38.1093 24.6516,
	"/>
</Transform>

<Transform dim="0"
 xcoef=" 0 1 0 0 0 0"
 ycoef=" 0 0 1 0 0 0">
<Contour name="TB1_NF5_RSL" hidden="false" closed="true" simplified="true" border="0.501961 1 0.501961" fill="0.501961 1 0.501961" mode="-9"
 points="37.8912 23.9455,
	37.9328 23.9144,
	38.0158 23.904,
	38.0574 23.904,
	38.1404 23.9559,
	38.2235 24.0286,
	38.265 24.0493,
	38.3066 24.0909,
	38.3273 24.1324,
	38.3273 24.2155,
	38.3273 24.257,
	38.3273 24.2778,
	38.2754 24.3505,
	38.2547 24.3712,
	38.1716 24.3816,
	38.13 24.392,
	38.0885 24.3816,
	38.0054 24.3297,
	37.9328 24.2466,
	37.912 24.2051,
	37.9016 24.039,
	37.8912 23.9559,
	"/>
</Transform>

<Transform dim="0"
 xcoef=" 0 1 0 0 0 0"
 ycoef=" 0 0 1 0 0 0">
<Contour name="TB1_NF6_RSL" hidden="false" closed="true" simplified="true" border="1 0.501961 0.501961" fill="1 0.501961 0.501961" mode="-9"
 points="40.4988 11.2619,
	40.5354 11.1449,
	40.6305 11.0352,
	40.7475 10.9255,
	40.9742 10.7646,
	41.0912 10.7134,
	41.1497 10.6841,
	41.1789 10.6695,
	41.2959 10.6549,
	41.4129 10.6549,
	41.5299 10.6841,
	41.5885 10.6988,
	41.7055 10.75,
	41.8225 10.7792,
	41.881 10.8012,
	41.9322 10.8377,
	41.9541 10.867,
	41.9687 10.9255,
	41.9687 11.0425,
	41.9468 11.1595,
	41.9248 11.218,
	41.9102 11.2472,
	41.8517 11.3057,
	41.7932 11.3423,
	41.7786 11.3496,
	41.7493 11.335,
	41.7201 11.3642,
	41.5007 11.5178,
	41.391 11.5983,
	41.3325 11.6421,
	41.3032 11.6641,
	41.0692 11.7518,
	40.8352 11.7518,
	40.7182 11.7372,
	40.6085 11.6714,
	40.5646 11.6129,
	40.5208 11.4959,
	40.4988 11.3789,
	40.4988 11.2692,
	"/>
</Transform>

<Transform dim="0"
 xcoef=" 0 1 0 0 0 0"
 ycoef=" 0 0 1 0 0 0">
<Contour name="TB1_NF6_RSL" hidden="false" closed="true" simplified="true" border="1 0.501961 0.501961" fill="1 0.501961 0.501961" mode="-9"
 points="37.8808 13.4777,
	37.9027 13.4192,
	37.9393 13.368,
	37.9905 13.3168,
	38.2172 13.1925,
	38.3342 13.134,
	38.4512 13.0974,
	38.6852 13.0681,
	38.9192 13.0608,
	38.9777 13.0974,
	38.9997 13.1267,
	39.007 13.1852,
	38.9924 13.2437,
	38.9485 13.3022,
	38.9192 13.3314,
	38.8095 13.4045,
	38.7803 13.4192,
	38.8022 13.4338,
	38.5682 13.5727,
	38.4512 13.6093,
	38.3927 13.6239,
	38.1587 13.6459,
	38.0417 13.6459,
	37.9832 13.6459,
	37.9539 13.6386,
	37.8954 13.5947,
	37.8808 13.5801,
	37.8808 13.5215,
	37.8808 13.4923,
	37.8808 13.485,
	"/>
</Transform>

<Transform dim="0"
 xcoef=" 0 1 0 0 0 0"
 ycoef=" 0 0 1 0 0 0">
<Contour name="TB1_NF6_RSL" hidden="false" closed="true" simplified="true" border="1 0.501961 0.501961" fill="1 0.501961 0.501961" mode="-9"
 points="34.9703 14.5088,
	35.0142 14.3918,
	35.0434 14.3333,
	35.0727 14.304,
	35.1092 14.2528,
	35.2189 14.1358,
	35.2701 14.092,
	35.3213 14.0627,
	35.3798 14.0481,
	35.4383 14.0481,
	35.5553 14.092,
	35.6138 14.1358,
	35.6431 14.1578,
	35.6796 14.209,
	35.7308 14.2675,
	35.7674 14.326,
	35.7747 14.443,
	35.7601 14.5015,
	35.7235 14.56,
	35.7016 14.5892,
	35.5919 14.655,
	35.5334 14.6916,
	35.4164 14.7282,
	35.2994 14.7428,
	35.0653 14.7209,
	35.0361 14.7136,
	35.0215 14.7136,
	34.9922 14.6843,
	34.9703 14.6258,
	34.9703 14.5161,
	"/>
</Transform>

<Transform dim="0"
 xcoef=" 0 1 0 0 0 0"
 ycoef=" 0 0 1 0 0 0">
<Contour name="TB1_NF7_RSL" hidden="false" closed="true" simplified="true" border="1 0.501961 0" fill="1 0.501961 0" mode="-9"
 points="46.5148 8.4268,
	46.5334 8.35239,
	46.5706 8.32449,
	46.5892 8.30588,
	46.738 8.28728,
	46.8125 8.29658,
	46.8311 8.29658,
	46.8776 8.37099,
	46.8869 8.4082,
	46.8776 8.4268,
	46.8962 8.4361,
	46.8404 8.51051,
	46.8311 8.51981,
	46.8031 8.49191,
	46.6543 8.55701,
	46.6171 8.57562,
	46.5799 8.56632,
	46.5427 8.53841,
	46.5148 8.464,
	46.5148 8.4361,
	"/>
</Transform>

<Transform dim="0"
 xcoef=" 0 1 0 0 0 0"
 ycoef=" 0 0 1 0 0 0">
<Contour name="TB1_NF7_RSL" hidden="false" closed="true" simplified="true" border="1 0.501961 0" fill="1 0.501961 0" mode="-9"
 points="35.8092 12.51,
	35.8278 12.5007,
	35.8278 12.4635,
	35.8465 12.4263,
	35.8465 12.4077,
	35.986 12.2682,
	36.1069 12.1472,
	36.172 12.0728,
	36.3208 11.9705,
	36.3952 11.9426,
	36.4138 11.924,
	36.4882 11.8961,
	36.637 11.8682,
	36.7859 11.8217,
	36.8603 11.8031,
	37.0091 11.8124,
	37.0835 11.8403,
	37.1579 11.8961,
	37.1858 11.9333,
	37.1951 12.0821,
	37.1858 12.1193,
	37.1486 12.1565,
	36.9998 12.1937,
	36.9254 12.2123,
	36.7859 12.3054,
	36.7115 12.3705,
	36.6649 12.4449,
	36.6277 12.4821,
	36.4789 12.5751,
	36.4045 12.5937,
	36.2557 12.5937,
	36.1069 12.6123,
	36.0325 12.6216,
	36.0046 12.6309,
	35.9953 12.6495,
	35.9209 12.6402,
	35.8837 12.6216,
	35.8185 12.5472,
	35.8092 12.5193,
	"/>
</Transform>

<Transform dim="0"
 xcoef=" 0 1 0 0 0 0"
 ycoef=" 0 0 1 0 0 0">
<Contour name="TB1_NF8_RSL" hidden="false" closed="true" simplified="true" border="0 0 0.627451" fill="0 0 0.627451" mode="-9"
 points="47.2607 8.40536,
	47.2727 8.3574,
	47.2847 8.33342,
	47.3086 8.31543,
	47.4046 8.29145,
	47.5005 8.27946,
	47.5964 8.27946,
	47.6444 8.28546,
	47.6684 8.29745,
	47.6983 8.34541,
	47.6983 8.39337,
	47.6983 8.41735,
	47.6744 8.46532,
	47.6264 8.51328,
	47.5784 8.53126,
	47.5604 8.54325,
	47.6084 8.54325,
	47.6144 8.54925,
	47.5904 8.56124,
	47.5425 8.56124,
	47.3506 8.59122,
	47.3027 8.58522,
	47.2667 8.4893,
	47.2607 8.44134,
	47.2607 8.41735,
	47.2607 8.41136,
	"/>
</Transform>

<Transform dim="0"
 xcoef=" 0 1 0 0 0 0"
 ycoef=" 0 0 1 0 0 0">
<Contour name="TB1_NF9_RSL" hidden="false" closed="true" simplified="true" border="0.501961 0.501961 0" fill="0.501961 0.501961 0" mode="-9"
 points="38.1945 31.06,
	38.2111 31.0268,
	38.2276 31.0102,
	38.294 31.0019,
	38.3604 31.0434,
	38.377 31.0766,
	38.3687 31.1097,
	38.3521 31.118,
	38.3355 31.1844,
	38.3272 31.201,
	38.2608 31.1595,
	38.2028 31.1014,
	38.1945 31.0683,
	"/>
<Contour name="TB1_NF9_RSL" hidden="false" closed="true" simplified="true" border="0.501961 0.501961 0" fill="0.501961 0.501961 0" mode="-9"
 points="37.9871 30.2718,
	38.0285 30.1391,
	38.0285 30.0064,
	38.0037 29.7409,
	38.012 29.6745,
	38.0368 29.6082,
	38.0368 29.5916,
	38.0534 29.575,
	38.0617 29.5418,
	38.0617 29.5252,
	38.0783 29.5086,
	38.1032 29.4423,
	38.1198 29.4257,
	38.1281 29.3925,
	38.2359 29.268,
	38.3687 29.2432,
	38.5014 29.2432,
	38.6176 29.3676,
	38.6756 29.434,
	38.7171 29.5003,
	38.7171 29.6331,
	38.6756 29.7658,
	38.6507 29.8322,
	38.5346 29.9483,
	38.5014 30.0147,
	38.4848 30.081,
	38.4765 30.1142,
	38.4931 30.1391,
	38.4848 30.1723,
	38.4019 30.2967,
	38.4019 30.3133,
	38.3853 30.3299,
	38.3604 30.3963,
	38.3438 30.4295,
	38.2111 30.5041,
	38.1447 30.4958,
	38.0783 30.4544,
	38.0202 30.388,
	37.9954 30.3216,
	37.9871 30.2884,
	37.9871 30.2801,
	"/>
</Transform>

<Transform dim="0"
 xcoef=" 0 1 0 0 0 0"
 ycoef=" 0 0 1 0 0 0">
<Contour name="TB1_NF13_RSL" hidden="false" closed="true" simplified="true" border="0.25098 0 0.501961" fill="0.25098 0 0.501961" mode="-9"
 points="30.2313 58.4411,
	30.259 58.4202,
	30.3146 58.4133,
	30.3702 58.4202,
	30.4744 58.4966,
	30.5647 58.6078,
	30.5786 58.6356,
	30.6342 58.6911,
	30.6967 58.7953,
	30.7036 59.0176,
	30.7036 59.1288,
	30.6689 59.2399,
	30.648 59.2608,
	30.6203 59.2538,
	30.5161 59.1496,
	30.5022 59.1218,
	30.4535 59.0732,
	30.4327 59.0176,
	30.3841 58.7953,
	30.2799 58.5731,
	30.2313 58.4619,
	30.2313 58.448,
	"/>
<Contour name="TB1_NF13_RSL" hidden="false" closed="true" simplified="true" border="0.25098 0 0.501961" fill="0.25098 0 0.501961" mode="-9"
 points="30.7453 60.6917,
	30.787 60.4695,
	30.8078 60.3583,
	30.9051 60.136,
	30.919 60.1082,
	30.9259 59.9971,
	30.9259 59.9415,
	30.912 59.9137,
	30.912 59.8582,
	30.9329 59.8304,
	30.9606 59.8234,
	30.9745 59.8165,
	31.0509 59.9276,
	31.1135 60.0388,
	31.1274 60.0666,
	31.1274 60.0805,
	31.169 60.136,
	31.2316 60.2472,
	31.3149 60.3583,
	31.4122 60.4695,
	31.5094 60.5667,
	31.558 60.6223,
	31.6275 60.7195,
	31.6692 60.7751,
	31.697 60.8307,
	31.7109 60.8446,
	31.7109 60.8585,
	31.7803 60.9627,
	31.8637 61.0738,
	31.9609 61.1849,
	32.0026 61.2405,
	32.0651 61.3447,
	32.086 61.4559,
	32.079 61.567,
	31.9609 61.7893,
	31.9123 61.824,
	31.8567 61.8379,
	31.829 61.8379,
	31.8012 61.8518,
	31.7456 61.8588,
	31.6345 61.8935,
	31.5233 61.9074,
	31.4122 61.8865,
	31.3566 61.8657,
	31.2454 61.7754,
	31.1551 61.6712,
	31.1135 61.6226,
	31.0509 61.5253,
	31.0371 61.5114,
	31.0162 61.5323,
	30.8634 61.31,
	30.7939 61.1988,
	30.7731 61.1433,
	30.7661 61.0877,
	30.787 60.9766,
	30.787 60.921,
	30.7522 60.8098,
	30.7453 60.6987,
	"/>
</Transform>

<Transform dim="0"
 xcoef=" 0 1 0 0 0 0"
 ycoef=" 0 0 1 0 0 0">
<Contour name="TB1_NF13_RSL" hidden="false" closed="true" simplified="true" border="0.25098 0 0.501961" fill="0.25098 0 0.501961" mode="-9"
 points="39.1784 55.3777,
	39.1992 55.1554,
	39.2062 54.9331,
	39.2895 54.4885,
	39.3104 54.4329,
	39.3451 54.3774,
	39.3868 54.3357,
	39.4701 54.2245,
	39.4979 54.169,
	39.5049 54.1134,
	39.5118 54.0856,
	39.4771 53.9745,
	39.4354 53.9189,
	39.4146 53.8633,
	39.4007 53.8355,
	39.3937 53.78,
	39.4215 53.6688,
	39.4354 53.641,
	39.4701 53.4187,
	39.5257 53.4187,
	39.5535 53.4187,
	39.5743 53.4465,
	39.6368 53.6688,
	39.6646 53.78,
	39.6785 53.8355,
	39.6855 53.9467,
	39.7133 54.0578,
	39.7271 54.1134,
	39.7549 54.169,
	39.7688 54.2245,
	39.7827 54.2523,
	39.7758 54.2662,
	39.748 54.2593,
	39.741 54.2662,
	39.7966 54.3774,
	39.8175 54.4051,
	39.8661 54.5163,
	39.9286 54.6274,
	39.9355 54.6552,
	39.9564 54.683,
	40.0397 54.9053,
	40.0467 54.9331,
	40.1162 55.0373,
	40.1509 55.0929,
	40.1509 55.1067,
	40.1856 55.1623,
	40.3245 55.6069,
	40.3593 55.718,
	40.4218 56.1626,
	40.4357 56.2738,
	40.4357 56.3293,
	40.4149 56.3849,
	40.1926 56.3988,
	39.9703 56.3988,
	39.8591 56.3918,
	39.748 56.3571,
	39.6438 56.2668,
	39.4701 56.0515,
	39.4076 55.9403,
	39.2617 55.718,
	39.227 55.6625,
	39.1923 55.5513,
	39.1784 55.4402,
	39.1784 55.3846,
	"/>
</Transform>

<Transform dim="0"
 xcoef=" 0 1 0 0 0 0"
 ycoef=" 0 0 1 0 0 0">
<Contour name="TB1_AP19_atM01_RSL" hidden="false" closed="true" simplified="true" border="1 0 0" fill="1 0 0" mode="-9"
 points="34.0271 40.7555,
	34.0592 40.7041,
	34.1619 40.672,
	34.2133 40.672,
	34.2646 40.6913,
	34.3096 40.7362,
	34.3224 40.7619,
	34.3224 40.8133,
	34.2967 40.8646,
	34.2839 40.8903,
	34.2582 40.916,
	34.2069 40.9352,
	34.1041 40.916,
	34.0528 40.8839,
	34.0335 40.8325,
	34.0271 40.7812,
	34.0271 40.7619,
	"/>
<Contour name="TB1_AP19_atM01_RSL" hidden="false" closed="true" simplified="true" border="1 0 0" fill="1 0 0" mode="-9"
 points="34.4894 40.7747,
	34.5215 40.672,
	34.5471 40.6207,
	34.6306 40.5179,
	34.8296 40.3574,
	34.9324 40.2804,
	35.0351 40.2483,
	35.0864 40.229,
	35.1892 40.2162,
	35.2405 40.2162,
	35.2855 40.2611,
	35.3047 40.2868,
	35.3176 40.3382,
	35.3176 40.3895,
	35.2855 40.4923,
	35.279 40.5436,
	35.202 40.7491,
	35.1892 40.7747,
	35.1763 40.7683,
	35.1827 40.717,
	35.1892 40.6913,
	35.1827 40.6849,
	35.1185 40.7876,
	35.0287 40.8775,
	34.9259 40.9352,
	34.8232 40.9738,
	34.7718 40.993,
	34.7462 41.0059,
	34.6948 41.0123,
	34.6434 40.9994,
	34.5921 40.9738,
	34.5471 40.9288,
	34.515 40.8839,
	34.4958 40.8325,
	34.4894 40.7812,
	"/>
</Transform>

<Transform dim="0"
 xcoef=" 0 1 0 0 0 0"
 ycoef=" 0 0 1 0 0 0">
<Contour name="TB1_NF18_RSL" hidden="false" closed="true" simplified="true" border="1 0.501961 0.25098" fill="1 0.501961 0.25098" mode="-9"
 points="38.4206 27.777,
	38.4781 27.5929,
	38.5011 27.5468,
	38.6852 27.4433,
	38.8694 27.3857,
	38.9614 27.3627,
	39.0535 27.3973,
	39.203 27.5699,
	39.2376 27.6159,
	39.2836 27.8,
	39.2951 27.9841,
	39.2606 28.0761,
	39.203 28.1682,
	39.203 28.1912,
	39.1225 28.2718,
	38.9384 28.3753,
	38.8463 28.4098,
	38.6622 28.3868,
	38.5702 28.3063,
	38.5242 28.2718,
	38.4781 28.1797,
	38.4206 27.8115,
	38.4206 27.7885,
	"/>
</Transform>

<Transform dim="0"
 xcoef=" 0 1 0 0 0 0"
 ycoef=" 0 0 1 0 0 0">
<Contour name="TB1_AP40_atM07_RSL" hidden="false" closed="true" simplified="true" border="1 0 0" fill="1 0 0" mode="-9"
 points="37.3638 26.4775,
	37.3948 26.3783,
	37.4134 26.3286,
	37.4754 26.2294,
	37.5561 26.1301,
	37.5933 26.0805,
	37.6802 25.8819,
	37.705 25.8323,
	37.736 25.6338,
	37.7608 25.6152,
	37.7732 25.6028,
	37.8229 25.6028,
	37.8477 25.609,
	37.8973 25.6462,
	37.9345 26.0432,
	37.9345 26.0929,
	37.9407 26.1177,
	37.9718 26.1673,
	37.9904 26.1921,
	37.9966 26.2046,
	38.0028 26.3038,
	38.009 26.3286,
	38.0214 26.341,
	38.0152 26.7443,
	38.04 26.8436,
	38.0462 27.0421,
	37.9966 27.0793,
	37.9842 27.0917,
	37.7856 27.0669,
	37.6864 27.0483,
	37.6616 27.0421,
	37.6119 27.0049,
	37.5127 26.9677,
	37.4878 26.9552,
	37.4258 26.856,
	37.3824 26.7567,
	37.3638 26.7071,
	37.3638 26.5086,
	37.3638 26.4837,
	"/>
</Transform>

<Transform dim="0"
 xcoef=" 0 1 0 0 0 0"
 ycoef=" 0 0 1 0 0 0">
<Contour name="TB1_AP40_atM07_RSL" hidden="false" closed="true" simplified="true" border="1 0 0" fill="1 0 0" mode="-9"
 points="38.0214 26.2418,
	38.0462 26.2852,
	"/>
</Transform>

<Transform dim="0"
 xcoef=" 0 1 0 0 0 0"
 ycoef=" 0 0 1 0 0 0">
<Contour name="TB1_NF19_RSL" hidden="false" closed="true" simplified="true" border="0.501961 0.501961 1" fill="0.501961 0.501961 1" mode="-9"
 points="37.851 24.5867,
	37.8572 24.5619,
	37.8572 24.5495,
	37.8758 24.5247,
	37.8882 24.5122,
	37.9378 24.5185,
	37.9502 24.5309,
	37.9751 24.5309,
	38.0743 24.5867,
	38.0929 24.6053,
	38.124 24.7046,
	38.1674 24.8038,
	38.2232 24.9031,
	38.2542 24.9527,
	38.3473 25.0334,
	38.4466 25.0768,
	38.6451 25.0892,
	38.7444 25.0768,
	38.8436 25.052,
	38.8684 25.052,
	38.8809 25.052,
	38.8871 25.0644,
	38.8995 25.0644,
	38.9491 25.1078,
	38.9739 25.1575,
	38.9925 25.1823,
	38.9987 25.2071,
	39.1042 25.4056,
	39.1352 25.5049,
	39.16 25.5545,
	39.1724 25.6042,
	39.2717 25.8027,
	39.3027 25.902,
	39.3089 25.9268,
	39.34 25.9764,
	39.3586 26.0012,
	39.3648 26.0136,
	39.34 26.026,
	39.3462 26.0757,
	39.3462 26.1005,
	39.3772 26.1998,
	39.3958 26.2494,
	39.4144 26.4479,
	39.4144 26.6464,
	39.402 26.7457,
	39.3958 26.7953,
	39.3648 26.8946,
	39.3089 26.9939,
	39.2965 27.0187,
	39.2531 27.0683,
	39.16 27.1366,
	39.1104 27.1614,
	39.0856 27.1738,
	39.0732 27.1862,
	38.8746 27.242,
	38.6761 27.2482,
	38.4776 27.2048,
	38.3783 27.1676,
	38.3287 27.1552,
	38.2294 27.0993,
	38.186 27.0559,
	38.1736 27.0311,
	38.1488 27.0125,
	38.124 27.0063,
	38.0991 26.9815,
	38.0743 26.9318,
	38.0433 26.7333,
	38.0247 26.634,
	38.0309 26.4355,
	38.0185 26.237,
	38.0061 26.1377,
	37.9627 26.0384,
	37.944 25.9888,
	37.9316 25.964,
	37.9316 25.9392,
	37.9192 25.9144,
	37.9068 25.8151,
	37.913 25.7655,
	37.9502 25.6662,
	37.9689 25.5669,
	37.9937 25.1699,
	37.9627 25.0706,
	37.944 25.021,
	37.9378 24.9713,
	37.9254 24.9465,
	37.8882 24.748,
	37.8572 24.6487,
	37.851 24.5991,
	37.851 24.5929,
	"/>
</Transform>

<Transform dim="0"
 xcoef=" 0 1 0 0 0 0"
 ycoef=" 0 0 1 0 0 0">
<Contour name="TB1_NF23_RSL" hidden="false" closed="true" simplified="true" border="0.501961 0 1" fill="0.501961 0 1" mode="-9"
 points="30.9526 33.5852,
	30.9837 33.0867,
	31.0305 32.8374,
	31.046 32.7128,
	31.0928 32.5882,
	31.0928 32.5571,
	31.233 32.3078,
	31.4199 31.8093,
	31.4978 31.6847,
	31.5757 31.4355,
	31.6224 31.3109,
	31.6536 31.2485,
	31.6847 31.2174,
	31.7782 30.9681,
	31.8405 30.8435,
	31.9651 30.345,
	32.0118 30.2204,
	32.0897 30.1114,
	32.2143 30.1737,
	32.2455 30.2983,
	32.2299 30.5476,
	32.2455 30.6722,
	32.3234 30.7968,
	32.339 30.8591,
	32.3701 30.8435,
	32.3857 30.8591,
	32.2455 31.1083,
	32.2143 31.3576,
	32.0897 31.8561,
	32.0274 32.1053,
	31.6847 33.1023,
	31.6224 33.2269,
	31.6068 33.4761,
	31.6068 33.6007,
	31.6536 33.7254,
	31.6691 33.7877,
	31.9184 34.0213,
	31.9495 34.146,
	31.934 34.6444,
	31.9184 34.8937,
	31.9184 35.0183,
	31.8405 35.1429,
	31.7159 35.252,
	31.4666 35.3766,
	31.2174 35.4233,
	31.0928 35.4077,
	30.9681 35.361,
	30.9837 34.8625,
	30.9993 34.6133,
	30.9526 33.6163,
	30.9526 33.6007,
	"/>
</Transform>

<Transform dim="0"
 xcoef=" 0 1 0 0 0 0"
 ycoef=" 0 0 1 0 0 0">
<Contour name="TB1_NF23_RSL" hidden="false" closed="true" simplified="true" border="0.501961 0 1" fill="0.501961 0 1" mode="-9"
 points="31.5757 26.3572,
	31.6224 26.3105,
	32.0742 26.7311,
	32.1676 26.8401,
	32.2299 26.8868,
	32.3234 27.1361,
	32.3234 27.2607,
	32.339 27.323,
	32.3078 27.3386,
	32.2767 27.323,
	32.2455 27.4476,
	32.1209 27.6969,
	31.9807 28.1953,
	31.934 28.4446,
	31.934 28.5069,
	31.9028 28.5536,
	31.8716 28.5225,
	31.8561 28.3979,
	31.9028 28.1486,
	31.9963 27.8994,
	32.043 27.6501,
	32.0586 27.4009,
	32.043 27.2763,
	31.9651 27.1516,
	31.8405 27.027,
	31.747 26.9024,
	31.638 26.6532,
	31.5912 26.5285,
	31.5757 26.4039,
	31.5757 26.3728,
	"/>
</Transform>

<Transform dim="0"
 xcoef=" 0 1 0 0 0 0"
 ycoef=" 0 0 1 0 0 0">
<Contour name="TB1_NF24_RSL" hidden="false" closed="true" simplified="true" border="1 0.501961 1" fill="1 0.501961 1" mode="-9"
 points="38.6438 60.2058,
	38.6692 60.1244,
	38.7201 60.0431,
	38.8421 59.8854,
	38.9235 59.8295,
	38.9438 59.8244,
	38.9642 59.8091,
	39.1269 59.743,
	39.1676 59.7278,
	39.2083 59.7278,
	39.2286 59.7278,
	39.2489 59.7379,
	39.2591 59.7379,
	39.2795 59.7583,
	39.2896 59.7786,
	39.2845 59.86,
	39.2693 59.9413,
	39.2184 60.0227,
	39.1472 60.099,
	39.1167 60.1346,
	39.076 60.1753,
	38.9947 60.2363,
	38.954 60.2617,
	38.9336 60.2719,
	38.9235 60.2821,
	38.9133 60.2821,
	38.893 60.2973,
	38.8116 60.3278,
	38.7709 60.3329,
	38.6896 60.3075,
	38.659 60.2719,
	38.6489 60.2617,
	38.6438 60.221,
	38.6438 60.2109,
	"/>
</Transform>

<Transform dim="0"
 xcoef=" 0 1 0 0 0 0"
 ycoef=" 0 0 1 0 0 0">
<Contour name="TB1_NF27_RSL" hidden="false" closed="true" simplified="true" border="0 0 1" fill="0 0 1" mode="-9"
 points="31.5675 65.421,
	31.5835 65.3784,
	31.6128 65.3384,
	31.6341 65.3171,
	31.6554 65.3011,
	31.6981 65.2851,
	31.7194 65.2772,
	31.7407 65.2798,
	31.762 65.2878,
	31.8046 65.3118,
	31.8153 65.3145,
	31.8579 65.3464,
	31.9005 65.3704,
	31.9405 65.3997,
	31.9565 65.413,
	31.9725 65.4317,
	31.9911 65.4743,
	31.9991 65.4956,
	32.0018 65.5383,
	32.0018 65.5596,
	31.9751 65.6448,
	31.9565 65.6875,
	31.9485 65.7088,
	31.9219 65.7514,
	31.8819 65.7914,
	31.8606 65.8047,
	31.8393 65.8127,
	31.754 65.8047,
	31.7327 65.7994,
	31.6901 65.7674,
	31.6554 65.7301,
	31.6235 65.6875,
	31.6235 65.6821,
	31.6155 65.6715,
	31.6128 65.6608,
	31.6048 65.6502,
	31.6021 65.6395,
	31.5968 65.6342,
	31.5941 65.6235,
	31.6048 65.6022,
	31.5995 65.5916,
	31.5941 65.5862,
	31.5941 65.5809,
	31.5808 65.5596,
	31.5808 65.5543,
	31.5755 65.5489,
	31.5675 65.5063,
	31.5675 65.4237,
	"/>
</Transform>

<Transform dim="0"
 xcoef=" 0 1 0 0 0 0"
 ycoef=" 0 0 1 0 0 0">
<Contour name="TB1_NF28_RSL" hidden="false" closed="true" simplified="true" border="1 0.502 0.502" fill="1 0.502 0.502" mode="-9"
 points="34.4412 66.36,
	34.4848 66.3164,
	34.6591 66.2129,
	34.7027 66.1748,
	34.7354 66.1476,
	34.7572 66.1258,
	34.7735 66.1149,
	34.8607 66.0386,
	34.9478 65.9787,
	35.035 65.9296,
	35.0786 65.9133,
	35.1004 65.9024,
	35.144 65.9078,
	35.1875 65.9296,
	35.1984 65.9405,
	35.2148 65.9841,
	35.2202 66.0713,
	35.1385 66.2456,
	35.1222 66.2892,
	35.0677 66.3764,
	35.035 66.4199,
	34.9914 66.4635,
	34.9696 66.4853,
	34.8825 66.5126,
	34.7953 66.518,
	34.7081 66.5126,
	34.5338 66.4526,
	34.4466 66.4036,
	34.4412 66.3655,
	"/>
</Transform>

<Transform dim="0"
 xcoef=" 0 1 0 0 0 0"
 ycoef=" 0 0 1 0 0 0">
<Contour name="TB1_NF29_RSL" hidden="false" closed="true" simplified="true" border="1 0 1" fill="1 0 1" mode="-9"
 points="31.5839 63.0385,
	31.5975 62.9841,
	31.6179 62.9569,
	31.6179 62.9433,
	31.7063 62.8413,
	31.8082 62.753,
	31.8626 62.7258,
	31.8898 62.7258,
	31.9442 62.7054,
	32.1618 62.6986,
	32.2706 62.7258,
	32.325 62.7801,
	32.3658 62.8345,
	32.393 62.8889,
	32.4066 62.9977,
	32.4066 63.0521,
	32.3726 63.1609,
	32.3114 63.2629,
	32.2842 63.2901,
	32.2706 63.3105,
	32.2162 63.3581,
	32.1618 63.3921,
	32.053 63.4329,
	31.9986 63.4465,
	31.9442 63.4397,
	31.917 63.4397,
	31.8626 63.4057,
	31.8422 63.3853,
	31.8082 63.3785,
	31.7946 63.3649,
	31.781 63.3649,
	31.7267 63.3173,
	31.6383 63.2221,
	31.5907 63.1133,
	31.5839 63.0589,
	31.5839 63.0453,
	"/>
</Transform>

<Transform dim="0"
 xcoef=" 0 1 0 0 0 0"
 ycoef=" 0 0 1 0 0 0">
<Contour name="TB1_NF41_RSL" hidden="false" closed="true" simplified="true" border="1 0.501961 0.752941" fill="1 0.501961 0.752941" mode="-9"
 points="31.7819 24.4021,
	31.8411 24.1655,
	31.8707 24.0472,
	31.9002 23.988,
	32.0185 23.9437,
	32.0777 23.9437,
	32.1221 24.0028,
	32.2404 24.0472,
	32.2995 24.062,
	32.4918 24.2838,
	32.5362 24.4021,
	32.551 24.6387,
	32.5066 24.8754,
	32.4326 25.112,
	32.3735 25.1416,
	32.1369 25.1416,
	32.0185 25.112,
	31.9002 25.0233,
	31.8559 24.9641,
	31.8263 24.8458,
	31.8411 24.6092,
	31.7967 24.4909,
	31.7819 24.4317,
	31.7819 24.4169,
	"/>
</Transform>

<Transform dim="0"
 xcoef=" 0 1 0 0 0 0"
 ycoef=" 0 0 1 0 0 0">
<Contour name="TB1_NF26_RSL" hidden="false" closed="true" simplified="true" border="0.25098 0 0.501961" fill="0.25098 0 0.501961" mode="-9"
 points="31.7353 27.3931,
	31.7532 27.3574,
	31.771 27.3395,
	31.914 27.3663,
	31.9854 27.4021,
	32.0123 27.4289,
	32.0212 27.4646,
	32.0033 27.5003,
	32.0033 27.5182,
	31.9676 27.545,
	31.9586 27.5629,
	31.8157 27.5807,
	31.7621 27.5182,
	31.7442 27.4467,
	31.7353 27.411,
	31.7353 27.4021,
	"/>
</Transform>

<Transform dim="0"
 xcoef=" 0 1 0 0 0 0"
 ycoef=" 0 0 1 0 0 0">
<Contour name="TB1_NF45_RSL" hidden="false" closed="true" simplified="true" border="0.501961 0 1" fill="0.501961 0 1" mode="-9"
 points="38.1707 39.7994,
	38.1792 39.7657,
	38.196 39.7321,
	38.2086 39.7152,
	38.2086 39.7068,
	38.2339 39.6732,
	38.3012 39.6058,
	38.3349 39.5764,
	38.3475 39.5595,
	38.3812 39.5427,
	38.4148 39.5427,
	38.4232 39.5427,
	38.4569 39.5722,
	38.4737 39.5848,
	38.478 39.6016,
	38.499 39.6353,
	38.5537 39.7699,
	38.579 39.8373,
	38.5874 39.871,
	38.5958 39.8541,
	38.5916 39.8457,
	38.5958 39.8373,
	38.6084 39.8499,
	38.6 40.1193,
	38.5832 40.1866,
	38.5663 40.2203,
	38.5369 40.2497,
	38.52 40.2581,
	38.4864 40.2539,
	38.419 40.2287,
	38.4022 40.2203,
	38.398 40.2118,
	38.3896 40.2118,
	38.3264 40.1613,
	38.2717 40.0982,
	38.2297 40.0309,
	38.2002 39.9635,
	38.1792 39.8962,
	38.1707 39.8289,
	38.1707 39.812,
	38.1707 39.8036,
	"/>
</Transform>

<Transform dim="0"
 xcoef=" 0 1 0 0 0 0"
 ycoef=" 0 0 1 0 0 0">
<Contour name="TB1_NF47_RSL" hidden="false" closed="true" simplified="true" border="1 0 0.502" fill="1 0 0.502" mode="-9"
 points="29.3267 45.6874,
	29.3589 45.6014,
	29.3804 45.5585,
	29.5308 45.4081,
	29.606 45.3329,
	29.6383 45.2899,
	29.7027 45.118,
	29.7242 45.0321,
	29.692 44.8602,
	29.6812 44.7743,
	29.692 44.6883,
	29.7134 44.6454,
	29.7994 44.6346,
	29.9713 44.6883,
	30.0572 44.742,
	30.1539 44.9139,
	30.2291 45.0858,
	30.3258 45.4296,
	30.401 45.7733,
	30.4439 45.9452,
	30.4439 46.0311,
	30.401 46.1171,
	30.315 46.1708,
	30.2291 46.1923,
	30.1431 46.1923,
	30.1002 46.1923,
	29.9283 46.1278,
	29.5845 46.0848,
	29.5953 46.0634,
	29.5093 46.0311,
	29.4664 46.0204,
	29.3804 45.9452,
	29.3375 45.8593,
	29.3267 45.6981,
	"/>
</Transform>

<Transform dim="0"
 xcoef=" 0 1 0 0 0 0"
 ycoef=" 0 0 1 0 0 0">
<Contour name="TB1_NF46_RSL" hidden="false" closed="true" simplified="true" border="0 0 0.501961" fill="0 0.25098 0.25098" mode="-9"
 points="43.2968 35.8518,
	43.3161 35.7745,
	43.3742 35.6971,
	43.5289 35.6778,
	43.6062 35.6778,
	43.7609 35.7745,
	43.8383 35.8132,
	43.9543 35.9679,
	44.0316 36.1226,
	44.0316 36.1999,
	44.0896 36.3546,
	44.109 36.432,
	44.1283 36.4126,
	44.1477 36.49,
	44.0896 37.1088,
	44.0896 37.2635,
	44.1477 37.5729,
	44.0896 37.7276,
	44.0316 37.7856,
	43.9543 37.8049,
	43.8769 37.7856,
	43.7222 37.6696,
	43.6642 37.5922,
	43.6255 37.4375,
	43.6062 37.3602,
	43.5482 37.3022,
	43.4322 36.6834,
	43.3548 36.374,
	43.3161 36.0646,
	43.2968 35.9099,
	43.2968 35.8712,
	"/>
<Contour name="TB1_NF46_RSL" hidden="false" closed="true" simplified="true" border="0 0 0.501961" fill="0 0.25098 0.25098" mode="-9"
 points="39.5647 49.9683,
	39.584 49.8909,
	39.7 49.7362,
	39.8547 49.6202,
	40.1641 49.5042,
	40.3188 49.5042,
	40.4735 49.5428,
	40.5702 49.6975,
	40.6089 49.7749,
	40.5702 50.0843,
	40.6089 50.065,
	40.6282 50.0843,
	40.5122 50.239,
	40.4542 50.3163,
	40.4348 50.3357,
	40.4155 50.297,
	40.4542 50.2583,
	40.4348 50.239,
	40.1448 50.4904,
	39.9901 50.4904,
	39.6807 50.3937,
	39.584 50.2583,
	39.5647 50.1036,
	39.5647 50.0263,
	39.5647 49.9876,
	"/>
</Transform>

<Transform dim="0"
 xcoef=" 0 1 0 0 0 0"
 ycoef=" 0 0 1 0 0 0">
<Contour name="TB1_NF46_RSL" hidden="false" closed="true" simplified="true" border="0 0 0.501961" fill="0 0.25098 0.25098" mode="-9"
 points="37.6116 49.8716,
	37.6696 49.7169,
	37.8049 49.5622,
	37.9596 49.5428,
	38.1143 49.5622,
	38.1917 49.6008,
	38.7912 50.181,
	38.8298 50.2197,
	38.8298 50.3744,
	38.9072 50.3744,
	38.9265 50.3937,
	38.7912 50.4517,
	38.7138 50.5291,
	38.6365 50.5677,
	38.4818 50.5677,
	38.1723 50.4904,
	37.8629 50.3744,
	37.7082 50.239,
	37.6116 49.9296,
	37.6116 49.8909,
	"/>
</Transform>

<Transform dim="0"
 xcoef=" 0 1 0 0 0 0"
 ycoef=" 0 0 1 0 0 0">
<Contour name="TB1_NF48_RSL" hidden="false" closed="true" simplified="true" border="0.501961 0.25098 0" fill="0.501961 0.25098 0" mode="-9"
 points="30.7201 36.9993,
	30.7451 36.8992,
	30.7827 36.799,
	30.789 36.6988,
	30.8077 36.5987,
	30.814 36.5736,
	30.9079 36.4797,
	30.958 36.4484,
	31.0582 36.4296,
	31.2585 36.4672,
	31.2835 36.4797,
	31.2961 36.4797,
	31.39 36.5486,
	31.4588 36.6488,
	31.4714 36.6613,
	31.4776 36.6863,
	31.534 36.7865,
	31.5527 36.8366,
	31.5903 36.8867,
	31.6091 36.9367,
	31.6153 36.9493,
	31.6279 36.9493,
	31.6341 37.0494,
	31.6279 37.1496,
	31.6279 37.1746,
	31.559 37.2748,
	31.5152 37.3186,
	31.4901 37.3437,
	31.4651 37.3562,
	31.415 37.4,
	31.39 37.4188,
	31.2898 37.4251,
	31.1896 37.4188,
	30.9893 37.3374,
	30.9392 37.3124,
	30.9142 37.3061,
	30.814 37.231,
	30.7451 37.1308,
	30.7201 37.0306,
	30.7201 37.0056,
	"/>
</Transform>

<Transform dim="0"
 xcoef=" 0 1 0 0 0 0"
 ycoef=" 0 0 1 0 0 0">
<Contour name="TB1_NF26_RSL" hidden="false" closed="true" simplified="true" border="0.25098 0 0.501961" fill="0.25098 0 0.501961" mode="-9"
 points="31.2555 14.4505,
	31.3084 14.2626,
	31.3084 14.2391,
	31.3553 14.1451,
	31.4317 14.0512,
	31.6078 13.8692,
	31.7018 13.8046,
	31.7781 13.7106,
	31.8075 13.6636,
	31.8486 13.6167,
	31.8721 13.5991,
	31.8838 13.5873,
	31.9308 13.5756,
	32.1187 13.5814,
	32.1422 13.5932,
	32.1539 13.5932,
	32.2009 13.6225,
	32.2244 13.6402,
	32.2361 13.6519,
	32.2479 13.6519,
	32.2948 13.693,
	32.3301 13.74,
	32.3712 13.8339,
	32.4005 13.8809,
	32.4416 13.9279,
	32.4945 14.0218,
	32.518 14.0688,
	32.5238 14.0923,
	32.5356 14.104,
	32.5649 14.2919,
	32.5825 14.4798,
	32.5825 14.5268,
	32.5708 14.5738,
	32.5649 14.5973,
	32.5121 14.6912,
	32.4769 14.7852,
	32.4651 14.8086,
	32.4534 14.8204,
	32.471 14.8263,
	32.4769 14.8321,
	32.289 15.0024,
	32.242 15.0494,
	32.2185 15.067,
	32.2067 15.0787,
	32.1128 15.0787,
	31.9249 15.0611,
	31.831 15.0494,
	31.737 15.0259,
	31.6431 14.9907,
	31.5491 14.9085,
	31.508 14.8615,
	31.4669 14.8263,
	31.373 14.7382,
	31.3319 14.6912,
	31.3084 14.6736,
	31.2849 14.6266,
	31.2731 14.6031,
	31.2731 14.5796,
	31.2555 14.5327,
	31.2555 14.4857,
	31.2555 14.4622,
	31.2555 14.4563,
	"/>
</Transform>

<Transform dim="0"
 xcoef=" 0 1 0 0 0 0"
 ycoef=" 0 0 1 0 0 0">
<Contour name="TB1_NF52_RSL" hidden="false" closed="true" simplified="true" border="0.501961 0 0" fill="0.501961 0 0" mode="-9"
 points="32.8951 22.387,
	32.947 22.2685,
	33.0062 22.2166,
	33.1248 22.1573,
	33.1841 22.1351,
	33.3027 22.1351,
	33.3619 22.1425,
	33.4657 22.224,
	33.5843 22.3055,
	33.6435 22.35,
	33.6584 22.3796,
	33.6658 22.3944,
	33.6584 22.4241,
	33.6658 22.5427,
	33.6435 22.6612,
	33.6065 22.7798,
	33.5694 22.8317,
	33.5102 22.8687,
	33.4509 22.8761,
	33.4212 22.8835,
	33.3619 22.8687,
	33.2434 22.8094,
	33.1248 22.7353,
	33.0952 22.7205,
	32.9766 22.6242,
	32.9247 22.5649,
	32.9025 22.5056,
	32.8951 22.3944,
	"/>
</Transform>

<Transform dim="0"
 xcoef=" 0 1 0 0 0 0"
 ycoef=" 0 0 1 0 0 0">
<Contour name="TB1_AP64_RSL" hidden="false" closed="true" simplified="true" border="1 1 0" fill="1 1 0" mode="9"
 points="28.505 22.0078,
	28.5424 21.6091,
	28.667 20.8117,
	28.7542 20.0144,
	28.804 19.217,
	28.8165 19.0177,
	28.7916 18.619,
	28.7417 18.2203,
	28.7293 18.021,
	28.6919 17.8216,
	28.6794 17.4229,
	28.6171 17.0242,
	28.5922 16.8249,
	28.5922 16.7252,
	28.5922 16.6754,
	28.6171 16.6256,
	28.667 16.5882,
	28.7666 16.5757,
	29.1653 16.6256,
	29.3647 16.638,
	29.564 16.6256,
	29.7633 16.5882,
	29.9627 16.5259,
	30.0624 16.4885,
	30.461 16.2518,
	30.5109 16.2269,
	30.6853 16.0275,
	30.8348 15.8282,
	31.0217 15.4295,
	31.0964 15.2302,
	31.1587 14.8315,
	31.1712 14.7817,
	31.1712 14.7692,
	31.2086 14.7567,
	31.6072 15.0184,
	31.8066 15.1679,
	31.9063 15.1928,
	31.9561 15.2053,
	32.0558 15.1803,
	32.1554 15.1181,
	32.2053 15.0931,
	32.2302 15.0682,
	32.2551 15.0682,
	32.3548 15.0059,
	32.4046 14.9561,
	32.4295 14.9187,
	32.5167 14.6072,
	32.579 14.4204,
	32.604 14.3207,
	32.7908 13.922,
	32.8531 13.7227,
	32.9403 13.5233,
	32.9902 13.4735,
	33.0898 13.4486,
	33.1895 13.4735,
	33.3889 13.5981,
	33.4885 13.6853,
	33.5882 13.7227,
	33.638 13.7351,
	33.7377 13.6977,
	33.8997 13.5109,
	33.9993 13.4361,
	34.1987 13.4237,
	34.2485 13.4361,
	34.4354 13.5856,
	34.4852 13.785,
	34.5351 14.1836,
	34.5724 14.383,
	34.56 14.4827,
	34.4852 14.682,
	34.3856 14.8813,
	34.0616 15.28,
	33.8872 15.442,
	33.8249 15.5416,
	33.7252 15.6413,
	33.7003 15.6413,
	33.6007 15.7036,
	33.501 15.741,
	33.4511 15.7784,
	33.4013 15.7908,
	33.0026 16.0649,
	32.8033 16.1895,
	32.604 16.2518,
	32.5043 16.2767,
	32.1056 16.2892,
	32.0059 16.3016,
	31.6072 16.501,
	31.5076 16.5757,
	31.3207 16.7751,
	31.0092 17.1738,
	30.8971 17.3731,
	30.7351 17.5724,
	30.5358 17.7344,
	30.3614 17.9337,
	30.324 18.0334,
	30.324 18.2328,
	30.3364 18.3324,
	30.324 18.5318,
	30.2617 18.9304,
	30.2243 19.1298,
	30.2243 19.2295,
	30.1122 19.6281,
	30.1122 19.678,
	29.726 20.4753,
	29.6138 20.874,
	29.5889 20.9737,
	29.2525 21.7711,
	29.2276 21.9704,
	29.2401 22.0701,
	29.2152 22.2694,
	29.1529 22.4687,
	29.0656 22.6681,
	29.0407 22.7179,
	28.9909 22.7553,
	28.9411 22.7678,
	28.7417 22.7179,
	28.642 22.6556,
	28.5424 22.4563,
	28.505 22.2569,
	28.505 22.0576,
	28.505 22.0202,
	"/>
<Contour name="TB1_AP64_RSL" hidden="false" closed="true" simplified="true" border="1 1 0" fill="1 1 0" mode="9"
 points="32.143 15.0807,
	32.143 15.1056,
	"/>
</Transform>

<Transform dim="0"
 xcoef=" 0 1 0 0 0 0"
 ycoef=" 0 0 1 0 0 0">
<Contour name="TB1_AP64_RSL" hidden="false" closed="true" simplified="true" border="1 1 0" fill="1 1 0" mode="9"
 points="28.6465 48.2912,
	28.676 48.2125,
	28.794 48.0552,
	28.8727 47.9765,
	28.8924 47.9568,
	28.9121 47.9863,
	28.9416 47.947,
	28.9612 47.9273,
	28.9907 47.7699,
	28.9907 47.4552,
	28.9514 47.1405,
	28.9612 46.8258,
	28.9711 46.6684,
	29.0596 46.3537,
	29.0793 46.275,
	29.0793 46.1963,
	29.1481 45.8816,
	29.2563 45.5669,
	29.276 45.4882,
	29.3055 45.4489,
	29.3448 45.4292,
	29.3645 45.4686,
	29.3645 45.6259,
	29.3448 45.7833,
	29.3546 45.9406,
	29.3743 45.98,
	29.4136 46.0193,
	29.4136 46.039,
	29.4923 46.1177,
	29.571 46.1472,
	29.7284 46.1668,
	30.0431 46.2357,
	30.2004 46.2259,
	30.2791 46.216,
	30.3578 46.2259,
	30.3873 46.2554,
	30.3775 46.334,
	30.289 46.4914,
	30.1808 46.6488,
	30.1021 46.7274,
	30.0234 46.7766,
	29.9447 46.8455,
	29.8857 46.9241,
	29.8562 47.0028,
	29.8562 47.0815,
	29.9841 47.3962,
	30.0333 47.7109,
	30.0529 48.0257,
	30.0628 48.1043,
	30.0628 48.1437,
	30.1513 48.301,
	30.23 48.3699,
	30.3086 48.4191,
	30.4562 48.5666,
	30.5348 48.7239,
	30.5545 48.8026,
	30.5742 48.842,
	30.584 48.9993,
	30.5938 49.078,
	30.6627 49.1075,
	30.6922 49.1862,
	30.6725 49.3435,
	30.6627 49.4222,
	30.6627 49.4616,
	30.702 49.5402,
	30.8496 49.6976,
	30.9282 49.7665,
	30.9577 49.796,
	30.9872 49.9533,
	30.9577 50.1107,
	30.8889 50.268,
	30.8692 50.3074,
	30.8594 50.327,
	30.9282 50.4844,
	30.9381 50.6418,
	30.9282 50.7991,
	30.9872 50.9565,
	31.1446 51.2712,
	31.1938 51.3499,
	31.2135 51.4286,
	31.2036 51.5072,
	31.0561 51.822,
	31.0364 51.9006,
	31.0168 51.94,
	30.9971 52.0973,
	31.0266 52.176,
	31.0463 52.2154,
	31.1741 52.3727,
	31.3315 52.6874,
	31.3708 52.7661,
	31.3905 52.8055,
	31.4397 53.1202,
	31.4495 53.7496,
	31.4397 53.907,
	31.4397 53.9857,
	31.4397 54.025,
	31.361 54.1824,
	31.2233 54.3397,
	31.1839 54.4184,
	31.1741 54.4971,
	31.2135 54.5758,
	31.2921 54.6446,
	31.3905 54.802,
	31.4692 54.9593,
	31.5085 55.2741,
	31.5282 55.4314,
	31.5675 55.5888,
	31.5675 55.6675,
	31.5675 55.6773,
	31.5577 55.7068,
	31.243 55.8445,
	31.0856 55.8937,
	30.9282 55.9232,
	30.8496 55.9428,
	30.8102 55.9428,
	30.7315 55.8937,
	30.6725 55.8248,
	30.6037 55.6675,
	30.5742 55.5888,
	30.5053 55.5199,
	30.4758 55.4806,
	30.4562 55.4609,
	30.3775 55.4609,
	30.2988 55.4806,
	30.1414 55.5691,
	29.9841 55.6379,
	29.9054 55.6478,
	29.748 55.5986,
	29.6694 55.5298,
	29.6005 55.3724,
	29.5612 55.215,
	29.5218 54.9003,
	29.4923 54.743,
	29.4825 54.5856,
	29.4235 54.2709,
	29.3841 54.1135,
	29.3645 54.0348,
	29.3448 53.9955,
	29.2169 53.3661,
	29.1678 53.2087,
	29.1383 53.13,
	29.1088 53.0907,
	29.0989 53.071,
	29.0793 53.012,
	29.1088 52.8546,
	29.1284 52.5399,
	29.1186 51.9105,
	29.1088 51.7531,
	29.0793 51.5958,
	29.0793 51.5171,
	28.9121 50.8876,
	28.8432 50.5729,
	28.8137 50.4156,
	28.8334 50.1008,
	28.8334 49.7861,
	28.7842 49.4714,
	28.7055 49.1567,
	28.6859 49.078,
	28.6859 48.9993,
	28.7055 48.9797,
	28.6957 48.901,
	28.7055 48.8223,
	28.6662 48.6649,
	28.6564 48.5863,
	28.6662 48.5076,
	28.6465 48.4289,
	28.6465 48.3502,
	28.6465 48.3109,
	28.6465 48.301,
	"/>
</Transform>

<Transform dim="0"
 xcoef=" 0 1 0 0 0 0"
 ycoef=" 0 0 1 0 0 0">
<Contour name="TB1_NF55_RSL" hidden="false" closed="true" simplified="true" border="0.501961 0 0" fill="0.501961 0 0" mode="-9"
 points="32.6278 9.46748,
	32.641 9.39706,
	32.663 9.32664,
	32.685 9.29142,
	32.6982 9.27382,
	32.6982 9.26502,
	32.8171 9.12857,
	32.8831 9.07135,
	32.9491 9.02294,
	32.9843 9.00533,
	33.1252 8.97452,
	33.266 8.92611,
	33.3364 8.8953,
	33.3717 8.88209,
	33.5125 8.86889,
	33.5829 8.87769,
	33.6181 8.88649,
	33.6269 8.88649,
	33.6446 8.8997,
	33.6622 8.9041,
	33.6974 8.93491,
	33.7282 8.95692,
	33.7458 8.97452,
	33.7634 9.00973,
	33.7766 9.08016,
	33.7766 9.15058,
	33.7634 9.221,
	33.737 9.29142,
	33.7238 9.32664,
	33.7194 9.34424,
	33.7106 9.35304,
	33.6798 9.42347,
	33.6534 9.45868,
	33.6181 9.49389,
	33.5829 9.5203,
	33.5741 9.5291,
	33.5653 9.5291,
	33.5301 9.55551,
	33.5125 9.56431,
	33.5081 9.55551,
	33.4993 9.55551,
	33.3585 9.64354,
	33.3409 9.65234,
	33.3364 9.66114,
	33.3012 9.66995,
	33.2836 9.67875,
	33.0019 9.70516,
	32.8611 9.69195,
	32.7907 9.66995,
	32.7555 9.66555,
	32.685 9.63474,
	32.6498 9.61273,
	32.641 9.60833,
	32.6278 9.5379,
	32.6278 9.47188,
	"/>
</Transform>

<Transform dim="0"
 xcoef=" 0 1 0 0 0 0"
 ycoef=" 0 0 1 0 0 0">
<Contour name="TB1_NF57_RSL" hidden="false" closed="true" simplified="true" border="1 1 0.501961" fill="1 1 0.501961" mode="-9"
 points="43.047 10.1726,
	43.0749 10.1447,
	43.298 10.082,
	43.3538 10.0541,
	43.4096 10.0122,
	43.4235 9.99829,
	43.5351 9.96342,
	43.5908 9.94948,
	43.6466 9.94948,
	43.7582 9.99131,
	43.7861 10.0192,
	43.814 10.0331,
	43.8279 10.0889,
	43.807 10.2005,
	43.793 10.2563,
	43.7512 10.312,
	43.6954 10.3608,
	43.6397 10.3818,
	43.6118 10.3957,
	43.3887 10.4166,
	43.2771 10.4236,
	43.1655 10.4166,
	43.1377 10.4097,
	43.1237 10.4097,
	43.0958 10.3818,
	43.061 10.2702,
	43.047 10.2144,
	43.047 10.1865,
	43.047 10.1796,
	"/>
</Transform>

<Transform dim="0"
 xcoef=" 0 1 0 0 0 0"
 ycoef=" 0 0 1 0 0 0">
<Contour name="TB1_AP59_RSL" hidden="false" closed="true" simplified="true" border="0 0.502 0" fill="0 0.502 0" mode="9"
 points="30.3446 40.5539,
	30.4256 40.2298,
	30.456 40.1488,
	30.5471 39.9868,
	30.6484 39.6627,
	30.7193 39.3385,
	30.7193 39.0144,
	30.7193 38.8524,
	30.7902 38.5283,
	30.9016 38.2042,
	30.9117 37.8801,
	30.9016 37.8395,
	30.8307 37.7585,
	30.6687 37.6572,
	30.5167 37.4952,
	30.4155 37.3331,
	30.4458 37.3129,
	30.5269 37.3331,
	30.6079 37.3939,
	30.7193 37.556,
	30.8003 37.6167,
	30.8814 37.6471,
	30.9219 37.637,
	30.9421 37.6269,
	30.932 37.5458,
	30.7801 37.4547,
	30.6687 37.2926,
	30.6282 37.2116,
	30.6079 37.0495,
	30.6079 36.8875,
	30.6383 36.5634,
	30.6484 36.4823,
	30.6383 36.4418,
	30.5573 36.4013,
	30.4762 36.3203,
	30.4256 36.2393,
	30.4053 36.1582,
	30.456 35.8341,
	30.4864 35.6721,
	30.5269 35.5911,
	30.6282 35.2669,
	30.618 35.2264,
	30.6788 35.1454,
	30.7902 34.8213,
	30.7902 34.6592,
	30.7598 34.4972,
	30.7294 33.849,
	30.7294 33.2008,
	30.7396 32.8767,
	30.7598 32.8361,
	30.9219 32.6943,
	31.0839 32.5323,
	31.1143 32.4918,
	31.165 32.3297,
	31.1751 32.2487,
	31.1953 32.2082,
	31.2055 32.1272,
	31.2561 31.9651,
	31.3169 31.641,
	31.3473 31.56,
	31.3574 31.5195,
	31.408 31.4384,
	31.4688 31.2764,
	31.5498 30.9523,
	31.5701 30.6282,
	31.6005 30.4661,
	31.6207 30.3851,
	31.6309 30.3446,
	31.6309 30.3243,
	31.7929 30.304,
	31.8334 30.2939,
	31.8841 30.2129,
	31.9246 30.0508,
	31.9448 29.8888,
	31.9651 29.8078,
	31.9651 29.7672,
	32.0765 29.4431,
	32.117 29.119,
	32.1778 28.957,
	32.4006 28.6329,
	32.4816 28.562,
	32.5019 28.5417,
	32.664 28.5316,
	32.745 28.5417,
	32.7855 28.5518,
	32.8665 28.6126,
	32.9172 28.6936,
	32.9273 28.7342,
	32.9577 28.7747,
	33.0488 29.0988,
	32.9678 29.4229,
	32.9374 29.5849,
	32.8361 29.747,
	32.6741 29.8483,
	32.5931 29.8888,
	32.5323 29.9698,
	32.5019 30.0508,
	32.4816 30.0914,
	32.4816 30.1319,
	32.4614 30.1724,
	32.431 30.4965,
	32.3905 30.6585,
	32.3804 30.7396,
	32.431 30.9016,
	32.4513 30.9826,
	32.431 31.1447,
	32.3702 31.3068,
	32.3398 31.4688,
	32.3398 31.6309,
	32.4107 31.955,
	32.4715 32.117,
	32.5019 32.1981,
	32.5323 32.3601,
	32.5323 32.4006,
	32.6437 32.7247,
	32.6943 32.8868,
	32.7247 32.9678,
	32.745 33.1299,
	32.7247 33.2919,
	32.7652 33.3729,
	32.8058 33.3932,
	32.8463 33.3831,
	32.8665 33.302,
	32.8463 33.14,
	32.8058 32.9779,
	32.7754 32.8969,
	32.7551 32.7349,
	32.7652 32.6943,
	32.7652 32.6741,
	32.8463 32.6741,
	32.9475 32.8361,
	33.0083 32.9982,
	33.0184 33.0387,
	33.0286 33.059,
	33.0488 33.059,
	33.1096 32.9779,
	33.1299 32.9678,
	33.1704 32.9881,
	33.2008 33.0691,
	33.2109 33.1096,
	33.1906 33.2717,
	33.2109 33.4337,
	33.302 33.5958,
	33.3122 33.6363,
	33.2919 33.6768,
	33.2109 33.7072,
	33.0488 33.7173,
	33.0184 33.7477,
	33.0083 33.8287,
	32.9374 33.9908,
	32.9273 34.1528,
	32.9374 34.2339,
	32.9982 34.3959,
	33.0286 34.4769,
	33.0792 34.558,
	33.1096 34.639,
	33.1096 34.6795,
	33.616 35.9759,
	33.8794 36.6241,
	33.9401 36.7862,
	34.0313 36.9483,
	34.1427 37.2724,
	34.2136 37.4344,
	34.2136 37.4547,
	34.244 37.4952,
	34.2541 37.5357,
	34.3047 37.6167,
	34.3149 37.6572,
	34.3351 37.6775,
	34.3351 37.6977,
	34.3655 37.7383,
	34.4769 38.0624,
	34.5073 38.1434,
	34.6187 38.3055,
	34.7504 38.4574,
	34.8314 38.5283,
	34.9125 38.5688,
	35.2366 38.8423,
	35.3986 38.9942,
	35.6214 39.3183,
	35.7328 39.4803,
	35.8848 39.6323,
	35.9658 39.693,
	36.2697 40.007,
	36.3304 40.088,
	36.3405 40.1286,
	36.3608 40.1488,
	36.3608 40.1691,
	36.4114 40.2501,
	36.4722 40.4121,
	36.4823 40.5742,
	36.4621 40.6552,
	36.4925 40.9793,
	36.4621 41.0199,
	36.4418 41.03,
	36.3811 40.949,
	36.3608 40.9084,
	36.3811 40.5843,
	36.3507 40.4223,
	36.3203 40.3413,
	36.1684 40.1792,
	36.0063 40.0475,
	35.9253 39.9665,
	35.9152 39.9462,
	35.8341 39.9159,
	35.7936 39.8855,
	35.7531 39.8753,
	35.7126 39.845,
	35.6721 39.8348,
	35.6518 39.8146,
	35.4898 39.7741,
	35.4493 39.7639,
	35.4493 39.7437,
	35.3176 39.5816,
	35.2467 39.5006,
	35.1657 39.45,
	35.1251 39.4297,
	35.1049 39.4094,
	35.0644 39.3993,
	35.0239 39.3588,
	35.0036 39.1967,
	34.9833 39.1157,
	34.9631 39.0752,
	34.9631 39.0549,
	34.8719 38.8929,
	34.8416 38.8119,
	34.7909 38.741,
	34.6289 38.6802,
	34.5478 38.6498,
	34.3858 38.6498,
	34.3047 38.6194,
	34.2642 38.6093,
	34.1832 38.6397,
	34.1427 38.6599,
	33.9806 38.6296,
	33.8996 38.6296,
	33.8591 38.6498,
	33.8287 38.7308,
	33.8085 38.741,
	33.7679 38.7207,
	33.7477 38.7106,
	33.6667 38.7714,
	33.616 38.8524,
	33.5958 38.8726,
	33.5553 38.8625,
	33.4742 38.8929,
	33.4337 38.9739,
	33.4236 39.0549,
	33.3932 39.136,
	33.3324 39.217,
	33.3122 39.2575,
	32.9982 39.5816,
	32.8564 39.7437,
	32.6336 40.0678,
	32.5222 40.2298,
	32.4918 40.3109,
	32.4411 40.3919,
	32.4107 40.4729,
	32.3095 40.635,
	32.2386 40.716,
	32.1474 40.8781,
	31.9246 41.2022,
	31.8233 41.3642,
	31.7625 41.4452,
	31.6815 41.5161,
	31.6005 41.5465,
	31.2764 41.5972,
	30.9523 41.6276,
	30.8712 41.6174,
	30.8307 41.5972,
	30.6687 41.4554,
	30.5876 41.3946,
	30.5167 41.3136,
	30.4864 41.2731,
	30.3952 40.949,
	30.3547 40.7869,
	30.3446 40.6248,
	30.3446 40.5843,
	30.3446 40.5641,
	"/>
</Transform>

<Transform dim="0"
 xcoef=" 0 1 0 0 0 0"
 ycoef=" 0 0 1 0 0 0">
<Contour name="TB1_NF61_RSL" hidden="false" closed="true" simplified="true" border="1 1 0" fill="1 1 0" mode="-9"
 points="33.4539 11.5188,
	33.4911 11.4197,
	33.5902 11.3454,
	33.9865 11.1843,
	34.0856 11.1596,
	34.1352 11.1472,
	34.1847 11.1596,
	34.2838 11.2587,
	34.3333 11.3577,
	34.3457 11.5559,
	34.3333 11.6055,
	34.2838 11.6426,
	34.1847 11.6798,
	34.1599 11.6798,
	33.7636 11.9275,
	33.6645 11.977,
	33.615 11.977,
	33.5902 11.977,
	33.4911 11.8779,
	33.4663 11.7789,
	33.4539 11.5807,
	33.4539 11.5311,
	"/>
<Contour name="TB1_NF61_RSL" hidden="false" closed="true" simplified="true" border="1 1 0" fill="1 1 0" mode="-9"
 points="27.9175 18.9626,
	27.9423 18.9378,
	27.9918 18.9254,
	28.19 19.0245,
	28.3758 19.1608,
	28.5492 19.3466,
	28.5987 19.5447,
	28.6111 19.6438,
	28.4872 20.0402,
	28.4501 20.2383,
	28.4501 20.3374,
	28.4253 20.4365,
	28.3386 20.6347,
	28.3262 20.6594,
	28.3015 20.6594,
	28.2643 20.6099,
	28.2395 20.5108,
	28.19 20.4117,
	28.1528 20.2136,
	28.1281 20.1145,
	28.1157 19.9163,
	28.1157 19.8172,
	28.029 19.4209,
	27.967 19.2227,
	27.9299 19.1236,
	27.9175 19.0245,
	27.9175 18.975,
	"/>
</Transform>

<Transform dim="0"
 xcoef=" 0 1 0 0 0 0"
 ycoef=" 0 0 1 0 0 0">
<Contour name="TB1_AP38_lys_RSL" hidden="false" closed="true" simplified="false" border="0.501961 0.501961 0.501961" fill="0.835294 0.835294 0" mode="-9"
 points="39.3608 59.4287,
	39.3712 59.3449,
	39.4027 59.2716,
	39.4864 59.2087,
	39.5702 59.1983,
	39.654 59.2087,
	39.7273 59.282,
	39.7588 59.3239,
	39.7692 59.4077,
	39.7378 59.4915,
	39.6645 59.5753,
	39.5807 59.5858,
	39.5388 59.5753,
	39.5179 59.5648,
	39.4969 59.5753,
	39.4131 59.5439,
	39.3712 59.5125,
	39.3608 59.4392,
	"/>
<Contour name="TB1_AP38_lys_RSL" hidden="false" closed="true" simplified="false" border="0.501961 0.501961 0.501961" fill="0.835294 0.835294 0" mode="-9"
 points="38.4391 61.2511,
	38.5333 61.094,
	38.6171 61.0417,
	38.7847 61.0312,
	38.8266 61.0417,
	38.8475 61.0417,
	38.8685 61.0626,
	38.9523 61.094,
	39.0047 61.1778,
	39.0047 61.2197,
	39.0151 61.2407,
	38.9523 61.4082,
	38.9313 61.4501,
	38.8475 61.5339,
	38.7638 61.5653,
	38.7219 61.5863,
	38.6381 61.5968,
	38.5543 61.5863,
	38.481 61.513,
	38.4495 61.3454,
	38.4391 61.2616,
	"/>
<Contour name="TB1_AP38_lys_RSL" hidden="false" closed="true" simplified="false" border="0.501961 0.501961 0.501961" fill="0.835294 0.835294 0" mode="-9"
 points="38.8999 63.6287,
	38.9523 63.5554,
	39.0361 63.524,
	39.078 63.5135,
	39.0884 63.4716,
	39.0675 63.3878,
	39.0675 63.3459,
	39.1199 63.2621,
	39.1618 63.2307,
	39.3293 63.2202,
	39.4131 63.2726,
	39.4969 63.304,
	39.5283 63.3459,
	39.5598 63.5135,
	39.5598 63.6811,
	39.5493 63.7649,
	39.5179 63.8486,
	39.4446 63.9324,
	39.4131 63.9743,
	39.3293 63.9848,
	39.1618 63.9534,
	39.078 63.922,
	39.0256 63.8382,
	38.9523 63.7649,
	38.9104 63.6915,
	38.8999 63.6496,
	38.8999 63.6392,
	"/>
<Contour name="TB1_AP38_lys_RSL" hidden="false" closed="true" simplified="false" border="0.501961 0.501961 0.501961" fill="0.835294 0.835294 0" mode="-9"
 points="36.3967 66.2891,
	36.4595 66.2053,
	36.5538 66.0482,
	36.7214 65.9434,
	36.8051 65.912,
	36.8889 65.8596,
	36.9727 65.891,
	37.0565 65.9015,
	37.0984 65.912,
	37.245 66.0482,
	37.2765 66.0901,
	37.2974 66.111,
	37.2974 66.1319,
	37.3184 66.1529,
	37.3393 66.2367,
	37.4126 66.2995,
	37.4545 66.331,
	37.444 66.4147,
	37.4126 66.4566,
	37.4022 66.4985,
	37.4231 66.5509,
	37.3603 66.7185,
	37.3184 66.7604,
	37.2346 66.8023,
	37.1508 66.8232,
	36.9832 66.8337,
	36.8156 66.8127,
	36.7318 66.8127,
	36.648 66.7813,
	36.6061 66.7604,
	36.5223 66.7499,
	36.4805 66.729,
	36.4595 66.708,
	36.4595 66.6242,
	36.5119 66.4566,
	36.5119 66.4147,
	36.4805 66.3833,
	36.4386 66.3728,
	36.3967 66.3414,
	36.3967 66.2995,
	"/>
<Contour name="TB1_AP38_lys_RSL" hidden="false" closed="true" simplified="false" border="0.501961 0.501961 0.501961" fill="0.835294 0.835294 0" mode="-9"
 points="36.0406 66.708,
	36.1034 66.6347,
	36.1348 66.5928,
	36.1348 66.5509,
	36.1662 66.509,
	36.1872 66.4985,
	36.271 66.5195,
	36.3129 66.5195,
	36.3967 66.5823,
	36.4595 66.6556,
	36.47 66.7394,
	36.4805 66.7813,
	36.449 66.8651,
	36.4281 66.907,
	36.3548 66.9908,
	36.271 67.0327,
	36.1872 67.0327,
	36.1453 67.0222,
	36.1243 67.0222,
	36.051 66.9489,
	36.0406 66.7813,
	36.0406 66.7394,
	36.0406 66.7185,
	"/>
<Contour name="TB1_AP38_lys_RSL" hidden="false" closed="true" simplified="false" border="0.501961 0.501961 0.501961" fill="0.835294 0.835294 0" mode="-9"
 points="31.5892 66.4462,
	31.6415 66.3624,
	31.7253 66.3205,
	31.7672 66.31,
	31.8091 66.2786,
	31.8196 66.2367,
	31.8824 66.1634,
	31.9662 66.1005,
	32.05 66.0901,
	32.0919 66.1005,
	32.1757 66.1529,
	32.2176 66.1948,
	32.249 66.2786,
	32.2595 66.2995,
	32.2281 66.3833,
	32.1547 66.4357,
	32.1338 66.4357,
	32.0919 66.4776,
	32.0814 66.6452,
	32.05 66.729,
	32.0081 66.7604,
	31.9243 66.7709,
	31.7567 66.7185,
	31.5996 66.5823,
	31.5892 66.4985,
	31.5892 66.4566,
	"/>
<Contour name="TB1_AP38_lys_RSL" hidden="false" closed="true" simplified="false" border="0.501961 0.501961 0.501961" fill="0.835294 0.835294 0" mode="-9"
 points="30.4685 64.0372,
	30.5208 63.9534,
	30.6046 63.8696,
	30.636 63.8277,
	30.7198 63.8172,
	30.8036 63.8382,
	30.8874 63.8905,
	30.9712 63.9743,
	31.0236 64.0581,
	31.0445 64.1419,
	30.9817 64.2257,
	30.9398 64.2571,
	30.8979 64.2676,
	30.856 64.299,
	30.7722 64.32,
	30.6046 64.3095,
	30.5627 64.2885,
	30.4999 64.2152,
	30.4685 64.1314,
	30.4685 64.0477,
	"/>
<Contour name="TB1_AP38_lys_RSL" hidden="false" closed="true" simplified="false" border="0.501961 0.501961 0.501961" fill="0.835294 0.835294 0" mode="-9"
 points="30.437 64.4876,
	30.4789 64.4771,
	30.5104 64.4457,
	30.5104 64.4247,
	30.5522 64.3933,
	30.6256 64.4666,
	30.6465 64.5085,
	30.6465 64.5294,
	30.6046 64.5609,
	30.5208 64.5713,
	30.4999 64.5713,
	30.4789 64.5399,
	30.437 64.519,
	30.437 64.498,
	"/>
<Contour name="TB1_AP38_lys_RSL" hidden="false" closed="true" simplified="false" border="0.501961 0.501961 0.501961" fill="0.835294 0.835294 0" mode="-9"
 points="29.7248 63.922,
	29.7772 63.7544,
	29.8505 63.6706,
	29.9343 63.6392,
	30.1019 63.6287,
	30.1857 63.6287,
	30.2695 63.6811,
	30.3532 63.6811,
	30.3951 63.6915,
	30.4161 63.7125,
	30.4266 63.7963,
	30.4266 63.8382,
	30.458 63.8801,
	30.4685 63.922,
	30.4999 63.9639,
	30.4999 63.9848,
	30.458 64.0162,
	30.4266 64.1,
	30.4685 64.1838,
	30.4685 64.2676,
	30.4266 64.3514,
	30.3428 64.4038,
	30.3218 64.4247,
	30.1542 64.4561,
	29.9867 64.4247,
	29.9029 64.3409,
	29.8086 64.1733,
	29.7562 64.0895,
	29.7248 64.0058,
	29.7248 63.9324,
	"/>
<Contour name="TB1_AP38_lys_RSL" hidden="false" closed="true" simplified="false" border="0.501961 0.501961 0.501961" fill="0.835294 0.835294 0" mode="-9"
 points="29.641 61.314,
	29.6934 61.2302,
	29.7667 61.1569,
	29.7981 61.1254,
	29.8819 61.1045,
	29.9552 61.1569,
	30.1123 61.293,
	30.1228 61.3349,
	30.1228 61.3559,
	30.1438 61.3768,
	30.1438 61.4606,
	30.1228 61.5444,
	30.1123 61.5863,
	30.0286 61.6282,
	29.861 61.6177,
	29.7772 61.5653,
	29.7039 61.492,
	29.662 61.4501,
	29.641 61.4082,
	29.641 61.3244,
	"/>
</Transform>

<Transform dim="0"
 xcoef=" 0 1 0 0 0 0"
 ycoef=" 0 0 1 0 0 0">
<Contour name="TB1_AP51_lys_RSL" hidden="false" closed="true" simplified="true" border="1 1 0" fill="1 1 0" mode="-9"
 points="32.7416 63.8108,
	32.792 63.7436,
	32.8593 63.6764,
	32.9265 63.6259,
	32.9937 63.6007,
	33.061 63.6007,
	33.0946 63.6007,
	33.1618 63.6428,
	33.229 63.7016,
	33.2795 63.7688,
	33.3299 63.9033,
	33.3551 63.9705,
	33.3551 63.9873,
	33.2879 64.0461,
	33.2542 64.063,
	33.1198 64.0545,
	33.0525 64.0798,
	32.9181 64.0882,
	32.8677 64.0293,
	32.8593 63.9957,
	32.8256 63.9789,
	32.7752 63.9201,
	32.7416 63.8529,
	32.7416 63.8192,
	"/>
</Transform>

<Transform dim="0"
 xcoef=" 0 1 0 0 0 0"
 ycoef=" 0 0 1 0 0 0">
<Contour name="TB1_AP34_lys_RSL" hidden="false" closed="true" simplified="true" border="0.501961 0.501961 0.501961" fill="0.835294 0.835294 0" mode="-9"
 points="30.7438 61.7973,
	30.7954 61.7457,
	30.8249 61.7236,
	30.9429 61.7162,
	30.9724 61.7236,
	30.9871 61.7383,
	30.9871 61.7973,
	30.9945 61.8268,
	30.9871 61.8415,
	30.9797 61.8341,
	30.9281 61.8931,
	30.8692 61.9005,
	30.8102 61.8784,
	30.7512 61.8415,
	30.7438 61.812,
	30.7438 61.8047,
	"/>
<Contour name="TB1_AP34_lys_RSL" hidden="false" closed="true" simplified="true" border="0.501961 0.501961 0.501961" fill="0.835294 0.835294 0" mode="-9"
 points="30.5964 62.0553,
	30.6111 62.0258,
	30.6406 62.0037,
	30.6996 61.989,
	30.7586 61.9963,
	30.7881 62.0185,
	30.906 62.0701,
	30.9355 62.1291,
	30.9208 62.188,
	30.8618 62.2396,
	30.8323 62.2544,
	30.7733 62.2618,
	30.7438 62.2544,
	30.6848 62.2175,
	30.6259 62.1659,
	30.6037 62.1364,
	30.5964 62.0774,
	30.5964 62.0627,
	"/>
<Contour name="TB1_AP34_lys_RSL" hidden="false" closed="true" simplified="true" border="0.501961 0.501961 0.501961" fill="0.835294 0.835294 0" mode="-9"
 points="38.4335 57.4917,
	38.4851 57.4401,
	38.544 57.4253,
	38.603 57.4253,
	38.662 57.4474,
	38.6915 57.4622,
	38.7284 57.5212,
	38.7357 57.5359,
	38.6768 57.5728,
	38.6768 57.5875,
	38.6251 57.6391,
	38.5662 57.6539,
	38.5367 57.6612,
	38.4777 57.6391,
	38.4482 57.617,
	38.4335 57.5875,
	38.4335 57.5285,
	38.4335 57.499,
	"/>
</Transform>

<Transform dim="0"
 xcoef=" 0 1 0 0 0 0"
 ycoef=" 0 0 1 0 0 0">
<Contour name="TB1_AP31_LYS_RSL" hidden="false" closed="true" simplified="true" border="0.502 0.502 0.502" fill="1 1 0" mode="-9"
 points="31.6438 57.7093,
	31.7421 57.6176,
	31.7551 57.6045,
	31.8075 57.611,
	31.8337 57.611,
	31.8861 57.6438,
	31.8926 57.67,
	31.8206 57.8795,
	31.7944 57.886,
	31.7682 57.8795,
	31.7551 57.8664,
	31.729 57.8598,
	31.6766 57.814,
	31.6438 57.7682,
	31.6438 57.7158,
	"/>
<Contour name="TB1_AP31_LYS_RSL" hidden="false" closed="true" simplified="true" border="0.502 0.502 0.502" fill="1 1 0" mode="-9"
 points="31.6831 60.3806,
	31.7093 60.361,
	31.7617 60.3479,
	31.8141 60.3544,
	31.8403 60.361,
	31.8534 60.3675,
	31.8403 60.3937,
	31.7944 60.4461,
	31.7813 60.4723,
	31.7551 60.4919,
	31.7486 60.4985,
	31.6962 60.4461,
	31.6831 60.4199,
	31.6831 60.3937,
	31.6831 60.3872,
	"/>
</Transform>

<Transform dim="0"
 xcoef=" 0 1 0 0 0 0"
 ycoef=" 0 0 1 0 0 0">
<Contour name="TB1_AP40_RSL_LYS" hidden="false" closed="true" simplified="true" border="0 0 0" fill="1 1 0" mode="-9"
 points="36.4349 25.877,
	36.5212 25.7619,
	36.5788 25.7044,
	36.6938 25.69,
	36.8089 25.7044,
	36.9096 25.8195,
	36.924 25.8482,
	36.9096 25.9058,
	36.8089 26.0065,
	36.6938 26.0784,
	36.6651 26.1071,
	36.6363 26.1071,
	36.6075 26.0784,
	36.5788 26.0784,
	36.4925 25.9633,
	36.4493 25.9058,
	36.4349 25.8914,
	"/>
</Transform>

</Section>