<?xml version="1.0"?>
<!DOCTYPE Section SYSTEM "section.dtd">

<Section index="540" thickness="0.085" alignLocked="true">
<Transform dim="0"
 xcoef=" 0 1 0 0 0 0"
 ycoef=" 0 0 1 0 0 0">
<Image mag="0.0079" contrast="1" brightness="0" red="true" green="true" blue="true"
 src="Aligned TF21540.tif" />
<Contour name="domain1" hidden="false" closed="true" simplified="false" border="1 0 1" fill="1 0 1" mode="11"
 points="0 0,
	15991 0,
	15991 12171,
	0 12171,
	"/>
</Transform>

<Transform dim="0"
 xcoef=" 0 1 0 0 0 0"
 ycoef=" 0 0 1 0 0 0">
<Contour name="TB2_AP14_EM" hidden="false" closed="true" simplified="true" border="0 1 0" fill="0 1 0" mode="9"
 points="60.458 34.1054,
	60.7425 32.9674,
	60.9025 32.3984,
	61.2404 31.8294,
	61.3649 31.5448,
	61.4182 31.2603,
	61.4538 30.6913,
	61.5605 30.5668,
	61.7027 30.4424,
	61.7916 30.1579,
	61.845 30.0156,
	61.845 29.98,
	61.8983 29.9089,
	62.0228 29.98,
	62.0583 29.9445,
	62.0939 29.8022,
	62.165 29.66,
	62.2184 29.6244,
	62.3606 29.7311,
	62.414 29.8022,
	62.4318 29.9445,
	62.3962 30.5135,
	62.414 30.798,
	62.3962 31.0825,
	62.2895 31.367,
	62.2539 31.5093,
	62.2539 31.7938,
	62.3073 31.936,
	62.4318 32.0783,
	62.6096 32.3628,
	62.6274 32.4339,
	62.6807 32.5051,
	62.6985 32.5762,
	62.8052 32.7184,
	62.9474 32.8073,
	63.2142 33.0741,
	63.3564 33.1985,
	63.4275 33.2697,
	63.712 33.4119,
	63.8543 33.4831,
	64.1388 33.732,
	64.3878 34.0165,
	64.5122 34.1588,
	64.5656 34.301,
	64.6723 34.87,
	64.7078 35.1545,
	64.7256 35.2968,
	64.6545 35.8658,
	64.6189 36.1503,
	64.6011 36.2926,
	64.6189 36.4348,
	64.8145 37.0038,
	64.8501 37.2884,
	64.8501 37.3595,
	64.9212 37.5017,
	64.9568 37.5729,
	65.099 37.6973,
	65.2413 37.7862,
	65.5258 37.9107,
	65.8103 38.1241,
	66.0415 38.4086,
	66.0948 38.4797,
	66.1304 38.622,
	66.2015 38.7642,
	66.486 39.031,
	66.5571 39.0487,
	66.8416 39.0132,
	66.9839 39.031,
	67.2684 39.1377,
	67.3929 39.2799,
	67.4818 39.5644,
	67.6952 39.8489,
	67.8019 40.1334,
	67.8908 40.7025,
	67.8908 40.738,
	67.9797 40.8803,
	68.1931 41.4493,
	68.2642 41.7338,
	68.2108 42.3028,
	68.2286 42.4451,
	68.2286 42.5162,
	68.442 43.0852,
	68.5309 43.3697,
	68.6376 43.9387,
	68.6554 44.2232,
	68.6554 44.2944,
	68.7621 44.5789,
	68.8154 44.7211,
	68.8865 45.2901,
	68.8688 45.8592,
	68.8332 46.1437,
	68.851 46.4282,
	68.8688 46.5704,
	69.0644 47.1394,
	69.1177 47.424,
	69.1177 47.5662,
	69.0821 47.7085,
	69.0644 47.993,
	69.0288 48.1352,
	69.0466 48.2775,
	69.0644 48.3486,
	69.1888 48.4909,
	69.26 48.562,
	69.3133 48.8465,
	69.2955 48.9888,
	69.1533 49.1132,
	68.8688 49.2199,
	68.5843 49.3799,
	68.4953 49.5222,
	68.4242 49.8067,
	68.2997 49.949,
	68.1753 50.0379,
	68.1931 50.3224,
	68.3531 50.8914,
	68.4776 51.1759,
	68.5131 51.3182,
	68.4953 51.4604,
	68.5843 51.7449,
	68.7087 52.0294,
	68.7621 52.1717,
	68.7799 52.4562,
	68.7621 52.7407,
	68.7799 53.0252,
	68.7976 53.1675,
	68.8154 53.2386,
	68.8688 53.2919,
	68.9399 53.3097,
	69.0821 53.4342,
	69.171 53.5764,
	69.2777 53.861,
	69.3666 54.0032,
	69.42 54.1455,
	69.5978 54.43,
	69.5978 54.4655,
	69.7045 54.6078,
	69.9712 55.1768,
	70.0601 55.3191,
	70.1846 55.4613,
	70.4691 55.6925,
	70.6114 55.7992,
	70.7536 56.0837,
	70.807 56.2259,
	70.8603 56.5104,
	70.9137 56.6527,
	70.9314 56.7238,
	71.1626 57.0083,
	71.2693 57.1506,
	71.3226 57.2928,
	71.3404 57.5773,
	71.3226 57.7196,
	71.2337 58.0041,
	71.1982 58.2886,
	71.1626 58.342,
	71.0915 58.3775,
	70.9492 58.662,
	70.7003 58.9465,
	70.4869 59.231,
	69.9179 59.7467,
	69.6334 60.0134,
	69.4911 60.298,
	69.4022 60.4402,
	69.26 60.5825,
	69.1888 60.6536,
	69.0466 60.7069,
	68.9043 60.7247,
	68.6198 60.6891,
	68.4776 60.6891,
	68.1931 60.7958,
	68.0508 60.8314,
	67.7663 60.7603,
	67.4818 60.6358,
	67.1973 60.3869,
	66.9483 60.1024,
	66.7349 59.8178,
	66.2548 59.2488,
	66.0948 58.9643,
	65.8281 58.7332,
	65.5969 58.4486,
	65.4724 58.3064,
	65.4191 58.1641,
	65.4013 57.8796,
	65.4013 57.8085,
	65.4191 57.7729,
	65.348 57.4884,
	65.348 57.3462,
	65.3835 57.2039,
	65.4013 57.1328,
	65.4902 56.9905,
	65.5614 56.706,
	65.508 56.4215,
	65.2591 56.1548,
	64.9746 55.977,
	64.8323 55.8881,
	64.69 55.7636,
	64.6011 55.6213,
	64.5656 55.5502,
	64.4233 55.4257,
	64.3522 55.3902,
	64.2811 55.3191,
	64.2099 55.1768,
	64.1388 54.8923,
	63.8365 54.3233,
	63.6409 53.7543,
	63.4809 53.1852,
	63.2142 52.0472,
	63.0186 50.9092,
	62.983 49.7711,
	62.9119 48.6331,
	62.8763 47.4951,
	62.8941 46.9261,
	62.8585 45.788,
	62.8763 45.219,
	62.8941 44.9345,
	62.8941 44.7923,
	62.9297 44.65,
	62.9297 44.081,
	62.9474 43.7965,
	62.9474 43.7253,
	62.8407 43.4408,
	62.7341 42.8718,
	62.6274 42.5873,
	62.574 42.5162,
	62.4673 42.2317,
	62.4318 42.1606,
	62.414 42.0183,
	62.3784 41.9472,
	62.3606 41.8049,
	62.2539 41.5204,
	62.165 41.3782,
	61.9339 40.8091,
	61.7738 40.2401,
	61.3649 39.1021,
	61.027 37.9641,
	60.9559 37.6796,
	60.8847 37.1105,
	60.867 36.826,
	60.8492 36.6838,
	60.867 36.5415,
	60.8314 36.257,
	60.7425 35.9725,
	60.6536 35.4035,
	60.5291 34.8345,
	60.458 34.2655,
	60.458 34.1232,
	"/>
</Transform>

<Transform dim="0"
 xcoef=" 0 1 0 0 0 0"
 ycoef=" 0 0 1 0 0 0">
<Contour name="TB2_AP14_EM" hidden="false" closed="true" simplified="true" border="0 1 0" fill="0 1 0" mode="9"
 points="71.4471 30.8691,
	71.6783 30.3001,
	71.6783 30.0156,
	71.6249 29.7311,
	71.6783 29.4466,
	71.8739 29.1799,
	72.0339 28.6109,
	72.1584 28.0418,
	72.2117 27.7573,
	72.3718 27.4728,
	72.5674 27.2061,
	72.6918 26.9216,
	72.7807 26.6371,
	72.8697 26.4948,
	73.0119 26.3881,
	73.1542 26.317,
	73.4387 26.2637,
	74.0077 26.2637,
	74.1499 26.2814,
	74.4345 26.4415,
	74.6834 26.6726,
	74.7012 26.9571,
	74.8079 27.0994,
	74.8434 27.1705,
	74.879 27.2061,
	75.448 27.4373,
	75.5725 27.5795,
	75.608 27.6151,
	75.6258 27.6862,
	75.697 27.7573,
	75.697 27.7929,
	75.9815 28.0596,
	76.1237 28.2019,
	76.2304 28.3441,
	76.2304 28.3797,
	76.266 28.4153,
	76.3015 28.5575,
	76.2838 28.842,
	76.2304 28.9843,
	75.9459 29.2154,
	75.8214 29.3577,
	75.7859 29.3933,
	75.6436 29.4466,
	75.5014 29.5355,
	75.448 29.6066,
	75.4124 29.7489,
	75.4658 30.0334,
	75.5191 30.1756,
	75.5369 30.3179,
	75.5191 30.389,
	75.4124 30.5135,
	75.2702 30.638,
	75.1279 30.6735,
	75.0746 30.7447,
	74.9323 30.8158,
	74.6656 31.0647,
	74.3633 31.6338,
	74.2211 31.9183,
	74.1855 32.0605,
	74.061 32.345,
	74.0077 32.4873,
	73.9899 33.0563,
	73.9721 33.1985,
	73.901 33.3408,
	73.8654 33.4119,
	73.6165 33.6964,
	73.5454 33.7498,
	73.5098 33.8209,
	73.2253 34.1054,
	73.1897 34.1588,
	72.9052 33.9098,
	72.763 33.892,
	72.6385 33.7676,
	72.5851 33.6253,
	72.5674 33.5542,
	72.4607 33.4475,
	72.3184 33.3408,
	72.3006 33.2697,
	72.3184 33.1985,
	72.3718 33.1274,
	72.3895 33.0563,
	72.354 32.9852,
	72.2829 32.914,
	72.1406 32.8251,
	72.0695 32.7718,
	72.0161 32.6295,
	71.9983 32.5584,
	72.0517 32.4161,
	72.0695 32.1316,
	72.0695 31.9894,
	72.0517 31.9183,
	71.8561 31.6693,
	71.5894 31.4382,
	71.536 31.367,
	71.5005 31.3315,
	71.4471 31.047,
	71.4471 30.9047,
	71.4471 30.8869,
	"/>
</Transform>

<Transform dim="0"
 xcoef=" 0 1 0 0 0 0"
 ycoef=" 0 0 1 0 0 0">
<Contour name="TB3_Nuc07_EM" hidden="false" closed="true" simplified="true" border="1 0 0" fill="1 0 0" mode="9"
 points="93.5666 52.636,
	93.6896 52.1438,
	93.7511 51.8977,
	93.7665 51.7746,
	93.7204 51.6516,
	93.6435 51.5285,
	93.6127 51.2824,
	93.6896 50.7902,
	93.6896 50.6671,
	93.7973 50.5595,
	93.8896 50.0673,
	93.9203 49.8212,
	94.0434 49.5751,
	94.1049 49.452,
	94.1972 49.3289,
	94.4126 48.8367,
	94.5048 48.5906,
	94.5202 48.4676,
	94.5971 48.2215,
	94.6279 47.9754,
	94.6279 47.7293,
	94.6587 47.6062,
	94.6587 47.5447,
	94.7817 47.2986,
	94.9817 47.0525,
	95.074 46.9294,
	95.3355 46.4372,
	95.5046 46.1911,
	95.5816 46.068,
	95.6892 45.945,
	95.9353 45.7604,
	96.1814 45.6527,
	96.6737 45.5143,
	96.7967 45.5143,
	96.8582 45.4989,
	97.1043 45.5297,
	97.2274 45.5758,
	97.4735 45.6066,
	97.7196 45.745,
	97.8273 45.8373,
	97.9042 46.0834,
	97.9503 46.2065,
	97.9657 46.3295,
	98.0119 46.4526,
	98.0119 46.5756,
	97.8888 47.0678,
	97.8427 47.3139,
	97.8427 47.8062,
	97.8273 47.9292,
	97.858 48.4214,
	97.8273 48.9136,
	97.7811 49.1597,
	97.6735 49.4059,
	97.535 49.652,
	97.4274 49.775,
	97.2889 50.0211,
	97.1505 50.5133,
	96.9505 51.4978,
	96.9198 51.7439,
	96.9351 52.2361,
	96.9967 52.7283,
	96.9505 53.2205,
	96.9351 53.7127,
	96.9351 53.9588,
	96.9198 54.0819,
	96.8121 54.328,
	96.6737 54.5741,
	96.5045 55.0663,
	96.2891 55.5585,
	96.1507 55.8046,
	96.0276 55.8815,
	95.9046 55.9892,
	95.6585 56.0815,
	95.5662 56.1892,
	95.5046 56.2353,
	95.3816 56.2507,
	94.8894 56.1738,
	94.6433 56.0661,
	94.3972 55.8661,
	94.2895 55.7585,
	94.2126 55.6354,
	94.0895 55.1432,
	94.0588 55.0817,
	93.8127 54.9586,
	93.6896 54.8356,
	93.6435 54.5895,
	93.6589 54.3434,
	93.6742 54.2203,
	93.6281 54.1588,
	93.5973 54.128,
	93.5973 54.005,
	93.6589 53.7589,
	93.6896 53.6358,
	93.7204 53.5743,
	93.6742 53.4512,
	93.6127 53.3897,
	93.5973 53.2666,
	93.6127 53.0205,
	93.5666 52.7744,
	93.5666 52.6514,
	"/>
</Transform>

<Transform dim="0"
 xcoef=" 0 1 0 0 0 0"
 ycoef=" 0 0 1 0 0 0">
<Contour name="TB3_Nuc20_EM" hidden="false" closed="true" simplified="true" border="0 1 1" fill="0 1 1" mode="9"
 points="100.564 49.7645,
	100.635 49.5762,
	100.588 49.1998,
	100.611 48.4468,
	100.705 48.0704,
	100.752 47.6939,
	100.917 47.3174,
	100.776 46.941,
	100.705 46.5645,
	100.705 46.4704,
	100.847 46.0939,
	100.894 46.0468,
	101.058 45.6704,
	101.105 45.4821,
	101.2 45.2939,
	101.364 45.1292,
	101.482 44.941,
	101.529 44.7527,
	101.482 44.5645,
	101.505 44.188,
	102.047 43.4586,
	102.517 42.7527,
	102.564 42.7057,
	102.682 42.3292,
	102.847 42.141,
	103.035 42.0704,
	103.223 41.9292,
	103.388 41.741,
	103.482 41.5527,
	103.6 41.1763,
	103.67 40.988,
	103.976 40.6351,
	104.164 40.5175,
	104.352 40.4469,
	104.541 40.4704,
	104.729 40.3998,
	104.917 40.2822,
	105.294 39.9528,
	105.364 39.8586,
	105.435 39.8116,
	105.623 39.6469,
	105.811 39.6233,
	105.999 39.5528,
	106.188 39.5292,
	106.376 39.5998,
	106.47 39.5998,
	106.847 39.388,
	106.894 39.341,
	106.941 39.341,
	107.129 39.2233,
	107.505 39.1528,
	107.694 39.1998,
	107.764 39.2939,
	107.835 39.6704,
	107.694 40.0469,
	107.67 40.2351,
	107.552 40.4233,
	107.388 40.6116,
	107.341 40.6586,
	107.364 41.4116,
	107.341 41.788,
	107.223 42.1645,
	107.105 42.3527,
	107.035 42.541,
	106.964 42.6351,
	106.917 42.6821,
	106.847 42.8704,
	106.776 43.6233,
	106.682 43.8116,
	106.517 43.9763,
	106.329 43.9527,
	106.235 44.0233,
	106.211 44.1174,
	106.329 44.3057,
	106.376 44.4939,
	106.211 45.2468,
	106.07 45.6233,
	106.023 45.8115,
	105.976 45.9057,
	105.905 46.2821,
	105.764 46.6586,
	105.458 47.0351,
	105.364 47.1292,
	105.317 47.1762,
	105.223 47.1998,
	105.176 47.2939,
	105.223 47.6704,
	105.199 47.7645,
	105.035 47.9527,
	104.87 48.3292,
	104.823 48.5174,
	104.823 48.6115,
	104.517 49.3645,
	104.494 49.5527,
	104.423 49.7409,
	103.929 50.4939,
	103.741 50.6821,
	103.623 50.8703,
	103.458 51.0586,
	103.27 51.1762,
	103.223 51.1762,
	103.2 51.2703,
	103.058 51.435,
	102.847 51.8115,
	102.682 51.9762,
	102.588 52.0468,
	102.541 52.0468,
	102.447 52.1174,
	102.07 52.235,
	101.882 52.2821,
	101.694 52.2586,
	101.6 52.2115,
	101.458 52.0233,
	101.435 51.835,
	101.458 51.7409,
	101.411 51.5527,
	101.27 51.3645,
	101.176 51.2703,
	101.129 51.1762,
	101.152 50.988,
	101.223 50.7998,
	101.411 50.6351,
	101.435 50.588,
	101.388 50.4939,
	101.011 50.3292,
	100.823 50.2821,
	100.658 50.1645,
	100.588 50.0703,
	100.564 49.8821,
	100.564 49.788,
	"/>
</Transform>

<Transform dim="0"
 xcoef=" 0 1 0 0 0 0"
 ycoef=" 0 0 1 0 0 0">
<Contour name="TB3_Nuc33_EM" hidden="false" closed="true" simplified="true" border="0 1 1" fill="0 1 1" mode="9"
 points="97.3108 41.4189,
	97.3701 41.1819,
	97.5182 40.9597,
	97.6219 40.7227,
	97.7552 40.2487,
	97.8441 40.1302,
	97.933 40.0561,
	98.0219 39.9376,
	98.0959 39.7006,
	98.0811 39.4635,
	98.0959 39.345,
	98.333 38.871,
	98.6144 37.9229,
	98.7033 37.4489,
	98.7329 37.2119,
	98.7181 36.9749,
	98.644 36.7378,
	98.7329 36.2638,
	98.7774 36.0268,
	98.9551 35.5527,
	99.0144 35.4342,
	99.044 35.4046,
	99.044 35.375,
	99.1329 35.2713,
	99.2366 35.1972,
	99.4588 34.975,
	99.5032 34.9158,
	99.5329 34.8861,
	99.6958 34.4121,
	99.7995 34.2936,
	100.022 34.1899,
	100.259 34.1158,
	100.377 34.0862,
	100.496 34.101,
	100.614 34.1603,
	100.674 34.1751,
	100.777 34.264,
	100.94 34.501,
	100.955 34.5602,
	100.985 34.5899,
	101.029 34.7084,
	101.118 34.8269,
	101.177 34.8861,
	101.251 35.0046,
	101.296 35.1231,
	101.311 35.2417,
	101.355 35.3602,
	101.429 36.3082,
	101.459 36.4267,
	101.473 36.486,
	101.473 36.5156,
	101.503 36.5453,
	101.607 37.0193,
	101.651 37.2563,
	101.785 37.7303,
	101.77 37.9674,
	101.696 38.2044,
	101.666 38.4414,
	101.666 38.6784,
	101.681 38.7969,
	101.636 39.271,
	101.562 39.745,
	101.296 40.6931,
	101.207 41.1671,
	101.103 41.4041,
	101.059 41.5226,
	101.044 41.5819,
	101.014 41.6115,
	101.014 41.6412,
	100.985 41.6708,
	100.985 41.7004,
	100.94 41.7597,
	100.94 41.7893,
	100.718 42.0115,
	100.496 42.2041,
	100.377 42.2337,
	100.14 42.2041,
	100.022 42.1596,
	99.7847 42.13,
	99.6662 42.1152,
	99.5477 42.13,
	99.3107 42.2189,
	99.0736 42.3374,
	98.8366 42.4855,
	98.7922 42.53,
	98.7181 42.767,
	98.6589 42.8262,
	98.5996 42.8559,
	98.3626 42.8559,
	98.2441 42.8114,
	98.2145 42.7818,
	97.9774 42.6929,
	97.8589 42.6189,
	97.5182 42.1448,
	97.459 42.0263,
	97.459 41.9967,
	97.4293 41.9671,
	97.3553 41.73,
	97.3108 41.493,
	97.3108 41.4338,
	"/>
</Transform>

<Transform dim="0"
 xcoef=" 0 1 0 0 0 0"
 ycoef=" 0 0 1 0 0 0">
<Contour name="TB3_Nuc45_EM" hidden="false" closed="true" simplified="true" border="1 0 0" fill="1 0 0" mode="9"
 points="96.3713 36.3764,
	96.4088 36.1767,
	96.5211 35.977,
	96.6959 35.7772,
	96.7958 35.7148,
	96.9955 35.6524,
	97.0954 35.6524,
	97.2951 35.7398,
	97.4699 35.9021,
	97.5198 35.9395,
	97.6197 35.9645,
	97.6696 35.977,
	97.732 36.0644,
	97.7445 36.1642,
	97.7071 36.2641,
	97.6821 36.4638,
	97.6946 36.6636,
	97.7445 36.8633,
	97.732 37.063,
	97.732 37.113,
	97.6696 37.2003,
	97.4699 37.2253,
	97.4199 37.2628,
	97.4075 37.3626,
	97.4199 37.4625,
	97.4199 37.5124,
	97.395 37.5624,
	97.345 37.5998,
	97.2452 37.5998,
	97.1952 37.5998,
	96.9955 37.5124,
	96.8956 37.4999,
	96.7958 37.4625,
	96.7458 37.4375,
	96.6959 37.3876,
	96.6335 37.1879,
	96.6085 37.088,
	96.5836 37.0381,
	96.5336 37.0131,
	96.4462 36.9132,
	96.4213 36.8883,
	96.3838 36.6885,
	96.3713 36.4888,
	96.3713 36.3889,
	"/>
</Transform>

<Transform dim="0"
 xcoef=" 0 1 0 0 0 0"
 ycoef=" 0 0 1 0 0 0">
<Contour name="TB3_Nuc53_EM" hidden="false" closed="true" simplified="true" border="0 1 0" fill="0 1 0" mode="9"
 points="91.8126 48.3949,
	91.8948 48.0659,
	91.9154 47.4077,
	91.9771 47.0786,
	91.9977 46.7495,
	91.9771 46.0914,
	92.0183 45.9269,
	92.1417 45.7623,
	92.2034 45.5978,
	92.08 45.2687,
	92.0594 45.1042,
	92.08 44.9396,
	92.1005 44.8574,
	92.1622 44.7751,
	92.1622 44.734,
	92.2856 44.5694,
	92.2856 44.5283,
	92.7381 43.8701,
	92.9232 43.541,
	93.0261 43.3765,
	93.1495 43.0474,
	93.2112 42.3893,
	93.2112 41.7311,
	93.2729 41.402,
	93.4991 40.7439,
	93.787 40.0857,
	93.8899 39.9212,
	93.8899 39.8801,
	94.1161 39.5716,
	94.219 39.4276,
	94.2395 39.0985,
	94.219 39.0779,
	94.2395 38.9134,
	94.3012 38.7489,
	94.4041 38.5843,
	94.4863 38.2552,
	94.5275 38.0907,
	94.5686 38.0084,
	94.6097 37.9673,
	94.6303 37.885,
	94.7537 37.7205,
	94.836 37.556,
	94.8977 37.4737,
	94.9799 37.1446,
	95.0211 36.9801,
	95.0622 36.8978,
	95.1445 36.8155,
	95.309 36.7127,
	95.6381 36.6099,
	95.7204 36.5893,
	95.8643 36.7538,
	95.9877 37.0829,
	95.9877 37.2474,
	96.0906 37.5765,
	96.0906 37.9056,
	96.1112 38.0701,
	96.214 38.3992,
	96.358 38.7283,
	96.3991 39.3864,
	96.4197 39.4687,
	96.1934 40.1269,
	96.0906 40.4559,
	96.0494 40.6205,
	95.9055 40.9496,
	95.8026 41.2786,
	95.7204 41.3198,
	95.5764 41.4843,
	95.4736 41.8134,
	95.453 41.8957,
	95.4941 42.0602,
	95.4941 42.2247,
	95.3913 42.3893,
	95.4119 42.5538,
	95.4736 42.7184,
	95.4119 43.0474,
	95.0211 43.7056,
	94.7537 44.3637,
	94.6097 44.6928,
	94.548 44.8574,
	94.3218 45.1864,
	94.2807 45.2276,
	94.219 45.5566,
	94.1778 45.7212,
	94.0956 45.8857,
	93.9516 46.0297,
	93.8693 45.968,
	93.8282 45.8035,
	93.8282 45.6389,
	93.7253 45.3098,
	93.6636 45.1453,
	93.6636 45.1042,
	93.5814 45.0425,
	93.4785 45.1864,
	93.458 45.351,
	93.4785 45.5155,
	93.4785 45.5978,
	93.5608 45.7623,
	93.6019 46.0914,
	93.5814 46.4205,
	93.4374 46.7495,
	93.3963 46.7907,
	93.3963 46.8318,
	93.1495 47.1403,
	93.0466 47.3049,
	92.9849 47.3871,
	92.9643 47.5517,
	92.9849 47.8808,
	92.9643 48.0453,
	92.9026 48.2098,
	92.7792 48.3744,
	92.697 48.4566,
	92.6147 48.6212,
	92.553 48.7034,
	92.5324 48.868,
	92.4707 49.0325,
	92.4502 49.1148,
	92.3885 49.1971,
	92.3473 49.2382,
	92.3268 49.3205,
	92.2239 49.485,
	92.1828 49.5673,
	92.1005 49.5878,
	92.0183 49.5673,
	91.9565 49.4027,
	91.936 49.0737,
	91.8537 48.7446,
	91.8126 48.6623,
	91.8126 48.4978,
	91.8126 48.4155,
	"/>
</Transform>

<Transform dim="0"
 xcoef=" 0 1 0 0 0 0"
 ycoef=" 0 0 1 0 0 0">
<Contour name="TB3_Nuc55_EM" hidden="false" closed="true" simplified="true" border="0 1 0" fill="0 1 0" mode="9"
 points="108.058 59.3749,
	108.155 59.115,
	108.155 58.855,
	108.383 58.595,
	108.513 58.4975,
	108.578 58.4325,
	108.61 58.3025,
	108.545 58.0425,
	108.578 57.7825,
	108.74 57.2625,
	108.805 56.7426,
	108.968 56.2226,
	109.033 56.0926,
	109.163 55.9626,
	109.228 55.8326,
	109.195 55.3126,
	109.26 54.7926,
	109.325 54.5327,
	109.65 54.0127,
	109.748 53.8827,
	109.878 53.8502,
	109.943 53.8177,
	110.008 53.8502,
	110.268 53.8177,
	110.398 53.9152,
	110.593 54.4352,
	110.69 54.6951,
	110.723 54.9551,
	110.69 55.2151,
	110.69 55.3451,
	110.723 55.4101,
	110.658 55.5401,
	110.528 55.6051,
	110.43 55.8326,
	110.463 55.9626,
	110.658 56.2226,
	110.69 56.4826,
	110.528 57.0025,
	110.495 57.2625,
	110.365 57.5225,
	110.398 57.7825,
	110.528 57.8475,
	110.658 57.8475,
	110.918 58.0425,
	110.983 58.5625,
	111.145 58.8225,
	111.243 58.9525,
	111.308 59.2124,
	111.34 59.2774,
	111.275 59.5374,
	111.21 59.6024,
	111.015 60.1224,
	110.625 60.6424,
	110.463 60.9024,
	110.008 61.3574,
	109.91 61.4874,
	109.845 61.5523,
	109.585 61.5848,
	109.325 61.6823,
	109.065 61.6823,
	108.935 61.6173,
	108.448 61.1624,
	108.35 60.9024,
	108.318 60.6424,
	108.318 60.5124,
	108.188 60.2524,
	108.09 59.7324,
	108.058 59.4724,
	108.058 59.4074,
	"/>
</Transform>

<Transform dim="0"
 xcoef=" 0 1 0 0 0 0"
 ycoef=" 0 0 1 0 0 0">
<Contour name="TB3_Nuc59_EM" hidden="false" closed="true" simplified="true" border="0 1 0" fill="0 1 0" mode="9"
 points="97.0033 32.1977,
	97.048 32.0189,
	97.048 31.8401,
	97.2044 31.4826,
	97.2491 31.3038,
	97.2267 30.9463,
	97.2938 30.5887,
	97.3161 30.41,
	97.2938 30.3876,
	97.4055 30.2089,
	97.4725 29.8513,
	97.4725 29.6725,
	97.5619 29.4938,
	97.8971 29.1362,
	97.9418 28.9575,
	97.8971 28.7787,
	97.8971 28.5999,
	98.0982 27.8849,
	98.21 27.5273,
	98.3887 27.1698,
	98.5005 26.991,
	98.858 26.6782,
	99.0368 26.5441,
	99.1485 26.3653,
	99.2155 26.1866,
	99.2379 26.0078,
	99.3273 25.829,
	99.953 25.1139,
	100.154 24.7564,
	100.243 24.5776,
	100.422 24.4436,
	101.137 24.2424,
	101.316 24.2201,
	101.674 24.2871,
	102.031 24.2201,
	102.21 24.1531,
	102.299 24.1977,
	102.344 24.1754,
	102.433 24.2201,
	102.478 24.2201,
	102.612 24.3989,
	102.523 24.5776,
	102.21 24.9352,
	101.852 25.248,
	101.785 25.3374,
	101.763 25.4268,
	101.852 26.1419,
	101.875 26.4994,
	101.763 26.6782,
	101.607 26.8569,
	101.495 27.0357,
	101.428 27.1251,
	101.383 27.3039,
	101.294 27.4826,
	101.16 27.6614,
	101.093 27.7508,
	101.07 27.9295,
	101.115 28.2871,
	101.003 28.6446,
	100.959 28.734,
	101.026 28.9128,
	101.115 29.0022,
	101.137 29.0915,
	101.07 29.2703,
	101.003 29.3597,
	100.981 29.4491,
	101.048 29.6279,
	101.003 29.8066,
	100.891 29.9854,
	100.869 30.0748,
	100.936 30.4323,
	101.003 30.6111,
	101.003 30.9686,
	100.981 31.1474,
	100.824 31.5049,
	100.467 31.8401,
	100.288 31.8178,
	100.199 31.8178,
	100.109 31.7507,
	100.02 31.7507,
	99.9306 31.7954,
	99.8636 31.8848,
	99.8412 31.9742,
	99.8412 32.0189,
	99.8189 32.22,
	99.7965 32.2424,
	99.9306 32.4211,
	99.9976 32.5999,
	99.9753 32.7787,
	99.2826 33.4937,
	99.1261 33.6725,
	98.9474 33.8066,
	98.858 33.8513,
	98.5005 34.2088,
	98.3217 34.2759,
	98.2323 34.2088,
	98.0535 33.8513,
	98.0088 33.4937,
	98.0535 33.1362,
	98.1429 32.7787,
	98.4334 32.0636,
	98.5898 31.706,
	98.791 30.991,
	98.8133 30.9016,
	98.791 30.8122,
	98.7016 30.7452,
	98.6122 30.8122,
	98.277 31.5273,
	98.1653 31.8848,
	98.1429 32.2424,
	98.0535 32.5999,
	97.8971 32.9574,
	97.8077 33.1362,
	97.7407 33.2256,
	97.5619 33.2926,
	97.2044 32.9798,
	97.048 32.801,
	97.0033 32.4435,
	97.0033 32.2647,
	97.0033 32.22,
	"/>
</Transform>

<Transform dim="0"
 xcoef=" 0 1 0 0 0 0"
 ycoef=" 0 0 1 0 0 0">
<Contour name="TB1_NF22_RSL" hidden="false" closed="true" simplified="true" border="0.502 0.502 0" fill="0.502 0.502 0" mode="-9"
 points="33.8864 55.7718,
	33.9331 55.6226,
	33.9704 55.5574,
	33.989 55.5201,
	34.0636 55.4548,
	34.1382 55.4268,
	34.2874 55.4082,
	34.362 55.4175,
	34.3993 55.4175,
	34.5485 55.4734,
	34.6231 55.5014,
	34.9215 55.6693,
	35.0707 55.6972,
	35.1453 55.6879,
	35.2199 55.6413,
	35.3691 55.6133,
	35.4437 55.6133,
	35.5183 55.6506,
	35.5556 55.6693,
	35.6302 55.7439,
	35.826 56.0423,
	35.8913 56.1915,
	35.9193 56.2661,
	35.9379 56.4152,
	35.9099 56.7136,
	35.9099 56.7882,
	35.8913 56.8628,
	35.882 56.9001,
	35.854 56.9374,
	35.826 57.012,
	35.8074 57.0493,
	35.7328 57.0773,
	35.6582 57.068,
	35.6209 57.0587,
	35.6022 57.0587,
	35.5556 57.1333,
	35.4996 57.2825,
	35.4623 57.3571,
	35.4064 57.4223,
	35.3691 57.4503,
	35.2199 57.469,
	35.1453 57.469,
	35.0707 57.441,
	34.9961 57.3944,
	34.9308 57.3198,
	34.8842 57.2452,
	34.8656 57.2079,
	34.791 57.1612,
	34.6418 57.1146,
	34.5672 57.0773,
	34.5299 57.068,
	34.39 56.9468,
	34.334 56.8722,
	34.2874 56.723,
	34.2688 56.5738,
	34.1475 56.2754,
	34.0636 56.1262,
	33.9517 55.977,
	33.9237 55.9397,
	33.8864 55.7905,
	33.8864 55.7812,
	"/>
</Transform>

<Transform dim="0"
 xcoef=" 0 1 0 0 0 0"
 ycoef=" 0 0 1 0 0 0">
<Contour name="TB1_NF22_RSL" hidden="false" closed="true" simplified="true" border="0.502 0.502 0" fill="0.502 0.502 0" mode="-9"
 points="33.8305 54.2239,
	33.8585 54.1866,
	33.8585 54.168,
	33.9144 54.1027,
	33.989 54.0747,
	34.0543 54.14,
	34.0543 54.1773,
	34.0916 54.2519,
	34.1196 54.2799,
	34.1942 54.2239,
	34.2128 54.1866,
	34.2501 54.1773,
	34.3993 54.2239,
	34.4646 54.2892,
	34.5112 54.4384,
	34.5112 54.513,
	34.5112 54.5503,
	34.4646 54.6995,
	34.4366 54.7275,
	34.3993 54.7275,
	34.2594 54.6435,
	34.1942 54.5783,
	34.1755 54.5689,
	34.1475 54.5969,
	34.0729 54.5689,
	33.9237 54.4664,
	33.8678 54.4011,
	33.8398 54.3638,
	33.8305 54.2892,
	33.8305 54.2519,
	33.8305 54.2332,
	"/>
</Transform>

<Transform dim="0"
 xcoef=" 0 1 0 0 0 0"
 ycoef=" 0 0 1 0 0 0">
<Contour name="TB1_AP50_EM" hidden="false" closed="true" simplified="true" border="0 1 0" fill="0 1 0" mode="9"
 points="35.5904 52.2981,
	36.0995 51.5575,
	36.3309 50.817,
	36.6549 50.0765,
	36.7475 49.8914,
	36.9326 49.7063,
	37.0252 49.5212,
	37.7657 48.7807,
	38.1359 48.0402,
	38.2748 47.2997,
	38.8764 45.8186,
	39.1078 45.4484,
	39.2004 45.2633,
	39.2004 45.0781,
	39.3392 44.7079,
	39.3855 44.3376,
	39.5244 43.9674,
	39.6632 43.2269,
	39.7095 42.8566,
	39.8483 42.4864,
	40.2649 41.7459,
	40.3574 41.0054,
	40.4037 39.5244,
	40.4963 39.1541,
	40.6351 38.969,
	40.8202 39.0153,
	40.9128 39.0153,
	41.0979 39.2004,
	41.2831 39.2467,
	41.3756 39.2467,
	41.6996 39.6169,
	41.8384 40.3574,
	42.0236 40.7277,
	42.1624 41.4682,
	42.2087 41.5608,
	42.3938 41.5145,
	42.5789 41.3756,
	42.7641 41.3756,
	43.0418 41.7459,
	43.2269 42.1161,
	43.3194 42.3013,
	43.412 42.3938,
	43.412 42.4864,
	44.4302 43.9674,
	45.1244 44.7079,
	45.3095 44.8467,
	45.7724 45.5872,
	46.0963 46.3277,
	46.2815 47.8087,
	46.6054 48.5493,
	46.6517 48.7344,
	46.6054 48.8269,
	46.7443 49.1972,
	46.7443 49.5674,
	46.6517 49.9377,
	46.698 50.3079,
	46.698 50.4931,
	46.8368 50.8633,
	46.7443 51.2336,
	46.5591 51.6038,
	46.374 52.3443,
	45.8649 53.0848,
	45.6798 53.2237,
	45.6335 53.1774,
	44.893 53.9179,
	44.06 55.3989,
	43.8748 56.1394,
	43.6434 56.5097,
	43.3194 56.8799,
	42.5789 57.389,
	41.8384 57.5741,
	41.6533 57.5741,
	41.4682 57.4816,
	41.0979 57.5741,
	40.9128 57.6667,
	40.8202 57.6667,
	40.6814 57.5279,
	40.3112 57.4816,
	40.126 57.5279,
	39.9872 57.4816,
	39.9872 57.389,
	39.6169 57.1576,
	39.5706 57.1113,
	39.3855 57.2502,
	39.0153 57.1113,
	38.2748 56.6022,
	37.9508 56.232,
	37.5805 56.0468,
	37.3954 55.9543,
	36.7012 55.2138,
	36.5161 55.0749,
	36.2847 54.7047,
	36.1458 54.3344,
	35.6367 53.5939,
	35.5904 53.4088,
	35.683 53.2237,
	35.6367 52.4832,
	35.5904 52.3443,
	"/>
</Transform>

<Transform dim="0"
 xcoef=" 0 1 0 0 0 0"
 ycoef=" 0 0 1 0 0 0">
<Contour name="TB1_Shell_EM" hidden="false" closed="true" simplified="true" border="0 1 1" fill="0 1 1" mode="9"
 points="20.6297 33.5232,
	20.786 32.8981,
	20.8641 32.5855,
	21.8018 31.4134,
	22.8958 30.2412,
	23.521 29.6942,
	23.8335 29.4598,
	23.9898 29.3035,
	24.1461 29.3035,
	25.3182 28.3658,
	25.9434 27.8969,
	27.1155 26.6467,
	27.7407 26.0997,
	28.9909 25.3964,
	30.2412 25.1619,
	30.8664 25.0838,
	33.3669 25.4745,
	34.6172 26.0215,
	34.9298 26.0997,
	35.4768 26.7248,
	35.7112 27.0374,
	35.9456 27.6625,
	36.0238 27.9751,
	36.4145 28.6002,
	36.4145 28.7565,
	36.5708 28.9128,
	36.5708 29.0691,
	36.9615 29.6942,
	37.1178 30.3194,
	37.5085 30.9445,
	38.5244 31.9604,
	38.9932 32.5074,
	39.1495 32.6636,
	38.9932 32.8199,
	38.8369 33.4451,
	38.7588 33.7576,
	38.8369 34.0702,
	39.6965 35.3205,
	40.8686 36.3364,
	41.1812 36.4926,
	41.3375 36.6489,
	43.8381 37.6648,
	45.0883 38.0555,
	46.3386 38.7588,
	46.6512 38.9932,
	46.9638 39.0713,
	47.8233 40.2435,
	48.1359 40.8686,
	48.214 41.4938,
	48.761 42.7441,
	48.9173 43.3692,
	49.3862 43.9943,
	49.4643 44.3069,
	49.6206 44.4632,
	49.7769 45.0883,
	50.0895 45.7135,
	50.2458 45.8698,
	50.3239 47.12,
	50.3239 47.2763,
	50.4802 47.4326,
	50.5583 48.0578,
	50.402 50.5583,
	50.3239 51.8086,
	49.9332 54.3092,
	49.3862 56.8097,
	48.3703 59.3103,
	47.8233 60.5606,
	47.5889 61.1857,
	46.7293 62.436,
	45.4791 63.4519,
	44.2288 64.3114,
	44.0725 64.3114,
	43.7599 64.5459,
	43.6036 64.5459,
	43.4473 64.7022,
	43.2911 64.7022,
	43.1348 64.8584,
	41.8845 65.3273,
	40.6342 65.5617,
	39.3839 65.4836,
	38.1336 65.2492,
	36.8834 64.8584,
	36.2582 64.624,
	35.9456 64.3896,
	35.7894 64.3896,
	35.1642 63.9989,
	34.8516 63.7644,
	34.6954 63.7644,
	33.4451 62.6704,
	33.0544 62.2016,
	32.4292 61.5764,
	32.0385 61.0294,
	30.7882 60.0136,
	30.3194 59.3885,
	29.7724 58.9196,
	29.3035 58.2945,
	28.4439 55.7939,
	28.2095 55.1687,
	27.8188 54.6217,
	27.5062 54.3092,
	26.2559 53.4496,
	25.6308 53.0589,
	24.4587 51.8086,
	23.6772 50.5583,
	23.2865 49.308,
	23.2084 48.0578,
	23.6772 45.5572,
	24.3805 43.0566,
	24.2242 41.8063,
	24.068 41.1812,
	23.9898 40.8686,
	23.8335 40.7123,
	23.5991 40.0872,
	23.4428 39.7746,
	23.2865 39.6183,
	23.2865 39.4621,
	22.5832 38.2118,
	21.4892 35.7112,
	21.2548 35.0861,
	21.0985 34.7735,
	20.9422 34.6172,
	20.9422 34.4609,
	20.7078 34.1484,
	20.6297 33.6014,
	"/>
</Transform>

<Transform dim="0"
 xcoef=" 0 1 0 0 0 0"
 ycoef=" 0 0 1 0 0 0">
<Contour name="TB1_NF55_RSL" hidden="false" closed="true" simplified="true" border="0.502 0 0" fill="0.502 0 0" mode="-9"
 points="31.3795 31.8158,
	31.4418 31.7161,
	31.5416 31.6288,
	31.741 31.5416,
	31.8283 31.4543,
	31.8906 31.3545,
	31.928 31.2548,
	32.0278 31.2049,
	32.0776 31.2049,
	32.115 31.2423,
	32.1275 31.2922,
	32.2771 31.4792,
	32.327 31.4917,
	32.3768 31.5291,
	32.4142 31.6288,
	32.4392 31.6787,
	32.4516 31.7784,
	32.4516 31.8034,
	32.4766 31.8283,
	32.489 31.8158,
	32.5389 31.8657,
	32.6386 31.9156,
	32.7384 31.9405,
	32.8381 32.0028,
	32.8381 32.0278,
	32.9628 32.2272,
	32.9753 32.2522,
	32.9628 32.2646,
	32.8631 32.1774,
	32.8381 32.1524,
	32.8381 32.1774,
	32.9753 32.3768,
	33.1373 32.5763,
	33.2246 32.676,
	33.2869 32.7633,
	33.3243 32.8631,
	33.3368 33.0625,
	33.2994 33.1623,
	33.2745 33.2121,
	33.2495 33.2371,
	33.2371 33.2869,
	33.0999 33.4864,
	33.0002 33.6859,
	32.9254 33.7856,
	32.7259 33.7981,
	32.5264 33.7856,
	32.4267 33.7731,
	32.327 33.7357,
	32.2771 33.7233,
	32.1898 33.6485,
	32.14 33.5986,
	32.0776 33.4989,
	31.9031 33.0999,
	31.8408 32.9005,
	31.8283 32.8506,
	31.766 32.7509,
	31.766 32.7259,
	31.6288 32.5389,
	31.5665 32.4392,
	31.5665 32.4142,
	31.5291 32.3644,
	31.4418 32.1649,
	31.4044 32.0652,
	31.3795 31.8657,
	31.3795 31.8283,
	"/>
<Contour name="TB1_NF55_RSL" hidden="false" closed="true" simplified="true" border="0.502 0 0" fill="0.502 0 0" mode="-9"
 points="30.7187 36.84,
	30.7811 36.6406,
	30.8185 36.5408,
	30.9307 36.3414,
	30.9681 36.2416,
	30.9805 36.1917,
	31.1052 35.9923,
	31.1426 35.9424,
	31.18 35.8427,
	31.1925 35.7928,
	31.2174 35.7679,
	31.2299 35.718,
	31.3296 35.6307,
	31.4293 35.5809,
	31.4792 35.5435,
	31.5291 35.531,
	31.554 35.531,
	31.579 35.4313,
	31.4418 35.0323,
	31.3545 34.8328,
	31.3296 34.7331,
	31.3421 34.5336,
	31.4169 34.3342,
	31.4169 34.2843,
	31.4418 34.2344,
	31.6413 34.2469,
	31.6912 34.2718,
	31.7161 34.3217,
	31.7161 34.4214,
	31.7161 34.4713,
	31.6912 34.5212,
	31.6912 34.571,
	31.6662 34.596,
	31.6662 34.6209,
	31.6413 34.6458,
	31.6413 34.6957,
	31.6413 34.7206,
	31.741 34.8204,
	31.8657 35.0198,
	31.8657 35.0448,
	32.0652 35.0822,
	32.1649 35.1445,
	32.1898 35.1445,
	32.2646 35.2443,
	32.2896 35.2941,
	32.2896 35.4936,
	32.327 35.5933,
	32.3519 35.6307,
	32.4018 35.6806,
	32.4641 35.8801,
	32.4766 35.9798,
	32.4516 36.1793,
	32.4392 36.2291,
	32.3893 36.2665,
	32.3394 36.466,
	32.3394 36.5658,
	32.3145 36.6655,
	32.2522 36.7652,
	32.2148 36.8151,
	32.2148 36.84,
	32.1898 36.865,
	32.1026 37.0644,
	32.0901 37.1143,
	32.0028 37.1891,
	31.9031 37.214,
	31.8532 37.1891,
	31.8158 37.1392,
	31.7535 36.9398,
	31.7161 36.84,
	31.6288 37.027,
	31.4917 37.2265,
	31.3919 37.3138,
	31.2049 37.4384,
	31.1052 37.4509,
	31.0055 37.4384,
	30.9307 37.3387,
	30.8309 37.239,
	30.7561 37.1392,
	30.7187 37.0395,
	30.7187 36.8525,
	"/>
<Contour name="TB1_NF55_RSL" hidden="false" closed="true" simplified="true" border="0.502 0 0" fill="0.502 0 0" mode="-9"
 points="31.6912 34.5087,
	31.7286 34.4588,
	31.7784 34.4339,
	31.8283 34.4339,
	31.8782 34.4588,
	31.928 34.5087,
	31.9654 34.6084,
	31.9904 34.8079,
	31.9654 34.9076,
	31.953 34.9575,
	31.9405 34.9824,
	31.8034 34.7954,
	31.7535 34.7456,
	31.6912 34.5461,
	31.6912 34.5212,
	"/>
</Transform>

<Transform dim="0"
 xcoef=" 0 1 0 0 0 0"
 ycoef=" 0 0 1 0 0 0">
<Contour name="TB1_NF55_RSL" hidden="false" closed="true" simplified="true" border="0.502 0 0" fill="0.502 0 0" mode="-9"
 points="41.4337 41.2602,
	41.5256 41.0968,
	41.5256 41.0764,
	41.5767 40.9947,
	41.6073 40.9539,
	41.6584 40.7905,
	41.689 40.6271,
	41.6992 40.5454,
	41.7094 40.5046,
	41.7401 40.4638,
	41.7605 40.4433,
	41.8013 40.4433,
	41.883 40.5148,
	41.9545 40.6782,
	42.0566 41.0049,
	42.0872 41.0866,
	42.0872 41.1683,
	42.077 41.1887,
	42.0974 41.1989,
	42.0259 41.3623,
	41.9647 41.4337,
	41.883 41.5052,
	41.8013 41.5358,
	41.638 41.5358,
	41.5563 41.495,
	41.5358 41.495,
	41.4644 41.4133,
	41.4337 41.3316,
	41.4337 41.2908,
	41.4337 41.2704,
	"/>
<Contour name="TB1_NF55_RSL" hidden="false" closed="true" simplified="true" border="0.502 0 0" fill="0.502 0 0" mode="-9"
 points="42.5773 39.2896,
	42.6284 39.1262,
	42.7305 38.9628,
	42.7917 38.8811,
	42.8326 38.8505,
	42.9143 38.8301,
	42.9959 38.8301,
	43.1593 38.8811,
	43.3227 38.9628,
	43.3941 39.0241,
	43.4554 39.1875,
	43.486 39.3508,
	43.5881 39.6776,
	43.6392 39.8409,
	43.6596 40.0043,
	43.629 40.331,
	43.5677 40.6578,
	43.5167 40.8211,
	43.5167 41.1479,
	43.3839 41.8013,
	43.3635 41.883,
	43.3329 41.9238,
	43.3125 41.9443,
	43.2716 41.9341,
	43.2001 41.8524,
	43.1695 41.8115,
	43.1593 41.7707,
	43.0572 41.6073,
	43.0266 41.5665,
	43.0061 41.4848,
	43.0164 41.444,
	43.0266 41.4235,
	42.9551 41.2602,
	42.9245 41.1785,
	42.9143 40.8518,
	42.8734 40.6884,
	42.853 40.668,
	42.7611 40.3412,
	42.7305 40.1779,
	42.6998 40.0962,
	42.6794 40.0553,
	42.6794 40.0145,
	42.659 39.9737,
	42.659 39.8103,
	42.6284 39.6469,
	42.5977 39.5652,
	42.5773 39.4019,
	42.5773 39.3202,
	42.5773 39.2998,
	"/>
</Transform>

<Transform dim="0"
 xcoef=" 0 1 0 0 0 0"
 ycoef=" 0 0 1 0 0 0">
<Contour name="TB1_AP13_RSL_LYS" hidden="false" closed="true" simplified="true" border="0 0 0" fill="1 1 0" mode="-9"
 points="42.1421 52.8286,
	42.1769 52.7938,
	42.2699 52.7706,
	42.2931 52.7706,
	42.3744 52.9564,
	42.386 52.9796,
	42.328 53.0377,
	42.235 53.0377,
	42.1886 52.9913,
	42.1537 52.8983,
	42.1421 52.8519,
	42.1421 52.8402,
	"/>
</Transform>

</Section>