<?xml version="1.0"?>
<!DOCTYPE Section SYSTEM "section.dtd">

<Section index="500" thickness="0.085" alignLocked="true">
<Transform dim="0"
 xcoef=" 0 1 0 0 0 0"
 ycoef=" 0 0 1 0 0 0">
<Image mag="0.0079" contrast="1" brightness="0" red="true" green="true" blue="true"
 src="Aligned TF21500.tif" />
<Contour name="domain1" hidden="false" closed="true" simplified="false" border="1 0 1" fill="1 0 1" mode="11"
 points="0 0,
	15991 0,
	15991 12171,
	0 12171,
	"/>
</Transform>

<Transform dim="0"
 xcoef=" 0 1 0 0 0 0"
 ycoef=" 0 0 1 0 0 0">
<Contour name="TB1_Nuc47_PH" hidden="false" closed="true" simplified="true" border="0 0.501961 0" fill="0 0.501961 0" mode="9"
 points="37.6653 43.3173,
	37.7978 42.9641,
	38.0627 42.655,
	38.2393 42.5225,
	38.5926 42.4342,
	38.9458 42.4783,
	39.6523 42.6991,
	39.7406 42.6991,
	40.0939 42.9199,
	40.4471 43.2732,
	40.9329 43.9355,
	41.5069 44.5537,
	41.5511 44.9069,
	41.4627 44.9952,
	41.4186 45.3485,
	41.5069 45.5251,
	41.4627 46.2316,
	41.3303 46.4082,
	41.3303 46.5849,
	41.1978 46.9381,
	41.1536 47.1147,
	40.8004 47.0264,
	40.4471 46.8057,
	39.7406 46.6732,
	39.3874 46.6732,
	39.0341 46.4966,
	38.7251 46.2316,
	38.416 45.8784,
	38.2393 45.7017,
	38.151 45.3485,
	38.1952 44.9952,
	38.1952 44.8186,
	38.1069 44.7303,
	38.0627 44.5537,
	37.7978 44.2004,
	37.7095 44.0238,
	37.6653 43.3615,
	"/>
</Transform>

<Transform dim="0"
 xcoef=" 0 1 0 0 0 0"
 ycoef=" 0 0 1 0 0 0">
<Contour name="TB1_Nuc79_PH" hidden="false" closed="true" simplified="true" border="0 0 1" fill="0 0 1" mode="15"
 points="35.942 54.254,
	36.0994 53.8343,
	36.6766 52.9947,
	36.834 52.575,
	36.8864 52.5225,
	36.7815 52.3651,
	36.729 52.3126,
	36.5191 52.3651,
	36.3093 52.2602,
	36.2043 52.0503,
	36.2043 51.6305,
	36.3093 51.4206,
	36.2568 50.5811,
	36.4142 50.1614,
	36.4667 49.7416,
	36.4667 49.5317,
	36.3617 49.4268,
	36.3093 48.5873,
	36.2568 48.1675,
	36.2568 47.9576,
	36.4667 47.5379,
	36.5716 47.328,
	36.5716 47.1181,
	36.5716 47.0132,
	36.3617 46.9607,
	36.3093 46.5409,
	36.3617 46.331,
	36.5716 46.2261,
	36.6766 46.2261,
	36.8864 46.0162,
	37.0963 45.9638,
	37.3062 46.0687,
	37.3587 46.2786,
	37.5161 46.4885,
	37.9358 46.6459,
	38.1457 46.6983,
	38.4605 47.0132,
	38.6704 47.0132,
	38.8803 47.1706,
	38.9328 47.5903,
	38.8278 47.8002,
	38.7754 48.1675,
	38.8803 48.2724,
	39.0377 48.0626,
	39.0902 47.8527,
	39.2476 47.6428,
	39.3525 47.5903,
	39.5624 47.6953,
	39.8248 48.0626,
	40.0346 48.0626,
	40.4544 48.3249,
	40.6643 48.4823,
	40.7692 48.5873,
	40.8217 48.7971,
	40.6643 49.2169,
	40.5593 49.4268,
	40.5593 49.6367,
	40.4019 50.0564,
	40.4544 50.4762,
	40.297 50.8959,
	40.297 51.0009,
	40.1921 51.1058,
	40.0346 51.9453,
	39.7723 52.3651,
	39.6149 52.575,
	39.5099 52.6799,
	39.5099 52.8898,
	39.2476 53.7293,
	39.1426 53.9392,
	38.3031 54.2016,
	38.0932 54.3065,
	37.726 54.7263,
	37.4636 55.146,
	37.3062 55.5658,
	37.2537 55.7757,
	37.0438 55.9855,
	36.834 56.0905,
	36.6241 56.038,
	36.2568 55.6707,
	36.0469 55.251,
	35.942 54.8312,
	35.942 54.4114,
	35.942 54.3065,
	"/>
</Transform>

<Transform dim="0"
 xcoef=" 0 1 0 0 0 0"
 ycoef=" 0 0 1 0 0 0">
<Contour name="NTB1_PH2" hidden="false" closed="true" simplified="true" border="0.501961 0.501961 0.501961" fill="0.501961 0.501961 0.501961" mode="9"
 points="31.1842 24.1859,
	31.3521 23.738,
	31.4081 23.2902,
	31.4081 23.0662,
	31.5201 22.8423,
	31.912 22.3944,
	32.024 22.1704,
	32.4159 21.7226,
	32.5838 21.2747,
	32.6398 20.8268,
	33.5356 20.3229,
	33.9835 20.2669,
	34.2074 20.4349,
	34.3194 20.5468,
	35.2152 20.6028,
	35.4391 20.6588,
	35.4951 20.7148,
	35.5511 20.6028,
	35.4951 20.5468,
	35.6071 20.4909,
	35.943 20.9387,
	36.1669 21.0507,
	36.3909 21.0507,
	36.4469 21.1067,
	36.8947 21.0507,
	37.3426 21.3866,
	37.7345 21.8345,
	37.9585 22.2824,
	38.6863 23.1782,
	39.1902 24.074,
	39.3021 24.2979,
	39.4141 24.4099,
	39.4701 24.8578,
	39.4141 25.0817,
	39.4141 25.1937,
	39.1902 25.4176,
	39.1342 25.8655,
	38.7423 26.7613,
	38.2944 27.0412,
	37.8465 27.0972,
	37.3986 27.2652,
	37.0067 27.6571,
	36.6148 27.937,
	36.1669 27.993,
	35.943 27.993,
	35.4951 27.769,
	35.2712 27.6571,
	34.8793 27.2092,
	34.7673 26.9852,
	34.7673 26.7613,
	34.5433 26.5933,
	34.3194 26.6493,
	34.2074 26.7053,
	33.9835 26.5373,
	33.8715 26.3134,
	33.6476 26.2574,
	33.1997 26.4254,
	32.3039 26.2574,
	31.856 25.9775,
	31.5201 25.5856,
	31.1842 24.6898,
	31.1842 24.2419,
	"/>
</Transform>

<Transform dim="0"
 xcoef=" 0 1 0 0 0 0"
 ycoef=" 0 0 1 0 0 0">
<Contour name="NTB1_PH3" hidden="false" closed="true" simplified="true" border="0.501961 0.501961 0.501961" fill="0.501961 0.501961 0.501961" mode="9"
 points="25.6416 27.3211,
	25.6976 27.0972,
	26.0895 26.6493,
	26.2014 25.7535,
	26.4814 25.3057,
	26.6493 24.8578,
	27.0412 24.5218,
	27.1532 24.4099,
	27.3771 24.4659,
	27.5451 24.6898,
	27.713 24.8018,
	27.937 24.8018,
	28.1609 24.6338,
	28.3849 24.6338,
	28.6088 24.7458,
	28.8328 24.9697,
	29.0007 25.0817,
	29.1687 25.3057,
	29.2807 25.7535,
	29.5046 25.8655,
	29.6726 26.3134,
	29.6726 26.5373,
	29.5046 26.7613,
	29.0567 26.8173,
	28.8328 26.8733,
	28.7768 27.0412,
	29.0007 27.0972,
	29.2247 27.0412,
	29.4486 27.0972,
	29.5606 27.2092,
	29.5606 27.3211,
	30.0085 27.713,
	30.1764 27.937,
	30.3444 28.3849,
	30.7363 28.7768,
	30.9602 28.9447,
	31.1282 29.3926,
	31.1282 29.5046,
	31.5201 29.8965,
	31.6881 30.1204,
	31.744 30.5683,
	31.744 30.7923,
	31.912 31.2402,
	31.968 31.4641,
	31.912 31.6881,
	31.1282 32.4159,
	30.2324 32.3599,
	30.1204 32.4159,
	29.6726 32.3599,
	29.2247 32.1919,
	28.7768 32.1359,
	28.5528 32.08,
	28.3289 31.856,
	27.937 30.9602,
	27.937 30.7363,
	28.105 30.5123,
	28.3289 30.4004,
	28.4409 30.3444,
	28.5528 30.4004,
	28.7768 30.3444,
	28.8888 30.3444,
	29.0007 30.2324,
	29.0567 30.0085,
	28.8328 29.8405,
	27.937 29.7845,
	27.4891 29.5606,
	27.0412 29.2247,
	26.5933 29.1687,
	26.3694 29.0567,
	25.9775 28.6088,
	25.6976 28.1609,
	25.6416 27.713,
	25.6416 27.4891,
	25.6416 27.3771,
	"/>
</Transform>

<Transform dim="0"
 xcoef=" 0 1 0 0 0 0"
 ycoef=" 0 0 1 0 0 0">
<Contour name="NTB1_PH4" hidden="false" closed="true" simplified="true" border="0.501961 0.501961 0.501961" fill="0.501961 0.501961 0.501961" mode="-13"
 points="33.8715 30.6243,
	34.0395 30.1764,
	34.4314 29.7845,
	34.5993 29.3366,
	34.7673 29.1127,
	35.6631 28.7768,
	36.1109 28.7208,
	36.5588 28.4969,
	36.7828 28.4409,
	36.8947 28.3289,
	37.3426 28.2729,
	37.7905 28.105,
	38.2384 27.825,
	38.4624 27.6571,
	39.3581 27.3771,
	40.2539 27.4331,
	40.4778 27.3771,
	40.8697 27.769,
	41.0937 28.6648,
	41.2057 29.5606,
	41.2617 30.0085,
	41.2057 30.4564,
	41.0937 30.6803,
	41.0937 30.9042,
	41.2057 31.1282,
	41.2057 31.3521,
	41.0377 31.8,
	40.7578 32.2479,
	40.7018 32.4719,
	40.7578 32.6958,
	40.7018 32.9197,
	40.5338 33.1437,
	40.0859 33.3116,
	39.694 32.8638,
	39.5261 32.6958,
	39.4141 32.7518,
	39.3581 32.6958,
	39.2462 32.8078,
	39.2462 33.2557,
	38.9102 33.6476,
	38.7983 33.7035,
	38.3504 33.6476,
	38.2384 33.5916,
	37.7905 33.8155,
	36.8947 34.4314,
	36.4469 34.3754,
	35.999 34.1514,
	35.775 34.0395,
	35.3271 33.5916,
	35.2152 33.5916,
	34.7673 33.3116,
	34.5993 33.0877,
	34.5433 32.8638,
	34.2074 32.4159,
	34.0395 32.2479,
	34.0395 31.8,
	34.0954 31.5761,
	34.1514 31.4641,
	33.9835 31.0162,
	33.8715 30.7923,
	33.8715 30.6803,
	"/>
</Transform>

<Transform dim="0"
 xcoef=" 0 1 0 0 0 0"
 ycoef=" 0 0 1 0 0 0">
<Contour name="TB1_Nuc83_PH" hidden="false" closed="true" simplified="true" border="0 0.501961 0" fill="0 0.501961 0" mode="9"
 points="31.5791 47.3687,
	31.9596 46.3541,
	32.1498 46.1004,
	33.1644 45.6566,
	33.6717 45.7834,
	34.179 46.2273,
	34.4327 46.4809,
	34.7497 46.9882,
	34.8765 47.2419,
	35.0034 47.3687,
	35.0034 47.4955,
	35.1936 47.7492,
	35.5107 48.7637,
	35.7009 49.7783,
	35.7009 50.032,
	35.5107 50.5393,
	35.4472 51.5539,
	35.3838 52.0612,
	35.1936 52.5685,
	35.0034 52.8221,
	34.7497 52.8221,
	34.4961 52.5685,
	34.4327 52.4416,
	34.179 52.4416,
	33.6717 52.1246,
	33.2912 51.7441,
	33.0376 51.6807,
	32.784 51.427,
	32.5937 50.9198,
	32.5303 50.4125,
	32.2767 49.9052,
	31.7694 49.5247,
	31.6425 49.0174,
	31.5791 48.0028,
	31.5791 47.4955,
	31.5791 47.4321,
	"/>
</Transform>

<Transform dim="0"
 xcoef=" 0 1 0 0 0 0"
 ycoef=" 0 0 1 0 0 0">
<Contour name="TB1_Nuc85_PH" hidden="false" closed="true" simplified="true" border="0 0 1" fill="0 0 1" mode="-13"
 points="29.5499 48.1296,
	29.8036 48.0662,
	30.0572 48.1296,
	30.8816 49.1442,
	31.1987 50.1588,
	31.3255 50.6661,
	31.7059 51.1734,
	31.8962 51.427,
	32.023 51.9343,
	32.5937 52.9489,
	32.9742 53.9635,
	33.0376 54.4708,
	32.9742 54.7245,
	32.8474 54.8513,
	32.5937 54.9147,
	32.4669 54.9147,
	31.5791 53.9635,
	31.0084 52.9489,
	30.8182 51.9343,
	30.5011 51.427,
	29.8036 49.3979,
	29.6134 48.8906,
	29.5499 48.3833,
	29.5499 48.193,
	"/>
</Transform>

<Transform dim="0"
 xcoef=" 0 1 0 0 0 0"
 ycoef=" 0 0 1 0 0 0">
<Contour name="TB1_AP12_EM" hidden="false" closed="true" simplified="true" border="0.792157 0 0" fill="1 0.701961 0.701961" mode="9"
 points="35.4004 42.743,
	35.4563 42.729,
	35.5121 42.7569,
	35.54 42.7709,
	35.5679 42.743,
	35.5819 42.6313,
	35.5679 42.4079,
	35.6238 42.3661,
	36.0705 42.2125,
	36.1263 42.1706,
	36.1822 42.1567,
	36.238 42.1706,
	36.2938 42.1567,
	36.5032 41.9473,
	36.7266 41.8635,
	36.8382 41.7937,
	36.9359 41.696,
	37.0057 41.5843,
	37.0476 41.5285,
	37.0755 41.5006,
	37.2989 41.5146,
	37.4106 41.5146,
	37.4385 41.5146,
	37.5362 41.4029,
	37.6479 41.3331,
	37.7595 41.3191,
	37.9829 41.347,
	38.0946 41.3331,
	38.3179 41.2633,
	38.4296 41.3052,
	38.4575 41.3191,
	38.5692 41.2772,
	38.7786 41.0539,
	38.8344 41.026,
	39.0577 41.0958,
	39.1694 41.1377,
	39.2252 41.1656,
	39.4346 41.3889,
	39.658 41.5146,
	39.7697 41.5564,
	39.8813 41.5704,
	40.1047 41.6821,
	40.1605 41.71,
	40.2163 41.71,
	40.663 41.8914,
	40.7608 42.0031,
	40.8166 42.1148,
	40.9003 42.2265,
	41.012 42.3381,
	41.1237 42.394,
	41.347 42.4498,
	41.4587 42.4917,
	41.6821 42.7011,
	41.7379 42.7569,
	41.8356 42.8267,
	41.9612 43.0501,
	42.0031 43.1617,
	42.0729 43.2734,
	42.1008 43.3292,
	42.2125 43.3572,
	42.2544 43.3851,
	42.3242 43.6084,
	42.3381 43.7201,
	42.4079 43.8318,
	42.5057 43.9295,
	42.5615 43.9853,
	42.5754 44.097,
	42.5754 44.1528,
	42.6732 44.3762,
	42.7011 44.4879,
	42.6871 44.5995,
	42.6313 44.7112,
	42.6592 44.8229,
	42.6173 45.0462,
	42.5894 45.1579,
	42.6313 45.3812,
	42.6592 45.4929,
	42.6592 45.5487,
	42.715 45.6604,
	42.729 45.7163,
	42.6871 45.9396,
	42.729 46.0513,
	42.743 46.1071,
	42.6034 46.5538,
	42.5894 46.7772,
	42.5057 47.0005,
	42.5057 47.0563,
	42.4359 47.1541,
	42.2125 47.168,
	42.1008 47.1541,
	42.045 47.1401,
	42.0171 47.1122,
	42.059 47.0563,
	42.0869 46.9447,
	42.1008 46.8888,
	42.1148 46.8609,
	42.1008 46.833,
	42.2404 46.6096,
	42.3521 46.5398,
	42.4219 46.3165,
	42.38 46.2048,
	42.3661 46.0932,
	42.2265 45.8698,
	42.1706 45.7581,
	42.1427 45.5348,
	42.1288 45.4231,
	42.1427 45.3114,
	42.059 44.8647,
	42.0729 44.7531,
	42.0869 44.6972,
	42.059 44.5856,
	42.0729 44.3622,
	42.0869 44.3064,
	41.9892 44.083,
	41.9194 43.9714,
	41.8635 43.9155,
	41.7379 43.6922,
	41.696 43.6363,
	41.6541 43.5247,
	41.6123 43.4688,
	41.4448 43.0221,
	41.375 42.9105,
	41.3191 42.8546,
	41.2074 42.8128,
	41.1516 42.8128,
	41.0399 42.7569,
	40.9841 42.729,
	40.9283 42.743,
	40.8724 42.729,
	40.8166 42.6871,
	40.7887 42.6313,
	40.7328 42.5894,
	40.7049 42.5754,
	40.6491 42.5894,
	40.5374 42.5336,
	40.342 42.3102,
	40.2303 42.2404,
	40.0488 42.031,
	39.9372 42.0031,
	39.7138 41.8635,
	39.4905 41.7798,
	39.3788 41.7379,
	39.2671 41.7519,
	39.1555 41.7937,
	39.0996 41.7798,
	38.9879 41.6821,
	38.8763 41.6402,
	38.6529 41.6262,
	38.5412 41.6123,
	38.5133 41.5843,
	38.4017 41.5983,
	38.3458 41.5843,
	38.29 41.5983,
	38.1783 41.696,
	38.1504 41.71,
	38.0946 41.6821,
	37.8712 41.8356,
	37.8154 41.8496,
	37.7037 41.8217,
	37.6479 41.8496,
	37.5501 41.9612,
	37.5083 42.0171,
	37.4524 42.045,
	37.3408 42.1567,
	37.2291 42.1985,
	37.1872 42.1706,
	37.0755 42.2683,
	36.9639 42.3242,
	36.922 42.38,
	36.908 42.6034,
	36.922 42.8267,
	36.908 42.9384,
	36.7964 43.1617,
	36.7545 43.2176,
	36.7684 43.3292,
	36.7684 43.3851,
	36.7266 43.4968,
	36.6986 43.7201,
	36.6847 43.8318,
	36.7126 44.2785,
	36.6986 44.3343,
	36.7266 44.446,
	36.7266 44.5018,
	36.8522 44.7252,
	36.8941 44.781,
	36.908 44.8368,
	36.8661 45.0602,
	36.8801 45.1719,
	36.922 45.2277,
	36.9359 45.2696,
	36.922 45.3254,
	37.0476 45.5487,
	37.2291 45.7721,
	37.3268 45.8838,
	37.3826 45.9396,
	37.4106 45.9675,
	37.4385 46.1909,
	37.4943 46.2467,
	37.7177 46.3305,
	38.1644 46.6236,
	38.276 46.6655,
	38.4994 46.8051,
	38.5552 46.833,
	38.5831 46.8888,
	39.0298 47.182,
	39.1415 47.2657,
	39.2532 47.3216,
	39.3509 47.4332,
	39.4067 47.4751,
	39.4626 47.4751,
	39.6859 47.5868,
	40.1326 47.6705,
	40.3559 47.7683,
	40.4676 47.8241,
	40.5793 47.9078,
	40.8445 48.3545,
	40.9003 48.3964,
	40.9143 48.4104,
	41.026 48.3127,
	41.0818 48.2568,
	41.1097 48.2289,
	41.2214 48.2149,
	41.3331 48.2429,
	41.3889 48.2568,
	41.4448 48.2429,
	41.5564 48.1312,
	41.6541 47.9078,
	41.7239 47.6845,
	41.7798 47.5728,
	41.8775 47.4612,
	41.9473 47.3495,
	41.9752 47.3076,
	42.0869 47.2936,
	42.3102 47.3355,
	42.3242 47.3634,
	42.2823 47.4751,
	42.2404 47.5309,
	42.1288 47.5449,
	42.0171 47.6566,
	41.9612 47.7124,
	41.9333 47.8241,
	41.9473 47.8799,
	41.9054 48.1033,
	41.9054 48.3266,
	41.8217 48.4383,
	41.71 48.55,
	41.5983 48.6058,
	41.5425 48.6477,
	41.4308 48.6616,
	41.3191 48.6477,
	41.2074 48.6756,
	41.1516 48.6896,
	41.0399 48.8012,
	40.9143 49.0246,
	40.8166 49.4713,
	40.7747 49.5829,
	40.7468 49.8063,
	40.7189 49.8621,
	40.7328 49.9738,
	40.8026 50.1971,
	40.9003 50.4205,
	40.9562 50.5322,
	40.9841 50.588,
	40.9981 50.8114,
	40.9562 50.923,
	40.9422 50.937,
	40.9143 50.8811,
	40.9003 50.7695,
	40.8166 50.5461,
	40.691 50.0994,
	40.677 50.0855,
	40.663 50.1971,
	40.5932 50.4205,
	40.5932 50.6438,
	40.5653 50.7555,
	40.5793 50.8672,
	40.5514 50.9789,
	40.4537 51.2022,
	40.4257 51.3139,
	40.328 51.5372,
	40.328 51.5931,
	40.2443 51.8164,
	39.993 52.2631,
	39.9511 52.3748,
	39.9372 52.4865,
	39.8674 52.7098,
	39.8395 52.9331,
	39.7976 53.0448,
	39.658 53.2682,
	39.6301 53.3798,
	39.5044 53.6032,
	39.4905 53.7149,
	39.4765 53.7707,
	39.5044 53.8824,
	39.4765 54.1057,
	39.4486 54.2174,
	39.4346 54.2732,
	39.3928 54.3291,
	39.3369 54.343,
	39.2811 54.3291,
	39.0577 54.1476,
	38.9461 54.1057,
	38.8902 54.1057,
	38.6669 54.2313,
	38.4435 54.3011,
	38.3319 54.4128,
	38.2202 54.4547,
	38.1644 54.4268,
	38.1364 54.4128,
	38.0946 54.4547,
	38.0806 54.5105,
	37.8852 54.692,
	37.8154 54.8037,
	37.6758 55.2504,
	37.4804 55.6971,
	37.3966 55.8087,
	37.3268 56.0321,
	37.3128 56.1438,
	37.3268 56.1996,
	37.3128 56.2554,
	37.3128 56.2833,
	37.257 56.3252,
	37.0337 56.2973,
	36.922 56.3113,
	36.6986 56.409,
	36.6428 56.4369,
	36.6149 56.4369,
	36.5172 56.5346,
	36.4055 56.6044,
	36.2101 56.8278,
	36.0565 57.0511,
	35.9867 57.2744,
	35.9588 57.3861,
	35.9448 57.442,
	36.0146 57.6653,
	36.0146 57.7211,
	35.9867 57.7351,
	35.903 57.6234,
	35.8611 57.5676,
	35.8053 57.3442,
	35.8332 57.2326,
	35.7215 57.0092,
	35.7075 56.7859,
	35.6796 56.6742,
	35.5819 56.4509,
	35.5679 56.3392,
	35.5819 56.2275,
	35.5819 56.1717,
	35.5679 56.1438,
	35.5959 56.0321,
	35.5959 55.9762,
	35.554 55.9204,
	35.4982 55.9204,
	35.4702 55.9204,
	35.4423 55.8925,
	35.54 55.7808,
	35.6098 55.6691,
	35.6657 55.4458,
	35.6517 55.3341,
	35.6796 55.1108,
	35.7773 54.8874,
	35.8192 54.6641,
	35.8332 54.4407,
	35.8053 54.2174,
	35.8192 53.994,
	35.8332 53.8824,
	35.8471 53.8265,
	35.7773 53.3798,
	35.7773 53.2682,
	35.8053 53.2123,
	35.8192 53.1844,
	35.7913 53.0727,
	35.9169 52.626,
	35.9867 52.4027,
	36.0426 52.291,
	36.1124 52.0677,
	36.1682 51.956,
	36.2101 51.7327,
	36.224 51.7047,
	36.2101 51.5931,
	36.238 51.1464,
	36.2519 50.923,
	36.238 50.6997,
	36.1542 50.253,
	36.1822 50.0296,
	36.2659 49.918,
	36.3217 49.8761,
	36.2938 49.6527,
	36.2659 49.5411,
	36.2938 49.4294,
	36.2938 49.3177,
	36.3497 49.206,
	36.3636 49.1502,
	36.3217 48.9269,
	36.3217 48.8152,
	36.2799 48.5918,
	36.2519 48.4802,
	36.238 48.0335,
	36.1961 47.9218,
	36.1961 47.866,
	36.1822 47.8381,
	36.224 47.6147,
	36.2519 47.168,
	36.224 46.9447,
	36.1542 46.833,
	36.1263 46.7772,
	36.0984 46.5538,
	36.0844 46.4421,
	36.1124 46.2188,
	36.1263 46.1071,
	36.0705 45.8838,
	36.0426 45.6604,
	36.0146 45.5487,
	36.0565 45.3254,
	36.0146 45.1021,
	35.9309 44.8787,
	35.7913 44.6554,
	35.5959 44.432,
	35.4423 44.2087,
	35.4144 44.1528,
	35.4423 44.097,
	35.4563 44.0691,
	35.4982 44.1808,
	35.5261 44.2087,
	35.5261 44.2366,
	35.6377 44.3343,
	35.6936 44.3762,
	35.7215 44.3901,
	35.7355 44.3622,
	35.6657 44.1389,
	35.6517 44.083,
	35.6657 44.0272,
	35.6238 43.9155,
	35.6238 43.6922,
	35.5261 43.4688,
	35.4982 43.413,
	35.4982 43.3851,
	35.5261 43.3711,
	35.5819 43.3851,
	35.6377 43.3432,
	35.6657 43.2315,
	35.6377 43.1199,
	35.5121 42.8965,
	35.4284 42.7848,
	35.4144 42.7569,
	"/>
</Transform>

<Transform dim="0"
 xcoef=" 0 1 0 0 0 0"
 ycoef=" 0 0 1 0 0 0">
<Contour name="TB1_AP22_EM" hidden="false" closed="true" simplified="true" border="0.133333 0.568627 1" fill="0 1 0" mode="9"
 points="29.2431 47.211,
	29.3153 46.9797,
	29.3587 46.8641,
	29.3876 46.8063,
	29.6189 46.6183,
	29.7346 46.3871,
	29.7924 46.2714,
	29.8357 46.0401,
	29.8502 45.9245,
	30.414 44.9993,
	30.6163 44.7681,
	30.7898 44.5368,
	31.0211 44.3778,
	31.0644 44.2621,
	31.2668 44.0308,
	31.3102 43.9152,
	31.3969 43.7996,
	31.4981 43.7273,
	31.6137 43.7128,
	31.6716 43.6695,
	31.7294 43.655,
	31.9462 43.4671,
	32.0329 43.3659,
	32.2642 43.3514,
	32.3799 43.337,
	32.4377 43.3225,
	32.669 43.1491,
	32.7702 43.0334,
	33.0014 42.9322,
	33.2327 42.86,
	33.3484 42.8311,
	33.4062 42.8166,
	33.4351 42.7877,
	33.6664 42.7732,
	33.782 42.7443,
	33.8977 42.7588,
	33.9555 42.7732,
	34.0711 42.7299,
	34.3024 42.7154,
	34.3602 42.7154,
	34.4759 42.6576,
	34.7072 42.5853,
	34.765 42.5419,
	34.8228 42.5275,
	34.8806 42.4841,
	34.9963 42.4408,
	35.1119 42.4408,
	35.1697 42.4263,
	35.2276 42.4408,
	35.2565 42.4119,
	35.3721 42.4263,
	35.4155 42.4841,
	35.4155 42.5998,
	35.3721 42.6576,
	35.3143 42.672,
	35.2709 42.7154,
	35.3288 42.8311,
	35.4444 42.9467,
	35.4733 43.0045,
	35.4589 43.1202,
	35.4444 43.178,
	35.4155 43.2069,
	35.2998 43.2213,
	35.242 43.2069,
	35.1264 43.2792,
	35.0107 43.2647,
	34.7795 43.0912,
	34.6638 43.0334,
	34.6349 43.0045,
	34.5193 43.0045,
	34.4614 43.0045,
	34.4325 42.9901,
	34.3747 43.0045,
	34.1434 43.2069,
	33.9989 43.4382,
	33.9555 43.496,
	33.8977 43.5105,
	33.782 43.4815,
	33.6664 43.4237,
	33.4351 43.4237,
	33.3195 43.4671,
	33.2616 43.496,
	33.1749 43.6116,
	33.0593 43.7128,
	33.0014 43.7273,
	32.8858 43.7996,
	32.6545 43.8863,
	32.4232 43.8718,
	32.3654 43.8574,
	32.2498 43.8718,
	32.1341 43.9441,
	32.0329 44.1754,
	31.9751 44.4067,
	31.8739 44.638,
	31.845 44.7536,
	31.8017 44.8114,
	31.7872 44.8693,
	31.5993 45.1005,
	31.4836 45.2017,
	31.4114 45.3174,
	31.3825 45.3463,
	31.368 45.4041,
	31.3102 45.4475,
	31.2524 45.4619,
	31.2234 45.4908,
	31.1945 45.4908,
	31.0789 45.6065,
	31.0211 45.6643,
	30.9777 45.7799,
	30.9922 45.8956,
	30.9633 46.1269,
	30.9343 46.2425,
	30.8476 46.3437,
	30.7898 46.3581,
	30.732 46.3437,
	30.6163 46.3871,
	30.5151 46.4738,
	30.4573 46.5894,
	30.4284 46.7051,
	30.5296 46.9364,
	30.5874 47.052,
	30.6308 47.2833,
	30.6308 47.3411,
	30.544 47.5724,
	30.5296 47.688,
	30.5585 47.8037,
	30.6886 48.035,
	30.8765 48.4975,
	31.1367 49.4227,
	31.209 49.654,
	31.3102 49.8852,
	31.5993 50.8104,
	31.8595 51.2729,
	32.0474 51.7355,
	32.0763 51.8512,
	32.2787 52.3137,
	32.4811 52.545,
	32.6545 52.7763,
	32.7991 53.0076,
	32.8858 53.1232,
	32.9436 53.1377,
	33.0014 53.1232,
	33.0304 53.1088,
	33.0882 53.1377,
	33.2472 53.369,
	33.3339 53.4846,
	33.4496 53.5569,
	33.5652 53.5858,
	33.623 53.6003,
	33.6953 53.7159,
	33.7387 53.8315,
	33.8109 54.2941,
	33.9266 54.5254,
	33.9555 54.5832,
	34.0711 54.6699,
	34.1001 54.7278,
	34.2012 54.8434,
	34.2302 54.9012,
	34.3458 55.0024,
	34.4614 55.0313,
	34.5771 55.0891,
	34.6927 55.2048,
	34.7072 55.3204,
	34.6927 55.4361,
	34.7361 55.6674,
	34.7361 55.6963,
	34.6349 55.8119,
	34.6204 55.9276,
	34.6494 56.0432,
	34.606 56.1588,
	34.5771 56.2167,
	34.5626 56.2456,
	34.6638 56.4769,
	34.7072 56.5925,
	34.7361 56.8238,
	34.8373 57.0551,
	34.8951 57.1707,
	35.0975 57.402,
	35.2131 57.5032,
	35.2565 57.561,
	35.2565 57.6766,
	35.1987 57.6911,
	35.1408 57.6766,
	34.9095 57.4743,
	34.7939 57.4309,
	34.6783 57.3153,
	34.3747 56.8527,
	34.2591 56.7515,
	34.1434 56.6937,
	33.9121 56.6648,
	33.7965 56.6792,
	33.7387 56.6648,
	33.6808 56.6792,
	33.5652 56.6359,
	33.5074 56.6214,
	33.4785 56.607,
	33.3628 56.6503,
	33.2616 56.5925,
	33.1605 56.3612,
	33.0593 56.2456,
	32.9003 56.0143,
	32.669 55.7975,
	32.5967 55.6818,
	32.5533 55.6384,
	32.4377 55.6095,
	32.3221 55.5373,
	32.2353 55.4216,
	32.1775 55.3638,
	32.0329 55.1325,
	31.9173 54.9012,
	31.686 54.6699,
	31.4547 54.5254,
	31.3825 54.4097,
	31.3246 54.1785,
	31.1078 53.7159,
	31.0789 53.6003,
	30.9777 53.369,
	30.9054 53.1377,
	30.8621 52.9064,
	30.8621 52.7908,
	30.732 52.5595,
	30.544 52.0969,
	30.3995 51.6343,
	30.3561 51.403,
	30.3417 51.2874,
	30.2549 51.0561,
	30.1827 50.9405,
	30.0815 50.8248,
	29.9514 50.5936,
	29.8791 50.3623,
	29.8357 50.2466,
	29.8213 50.2177,
	29.8791 50.1021,
	29.749 49.6395,
	29.6478 49.4082,
	29.59 49.2926,
	29.5177 49.0613,
	29.4744 48.9456,
	29.4599 48.7144,
	29.4599 48.5987,
	29.3298 48.1361,
	29.3732 47.9049,
	29.3298 47.6736,
	29.2864 47.5579,
	29.2431 47.3267,
	29.2431 47.2255,
	"/>
</Transform>

<Transform dim="0"
 xcoef=" 0 1 0 0 0 0"
 ycoef=" 0 0 1 0 0 0">
<Contour name="TB2_AP11_EM" hidden="false" closed="true" simplified="true" border="0 1 0" fill="0 1 0" mode="9"
 points="68.2038 24.7867,
	68.2501 24.7404,
	68.4353 24.8098,
	68.5278 24.8098,
	68.5741 24.833,
	68.7593 24.7404,
	68.9444 24.5784,
	68.9907 24.3932,
	68.9907 24.3007,
	68.8056 23.9304,
	68.7593 23.8378,
	68.5741 23.7221,
	68.4815 23.6758,
	68.389 23.5832,
	68.2964 23.3981,
	68.3195 23.3055,
	68.6204 22.9352,
	68.7361 22.75,
	68.7361 22.7038,
	68.875 22.5186,
	68.875 22.4723,
	69.1759 22.102,
	69.1759 22.0557,
	69.3379 21.8706,
	69.7082 21.7086,
	69.8933 21.616,
	70.0784 21.5697,
	70.4487 21.3151,
	70.7959 20.9911,
	70.981 20.9217,
	71.0736 20.8986,
	71.2588 20.9448,
	71.3513 20.9217,
	71.5365 20.7597,
	71.6522 20.5746,
	71.6985 20.5514,
	71.8836 20.5977,
	72.0688 20.5283,
	72.1614 20.482,
	72.2076 20.5283,
	72.3928 20.5514,
	72.4391 20.5977,
	72.4391 20.7828,
	72.5317 20.8523,
	72.5779 20.8523,
	72.6705 20.9448,
	72.7631 21.13,
	72.8094 21.1763,
	72.9945 21.1069,
	73.1565 21.2226,
	73.2491 21.4077,
	73.2722 21.5003,
	73.4343 21.616,
	73.5268 21.6854,
	73.55 21.778,
	73.4574 21.8706,
	73.2722 21.9169,
	73.226 22.0094,
	73.2722 22.3797,
	73.388 22.75,
	73.4343 22.8426,
	73.5268 22.912,
	73.712 22.9583,
	74.4063 23.6758,
	74.846 24.4164,
	75.0312 24.6015,
	75.0774 24.6941,
	75.1237 24.7404,
	75.1237 24.7867,
	75.1932 24.8792,
	75.3089 25.2495,
	75.3552 25.4347,
	75.3089 25.805,
	75.1237 26.1753,
	75.0312 26.5456,
	74.9154 28.0268,
	74.9386 28.7673,
	74.9617 29.1376,
	74.9386 29.3228,
	74.684 30.0634,
	74.6146 30.2485,
	74.5683 30.2948,
	74.5451 30.3874,
	74.4757 30.48,
	74.4757 30.5262,
	74.3137 30.7114,
	74.2674 30.7577,
	74.2674 30.804,
	73.5963 31.5446,
	73.2954 31.9149,
	73.1102 32.1,
	73.064 32.1926,
	72.9714 32.2852,
	72.8788 32.4703,
	72.6242 32.8406,
	72.4159 33.2109,
	72.1614 33.5812,
	71.9068 34.3218,
	71.7448 34.6921,
	71.6522 34.8772,
	71.6059 35.2475,
	71.5365 35.4327,
	71.1662 35.803,
	71.0042 35.9881,
	70.9348 36.0807,
	70.9579 36.1038,
	70.8653 36.1733,
	70.819 36.2195,
	70.7728 36.2195,
	70.5876 36.0344,
	70.4487 35.6641,
	70.3562 35.2938,
	70.3099 34.9235,
	70.3099 34.7384,
	70.2636 34.6458,
	70.2636 34.5532,
	70.2173 34.5069,
	70.171 34.3218,
	70.0784 34.1366,
	70.0553 34.0441,
	69.9859 33.9515,
	69.9164 33.7663,
	69.847 33.6738,
	69.7313 33.3035,
	69.5693 31.8223,
	69.523 30.3411,
	69.4767 29.9708,
	69.4767 29.6005,
	69.4767 29.4154,
	69.361 29.0451,
	69.3147 28.9525,
	69.2221 28.2119,
	69.199 27.8416,
	69.2684 27.101,
	69.2916 26.7307,
	69.2221 26.3604,
	69.1759 26.1753,
	68.8287 25.4347,
	68.5047 25.0644,
	68.3195 24.9487,
	68.227 24.8792,
	68.2038 24.8098,
	"/>
</Transform>

<Transform dim="0"
 xcoef=" 0 1 0 0 0 0"
 ycoef=" 0 0 1 0 0 0">
<Contour name="TB0_Nuc11_EM" hidden="false" closed="true" simplified="true" border="0.823529 0 0" fill="0 1 0" mode="9"
 points="17.5048 58.3729,
	17.6689 57.623,
	17.7626 57.4356,
	17.7626 57.3887,
	17.9501 57.2247,
	18.325 56.9669,
	18.5125 56.8732,
	18.6297 56.6857,
	19.0046 56.6154,
	19.3795 56.4514,
	19.7545 56.4748,
	20.1294 56.4514,
	20.2466 56.6154,
	20.27 56.7091,
	20.2466 56.8029,
	20.0591 56.9903,
	19.9654 57.0606,
	19.9419 57.1075,
	20.0591 57.2715,
	20.0591 57.3653,
	19.9654 57.5527,
	19.6373 57.9277,
	19.5436 58.0214,
	19.4733 58.0683,
	19.3327 58.2557,
	19.2624 58.4432,
	19.2155 58.4901,
	19.1452 58.6775,
	19.0983 58.7244,
	18.9577 59.0994,
	18.7 59.4743,
	18.5125 59.6149,
	18.325 59.6618,
	17.9735 59.404,
	17.6689 59.0291,
	17.5517 58.8416,
	17.5048 58.7478,
	17.5048 58.3963,
	"/>
<Contour name="TB0_Nuc11_EM" hidden="false" closed="true" simplified="true" border="0.823529 0 0" fill="0 1 0" mode="9"
 points="18.161 55.0688,
	18.2078 54.6938,
	18.2078 54.3189,
	18.2547 53.944,
	18.3485 53.569,
	18.4891 53.1941,
	18.6765 53.0301,
	19.0515 52.9598,
	19.4264 52.9363,
	19.6139 53.0301,
	19.8013 53.1941,
	19.9888 53.3113,
	20.0825 53.3816,
	20.1763 53.405,
	20.27 53.4753,
	20.3169 53.569,
	20.2231 53.6628,
	20.1294 53.7096,
	19.7545 53.7331,
	19.567 53.8034,
	19.4967 53.8737,
	19.6139 53.9205,
	19.9888 53.8034,
	20.0825 53.8034,
	20.2466 53.8971,
	20.2934 53.944,
	20.3872 53.9674,
	20.4809 53.8971,
	20.6684 53.9205,
	20.7621 54.0143,
	20.7387 54.2017,
	20.8324 54.2252,
	20.9261 54.2017,
	20.973 54.2017,
	21.0199 54.2955,
	21.0199 54.3892,
	20.9261 54.4829,
	20.809 54.6235,
	20.6215 54.7407,
	20.5278 54.7642,
	20.4575 54.8579,
	20.434 54.9516,
	20.4575 54.9985,
	20.5512 55.0219,
	20.6449 54.9985,
	20.809 54.8579,
	20.9027 54.811,
	21.2542 54.4829,
	21.3714 54.2955,
	21.4651 54.2252,
	21.5354 54.2017,
	21.7229 54.2252,
	21.8166 54.2486,
	21.9806 54.4126,
	22.0041 54.6001,
	21.9806 54.7876,
	21.8166 55.1625,
	21.512 55.5375,
	21.3479 55.7015,
	21.3011 55.7484,
	21.2073 55.7718,
	20.8324 55.6546,
	20.6449 55.6546,
	20.5512 55.6546,
	20.3637 55.7718,
	20.27 55.7952,
	20.1997 55.889,
	20.3872 55.9358,
	20.4809 55.9593,
	20.6449 56.1233,
	20.6449 56.217,
	20.5746 56.2873,
	20.1997 56.2873,
	20.1528 56.2639,
	19.9654 56.2873,
	19.7779 56.2639,
	19.5904 56.3108,
	19.403 56.3108,
	19.2155 56.2405,
	19.1218 56.217,
	18.9343 56.2873,
	18.7468 56.2639,
	18.5594 56.1467,
	18.4891 56.0999,
	18.325 55.9358,
	18.2078 55.7484,
	18.161 55.5609,
	18.161 55.186,
	18.161 55.0922,
	"/>
</Transform>

<Transform dim="0"
 xcoef=" 0 1 0 0 0 0"
 ycoef=" 0 0 1 0 0 0">
<Contour name="TB2_AP14_EM" hidden="false" closed="true" simplified="true" border="0 1 0" fill="0 1 0" mode="9"
 points="64.9588 58.136,
	65.0154 57.683,
	65.0296 57.23,
	65.1004 56.777,
	65.1287 56.5506,
	65.1145 56.0976,
	65.0721 55.6446,
	65.0579 55.1916,
	65.1428 54.2857,
	65.2419 54.0592,
	65.2702 54.0026,
	65.3269 53.946,
	65.3835 53.9177,
	65.4401 53.861,
	65.5533 53.8186,
	65.6666 53.8469,
	65.7798 53.8327,
	65.8506 53.7336,
	65.9497 53.6204,
	66.0063 53.5638,
	66.2328 53.4505,
	66.346 53.4081,
	66.3744 53.3939,
	66.6008 53.5213,
	66.8556 53.9743,
	66.983 54.2008,
	67.068 54.4273,
	67.2803 54.6113,
	67.3935 54.6962,
	67.62 54.8236,
	68.073 55.0076,
	68.2995 55.1492,
	68.7525 55.3474,
	68.9789 55.4889,
	69.4319 55.7154,
	69.8849 55.9985,
	70.7908 56.862,
	71.0173 57.0885,
	71.2438 57.2442,
	71.4703 57.3574,
	71.6968 57.4282,
	71.81 57.4423,
	72.0365 57.5131,
	72.1497 57.5556,
	72.2064 57.5697,
	72.263 57.6122,
	72.2913 57.6122,
	72.5178 57.8245,
	72.7018 58.051,
	72.815 58.136,
	72.9283 58.1501,
	73.0415 58.136,
	73.0981 58.1501,
	73.1548 58.136,
	73.3812 58.1926,
	73.4945 58.235,
	73.5936 58.3341,
	73.6644 58.4474,
	73.7351 58.6739,
	73.7776 58.7871,
	73.8767 58.8862,
	73.9333 58.9428,
	74.0465 58.9853,
	74.1032 59.0136,
	74.1598 59.0702,
	74.2589 59.2967,
	74.3155 59.4099,
	74.4995 59.6364,
	74.542 59.7497,
	74.5703 59.9761,
	74.5703 60.4291,
	74.5278 60.8821,
	74.4854 61.1086,
	74.4712 61.2218,
	74.4429 61.2784,
	74.4429 61.3351,
	74.358 61.5615,
	74.1456 62.0145,
	74.0607 62.241,
	73.9333 62.4675,
	73.8625 62.5807,
	73.452 63.0337,
	73.084 63.4867,
	72.8858 63.7132,
	72.7726 63.7981,
	72.7159 63.8264,
	72.6169 63.9396,
	72.4753 64.1661,
	72.4187 64.2227,
	72.3054 64.2794,
	72.1922 64.2935,
	72.079 64.2652,
	71.8525 64.336,
	71.626 64.3501,
	71.5127 64.336,
	71.4561 64.336,
	71.2296 64.4209,
	71.0315 64.6474,
	70.9324 64.7607,
	70.8191 64.8314,
	70.5926 64.8597,
	70.4794 64.8597,
	70.3662 64.888,
	70.3095 64.9022,
	70.2529 64.9447,
	70.2246 64.9447,
	70.168 64.9871,
	69.9415 65.0438,
	69.715 65.0438,
	68.8091 64.9164,
	68.5826 64.888,
	68.3561 64.9022,
	68.2429 64.888,
	68.1296 64.8456,
	68.1013 64.8173,
	68.0447 64.8031,
	67.5917 64.4634,
	67.4077 64.2369,
	67.2945 64.1803,
	67.068 63.9821,
	66.9123 63.7556,
	66.3885 62.8497,
	65.9214 61.9437,
	65.6807 61.4908,
	65.5533 61.2643,
	65.4684 61.0378,
	65.4543 60.9246,
	65.3693 60.6981,
	65.2561 60.4716,
	65.2278 60.2451,
	65.2561 59.7921,
	65.1712 59.3392,
	65.1004 59.1127,
	65.0721 58.9994,
	65.0438 58.9428,
	64.9588 58.4898,
	64.9588 58.2634,
	64.9588 58.1501,
	"/>
</Transform>

<Transform dim="0"
 xcoef=" 0 1 0 0 0 0"
 ycoef=" 0 0 1 0 0 0">
<Contour name="TB2_AP14_EM" hidden="false" closed="true" simplified="true" border="0 1 0" fill="0 1 0" mode="9"
 points="59.7072 35.1335,
	59.778 34.9071,
	59.8346 34.7938,
	59.9337 34.723,
	59.9903 34.7089,
	60.1035 34.723,
	60.1602 34.723,
	60.2309 34.8221,
	60.3159 35.0486,
	60.3867 35.1618,
	60.4291 35.2185,
	60.4574 35.2326,
	60.5141 35.2043,
	60.6273 34.9778,
	60.6556 34.9212,
	60.6839 34.6947,
	60.6698 34.2418,
	60.6698 34.0153,
	60.6981 33.7888,
	60.6556 33.5623,
	60.6273 33.4491,
	60.5141 33.2226,
	60.4999 32.9961,
	60.5424 32.8828,
	60.6414 32.8545,
	60.7547 32.897,
	60.8538 32.9678,
	60.967 32.9253,
	60.9953 32.8687,
	61.052 32.8121,
	61.1086 32.7979,
	61.2218 32.8262,
	61.2501 32.8262,
	61.3067 32.8687,
	61.3634 32.9819,
	61.3917 33.0385,
	61.3917 33.0669,
	61.4766 33.1801,
	61.5899 33.2226,
	61.6889 33.3217,
	61.8447 33.7746,
	61.8871 34.0011,
	61.873 34.2276,
	61.8305 34.4541,
	61.8163 34.6806,
	61.8447 35.1335,
	61.9154 35.36,
	61.9296 35.5865,
	61.9579 35.6998,
	62.0428 35.813,
	62.2693 36.0253,
	62.3259 36.0819,
	62.3684 36.1952,
	62.3826 36.4217,
	62.3826 36.5349,
	62.4675 36.7614,
	62.4958 36.8746,
	62.4958 36.9879,
	62.4816 37.0445,
	62.4392 37.1011,
	62.4109 37.1294,
	62.3542 37.1294,
	62.2976 37.1578,
	62.0711 37.1436,
	61.9579 37.2144,
	61.8871 37.4409,
	61.9013 37.6673,
	61.9296 37.7806,
	61.9862 37.8938,
	62.2127 37.9221,
	62.2693 37.9363,
	62.3684 38.0354,
	62.4533 38.2619,
	62.4675 38.3751,
	62.4533 38.6016,
	62.4675 38.8281,
	62.4816 38.8847,
	62.5241 38.9272,
	62.5807 38.9413,
	62.694 38.9272,
	62.7506 38.8989,
	63.062 39.3377,
	63.0903 39.7906,
	63.1328 40.0171,
	63.1469 40.1304,
	63.1045 40.5833,
	62.9771 40.8098,
	63.0195 40.9231,
	63.3593 41.376,
	63.4867 41.6025,
	63.5858 41.829,
	63.5858 41.8573,
	63.6141 41.8856,
	63.6141 41.9139,
	63.6565 41.9706,
	63.6848 42.0697,
	63.7415 42.0272,
	63.8547 42.1263,
	63.9396 42.5792,
	63.9963 42.8057,
	64.0529 42.919,
	64.1803 43.3719,
	64.2086 43.4852,
	64.2086 43.5135,
	64.3501 43.74,
	64.52 44.193,
	64.6474 44.4194,
	64.7182 44.5327,
	64.789 44.7592,
	64.8314 44.9856,
	64.8456 45.0423,
	65.0013 45.2688,
	65.0438 45.4952,
	65.1004 45.6085,
	65.3127 45.8208,
	65.61 46.2738,
	65.7232 46.3446,
	65.7798 46.4012,
	65.8081 46.4436,
	65.8648 46.3304,
	65.8648 46.3021,
	65.9214 46.2596,
	65.9639 46.3021,
	65.9922 46.4153,
	65.9639 46.6418,
	65.8931 46.8683,
	65.8648 46.9249,
	65.9922 47.1514,
	66.0346 47.208,
	66.0205 47.661,
	65.9214 47.8875,
	65.9355 48.0007,
	65.9497 48.0574,
	65.9355 48.114,
	65.8365 48.1423,
	65.7232 48.0857,
	65.4967 48.0149,
	65.3835 47.9158,
	65.3693 47.8592,
	65.3835 47.7459,
	65.3269 47.6327,
	65.2419 47.5195,
	65.1712 47.293,
	65.0579 47.0665,
	64.9871 46.9532,
	64.8031 46.7409,
	64.7607 46.6277,
	64.7748 46.4012,
	64.789 46.3446,
	64.7465 46.2313,
	64.6333 46.1605,
	64.5908 46.0473,
	64.6191 45.9341,
	64.6474 45.8774,
	64.6333 45.7642,
	64.5342 45.5377,
	64.4351 45.4245,
	64.3218 45.3678,
	64.2086 45.2829,
	64.1944 45.2263,
	64.0953 45.113,
	64.0529 44.8866,
	64.0246 44.8299,
	63.9255 44.7167,
	63.7981 44.4902,
	63.7273 44.2637,
	63.6565 44.1505,
	63.5574 44.0372,
	63.3027 43.5843,
	63.1753 43.3578,
	63.1469 43.2445,
	63.1611 43.1313,
	62.878 42.2254,
	62.6374 41.7724,
	62.5241 41.5459,
	62.4392 41.3194,
	62.2127 40.8664,
	62.1702 40.7532,
	62.1561 40.64,
	62.1561 40.5833,
	62.0853 40.4701,
	61.8588 40.3144,
	61.6323 40.1304,
	61.5615 40.0171,
	61.4341 39.5642,
	61.3067 39.3377,
	61.2501 39.2244,
	61.0944 38.9979,
	61.0378 38.8847,
	60.9812 38.6582,
	60.9529 38.545,
	60.7122 38.092,
	60.6131 37.8655,
	60.5707 37.7523,
	60.5565 37.639,
	60.5707 37.5258,
	60.5565 37.4125,
	60.4999 37.2993,
	60.3442 37.0728,
	60.2734 36.9596,
	60.2309 36.7331,
	60.2309 36.5066,
	60.1885 36.2801,
	60.146 36.1669,
	60.1319 36.1103,
	60.1035 36.0819,
	60.0894 36.0253,
	59.9054 35.7988,
	59.8204 35.6856,
	59.7638 35.5724,
	59.7355 35.5157,
	59.7214 35.2892,
	59.7072 35.2468,
	59.7214 35.1902,
	59.7072 35.1477,
	"/>
<Contour name="TB2_AP14_EM" hidden="false" closed="true" simplified="true" border="0 1 0" fill="0 1 0" mode="9"
 points="60.9387 27.0084,
	61.0095 26.7819,
	61.0378 26.6686,
	61.1794 26.4422,
	61.2501 26.2157,
	61.3351 25.7627,
	61.3634 25.7344,
	61.4341 25.5079,
	61.3917 25.2814,
	61.3775 25.1682,
	61.42 24.9417,
	61.5332 24.7152,
	61.7314 24.4887,
	61.788 24.3755,
	61.8588 23.9225,
	62.0145 23.4695,
	62.1136 23.0166,
	62.1419 22.9033,
	62.4392 22.4504,
	62.51 22.3371,
	62.609 22.2239,
	63.0054 21.87,
	63.0903 21.7709,
	63.3027 21.5727,
	63.4017 21.4736,
	63.515 21.4029,
	63.5716 21.3604,
	63.6848 21.4029,
	63.7839 21.5161,
	63.8122 21.5444,
	63.8264 21.601,
	63.8547 21.6293,
	63.8689 21.7426,
	63.9396 21.8134,
	63.9538 22.0399,
	63.9963 22.2663,
	64.0104 22.4928,
	64.1095 22.9458,
	64.0953 23.1723,
	64.0529 23.3988,
	64.0246 23.4554,
	64.0246 23.4837,
	63.9821 23.5403,
	63.9396 23.7668,
	63.9255 23.9933,
	63.7981 24.4463,
	63.7273 24.6727,
	63.699 24.786,
	63.7132 25.0125,
	63.7132 25.1257,
	63.6565 25.3522,
	63.4867 25.8052,
	63.4442 25.8618,
	63.4442 25.8901,
	63.4159 25.9184,
	63.3593 26.1449,
	63.3168 26.5979,
	63.3027 26.8244,
	63.2743 26.9376,
	63.2743 26.9659,
	63.1611 27.0792,
	63.0337 27.3056,
	62.9346 27.5321,
	62.8638 27.6312,
	62.8214 27.6878,
	62.7931 27.8011,
	62.7931 27.9143,
	62.7364 28.1408,
	62.6232 28.3673,
	62.5949 28.3956,
	62.5241 28.6221,
	62.51 28.6787,
	62.3684 28.9052,
	62.2976 29.0184,
	62.1985 29.2449,
	62.1419 29.3582,
	62.0428 29.4714,
	61.9862 29.5139,
	61.9296 29.528,
	61.8163 29.5988,
	61.7597 29.6271,
	61.7456 29.6413,
	61.6606 29.528,
	61.6465 29.4714,
	61.604 29.4148,
	61.5757 29.3015,
	61.5757 29.0751,
	61.5474 28.9618,
	61.3917 28.7353,
	61.3209 28.6221,
	61.236 28.1691,
	61.2077 28.0559,
	61.052 27.8294,
	61.0095 27.7161,
	60.9529 27.2632,
	60.9387 27.0367,
	60.9387 27.0225,
	"/>
</Transform>

<Transform dim="0"
 xcoef=" 0 1 0 0 0 0"
 ycoef=" 0 0 1 0 0 0">
<Contour name="TB1_AP50_EM" hidden="false" closed="true" simplified="true" border="0 1 0" fill="0 1 0" mode="9"
 points="34.3554 57.9185,
	34.5352 57.7836,
	34.7151 57.7386,
	35.4346 57.7386,
	35.6145 57.7386,
	35.7044 57.7386,
	35.7943 57.7836,
	35.9742 57.9634,
	36.199 58.3232,
	36.3789 58.6829,
	36.4464 59.0426,
	36.5588 59.2225,
	36.7162 59.4024,
	37.0534 59.6047,
	37.2333 59.6947,
	37.3232 59.7172,
	37.5031 59.8521,
	37.593 59.9195,
	37.7729 59.987,
	38.4924 60.0319,
	38.8521 60.1668,
	39.032 60.1444,
	39.1219 60.2118,
	39.1894 60.2343,
	39.3693 60.2118,
	39.729 60.2568,
	40.4485 60.2343,
	40.8082 60.1668,
	41.5277 60.0994,
	41.8875 60.1219,
	41.9099 60.1668,
	41.82 60.2568,
	41.775 60.3017,
	41.4153 60.4366,
	41.0555 60.5266,
	40.3361 60.6165,
	39.6166 60.639,
	38.8971 60.594,
	38.7172 60.5491,
	37.9977 60.5041,
	37.8179 60.4816,
	37.638 60.4142,
	37.593 60.4142,
	37.2333 60.1668,
	36.896 59.8521,
	36.7162 59.7396,
	36.3564 59.6047,
	36.1765 59.5373,
	35.9967 59.4249,
	35.6369 59.29,
	35.4571 59.1776,
	35.4121 59.1326,
	35.3671 59.1326,
	35.2772 59.0651,
	35.1873 59.0426,
	34.85 58.7728,
	34.6926 58.6155,
	34.6027 58.5255,
	34.5127 58.3456,
	34.3778 58.1658,
	34.3554 57.9859,
	34.3554 57.9409,
	"/>
</Transform>

<Transform dim="0"
 xcoef=" 0 1 0 0 0 0"
 ycoef=" 0 0 1 0 0 0">
<Contour name="TB3_Nuc07_EM" hidden="false" closed="true" simplified="true" border="1 0 0" fill="1 0 0" mode="9"
 points="93.6127 47.2217,
	93.6435 47.1601,
	93.6435 47.1294,
	93.6896 47.0678,
	93.705 47.0063,
	93.7819 46.8833,
	93.8742 46.6372,
	93.9511 46.1449,
	94.0588 45.6527,
	94.1511 45.4066,
	94.2741 44.9144,
	94.351 44.4222,
	94.3818 44.2991,
	94.3818 44.2376,
	94.4279 44.1761,
	94.4433 44.053,
	94.4895 43.9915,
	94.5356 43.8685,
	94.874 43.3762,
	95.0586 43.1301,
	95.1663 43.0071,
	95.4124 42.8379,
	95.9046 42.6072,
	96.1507 42.4995,
	96.2737 42.4533,
	96.5198 42.4995,
	96.6429 42.5456,
	96.7659 42.6379,
	96.8275 42.6687,
	97.0736 42.8994,
	97.1197 43.0225,
	97.1043 43.2686,
	97.212 43.5147,
	97.3504 44.0069,
	97.3658 44.253,
	97.3812 44.3145,
	97.3197 44.5606,
	97.3197 44.6837,
	97.3966 44.9298,
	97.4427 45.1759,
	97.4581 45.422,
	97.3812 45.9142,
	97.3197 46.1603,
	97.2735 46.2834,
	97.2582 46.4064,
	97.212 46.5295,
	97.1197 47.0217,
	97.0121 47.2678,
	96.9813 47.3909,
	96.9505 47.4524,
	96.9044 47.6985,
	96.8275 47.9446,
	96.7967 48.0061,
	96.7506 48.2522,
	96.7198 48.3753,
	96.6583 48.4983,
	96.6275 48.5599,
	96.6121 48.6829,
	96.3968 49.1751,
	96.2737 49.4212,
	96.1199 49.6673,
	95.9969 49.9134,
	95.92 50.1596,
	95.8892 50.2826,
	95.8584 50.3441,
	95.843 50.4672,
	95.8123 50.5287,
	95.7969 50.6518,
	95.7661 50.7133,
	95.72 50.9594,
	95.7046 51.2055,
	95.7354 51.4516,
	95.7815 51.5747,
	95.7969 51.6977,
	95.8892 51.9438,
	95.9353 52.436,
	95.92 52.6821,
	95.8892 52.8052,
	95.8123 52.9282,
	95.6892 53.0052,
	95.4431 53.0667,
	95.3816 53.0974,
	95.3201 53.2205,
	95.3047 53.4666,
	95.2893 53.5897,
	95.197 53.8358,
	95.1663 53.8973,
	94.7356 54.3741,
	94.6433 54.4972,
	94.5202 54.6048,
	94.4587 54.651,
	94.3356 54.6202,
	94.2587 54.4972,
	94.0742 54.005,
	93.8434 53.5128,
	93.7358 53.2666,
	93.6896 53.0205,
	93.6742 52.7744,
	93.7204 52.2822,
	93.705 51.79,
	93.6742 51.5439,
	93.6589 51.4208,
	93.6742 51.2978,
	93.6742 51.2363,
	93.8588 50.7441,
	93.9357 50.4979,
	93.9665 50.3749,
	93.9665 50.2518,
	93.9972 50.1288,
	93.9665 50.0057,
	93.905 49.9442,
	93.8742 49.8827,
	93.8434 49.6366,
	93.8588 49.3905,
	93.8281 49.1444,
	93.8742 48.6522,
	93.8742 48.406,
	93.7973 47.9138,
	93.7204 47.6677,
	93.6589 47.5447,
	93.6281 47.4831,
	93.6127 47.237,
	"/>
</Transform>

<Transform dim="0"
 xcoef=" 0 1 0 0 0 0"
 ycoef=" 0 0 1 0 0 0">
<Contour name="TB3_Nuc08_EM" hidden="false" closed="true" simplified="true" border="0 1 0" fill="0 1 0" mode="9"
 points="84.8856 65.8425,
	84.9339 65.6494,
	85.0546 65.4563,
	85.2235 65.2632,
	85.2718 65.1667,
	85.2959 64.9736,
	85.2235 64.7805,
	85.1028 64.5874,
	84.9821 64.2012,
	84.9821 63.8151,
	85.0546 63.622,
	85.0546 63.5737,
	85.1994 63.4047,
	85.2959 63.3082,
	85.3925 63.2599,
	85.4407 63.2599,
	85.489 63.2117,
	85.6821 63.1875,
	85.7786 63.1634,
	85.9717 63.1875,
	86.1648 63.1634,
	86.3579 63.091,
	86.5268 62.9703,
	86.6475 62.7772,
	86.6717 62.7289,
	86.5992 62.6565,
	86.5027 62.6565,
	86.3096 62.7772,
	86.1165 62.8496,
	86.02 62.922,
	85.9234 62.9462,
	85.8269 63.0186,
	85.6338 63.0668,
	85.5373 63.0427,
	85.4166 62.8496,
	85.3925 62.7531,
	85.8993 62.029,
	86.0441 61.8359,
	86.2372 61.4497,
	86.3579 61.0636,
	86.6717 60.2912,
	86.7682 59.9051,
	86.8406 59.712,
	86.913 59.3258,
	87.0578 58.9396,
	87.2026 58.7465,
	87.3957 58.5776,
	87.4923 58.5293,
	87.5164 58.4328,
	87.3475 58.3121,
	87.1544 58.2638,
	86.9613 58.1673,
	86.8889 57.9742,
	86.8647 57.8776,
	86.913 57.6846,
	86.9371 57.588,
	87.0337 57.4915,
	87.082 57.4673,
	87.1302 57.5156,
	87.1785 57.9018,
	87.2026 58.0949,
	87.275 58.1914,
	87.4681 58.2638,
	87.5647 58.288,
	87.7095 58.481,
	87.7819 58.6741,
	87.7819 58.8672,
	87.8302 59.0603,
	87.8543 59.1568,
	87.6854 59.2775,
	87.4923 59.3258,
	87.2992 59.4465,
	87.2268 59.5189,
	87.2509 59.6154,
	87.3475 59.6396,
	87.5405 59.5671,
	87.6371 59.5189,
	87.7336 59.543,
	87.8302 59.6154,
	87.9508 59.7844,
	88.1922 60.5567,
	88.2887 60.9429,
	88.2646 61.136,
	88.2163 61.1842,
	87.8302 61.1118,
	87.7336 61.0877,
	87.5405 61.136,
	87.444 61.1842,
	87.3957 61.2808,
	87.2268 61.4739,
	87.1544 61.667,
	87.1061 61.7635,
	87.1061 61.9566,
	87.2268 62.3428,
	87.3957 62.7289,
	87.4681 62.8255,
	87.5647 62.8013,
	87.6129 62.6083,
	87.5647 61.8359,
	87.5888 61.6428,
	87.6129 61.5463,
	87.6854 61.4497,
	87.8784 61.3532,
	88.0715 61.3049,
	88.2646 61.3291,
	88.6025 61.6911,
	88.7232 61.8842,
	88.8439 62.2704,
	88.868 62.6565,
	88.8921 62.8496,
	88.868 63.0427,
	88.6991 63.4289,
	88.5784 63.8151,
	88.1198 64.5874,
	88.0474 64.6839,
	87.6612 64.8046,
	87.4681 64.8529,
	87.3716 64.877,
	87.2509 65.0701,
	87.2509 65.1184,
	87.444 65.1908,
	87.6371 65.2149,
	87.8302 65.1908,
	87.8784 65.1908,
	87.9267 65.1425,
	88.3129 65.0218,
	88.506 65.0218,
	88.6025 65.0218,
	88.7956 65.0942,
	88.8921 65.1667,
	88.9646 65.3597,
	89.0128 65.7459,
	89.2059 66.5183,
	89.3025 66.9044,
	89.3507 67.0975,
	89.3266 67.2906,
	89.1818 67.6768,
	88.9646 68.063,
	88.8439 68.256,
	88.4818 68.5939,
	88.3853 68.6181,
	87.9991 68.5457,
	87.806 68.4974,
	87.7095 68.4733,
	87.5164 68.5457,
	87.3233 68.5215,
	86.9371 68.2078,
	86.8406 68.1354,
	86.6475 68.0871,
	86.551 68.0871,
	86.3579 68.1595,
	86.2613 68.1595,
	86.0683 68.063,
	85.9234 67.9181,
	85.8269 67.8699,
	85.5614 67.5078,
	85.2476 67.1217,
	85.127 66.9286,
	85.127 66.8803,
	85.0546 66.7838,
	85.0546 66.7355,
	85.0063 66.6872,
	84.9097 66.301,
	84.8856 65.9149,
	84.8856 65.8666,
	"/>
</Transform>

<Transform dim="0"
 xcoef=" 0 1 0 0 0 0"
 ycoef=" 0 0 1 0 0 0">
<Contour name="TB3_Nuc33_EM" hidden="false" closed="true" simplified="true" border="0 1 1" fill="0 1 1" mode="9"
 points="97.2219 34.9158,
	97.3553 34.6787,
	97.5182 34.4417,
	97.6219 34.3232,
	97.6515 34.2047,
	97.5775 33.9677,
	97.5923 33.7307,
	97.6663 33.4936,
	97.7256 33.3751,
	97.9182 33.1381,
	98.0219 32.9011,
	98.0071 32.6641,
	98.0071 32.5456,
	98.0959 32.3086,
	98.1996 32.19,
	98.2589 32.1308,
	98.3774 31.8938,
	98.5552 31.6568,
	98.7922 31.4197,
	98.8959 31.3012,
	99.0588 31.0642,
	99.1329 30.9457,
	99.3551 30.8124,
	99.5921 30.6494,
	99.8291 30.5309,
	99.9476 30.5013,
	100.066 30.5161,
	100.303 30.4717,
	100.422 30.4717,
	100.54 30.5013,
	100.659 30.5754,
	100.851 30.7828,
	100.97 30.8568,
	101.162 31.0938,
	101.251 31.3309,
	101.311 31.4494,
	101.444 31.9234,
	101.533 32.0419,
	101.992 32.3826,
	102.036 32.4419,
	102.096 32.6789,
	102.17 33.1529,
	102.273 33.627,
	102.303 33.7455,
	102.288 33.9825,
	102.17 34.2195,
	102.081 34.338,
	101.859 34.5602,
	101.71 35.0343,
	101.636 35.2713,
	101.518 35.5083,
	101.444 35.7453,
	101.325 35.849,
	101.207 36.086,
	101.148 36.2045,
	101.029 36.3231,
	100.911 36.3823,
	100.851 36.4119,
	100.599 36.886,
	100.407 37.123,
	100.333 37.2415,
	100.214 37.3452,
	99.9773 37.4637,
	99.918 37.4785,
	99.7995 37.4341,
	99.681 37.36,
	99.5181 37.123,
	99.4588 37.0045,
	99.4292 36.5304,
	99.3995 36.2934,
	99.444 35.8194,
	99.5329 35.3454,
	99.5329 35.2268,
	99.5032 35.212,
	99.4884 35.1528,
	99.3995 35.0491,
	99.2366 35.2861,
	99.1181 35.5231,
	99.0588 35.7601,
	99.0736 35.8786,
	99.1625 36.1157,
	99.2218 36.2342,
	99.281 36.4712,
	99.2958 36.9452,
	99.2218 37.4193,
	99.1625 37.5378,
	99.1033 37.5674,
	99.0588 37.6267,
	98.9403 37.6118,
	98.8366 37.4933,
	98.7774 37.5081,
	98.644 37.2859,
	98.4663 37.0489,
	98.3478 36.96,
	98.2145 36.723,
	98.17 36.486,
	97.933 36.249,
	97.8145 36.1601,
	97.696 36.1008,
	97.6367 36.086,
	97.5182 35.9823,
	97.459 35.9231,
	97.3108 35.449,
	97.2812 35.212,
	97.2664 35.0935,
	97.2219 34.975,
	97.2219 34.9306,
	"/>
</Transform>

<Transform dim="0"
 xcoef=" 0 1 0 0 0 0"
 ycoef=" 0 0 1 0 0 0">
<Contour name="TB3_Nuc34_EM" hidden="false" closed="true" simplified="true" border="0 1 1" fill="0 1 1" mode="9"
 points="92.6847 42.3219,
	92.8648 41.9615,
	93.1126 41.6011,
	93.1351 41.511,
	93.1126 41.4209,
	93.045 41.3308,
	93.0225 41.1506,
	93.0676 40.9704,
	93.1126 40.8804,
	93.2027 40.7903,
	93.2252 40.7002,
	93.1577 40.6101,
	93.1351 40.4299,
	93.2478 40.0695,
	93.4505 39.7091,
	93.7883 39.3713,
	93.9009 39.1911,
	93.946 39.0109,
	94.3739 38.2901,
	94.5316 38.1325,
	94.892 37.9072,
	95.0496 37.727,
	95.0947 37.637,
	95.1848 37.5694,
	95.2524 37.6595,
	95.2298 37.8397,
	95.1623 38.0199,
	95.2073 38.2,
	95.2298 38.2901,
	95.1848 38.4703,
	95.0947 38.6505,
	95.3875 38.9884,
	95.5226 39.1686,
	95.5677 39.3487,
	95.4325 40.0695,
	95.41 40.2497,
	95.1172 40.9704,
	95.0046 41.3308,
	94.9595 41.6912,
	94.9145 41.8714,
	94.8244 41.9615,
	94.7343 42.0065,
	94.5541 41.939,
	94.3739 42.0291,
	94.3289 42.0741,
	94.2613 42.2543,
	94.2163 42.2768,
	94.2388 42.6372,
	94.2163 42.8174,
	94.0136 43.1778,
	93.946 43.2679,
	93.8108 43.9886,
	93.7433 44.0787,
	93.5631 44.1688,
	93.3829 44.2138,
	93.2928 44.1913,
	92.9324 43.8985,
	92.7748 43.7183,
	92.7072 43.5381,
	92.6847 43.358,
	92.7297 42.9976,
	92.6847 42.8174,
	92.6847 42.457,
	92.6847 42.3669,
	92.6847 42.3444,
	"/>
</Transform>

<Transform dim="0"
 xcoef=" 0 1 0 0 0 0"
 ycoef=" 0 0 1 0 0 0">
<Contour name="TB3_Nuc35_EM" hidden="false" closed="true" simplified="true" border="0 1 0" fill="0 1 0" mode="9"
 points="101.643 36.2131,
	101.719 36.0917,
	101.764 35.9703,
	101.81 35.9096,
	101.825 35.8489,
	101.87 35.7882,
	101.961 35.5453,
	101.977 35.4846,
	102.219 35.2721,
	102.326 35.1811,
	102.371 35.1204,
	102.386 34.8775,
	102.462 34.6347,
	102.568 34.3919,
	102.66 34.2704,
	102.72 34.2249,
	102.842 34.2097,
	103.085 34.1338,
	103.145 34.1338,
	103.176 34.1338,
	103.282 34.0276,
	103.312 33.9669,
	103.145 33.7392,
	103.1 33.6178,
	103.191 33.375,
	103.191 33.3446,
	103.221 33.3143,
	103.221 33.2839,
	103.267 33.2232,
	103.297 33.1928,
	103.54 33.1321,
	103.783 32.9955,
	103.904 32.9348,
	104.025 32.9197,
	104.147 32.9348,
	104.208 32.9804,
	104.45 33.0259,
	104.572 33.0411,
	104.602 33.0259,
	104.845 33.1018,
	104.906 33.1321,
	105.149 33.1777,
	105.391 33.1473,
	105.513 33.1777,
	105.589 33.2991,
	105.589 33.4205,
	105.558 33.5419,
	105.467 33.6482,
	105.225 33.8303,
	105.103 33.9365,
	104.982 34.0124,
	104.921 34.058,
	104.891 34.058,
	104.405 34.3919,
	104.177 34.5892,
	104.086 34.7106,
	104.025 34.832,
	104.01 34.8472,
	104.025 34.8624,
	104.511 34.6499,
	104.754 34.5588,
	104.875 34.4829,
	105.316 34.0124,
	105.543 33.7696,
	105.71 33.5267,
	105.771 33.466,
	105.892 33.3902,
	106.014 33.2687,
	106.09 33.1473,
	106.135 33.0866,
	106.181 32.9652,
	106.332 32.7223,
	106.439 32.6161,
	106.499 32.5858,
	106.56 32.6009,
	106.59 32.5858,
	106.651 32.6161,
	106.757 32.7375,
	107 32.8438,
	107.122 32.8893,
	107.228 33.0107,
	107.258 33.0714,
	107.273 33.0866,
	107.258 33.117,
	107.334 33.3598,
	107.349 33.3902,
	107.289 33.5116,
	107.273 33.633,
	107.319 33.8758,
	107.334 33.9972,
	107.289 34.2401,
	107.228 34.3615,
	107.122 34.4829,
	106.955 34.7258,
	106.894 34.7865,
	106.742 35.0141,
	106.545 35.2418,
	106.469 35.3632,
	106.241 35.5605,
	106.181 35.6212,
	106.074 35.6971,
	106.044 35.7275,
	105.923 35.7578,
	105.892 35.773,
	105.832 35.7578,
	105.634 36.0007,
	105.604 36.0462,
	105.376 36.2587,
	105.285 36.3649,
	105.164 36.4104,
	105.103 36.4256,
	104.86 36.3953,
	104.617 36.4104,
	104.375 36.4712,
	104.359 36.456,
	104.299 36.5015,
	104.177 36.5319,
	104.117 36.5926,
	103.995 36.6685,
	103.752 36.7443,
	103.692 36.7595,
	103.631 36.714,
	103.494 36.4712,
	103.434 36.3497,
	103.373 36.3042,
	103.13 36.3194,
	103.009 36.3497,
	102.948 36.3801,
	102.918 36.4104,
	102.675 36.4408,
	102.553 36.4408,
	102.31 36.5167,
	102.189 36.5774,
	101.946 36.6229,
	101.825 36.6077,
	101.719 36.5015,
	101.673 36.4408,
	101.643 36.3194,
	101.643 36.2587,
	101.643 36.2283,
	"/>
</Transform>

<Transform dim="0"
 xcoef=" 0 1 0 0 0 0"
 ycoef=" 0 0 1 0 0 0">
<Contour name="TB3_Nuc36_EM" hidden="false" closed="true" simplified="true" border="0 1 1" fill="0 1 1" mode="9"
 points="100.911 40.8267,
	100.946 40.7324,
	100.982 40.6852,
	100.994 40.638,
	101.123 40.4493,
	101.147 40.4022,
	101.3 40.2135,
	101.43 40.0248,
	101.536 39.8479,
	101.678 39.6592,
	101.748 39.5885,
	101.925 39.4587,
	101.972 39.4234,
	102.02 39.4116,
	102.208 39.2818,
	102.303 39.2465,
	102.397 39.2465,
	102.444 39.2465,
	102.491 39.2936,
	102.503 39.3172,
	102.468 39.3526,
	102.491 39.3644,
	102.503 39.5531,
	102.468 39.6474,
	102.432 39.6946,
	102.397 39.7889,
	102.267 39.9776,
	102.043 40.355,
	101.961 40.4493,
	101.866 40.5201,
	101.701 40.7088,
	101.607 40.7913,
	101.56 40.8385,
	101.536 40.8621,
	101.512 40.8621,
	101.324 40.9918,
	101.229 41.039,
	101.182 41.0743,
	101.088 41.0861,
	100.994 41.0743,
	100.958 41.039,
	100.946 40.9918,
	100.923 40.9682,
	100.911 40.8739,
	100.911 40.8385,
	"/>
</Transform>

<Transform dim="0"
 xcoef=" 0 1 0 0 0 0"
 ycoef=" 0 0 1 0 0 0">
<Contour name="TB3_Nuc56_EM" hidden="false" closed="true" simplified="true" border="1 0 0" fill="1 0 0" mode="9"
 points="101.28 29.0281,
	101.351 28.8394,
	101.586 28.4621,
	101.751 28.0848,
	101.869 27.8962,
	102.034 27.7075,
	102.223 27.5896,
	102.6 27.7075,
	102.978 27.7783,
	103.166 27.7547,
	103.355 27.684,
	103.732 27.3774,
	103.921 27.2595,
	104.11 27.2123,
	104.204 27.1888,
	104.322 27.0237,
	104.487 26.8586,
	104.581 26.7643,
	104.958 26.5285,
	105.147 26.5756,
	105.336 26.67,
	105.43 26.7643,
	105.501 26.9529,
	105.548 27.3302,
	105.524 28.0848,
	105.407 28.8394,
	105.359 29.0281,
	105.241 29.2167,
	105.053 29.4054,
	105.006 29.4525,
	104.935 29.8298,
	104.911 29.9241,
	104.958 30.1128,
	104.935 30.3014,
	104.864 30.4901,
	104.746 30.6787,
	104.369 31.056,
	104.298 31.1503,
	104.11 31.2211,
	103.732 31.1268,
	103.544 31.056,
	103.449 30.9853,
	103.355 31.3626,
	103.237 31.5512,
	103.048 31.7163,
	102.954 31.787,
	102.907 31.8342,
	102.813 31.8342,
	102.648 31.9993,
	102.459 32.0464,
	102.27 32.0228,
	102.2 31.9521,
	102.129 31.5748,
	101.775 31.2211,
	101.751 31.1268,
	101.751 31.0796,
	101.846 31.0089,
	102.034 30.9381,
	102.082 30.8438,
	102.082 30.7495,
	101.94 30.5608,
	101.751 30.3958,
	101.657 30.3486,
	101.586 30.2543,
	101.563 29.877,
	101.681 29.4997,
	101.869 29.4525,
	102.058 29.5468,
	102.152 29.5704,
	102.341 29.4761,
	102.388 29.3818,
	102.365 29.2875,
	102.294 29.1931,
	102.247 29.146,
	102.058 29.1695,
	101.869 29.146,
	101.681 29.2639,
	101.586 29.311,
	101.398 29.2875,
	101.351 29.2875,
	101.28 29.1931,
	101.28 29.0988,
	101.28 29.0516,
	"/>
</Transform>

<Transform dim="0"
 xcoef=" 0 1 0 0 0 0"
 ycoef=" 0 0 1 0 0 0">
<Contour name="TB3_Nuc59_EM" hidden="false" closed="true" simplified="true" border="0 1 0" fill="0 1 0" mode="9"
 points="97.8761 26.7036,
	97.9431 26.5249,
	97.9655 26.4355,
	98.0772 26.2567,
	98.1443 26.0779,
	98.1219 25.7204,
	98.1666 25.5416,
	98.2783 25.3629,
	98.3677 25.2735,
	98.5241 24.9159,
	98.7253 24.5584,
	98.904 24.402,
	99.0158 24.2903,
	99.2392 23.5752,
	99.3063 23.3964,
	99.5521 23.0389,
	99.6638 22.8601,
	99.7308 22.7707,
	99.7308 22.726,
	99.9543 22.3685,
	100.066 22.1897,
	100.133 22.0109,
	100.178 21.9216,
	100.222 21.8769,
	100.245 21.7875,
	100.312 21.6981,
	100.312 21.6534,
	100.424 21.4746,
	100.759 21.2065,
	101.116 21.0724,
	101.295 21.0501,
	101.384 21.1171,
	101.496 21.2959,
	101.63 21.4299,
	101.697 21.5193,
	101.63 22.2344,
	101.653 22.4132,
	101.451 23.1283,
	100.848 24.5584,
	100.781 24.9159,
	100.759 25.2735,
	100.602 25.9886,
	100.535 26.1673,
	100.334 26.5249,
	100.289 26.7036,
	100.289 27.0612,
	100.267 27.2399,
	99.9766 27.955,
	99.8873 28.1338,
	99.7085 28.2902,
	99.6191 28.3349,
	99.4627 28.5137,
	99.3509 28.8712,
	99.3063 28.9606,
	99.1275 29.0723,
	99.0828 29.117,
	98.904 29.117,
	98.7476 28.9383,
	98.6806 28.7595,
	98.6582 28.5807,
	98.7029 28.2232,
	98.7699 28.0444,
	98.8817 27.3293,
	98.8817 26.9718,
	98.8593 26.793,
	98.8817 26.7036,
	98.8593 26.5249,
	98.8817 26.3461,
	98.9487 26.1673,
	99.0604 25.9886,
	99.1275 25.8992,
	99.1275 25.7204,
	99.0604 25.564,
	98.9711 25.4969,
	98.9264 25.4523,
	98.8146 25.6087,
	98.7476 25.9662,
	98.7923 26.145,
	98.7253 26.5025,
	98.7476 26.6813,
	98.6582 27.0388,
	98.5912 27.2176,
	98.4794 27.374,
	98.4124 27.4634,
	98.323 27.5081,
	98.2783 27.5528,
	98.1889 27.5751,
	98.0102 27.4858,
	97.9208 27.4187,
	97.8761 27.0612,
	97.8761 26.726,
	"/>
</Transform>

<Transform dim="0"
 xcoef=" 0 1 0 0 0 0"
 ycoef=" 0 0 1 0 0 0">
<Contour name="TB3_AP04_EM" hidden="false" closed="true" simplified="true" border="1 0 0" fill="1 0 1" mode="9"
 points="116.422 28.524,
	116.52 28.2112,
	116.657 27.8984,
	117.126 27.2728,
	117.224 27.1164,
	117.361 26.96,
	117.556 26.6472,
	117.654 26.4907,
	117.713 26.4125,
	117.732 26.3343,
	117.83 26.1779,
	117.889 26.0215,
	118.104 25.7087,
	118.28 25.3959,
	118.397 24.7703,
	118.612 24.1447,
	118.729 23.8319,
	118.788 23.6755,
	118.905 23.5386,
	118.984 23.48,
	119.023 23.4604,
	119.042 23.4995,
	118.984 23.5777,
	118.886 23.8906,
	118.866 23.9688,
	118.827 24.0079,
	118.456 25.2591,
	118.436 25.4155,
	118.534 26.0411,
	118.417 26.6667,
	118.358 26.9795,
	118.338 27.0577,
	118.221 27.2141,
	118.202 27.2923,
	117.986 27.6051,
	117.889 27.7615,
	117.752 28.0743,
	117.654 28.2307,
	117.361 28.4653,
	117.283 28.5044,
	117.009 28.7781,
	116.97 28.8172,
	116.657 28.8368,
	116.501 28.7781,
	116.442 28.6999,
	116.422 28.5435,
	"/>
</Transform>

<Transform dim="0"
 xcoef=" 0 1 0 0 0 0"
 ycoef=" 0 0 1 0 0 0">
<Contour name="TB3_AP04_EM" hidden="false" closed="true" simplified="true" border="1 0 0" fill="1 0 1" mode="9"
 points="99.1986 51.3784,
	99.4723 50.1271,
	99.5114 49.9707,
	99.5309 49.6579,
	99.6287 49.0323,
	99.7655 47.7811,
	100.02 46.5299,
	100.332 45.2787,
	100.684 44.0274,
	100.958 43.4018,
	101.134 43.089,
	101.564 42.4634,
	101.74 42.1506,
	101.799 41.9942,
	101.838 41.916,
	101.838 41.8769,
	102.014 41.5641,
	102.151 41.2513,
	102.346 40.9385,
	102.385 40.8603,
	102.522 40.7039,
	102.718 40.3911,
	102.815 40.2347,
	102.952 40.0783,
	103.089 39.7655,
	103.461 39.1398,
	103.891 38.5142,
	104.184 38.2014,
	104.34 38.0646,
	104.497 37.9668,
	104.653 37.83,
	104.81 37.7322,
	105.435 37.1457,
	105.748 36.872,
	106.061 36.6374,
	106.374 36.4614,
	106.53 36.3637,
	107.156 36.1291,
	107.468 35.9336,
	107.781 35.6794,
	108.094 35.3862,
	108.407 35.132,
	108.563 35.0147,
	108.72 34.9561,
	108.798 34.8974,
	109.111 34.7801,
	109.267 34.7215,
	109.58 34.6628,
	109.893 34.5455,
	109.971 34.526,
	110.127 34.4086,
	110.205 34.35,
	110.245 34.3304,
	110.323 34.3695,
	110.44 34.526,
	110.499 34.6824,
	110.518 34.9952,
	110.42 35.6208,
	110.284 36.2464,
	110.088 36.872,
	109.971 37.1848,
	109.56 37.8104,
	109.482 37.8886,
	109.287 38.2014,
	109.032 38.5142,
	108.817 38.827,
	108.524 39.1398,
	108.27 39.4526,
	108.133 39.609,
	108.094 39.6872,
	107.957 39.8437,
	107.918 39.9219,
	107.371 40.5475,
	106.139 41.7987,
	105.533 42.4243,
	105.376 42.5807,
	105.298 42.6589,
	105.259 42.7371,
	105.122 42.8935,
	104.692 43.5191,
	104.125 44.1447,
	103.637 44.7703,
	103.226 45.396,
	102.952 46.0216,
	102.835 46.3344,
	102.796 46.4908,
	102.737 46.569,
	102.62 46.8818,
	102.561 47.0382,
	102.366 47.351,
	102.229 47.6638,
	102.053 47.9766,
	101.936 48.133,
	101.799 48.4458,
	101.701 48.7586,
	101.642 48.8368,
	101.388 49.4624,
	101.056 50.088,
	100.665 50.7137,
	100.606 50.8701,
	100.43 51.1829,
	100.157 51.8085,
	100.059 51.9649,
	99.9219 52.1213,
	99.7655 52.219,
	99.6091 52.2386,
	99.4527 52.1995,
	99.3159 52.0431,
	99.2181 51.7303,
	99.1986 51.4175,
	99.1986 51.3979,
	"/>
</Transform>

<Transform dim="0"
 xcoef=" 0 1 0 0 0 0"
 ycoef=" 0 0 1 0 0 0">
<Contour name="TB1_NF14_RSL" hidden="false" closed="true" simplified="true" border="0.501961 0 1" fill="0.501961 0 1" mode="-9"
 points="28.1688 41.729,
	28.1863 41.6941,
	28.2212 41.6678,
	28.2562 41.6591,
	28.2911 41.6329,
	28.4309 41.6067,
	28.5008 41.5979,
	28.5183 41.5892,
	28.5882 41.5979,
	28.728 41.6504,
	28.8678 41.7377,
	28.9989 41.8513,
	29.1124 41.9649,
	29.1387 41.9999,
	29.1561 42.0698,
	29.1561 42.0872,
	29.1124 42.1571,
	29.0775 42.1833,
	29.0076 42.2096,
	28.9377 42.2183,
	28.8678 42.2096,
	28.728 42.1222,
	28.6581 42.096,
	28.5183 42.1047,
	28.4484 42.1047,
	28.4135 42.1047,
	28.3523 42.0435,
	28.3086 41.9736,
	28.2475 41.9125,
	28.2125 41.8863,
	28.1776 41.8164,
	28.1688 41.7465,
	28.1688 41.7377,
	"/>
</Transform>

<Transform dim="0"
 xcoef=" 0 1 0 0 0 0"
 ycoef=" 0 0 1 0 0 0">
<Contour name="TB1_NF21_RSL" hidden="false" closed="true" simplified="true" border="1 0.501961 0.501961" fill="1 0.501961 0.501961" mode="-9"
 points="35.4923 43.1442,
	35.5058 43.1171,
	35.5498 43.0664,
	35.5769 43.063,
	35.5904 43.063,
	35.6411 43.107,
	35.6614 43.134,
	35.675 43.1611,
	35.6987 43.2694,
	35.702 43.2964,
	35.6987 43.3235,
	35.6885 43.3505,
	35.6648 43.3607,
	35.6648 43.3675,
	35.6581 43.3708,
	35.6039 43.3336,
	35.5769 43.3066,
	35.4991 43.2017,
	35.4923 43.1949,
	35.4923 43.1679,
	35.4923 43.1543,
	35.4923 43.1476,
	"/>
</Transform>

<Transform dim="0"
 xcoef=" 0 1 0 0 0 0"
 ycoef=" 0 0 1 0 0 0">
<Contour name="TB1_NF22_RSL" hidden="false" closed="true" simplified="true" border="0.501961 0.501961 0" fill="0.501961 0.501961 0" mode="-9"
 points="45.6523 50.4746,
	45.7128 50.4443,
	45.7733 50.5048,
	45.9093 50.7467,
	45.9698 50.8676,
	46.0303 51.1095,
	46.0605 51.3513,
	46.0303 51.5932,
	45.9547 51.8351,
	45.9244 51.7141,
	45.9396 51.6537,
	45.864 51.4118,
	45.8186 50.9281,
	45.7884 50.8071,
	45.7733 50.7467,
	45.7279 50.6862,
	45.7279 50.656,
	45.6826 50.5955,
	45.6523 50.4897,
	"/>
<Contour name="TB1_NF22_RSL" hidden="false" closed="true" simplified="true" border="0.501961 0.501961 0" fill="0.501961 0.501961 0" mode="-9"
 points="44.05 56.9445,
	44.0802 56.8236,
	44.0953 56.7631,
	44.1709 56.6422,
	44.2616 56.5515,
	44.307 56.5061,
	44.307 56.4759,
	44.5035 56.2491,
	44.6698 56.0526,
	44.9116 55.8107,
	45.1081 55.584,
	45.2442 55.3421,
	45.3198 55.1003,
	45.3651 54.8584,
	45.3802 54.6165,
	45.3651 54.1328,
	45.4407 53.6491,
	45.4709 53.5281,
	45.4558 53.0444,
	45.4407 52.8025,
	45.4558 52.5607,
	45.5012 52.3188,
	45.6675 52.0769,
	45.7279 52.0165,
	45.9698 51.9258,
	46 51.9106,
	46.0454 51.9711,
	46.0605 52.092,
	46.0151 52.3339,
	45.9244 53.3014,
	45.8791 54.2688,
	45.7733 54.7526,
	45.7733 54.8735,
	45.743 54.9944,
	45.743 55.0549,
	45.5768 55.5386,
	45.4709 55.7805,
	45.214 56.2642,
	45.1081 56.5061,
	44.957 56.7329,
	44.8663 56.8538,
	44.6093 57.3375,
	44.5035 57.4585,
	44.443 57.4887,
	44.3221 57.4887,
	44.2616 57.4887,
	44.1558 57.3678,
	44.1104 57.3073,
	44.0651 57.0654,
	44.05 56.9596,
	"/>
</Transform>

<Transform dim="0"
 xcoef=" 0 1 0 0 0 0"
 ycoef=" 0 0 1 0 0 0">
<Contour name="TB1_NF22_RSL" hidden="false" closed="true" simplified="true" border="0.501961 0.501961 0" fill="0.501961 0.501961 0" mode="-9"
 points="36.2812 59.8194,
	36.3116 59.789,
	36.3725 59.7662,
	36.6159 59.7205,
	36.6768 59.7053,
	36.7376 59.7129,
	36.7985 59.7357,
	36.8594 59.7281,
	36.9202 59.7357,
	36.9811 59.7662,
	37.0952 59.8651,
	37.118 59.9259,
	37.1256 59.9868,
	37.1256 60.002,
	37.1713 60.0629,
	37.1941 60.0933,
	37.2169 60.215,
	37.1941 60.2378,
	37.1637 60.2455,
	37.0419 60.1922,
	36.9202 60.1237,
	36.7985 60.1009,
	36.6768 60.0933,
	36.555 60.0553,
	36.5246 60.04,
	36.5094 60.0324,
	36.517 60.0096,
	36.4561 60.0096,
	36.3953 59.9868,
	36.342 59.9411,
	36.3116 59.9183,
	36.2812 59.8575,
	36.2812 59.827,
	"/>
</Transform>

<Transform dim="0"
 xcoef=" 0 1 0 0 0 0"
 ycoef=" 0 0 1 0 0 0">
<Contour name="TB1_NF22_RSL" hidden="false" closed="true" simplified="true" border="0.502 0.502 0" fill="0.502 0.502 0" mode="-9"
 points="38.833 65.0323,
	38.7864 64.8831,
	38.7211 64.7339,
	38.6745 64.5847,
	38.6465 64.5101,
	38.6185 64.2117,
	38.5999 64.0625,
	38.6558 63.7641,
	38.7024 63.6149,
	38.7677 63.4657,
	38.805 63.3911,
	38.9449 63.2419,
	39.0941 63.158,
	39.2433 63.0927,
	39.3179 63.0834,
	39.3925 63.0927,
	39.4671 63.1207,
	39.5044 63.1394,
	39.6442 63.2699,
	39.7748 63.4191,
	39.8307 63.4937,
	39.868 63.5683,
	39.868 63.6429,
	39.8587 63.6802,
	39.8494 63.6895,
	39.868 63.6989,
	39.9426 63.6709,
	40.0172 63.6616,
	40.0545 63.6522,
	40.2037 63.6802,
	40.2783 63.7268,
	40.5674 63.9879,
	40.6793 64.1371,
	40.7259 64.2117,
	40.7725 64.3609,
	40.7912 64.4355,
	40.8005 64.5847,
	40.8098 64.6593,
	40.8192 64.6966,
	40.8471 64.7339,
	40.9963 64.7899,
	41.0243 64.8645,
	41.0057 65.0137,
	40.987 65.0883,
	40.9497 65.1628,
	40.8098 65.312,
	40.7446 65.3866,
	40.6979 65.4612,
	40.67 65.5358,
	40.6233 65.6011,
	40.4741 65.6198,
	40.3995 65.6291,
	40.2503 65.6944,
	40.1105 65.8342,
	40.0359 65.8715,
	39.9613 65.8436,
	39.8867 65.7783,
	39.8121 65.7503,
	39.7655 65.7223,
	39.7002 65.6571,
	39.6629 65.6477,
	39.5883 65.6571,
	39.4391 65.7223,
	39.3645 65.7317,
	39.3272 65.741,
	39.2526 65.7317,
	39.178 65.7037,
	39.0288 65.5825,
	38.9449 65.4333,
	38.8889 65.1349,
	38.8796 65.0976,
	38.8609 65.0789,
	"/>
</Transform>

<Transform dim="0"
 xcoef=" 0 1 0 0 0 0"
 ycoef=" 0 0 1 0 0 0">
<Contour name="TB1_Shell_EM" hidden="false" closed="true" simplified="true" border="0 1 1" fill="0 1 1" mode="9"
 points="17.6603 29.1472,
	17.7384 28.5221,
	17.8165 28.2095,
	18.1291 27.8969,
	18.5198 27.2718,
	20.786 24.8494,
	22.0362 23.6772,
	22.6614 23.4428,
	23.2865 23.0521,
	25.7871 21.9581,
	28.2877 21.2548,
	28.9128 20.9422,
	29.2254 20.786,
	31.7259 20.3171,
	32.9762 20.0045,
	34.2265 20.0045,
	35.4768 20.239,
	36.7271 20.7078,
	37.9774 21.4892,
	38.2899 21.6455,
	38.9151 22.2707,
	39.3839 23.521,
	39.5402 24.1461,
	39.6183 24.4587,
	40.7905 25.3182,
	41.7282 26.5685,
	41.8845 26.7248,
	42.1189 27.3499,
	42.5096 29.8505,
	42.5096 30.1631,
	42.8222 30.7882,
	42.9785 32.0385,
	42.9785 32.1948,
	43.3692 32.8199,
	43.5255 33.1325,
	43.8381 33.4451,
	43.6818 33.7576,
	43.6818 33.9139,
	44.3069 34.5391,
	44.9321 35.0079,
	45.2446 35.1642,
	45.8698 35.7112,
	46.1042 36.3364,
	46.4949 36.9615,
	47.0419 37.5085,
	47.3545 37.6648,
	47.667 37.9774,
	47.7452 38.2899,
	47.9796 38.6025,
	48.1359 39.2276,
	48.761 40.4779,
	49.3862 41.1031,
	49.6988 41.3375,
	49.855 41.4938,
	50.0113 42.1189,
	50.1676 42.4315,
	50.3239 43.6818,
	50.4802 44.3069,
	51.0272 45.5572,
	51.1835 45.8698,
	51.1835 46.1823,
	51.3398 46.4949,
	51.3398 47.12,
	51.496 47.7452,
	51.4179 48.9955,
	51.4179 49.6206,
	51.1835 50.8709,
	51.1835 51.1835,
	50.949 51.8086,
	50.949 52.1212,
	50.949 52.2775,
	50.7146 52.59,
	50.3239 53.8403,
	50.0895 54.1529,
	49.5425 55.4032,
	48.9955 56.0283,
	47.5108 58.5289,
	46.9638 59.7792,
	46.2605 61.0294,
	45.1665 62.2797,
	42.9785 64.5459,
	42.3533 65.0929,
	41.1031 65.7962,
	40.4779 66.0306,
	40.1653 66.1869,
	37.6648 66.265,
	36.4145 66.1087,
	33.9139 65.4836,
	32.6636 65.0929,
	31.4134 64.3896,
	30.7882 63.9989,
	28.4439 61.889,
	27.9751 61.342,
	27.3499 60.8732,
	26.9592 60.4043,
	25.2401 57.9819,
	23.9117 55.4813,
	22.0362 52.9808,
	21.2548 51.7305,
	20.6297 50.4802,
	20.3171 49.855,
	20.1608 49.2299,
	20.1608 48.9173,
	19.9264 48.2922,
	19.6138 45.7916,
	19.6138 45.1665,
	20.1608 43.9162,
	21.0985 42.6659,
	21.9581 41.5719,
	22.8177 40.3216,
	23.2084 39.6965,
	23.2865 39.0713,
	23.2865 38.7588,
	23.0521 38.1336,
	23.0521 37.9774,
	22.8958 37.8211,
	22.6614 37.1959,
	21.6455 35.9456,
	20.786 34.6954,
	19.7701 33.5232,
	19.2231 33.0544,
	18.6761 32.4292,
	18.3635 32.1166,
	17.8947 30.8664,
	17.6603 29.6161,
	17.6603 29.3035,
	17.6603 29.2254,
	"/>
</Transform>

<Transform dim="0"
 xcoef=" 0 1 0 0 0 0"
 ycoef=" 0 0 1 0 0 0">
<Contour name="TB1_NF55_RSL" hidden="false" closed="true" simplified="true" border="0.501961 0 0" fill="0.501961 0 0" mode="-9"
 points="33.9983 27.4626,
	34.0321 27.3079,
	34.0321 27.2885,
	34.0563 27.2112,
	34.0708 27.1725,
	34.095 27.1387,
	34.1046 27.129,
	34.2593 27.2644,
	34.3367 27.332,
	34.3512 27.3514,
	34.3512 27.3901,
	34.3802 27.4287,
	34.414 27.5061,
	34.4285 27.5834,
	34.4382 27.7381,
	34.4285 27.8928,
	34.443 27.9701,
	34.443 27.9798,
	34.5204 28.0475,
	34.5977 28.0862,
	34.617 28.1055,
	34.6267 28.12,
	34.6606 28.1538,
	34.7041 28.2312,
	34.7621 28.3859,
	34.7862 28.4632,
	34.7862 28.5019,
	34.7621 28.5792,
	34.7476 28.6179,
	34.7137 28.6566,
	34.7041 28.6566,
	34.6315 28.5937,
	34.5832 28.5164,
	34.5687 28.5019,
	34.53 28.4922,
	34.5107 28.4874,
	34.4382 28.4294,
	34.385 28.352,
	34.3415 28.2747,
	34.3222 28.236,
	34.3125 28.2167,
	34.3125 28.207,
	34.3028 28.1974,
	34.2787 28.12,
	34.2642 28.0427,
	34.2545 27.7333,
	34.2352 27.6946,
	34.2013 27.6608,
	34.182 27.6463,
	34.1046 27.6221,
	34.066 27.6028,
	34.0515 27.5883,
	34.0418 27.5883,
	34.0128 27.5496,
	33.9983 27.5109,
	33.9983 27.4722,
	33.9983 27.4674,
	"/>
</Transform>

<Transform dim="0"
 xcoef=" 0 1 0 0 0 0"
 ycoef=" 0 0 1 0 0 0">
<Contour name="TB1_NF55_RSL" hidden="false" closed="true" simplified="true" border="0.502 0 0" fill="0.502 0 0" mode="-9"
 points="34.6267 27.4881,
	34.6387 27.4399,
	34.6628 27.3917,
	34.7532 27.3254,
	34.8014 27.3315,
	34.8255 27.3375,
	34.8496 27.3556,
	34.946 27.3435,
	34.9701 27.3495,
	35.0122 27.3977,
	35.0423 27.4941,
	35.0544 27.5905,
	35.0544 27.6387,
	35.0303 27.7351,
	35.0243 27.7592,
	35.0062 27.7773,
	34.958 27.7833,
	34.9098 27.7652,
	34.8857 27.7532,
	34.8737 27.7532,
	34.7773 27.6989,
	34.7291 27.6809,
	34.6387 27.5905,
	34.6267 27.5664,
	34.6267 27.5182,
	34.6267 27.4941,
	"/>
</Transform>

<Transform dim="0"
 xcoef=" 0 1 0 0 0 0"
 ycoef=" 0 0 1 0 0 0">
<Contour name="TB1_NF55_RSL" hidden="false" closed="true" simplified="true" border="0.502 0 0" fill="0.502 0 0" mode="-9"
 points="41.8319 30.7843,
	41.8728 30.6209,
	41.9545 30.5903,
	42.0362 30.5903,
	42.077 30.5801,
	42.1485 30.6618,
	42.1791 30.6822,
	42.2608 30.6618,
	42.3016 30.6414,
	42.3527 30.9681,
	42.3527 31.0498,
	42.3731 31.0906,
	42.3833 31.1723,
	42.4548 31.3357,
	42.4854 31.4174,
	42.4956 31.499,
	42.4344 31.8258,
	42.4344 31.8666,
	42.3731 32.03,
	42.3323 32.0708,
	42.271 31.9891,
	42.2097 31.8258,
	42.2097 31.7441,
	42.1587 31.5807,
	42.0464 31.4276,
	41.9749 31.3561,
	41.9341 31.3255,
	41.883 31.2438,
	41.883 31.2234,
	41.8626 31.2029,
	41.8319 31.0396,
	41.8319 30.8762,
	41.8319 30.7945,
	"/>
</Transform>

<Transform dim="0"
 xcoef=" 0 1 0 0 0 0"
 ycoef=" 0 0 1 0 0 0">
<Contour name="TB1_AP13_RSL_LYS" hidden="false" closed="true" simplified="true" border="0 0 0" fill="1 1 0" mode="-9"
 points="41.8668 49.8883,
	41.9563 49.6497,
	42.001 49.5901,
	42.1203 49.5454,
	42.2396 49.5305,
	42.3588 49.5454,
	42.4185 49.5603,
	42.5228 49.6647,
	42.5527 49.7839,
	42.5527 49.8436,
	42.5527 49.8734,
	42.3141 50.0821,
	42.2545 50.2014,
	42.1948 50.2461,
	42.0755 50.261,
	41.9712 50.1865,
	41.9264 50.1269,
	41.8966 50.0076,
	41.8668 49.9778,
	41.8668 49.9181,
	41.8668 49.9032,
	"/>
<Contour name="TB1_AP13_RSL_LYS" hidden="false" closed="true" simplified="true" border="0 0 0" fill="1 1 0" mode="-9"
 points="41.5537 52.9597,
	41.5984 52.8404,
	41.6283 52.7808,
	41.6432 52.7659,
	41.7624 52.8852,
	41.8072 52.7659,
	41.837 52.7063,
	41.9563 52.6913,
	42.0755 52.7063,
	42.1799 52.8106,
	42.2545 52.9001,
	42.3141 52.9597,
	42.329 53.079,
	42.3141 53.1983,
	42.2545 53.3176,
	42.2396 53.3474,
	42.2694 53.3921,
	42.2097 53.5114,
	42.1799 53.5263,
	42.1203 53.4816,
	42.0905 53.4667,
	42.0308 53.4965,
	42.001 53.4816,
	41.8966 53.5263,
	41.837 53.4965,
	41.7774 53.4965,
	41.6581 53.3772,
	41.6581 53.3474,
	41.5984 53.2877,
	41.5984 53.2579,
	41.5686 53.2281,
	41.5537 52.9895,
	41.5537 52.9746,
	"/>
<Contour name="TB1_AP13_RSL_LYS" hidden="false" closed="true" simplified="true" border="0 0 0" fill="1 1 0" mode="-9"
 points="41.0468 52.7212,
	41.0915 52.6019,
	41.1511 52.5422,
	41.2704 52.5124,
	41.509 52.5124,
	41.5686 52.5273,
	41.5984 52.587,
	41.6283 52.8255,
	41.5984 52.8703,
	41.5686 52.8255,
	41.3301 53.0343,
	41.2704 53.079,
	41.2257 53.0492,
	41.1064 52.9299,
	41.0617 52.8703,
	41.0468 52.751,
	41.0468 52.7361,
	"/>
<Contour name="TB1_AP13_RSL_LYS" hidden="false" closed="true" simplified="true" border="0 0 0" fill="1 1 0" mode="-9"
 points="44.2971 53.9289,
	44.3269 53.8692,
	44.3866 53.8096,
	44.5059 53.7947,
	44.5655 53.7947,
	44.6699 53.8692,
	44.6997 53.8841,
	44.6549 54.1227,
	44.5953 54.1525,
	44.476 54.1674,
	44.3568 54.1227,
	44.2971 54.0631,
	44.2971 53.9438,
	"/>
<Contour name="TB1_AP13_RSL_LYS" hidden="false" closed="true" simplified="true" border="0 0 0" fill="1 1 0" mode="-9"
 points="41.1064 54.1674,
	41.1511 54.0481,
	41.2704 53.9736,
	41.509 53.9289,
	41.5686 53.9289,
	41.6879 54.0481,
	41.7475 54.1078,
	41.7923 54.2271,
	41.8072 54.2867,
	41.8221 54.3016,
	41.7923 54.3463,
	41.7624 54.3165,
	41.7624 54.2867,
	41.7028 54.2569,
	41.6581 54.3762,
	41.5835 54.4805,
	41.5537 54.5103,
	41.4344 54.5103,
	41.3151 54.4507,
	41.1959 54.3612,
	41.1362 54.3314,
	41.1064 54.2122,
	41.1064 54.1823,
	"/>
<Contour name="TB1_AP13_RSL_LYS" hidden="false" closed="true" simplified="true" border="0 0 0" fill="1 1 0" mode="-9"
 points="40.9573 53.6456,
	41.002 53.5859,
	41.1213 53.5561,
	41.2406 53.6008,
	41.2853 53.6456,
	41.166 53.7052,
	41.1064 53.735,
	41.0766 53.7947,
	41.0169 53.7798,
	40.9871 53.7201,
	40.9573 53.6903,
	40.9573 53.6605,
	"/>
<Contour name="TB1_AP13_RSL_LYS" hidden="false" closed="true" simplified="true" border="0 0 0" fill="1 1 0" mode="-9"
 points="43.9691 55.5093,
	43.9989 55.39,
	44.0138 55.3304,
	44.0586 55.2707,
	44.1778 55.2707,
	44.2375 55.2857,
	44.4313 55.5093,
	44.4015 55.7479,
	44.3568 55.8671,
	44.2822 55.9864,
	44.2226 56.0461,
	44.1033 56.061,
	43.984 56.0312,
	43.9691 55.554,
	43.9691 55.5242,
	"/>
<Contour name="TB1_AP13_RSL_LYS" hidden="false" closed="true" simplified="true" border="0 0 0" fill="1 1 0" mode="-9"
 points="42.985 57.0599,
	43.0447 56.9407,
	43.0745 56.9108,
	43.1043 56.9407,
	43.1491 56.8214,
	43.2534 56.7021,
	43.3727 56.6574,
	43.6113 56.6425,
	43.6709 56.6425,
	43.7007 56.6425,
	43.7753 56.7617,
	43.82 56.881,
	43.8349 57.1196,
	43.8349 57.2388,
	43.82 57.2985,
	43.7902 57.3283,
	43.7902 57.3581,
	43.7305 57.4029,
	43.7007 57.4476,
	43.7156 57.4774,
	43.656 57.537,
	43.6262 57.5669,
	43.5665 57.552,
	43.4473 57.5669,
	43.328 57.5221,
	43.2087 57.5072,
	43.1491 57.4923,
	43.0447 57.373,
	43.0149 57.3432,
	42.985 57.1047,
	42.985 57.0748,
	"/>
<Contour name="TB1_AP13_RSL_LYS" hidden="false" closed="true" simplified="true" border="0 0 0" fill="1 1 0" mode="-9"
 points="41.3748 57.3432,
	41.3897 57.2836,
	41.4792 57.1792,
	41.4941 57.1196,
	41.7177 56.9257,
	41.8221 56.8363,
	41.8817 56.8065,
	41.9115 56.7766,
	41.9712 56.7617,
	41.9861 56.7319,
	42.0457 56.717,
	42.1501 56.8214,
	42.2246 56.9257,
	42.2694 57.045,
	42.2843 57.2836,
	42.2843 57.3134,
	42.3141 57.3134,
	42.3588 57.2687,
	42.3737 57.2985,
	42.2843 57.537,
	42.2545 57.5221,
	42.2545 57.4625,
	42.2545 57.4327,
	42.1799 57.537,
	42.0755 57.6563,
	42.0159 57.716,
	41.9861 57.7756,
	41.9264 57.8352,
	41.8668 57.8651,
	41.6283 57.8502,
	41.5686 57.8352,
	41.4642 57.7458,
	41.4046 57.6265,
	41.3897 57.3879,
	41.3748 57.3581,
	"/>
<Contour name="TB1_AP13_RSL_LYS" hidden="false" closed="true" simplified="true" border="0 0 0" fill="1 1 0" mode="-9"
 points="38.7805 55.1366,
	38.8252 55.0173,
	38.855 54.9576,
	38.9743 54.8831,
	39.0339 54.8533,
	39.2725 54.8384,
	39.3321 54.8831,
	39.3769 55.0024,
	39.3918 55.1217,
	39.3769 55.2409,
	39.3769 55.2707,
	39.3321 55.3304,
	39.3172 55.3453,
	39.347 55.3602,
	39.1085 55.3751,
	38.8699 55.3602,
	38.8103 55.3006,
	38.7805 55.2707,
	38.7805 55.1515,
	"/>
</Transform>

</Section>