<?xml version="1.0"?>
<!DOCTYPE Section SYSTEM "section.dtd">

<Section index="554" thickness="0.085" alignLocked="true">
<Transform dim="0"
 xcoef=" 0 1 0 0 0 0"
 ycoef=" 0 0 1 0 0 0">
<Image mag="0.0079" contrast="1" brightness="0" red="true" green="true" blue="true"
 src="Aligned TF21554.tif" />
<Contour name="domain1" hidden="false" closed="true" simplified="false" border="1 0 1" fill="1 0 1" mode="11"
 points="0 0,
	15991 0,
	15991 12171,
	0 12171,
	"/>
</Transform>

<Transform dim="0"
 xcoef=" 0 1 0 0 0 0"
 ycoef=" 0 0 1 0 0 0">
<Contour name="TB2_AP14_EM" hidden="false" closed="true" simplified="true" border="0 1 0" fill="0 1 0" mode="9"
 points="62.165 35.7058,
	62.2184 35.5635,
	62.3073 35.4213,
	62.4495 35.2968,
	62.574 35.2079,
	62.7696 34.6389,
	62.8052 34.4966,
	62.823 34.4255,
	62.823 34.3899,
	62.8763 34.3366,
	63.1608 34.4788,
	63.3031 34.55,
	63.4453 34.6922,
	63.5342 34.8345,
	63.5698 34.9767,
	63.6409 35.119,
	63.6765 35.1901,
	63.712 35.2257,
	63.7832 35.2257,
	63.8543 35.1901,
	63.9432 35.0479,
	64.0143 34.9945,
	64.1566 35.0123,
	64.2988 35.1012,
	64.37 35.119,
	64.5122 35.2079,
	64.6545 35.2612,
	64.7256 35.279,
	64.8679 35.3679,
	65.0101 35.4924,
	65.0457 35.5635,
	65.1168 35.6346,
	65.1879 35.7769,
	65.2413 35.848,
	65.2413 35.8836,
	65.3835 36.0258,
	65.5258 36.1148,
	65.7747 36.3993,
	65.9348 36.6838,
	66.077 36.8082,
	66.1126 36.826,
	66.3971 36.6304,
	66.4682 36.5949,
	66.6105 36.666,
	66.895 36.8972,
	67.1795 36.9327,
	67.464 36.9149,
	67.6063 36.9327,
	67.8908 36.8794,
	67.9619 36.8438,
	68.2464 36.8972,
	68.3887 36.9683,
	68.5309 37.075,
	68.6732 37.1461,
	68.7443 37.1283,
	68.8332 36.9861,
	68.9754 36.8438,
	69.0466 36.8082,
	69.1177 36.826,
	69.2422 36.7016,
	69.42 36.417,
	69.6512 36.1325,
	69.8468 35.848,
	69.9001 35.7769,
	70.0957 35.2079,
	70.149 34.9234,
	70.238 34.6389,
	70.5047 34.0699,
	70.7003 33.5008,
	70.8248 32.9318,
	70.9137 32.6473,
	70.9314 32.5051,
	71.0559 32.2206,
	71.1093 31.936,
	71.127 31.6515,
	71.127 31.5093,
	71.1804 31.2248,
	71.216 31.0825,
	71.3938 30.798,
	71.5716 30.229,
	71.5894 29.9445,
	71.7138 29.3755,
	71.7494 29.2332,
	71.7494 28.6642,
	71.785 28.5219,
	71.8561 28.3797,
	71.9628 28.2374,
	72.0339 28.1841,
	72.105 28.1663,
	72.2473 28.2197,
	72.5318 28.1663,
	72.6741 28.113,
	72.7452 28.0952,
	72.8874 28.1307,
	72.9586 28.1485,
	73.2253 28.433,
	73.2964 28.4864,
	73.332 28.5042,
	73.6165 28.3263,
	73.7587 28.2552,
	74.0433 28.2374,
	74.1855 28.273,
	74.3278 28.3619,
	74.3989 28.433,
	74.47 28.433,
	74.6123 28.3619,
	74.6834 28.3263,
	74.7012 28.3086,
	74.7367 28.3797,
	74.7367 28.5219,
	74.7367 28.5931,
	74.8434 28.8776,
	74.879 29.0198,
	74.9857 29.1443,
	75.1279 29.1799,
	75.2702 29.251,
	75.4124 29.3577,
	75.5014 29.4999,
	75.5547 29.7844,
	75.3769 30.9225,
	75.4124 31.4915,
	75.5547 31.776,
	75.608 31.9183,
	75.6436 32.2028,
	75.6258 32.4873,
	75.5547 32.7718,
	75.5369 32.914,
	75.3058 33.4831,
	75.1813 33.7676,
	75.0924 34.0521,
	75.0568 34.1943,
	74.8968 34.4788,
	74.8079 34.6033,
	74.7367 34.6033,
	74.4878 34.87,
	74.3455 34.9945,
	74.2744 35.0301,
	74.0433 35.3146,
	73.9366 35.4568,
	73.8654 35.528,
	73.7232 35.8125,
	73.6521 36.097,
	73.4209 36.666,
	73.3498 36.8082,
	73.2075 36.9505,
	72.923 36.9327,
	72.8519 36.9683,
	72.5674 37.2528,
	72.4785 37.395,
	72.4251 37.5373,
	72.3362 37.6796,
	72.2651 37.9641,
	72.1939 38.1063,
	72.0873 38.2486,
	72.0517 38.3197,
	71.9094 38.4086,
	71.7672 38.5509,
	71.6249 38.6398,
	71.4827 38.7642,
	71.1982 38.9421,
	71.0915 39.0843,
	70.9492 39.3688,
	70.8781 39.5111,
	70.7714 39.6533,
	70.2024 40.1334,
	70.0779 40.2757,
	69.7223 40.8447,
	69.5978 40.987,
	69.4378 41.2715,
	69.3844 41.4137,
	69.4022 41.9827,
	69.4378 42.2672,
	69.42 42.5518,
	69.3311 42.8363,
	69.2422 43.4053,
	69.1888 43.9743,
	69.2066 44.2588,
	69.26 44.5433,
	69.2777 44.6856,
	69.2955 44.7567,
	69.2422 45.0412,
	69.4378 45.3257,
	69.5267 45.6102,
	69.6156 46.1792,
	69.6334 46.4637,
	69.6156 46.7482,
	69.58 46.8905,
	69.5089 47.0328,
	69.4911 47.175,
	69.4556 47.2461,
	69.4733 47.8152,
	69.4556 47.9574,
	69.4022 48.0285,
	69.3666 48.0463,
	69.4378 48.1174,
	69.7223 48.2775,
	69.7934 48.3308,
	69.829 48.6153,
	69.7934 48.7576,
	69.7045 48.8998,
	69.5622 49.0421,
	69.2777 49.2199,
	68.7265 49.7889,
	68.5843 49.9134,
	68.442 50.1979,
	68.3709 50.3402,
	68.3531 50.4824,
	68.2286 50.7669,
	68.1219 51.3359,
	68.1041 51.6205,
	68.2108 52.1895,
	68.2464 52.3317,
	68.5309 52.9007,
	68.5843 53.043,
	68.6198 53.612,
	68.6554 53.7543,
	68.6554 53.8254,
	68.7087 53.9676,
	68.7976 54.1099,
	69.0821 54.3055,
	69.2244 54.4478,
	69.42 54.7323,
	69.4911 54.8745,
	69.5445 55.159,
	69.5445 55.3013,
	69.4911 55.4435,
	69.4378 55.5147,
	69.42 55.6569,
	69.3666 55.7992,
	69.0999 56.0481,
	68.9577 56.1192,
	68.8154 56.1548,
	68.6732 56.2437,
	68.3887 56.3326,
	68.2464 56.3326,
	67.9619 56.2437,
	67.8196 56.1726,
	67.7485 56.1015,
	67.464 56.0303,
	67.1795 55.8347,
	66.895 55.5502,
	66.2193 54.4122,
	66.0592 54.1277,
	65.9348 53.8432,
	65.7036 53.5587,
	65.5614 53.4164,
	65.4191 53.3097,
	65.3124 53.1852,
	65.2591 53.043,
	65.2591 52.9007,
	65.2057 52.7585,
	65.1168 52.6162,
	65.0635 52.474,
	64.9746 52.3317,
	64.8501 52.0472,
	64.6545 51.7627,
	64.5478 51.6205,
	64.4944 51.5493,
	64.4589 51.5138,
	64.4411 51.4426,
	64.3522 51.3004,
	64.2633 51.0159,
	64.2277 50.8736,
	64.2455 50.7314,
	64.3344 50.4469,
	64.3522 50.3046,
	64.2811 50.0201,
	64.2277 49.8778,
	64.0143 49.5933,
	63.8721 49.4689,
	63.7654 49.3266,
	63.6943 49.1843,
	63.4987 48.6153,
	63.4275 48.3308,
	63.3742 47.7618,
	63.4631 47.1928,
	63.4809 47.0505,
	63.4987 46.9794,
	63.4275 46.9438,
	63.392 46.8727,
	63.5698 46.3037,
	63.6054 46.0192,
	63.6054 45.8769,
	63.5698 45.7347,
	63.4275 45.4502,
	63.3742 45.3079,
	63.3564 45.1657,
	63.4275 44.5967,
	63.3742 44.3121,
	63.2497 44.0276,
	63.2319 43.8854,
	63.2853 43.6009,
	63.3386 43.4586,
	63.3742 43.3875,
	63.3564 43.103,
	63.0897 42.8185,
	62.983 42.534,
	62.9297 42.2495,
	62.8407 41.965,
	62.8052 41.3959,
	62.7518 41.2537,
	62.7341 40.9692,
	62.7874 40.6847,
	62.9474 40.1157,
	62.9652 39.9734,
	62.7696 38.8354,
	62.7518 38.5509,
	62.8407 37.9818,
	62.7874 37.6973,
	62.7518 37.5551,
	62.7518 37.484,
	62.6807 37.3417,
	62.5562 37.2528,
	62.4851 37.2172,
	62.3784 37.075,
	62.2362 36.506,
	62.1828 35.9369,
	62.165 35.7947,
	62.165 35.7236,
	"/>
</Transform>

<Transform dim="0"
 xcoef=" 0 1 0 0 0 0"
 ycoef=" 0 0 1 0 0 0">
<Contour name="TB3_Nuc07_EM" hidden="false" closed="true" simplified="true" border="1 0 0" fill="1 0 0" mode="9"
 points="94.7971 52.6821,
	94.8894 52.436,
	95.0893 52.1899,
	95.2124 52.0669,
	95.2585 52.0054,
	95.2893 51.8823,
	95.2124 51.7592,
	95.1816 51.6977,
	95.1663 51.5747,
	95.1816 51.3286,
	95.1816 51.2055,
	95.2124 51.0825,
	95.2739 50.9594,
	95.3816 50.8517,
	95.5046 50.7748,
	95.7508 50.6825,
	95.9815 50.5133,
	96.1045 50.4364,
	96.2276 50.4057,
	96.3506 50.3441,
	96.4737 50.3595,
	96.5814 50.4672,
	96.6121 50.5902,
	96.5967 50.8363,
	96.4583 51.3286,
	96.3506 51.5747,
	96.2891 51.6977,
	96.2584 51.7285,
	96.2584 51.7592,
	96.1814 51.8823,
	96.0738 52.3745,
	95.9046 52.8667,
	95.6738 53.3589,
	95.5969 53.482,
	95.5508 53.7281,
	95.4739 53.9742,
	95.4431 54.005,
	95.4431 54.0357,
	95.3508 54.1434,
	95.2893 54.128,
	95.2585 54.005,
	95.2585 53.8819,
	95.2432 53.8204,
	95.2278 53.7896,
	95.1663 53.8204,
	95.1047 53.805,
	95.0893 53.7435,
	95.1047 53.7127,
	95.0586 53.682,
	94.9971 53.7127,
	94.9355 53.7127,
	94.8894 53.6666,
	94.9048 53.4205,
	94.9201 53.2974,
	94.9201 53.2359,
	94.8432 53.1128,
	94.7971 52.8667,
	94.7971 52.7437,
	94.7971 52.6975,
	"/>
</Transform>

<Transform dim="0"
 xcoef=" 0 1 0 0 0 0"
 ycoef=" 0 0 1 0 0 0">
<Contour name="TB3_Nuc20_EM" hidden="false" closed="true" simplified="true" border="0 1 1" fill="0 1 1" mode="9"
 points="100.784 58.0332,
	101.167 57.4762,
	101.375 57.2325,
	101.654 57.1281,
	101.793 57.1281,
	102.002 56.9192,
	102.072 56.8844,
	102.211 56.954,
	102.35 56.8844,
	102.489 56.8844,
	102.768 57.0933,
	103.046 57.2325,
	103.325 57.4762,
	103.743 57.9984,
	103.986 58.5554,
	104.056 58.8339,
	104.021 59.391,
	103.743 59.948,
	103.569 60.2265,
	103.012 60.5746,
	102.872 60.6442,
	102.803 60.6442,
	102.663 60.7487,
	102.385 60.7835,
	102.106 60.679,
	101.967 60.6442,
	101.689 60.4702,
	101.132 59.9131,
	100.958 59.6346,
	100.923 59.3561,
	100.958 58.7991,
	100.853 58.2421,
	100.784 58.1029,
	100.784 58.0681,
	"/>
</Transform>

<Transform dim="0"
 xcoef=" 0 1 0 0 0 0"
 ycoef=" 0 0 1 0 0 0">
<Contour name="TB3_Nuc20_EM" hidden="false" closed="true" simplified="true" border="0 1 1" fill="0 1 1" mode="9"
 points="102.047 45.9292,
	102.094 45.741,
	102.258 45.3645,
	102.352 45.1763,
	102.517 45.0115,
	102.682 44.8939,
	102.87 44.7057,
	102.917 44.5174,
	103.011 43.0116,
	103.176 42.6351,
	103.317 42.4704,
	103.505 42.3057,
	103.6 42.2351,
	103.976 42.1174,
	104.352 42.0939,
	104.541 42.0704,
	104.917 41.9292,
	105.105 41.8822,
	105.294 41.9292,
	105.388 41.9292,
	105.482 42.0233,
	105.482 42.0704,
	105.741 42.4233,
	105.929 42.541,
	106.117 42.588,
	106.211 42.6821,
	106.258 42.7292,
	106.329 43.1057,
	106.282 43.2939,
	106.188 43.4821,
	106.164 43.6704,
	106.188 43.7645,
	106.305 43.9292,
	106.352 44.0233,
	106.329 44.2116,
	106.282 44.3057,
	106.188 44.3763,
	105.999 44.4233,
	105.929 44.5174,
	105.929 44.7057,
	105.929 44.7998,
	105.929 44.8468,
	105.788 45.0351,
	105.717 45.1292,
	105.599 45.5057,
	105.599 45.8821,
	105.482 46.0704,
	105.388 46.141,
	105.294 46.1645,
	105.129 46.3057,
	105.082 46.6821,
	105.035 46.8704,
	104.988 46.9645,
	104.894 47.0586,
	104.847 47.1057,
	104.658 47.1292,
	104.564 47.1998,
	104.517 47.2939,
	104.541 47.4821,
	104.635 47.5762,
	104.658 47.7645,
	104.541 47.9292,
	104.447 48.0233,
	104.352 48.0704,
	104.188 48.2586,
	104.117 48.4468,
	104.141 48.6351,
	103.976 49.0115,
	103.623 49.3174,
	103.552 49.5056,
	103.552 49.8821,
	103.482 50.0703,
	103.294 50.2351,
	103.223 50.3292,
	103.058 50.7056,
	102.964 50.8939,
	102.917 50.988,
	102.823 51.0586,
	102.729 51.0351,
	102.635 50.9409,
	102.541 50.7527,
	102.494 50.6586,
	102.494 50.6115,
	102.447 50.5645,
	102.352 49.8115,
	102.4 49.4351,
	102.611 49.0586,
	102.564 48.8704,
	102.258 48.5645,
	102.188 48.3762,
	102.211 48.188,
	102.329 47.8115,
	102.329 47.6233,
	102.282 47.4351,
	102.282 47.341,
	102.423 47.1527,
	102.447 47.0586,
	102.282 46.6821,
	102.117 46.5174,
	102.047 46.3292,
	102.047 45.9527,
	"/>
</Transform>

<Transform dim="0"
 xcoef=" 0 1 0 0 0 0"
 ycoef=" 0 0 1 0 0 0">
<Contour name="TB3_Nuc33_EM" hidden="false" closed="true" simplified="true" border="0 1 1" fill="0 1 1" mode="9"
 points="99.9625 37.76,
	99.9921 37.6415,
	99.9921 37.5822,
	100.066 37.3452,
	100.081 37.2267,
	100.125 37.1082,
	100.155 37.0489,
	100.214 37.0045,
	100.274 36.9897,
	100.333 37.0045,
	100.407 37.123,
	100.451 37.1822,
	100.481 37.2119,
	100.585 37.4489,
	100.718 37.6859,
	100.822 37.9229,
	100.896 38.1599,
	100.925 38.397,
	100.911 38.4562,
	100.822 38.5747,
	100.718 38.6636,
	100.703 38.7821,
	100.792 38.9006,
	100.851 39.0191,
	100.911 39.2562,
	100.94 39.7302,
	100.925 39.9672,
	100.851 40.2042,
	100.777 40.3079,
	100.718 40.3672,
	100.659 40.4857,
	100.585 40.9597,
	100.525 41.1967,
	100.511 41.256,
	100.451 41.3153,
	100.422 41.3153,
	100.348 41.1967,
	100.348 41.1671,
	100.318 41.1375,
	100.303 41.0782,
	100.259 41.019,
	100.244 40.9597,
	100.214 40.9301,
	100.214 40.9005,
	100.185 40.8708,
	100.185 40.8412,
	100.155 40.8116,
	100.111 40.6931,
	100.096 40.5746,
	100.199 40.3376,
	100.199 40.3079,
	100.229 40.2783,
	100.333 40.0413,
	100.481 39.8043,
	100.496 39.6857,
	100.481 39.5672,
	100.392 39.3302,
	100.037 38.8858,
	99.9773 38.7673,
	99.9921 38.6488,
	100.051 38.5303,
	100.066 38.4118,
	99.9921 37.9377,
	99.9625 37.8785,
	99.9625 37.7748,
	"/>
</Transform>

<Transform dim="0"
 xcoef=" 0 1 0 0 0 0"
 ycoef=" 0 0 1 0 0 0">
<Contour name="TB3_Nuc45_EM" hidden="false" closed="true" simplified="true" border="1 0 0" fill="1 0 0" mode="9"
 points="96.259 37.7371,
	96.3339 37.5374,
	96.3589 37.4375,
	96.3713 37.0381,
	96.4587 36.8383,
	96.646 36.6511,
	96.7458 36.5637,
	96.7958 36.364,
	96.8083 36.1642,
	96.8207 36.0644,
	96.8582 35.9645,
	96.9955 35.7648,
	97.0954 35.7023,
	97.1952 35.6774,
	97.2452 35.6524,
	97.345 35.6524,
	97.5448 35.7148,
	97.6446 35.7273,
	97.7445 35.7648,
	97.8444 35.7772,
	98.2438 35.952,
	98.4436 36.0519,
	98.6433 36.1767,
	98.7806 36.364,
	98.8805 36.5637,
	98.9429 36.7634,
	98.9804 36.8633,
	99.0802 37.6622,
	99.0677 37.7621,
	98.9804 37.9618,
	98.9928 38.1616,
	99.0303 38.2614,
	99.0428 38.3114,
	99.0802 38.3488,
	99.1801 38.3613,
	99.28 38.3488,
	99.3798 38.3738,
	99.4298 38.3863,
	99.4922 38.4861,
	99.5296 38.586,
	99.5296 38.7857,
	99.4298 38.9855,
	99.3549 39.0728,
	99.3174 39.1228,
	99.3049 39.1727,
	99.3299 39.3724,
	99.3174 39.4723,
	99.2924 39.5222,
	99.2675 39.5472,
	99.255 39.5971,
	99.23 39.6221,
	99.23 39.672,
	99.3299 39.7345,
	99.3673 39.7719,
	99.3673 39.8218,
	99.3049 40.0216,
	99.2924 40.1214,
	99.3424 40.3212,
	99.3798 40.421,
	99.3923 40.5209,
	99.3673 40.6208,
	99.3174 40.6707,
	99.2675 40.6832,
	99.2175 40.6707,
	99.1926 40.6457,
	99.0802 40.833,
	99.0178 40.9329,
	98.8181 41.0452,
	98.6183 41.1076,
	98.5185 41.1076,
	98.4186 41.1576,
	98.3687 41.1825,
	98.3187 41.17,
	98.1315 41.0078,
	98.0816 40.9703,
	98.0191 40.8704,
	97.9942 40.8205,
	97.9942 40.6208,
	97.9692 40.5209,
	97.9567 40.471,
	97.9193 40.421,
	97.8943 40.3212,
	97.9318 40.1214,
	97.9193 40.0715,
	97.8818 40.0341,
	97.8569 40.0465,
	97.8069 40.0091,
	97.757 39.9092,
	97.7071 39.9092,
	97.5073 40.0091,
	97.4075 40.0341,
	97.3825 40.0341,
	97.3575 40.0091,
	97.1578 40.1214,
	97.1079 40.1589,
	97.0579 40.1589,
	97.033 40.1589,
	96.983 40.109,
	96.9705 39.9092,
	96.983 39.8094,
	96.9456 39.7095,
	96.8707 39.6096,
	96.8457 39.4099,
	96.7334 39.2102,
	96.6585 39.1103,
	96.621 38.9106,
	96.5711 38.8107,
	96.4088 38.611,
	96.3464 38.5111,
	96.3214 38.1116,
	96.2715 37.9119,
	96.259 37.812,
	96.259 37.7621,
	96.259 37.7496,
	"/>
</Transform>

<Transform dim="0"
 xcoef=" 0 1 0 0 0 0"
 ycoef=" 0 0 1 0 0 0">
<Contour name="TB3_Nuc53_EM" hidden="false" closed="true" simplified="true" border="0 1 0" fill="0 1 0" mode="9"
 points="91.936 50.1226,
	92.0183 49.7935,
	92.0388 49.629,
	91.9977 49.2999,
	92.0183 48.9708,
	92.1211 48.6417,
	92.1417 48.3127,
	92.1005 47.6545,
	92.1211 46.9964,
	92.1622 46.6673,
	92.4707 46.3588,
	92.5736 46.0297,
	92.5736 45.8652,
	92.4913 45.5361,
	92.4707 45.207,
	92.4913 45.0425,
	92.553 44.8779,
	92.5941 44.8368,
	92.5941 44.7957,
	92.6353 44.7545,
	92.8615 44.0964,
	93.0055 43.4382,
	92.9643 43.2737,
	92.9849 42.6155,
	92.9849 42.2864,
	92.9438 42.2042,
	92.9643 41.8751,
	93.1495 41.546,
	93.3757 40.8879,
	93.4374 40.7233,
	93.6636 40.4148,
	93.8282 40.2503,
	93.9927 40.1269,
	94.1573 40.0857,
	94.2395 40.0652,
	94.2807 40.0652,
	94.3218 40.024,
	94.3012 39.695,
	94.3012 39.5304,
	94.3218 39.4481,
	94.3218 39.407,
	94.4863 39.263,
	94.5892 39.0985,
	94.6509 38.7694,
	94.9182 38.4403,
	95.0416 38.2964,
	95.3913 37.6382,
	95.5147 37.4737,
	95.5558 37.3914,
	95.597 37.3503,
	95.597 37.3091,
	95.7204 37.1446,
	95.8026 37.0829,
	95.8849 37.0623,
	95.926 37.0623,
	95.9672 37.1035,
	95.9877 37.4325,
	95.926 38.0907,
	95.926 38.4198,
	95.9672 38.7489,
	96.0494 39.0779,
	96.0906 39.7361,
	96.1112 39.9006,
	96.0906 40.0652,
	96.1523 40.3942,
	96.1934 40.5588,
	96.2346 40.6411,
	96.2346 40.8056,
	96.1317 41.1347,
	96.07 41.2992,
	95.9466 41.4637,
	95.8643 41.6283,
	95.597 41.9574,
	95.5353 42.1219,
	95.5353 42.2864,
	95.7409 42.9446,
	95.8438 43.2737,
	95.9055 43.4382,
	95.9466 43.5205,
	95.9672 43.685,
	95.9055 44.0141,
	95.8438 44.1786,
	95.6792 44.1992,
	95.5764 44.3637,
	95.597 44.6928,
	95.5764 44.8574,
	95.5147 45.0219,
	95.453 45.1042,
	95.2885 45.1453,
	95.2062 45.2276,
	95.1651 45.3921,
	95.1856 45.7212,
	95.1856 45.8857,
	95.0622 46.2148,
	94.8977 46.5439,
	94.7948 46.7084,
	94.7331 46.873,
	94.548 47.202,
	94.4452 47.8602,
	94.4452 47.9425,
	93.9927 48.6006,
	93.8899 48.9297,
	93.8282 49.2588,
	93.6636 49.4027,
	93.3346 49.5467,
	93.1906 49.6907,
	93.0055 50.0198,
	92.8821 50.3488,
	92.6147 50.6573,
	92.4913 50.8219,
	92.409 50.9864,
	92.2651 51.151,
	92.1828 51.151,
	92.1417 51.151,
	92.08 51.0687,
	92.0183 50.9042,
	91.9565 50.5751,
	91.936 50.246,
	91.936 50.1637,
	91.936 50.1432,
	"/>
</Transform>

<Transform dim="0"
 xcoef=" 0 1 0 0 0 0"
 ycoef=" 0 0 1 0 0 0">
<Contour name="TB3_Nuc55_EM" hidden="false" closed="true" simplified="true" border="0 1 0" fill="0 1 0" mode="9"
 points="108.253 58.53,
	108.318 58.4,
	108.578 58.2375,
	108.61 57.9775,
	108.545 57.8475,
	108.48 57.7825,
	108.448 57.5225,
	108.545 57.2625,
	109 56.8076,
	109.098 56.5476,
	109.13 56.2876,
	109.325 55.7676,
	109.455 55.5076,
	109.52 55.2476,
	109.488 54.7276,
	109.585 54.4677,
	109.683 54.3377,
	109.748 54.0777,
	109.715 53.5577,
	109.78 53.2977,
	110.105 52.7777,
	110.365 52.5502,
	110.495 52.5177,
	110.723 52.2577,
	110.885 51.9978,
	111.243 50.9578,
	111.308 50.6978,
	111.503 50.4378,
	111.763 50.2428,
	111.828 50.1778,
	111.958 50.1778,
	112.055 50.4378,
	112.153 50.9578,
	112.153 51.2178,
	112.055 51.7378,
	112.055 51.9978,
	112.153 52.2577,
	111.925 53.2977,
	111.86 53.8177,
	111.86 54.8576,
	111.958 55.3776,
	111.958 55.8976,
	112.023 55.9301,
	111.99 56.0601,
	112.055 56.5801,
	112.055 56.7101,
	112.51 57.1325,
	112.738 57.36,
	112.835 57.49,
	112.868 57.62,
	112.835 57.75,
	112.738 57.88,
	112.673 58.14,
	112.543 58.4,
	112.38 58.92,
	111.665 59.9274,
	111.503 60.1549,
	111.275 60.4149,
	111.048 60.5774,
	110.788 60.6099,
	110.528 60.3824,
	110.398 60.2849,
	110.333 60.2199,
	110.073 60.2199,
	110.04 60.3499,
	109.813 60.6099,
	109.78 60.7399,
	109.813 60.9999,
	109.715 61.2599,
	109.553 61.5199,
	109.293 61.5523,
	109.163 61.5199,
	108.903 61.2599,
	108.838 61.1299,
	108.773 61.0649,
	108.675 60.5449,
	108.675 60.2849,
	108.87 59.7649,
	108.87 59.5049,
	108.74 59.2449,
	108.48 59.05,
	108.35 58.92,
	108.253 58.66,
	108.253 58.5625,
	"/>
<Contour name="TB3_Nuc55_EM" hidden="false" closed="true" simplified="true" border="0 1 0" fill="0 1 0" mode="9"
 points="111.958 54.6626,
	111.99 54.4027,
	112.153 54.1427,
	112.283 54.1427,
	112.413 54.2077,
	112.51 54.4677,
	112.543 54.7276,
	112.51 54.8576,
	112.575 54.9876,
	112.64 54.9876,
	112.868 55.2476,
	112.9 55.5076,
	112.835 55.6376,
	112.77 55.7026,
	112.933 56.2226,
	112.9 56.3526,
	112.933 56.6126,
	112.933 56.7426,
	112.835 56.8726,
	112.705 56.8726,
	112.478 56.6451,
	112.348 56.3851,
	112.315 56.2551,
	112.153 55.9951,
	112.055 55.7351,
	112.055 55.2151,
	111.958 54.6951,
	"/>
</Transform>

<Transform dim="0"
 xcoef=" 0 1 0 0 0 0"
 ycoef=" 0 0 1 0 0 0">
<Contour name="TB3_Nuc59_EM" hidden="false" closed="true" simplified="true" border="0 1 0" fill="0 1 0" mode="9"
 points="97.0493 33.7427,
	97.094 33.6533,
	97.1163 33.4745,
	97.1834 33.2958,
	97.2281 33.2064,
	97.2728 33.1617,
	97.4292 32.8041,
	97.5409 32.4466,
	97.6079 32.2678,
	97.8091 31.9103,
	97.9208 31.7315,
	98.2113 31.374,
	98.3677 31.0164,
	98.4794 30.8377,
	98.5688 30.793,
	98.6359 30.7036,
	98.6806 30.6589,
	98.7253 30.4801,
	98.7029 30.3908,
	98.7476 30.212,
	98.7699 30.1226,
	98.7476 30.0332,
	98.5912 29.8544,
	98.4794 29.698,
	98.5465 29.5193,
	98.6135 29.4299,
	98.6582 29.3852,
	98.837 29.3628,
	98.7699 29.0053,
	98.7476 28.6478,
	98.8146 28.469,
	98.9487 28.3126,
	99.3063 28.0668,
	99.5074 27.7316,
	99.5968 27.5528,
	99.6191 27.4634,
	99.6861 27.3964,
	99.7755 27.4187,
	99.9319 27.5528,
	100.021 27.5751,
	100.2 27.5081,
	100.289 27.4411,
	100.759 26.726,
	100.938 26.5919,
	101.116 26.4131,
	101.25 26.2567,
	101.429 26.1003,
	101.563 25.9215,
	101.563 25.8768,
	101.474 25.8545,
	101.295 25.7204,
	101.295 25.6757,
	101.384 25.6087,
	102.1 25.4523,
	102.189 25.4299,
	102.278 25.4969,
	102.412 26.212,
	102.39 26.5696,
	102.412 26.9271,
	102.479 27.1059,
	102.502 27.1953,
	102.457 27.374,
	102.211 27.7316,
	102.122 27.9103,
	102.055 27.9997,
	101.943 28.3573,
	101.965 28.536,
	101.943 28.7148,
	101.831 28.8936,
	101.809 28.9829,
	101.831 29.1617,
	101.809 29.3405,
	101.72 29.4299,
	101.675 29.4746,
	101.653 29.5639,
	101.72 29.7427,
	101.764 29.8321,
	101.764 30.0109,
	101.742 30.1003,
	101.586 30.279,
	101.474 30.4578,
	101.541 31.1729,
	101.519 31.2623,
	101.34 31.4187,
	101.206 31.5974,
	101.161 31.6868,
	101.116 31.7092,
	101.116 31.7539,
	100.96 31.9103,
	100.87 31.9103,
	100.826 31.9103,
	100.736 31.9997,
	100.714 32.0891,
	100.826 32.4466,
	100.893 32.6254,
	100.915 32.7148,
	100.893 32.8041,
	100.714 32.9829,
	100.357 33.2064,
	100.267 33.2958,
	100.2 33.4745,
	100.2 33.6533,
	100.178 33.7427,
	100.021 33.8991,
	99.9319 33.9438,
	99.8426 34.0332,
	99.8202 34.2119,
	99.6638 34.5695,
	99.5521 34.7482,
	99.5074 34.8376,
	99.418 34.927,
	98.7029 35.0387,
	98.3454 35.0387,
	98.256 35.0164,
	98.0996 34.86,
	98.0549 34.7706,
	98.0325 34.4131,
	98.0325 34.3684,
	97.9431 34.3013,
	97.8538 34.3013,
	97.7867 34.3684,
	97.742 34.3907,
	97.742 34.4354,
	97.6079 34.6142,
	97.5856 34.6589,
	97.4962 34.6812,
	97.4068 34.6589,
	97.2504 34.4801,
	97.2057 34.3907,
	97.1163 34.3013,
	97.0493 34.1226,
	97.0493 33.765,
	"/>
</Transform>

<Transform dim="0"
 xcoef=" 0 1 0 0 0 0"
 ycoef=" 0 0 1 0 0 0">
<Contour name="TB1_NF22_RSL" hidden="false" closed="true" simplified="true" border="0.502 0.502 0" fill="0.502 0.502 0" mode="-9"
 points="33.0192 50.9229,
	33.0565 50.8483,
	33.0845 50.811,
	33.1218 50.811,
	33.1964 50.7551,
	33.271 50.7271,
	33.3456 50.7271,
	33.3829 50.7457,
	33.4482 50.8203,
	33.4948 50.8949,
	33.5414 51.1933,
	33.5601 51.3425,
	33.5508 51.4171,
	33.5414 51.4544,
	33.5974 51.6036,
	33.616 51.6782,
	33.6627 51.7528,
	33.7 51.7715,
	33.7186 51.7995,
	33.8398 51.9393,
	33.9051 52.0885,
	33.9517 52.3869,
	33.961 52.5361,
	33.9237 52.6853,
	33.8958 52.7599,
	33.8398 52.8345,
	33.7746 52.8905,
	33.7 52.8998,
	33.6254 52.8811,
	33.5508 52.8345,
	33.4855 52.7692,
	33.3829 52.4708,
	33.3176 52.3216,
	33.2897 52.247,
	33.2617 51.9487,
	33.271 51.8741,
	33.3363 51.7249,
	33.3363 51.6876,
	33.3456 51.6689,
	33.3176 51.5943,
	33.2057 51.4451,
	33.1591 51.3705,
	33.0565 51.0721,
	33.0286 50.9975,
	33.0192 50.9322,
	"/>
</Transform>

<Transform dim="0"
 xcoef=" 0 1 0 0 0 0"
 ycoef=" 0 0 1 0 0 0">
<Contour name="TB1_AP50_EM" hidden="false" closed="true" simplified="true" border="0 1 0" fill="0 1 0" mode="9"
 points="37.0714 50.5773,
	37.157 50.406,
	37.3283 50.2348,
	37.4781 49.8923,
	37.4995 49.5499,
	37.4781 49.3786,
	37.5209 49.0362,
	37.5209 48.9506,
	37.6707 48.6081,
	37.5637 48.2656,
	37.5423 47.9232,
	37.6279 47.5807,
	37.6921 47.4095,
	37.7778 46.7246,
	37.7778 46.6389,
	37.8634 46.4677,
	37.8848 46.3821,
	37.842 46.2965,
	37.842 46.1253,
	38.1844 45.4403,
	38.4413 44.7554,
	38.6125 44.4129,
	38.6767 44.2417,
	38.5055 44.0705,
	38.4413 43.8993,
	38.3771 43.2143,
	38.3557 42.8719,
	38.3343 42.7006,
	38.3557 42.5294,
	38.5055 42.1869,
	38.5911 42.0157,
	38.6339 41.8445,
	38.6339 41.7589,
	38.5697 41.5876,
	38.5911 41.4164,
	38.6553 41.2452,
	38.6767 41.0739,
	38.5055 40.7315,
	38.4841 40.6459,
	38.5055 40.4746,
	38.4841 40.389,
	38.6767 40.0466,
	38.8265 39.8753,
	38.9336 39.5329,
	38.7623 39.1904,
	38.8051 39.0192,
	39.1262 38.7195,
	39.2332 38.5483,
	39.2974 38.3771,
	39.3402 38.2915,
	39.4259 38.27,
	39.7683 38.4627,
	40.0038 38.8051,
	40.1108 39.1476,
	40.1964 39.8325,
	40.2392 39.9181,
	40.2178 40.2606,
	40.2392 40.6031,
	40.389 40.9455,
	40.4746 41.288,
	40.5175 41.4592,
	40.6673 41.5876,
	40.9883 42.2726,
	41.1382 42.9575,
	41.2238 43.1287,
	41.395 43.2999,
	41.7375 43.407,
	41.9087 43.4284,
	42.2512 43.3642,
	42.4224 43.3214,
	42.7649 43.407,
	43.4498 43.7066,
	43.7922 43.9207,
	44.4772 44.5842,
	44.7982 44.9266,
	45.0765 45.2691,
	45.4831 45.954,
	45.8042 46.6389,
	45.954 46.9814,
	46.0182 47.1526,
	46.061 47.4951,
	45.954 48.18,
	45.9326 48.2656,
	45.9968 48.4369,
	46.0182 48.7793,
	45.9754 49.4643,
	45.9326 49.8067,
	45.74 50.4916,
	45.6116 50.8341,
	45.5902 50.9197,
	45.5688 50.9625,
	45.5902 51.0481,
	45.5045 51.3906,
	45.3333 51.7331,
	45.2049 52.0755,
	45.1193 52.2467,
	44.9694 52.3966,
	44.627 52.5892,
	43.9421 52.8675,
	43.5996 52.9959,
	43.2571 53.1885,
	43.1287 53.3383,
	42.9789 53.6808,
	42.9361 53.852,
	42.9147 53.9377,
	42.8505 54.0233,
	42.508 54.0661,
	42.2726 54.4085,
	42.1013 54.5584,
	42.0157 54.6226,
	41.8445 54.644,
	41.7589 54.6226,
	41.5876 54.6654,
	41.2452 54.858,
	41.0739 54.9008,
	40.9027 54.9008,
	40.8599 54.9222,
	40.5175 54.7724,
	40.3462 54.8152,
	40.2606 54.8366,
	40.0894 54.7082,
	39.9824 54.537,
	39.9181 54.4513,
	39.2332 54.0875,
	38.8908 53.7878,
	38.7195 53.6166,
	38.5483 53.5096,
	38.3771 53.4454,
	38.2915 53.4668,
	38.1202 53.4026,
	37.5851 52.7176,
	37.4781 52.5464,
	37.4139 52.3752,
	37.5423 52.0327,
	37.5637 51.8615,
	37.4995 51.519,
	37.1356 50.8341,
	37.0714 50.6629,
	37.0714 50.5987,
	"/>
</Transform>

<Transform dim="0"
 xcoef=" 0 1 0 0 0 0"
 ycoef=" 0 0 1 0 0 0">
<Contour name="TB1_Shell_EM" hidden="false" closed="true" simplified="true" border="0 1 1" fill="0 1 1" mode="9"
 points="49.6206 53.137,
	49.9332 53.0589,
	50.0895 53.137,
	49.7769 53.2152,
	49.6988 53.2152,
	"/>
<Contour name="TB1_Shell_EM" hidden="false" closed="true" simplified="true" border="0 1 1" fill="0 1 1" mode="9"
 points="21.4892 37.7429,
	21.7237 36.4926,
	21.7237 35.8675,
	22.2707 33.3669,
	22.6614 32.1166,
	23.8335 30.9445,
	24.2242 30.6319,
	24.3805 30.6319,
	26.8811 28.8347,
	28.1314 28.4439,
	29.3817 28.2095,
	30.6319 28.1314,
	31.8822 28.2877,
	33.1325 28.6784,
	33.7576 28.9128,
	36.1019 30.9445,
	36.6489 31.5697,
	37.0396 32.1948,
	37.2741 32.5074,
	37.4304 32.6636,
	37.5085 32.9762,
	38.0555 33.5232,
	38.3681 34.1484,
	38.9932 34.7735,
	39.8528 35.9456,
	40.0091 36.5708,
	40.3216 37.1959,
	40.4779 37.8211,
	40.7905 38.4462,
	41.9626 39.1495,
	43.2129 39.3058,
	44.4632 39.6183,
	45.0883 39.8528,
	45.2446 39.8528,
	45.4009 40.0091,
	46.0261 40.2435,
	47.2763 41.1031,
	48.5266 42.1189,
	48.6829 42.4315,
	48.9955 42.7441,
	49.6988 43.9943,
	49.6988 44.1506,
	49.9332 44.4632,
	50.402 45.7135,
	50.402 46.3386,
	50.5583 46.9638,
	50.4802 49.4643,
	49.855 51.9649,
	49.6988 52.59,
	49.3862 53.2152,
	49.308 53.3715,
	49.9332 53.0589,
	50.0895 53.137,
	49.4643 53.5277,
	49.1518 53.684,
	48.9955 53.8403,
	48.6829 53.9185,
	47.5108 55.0906,
	47.2763 55.7157,
	47.0419 56.966,
	46.9638 57.5912,
	46.573 58.2163,
	46.3386 58.5289,
	46.2605 58.8415,
	45.1665 60.0136,
	44.5413 60.5606,
	44.0725 61.1857,
	42.8222 62.2016,
	41.6501 62.9049,
	41.0249 63.2174,
	39.7746 63.53,
	38.5244 63.6082,
	37.8992 63.6863,
	36.6489 63.4519,
	35.3986 63.0612,
	34.1484 62.3579,
	33.6014 61.9672,
	32.5074 60.8732,
	31.8822 60.3262,
	31.2571 59.9355,
	30.6319 59.3885,
	28.1314 57.7475,
	25.7089 55.7939,
	24.5368 54.6217,
	24.068 53.3715,
	23.8335 52.7463,
	23.5991 51.496,
	23.2865 50.8709,
	22.8958 49.6206,
	22.7395 48.9955,
	22.8177 47.7452,
	23.0521 46.4949,
	23.0521 45.2446,
	23.2084 43.9943,
	23.1302 42.7441,
	22.5832 41.4938,
	21.88 40.2435,
	21.6455 38.9932,
	21.4892 38.3681,
	21.4892 37.8211,
	"/>
</Transform>

<Transform dim="0"
 xcoef=" 0 1 0 0 0 0"
 ycoef=" 0 0 1 0 0 0">
<Contour name="TB1_NF55_RSL" hidden="false" closed="true" simplified="true" border="0.502 0 0" fill="0.502 0 0" mode="-9"
 points="30.0206 38.548,
	30.1826 38.1491,
	30.22 38.0493,
	30.2824 37.9496,
	30.3198 37.9247,
	30.5193 37.9496,
	30.5691 37.9621,
	30.5941 37.8623,
	30.6564 37.7626,
	30.7561 37.6629,
	30.7811 37.6255,
	30.806 37.613,
	30.9307 37.8125,
	30.9805 37.9122,
	31.0055 38.0119,
	30.993 38.0369,
	30.9556 37.9371,
	30.8309 37.7377,
	30.8309 37.7127,
	30.806 37.7003,
	30.7811 37.7127,
	30.7811 37.7626,
	30.7437 37.8623,
	30.6689 37.9371,
	30.8683 37.9621,
	30.8933 37.9621,
	30.9805 38.361,
	30.993 38.76,
	30.993 38.8597,
	30.9556 38.9594,
	30.8933 39.0592,
	30.7935 39.134,
	30.6938 39.1838,
	30.6439 39.1963,
	30.5442 39.1714,
	30.3697 39.0093,
	30.2699 38.8223,
	30.1702 38.8348,
	30.1203 38.8348,
	30.0704 38.7849,
	30.033 38.6852,
	30.0206 38.5854,
	30.0206 38.5605,
	"/>
</Transform>

<Transform dim="0"
 xcoef=" 0 1 0 0 0 0"
 ycoef=" 0 0 1 0 0 0">
<Contour name="TB1_NF55_RSL" hidden="false" closed="true" simplified="true" border="0.502 0 0" fill="0.502 0 0" mode="-9"
 points="42.9245 43.1899,
	43.0061 43.1287,
	43.0878 43.1491,
	43.1593 43.2206,
	43.1695 43.2614,
	43.1593 43.2818,
	43.1389 43.2818,
	43.1389 43.3022,
	43.0572 43.3125,
	43.0164 43.3022,
	42.9449 43.241,
	42.9245 43.2001,
	"/>
<Contour name="TB1_NF55_RSL" hidden="false" closed="true" simplified="true" border="0.502 0 0" fill="0.502 0 0" mode="-9"
 points="39.6163 41.5052,
	39.6469 41.3419,
	39.6571 41.301,
	39.6571 41.2806,
	39.8205 41.1887,
	39.9022 41.1683,
	40.0656 41.1683,
	40.1472 41.1887,
	40.1881 41.1989,
	40.2698 41.2806,
	40.3004 41.3214,
	40.3106 41.3623,
	40.3106 41.3827,
	40.2391 41.4644,
	40.1574 41.4746,
	40.086 41.5563,
	40.0553 41.638,
	40.0553 41.7196,
	40.086 41.883,
	40.0758 41.9647,
	40.0553 42.0055,
	40.0145 42.0464,
	39.9328 42.0668,
	39.8511 42.0668,
	39.8103 42.0566,
	39.7797 42.0259,
	39.6367 41.6992,
	39.6163 41.6584,
	39.6163 41.5767,
	39.6163 41.5358,
	39.6163 41.5154,
	"/>
</Transform>

<Transform dim="0"
 xcoef=" 0 1 0 0 0 0"
 ycoef=" 0 0 1 0 0 0">
<Contour name="TB1_NF55_RSL" hidden="false" closed="true" simplified="true" border="0.502 0 0" fill="0.502 0 0" mode="-9"
 points="42.853 39.6163,
	42.8938 39.4529,
	42.9143 39.4325,
	42.9245 39.3917,
	42.9857 39.31,
	43.0061 39.2691,
	43.0061 39.2487,
	43.0368 39.2079,
	43.0572 39.1875,
	43.098 39.1875,
	43.2512 39.3202,
	43.2716 39.361,
	43.2716 39.4019,
	43.2614 39.4223,
	43.292 39.4529,
	43.2512 39.4836,
	43.2614 39.5244,
	43.3125 39.6061,
	43.3941 39.6776,
	43.4146 39.7184,
	43.4043 39.8001,
	43.3839 39.8409,
	43.2206 39.9328,
	43.1389 39.9532,
	43.0572 39.9328,
	42.9755 39.8818,
	42.9347 39.8511,
	42.9143 39.8103,
	42.8734 39.7797,
	42.853 39.7388,
	42.853 39.6571,
	42.853 39.6265,
	"/>
</Transform>

</Section>