<?xml version="1.0"?>
<!DOCTYPE Section SYSTEM "section.dtd">

<Section index="505" thickness="0.085" alignLocked="true">
<Transform dim="0"
 xcoef=" 0 1 0 0 0 0"
 ycoef=" 0 0 1 0 0 0">
<Image mag="0.0079" contrast="1" brightness="0" red="true" green="true" blue="true"
 src="Aligned TF21505.tif" />
<Contour name="domain1" hidden="false" closed="true" simplified="false" border="1 0 1" fill="1 0 1" mode="11"
 points="0 0,
	15991 0,
	15991 12171,
	0 12171,
	"/>
</Transform>

<Transform dim="0"
 xcoef=" 0 1 0 0 0 0"
 ycoef=" 0 0 1 0 0 0">
<Contour name="TB1_AP12_EM" hidden="false" closed="true" simplified="true" border="0.792157 0 0" fill="1 0.701961 0.701961" mode="9"
 points="35.5836 55.4579,
	35.7528 55.0414,
	35.857 54.8332,
	35.922 54.6249,
	35.9611 54.4167,
	36.0262 54.2084,
	36.0522 53.792,
	36.0652 53.5837,
	36.0652 53.4796,
	36.0782 53.4275,
	36.2214 53.2193,
	36.2344 53.1152,
	36.2474 53.0891,
	36.1693 52.985,
	36.1563 52.8809,
	36.1823 52.6726,
	36.1954 52.5685,
	36.1563 52.152,
	36.1433 52.1,
	36.1954 51.8917,
	36.2214 51.8397,
	36.2865 51.4232,
	36.3515 51.2149,
	36.3906 51.1108,
	36.4036 51.0067,
	36.3646 50.5902,
	36.3125 50.382,
	36.2865 50.2778,
	36.3125 50.0696,
	36.3385 49.9655,
	36.3515 49.9134,
	36.4427 49.8093,
	36.5077 49.7052,
	36.5077 49.2887,
	36.4557 48.8722,
	36.4427 48.4557,
	36.4296 48.3516,
	36.4557 48.1433,
	36.4557 47.9351,
	36.4427 47.831,
	36.4817 47.4145,
	36.4687 47.2062,
	36.4296 46.998,
	36.3776 46.8939,
	36.3515 46.8418,
	36.2474 46.7637,
	36.2344 46.6596,
	36.2214 46.6075,
	36.2084 46.5945,
	36.2474 46.5425,
	36.2604 46.4383,
	36.2735 46.3863,
	36.3125 46.3342,
	36.4166 46.2692,
	36.4557 46.0609,
	36.4687 45.8527,
	36.4557 45.6444,
	36.4296 45.5403,
	36.4427 45.4882,
	36.5207 45.3841,
	36.5338 45.3321,
	36.4036 44.9156,
	36.3776 44.8114,
	36.3906 44.7594,
	36.3515 44.6553,
	36.2865 44.5511,
	36.1823 44.447,
	36.0912 44.2388,
	36.0652 44.1347,
	36.0131 44.0305,
	35.9481 43.8223,
	35.9351 43.7182,
	35.922 43.6661,
	35.9871 43.4579,
	35.9741 43.3537,
	35.8049 43.1455,
	35.7398 43.0414,
	35.7659 43.0284,
	35.8179 43.0544,
	35.8439 43.0544,
	35.9481 43.1325,
	36.0001 43.1715,
	36.0522 43.1845,
	36.0652 43.1976,
	36.0912 43.1715,
	36.0262 42.9633,
	36.0131 42.9112,
	36.0652 42.703,
	36.0912 42.6509,
	36.1433 42.6379,
	36.1693 42.6509,
	36.2084 42.5468,
	36.3125 42.4557,
	36.5207 42.3386,
	36.5728 42.3125,
	36.6639 42.2084,
	36.716 42.1043,
	36.742 42.0652,
	36.8461 42.0132,
	36.9502 42.0522,
	37.0023 42.0652,
	37.1064 42.0262,
	37.1845 41.9351,
	37.2886 41.896,
	37.3928 41.8179,
	37.4448 41.831,
	37.4578 41.8179,
	37.5099 41.87,
	37.614 41.831,
	37.6791 41.7268,
	37.7051 41.6227,
	37.7572 41.5837,
	37.8092 41.5707,
	37.9004 41.4665,
	38.0045 41.4535,
	38.1086 41.4795,
	38.1607 41.4795,
	38.1867 41.4926,
	38.3949 41.4275,
	38.447 41.4145,
	38.4991 41.4275,
	38.7073 41.3754,
	38.7333 41.3624,
	38.8375 41.4275,
	38.9416 41.4405,
	38.9936 41.4405,
	39.0457 41.4145,
	39.0978 41.4145,
	39.2019 41.4665,
	39.306 41.5446,
	39.3971 41.6487,
	39.6054 41.7138,
	39.6314 41.7268,
	39.6574 41.7138,
	39.7095 41.7268,
	39.9177 41.87,
	40.126 41.9481,
	40.178 41.9351,
	40.2821 41.831,
	40.3212 41.7919,
	40.5294 41.909,
	40.7377 42.0652,
	40.9329 42.2735,
	40.985 42.3255,
	41.024 42.4297,
	41.0891 42.5338,
	41.1802 42.6249,
	41.2323 42.6769,
	41.4405 42.7811,
	41.5446 42.8722,
	41.5707 42.8982,
	41.5967 42.8852,
	41.7008 42.9503,
	41.7268 43.0023,
	41.831 43.0804,
	41.9351 43.1845,
	41.9871 43.2366,
	42.1043 43.4448,
	42.1694 43.6531,
	42.2474 44.0696,
	42.2995 44.1737,
	42.3516 44.2258,
	42.4557 44.2778,
	42.5077 44.3039,
	42.5989 44.408,
	42.6379 44.5121,
	42.716 44.9286,
	42.7681 45.1368,
	42.7941 45.2409,
	42.8071 45.4492,
	42.7941 45.6574,
	42.729 45.8657,
	42.69 45.9177,
	42.6639 46.126,
	42.6769 46.2301,
	42.6509 46.4383,
	42.6249 46.4904,
	42.6249 46.5425,
	42.5468 46.6466,
	42.4947 46.7507,
	42.4817 46.8548,
	42.4297 46.959,
	42.3255 47.037,
	42.1173 47.1412,
	42.0652 47.1932,
	41.9351 47.4015,
	41.909 47.6097,
	41.857 47.7008,
	41.844 47.6488,
	42.0002 46.8158,
	42.0522 46.6075,
	42.1303 46.3993,
	42.1433 46.1911,
	42.1303 46.0869,
	42.1433 45.8787,
	42.1694 45.7746,
	42.1694 45.7485,
	42.2605 45.6444,
	42.2735 45.4362,
	42.1563 45.0197,
	42.1173 44.8114,
	42.0262 44.6032,
	41.6618 44.1867,
	41.5576 44.1086,
	41.5056 44.0956,
	41.4795 44.0696,
	41.4665 43.9655,
	41.5056 43.7572,
	41.4015 43.3407,
	41.3884 43.3017,
	41.3364 43.3147,
	41.2843 43.2887,
	41.2583 43.2626,
	41.2062 43.2626,
	40.7897 42.9373,
	40.6075 42.742,
	40.5555 42.703,
	40.5034 42.716,
	40.0869 42.5468,
	39.9828 42.4947,
	39.7746 42.4557,
	39.6704 42.4166,
	39.4622 42.2995,
	39.3581 42.2344,
	39.28 42.1303,
	39.2539 42.0782,
	39.2409 42.0522,
	39.1889 42.0392,
	38.9806 41.857,
	38.8765 41.7919,
	38.6683 41.7919,
	38.46 41.831,
	38.3559 41.831,
	38.3429 41.8179,
	38.2648 41.9221,
	38.2388 41.9481,
	38.2518 42.0522,
	38.2388 42.1043,
	38.0305 42.2474,
	37.9784 42.2735,
	37.9264 42.3255,
	37.9004 42.3516,
	37.8873 42.4557,
	37.8483 42.5077,
	37.7962 42.5338,
	37.7442 42.5338,
	37.6921 42.5598,
	37.6661 42.6119,
	37.614 43.0284,
	37.588 43.2366,
	37.575 43.3407,
	37.562 43.3928,
	37.601 43.601,
	37.5359 43.8093,
	37.5099 43.9134,
	37.5229 44.1216,
	37.5099 44.3299,
	37.4839 44.434,
	37.4969 44.5381,
	37.588 44.7464,
	37.614 44.7984,
	37.601 44.9026,
	37.601 44.9546,
	37.588 44.9806,
	37.6401 45.1889,
	37.8092 45.6054,
	37.9134 45.8136,
	37.9524 46.0219,
	37.9784 46.126,
	38.0305 46.2301,
	38.434 46.4514,
	38.6422 46.5425,
	38.7463 46.5945,
	38.9546 46.6596,
	39.0067 46.6856,
	39.1108 46.7767,
	39.1628 46.8158,
	39.3711 46.9069,
	39.5793 47.024,
	39.6834 47.0761,
	39.8917 47.2193,
	40.3082 47.4535,
	40.5164 47.5837,
	40.6205 47.6748,
	40.6986 47.7789,
	40.9069 47.9481,
	41.011 48.0132,
	41.0631 48.0262,
	41.1672 47.9872,
	41.2192 47.9611,
	41.4275 47.9741,
	41.4795 47.9872,
	41.5837 47.9611,
	41.6878 47.9872,
	41.7138 48.0002,
	41.7659 47.9741,
	41.8179 48.0002,
	41.844 48.0132,
	41.883 47.9741,
	41.9221 47.7659,
	41.9351 47.6618,
	41.9741 47.5577,
	42.0002 47.5316,
	42.0262 47.5577,
	42.0002 47.7659,
	42.0392 48.1824,
	42.0132 48.2865,
	41.9221 48.3906,
	41.896 48.4427,
	41.7919 48.5208,
	41.6878 48.5338,
	41.4795 48.4948,
	41.2713 48.4297,
	41.1672 48.4036,
	41.1151 48.4167,
	40.9199 48.6249,
	40.8158 48.8332,
	40.6596 49.2496,
	40.5685 49.4579,
	40.4513 49.6661,
	40.4253 49.8744,
	40.4644 49.9785,
	40.5555 50.0826,
	40.5815 50.1347,
	40.5815 50.1867,
	40.5424 50.2388,
	40.4383 50.2909,
	40.3342 50.4991,
	40.2561 50.7073,
	40.2171 50.9156,
	40.2041 51.0197,
	40.2431 51.228,
	40.2561 51.4362,
	40.3082 51.6444,
	40.3082 51.7486,
	40.2691 51.8527,
	40.2561 51.9568,
	40.2691 52.0609,
	40.3082 52.1651,
	40.3342 52.2171,
	40.3212 52.4254,
	40.2821 52.5295,
	40.2821 52.5555,
	40.2561 52.5685,
	40.2171 52.4644,
	40.2041 52.2562,
	40.139 52.0609,
	40.0479 52.1651,
	39.9828 52.2562,
	39.9568 52.3082,
	39.9437 52.4123,
	39.9698 52.6206,
	39.9698 52.6726,
	39.8006 52.8679,
	39.7485 52.972,
	39.7095 53.1802,
	39.6574 53.2844,
	39.6314 53.3234,
	39.6184 53.3104,
	39.5403 53.5186,
	39.5012 53.7269,
	39.5403 53.9351,
	39.5663 53.9872,
	39.6704 54.0392,
	39.7095 54.0913,
	39.6965 54.1434,
	39.6054 54.2084,
	39.5793 54.2215,
	39.4752 54.1694,
	39.3711 54.1564,
	39.1628 54.2475,
	39.0587 54.2735,
	39.0067 54.2605,
	38.9676 54.2215,
	38.9546 54.2084,
	38.9676 54.1824,
	39.0197 54.1824,
	39.0717 54.2084,
	39.1238 54.1954,
	39.2019 54.0913,
	39.2279 54.0653,
	39.2279 54.0132,
	39.1628 53.9091,
	39.1108 53.857,
	39.0067 53.844,
	38.9546 53.857,
	38.8505 53.7789,
	38.7463 53.7399,
	38.7073 53.7139,
	38.6032 53.7529,
	38.5511 53.7529,
	38.447 53.818,
	38.3949 53.87,
	38.3429 53.8961,
	38.1476 54.1043,
	38.0565 54.1954,
	37.9654 54.4037,
	37.7702 54.5729,
	37.7572 54.5989,
	37.7962 54.651,
	37.7572 54.703,
	37.7312 54.7291,
	37.6791 54.9373,
	37.6401 55.0414,
	37.627 55.0935,
	37.5489 55.1976,
	37.5099 55.2497,
	37.4839 55.2757,
	37.4709 55.3278,
	37.4578 55.3538,
	37.614 55.7703,
	37.6401 55.8744,
	37.6661 55.9004,
	37.6791 56.1087,
	37.6531 56.1607,
	37.601 56.1868,
	37.4969 56.1998,
	37.4709 56.1868,
	37.3667 56.2388,
	37.2626 56.2258,
	37.2105 56.2128,
	37.1064 56.2518,
	37.0804 56.2518,
	37.0544 56.2779,
	37.0023 56.2779,
	36.9502 56.3039,
	36.8461 56.2909,
	36.742 56.3039,
	36.6379 56.2909,
	36.5858 56.2779,
	36.5338 56.2909,
	36.4296 56.356,
	36.4166 56.382,
	36.6118 56.5772,
	36.6509 56.6293,
	36.6509 56.7334,
	36.6249 56.7724,
	36.5207 56.6683,
	36.3125 56.5772,
	36.2604 56.5772,
	36.2474 56.5642,
	36.1954 56.6032,
	36.1433 56.6163,
	36.0392 56.5512,
	35.9611 56.4471,
	35.922 56.395,
	35.87 56.1868,
	35.8309 56.0826,
	35.8439 55.8744,
	35.857 55.7703,
	35.8309 55.562,
	35.7919 55.4579,
	35.7659 55.4058,
	35.7398 55.3928,
	35.6748 55.497,
	35.6227 55.51,
	35.5836 55.4709,
	"/>
</Transform>

<Transform dim="0"
 xcoef=" 0 1 0 0 0 0"
 ycoef=" 0 0 1 0 0 0">
<Contour name="TB1_AP21_EM" hidden="false" closed="true" simplified="true" border="0.501961 0 0.501961" fill="0.501961 0 0.501961" mode="9"
 points="37.5333 44.2651,
	37.5791 44.1185,
	37.5974 43.8254,
	37.6157 43.7522,
	37.6157 43.6789,
	37.6432 43.5324,
	37.6432 43.2393,
	37.6706 42.9462,
	37.6798 42.8729,
	37.7531 42.7264,
	37.7714 42.6897,
	37.8447 42.6348,
	37.9271 42.4882,
	37.9729 42.415,
	38.1194 42.2959,
	38.2293 42.1494,
	38.2751 42.0761,
	38.3026 42.0394,
	38.3118 42.0303,
	38.3026 41.9937,
	38.3667 41.9387,
	38.44 41.9112,
	38.5865 41.8837,
	38.6598 41.8654,
	38.8063 41.8929,
	38.9529 41.957,
	39.0262 42.0028,
	39.3192 42.2501,
	39.4658 42.36,
	39.5024 42.3875,
	39.649 42.4333,
	39.7222 42.4791,
	39.7955 42.5066,
	39.9421 42.589,
	39.9604 42.589,
	39.997 42.6165,
	40.0336 42.6256,
	40.1069 42.6714,
	40.4 42.7905,
	40.4733 42.818,
	40.5099 42.8271,
	40.803 43.0378,
	40.9495 43.1385,
	41.0961 43.2576,
	41.1327 43.2667,
	41.151 43.2667,
	41.2243 43.3309,
	41.3159 43.4774,
	41.3892 43.6239,
	41.3983 43.6972,
	41.3892 43.8438,
	41.4075 43.9903,
	41.4899 44.1368,
	41.5357 44.2101,
	41.8288 44.494,
	41.8929 44.5673,
	41.9753 44.7139,
	42.0394 44.8604,
	42.0944 45.1535,
	42.1127 45.2268,
	42.131 45.2634,
	42.1494 45.4099,
	42.1402 45.5565,
	42.1127 45.703,
	42.0944 45.7763,
	42.0761 45.8129,
	42.0578 46.106,
	42.0028 46.3991,
	41.9753 46.5456,
	41.9295 46.6922,
	41.9204 46.7288,
	41.8746 46.8021,
	41.8837 46.9486,
	41.8837 46.9853,
	41.9021 47.0036,
	41.8746 47.0769,
	41.8471 47.2234,
	41.783 47.3699,
	41.7738 47.5165,
	41.7647 47.5898,
	41.7922 47.7363,
	41.8196 47.8096,
	41.8196 47.8462,
	41.8013 47.8828,
	41.728 47.9378,
	41.6548 47.947,
	41.5815 47.9103,
	41.5449 47.8828,
	41.5265 47.8828,
	41.4899 47.8462,
	41.4533 47.837,
	41.4166 47.8096,
	41.3434 47.7912,
	41.3251 47.7821,
	41.1785 47.8279,
	41.1052 47.8737,
	41.0686 47.892,
	40.9953 47.8828,
	40.9221 47.8462,
	40.8854 47.837,
	40.7389 47.718,
	40.6748 47.6447,
	40.6565 47.6081,
	40.5923 47.5348,
	40.5557 47.4982,
	40.4092 47.4249,
	40.1161 47.2509,
	40.0428 47.2234,
	39.7497 47.0219,
	39.4566 46.8754,
	38.8705 46.5456,
	38.7239 46.4449,
	38.6506 46.4083,
	38.5041 46.3625,
	38.4858 46.3441,
	38.4125 46.335,
	38.3392 46.3075,
	38.1927 46.2159,
	38.1194 46.1884,
	38.0828 46.161,
	38.0553 46.0877,
	38.0553 46.0144,
	38.0004 45.8679,
	37.9454 45.7946,
	37.8355 45.5015,
	37.808 45.4282,
	37.7164 45.2817,
	37.6798 45.2084,
	37.6798 44.9153,
	37.6798 44.8421,
	37.6706 44.8054,
	37.6706 44.7871,
	37.5882 44.6406,
	37.5424 44.494,
	37.5333 44.3475,
	37.5333 44.2742,
	"/>
</Transform>

<Transform dim="0"
 xcoef=" 0 1 0 0 0 0"
 ycoef=" 0 0 1 0 0 0">
<Contour name="TB1_AP22_EM" hidden="false" closed="true" simplified="true" border="0.133333 0.568627 1" fill="0 1 0" mode="9"
 points="30.3128 47.8181,
	30.3706 47.7603,
	30.4573 47.529,
	30.5007 47.4134,
	30.6308 47.1821,
	30.8042 46.7195,
	30.8621 46.4882,
	30.891 46.257,
	30.9343 46.1413,
	30.9488 46.0835,
	31.0211 45.9679,
	31.0789 45.91,
	31.1078 45.9245,
	31.1945 45.8088,
	31.209 45.5776,
	31.2234 45.5197,
	31.3825 45.2885,
	31.6137 45.0716,
	31.6716 45.0138,
	31.7294 44.8982,
	31.7583 44.7825,
	31.7872 44.7247,
	31.845 44.6669,
	31.8739 44.6524,
	31.8161 44.5946,
	31.8739 44.5801,
	31.9896 44.6235,
	32.0474 44.638,
	32.0908 44.5801,
	32.1486 44.5946,
	32.192 44.5368,
	32.2064 44.4211,
	32.192 44.3055,
	32.1775 44.291,
	32.2064 44.2332,
	32.3076 44.1176,
	32.351 44.0598,
	32.3799 44.0308,
	32.4377 44.0308,
	32.5533 44.0742,
	32.7846 43.9586,
	32.8858 43.8429,
	32.9436 43.7851,
	33.0014 43.7562,
	33.464 43.6839,
	33.9266 43.5538,
	34.0422 43.496,
	34.1579 43.3948,
	34.2157 43.3659,
	34.447 43.3225,
	34.9095 43.019,
	35.1408 42.9612,
	35.3721 42.9322,
	35.4299 42.9178,
	35.4444 42.9033,
	35.5022 42.9322,
	35.4878 42.9901,
	35.3721 43.0912,
	35.2565 43.1635,
	35.1408 43.2792,
	35.1264 43.3948,
	35.1697 43.5105,
	35.1697 43.5683,
	35.1264 43.6116,
	35.0686 43.6261,
	34.9529 43.5972,
	34.8951 43.5683,
	34.7795 43.6406,
	34.6638 43.7562,
	34.4325 43.8574,
	34.3169 43.9441,
	34.0856 44.0453,
	33.8543 44.0019,
	33.7387 43.9875,
	33.5074 44.0164,
	33.0448 44.3055,
	32.987 44.3344,
	32.8714 44.3489,
	32.7557 44.3922,
	32.5389 44.5801,
	32.2498 45.0427,
	32.2064 45.1005,
	32.163 45.2162,
	32.1341 45.274,
	32.1052 45.3029,
	32.1052 45.3318,
	32.0474 45.3896,
	32.1341 45.5053,
	32.1775 45.5631,
	32.2064 45.6787,
	32.2064 45.7077,
	32.0908 45.7944,
	32.0329 45.7799,
	31.9173 45.8088,
	31.8595 45.8233,
	31.7583 45.9245,
	31.7149 45.9823,
	31.686 46.098,
	31.5704 46.3292,
	31.527 46.4449,
	31.5126 46.5027,
	31.5415 46.734,
	31.5415 46.8496,
	31.5993 47.0809,
	31.5848 47.1387,
	31.527 47.1821,
	31.4981 47.211,
	31.5415 47.4423,
	31.527 47.5579,
	31.5126 47.6158,
	31.3969 47.7025,
	31.3391 47.7169,
	31.2234 47.688,
	31.1656 47.7169,
	31.0211 47.9482,
	30.9199 48.0639,
	30.891 48.1217,
	31.0066 48.2084,
	31.0934 48.3241,
	31.1367 48.3819,
	31.1945 48.3963,
	31.3102 48.4831,
	31.4403 48.7144,
	31.4836 48.83,
	31.5559 48.9456,
	31.5704 49.0035,
	31.5126 49.2348,
	31.4836 49.3504,
	31.4547 49.4082,
	31.5848 49.6395,
	31.6571 49.8708,
	31.7005 50.1021,
	31.7294 50.2177,
	31.8306 50.449,
	31.8739 50.5646,
	32.1775 51.0272,
	32.2353 51.1429,
	32.3943 51.3741,
	32.6256 51.8367,
	32.7846 52.068,
	32.9003 52.2993,
	33.0159 52.4149,
	33.0737 52.4438,
	33.1749 52.5595,
	33.2327 52.6028,
	33.464 52.4727,
	33.5218 52.4583,
	33.6375 52.545,
	33.8254 53.0076,
	33.8977 53.2389,
	33.941 53.4702,
	33.9989 53.5858,
	34.1001 53.7014,
	34.3313 53.8026,
	34.447 53.846,
	34.5482 53.9616,
	34.5771 54.1929,
	34.6927 54.4242,
	35.0107 54.8868,
	35.083 55.0024,
	35.1264 55.1181,
	35.083 55.1614,
	35.0252 55.1759,
	34.9963 55.1614,
	34.9385 55.1903,
	34.9095 55.2192,
	34.9674 55.3349,
	35.0107 55.5662,
	35.0975 55.7975,
	35.083 55.8553,
	35.1553 56.0866,
	35.1842 56.1444,
	35.4155 56.3468,
	35.4299 56.4624,
	35.4155 56.5202,
	35.4155 56.5491,
	35.5311 56.6214,
	35.56 56.6792,
	35.5745 56.6937,
	35.5022 56.8093,
	35.4733 56.8093,
	35.4155 56.7515,
	35.3866 56.6937,
	35.2709 56.6214,
	35.1553 56.578,
	35.0396 56.4769,
	34.8951 56.2456,
	34.6638 56.1155,
	34.5482 56.0143,
	34.4614 55.9131,
	34.2302 55.8119,
	34.1723 55.8264,
	34.0567 55.783,
	33.5941 55.4072,
	33.2038 54.9446,
	32.7557 54.482,
	32.5244 54.2507,
	32.351 54.0195,
	32.2209 53.7882,
	32.0329 53.3256,
	31.9896 53.21,
	31.8161 52.9787,
	31.6716 52.7474,
	31.4547 52.2848,
	31.3535 52.0535,
	31.3102 51.8223,
	31.2234 51.591,
	30.9922 51.3597,
	30.891 51.244,
	30.7898 51.0128,
	30.732 50.7815,
	30.7175 50.6658,
	30.7175 50.608,
	30.6452 50.3767,
	30.6308 50.1454,
	30.6452 49.9142,
	30.6308 49.6829,
	30.6452 49.4516,
	30.6308 49.2203,
	30.6019 49.1047,
	30.6019 49.0468,
	30.4862 48.8155,
	30.414 48.6999,
	30.3706 48.5843,
	30.3995 48.353,
	30.414 48.2373,
	30.3995 48.1217,
	30.3995 48.0639,
	30.3417 47.9482,
	30.3128 47.8904,
	30.3128 47.8326,
	"/>
</Transform>

<Transform dim="0"
 xcoef=" 0 1 0 0 0 0"
 ycoef=" 0 0 1 0 0 0">
<Contour name="TB1_AP13_EM" hidden="false" closed="true" simplified="true" border="0 0.501961 0" fill="0 0.501961 0" mode="9"
 points="36.3595 56.811,
	36.4044 56.7998,
	36.4492 56.811,
	36.6287 56.9344,
	36.7409 56.7549,
	36.7521 56.71,
	36.696 56.6203,
	36.6175 56.5305,
	36.5278 56.4857,
	36.5165 56.4408,
	36.539 56.3959,
	36.6287 56.351,
	36.7185 56.3622,
	36.8082 56.3398,
	36.898 56.351,
	36.9428 56.3735,
	37.1223 56.3622,
	37.2121 56.3286,
	37.5711 56.2725,
	37.6608 56.2613,
	37.6945 56.2164,
	37.7169 56.1267,
	37.6945 55.9472,
	37.6945 55.8574,
	37.5711 55.4984,
	37.515 55.3189,
	37.616 55.1394,
	37.6496 55.0497,
	37.8403 54.6907,
	37.9189 54.5112,
	38.0423 54.3317,
	38.1881 54.1522,
	38.2106 54.1073,
	38.39 53.9278,
	38.4349 53.8829,
	38.4574 53.8605,
	38.4798 53.9502,
	38.4574 54.04,
	38.5583 54.2195,
	38.5808 54.2644,
	38.6705 54.3205,
	39.0295 54.3541,
	39.1193 54.3429,
	39.2988 54.2756,
	39.3885 54.2531,
	39.4783 54.2756,
	39.568 54.3317,
	39.6129 54.3092,
	39.6802 54.2195,
	39.6914 54.1297,
	39.7026 54.0849,
	39.6129 53.9054,
	39.5792 53.8156,
	39.568 53.7259,
	39.5904 53.5464,
	39.6129 53.4566,
	39.6578 53.3669,
	39.7363 53.2771,
	39.7924 53.1874,
	39.8821 53.0976,
	39.9719 53.0303,
	40.0167 52.9406,
	40.0392 52.8957,
	40.0841 52.8508,
	40.1065 52.8284,
	40.1962 52.8284,
	40.286 52.806,
	40.3084 52.806,
	40.3309 52.7835,
	40.3196 52.604,
	40.3533 52.4245,
	40.3757 52.3348,
	40.3645 52.1553,
	40.3757 51.9758,
	40.387 51.886,
	40.2636 51.168,
	40.2523 51.0783,
	40.2411 51.0334,
	40.3309 50.9998,
	40.3757 50.91,
	40.3982 50.8876,
	40.4879 50.8651,
	40.5328 50.8203,
	40.6226 50.7866,
	40.6674 50.7642,
	40.7011 50.7193,
	40.7123 50.6744,
	40.7796 50.5847,
	40.8133 50.4949,
	40.802 50.3154,
	40.7908 50.2257,
	40.746 50.1359,
	40.7347 49.9564,
	40.7123 49.9116,
	40.6899 49.8891,
	40.6562 49.7096,
	40.6226 49.6199,
	40.6113 49.5301,
	40.6899 49.3506,
	40.7235 49.1711,
	40.8133 48.9916,
	40.8694 48.9019,
	40.9479 48.7224,
	41.0152 48.6326,
	41.0489 48.5429,
	41.0601 48.498,
	41.105 48.4531,
	41.2844 48.4868,
	41.4639 48.5541,
	41.6434 48.5653,
	41.7332 48.5653,
	41.8229 48.5317,
	41.9127 48.4756,
	41.9576 48.4531,
	42.0137 48.3634,
	42.0473 48.2736,
	42.0585 48.0941,
	42.0473 47.9146,
	42.0585 47.7351,
	42.0473 47.5556,
	42.0585 47.4659,
	42.0585 47.421,
	42.0922 47.3313,
	42.2717 47.1742,
	42.3614 47.0845,
	42.4287 46.9947,
	42.5297 46.8152,
	42.5858 46.7255,
	42.597 46.6357,
	42.6756 46.4562,
	42.6868 46.3665,
	42.7204 46.2767,
	42.7204 46.187,
	42.698 46.0972,
	42.7092 46.0075,
	42.698 45.9626,
	42.7765 45.7831,
	42.8775 45.4241,
	42.8999 45.4353,
	42.9224 45.7943,
	42.9336 45.8841,
	42.9336 45.9289,
	42.9897 46.0187,
	43.0794 46.3777,
	43.1243 46.7367,
	43.1692 46.8264,
	43.2477 46.9162,
	43.2926 46.9611,
	43.4721 47.0172,
	43.5618 47.0284,
	43.6067 47.0172,
	43.6291 47.0059,
	43.7189 47.0284,
	43.7638 47.0284,
	43.7974 46.9835,
	43.8311 46.804,
	43.8872 46.6245,
	43.8984 46.5348,
	43.9433 46.5123,
	43.9993 46.6021,
	44.0218 46.6918,
	44.0442 46.7367,
	44.134 46.804,
	44.2237 46.8152,
	44.2686 46.804,
	44.4481 46.8264,
	44.5378 46.8152,
	44.5827 46.8377,
	44.6052 46.8489,
	44.6164 46.9386,
	44.6052 47.0284,
	44.5939 47.0732,
	44.6164 47.163,
	44.6164 47.2079,
	44.6949 47.2976,
	44.7398 47.3201,
	44.7622 47.3313,
	44.9417 47.1854,
	45.1212 47.0957,
	45.211 47.0845,
	45.3007 47.0957,
	45.3905 47.1293,
	45.4578 47.2191,
	45.4578 47.3088,
	45.5026 47.4883,
	45.5251 47.5781,
	45.5139 47.7576,
	45.5251 47.8473,
	45.4914 48.0268,
	45.4578 48.1166,
	45.5139 48.2063,
	45.6934 48.3185,
	45.7382 48.3409,
	45.7495 48.3858,
	45.727 48.5653,
	45.7607 48.7448,
	45.7831 48.7897,
	45.9626 48.958,
	46.0411 49.0365,
	46.0748 49.1262,
	46.0524 49.3057,
	46.0411 49.3506,
	46.0524 49.3955,
	46.0075 49.4852,
	45.9963 49.4965,
	46.0411 49.575,
	46.1309 49.5189,
	46.187 49.6086,
	46.2655 49.6984,
	46.0972 50.0574,
	46.0636 50.1471,
	46.0524 50.2369,
	45.9963 50.3266,
	45.9514 50.3603,
	46.0411 50.7193,
	46.0748 51.0783,
	46.086 51.4373,
	46.086 51.6168,
	46.086 51.7065,
	46.1197 51.886,
	46.0748 52.0655,
	46.0524 52.1553,
	46.0636 52.1777,
	46.0187 52.2675,
	45.985 52.447,
	45.9738 52.6265,
	45.9738 52.7162,
	45.9177 52.8957,
	45.9065 53.2547,
	45.7607 53.6137,
	45.7382 53.7034,
	45.7607 54.0624,
	45.7719 54.2419,
	45.7943 54.3317,
	45.8055 54.3766,
	45.7158 54.5561,
	45.7046 54.6458,
	45.6036 54.8253,
	45.5587 54.915,
	45.57 55.0945,
	45.5475 55.4535,
	45.5475 55.4984,
	45.469 55.6779,
	45.3456 55.8574,
	45.2671 55.9472,
	45.1773 56.0033,
	45.0315 56.1827,
	44.9866 56.2164,
	44.8968 56.2388,
	44.852 56.2388,
	44.8183 56.2613,
	44.8407 56.2725,
	44.751 56.2837,
	44.7061 56.3062,
	44.6276 56.3959,
	44.5378 56.452,
	44.4144 56.6203,
	44.4032 56.6091,
	44.2349 56.7886,
	44.1788 56.8783,
	44.1564 57.0578,
	44.1788 57.2373,
	44.1901 57.327,
	44.134 57.5065,
	44.033 57.686,
	43.8984 57.8655,
	43.7189 58.0226,
	43.6067 58.2021,
	43.5843 58.2918,
	43.5843 58.3367,
	43.5282 58.4265,
	43.4833 58.4713,
	43.4048 58.6508,
	43.3711 58.7406,
	43.3599 58.8303,
	43.1804 59.0098,
	43.0906 59.0659,
	43.0458 59.0884,
	43.0009 59.1332,
	42.9448 59.223,
	42.8551 59.3127,
	42.6756 59.4137,
	42.5858 59.4586,
	42.4063 59.5035,
	42.2268 59.481,
	42.1819 59.4698,
	42.1595 59.4586,
	41.8005 59.5708,
	41.621 59.5932,
	41.5313 59.6381,
	41.4864 59.6493,
	41.3966 59.5932,
	41.3069 59.582,
	41.262 59.5932,
	41.1723 59.6605,
	41.0825 59.7503,
	40.903 59.8512,
	40.8133 59.9185,
	40.7684 59.9634,
	40.7235 59.9859,
	40.6338 59.9746,
	40.4543 59.9073,
	40.2748 59.8624,
	40.185 59.8288,
	40.0055 59.8512,
	39.826 59.9522,
	39.7812 59.9634,
	39.6017 59.7839,
	39.5568 59.6942,
	39.5119 59.6605,
	39.4222 59.6381,
	39.2427 59.6605,
	39.1529 59.6942,
	39.108 59.7054,
	38.9285 59.6493,
	38.8837 59.6717,
	38.7042 59.6381,
	38.5247 59.582,
	38.4349 59.5371,
	38.2554 59.4922,
	38.2106 59.4922,
	38.0311 59.4137,
	37.9413 59.3688,
	37.7618 59.2118,
	37.6721 59.1332,
	37.6272 59.0884,
	37.6047 59.0659,
	37.515 59.0435,
	37.4252 58.9874,
	37.3355 58.8977,
	37.2906 58.864,
	37.1897 58.6845,
	37.1336 58.5947,
	37.0887 58.5723,
	37.0663 58.5611,
	36.9765 58.6172,
	36.8868 58.5835,
	36.8419 58.5499,
	36.797 58.4601,
	36.7858 58.3704,
	36.797 58.2806,
	36.7634 58.1011,
	36.696 57.9216,
	36.6848 57.7421,
	36.5614 57.3831,
	36.4044 57.0241,
	36.3595 56.8446,
	36.3595 56.8222,
	"/>
</Transform>

<Transform dim="0"
 xcoef=" 0 1 0 0 0 0"
 ycoef=" 0 0 1 0 0 0">
<Contour name="TB1_AP47_EM" hidden="false" closed="true" simplified="true" border="0 1 0" fill="0 1 0" mode="9"
 points="31.0443 48.0325,
	31.1767 47.8812,
	31.2524 47.8245,
	31.4037 47.7866,
	31.4794 47.7677,
	31.5551 47.7109,
	31.6686 47.1056,
	31.6496 46.9542,
	31.6118 46.8786,
	31.6307 46.7272,
	31.6496 46.6515,
	31.6118 46.6137,
	31.5929 46.4624,
	31.6118 46.311,
	31.7253 46.1597,
	31.7821 46.0083,
	31.8388 45.9327,
	32.1415 45.8381,
	32.2172 45.857,
	32.2739 45.7056,
	32.2929 45.5543,
	32.2172 45.403,
	32.1793 45.3651,
	32.2739 45.0624,
	32.5199 44.7598,
	32.5766 44.6841,
	32.5955 44.6084,
	32.5955 44.5706,
	32.7469 44.4571,
	33.0496 44.3057,
	33.2009 44.2679,
	33.3523 44.1733,
	33.5036 44.1165,
	33.6549 44.0976,
	33.7306 44.0787,
	34.0333 44.1165,
	34.1846 44.0787,
	34.4873 43.9274,
	34.6387 43.7949,
	34.79 43.7382,
	35.0927 43.7382,
	35.1684 43.7003,
	35.2251 43.549,
	35.2062 43.4733,
	35.1873 43.4355,
	35.49 43.1517,
	35.5657 43.1139,
	35.6413 43.1517,
	35.7737 43.3031,
	35.8305 43.4544,
	35.8116 43.6058,
	36.0008 44.2111,
	36.3035 44.8165,
	36.3224 44.9678,
	36.3791 45.1192,
	36.398 45.2705,
	36.3791 45.4219,
	36.398 45.7246,
	36.417 45.8759,
	36.398 45.9516,
	36.3791 45.9894,
	36.398 46.0651,
	36.2656 46.3678,
	36.1899 46.5191,
	36.1521 46.6705,
	36.171 46.8218,
	36.1899 46.8975,
	36.3413 47.0299,
	36.398 47.1812,
	36.417 47.3326,
	36.3602 47.938,
	36.3413 48.0893,
	36.4548 49.3,
	36.417 49.6027,
	36.398 49.7541,
	36.2467 50.0568,
	36.1899 50.2081,
	36.171 50.3594,
	36.2845 50.6621,
	36.3224 50.8135,
	36.3413 50.8892,
	36.171 51.4945,
	36.0954 51.7972,
	36.1143 52.4026,
	36.0575 53.008,
	36.0764 53.1593,
	36.0008 53.462,
	35.9629 54.0674,
	35.8305 54.6727,
	35.6792 54.9754,
	35.5846 55.2781,
	35.5278 55.4294,
	35.5467 55.5808,
	35.6224 55.5997,
	35.6981 55.5619,
	35.7548 55.6186,
	35.7927 56.224,
	35.9062 56.5267,
	35.9818 56.678,
	36.0008 56.7159,
	35.8873 56.8672,
	35.8494 56.905,
	35.6981 56.8861,
	35.6413 56.8105,
	35.6224 56.6591,
	35.5467 56.5834,
	35.5089 56.5645,
	35.49 56.4132,
	35.4711 56.3375,
	35.4711 56.2997,
	35.3386 56.1862,
	35.2251 56.0348,
	35.1684 55.9591,
	35.1495 55.8078,
	35.0927 55.6565,
	35.0738 55.6186,
	35.0927 55.543,
	35.0738 55.3916,
	35.0549 55.3159,
	35.2062 55.2214,
	35.1873 55.1646,
	35.2062 55.1268,
	35.2251 55.1457,
	35.244 55.1078,
	35.0549 54.8052,
	34.9414 54.6538,
	34.8846 54.5781,
	34.8279 54.4268,
	34.6765 54.2755,
	34.6576 54.1241,
	34.6576 54.0484,
	34.5819 53.8971,
	34.5062 53.8214,
	34.3549 53.7647,
	34.2792 53.7458,
	34.1279 53.6322,
	34.0522 53.5566,
	33.9955 53.4052,
	33.9387 53.1025,
	33.9198 52.9512,
	33.7874 52.6485,
	33.6928 52.4972,
	33.5414 52.3837,
	33.4658 52.4404,
	33.3144 52.4593,
	33.2388 52.4783,
	33.1631 52.4593,
	33.0496 52.308,
	32.9739 52.2323,
	32.9361 52.1567,
	32.6523 51.854,
	32.5199 51.5513,
	32.3496 51.2486,
	32.2172 50.9459,
	32.0091 50.6432,
	31.9523 50.5675,
	31.8956 50.4162,
	31.801 50.2649,
	31.6875 49.9622,
	31.5929 49.3568,
	31.6496 49.0541,
	31.5361 48.7514,
	31.4605 48.6001,
	31.3091 48.4866,
	31.0821 48.1839,
	31.0443 48.1082,
	31.0443 48.0515,
	"/>
</Transform>

<Transform dim="0"
 xcoef=" 0 1 0 0 0 0"
 ycoef=" 0 0 1 0 0 0">
<Contour name="TB0_AP04_EM" hidden="false" closed="true" simplified="true" border="0 1 0.25098" fill="0 1 0" mode="9"
 points="17.4368 66.399,
	17.512 66.3238,
	17.6625 66.2862,
	17.813 66.2862,
	17.9635 66.2486,
	18.114 66.2486,
	18.1892 66.2486,
	18.3397 66.1733,
	18.4149 66.1357,
	18.5654 66.004,
	18.6971 65.91,
	18.8852 65.609,
	18.9792 65.4585,
	19.5811 65.1388,
	19.8821 65.0447,
	20.183 65.1011,
	20.3335 65.0823,
	20.4652 65.1388,
	20.5969 65.0447,
	20.8978 64.9131,
	21.1988 64.7438,
	21.3493 64.6309,
	21.5186 64.3299,
	21.6502 64.1795,
	21.7067 64.1418,
	21.8383 64.2547,
	21.9888 64.1042,
	22.1393 64.0102,
	22.2898 63.9537,
	22.8917 63.4083,
	23.4936 62.9568,
	23.7946 62.7123,
	24.0955 62.5054,
	24.2272 62.3737,
	24.2648 62.3361,
	24.2836 61.7342,
	24.3212 61.4332,
	24.5093 60.8313,
	24.547 60.5303,
	24.7162 59.9284,
	24.7351 59.8532,
	24.7915 59.7779,
	24.8103 59.7027,
	24.8667 59.6275,
	24.8855 59.5522,
	24.9796 59.4017,
	25.1112 58.7998,
	25.1301 58.7246,
	25.1865 58.6493,
	25.2053 58.5741,
	25.2617 58.4989,
	25.2993 58.4612,
	25.3746 58.4612,
	25.6003 58.7622,
	25.6567 58.9127,
	25.6755 59.0632,
	25.6567 59.2136,
	25.732 59.5146,
	25.7508 59.6651,
	25.732 59.8156,
	25.6567 59.966,
	25.6567 60.267,
	25.6191 60.568,
	25.6379 60.8689,
	25.6003 61.0194,
	25.6191 61.1699,
	25.6944 61.3204,
	25.7132 61.3956,
	25.6755 61.5461,
	25.6379 61.6213,
	25.5627 61.6777,
	25.4874 61.6589,
	25.2053 61.9411,
	25.0924 62.0916,
	25.0172 62.242,
	24.9984 62.3173,
	24.942 62.3925,
	24.9232 62.543,
	24.8667 62.6935,
	24.8667 62.7687,
	24.7351 63.0697,
	24.7162 63.3706,
	24.7351 63.6716,
	24.6786 63.9726,
	24.7915 64.2735,
	24.942 64.424,
	25.0172 64.4804,
	25.1677 64.7814,
	25.2617 64.9319,
	25.5251 65.2328,
	25.6003 65.3081,
	25.6755 65.4585,
	25.732 65.5338,
	25.8825 65.6278,
	25.9577 65.6654,
	26.0706 65.8159,
	26.2022 66.1169,
	26.2398 66.1921,
	26.3903 66.2862,
	26.5784 66.5871,
	26.616 66.6624,
	26.7665 66.7,
	27.1615 67.2831,
	27.312 67.3772,
	27.5942 67.6593,
	27.6882 67.8098,
	27.7446 67.9603,
	27.7634 68.2612,
	27.9327 68.5622,
	27.9892 68.8631,
	28.2149 69.4651,
	28.2713 69.6155,
	28.2713 69.9165,
	28.2525 70.067,
	28.2901 70.2174,
	28.2901 70.3679,
	28.2525 70.4996,
	28.2149 70.4808,
	28.1208 70.7817,
	27.9515 71.0827,
	27.6882 71.3837,
	27.5753 71.5341,
	27.4249 71.6658,
	27.1239 71.8539,
	26.9734 71.8915,
	26.3715 72.1737,
	26.0706 72.3242,
	25.9201 72.4182,
	25.7696 72.4746,
	25.4686 72.4934,
	25.1677 72.4746,
	24.8667 72.4934,
	24.7915 72.5311,
	24.4905 72.5499,
	24.4153 72.5499,
	24.34 72.5875,
	24.2648 72.5875,
	24.1143 72.4558,
	23.8134 72.3242,
	23.6629 72.2113,
	23.5124 72.1361,
	23.2114 72.042,
	23.061 71.9103,
	22.76 71.7787,
	22.6095 71.6846,
	22.5343 71.647,
	22.4967 71.6094,
	22.4214 71.5906,
	21.8195 71.1768,
	20.7473 69.9917,
	20.484 69.6908,
	20.3523 69.5403,
	20.1078 68.9384,
	20.0326 68.7879,
	19.9949 68.4869,
	19.8633 68.186,
	19.788 68.0355,
	19.7316 67.7345,
	19.5811 67.6405,
	19.2802 67.5276,
	19.2049 67.49,
	19.1297 67.49,
	18.9792 67.396,
	18.8287 67.2643,
	18.7535 67.1891,
	18.4525 67.0198,
	18.3021 66.9257,
	18.2456 66.8505,
	18.2268 66.7752,
	18.114 66.6248,
	18.0763 66.5495,
	18.0011 66.4931,
	17.7001 66.3802,
	17.6625 66.3614,
	17.512 66.4178,
	17.4744 66.4367,
	17.4368 66.4178,
	"/>
</Transform>

<Transform dim="0"
 xcoef=" 0 1 0 0 0 0"
 ycoef=" 0 0 1 0 0 0">
<Contour name="TB0_AP06_EM" hidden="false" closed="true" simplified="true" border="0 0.74902 0.188235" fill="1 0 1" mode="9"
 points="16.1148 59.9747,
	16.2059 59.8289,
	16.3153 59.5372,
	16.3518 58.9539,
	16.4247 58.6622,
	16.4429 58.3705,
	16.4611 58.2247,
	16.4247 58.0789,
	16.4065 58.006,
	16.4065 57.9695,
	16.5523 57.8601,
	16.6252 57.8054,
	16.6981 57.6596,
	16.7528 57.5867,
	16.8622 57.295,
	16.8622 57.2585,
	16.9169 57.1856,
	17.0263 56.894,
	17.0809 56.7481,
	17.1903 56.6023,
	17.3362 56.3106,
	17.4455 56.0189,
	17.5002 55.7273,
	17.482 55.6544,
	17.5731 55.3627,
	17.6278 55.2169,
	17.6278 55.1439,
	17.6643 55.1075,
	17.719 54.8158,
	17.7737 54.67,
	17.8101 54.3783,
	17.8466 54.2325,
	17.8648 54.1595,
	17.956 54.0319,
	18.0106 54.1049,
	18.0289 54.2507,
	18.0106 54.3965,
	18.0471 54.6882,
	18.0289 54.834,
	17.8648 55.1257,
	17.7372 55.4174,
	17.6825 55.709,
	17.5914 56.0007,
	17.5367 56.1466,
	17.5002 56.2195,
	17.482 56.5111,
	17.4273 56.8028,
	17.2997 56.9486,
	17.2632 57.532,
	17.2815 57.8237,
	17.1903 58.1153,
	17.0627 58.407,
	16.9169 58.9903,
	16.8622 59.1362,
	16.6617 59.4278,
	16.4976 59.7195,
	16.3518 59.8471,
	16.3153 59.92,
	16.2424 59.993,
	16.1695 60.0294,
	16.133 60.0294,
	16.1148 59.993,
	"/>
<Contour name="TB0_AP06_EM" hidden="false" closed="true" simplified="true" border="0 0.74902 0.188235" fill="1 0 1" mode="9"
 points="15.2762 58.2612,
	15.3309 57.9695,
	15.3492 57.6778,
	15.4221 57.3862,
	15.4768 56.8028,
	15.5314 56.5111,
	15.5497 56.4382,
	15.6591 56.2924,
	15.6773 56.2377,
	15.6408 56.0919,
	15.6044 56.0189,
	15.6226 55.8731,
	15.732 55.5814,
	15.9325 55.308,
	16.0783 55.1622,
	16.1877 55.0163,
	16.2606 54.9434,
	16.5888 54.3601,
	16.6799 54.2142,
	16.6799 54.0684,
	16.8804 53.4851,
	16.9351 53.3392,
	16.9533 53.2663,
	17.008 53.1934,
	17.008 53.1569,
	17.3908 52.5736,
	17.482 52.4278,
	17.6278 52.3001,
	17.6825 52.0085,
	17.719 51.8626,
	17.6643 51.571,
	17.6461 51.4251,
	17.6643 50.8418,
	17.5731 50.2585,
	17.5549 50.1126,
	17.5002 49.9668,
	17.4638 49.6751,
	17.4638 49.6387,
	17.5367 49.5657,
	17.5731 49.5293,
	17.6461 49.5475,
	17.7737 49.6569,
	17.8466 49.6933,
	17.9195 49.7663,
	18.2112 49.9121,
	18.2841 49.9303,
	18.3205 49.9303,
	18.4664 50.0215,
	18.5393 50.0762,
	18.5575 50.222,
	18.6122 50.3678,
	18.7763 50.6595,
	18.8674 50.9512,
	18.9768 51.5345,
	18.9403 51.5527,
	18.8674 51.4981,
	18.831 51.4981,
	18.6669 51.7897,
	18.5211 51.808,
	18.4482 51.808,
	18.3023 51.8809,
	18.1565 52.0085,
	18.1383 52.1543,
	18.1565 52.3001,
	18.0289 52.4278,
	17.8648 52.7194,
	17.7919 52.8653,
	17.6643 52.9564,
	17.6096 53.1022,
	17.5731 53.1752,
	17.5367 53.2116,
	17.482 53.5033,
	17.4638 53.795,
	17.4273 53.9408,
	17.4273 54.0137,
	17.3362 54.3054,
	17.2997 54.3783,
	17.1721 54.5241,
	17.0809 54.6517,
	16.9898 54.9434,
	16.844 55.2351,
	16.7528 55.3809,
	16.7164 55.4538,
	16.4794 55.7455,
	16.3335 55.8367,
	16.2606 55.8549,
	16.133 55.9825,
	16.0783 56.1283,
	15.969 56.2742,
	15.896 56.42,
	15.8596 56.4929,
	15.8596 56.7846,
	15.8049 57.0763,
	15.6773 57.3679,
	15.5861 57.9513,
	15.5314 58.0971,
	15.5132 58.2429,
	15.4038 58.5346,
	15.3492 58.6075,
	15.3127 58.6075,
	15.2762 58.5711,
	15.2762 58.2794,
	"/>
</Transform>

<Transform dim="0"
 xcoef=" 0 1 0 0 0 0"
 ycoef=" 0 0 1 0 0 0">
<Contour name="TB0_AP07_EM" hidden="false" closed="true" simplified="true" border="1 0 0" fill="0 1 1" mode="9"
 points="15.9115 62.1971,
	16.2478 61.7832,
	17.0499 60.9811,
	17.2569 60.7742,
	17.3603 60.6707,
	17.5673 60.5413,
	17.9813 60.1532,
	18.24 59.7393,
	18.3694 59.5323,
	18.7316 59.1183,
	19.3266 58.2904,
	19.5854 57.8764,
	19.7147 57.6695,
	21.0342 56.0136,
	21.2153 55.8067,
	21.2929 55.7032,
	21.3964 55.2892,
	21.4999 55.0822,
	21.5517 55.0305,
	21.5258 54.6165,
	21.4741 54.4096,
	21.0083 53.5816,
	20.8272 53.1677,
	20.7496 52.7537,
	20.672 52.5467,
	20.6461 52.4433,
	20.5685 52.3398,
	20.4133 51.9258,
	20.3098 51.7188,
	20.2063 51.3049,
	20.1804 50.8909,
	20.3874 50.7357,
	20.5944 50.7098,
	20.8014 50.7616,
	21.6293 51.2014,
	21.9656 51.6153,
	22.1209 51.8223,
	22.3278 51.9517,
	22.5348 51.9776,
	22.5866 51.9776,
	22.9746 52.3656,
	23.104 52.5726,
	23.311 52.7796,
	23.4145 52.9866,
	23.4662 53.1936,
	23.6991 53.6075,
	23.8284 53.8145,
	24.0613 54.6424,
	24.2165 55.0564,
	24.32 55.2633,
	24.7081 55.6514,
	24.9151 55.8325,
	25.3032 56.6604,
	25.3808 57.0744,
	25.4066 57.4884,
	25.329 58.3163,
	25.2514 58.5233,
	25.0962 58.7302,
	24.9668 59.1442,
	24.8892 59.3512,
	24.7598 59.5581,
	24.6305 59.9721,
	24.6046 60.1791,
	24.527 60.3861,
	24.4752 60.4896,
	24.4235 60.9035,
	24.32 61.3175,
	24.2424 61.421,
	24.1648 61.8349,
	24.1389 62.2489,
	24.0872 62.3524,
	23.9837 62.4559,
	23.9319 62.5593,
	23.518 62.9216,
	23.311 63.0509,
	23.2075 63.1544,
	23.0005 63.2579,
	22.897 63.3096,
	22.0691 63.9823,
	21.9656 64.0599,
	21.8621 64.0858,
	21.8104 64.0599,
	21.7069 64.0858,
	21.3706 64.4998,
	21.1895 64.7067,
	21.086 64.7844,
	20.2581 65.0172,
	20.0511 64.9913,
	19.6371 65.1207,
	19.4301 65.2242,
	19.3266 65.2759,
	18.9127 65.3536,
	18.6798 65.7675,
	18.6281 65.871,
	18.4211 66.0004,
	17.5932 66.2332,
	17.4897 66.2332,
	17.2827 66.1039,
	16.9981 65.6899,
	16.817 65.4829,
	16.7394 65.3794,
	16.6877 65.3277,
	16.6618 65.2242,
	16.5842 65.1207,
	16.4807 64.7067,
	16.5066 64.2928,
	16.5066 64.0858,
	16.2996 63.8788,
	16.1443 63.4649,
	16.015 63.2579,
	15.9115 62.43,
	15.9115 62.223,
	"/>
</Transform>

<Transform dim="0"
 xcoef=" 0 1 0 0 0 0"
 ycoef=" 0 0 1 0 0 0">
<Contour name="TB0_AP11_EM" hidden="false" closed="true" simplified="true" border="1 0 0" fill="1 0 0" mode="9"
 points="15.431 60.7291,
	15.4686 60.6916,
	15.6187 60.6728,
	15.6938 60.6353,
	15.7877 60.4851,
	15.844 60.41,
	15.9942 60.41,
	16.0317 60.41,
	16.257 60.1096,
	16.4072 60.0158,
	16.4823 59.9407,
	16.6512 59.6403,
	16.67 59.5652,
	16.7639 59.415,
	16.8953 59.1147,
	16.9891 58.8143,
	17.1205 58.514,
	17.1769 58.3638,
	17.2707 58.2136,
	17.3083 58.0634,
	17.2895 57.4627,
	17.327 57.1623,
	17.3834 57.0122,
	17.4397 56.9371,
	17.4772 56.6367,
	17.4772 56.4865,
	17.5711 56.1862,
	17.6462 56.036,
	17.7776 55.4353,
	17.909 55.1349,
	17.9841 54.9847,
	18.0592 54.6844,
	18.0592 54.6093,
	18.0216 54.5342,
	18.0404 54.4966,
	18.0029 54.4216,
	18.0216 54.3465,
	18.0029 54.1963,
	18.0029 54.1212,
	18.0592 53.971,
	18.0779 53.8959,
	18.0779 53.8584,
	18.2281 53.7082,
	18.3783 53.6143,
	18.4722 53.4642,
	18.6036 53.314,
	18.7538 53.2013,
	18.8852 53.0512,
	19.2231 52.4504,
	19.2982 52.1501,
	19.2606 51.8497,
	19.1855 51.6995,
	19.0729 51.5494,
	18.9415 50.9486,
	18.9039 50.7985,
	18.8852 50.7234,
	18.8852 50.6858,
	18.9227 50.6483,
	18.9603 50.6483,
	19.0353 50.7234,
	19.1292 50.8735,
	19.1855 51.0237,
	19.2794 51.1739,
	19.3169 51.2115,
	19.3545 51.1927,
	19.6548 51.2678,
	19.7299 51.3429,
	19.6924 51.493,
	19.7112 51.5681,
	19.805 51.7183,
	19.7862 51.8685,
	19.7299 52.0187,
	19.5985 52.1688,
	19.5422 52.2439,
	19.5797 52.319,
	19.6548 52.3378,
	19.805 52.2627,
	19.8801 52.2252,
	20.0303 52.2815,
	20.1805 52.4317,
	20.1992 52.5068,
	20.2931 52.6569,
	20.4245 52.9573,
	20.5371 53.1075,
	20.8187 53.4078,
	20.9689 53.558,
	21.044 53.6331,
	21.3631 54.2338,
	21.457 54.5342,
	21.4758 54.6093,
	21.4382 54.7595,
	21.4382 54.8345,
	21.4382 54.8721,
	21.4007 54.8909,
	21.3444 55.1912,
	21.3068 55.3414,
	21.1566 55.6418,
	21.0252 55.7919,
	20.9877 55.867,
	20.9126 55.9421,
	20.875 56.0172,
	20.5935 56.3176,
	20.387 56.6179,
	20.218 56.9183,
	20.1241 57.0685,
	19.9927 57.2187,
	19.8989 57.3688,
	19.6361 57.6692,
	19.4296 57.9696,
	19.0917 58.5703,
	18.8101 58.8519,
	18.6787 59.002,
	18.4909 59.3024,
	18.3971 59.4526,
	18.2657 59.6028,
	18.2657 59.6403,
	18.1343 59.7905,
	18.0967 59.8656,
	18.0592 59.9031,
	18.0404 59.9782,
	17.9653 60.0533,
	17.9653 60.0909,
	17.8339 60.241,
	17.6837 60.3349,
	17.5899 60.4663,
	17.4397 60.5789,
	17.1581 60.8793,
	16.8577 61.1421,
	16.5574 61.3674,
	16.3133 61.649,
	16.0317 61.9118,
	15.9379 62.062,
	15.8816 62.1183,
	15.8252 62.0807,
	15.8065 61.9306,
	15.844 61.7804,
	15.8252 61.7053,
	15.6751 61.5927,
	15.6 61.5551,
	15.5437 61.48,
	15.5061 61.1797,
	15.4873 61.1046,
	15.5061 61.0295,
	15.6375 60.8793,
	15.6563 60.8042,
	15.6375 60.7854,
	15.5624 60.8418,
	15.4873 60.823,
	15.431 60.7479,
	"/>
</Transform>

<Transform dim="0"
 xcoef=" 0 1 0 0 0 0"
 ycoef=" 0 0 1 0 0 0">
<Contour name="TB0_Shell_EM" hidden="false" closed="true" simplified="true" border="0 1 0" fill="0 1 0" mode="9"
 points="12.4088 59.43,
	12.5773 59.43,
	"/>
</Transform>

<Transform dim="0"
 xcoef=" 0 1 0 0 0 0"
 ycoef=" 0 0 1 0 0 0">
<Contour name="TB2_AP06_EM" hidden="false" closed="true" simplified="true" border="1 0 1" fill="1 0 1" mode="9"
 points="68.3371 47.4895,
	68.5866 47.0459,
	68.9193 46.6578,
	69.1411 46.5192,
	69.3629 46.436,
	70.25 46.3805,
	70.6936 46.3805,
	71.5807 46.5469,
	71.6916 46.6023,
	71.9134 46.63,
	72.8005 46.935,
	73.2441 47.0736,
	73.4659 47.1845,
	73.5768 47.2677,
	74.4639 47.6003,
	74.9075 47.8221,
	75.1293 47.9607,
	75.351 48.0439,
	75.7946 48.0716,
	75.9055 48.0162,
	75.9609 47.9885,
	76.1827 48.1825,
	76.2936 48.2934,
	76.4045 48.3211,
	76.8481 48.2657,
	77.0699 48.2657,
	77.957 48.4875,
	78.4006 48.5707,
	78.6224 48.5984,
	78.6778 48.5984,
	78.7887 48.7093,
	78.8441 48.8202,
	78.8164 49.0419,
	78.7887 49.1528,
	78.5946 49.3469,
	78.456 49.5687,
	78.3451 49.6796,
	78.1233 49.7627,
	77.6798 49.8182,
	77.2362 49.8182,
	76.3491 49.6796,
	75.9055 49.6241,
	75.0184 49.4301,
	73.2441 49.2637,
	72.8005 49.236,
	71.9134 49.0697,
	71.0263 48.9865,
	70.5827 48.9588,
	70.1391 48.9865,
	69.6956 48.931,
	69.252 48.7924,
	69.0302 48.6815,
	68.8084 48.4875,
	68.6698 48.2657,
	68.6144 48.2103,
	68.6144 48.1548,
	68.3649 47.7112,
	68.3371 47.5172,
	"/>
</Transform>

<Transform dim="0"
 xcoef=" 0 1 0 0 0 0"
 ycoef=" 0 0 1 0 0 0">
<Contour name="TB0_Nuc07_EM" hidden="false" closed="true" simplified="true" border="0.823529 0 0" fill="0 1 0" mode="9"
 points="18.32 61.4502,
	18.5438 61.2264,
	18.7995 61.1944,
	18.9274 61.1944,
	19.0233 61.0345,
	18.8955 60.7788,
	18.8635 60.6509,
	18.7036 60.3951,
	18.7036 60.2672,
	18.7676 60.1393,
	18.7676 60.0754,
	18.8635 59.9475,
	18.8635 59.8836,
	19.1512 59.372,
	19.375 58.8605,
	19.6628 58.3489,
	19.7587 58.221,
	19.8226 58.1571,
	19.8226 58.0931,
	20.1424 57.5816,
	20.2702 57.3258,
	20.3342 57.1979,
	20.3342 57.134,
	20.7498 56.6544,
	20.8777 56.5585,
	20.9417 56.4945,
	21.1974 56.4306,
	21.2614 56.3986,
	21.5172 56.4306,
	21.7729 56.3986,
	21.8688 56.3347,
	21.3573 56.3027,
	21.2294 56.2707,
	21.1335 56.1748,
	21.1335 56.0469,
	21.4852 55.5354,
	21.9328 55.0558,
	22.4443 54.8959,
	22.7001 54.9279,
	22.9559 55.1197,
	23.4674 55.4075,
	23.947 55.8231,
	24.1708 56.0469,
	24.3307 56.3027,
	24.4266 56.8142,
	24.4266 57.07,
	24.2348 57.5816,
	24.2028 58.0931,
	24.3307 58.3489,
	24.4906 58.8605,
	24.5865 59.372,
	24.3946 59.8836,
	24.1069 60.9067,
	24.0429 61.1624,
	23.7552 61.674,
	23.6913 61.8019,
	23.6913 62.0577,
	23.5953 62.3134,
	23.1158 62.825,
	22.6042 63.2406,
	22.4763 63.3365,
	21.4532 63.6243,
	21.1974 63.7841,
	21.0695 63.912,
	20.8457 64.0719,
	20.7179 64.1678,
	20.2063 64.3277,
	19.6948 64.3596,
	19.1832 64.2637,
	18.9274 64.1358,
	18.7995 64.0399,
	18.4798 63.5284,
	18.3839 63.2726,
	18.3519 63.0168,
	18.3839 62.761,
	18.5757 62.5053,
	18.6397 62.3774,
	18.6077 62.2495,
	18.4478 62.0257,
	18.3519 61.7699,
	18.32 61.5141,
	18.32 61.4822,
	"/>
</Transform>

<Transform dim="0"
 xcoef=" 0 1 0 0 0 0"
 ycoef=" 0 0 1 0 0 0">
<Contour name="TB0_Nuc04_EM" hidden="false" closed="true" simplified="true" border="0 0.717647 0.180392" fill="0 1 1" mode="9"
 points="19.9825 66.4058,
	20.0784 66.1501,
	20.2383 65.8943,
	20.3662 65.7984,
	20.6219 65.7344,
	20.7498 65.7025,
	20.8138 65.6705,
	21.0695 65.7664,
	21.1974 65.7984,
	21.3253 65.7344,
	21.3893 65.2229,
	21.4852 64.9671,
	21.645 64.7113,
	22.1566 64.3596,
	22.4124 64.2957,
	22.9239 63.944,
	23.4355 63.6882,
	23.6913 63.6243,
	23.947 63.6563,
	24.2028 63.8161,
	24.3946 63.976,
	24.9062 64.9991,
	25.162 65.5106,
	25.3218 65.7664,
	25.3858 65.8943,
	25.6415 66.0542,
	26.1531 66.5018,
	26.5368 67.0133,
	26.7606 67.2691,
	26.9204 67.5249,
	26.9844 67.6528,
	26.9844 67.7806,
	27.2401 68.2922,
	27.3361 68.548,
	27.4 69.0595,
	27.1762 70.0826,
	26.8885 70.5942,
	26.4089 71.0098,
	25.3858 71.6812,
	25.13 71.8091,
	24.8742 71.8731,
	24.3627 71.905,
	23.8511 71.8091,
	23.3396 71.6493,
	22.828 71.3935,
	22.3165 71.0418,
	21.8688 70.5622,
	21.3573 70.3064,
	21.1335 70.0507,
	20.526 69.0275,
	20.4301 68.516,
	20.1104 67.4929,
	20.0145 66.9813,
	19.9825 66.4698,
	19.9825 66.4378,
	"/>
</Transform>

<Transform dim="0"
 xcoef=" 0 1 0 0 0 0"
 ycoef=" 0 0 1 0 0 0">
<Contour name="TB2_AP19_EM" hidden="false" closed="true" simplified="true" border="1 0 1" fill="1 0 1" mode="9"
 points="73.998 59.4136,
	74.2041 59.0473,
	74.5704 58.7497,
	74.8223 58.3833,
	75.1199 58.017,
	75.3031 57.8567,
	75.4862 57.7423,
	75.5778 57.6736,
	75.761 57.6049,
	76.1273 57.582,
	76.3105 57.5362,
	76.402 57.5133,
	76.4478 57.4675,
	76.5394 57.4446,
	76.5852 57.3988,
	76.7684 57.353,
	76.8599 57.3073,
	76.9515 57.3073,
	77.3179 57.1012,
	77.4094 57.0783,
	77.7529 56.7807,
	77.9131 56.6204,
	78.0963 56.5059,
	78.2795 56.3456,
	78.6458 56.1396,
	78.829 56.0251,
	79.1495 55.6817,
	79.2869 55.4985,
	79.3327 55.4069,
	79.3784 55.3611,
	79.3784 55.3153,
	79.6761 54.949,
	79.9279 54.5827,
	80.0653 54.3995,
	80.0882 54.2164,
	80.1569 54.0332,
	80.1798 53.9416,
	80.2485 53.85,
	80.2943 53.6669,
	80.7064 52.9342,
	80.9811 52.5679,
	81.0498 52.3847,
	81.3246 50.9194,
	81.3703 50.8278,
	81.3474 50.6447,
	81.3474 50.5531,
	81.4619 50.1868,
	81.4848 50.0036,
	81.439 49.6373,
	81.4619 49.271,
	81.6222 48.5383,
	81.668 48.172,
	81.6222 47.4393,
	81.6451 47.073,
	81.6222 46.7067,
	81.6451 46.3403,
	81.6909 46.2488,
	81.6222 45.8824,
	81.6451 45.1498,
	81.6222 44.4171,
	81.4619 42.9518,
	81.3932 42.2192,
	81.1872 40.7539,
	81.0956 40.0212,
	81.1185 39.6549,
	81.233 38.9222,
	81.2101 38.7391,
	81.2559 38.3727,
	81.2559 38.2812,
	81.3474 38.098,
	81.3932 38.0522,
	81.439 38.0522,
	81.5764 38.2354,
	81.5993 38.6017,
	81.5993 38.7849,
	81.5993 38.8764,
	81.668 39.0596,
	81.7367 40.5249,
	81.7367 40.8912,
	81.7825 41.2576,
	81.9198 41.6239,
	81.9656 41.9902,
	81.9427 42.7229,
	81.9427 43.0892,
	81.9885 43.4555,
	82.103 43.8218,
	82.1488 43.9134,
	82.0801 44.2798,
	82.0572 44.6461,
	82.0801 45.3787,
	82.0572 45.5619,
	82.0572 45.6535,
	82.0114 45.7451,
	81.9885 46.1114,
	81.9656 46.1572,
	82.0343 46.3403,
	82.0343 47.073,
	82.0572 47.4393,
	82.2862 48.172,
	82.2633 48.3551,
	82.2404 48.4467,
	82.103 48.6299,
	82.0572 48.6757,
	82.0114 48.8588,
	82.0114 49.2252,
	81.9427 49.4083,
	81.9198 49.7747,
	81.8969 49.8662,
	81.9198 50.0494,
	81.9198 50.0952,
	81.9656 50.1181,
	81.9656 50.4844,
	81.9885 50.6676,
	82.0572 50.8507,
	82.0343 51.5834,
	82.0114 51.9497,
	81.7596 52.6824,
	81.5993 53.0487,
	81.4161 53.7814,
	81.3017 54.514,
	81.2788 54.6056,
	81.3017 54.6972,
	80.9582 55.4298,
	80.7751 55.7962,
	80.6148 56.5288,
	80.569 56.712,
	80.4774 56.8951,
	80.2714 57.6278,
	80.1569 57.9941,
	79.8592 58.7268,
	79.699 59.0931,
	79.4929 59.4594,
	79.2411 59.8257,
	78.8747 60.1005,
	78.7832 60.1921,
	78.5771 60.5584,
	78.5542 60.65,
	78.371 60.8331,
	78.2795 60.9247,
	78.0963 60.9247,
	77.9131 61.0392,
	77.6384 61.4055,
	77.295 61.749,
	76.9286 61.7948,
	76.7455 61.7719,
	76.3791 61.8176,
	76.196 61.7948,
	76.0128 61.8176,
	75.8297 61.8863,
	75.6465 62.0237,
	75.4633 62.0695,
	75.2802 62.0466,
	74.9138 62.1382,
	74.5475 62.1611,
	74.4559 62.1382,
	74.3643 62.1611,
	74.2728 62.2527,
	74.227 62.3442,
	74.1812 62.39,
	74.1354 62.39,
	74.1125 62.2069,
	74.227 61.8405,
	74.3643 61.1079,
	74.3872 60.7416,
	74.3414 60.3752,
	74.2728 60.1921,
	74.227 60.1005,
	74.1354 60.0089,
	74.0438 59.8257,
	73.998 59.6426,
	73.998 59.4594,
	73.998 59.4365,
	"/>
</Transform>

<Transform dim="0"
 xcoef=" 0 1 0 0 0 0"
 ycoef=" 0 0 1 0 0 0">
<Contour name="TB2_Shell_EM" hidden="false" closed="true" simplified="true" border="0.733333 1 1" fill="0 1 1" mode="9"
 points="52.11 42.5397,
	52.2932 39.6091,
	52.7053 36.6785,
	52.8426 35.9458,
	52.9342 35.5795,
	52.9571 35.3963,
	53.8043 32.4657,
	54.3308 31.0004,
	54.514 30.2678,
	54.6056 29.9014,
	55.2467 28.4361,
	56.0709 26.9708,
	57.147 25.5055,
	57.6736 24.7729,
	57.9254 24.4065,
	58.2231 24.0402,
	58.4062 23.857,
	58.887 23.1244,
	60.1463 21.6591,
	61.4742 20.1938,
	64.4048 17.6524,
	65.1375 17.0571,
	65.5038 16.7595,
	65.8701 16.3931,
	66.6028 15.9352,
	66.9691 15.7063,
	68.4344 15.0423,
	68.8008 14.9049,
	71.7314 14.4012,
	73.1967 14.1265,
	73.9293 14.012,
	74.2957 13.9433,
	75.761 13.9204,
	76.4936 13.9204,
	76.8599 13.9891,
	78.3253 14.4699,
	79.0579 14.7447,
	79.4242 14.9736,
	80.8895 15.6834,
	81.6222 16.0497,
	81.9885 16.3015,
	82.3548 16.5992,
	82.538 16.7823,
	82.6296 16.8739,
	82.8357 17.2403,
	83.1333 17.6066,
	83.3165 17.7897,
	83.4309 17.9729,
	83.6599 18.7056,
	83.7744 19.0719,
	83.843 19.2551,
	84.1407 22.1857,
	84.1178 23.651,
	83.8888 25.1163,
	83.7744 25.8489,
	83.7286 26.2153,
	83.6828 26.3984,
	83.6828 26.49,
	83.5225 26.8563,
	83.5225 27.2227,
	83.3622 27.589,
	83.3165 27.9553,
	83.1562 28.3216,
	82.8814 31.2523,
	82.8357 32.7176,
	82.8128 33.4502,
	82.7899 33.8165,
	82.973 36.7472,
	83.0646 42.6084,
	82.973 45.539,
	82.8357 47.0043,
	82.767 47.737,
	82.7441 48.1033,
	82.4235 49.5686,
	82.2633 50.3013,
	82.1717 50.6676,
	82.1488 50.8507,
	82.2175 51.5834,
	82.1488 52.316,
	82.0572 52.6824,
	81.6222 55.613,
	81.4619 56.3456,
	81.4161 56.712,
	81.4161 56.8951,
	80.9811 58.3604,
	80.6377 59.0931,
	80.2485 59.8257,
	80.0653 60.1921,
	79.9508 60.3752,
	79.7906 60.5584,
	79.7448 60.65,
	79.1037 61.3826,
	78.7374 61.749,
	78.371 62.0466,
	78.1879 62.184,
	77.8216 62.39,
	77.0889 62.8708,
	76.9057 63.0082,
	76.7226 63.0769,
	76.3562 63.1227,
	76.1731 63.283,
	74.7078 63.9927,
	71.7772 64.8398,
	71.4108 64.9772,
	71.2277 65.0459,
	68.2971 64.7941,
	65.3664 64.7941,
	64.6338 64.8627,
	64.4506 64.8627,
	62.9853 65.5038,
	61.52 65.5954,
	60.7874 65.5725,
	59.322 65.1833,
	58.5894 64.9085,
	58.4062 64.817,
	58.2231 64.6567,
	58.1773 64.6109,
	57.9941 64.6109,
	56.5288 63.2143,
	55.9564 62.4816,
	55.8648 62.39,
	55.7504 62.0237,
	55.4985 61.6574,
	55.384 61.2911,
	54.949 60.5584,
	54.1248 57.6278,
	54.0103 56.8951,
	53.85 56.1625,
	53.7585 55.7962,
	53.7127 55.613,
	53.5295 55.2467,
	53.5295 54.8803,
	53.0716 53.415,
	52.9113 53.0487,
	52.6137 51.5834,
	52.3618 50.1181,
	52.11 47.1875,
	52.11 44.2569,
	52.11 42.7916,
	52.11 42.6084,
	52.11 42.5626,
	"/>
</Transform>

<Transform dim="0"
 xcoef=" 0 1 0 0 0 0"
 ycoef=" 0 0 1 0 0 0">
<Contour name="TB3_Nuc06_EM" hidden="false" closed="true" simplified="true" border="0 1 0" fill="0 1 0" mode="9"
 points="87.7488 55.4027,
	87.8157 54.6899,
	87.8825 54.3334,
	88.1275 53.6206,
	88.484 52.9077,
	88.4617 52.7295,
	88.328 52.3731,
	88.3058 52.1949,
	88.4617 51.482,
	88.5954 51.1256,
	88.9072 49.6998,
	88.9963 49.3434,
	89.0632 49.1652,
	89.2637 48.8088,
	89.8429 47.383,
	89.9988 47.0266,
	90.5112 46.3137,
	90.6448 46.1355,
	90.7339 46.0464,
	90.8231 46.0019,
	91.0013 46.0241,
	91.1795 46.091,
	91.3577 46.2024,
	91.4468 46.2915,
	91.5359 46.4697,
	91.6473 46.8261,
	91.7141 47.1825,
	91.7587 47.8954,
	91.7587 48.0736,
	91.6696 48.4301,
	91.625 48.5192,
	91.5805 48.8756,
	91.6919 49.232,
	91.7587 49.5885,
	91.8701 49.9449,
	91.9369 50.3013,
	91.9592 51.0142,
	91.8478 51.727,
	91.8032 51.9053,
	91.7587 51.9944,
	91.6919 52.3508,
	91.6696 52.529,
	91.6473 52.6181,
	91.6696 52.7963,
	91.6027 53.5092,
	91.6027 54.2221,
	91.5359 54.4003,
	91.4023 54.5785,
	91.224 54.7121,
	91.1572 54.779,
	91.1349 54.8013,
	91.224 54.8904,
	91.2686 54.9795,
	91.4245 55.1354,
	91.5359 55.4918,
	91.5805 56.2047,
	91.5805 56.3829,
	91.4468 56.5389,
	91.2686 56.628,
	91.2018 56.8062,
	91.2018 56.9844,
	91.3354 57.3408,
	91.3577 57.4299,
	91.6696 57.7864,
	91.7587 57.9646,
	91.8255 58.321,
	91.781 58.4992,
	91.7587 58.8557,
	91.6473 59.2121,
	91.6027 59.3012,
	91.4468 59.4571,
	91.224 59.8136,
	91.224 59.9918,
	91.1127 60.3482,
	91.0458 60.5264,
	91.0235 60.6155,
	90.979 60.6601,
	90.979 60.7046,
	90.9122 60.7937,
	90.8899 60.8829,
	90.7562 61.0611,
	90.6671 61.1502,
	90.333 61.3507,
	90.1547 61.4621,
	89.9765 61.5289,
	89.8874 61.5512,
	89.8429 61.5734,
	89.6647 61.5066,
	89.3305 61.3061,
	88.9963 61.0165,
	88.8627 60.8383,
	88.7959 60.7492,
	88.6845 60.3928,
	88.5508 59.6799,
	88.484 59.5017,
	88.4617 59.4126,
	88.1944 59.0561,
	88.1498 59.0116,
	88.1053 58.8334,
	88.1053 58.4769,
	88.0607 58.2987,
	88.0162 58.2542,
	87.9048 57.8977,
	87.8157 57.7195,
	87.7711 57.6304,
	87.7488 57.274,
	87.7934 57.1849,
	87.8379 57.1403,
	88.1944 57.0958,
	88.3726 57.1181,
	88.4171 57.1181,
	88.5063 57.0512,
	88.5508 57.0067,
	88.5731 56.9176,
	88.5285 56.7393,
	88.4617 56.6725,
	88.3726 56.6502,
	88.2835 56.6725,
	88.1944 56.6502,
	88.083 56.472,
	88.1053 56.2938,
	88.1721 56.1156,
	88.2167 56.0265,
	88.3058 55.9374,
	88.6622 55.6923,
	88.7513 55.6032,
	88.8627 55.425,
	89.0186 55.2468,
	89.1523 54.8904,
	89.2191 54.5339,
	89.4419 54.1775,
	89.6201 53.8211,
	89.6869 53.4646,
	89.6647 53.1082,
	89.4196 52.3953,
	89.3751 52.0389,
	89.3751 51.8607,
	89.3751 51.7716,
	89.4419 51.5934,
	89.6424 51.2369,
	89.8429 50.5241,
	89.8651 50.435,
	89.9765 50.2568,
	90.0879 49.9003,
	90.1102 49.5439,
	90.1102 49.4548,
	89.932 49.5439,
	89.8429 49.5885,
	89.7983 49.633,
	89.5978 50.3459,
	89.4419 50.7023,
	89.3528 51.0587,
	89.2859 51.2369,
	89.2191 51.9498,
	89.2191 52.3062,
	89.3082 53.0191,
	89.3751 53.3755,
	89.3528 53.732,
	89.1077 54.4448,
	88.7736 55.1577,
	88.6176 55.5141,
	88.5285 55.6032,
	88.1721 55.7146,
	87.9939 55.7814,
	87.9048 55.7814,
	87.8157 55.7146,
	87.7711 55.6255,
	87.7488 55.4473,
	87.7488 55.425,
	"/>
</Transform>

<Transform dim="0"
 xcoef=" 0 1 0 0 0 0"
 ycoef=" 0 0 1 0 0 0">
<Contour name="TB3_Nuc09_EM" hidden="false" closed="true" simplified="true" border="0 1 1" fill="0 1 1" mode="9"
 points="110.959 56.2815,
	111.046 55.9347,
	111.176 55.588,
	111.371 55.2412,
	111.436 55.0678,
	111.674 54.7428,
	111.718 54.6561,
	111.869 54.4827,
	112.021 54.3527,
	112.108 54.2877,
	112.151 54.2877,
	112.238 54.2227,
	112.281 54.2227,
	112.325 54.1793,
	112.671 54.0709,
	112.845 54.0059,
	113.191 53.9843,
	113.365 53.9843,
	113.451 53.9626,
	113.798 54.0059,
	113.972 54.0493,
	114.058 54.1143,
	114.232 54.1793,
	114.513 54.5044,
	114.73 54.8511,
	114.752 54.9378,
	114.795 54.9812,
	114.925 55.3279,
	114.903 56.0214,
	114.882 56.3682,
	114.882 56.5415,
	114.882 56.6282,
	114.708 56.975,
	114.622 57.1483,
	114.513 57.2567,
	114.513 57.3,
	114.275 57.6468,
	114.102 57.7985,
	113.863 58.1236,
	113.516 58.4053,
	113.43 58.4703,
	113.083 58.5787,
	112.91 58.622,
	112.563 58.622,
	112.216 58.5137,
	112.043 58.4703,
	111.956 58.4486,
	111.783 58.3403,
	111.479 58.0152,
	111.263 57.6685,
	111.219 57.5818,
	111.219 57.5384,
	111.154 57.4517,
	111.046 57.105,
	110.981 56.7582,
	110.959 56.4115,
	110.959 56.3248,
	110.959 56.3031,
	"/>
</Transform>

<Transform dim="0"
 xcoef=" 0 1 0 0 0 0"
 ycoef=" 0 0 1 0 0 0">
<Contour name="TB3_Nuc13_EM" hidden="false" closed="true" simplified="true" border="1 0 1" fill="0 1 0" mode="9"
 points="107.058 37.7579,
	107.2 37.4729,
	107.218 37.4016,
	107.396 37.1167,
	107.539 37.0633,
	107.681 37.1345,
	107.824 37.1701,
	107.966 37.2414,
	108.037 37.3126,
	108.073 37.3838,
	108.055 37.5263,
	107.913 37.651,
	107.877 37.6866,
	107.735 37.74,
	107.45 37.7579,
	107.307 37.7579,
	107.165 37.7935,
	107.182 37.8291,
	107.165 37.8647,
	107.093 37.8469,
	107.058 37.8291,
	107.058 37.7757,
	"/>
<Contour name="TB3_Nuc13_EM" hidden="false" closed="true" simplified="true" border="1 0 1" fill="0 1 0" mode="9"
 points="105.205 39.1114,
	105.277 39.0402,
	105.401 38.9511,
	105.686 38.8621,
	105.971 38.8265,
	106.114 38.8443,
	106.256 38.8977,
	106.328 38.9511,
	106.417 39.2361,
	106.434 39.3786,
	106.417 39.5211,
	106.363 39.5923,
	106.292 39.6279,
	105.722 39.6101,
	105.58 39.5745,
	105.437 39.4855,
	105.312 39.3608,
	105.241 39.2895,
	105.205 39.2183,
	105.205 39.1471,
	105.205 39.1292,
	"/>
</Transform>

<Transform dim="0"
 xcoef=" 0 1 0 0 0 0"
 ycoef=" 0 0 1 0 0 0">
<Contour name="TB3_Nuc13_EM" hidden="false" closed="true" simplified="true" border="1 0 1" fill="0 1 0" mode="9"
 points="102.607 47.703,
	102.76 47.0934,
	102.798 46.9409,
	102.836 46.9028,
	103.045 46.2932,
	103.102 46.1408,
	103.16 46.0646,
	103.407 45.455,
	103.617 45.1502,
	103.769 44.9978,
	104.055 44.7692,
	104.322 44.5025,
	104.531 44.1976,
	104.665 43.8928,
	104.741 43.7595,
	104.988 43.4737,
	105.274 43.207,
	105.56 43.0165,
	105.884 42.4259,
	106.036 42.3307,
	106.112 42.2735,
	106.189 42.1211,
	106.227 41.8163,
	106.379 41.6639,
	106.608 41.3591,
	106.798 41.0543,
	106.951 40.7495,
	107.141 40.4447,
	107.37 40.1589,
	107.637 39.8731,
	107.922 39.6255,
	108.227 39.435,
	108.513 39.1492,
	108.665 38.9968,
	108.78 38.8825,
	108.951 38.5777,
	109.065 38.4443,
	109.199 38.3491,
	109.275 38.311,
	109.58 38.2919,
	109.732 38.2538,
	109.808 38.2729,
	109.846 38.2729,
	109.884 38.311,
	109.904 38.3872,
	109.904 38.4253,
	109.942 38.4443,
	109.904 38.7491,
	109.865 38.9015,
	109.846 39.5112,
	109.808 39.6636,
	109.789 39.9684,
	109.58 40.578,
	109.446 40.8828,
	109.256 41.4924,
	109.218 41.6449,
	109.218 41.9497,
	109.237 42.1021,
	109.199 42.2545,
	109.18 42.3307,
	109.027 42.464,
	108.951 42.5021,
	108.818 42.8069,
	108.684 43.4166,
	108.589 43.7214,
	108.418 44.0262,
	108.322 44.1595,
	108.189 44.4644,
	108.151 44.6168,
	108.113 44.693,
	108.113 44.7311,
	107.865 45.0168,
	107.751 45.1692,
	107.675 45.474,
	107.465 45.7789,
	107.408 45.8551,
	107.408 45.8932,
	107.217 46.198,
	107.179 46.3504,
	106.932 46.96,
	106.76 47.2648,
	106.474 47.5696,
	106.417 47.6077,
	106.303 47.7601,
	106.17 48.0649,
	105.998 48.3698,
	105.96 48.446,
	105.712 48.7317,
	105.617 48.8841,
	105.522 49.1889,
	105.503 49.3413,
	105.027 50.5606,
	104.969 50.713,
	104.95 50.8654,
	104.779 51.1702,
	104.626 51.2655,
	104.55 51.3226,
	104.398 51.3607,
	104.245 51.3607,
	103.941 51.2845,
	103.636 51.3036,
	103.483 51.2845,
	103.331 51.2274,
	103.255 51.1512,
	103.217 51.1512,
	103.083 50.9988,
	103.026 50.9225,
	102.969 50.6177,
	102.912 50.0081,
	102.912 49.7033,
	103.045 49.0937,
	102.988 48.7889,
	102.74 48.4841,
	102.645 48.1792,
	102.607 47.8744,
	102.607 47.722,
	"/>
</Transform>

<Transform dim="0"
 xcoef=" 0 1 0 0 0 0"
 ycoef=" 0 0 1 0 0 0">
<Contour name="TB3_Nuc18_EM" hidden="false" closed="true" simplified="true" border="1 0 0" fill="1 0 0" mode="9"
 points="113.208 45.0721,
	113.428 44.3678,
	113.913 43.7076,
	114.133 43.0033,
	114.177 42.6512,
	114.177 42.5632,
	114.485 42.2111,
	114.661 42.079,
	114.837 41.7269,
	115.145 41.4188,
	115.233 41.3307,
	115.585 41.1987,
	115.761 41.0226,
	115.717 40.6705,
	115.937 40.3184,
	116.642 39.6581,
	116.95 39.306,
	117.17 38.9539,
	117.522 38.6018,
	118.094 37.9415,
	118.182 37.9415,
	118.49 37.5894,
	118.842 37.3693,
	119.547 37.2373,
	119.635 37.2373,
	119.943 37.5454,
	119.987 38.9539,
	119.943 39.6581,
	119.723 40.3624,
	119.591 40.7145,
	119.547 40.8906,
	119.415 41.0666,
	119.415 41.1547,
	118.93 41.8589,
	118.842 42.035,
	118.666 42.167,
	118.534 42.5192,
	118.446 42.6072,
	118.226 43.3114,
	118.006 43.6636,
	117.698 44.0157,
	117.566 44.3678,
	117.082 45.0281,
	116.774 45.3802,
	116.642 45.5562,
	116.642 45.6443,
	116.377 45.9524,
	116.025 46.1725,
	115.673 46.4806,
	114.969 46.7887,
	114.617 47.0088,
	113.913 47.2729,
	113.737 47.3169,
	113.56 47.2729,
	113.34 46.9207,
	113.34 46.2165,
	113.208 45.5122,
	113.208 45.1601,
	113.208 45.1161,
	"/>
</Transform>

<Transform dim="0"
 xcoef=" 0 1 0 0 0 0"
 ycoef=" 0 0 1 0 0 0">
<Contour name="TB3_Nuc32_EM" hidden="false" closed="true" simplified="true" border="0 1 1" fill="0 1 1" mode="9"
 points="109.658 42.964,
	109.714 42.8148,
	109.733 42.7402,
	109.845 42.5909,
	109.882 42.5163,
	109.919 42.479,
	109.938 42.1805,
	109.882 41.882,
	110.013 41.285,
	110.05 41.1358,
	110.05 40.9865,
	110.125 40.688,
	110.18 40.5388,
	110.199 40.2403,
	110.274 39.9418,
	110.311 39.8672,
	110.311 39.8299,
	110.367 39.7553,
	110.61 39.1583,
	110.647 39.0837,
	110.721 39.009,
	110.703 38.8598,
	110.721 38.7105,
	110.777 38.5613,
	110.833 38.4867,
	111.225 37.2927,
	111.244 37.2181,
	111.262 37.1994,
	111.225 37.1621,
	111.225 37.0875,
	111.486 36.4905,
	111.58 36.192,
	111.654 36.0428,
	111.654 36.0055,
	111.748 35.8562,
	111.766 35.7816,
	111.953 35.4831,
	111.99 35.4085,
	112.121 35.2592,
	112.475 34.6623,
	112.587 34.3638,
	112.68 34.2145,
	112.979 33.9347,
	113.128 33.8228,
	113.427 33.6735,
	114.024 33.4683,
	114.173 33.3937,
	114.471 33.3377,
	114.621 33.3004,
	114.695 33.2817,
	115.292 33.3377,
	115.591 33.4123,
	115.74 33.487,
	115.814 33.5056,
	115.87 33.5802,
	115.945 33.8787,
	116.001 34.028,
	116.001 34.0653,
	116.15 34.1586,
	116.3 34.2145,
	116.449 34.3265,
	116.505 34.4757,
	116.542 34.7742,
	116.617 34.9234,
	116.691 34.9981,
	116.822 35.2966,
	116.859 35.3712,
	116.841 35.6697,
	116.598 36.2666,
	116.393 36.8636,
	116.225 37.1621,
	116.113 37.4606,
	116.038 37.6099,
	116.001 37.6845,
	116.001 37.8337,
	115.945 37.983,
	115.777 38.2815,
	115.647 38.4307,
	115.553 38.58,
	115.441 38.8784,
	115.404 38.9158,
	115.273 39.2142,
	115.199 39.3635,
	115.18 39.4381,
	115.143 39.4754,
	115.143 39.5127,
	115.031 39.662,
	114.732 39.9045,
	114.434 40.1843,
	114.154 40.4082,
	114.005 40.5575,
	113.912 40.6694,
	113.837 40.744,
	113.744 40.8933,
	113.669 40.9679,
	113.576 41.1171,
	113.538 41.2664,
	113.147 41.8634,
	112.96 42.1618,
	112.867 42.3111,
	112.736 42.4603,
	112.568 42.7215,
	112.027 43.2998,
	111.878 43.4118,
	111.58 43.5424,
	111.43 43.6356,
	111.281 43.7662,
	111.207 43.8222,
	111.057 43.8782,
	110.908 43.9714,
	110.833 43.9714,
	110.759 44.0088,
	110.684 44.0088,
	110.647 44.0088,
	110.498 43.9155,
	110.348 43.8782,
	110.274 43.8409,
	110.236 43.8409,
	110.199 43.8035,
	110.125 43.7849,
	109.845 43.5797,
	109.807 43.5424,
	109.807 43.5051,
	109.77 43.4677,
	109.658 43.1693,
	109.658 43.02,
	109.658 42.9827,
	"/>
</Transform>

<Transform dim="0"
 xcoef=" 0 1 0 0 0 0"
 ycoef=" 0 0 1 0 0 0">
<Contour name="TB3_Nuc37_EM" hidden="false" closed="true" simplified="true" border="1 0 0" fill="1 0 0" mode="9"
 points="116.542 48.1187,
	116.63 47.836,
	116.683 47.5533,
	116.913 46.9878,
	117.001 46.705,
	117.125 46.4223,
	117.16 46.387,
	117.16 46.3516,
	117.39 46.0866,
	117.514 45.9805,
	117.655 45.9275,
	117.796 45.9098,
	118.079 45.9275,
	118.15 45.9629,
	118.221 45.9629,
	118.291 45.9982,
	118.415 45.9805,
	118.415 45.8392,
	118.362 45.7685,
	118.291 45.7331,
	118.15 45.7155,
	118.079 45.6978,
	117.938 45.7155,
	117.867 45.6978,
	117.814 45.6271,
	117.761 45.4857,
	117.761 45.203,
	117.814 44.9203,
	117.92 44.6375,
	117.991 44.4961,
	118.044 44.4255,
	118.044 44.3901,
	118.415 43.8246,
	118.521 43.6833,
	118.574 43.6126,
	118.592 43.5419,
	118.768 43.2592,
	118.874 42.9764,
	119.175 42.4109,
	119.44 42.1635,
	119.528 42.0398,
	119.51 41.8985,
	119.475 41.8278,
	119.44 41.7924,
	119.44 41.6511,
	119.493 41.5097,
	119.581 41.3683,
	119.634 41.227,
	119.67 41.1563,
	119.811 41.0326,
	119.935 40.9442,
	120.217 40.8382,
	120.341 40.7145,
	120.412 40.6615,
	120.482 40.6615,
	120.606 40.7675,
	120.659 40.8382,
	120.73 41.1209,
	120.96 41.6864,
	120.96 41.7218,
	121.083 41.8631,
	121.172 42.0045,
	121.26 42.2872,
	121.295 42.57,
	121.313 42.6407,
	121.189 43.2061,
	121.119 43.4889,
	121.136 44.0544,
	121.189 44.3371,
	121.172 44.6198,
	120.995 44.9026,
	120.977 45.1853,
	121.048 45.4681,
	121.101 46.0335,
	121.101 46.1749,
	121.066 46.3163,
	120.977 46.4577,
	120.907 46.5283,
	120.889 46.5814,
	120.924 46.8641,
	120.907 47.1468,
	120.871 47.2882,
	120.8 47.4296,
	120.765 47.4649,
	120.677 47.7477,
	120.606 47.889,
	120.588 47.9597,
	120.447 48.0657,
	120.306 48.0657,
	120.235 48.0657,
	120.217 48.2071,
	120.27 48.3485,
	120.288 48.4898,
	120.27 48.7726,
	120.2 49.0553,
	120.164 49.1967,
	120.094 49.3381,
	119.988 49.4794,
	119.793 50.0449,
	119.67 50.3277,
	119.581 50.469,
	119.387 51.0345,
	119.334 51.1759,
	119.298 51.2466,
	119.298 51.2819,
	119.263 51.3172,
	119.245 51.3879,
	118.874 51.9534,
	118.698 52.2361,
	118.433 52.4659,
	118.15 52.7309,
	118.044 52.8723,
	117.779 53.1374,
	117.62 53.4201,
	117.514 53.7029,
	117.496 53.9856,
	117.443 54.2683,
	117.337 54.5511,
	117.249 54.6924,
	117.107 54.8161,
	116.966 54.8692,
	116.824 54.8515,
	116.754 54.8161,
	116.665 54.6748,
	116.63 54.5334,
	116.683 54.2507,
	116.718 54.2153,
	116.754 54.074,
	116.771 53.7912,
	116.877 53.5085,
	116.931 53.3671,
	117.019 53.2257,
	117.072 53.0844,
	117.143 52.5189,
	117.143 52.2361,
	117.09 51.9534,
	117.019 51.812,
	116.966 51.2466,
	116.931 50.9638,
	116.948 50.6811,
	116.948 50.5397,
	116.913 50.3983,
	116.842 50.257,
	116.789 50.1863,
	116.701 49.9035,
	116.612 49.7622,
	116.577 49.6208,
	116.736 49.0553,
	116.718 48.7726,
	116.612 48.4898,
	116.542 48.2071,
	116.542 48.1364,
	"/>
</Transform>

<Transform dim="0"
 xcoef=" 0 1 0 0 0 0"
 ycoef=" 0 0 1 0 0 0">
<Contour name="TB3_Nuc44_EM" hidden="false" closed="true" simplified="true" border="1 0 0" fill="1 0 0" mode="9"
 points="105.778 29.1826,
	105.861 28.9633,
	105.929 28.8537,
	106.025 28.744,
	106.053 28.7166,
	106.066 28.6069,
	106.025 28.1683,
	106.066 27.7297,
	106.012 27.291,
	105.984 26.8524,
	105.984 26.6331,
	106.012 26.4138,
	106.094 26.1945,
	106.121 26.0848,
	106.299 25.8655,
	106.395 25.7695,
	106.615 25.6462,
	106.834 25.5776,
	106.944 25.5365,
	106.998 25.5228,
	107.218 25.5914,
	107.327 25.6599,
	107.533 25.8518,
	107.958 26.2904,
	108.068 26.4001,
	108.465 26.7016,
	108.643 26.8661,
	109.027 27.291,
	109.219 27.4829,
	109.658 27.8256,
	109.767 27.9216,
	109.945 28.0861,
	110.11 28.278,
	110.124 28.3328,
	110.247 28.5521,
	110.261 28.6069,
	110.288 28.6344,
	110.316 28.744,
	110.37 28.8537,
	110.439 29.073,
	110.466 29.1278,
	110.521 29.1689,
	110.549 29.1963,
	110.603 29.2101,
	110.699 29.2923,
	110.823 29.5116,
	110.864 29.7309,
	110.864 29.9502,
	110.795 30.1696,
	110.727 30.2792,
	110.699 30.3889,
	110.713 30.6082,
	110.645 31.0468,
	110.562 31.2661,
	110.439 31.4854,
	110.412 31.5129,
	110.412 31.5403,
	110.261 31.7596,
	110.041 31.9378,
	109.932 32.0063,
	109.904 32.0063,
	109.795 32.0749,
	109.356 32.1982,
	109.137 32.2668,
	109.027 32.3079,
	108.972 32.3353,
	108.876 32.445,
	108.753 32.6643,
	108.534 32.8425,
	108.424 32.9247,
	108.369 32.9521,
	108.26 32.9658,
	108.15 32.9521,
	108.095 32.9247,
	108.04 32.8699,
	107.972 32.7739,
	107.862 32.7054,
	107.752 32.6094,
	107.533 32.4861,
	107.423 32.445,
	107.369 32.4175,
	107.259 32.4175,
	107.149 32.4587,
	106.93 32.4861,
	106.82 32.4724,
	106.765 32.4587,
	106.711 32.4175,
	106.697 32.3627,
	106.669 32.3353,
	106.656 32.2805,
	106.656 32.2531,
	106.546 32.1571,
	106.327 32.0474,
	106.121 31.8693,
	106.012 31.6499,
	105.984 31.5403,
	105.998 31.321,
	106.094 30.8823,
	106.19 30.663,
	106.217 30.5534,
	106.231 30.4985,
	106.203 30.2792,
	106.19 30.1696,
	106.053 29.9502,
	105.984 29.8406,
	105.97 29.7858,
	105.929 29.7309,
	105.778 29.2923,
	105.778 29.1963,
	"/>
</Transform>

<Transform dim="0"
 xcoef=" 0 1 0 0 0 0"
 ycoef=" 0 0 1 0 0 0">
<Contour name="TB3_Nuc54_EM" hidden="false" closed="true" simplified="true" border="0 1 0" fill="0 1 0" mode="9"
 points="101.389 24.7593,
	101.463 24.3631,
	101.612 23.967,
	101.686 23.7689,
	101.761 23.3727,
	101.761 22.9766,
	101.785 22.8776,
	101.934 22.6795,
	102.033 22.5804,
	102.231 22.5062,
	102.429 22.4814,
	102.528 22.5557,
	102.627 22.7538,
	102.652 23.1499,
	102.701 23.348,
	102.776 23.4223,
	102.974 23.3975,
	103.073 23.3232,
	103.246 22.9518,
	103.37 22.7538,
	103.568 22.6795,
	103.667 22.6795,
	103.865 22.828,
	103.915 23.0261,
	104.137 23.4223,
	104.236 23.6203,
	104.286 23.8184,
	104.286 24.0165,
	104.212 24.4126,
	104.187 24.6107,
	104.212 24.8088,
	104.212 24.9078,
	104.212 24.9573,
	104.014 25.1059,
	103.865 25.2792,
	103.667 25.6753,
	103.617 25.8734,
	103.617 25.9725,
	103.717 26.0715,
	104.113 26.1953,
	104.212 26.2696,
	104.286 26.4676,
	104.261 26.6657,
	104.212 26.7648,
	104.014 26.8885,
	103.816 26.8638,
	103.617 26.7648,
	103.419 26.7152,
	103.32 26.6905,
	103.221 26.7152,
	102.825 26.9381,
	102.627 27.0619,
	102.528 27.1609,
	102.132 27.2352,
	101.934 27.1857,
	101.835 27.1609,
	101.637 27.0371,
	101.562 26.9381,
	101.488 26.5419,
	101.488 26.3438,
	101.562 26.1458,
	101.587 25.7496,
	101.463 25.3535,
	101.389 24.9573,
	101.389 24.784,
	"/>
</Transform>

<Transform dim="0"
 xcoef=" 0 1 0 0 0 0"
 ycoef=" 0 0 1 0 0 0">
<Contour name="TB3_Nuc60_EM" hidden="false" closed="true" simplified="true" border="0 1 0" fill="0 1 0" mode="9"
 points="106.857 20.4932,
	106.953 19.984,
	107.144 19.4749,
	107.271 19.2203,
	107.366 19.093,
	107.366 19.0294,
	107.43 18.9657,
	107.43 18.9021,
	107.748 18.3929,
	107.907 18.1384,
	108.13 17.8838,
	108.353 17.6929,
	108.862 17.5974,
	109.117 17.6292,
	109.626 17.5974,
	110.135 17.6929,
	110.644 17.8838,
	111.153 18.2657,
	111.408 18.3929,
	111.535 18.4566,
	111.599 18.4566,
	112.076 18.8703,
	112.299 19.093,
	112.522 19.6022,
	112.808 20.6205,
	113.031 21.1296,
	113.19 21.6388,
	113.158 22.657,
	113.062 23.1662,
	113.062 23.2935,
	112.649 24.3118,
	112.522 24.5663,
	112.14 25.0755,
	111.726 25.521,
	111.471 25.6483,
	111.344 25.7119,
	110.835 25.7756,
	110.326 25.7437,
	109.817 25.4892,
	109.562 25.3301,
	109.308 25.1073,
	109.244 25.1073,
	108.989 24.9164,
	108.512 24.4072,
	107.78 23.4208,
	107.207 22.4025,
	107.175 22.2752,
	107.112 22.2115,
	107.112 22.1479,
	107.048 22.0843,
	106.921 21.5751,
	106.857 21.066,
	106.857 20.5568,
	106.857 20.525,
	"/>
</Transform>

<Transform dim="0"
 xcoef=" 0 1 0 0 0 0"
 ycoef=" 0 0 1 0 0 0">
<Contour name="TB3_AP04_EM" hidden="false" closed="true" simplified="true" border="1 0 0" fill="1 0 1" mode="9"
 points="116.618 28.4653,
	116.755 28.1525,
	116.931 27.8397,
	117.146 27.566,
	117.244 27.4292,
	117.322 27.351,
	117.322 27.3119,
	117.439 27.1555,
	117.576 26.8427,
	117.615 26.7645,
	117.654 26.7254,
	117.654 26.6863,
	117.771 26.5494,
	117.811 26.5299,
	117.908 26.6863,
	118.045 26.8427,
	118.104 26.9209,
	118.143 26.96,
	118.182 27.1164,
	118.162 27.4292,
	118.143 27.5074,
	117.615 28.133,
	117.42 28.4458,
	117.263 28.5826,
	117.224 28.5826,
	117.068 28.6999,
	116.911 28.739,
	116.833 28.7781,
	116.755 28.7781,
	116.677 28.739,
	116.618 28.5826,
	116.618 28.5044,
	116.618 28.4849,
	"/>
</Transform>

<Transform dim="0"
 xcoef=" 0 1 0 0 0 0"
 ycoef=" 0 0 1 0 0 0">
<Contour name="TB3_AP04_EM" hidden="false" closed="true" simplified="true" border="1 0 0" fill="1 0 1" mode="9"
 points="100.196 49.6775,
	100.313 49.0519,
	100.391 48.4263,
	100.332 47.8007,
	100.313 47.6442,
	100.332 47.4878,
	100.43 47.175,
	100.489 46.8622,
	100.508 46.7058,
	100.489 46.393,
	100.665 45.7674,
	100.899 45.1418,
	100.978 44.829,
	101.251 44.2034,
	101.349 43.8906,
	101.486 43.5778,
	101.681 42.9522,
	101.818 42.3265,
	101.994 41.7009,
	102.209 41.0753,
	102.248 40.9189,
	102.385 40.6061,
	102.463 40.4497,
	102.718 40.1369,
	103.03 39.8632,
	103.187 39.7459,
	103.5 39.4331,
	103.578 39.3549,
	103.656 39.3158,
	103.715 39.2376,
	103.715 39.1594,
	103.793 39.003,
	103.832 38.9248,
	103.91 38.8661,
	103.988 38.8466,
	104.262 38.5338,
	104.36 38.3774,
	104.673 38.1037,
	104.751 38.045,
	104.907 37.9864,
	105.22 37.7518,
	105.376 37.654,
	105.689 37.5954,
	105.846 37.5367,
	106.159 37.263,
	106.315 37.1262,
	106.393 37.0675,
	106.471 37.0479,
	106.784 36.8133,
	107.097 36.5201,
	107.723 36.0118,
	108.035 35.7576,
	108.661 35.4057,
	108.974 35.2689,
	109.13 35.2102,
	109.287 35.1907,
	109.365 35.1907,
	109.521 35.2689,
	109.658 35.4057,
	109.756 35.7185,
	109.795 35.7967,
	109.775 36.1095,
	109.717 36.4223,
	109.58 36.7351,
	109.502 36.8915,
	109.072 37.5172,
	108.856 37.83,
	108.309 38.4556,
	108.211 38.612,
	107.625 39.2376,
	107.39 39.5504,
	107.116 39.8632,
	107.038 39.9414,
	106.843 40.2542,
	106.706 40.4106,
	106.608 40.567,
	106.334 40.8798,
	106.139 41.1926,
	106.022 41.349,
	105.885 41.6618,
	104.946 42.9131,
	104.477 43.5387,
	104.243 43.8515,
	103.949 44.1643,
	103.5 44.7899,
	103.109 45.4155,
	102.776 46.0411,
	102.62 46.3539,
	102.581 46.5103,
	102.014 47.7616,
	101.642 48.3872,
	101.466 48.7,
	101.212 49.3256,
	101.017 49.9512,
	100.958 50.1076,
	100.743 50.4204,
	100.587 50.7332,
	100.508 51.046,
	100.411 51.2024,
	100.372 51.2024,
	100.293 51.046,
	100.274 50.7332,
	100.293 50.4204,
	100.274 50.1076,
	100.196 49.7948,
	100.196 49.7166,
	100.196 49.697,
	"/>
</Transform>

<Transform dim="0"
 xcoef=" 0 1 0 0 0 0"
 ycoef=" 0 0 1 0 0 0">
<Contour name="TB1_NF14_RSL" hidden="false" closed="true" simplified="true" border="0.501961 0 1" fill="0.501961 0 1" mode="-9"
 points="27.9853 41.895,
	28.0465 41.7552,
	28.0727 41.6853,
	28.0989 41.6504,
	28.1164 41.6504,
	28.1776 41.5892,
	28.195 41.5892,
	28.3348 41.5018,
	28.3873 41.4407,
	28.4484 41.4145,
	28.5183 41.4057,
	28.5533 41.397,
	28.6232 41.4232,
	28.6843 41.4669,
	28.7018 41.4669,
	28.8329 41.5717,
	28.894 41.6416,
	28.9727 41.7727,
	28.9901 41.8076,
	28.9814 41.8251,
	29.0163 41.895,
	29.0251 42.0348,
	28.9464 42.1746,
	28.8853 42.227,
	28.8503 42.2532,
	28.7804 42.2795,
	28.7455 42.2882,
	28.7105 42.3144,
	28.6406 42.3319,
	28.5707 42.3319,
	28.4309 42.2882,
	28.1514 42.1659,
	28.0815 42.1047,
	28.0465 42.0785,
	28.0028 42.0086,
	27.9853 41.9736,
	27.9853 41.9038,
	"/>
</Transform>

<Transform dim="0"
 xcoef=" 0 1 0 0 0 0"
 ycoef=" 0 0 1 0 0 0">
<Contour name="TB1_NF21_RSL" hidden="false" closed="true" simplified="true" border="1 0.501961 0.501961" fill="1 0.501961 0.501961" mode="-9"
 points="35.988 43.6555,
	36.0015 43.6286,
	36.0553 43.5949,
	36.0823 43.6016,
	36.1563 43.7094,
	36.1967 43.7632,
	36.2775 43.9786,
	36.2909 44.0325,
	36.3044 44.0594,
	36.3044 44.1133,
	36.2977 44.1402,
	36.2708 44.1469,
	36.2438 44.1335,
	36.2304 44.1335,
	36.2034 44.1133,
	36.19 44.1133,
	36.1361 44.0661,
	36.0621 43.9652,
	36.0621 43.9517,
	36.0419 43.9248,
	36.0082 43.8171,
	36.0082 43.7901,
	35.988 43.7363,
	35.988 43.6824,
	35.988 43.6622,
	"/>
</Transform>

<Transform dim="0"
 xcoef=" 0 1 0 0 0 0"
 ycoef=" 0 0 1 0 0 0">
<Contour name="TB1_NF22_RSL" hidden="false" closed="true" simplified="true" border="0.501961 0.501961 0" fill="0.501961 0.501961 0" mode="-9"
 points="44.2259 57.0299,
	44.2905 56.8232,
	44.3422 56.7198,
	44.3681 56.6681,
	44.4714 56.5648,
	44.6394 56.3968,
	44.7428 56.358,
	44.7686 56.3451,
	44.8203 56.358,
	44.9236 56.3322,
	44.9882 56.4226,
	45.027 56.3322,
	45.0528 56.2805,
	45.0658 56.2676,
	45.0787 56.2934,
	45.0399 56.3968,
	45.027 56.6035,
	44.9366 57.017,
	44.872 57.2237,
	44.8332 57.3271,
	44.704 57.5209,
	44.6523 57.5725,
	44.5877 57.6759,
	44.3939 57.7922,
	44.3035 57.8439,
	44.2647 57.7922,
	44.2389 57.6888,
	44.2518 57.2754,
	44.2259 57.0687,
	44.2259 57.0428,
	"/>
<Contour name="TB1_NF22_RSL" hidden="false" closed="true" simplified="true" border="0.501961 0.501961 0" fill="0.501961 0.501961 0" mode="-9"
 points="45.8281 53.5414,
	45.8668 53.4381,
	45.9314 53.3347,
	45.9573 53.2959,
	45.9831 53.3218,
	46.0089 53.4251,
	45.996 53.6319,
	46.0089 53.7352,
	46.0348 53.7869,
	45.996 53.8903,
	45.9573 53.942,
	45.9314 53.9678,
	45.8539 53.8774,
	45.8281 53.6706,
	45.8281 53.5673,
	45.8281 53.5543,
	"/>
</Transform>

<Transform dim="0"
 xcoef=" 0 1 0 0 0 0"
 ycoef=" 0 0 1 0 0 0">
<Contour name="TB1_NF22_RSL" hidden="false" closed="true" simplified="true" border="0.501961 0.501961 0" fill="0.501961 0.501961 0" mode="-9"
 points="43.6962 58.3348,
	43.7479 58.2832,
	43.8771 58.0764,
	43.9288 58.0506,
	43.9675 58.1023,
	43.9546 58.2056,
	43.9417 58.2573,
	43.9159 58.2832,
	43.9159 58.309,
	43.7737 58.5157,
	43.7479 58.5286,
	43.6962 58.4899,
	43.6962 58.3865,
	43.6962 58.3478,
	"/>
</Transform>

<Transform dim="0"
 xcoef=" 0 1 0 0 0 0"
 ycoef=" 0 0 1 0 0 0">
<Contour name="TB1_NF22_RSL" hidden="false" closed="true" simplified="true" border="0.501961 0.501961 0" fill="0.501961 0.501961 0" mode="-9"
 points="39.9364 60.4279,
	39.9881 60.3245,
	40.0785 60.2212,
	40.2853 60.1178,
	40.337 60.1049,
	40.3628 60.0791,
	40.4662 60.0661,
	40.5695 60.0791,
	40.6729 60.1695,
	40.6858 60.2729,
	40.647 60.3762,
	40.5566 60.4408,
	40.3499 60.5054,
	40.2465 60.583,
	40.2207 60.6088,
	40.0139 60.5959,
	39.9623 60.57,
	39.9364 60.5184,
	39.9364 60.4667,
	39.9364 60.4408,
	"/>
</Transform>

<Transform dim="0"
 xcoef=" 0 1 0 0 0 0"
 ycoef=" 0 0 1 0 0 0">
<Contour name="TB1_NF22_RSL" hidden="false" closed="true" simplified="true" border="0.501961 0.501961 0" fill="0.501961 0.501961 0" mode="-9"
 points="37.255 59.6216,
	37.3082 59.5608,
	37.3386 59.5379,
	37.4604 59.5151,
	37.5821 59.5151,
	37.6125 59.5455,
	37.6429 59.5608,
	37.7571 59.6673,
	37.8179 59.7129,
	37.9244 59.8346,
	37.9701 59.8955,
	38.0005 59.9564,
	38.0081 60.0172,
	37.9473 60.0705,
	37.9168 60.0857,
	37.6734 60.0477,
	37.5517 59.9944,
	37.4908 59.9716,
	37.3691 59.8879,
	37.2854 59.7662,
	37.2626 59.7053,
	37.255 59.6444,
	37.255 59.6292,
	"/>
</Transform>

<Transform dim="0"
 xcoef=" 0 1 0 0 0 0"
 ycoef=" 0 0 1 0 0 0">
<Contour name="TB1_NF22_RSL" hidden="false" closed="true" simplified="true" border="0.501961 0.501961 0" fill="0.501961 0.501961 0" mode="-9"
 points="38.1951 59.9826,
	38.2399 59.9378,
	38.3293 59.8987,
	38.6873 59.8595,
	38.7767 59.8595,
	38.8215 59.8651,
	38.8662 59.8819,
	38.8886 59.8875,
	38.9333 59.8707,
	39.0228 59.8595,
	39.0675 59.8484,
	39.157 59.8651,
	39.336 59.9714,
	39.5149 60.0665,
	39.5596 60.0888,
	39.582 60.1,
	39.6603 60.1895,
	39.6883 60.2342,
	39.7162 60.3237,
	39.7274 60.4132,
	39.7274 60.4355,
	39.6883 60.4803,
	39.5988 60.5306,
	39.5764 60.5418,
	39.4869 60.5082,
	39.4422 60.4971,
	39.3527 60.4411,
	39.28 60.3517,
	39.1906 60.279,
	39.1458 60.2398,
	39.1234 60.223,
	39.0787 60.2063,
	38.9892 60.2119,
	38.8998 60.2063,
	38.855 60.1951,
	38.6761 60.1951,
	38.5866 60.1839,
	38.5419 60.1839,
	38.3629 60.1448,
	38.2734 60.1224,
	38.2287 60.0888,
	38.2007 60.0441,
	38.1951 59.9994,
	38.1951 59.9882,
	"/>
</Transform>

<Transform dim="0"
 xcoef=" 0 1 0 0 0 0"
 ycoef=" 0 0 1 0 0 0">
<Contour name="TB1_NF22_RSL" hidden="false" closed="true" simplified="true" border="0.502 0.502 0" fill="0.502 0.502 0" mode="-9"
 points="38.9312 63.3623,
	38.9592 63.0639,
	38.9498 62.9893,
	38.9498 62.952,
	38.9685 62.9147,
	39.0058 62.8774,
	39.155 62.8307,
	39.3042 62.8214,
	39.3788 62.8121,
	39.4534 62.7841,
	39.4907 62.7655,
	39.5559 62.7002,
	39.6305 62.6815,
	39.7051 62.6909,
	39.7704 62.7468,
	39.873 62.896,
	39.9196 62.9706,
	39.9569 63.0079,
	40.0315 63.0359,
	40.1807 63.0545,
	40.2553 63.0732,
	40.2926 63.0825,
	40.3113 63.0825,
	40.3392 63.1198,
	40.3299 63.1944,
	40.2833 63.3436,
	40.2926 63.4182,
	40.3019 63.4555,
	40.3392 63.4928,
	40.4138 63.5301,
	40.4511 63.5487,
	40.4978 63.6233,
	40.4791 63.6979,
	40.4698 63.7352,
	40.4511 63.7539,
	40.4511 63.7725,
	40.4325 63.7912,
	40.4418 63.8658,
	40.5817 63.987,
	40.6563 64.0336,
	40.7868 64.1735,
	40.8148 64.2108,
	40.8148 64.2295,
	40.8614 64.3041,
	40.908 64.4533,
	40.908 64.6025,
	40.8801 64.7517,
	40.8335 64.8262,
	40.6936 64.9661,
	40.563 65.0873,
	40.2646 65.3018,
	40.1154 65.4044,
	40.0968 65.4137,
	40.0502 65.3391,
	40.0222 65.3018,
	39.9849 65.1526,
	39.9662 65.1153,
	39.9289 65.078,
	39.8543 65.0407,
	39.7051 65.0221,
	39.6305 64.9941,
	39.5932 64.9848,
	39.4441 64.8729,
	39.3042 64.7423,
	39.2203 64.5931,
	39.1923 64.5558,
	39.1643 64.4812,
	39.1457 64.332,
	39.127 64.2574,
	39.127 64.2201,
	39.0711 64.0709,
	38.9965 63.9217,
	38.9592 63.8471,
	38.9405 63.6979,
	38.9312 63.3996,
	38.9312 63.3716,
	"/>
</Transform>

<Transform dim="0"
 xcoef=" 0 1 0 0 0 0"
 ycoef=" 0 0 1 0 0 0">
<Contour name="TB0_Shell_EM" hidden="false" closed="true" simplified="true" border="0 1 0" fill="0 1 0" mode="9"
 points="10.3795 38.921,
	11.4735 36.4204,
	12.7238 33.9199,
	13.1145 33.2947,
	14.1303 32.0444,
	14.9118 30.7942,
	15.1462 30.4816,
	15.2243 30.3253,
	15.6151 30.3253,
	16.2402 30.716,
	17.4905 31.8882,
	18.1156 32.4351,
	18.7408 32.8259,
	19.3659 33.451,
	19.6785 33.7636,
	19.8348 34.0761,
	20.1473 34.3887,
	20.4599 35.0139,
	21.3195 36.2641,
	21.3976 36.5767,
	22.179 37.827,
	22.3353 38.1396,
	22.4916 38.2959,
	22.4916 38.4521,
	22.726 38.7647,
	22.9605 39.3899,
	23.1168 39.7024,
	23.1168 40.3276,
	23.1168 40.4838,
	22.1009 41.8123,
	21.7883 42.4374,
	21.085 44.938,
	21.0069 46.1883,
	21.2413 48.6888,
	21.3195 49.314,
	21.8665 50.5643,
	22.5698 51.8145,
	23.1168 53.0648,
	23.273 53.3774,
	24.4452 54.6277,
	24.9922 55.2528,
	25.2266 55.5654,
	26.008 58.066,
	26.2425 58.6911,
	26.3987 59.0037,
	26.4769 60.254,
	26.0862 62.7545,
	26.4769 64.0048,
	26.6332 64.3174,
	27.1802 64.9425,
	27.4927 65.2551,
	28.1179 66.5054,
	28.5086 67.7557,
	28.743 68.3808,
	28.8993 68.6934,
	28.743 69.9436,
	28.6649 70.5688,
	27.8835 71.8191,
	27.4927 72.4442,
	26.9457 72.8349,
	25.6955 73.2256,
	24.4452 73.3038,
	24.1326 73.3038,
	22.8823 72.7568,
	22.2572 72.5224,
	19.7566 70.5688,
	17.5686 68.0682,
	16.6309 66.8179,
	13.5833 61.8168,
	12.9582 60.5665,
	12.8019 60.254,
	12.5675 57.7534,
	12.5675 56.5031,
	12.7238 55.2528,
	13.2708 52.7523,
	13.4271 51.502,
	13.4271 50.2517,
	13.1145 47.7511,
	12.8801 46.5008,
	12.8801 46.1883,
	10.7702 41.1871,
	10.3795 39.9368,
	10.3013 39.6243,
	10.3795 38.9991,
	"/>
</Transform>

<Transform dim="0"
 xcoef=" 0 1 0 0 0 0"
 ycoef=" 0 0 1 0 0 0">
<Contour name="TB1_Shell_EM" hidden="false" closed="true" simplified="true" border="0 1 1" fill="0 1 1" mode="15"
 points="17.1914 30.0068,
	17.9728 28.7565,
	19.2231 26.2559,
	20.239 25.0057,
	21.4111 23.7554,
	22.6614 22.8177,
	25.1619 21.5674,
	30.1631 20.239,
	35.1642 19.8482,
	36.4145 20.1608,
	37.0396 20.3171,
	39.5402 22.0362,
	40.1653 22.5832,
	40.4779 22.8958,
	40.5561 24.1461,
	40.7123 24.4587,
	40.7123 24.615,
	41.8063 25.8652,
	42.1189 26.1778,
	42.2752 26.4904,
	42.9003 27.1155,
	43.6818 28.3658,
	43.9943 28.6784,
	45.4791 31.1789,
	46.1823 32.4292,
	46.6512 33.0544,
	47.1982 34.3046,
	47.1982 34.9298,
	47.4326 35.5549,
	48.9955 38.0555,
	49.5425 39.3058,
	49.6988 40.5561,
	49.6988 41.1812,
	49.6988 41.4938,
	50.1676 42.7441,
	50.5583 47.7452,
	50.6365 48.9955,
	50.3239 51.496,
	50.1676 52.7463,
	49.308 55.2469,
	48.0578 57.7475,
	47.2763 58.9977,
	45.4791 61.4983,
	42.9785 63.9207,
	41.7282 64.9366,
	41.4156 65.2492,
	40.1653 65.7962,
	35.1642 67.5153,
	33.9139 67.0464,
	32.6636 66.3432,
	32.3511 66.1869,
	30.3975 63.6863,
	29.3035 62.436,
	28.6784 62.0453,
	28.1314 61.4983,
	27.5062 60.248,
	27.1937 59.6229,
	26.3341 58.3726,
	25.9434 57.7475,
	25.7089 57.4349,
	25.6308 57.2786,
	25.7871 57.1223,
	26.2559 57.7475,
	26.3341 57.5912,
	25.0057 55.0906,
	23.4428 52.59,
	22.8177 51.3398,
	21.9581 48.8392,
	21.8018 48.214,
	21.7237 45.7135,
	22.2707 43.2129,
	22.8958 41.9626,
	23.2084 41.3375,
	23.4428 41.0249,
	23.3647 40.3998,
	23.2865 40.0872,
	23.0521 39.7746,
	22.1144 37.2741,
	21.2548 36.0238,
	20.9422 35.3986,
	20.8641 34.7735,
	20.5515 34.1484,
	18.051 31.8822,
	17.3477 30.6319,
	17.1914 30.3194,
	17.1914 30.0849,
	"/>
</Transform>

<Transform dim="0"
 xcoef=" 0 1 0 0 0 0"
 ycoef=" 0 0 1 0 0 0">
<Contour name="TB1_NF55_RSL" hidden="false" closed="true" simplified="true" border="0.501961 0 0" fill="0.501961 0 0" mode="-9"
 points="34.6992 28.3665,
	34.7282 28.2892,
	34.7331 28.2699,
	34.7959 28.1974,
	34.8733 28.1538,
	34.9119 28.1442,
	34.9506 28.1442,
	34.9893 28.1587,
	35.0086 28.1732,
	35.0231 28.2505,
	35.0521 28.3279,
	35.0666 28.3665,
	35.0715 28.4052,
	35.0569 28.4826,
	35.0424 28.5212,
	35.0279 28.5406,
	35.0183 28.5357,
	34.9409 28.5986,
	34.9023 28.6324,
	34.8926 28.6421,
	34.8829 28.6421,
	34.8442 28.6131,
	34.8056 28.5937,
	34.7669 28.5647,
	34.7379 28.5309,
	34.7089 28.4536,
	34.6992 28.3762,
	34.6992 28.3714,
	"/>
</Transform>

<Transform dim="0"
 xcoef=" 0 1 0 0 0 0"
 ycoef=" 0 0 1 0 0 0">
<Contour name="TB1_NF55_RSL" hidden="false" closed="true" simplified="true" border="0.501961 0 0" fill="0.501961 0 0" mode="-9"
 points="34.6896 27.5786,
	34.7089 27.5399,
	34.7186 27.5206,
	34.7814 27.4577,
	34.7814 27.4481,
	34.8249 27.3756,
	34.8442 27.2982,
	34.8733 27.2644,
	34.8926 27.2499,
	34.9699 27.2257,
	35.1246 27.2354,
	35.1633 27.245,
	35.202 27.2789,
	35.2793 27.3224,
	35.3035 27.3562,
	35.318 27.3949,
	35.3277 27.4722,
	35.318 27.5496,
	35.2648 27.7043,
	35.2406 27.7816,
	35.231 27.8203,
	35.2165 27.8396,
	35.1971 27.8493,
	35.1198 27.8493,
	35.0424 27.8396,
	35.0231 27.8396,
	35.0038 27.83,
	34.9989 27.7913,
	34.9893 27.7816,
	34.9893 27.7623,
	34.9699 27.7526,
	34.8152 27.7284,
	34.7766 27.7236,
	34.7379 27.6994,
	34.7041 27.6656,
	34.6896 27.5883,
	34.6896 27.5834,
	"/>
</Transform>

<Transform dim="0"
 xcoef=" 0 1 0 0 0 0"
 ycoef=" 0 0 1 0 0 0">
<Contour name="TB1_NF55_RSL" hidden="false" closed="true" simplified="true" border="0.502 0 0" fill="0.502 0 0" mode="-9"
 points="42.1076 32.3669,
	42.1383 32.0402,
	42.2097 31.7135,
	42.2302 31.6318,
	42.2302 31.5501,
	42.2506 31.4684,
	42.2608 31.305,
	42.2608 31.2234,
	42.2812 31.1825,
	42.2812 31.1621,
	42.3016 31.1417,
	42.3833 31.1417,
	42.4037 31.1417,
	42.4548 31.2234,
	42.5569 31.5501,
	42.5977 31.7135,
	42.6181 31.7543,
	42.7509 32.4078,
	42.7815 32.5711,
	42.7917 32.6528,
	42.7611 32.8162,
	42.7611 32.9795,
	42.7611 33.0204,
	42.8121 33.1838,
	42.9551 33.5105,
	42.9857 33.6739,
	42.9755 33.7555,
	42.8734 34.0823,
	42.8224 34.2456,
	42.7917 34.2865,
	42.7713 34.2967,
	42.6896 34.2558,
	42.6488 34.2354,
	42.6181 34.1946,
	42.5977 34.1742,
	42.5977 34.1537,
	42.5671 34.1129,
	42.5671 34.0925,
	42.5467 34.0721,
	42.5263 33.9904,
	42.5058 33.9495,
	42.5058 33.9291,
	42.4854 33.9087,
	42.3425 33.582,
	42.3118 33.5411,
	42.1791 33.2144,
	42.1178 33.051,
	42.1076 32.3976,
	42.1076 32.3771,
	"/>
</Transform>

<Transform dim="0"
 xcoef=" 0 1 0 0 0 0"
 ycoef=" 0 0 1 0 0 0">
<Contour name="TB1_AP13_RSL_LYS" hidden="false" closed="true" simplified="true" border="0 0 0" fill="1 1 0" mode="-9"
 points="41.1866 49.5641,
	41.2235 49.5149,
	41.2481 49.4903,
	41.3465 49.4657,
	41.3711 49.4657,
	41.3957 49.4411,
	41.4941 49.4534,
	41.5802 49.5149,
	41.6048 49.5149,
	41.654 49.5641,
	41.6786 49.6133,
	41.6909 49.6379,
	41.4941 49.8348,
	41.4695 49.8594,
	41.3711 49.8717,
	41.3219 49.8717,
	41.2358 49.7856,
	41.1989 49.7486,
	41.1866 49.6502,
	41.1866 49.601,
	41.1866 49.5764,
	"/>
<Contour name="TB1_AP13_RSL_LYS" hidden="false" closed="true" simplified="true" border="0 0 0" fill="1 1 0" mode="-9"
 points="41.7032 49.7363,
	41.8632 49.5518,
	41.9616 49.5395,
	42.06 49.6256,
	42.1338 49.6994,
	42.0969 49.7979,
	42.0354 49.8963,
	41.937 49.9455,
	41.8386 49.9332,
	41.7894 49.9086,
	41.7401 49.8594,
	41.7032 49.761,
	41.7032 49.7486,
	"/>
<Contour name="TB1_AP13_RSL_LYS" hidden="false" closed="true" simplified="true" border="0 0 0" fill="1 1 0" mode="-9"
 points="42.2322 49.8717,
	42.2691 49.8225,
	42.3183 49.7979,
	42.5152 49.8348,
	42.5644 49.8348,
	42.6505 49.8963,
	42.6751 49.9209,
	42.4783 50.0931,
	42.2814 50.0931,
	42.2445 50.0439,
	42.2322 49.9455,
	42.2322 49.8963,
	42.2322 49.884,
	"/>
<Contour name="TB1_AP13_RSL_LYS" hidden="false" closed="true" simplified="true" border="0 0 0" fill="1 1 0" mode="-9"
 points="44.5204 54.0297,
	44.5819 53.8329,
	44.6065 53.7344,
	44.668 53.636,
	44.7541 53.5376,
	44.8033 53.513,
	44.9017 53.5376,
	44.9263 53.5622,
	45.0247 53.5868,
	45.0739 53.5991,
	45.1109 53.636,
	45.1232 53.8329,
	45.1232 53.9313,
	45.0739 54.0297,
	45.0247 54.0789,
	44.8279 54.1896,
	44.7295 54.2388,
	44.6311 54.2511,
	44.545 54.1773,
	44.5204 54.1281,
	44.5204 54.042,
	"/>
<Contour name="TB1_AP13_RSL_LYS" hidden="false" closed="true" simplified="true" border="0 0 0" fill="1 1 0" mode="-9"
 points="44.8156 54.8416,
	44.9017 54.7432,
	44.9509 54.7186,
	45.0001 54.7186,
	45.0247 54.7309,
	45.0493 54.8293,
	45.0616 54.8785,
	45.0247 54.9769,
	44.9386 55.0138,
	44.8894 55.0015,
	44.8402 54.9523,
	44.8156 54.9277,
	44.8156 54.8785,
	44.8156 54.8539,
	"/>
<Contour name="TB1_AP13_RSL_LYS" hidden="false" closed="true" simplified="true" border="0 0 0" fill="1 1 0" mode="-9"
 points="43.9299 55.7889,
	43.9422 55.7396,
	44.0406 55.6535,
	44.0652 55.6289,
	44.1636 55.6166,
	44.2128 55.6166,
	44.262 55.6658,
	44.2989 55.7642,
	44.3112 55.8627,
	44.2497 55.9488,
	44.1513 55.9734,
	44.1021 55.9611,
	44.0775 55.9734,
	44.0283 55.9365,
	44.0037 55.9119,
	43.9791 55.9119,
	43.9422 55.8627,
	43.9299 55.8135,
	43.9299 55.8012,
	"/>
<Contour name="TB1_AP13_RSL_LYS" hidden="false" closed="true" simplified="true" border="0 0 0" fill="1 1 0" mode="-9"
 points="42.0846 58.4091,
	42.1584 58.3107,
	42.2568 58.2492,
	42.306 58.2246,
	42.5029 58.2369,
	42.6013 58.2615,
	42.6382 58.2984,
	42.6505 58.3476,
	42.6505 58.3722,
	42.6751 58.3845,
	42.5767 58.4707,
	42.4168 58.6675,
	42.3675 58.6798,
	42.2691 58.5937,
	42.1707 58.5568,
	42.1215 58.5445,
	42.0969 58.5322,
	42.0846 58.4337,
	42.0846 58.4214,
	"/>
<Contour name="TB1_AP13_RSL_LYS" hidden="false" closed="true" simplified="true" border="0 0 0" fill="1 1 0" mode="-9"
 points="41.8017 55.8381,
	41.8509 55.7396,
	41.8632 55.6412,
	41.8878 55.592,
	41.9862 55.5182,
	42.183 55.4567,
	42.2076 55.4813,
	42.2322 55.4813,
	42.2814 55.5182,
	42.3798 55.5551,
	42.4537 55.6535,
	42.4906 55.7027,
	42.5152 55.7273,
	42.5152 55.7519,
	42.5521 55.8012,
	42.5767 55.8996,
	42.5029 56.0964,
	42.4414 56.1825,
	42.3429 56.2071,
	42.1461 56.3055,
	41.9493 56.2194,
	41.9001 56.1825,
	41.8755 56.1825,
	41.8263 56.1333,
	41.8017 56.0349,
	41.8017 55.8504,
	"/>
<Contour name="TB1_AP13_RSL_LYS" hidden="false" closed="true" simplified="true" border="0 0 0" fill="1 1 0" mode="-9"
 points="41.2358 55.8996,
	41.2973 55.8012,
	41.3219 55.7519,
	41.3711 55.7027,
	41.408 55.6166,
	41.4203 55.592,
	41.531 55.7889,
	41.5802 55.8873,
	41.6048 55.9365,
	41.6171 55.9488,
	41.531 56.0472,
	41.4818 56.0718,
	41.285 56.0718,
	41.2481 56.0226,
	41.2358 55.9242,
	41.2358 55.9119,
	"/>
<Contour name="TB1_AP13_RSL_LYS" hidden="false" closed="true" simplified="true" border="0 0 0" fill="1 1 0" mode="-9"
 points="40.9897 53.4761,
	41.0389 53.2793,
	41.0512 53.2301,
	41.1005 53.1809,
	41.1497 53.1686,
	41.2481 53.1809,
	41.2973 53.1932,
	41.3957 53.1809,
	41.4941 53.1932,
	41.5925 53.2793,
	41.654 53.4761,
	41.6786 53.8698,
	41.654 53.919,
	41.6417 53.8698,
	41.6417 53.8452,
	41.5433 53.7714,
	41.5187 53.7467,
	41.4326 53.8452,
	41.3834 53.8821,
	41.1866 53.8944,
	41.1374 53.8944,
	41.0512 53.8206,
	41.0143 53.7221,
	40.9897 53.5253,
	40.9897 53.4884,
	"/>
<Contour name="TB1_AP13_RSL_LYS" hidden="false" closed="true" simplified="true" border="0 0 0" fill="1 1 0" mode="-9"
 points="41.2112 52.6273,
	41.2481 52.5289,
	41.2481 52.5043,
	41.3342 52.4058,
	41.4203 52.332,
	41.4695 52.3074,
	41.6663 52.332,
	41.7648 52.3443,
	41.814 52.3812,
	41.8263 52.4058,
	41.8509 52.4058,
	41.9493 52.5043,
	41.9985 52.5289,
	42.0231 52.5412,
	41.937 52.738,
	41.9124 52.8364,
	41.9124 52.9348,
	41.8509 53.0332,
	41.7525 53.1194,
	41.5556 53.0948,
	41.3588 53.0332,
	41.2604 52.9717,
	41.2235 52.9348,
	41.2112 52.738,
	41.2112 52.6396,
	"/>
<Contour name="TB1_AP13_RSL_LYS" hidden="false" closed="true" simplified="true" border="0 0 0" fill="1 1 0" mode="-9"
 points="39.3905 54.7432,
	39.4151 54.694,
	39.4274 54.6817,
	39.5135 54.7555,
	39.5258 54.7801,
	39.5012 54.8047,
	39.4766 54.8047,
	39.452 54.7801,
	39.4274 54.7924,
	39.3905 54.7555,
	"/>
</Transform>

</Section>