<?xml version="1.0"?>
<!DOCTYPE Section SYSTEM "section.dtd">

<Section index="603" thickness="0.085" alignLocked="true">
<Transform dim="0"
 xcoef=" 0 1 0 0 0 0"
 ycoef=" 0 0 1 0 0 0">
<Image mag="0.0079" contrast="1" brightness="0" red="true" green="true" blue="true"
 src="Aligned TF21603.tif" />
<Contour name="domain1" hidden="false" closed="true" simplified="false" border="1 0 1" fill="1 0 1" mode="11"
 points="0 0,
	15991 0,
	15991 12171,
	0 12171,
	"/>
</Transform>

<Transform dim="0"
 xcoef=" 0 1 0 0 0 0"
 ycoef=" 0 0 1 0 0 0">
<Contour name="TB2_Shell_EM" hidden="false" closed="true" simplified="true" border="0.733333 1 1" fill="0 1 1" mode="9"
 points="65.7665 52.3812,
	66.2127 50.9534,
	67.0158 49.5257,
	67.3727 49.1687,
	67.7297 49.0795,
	68.0866 49.1687,
	68.7113 49.7934,
	69.1575 51.2211,
	68.979 52.6489,
	68.8005 53.3628,
	68.979 53.452,
	68.4436 54.8798,
	68.4436 55.0583,
	67.8189 55.7721,
	67.462 55.8614,
	67.2835 55.8614,
	66.6589 55.1475,
	66.2127 54.4336,
	65.7665 53.0058,
	65.7665 52.6489,
	65.7665 52.4704,
	"/>
<Contour name="TB2_Shell_EM" hidden="false" closed="true" simplified="true" border="0.733333 1 1" fill="0 1 1" mode="9"
 points="64.9634 44.0823,
	65.4096 43.3684,
	65.7665 43.0115,
	67.1943 42.5653,
	67.5512 42.5653,
	67.9082 42.7438,
	68.1759 43.4577,
	68.2651 44.1715,
	67.8189 45.5993,
	67.3727 46.3132,
	67.105 46.6701,
	67.0158 47.0271,
	67.105 47.384,
	67.105 47.5625,
	66.7481 47.9194,
	66.3912 48.0087,
	65.6773 47.741,
	65.4096 47.384,
	65.1419 46.6701,
	64.9634 45.2424,
	64.9634 44.5285,
	64.9634 44.1715,
	"/>
<Contour name="TB2_Shell_EM" hidden="false" closed="true" simplified="true" border="0.733333 1 1" fill="0 1 1" mode="9"
 points="66.9266 32.5709,
	67.0158 31.857,
	67.1943 31.5001,
	67.1943 31.1432,
	68.0866 29.7154,
	68.8005 29.0015,
	69.5144 28.5553,
	70.2283 28.4661,
	70.5852 28.5553,
	72.013 29.5369,
	72.6376 30.1616,
	72.9946 30.5185,
	73.2623 31.2324,
	73.173 32.6602,
	72.8161 34.0879,
	71.7453 36.9435,
	71.1206 38.3712,
	70.6745 39.0851,
	70.5852 39.4421,
	70.4067 39.6205,
	69.1575 36.765,
	68.1759 35.4265,
	67.6405 34.7126,
	67.2835 33.9987,
	66.9266 32.6602,
	"/>
</Transform>

<Transform dim="0"
 xcoef=" 0 1 0 0 0 0"
 ycoef=" 0 0 1 0 0 0">
<Contour name="TB3_Nuc48_EM" hidden="false" closed="true" simplified="true" border="1 0 0" fill="1 0 0" mode="9"
 points="106.21 58.5348,
	106.273 58.4102,
	106.273 58.379,
	106.319 58.3167,
	106.491 57.8181,
	106.662 57.5689,
	106.896 57.3352,
	107.02 57.2261,
	107.083 57.1794,
	107.114 57.1794,
	107.145 57.1482,
	107.176 57.1482,
	107.301 57.0703,
	107.55 56.9924,
	107.799 56.9768,
	107.862 57.008,
	107.924 57.0703,
	107.971 57.1949,
	107.986 57.4442,
	107.955 57.5689,
	107.784 57.8181,
	107.706 58.0674,
	107.519 58.3167,
	107.488 58.379,
	107.426 58.4414,
	107.394 58.4881,
	107.332 58.5504,
	107.27 58.5816,
	107.207 58.5816,
	107.098 58.4725,
	107.036 58.3479,
	107.02 58.2232,
	107.005 58.1609,
	107.02 57.9116,
	107.005 57.8493,
	106.989 57.8181,
	106.88 57.9428,
	106.849 58.0051,
	106.833 58.1298,
	106.833 58.1921,
	106.896 58.3167,
	106.927 58.379,
	106.927 58.5037,
	106.911 58.566,
	106.865 58.6283,
	106.74 58.6751,
	106.615 58.6751,
	106.506 58.753,
	106.444 58.8153,
	106.382 58.8153,
	106.35 58.8153,
	106.241 58.7062,
	106.21 58.6439,
	106.21 58.5816,
	106.21 58.5504,
	"/>
<Contour name="TB3_Nuc48_EM" hidden="false" closed="true" simplified="true" border="1 0 0" fill="1 0 0" mode="9"
 points="97.6256 66.6365,
	97.7191 66.3873,
	97.8904 66.138,
	97.9528 66.0133,
	97.9528 65.8887,
	97.906 65.7641,
	97.8904 65.6394,
	97.9372 65.3901,
	98.0151 65.1408,
	98.0151 65.1097,
	98.1865 64.8604,
	98.4046 64.6267,
	98.4825 64.5021,
	98.5292 64.3774,
	98.5448 64.2528,
	98.5292 64.1905,
	98.5604 63.9412,
	98.6539 63.6919,
	98.685 63.5672,
	98.7474 63.4426,
	98.9343 63.1933,
	98.9966 63.131,
	99.2459 62.9908,
	99.3082 62.9596,
	99.3394 62.9596,
	99.4017 62.9129,
	99.5264 62.8817,
	99.6354 62.8194,
	99.7601 62.7259,
	99.8691 62.6013,
	99.9003 62.5701,
	99.9003 62.539,
	100.009 62.4143,
	100.259 62.2897,
	100.508 62.2429,
	100.633 62.2585,
	100.757 62.3052,
	100.882 62.3987,
	100.944 62.5234,
	101.006 62.7727,
	101.069 62.8038,
	101.1 62.8194,
	101.1 62.8817,
	101.178 63.0064,
	101.209 63.0687,
	101.209 63.1933,
	101.147 63.4426,
	101.162 63.5672,
	101.24 63.8165,
	101.256 64.0658,
	101.178 64.3151,
	101.193 64.5644,
	101.209 64.689,
	101.162 64.9383,
	101.147 65.1876,
	101.1 65.3122,
	101.022 65.4369,
	101.006 65.4992,
	100.975 65.5303,
	100.975 65.5615,
	100.617 66.0445,
	100.523 66.1691,
	100.305 66.3717,
	99.947 66.8702,
	99.9159 66.9014,
	99.9159 66.9326,
	99.8068 67.0572,
	99.7445 67.1195,
	99.7133 67.1819,
	99.5887 67.2909,
	99.3394 67.4311,
	98.8408 67.6181,
	98.5915 67.7427,
	98.3423 67.7895,
	98.2176 67.8051,
	98.093 67.7583,
	97.9839 67.6648,
	97.9216 67.5402,
	97.7502 67.2909,
	97.6723 67.1663,
	97.6256 67.0416,
	97.6256 66.7923,
	97.6256 66.6677,
	97.6256 66.6521,
	"/>
</Transform>

<Transform dim="0"
 xcoef=" 0 1 0 0 0 0"
 ycoef=" 0 0 1 0 0 0">
<Contour name="TB3_Nuc50_EM" hidden="false" closed="true" simplified="true" border="0 1 1" fill="0 1 1" mode="9"
 points="83.797 62.2987,
	83.9318 61.6823,
	83.9896 61.5282,
	84.2978 61.2585,
	84.6061 61.0851,
	84.7602 60.9888,
	85.0684 60.6998,
	85.2225 60.6228,
	85.3766 60.5843,
	85.4537 60.5457,
	85.7619 60.5457,
	86.3783 60.4109,
	86.4554 60.3916,
	86.7636 60.4687,
	87.0718 60.6035,
	87.2259 60.6613,
	88.4588 61.5474,
	88.6514 61.8557,
	88.9211 62.4721,
	89.1523 63.0885,
	89.2679 63.3967,
	89.3642 63.5509,
	89.4798 63.8591,
	89.5568 64.0132,
	89.5568 64.0517,
	89.6146 64.1288,
	89.7302 64.437,
	89.7495 65.0534,
	89.6917 65.6699,
	89.6339 65.9781,
	89.422 66.5945,
	89.2486 66.9027,
	89.2486 66.9413,
	88.9789 67.2495,
	88.8248 67.3265,
	88.7863 67.3265,
	88.7092 67.4036,
	88.401 67.4806,
	88.3239 67.4999,
	88.0157 67.7118,
	87.7075 67.8467,
	87.3993 67.943,
	87.2452 67.9622,
	86.6287 67.9044,
	86.3205 67.9044,
	86.1664 67.8659,
	86.0123 67.7889,
	85.8582 67.6733,
	85.55 67.3651,
	85.4537 67.211,
	85.2995 67.0568,
	84.9913 66.8064,
	84.6831 66.5175,
	84.4712 66.2092,
	84.3556 65.5928,
	84.2786 65.2846,
	84.163 64.9764,
	83.9511 64.6682,
	83.8548 64.514,
	83.797 64.2058,
	83.797 63.5894,
	83.8355 63.2812,
	83.8162 62.6647,
	83.797 62.3565,
	83.797 62.318,
	"/>
</Transform>

<Transform dim="0"
 xcoef=" 0 1 0 0 0 0"
 ycoef=" 0 0 1 0 0 0">
<Contour name="TB3_Nuc51_EM" hidden="false" closed="true" simplified="true" border="0 1 1" fill="0 1 1" mode="9"
 points="90.1196 59.3732,
	90.3145 58.5936,
	90.3876 58.3987,
	90.412 58.3012,
	90.68 57.9114,
	90.8993 57.5216,
	91.0211 57.3267,
	91.4109 56.9613,
	91.6058 56.8151,
	91.8007 56.7176,
	91.8981 56.6689,
	92.0931 56.6689,
	92.288 56.6202,
	92.3854 56.5958,
	92.4341 56.5714,
	92.629 56.6689,
	92.7265 56.7664,
	92.7265 56.8151,
	92.8239 56.9125,
	92.8727 56.9369,
	92.9701 56.8882,
	93.165 56.9369,
	93.5548 57.1562,
	93.7498 57.278,
	93.9447 57.4485,
	94.0421 57.4729,
	94.237 57.4485,
	94.4319 57.546,
	94.5294 57.6434,
	94.6268 57.6678,
	94.6756 57.6434,
	94.773 57.6922,
	94.8461 57.7896,
	94.9435 57.8383,
	95.041 57.9358,
	95.0897 58.0332,
	95.0897 58.2281,
	95.1141 58.3256,
	95.2846 58.5205,
	95.3334 58.5205,
	95.5283 58.7154,
	95.6988 59.1052,
	95.7232 59.2027,
	95.577 59.5925,
	95.3821 59.9823,
	95.2846 60.1772,
	95.0166 60.567,
	94.6025 61.3466,
	94.237 61.7365,
	94.0421 61.9314,
	93.6523 62.1506,
	93.4574 62.2481,
	93.0676 62.3455,
	92.6778 62.4917,
	92.4829 62.5161,
	92.0931 62.4186,
	91.8981 62.3943,
	91.5083 62.1994,
	91.3134 62.175,
	91.216 62.1506,
	90.8749 61.7608,
	90.7043 61.5659,
	90.6069 61.4685,
	90.412 61.0786,
	90.1927 60.299,
	90.1196 60.1041,
	90.1196 59.7143,
	90.1196 59.5194,
	90.1196 59.4219,
	90.1196 59.3976,
	"/>
</Transform>

<Transform dim="0"
 xcoef=" 0 1 0 0 0 0"
 ycoef=" 0 0 1 0 0 0">
<Contour name="TB3_Nuc52_EM" hidden="false" closed="true" simplified="true" border="0 1 0" fill="0 1 0" mode="9"
 points="82.7132 57.6495,
	82.8959 56.675,
	82.9264 56.4314,
	83.0482 56.1877,
	83.17 56.0659,
	83.2918 56.0355,
	83.4441 56.5227,
	83.4746 56.6445,
	83.5659 56.7359,
	83.6573 56.6141,
	83.5659 56.1268,
	83.5659 55.8832,
	83.6268 55.6396,
	83.7791 55.3959,
	83.8095 55.2741,
	84.0227 55.0609,
	84.2664 55,
	84.3882 54.9696,
	84.845 54.5432,
	84.9668 54.4518,
	85.2104 54.3909,
	85.3323 54.33,
	85.5759 54.0864,
	85.6368 54.0559,
	85.7282 54.1473,
	85.6368 54.6346,
	85.4236 55.1218,
	85.3323 55.3655,
	85.3018 55.6091,
	85.2713 55.7309,
	85.3323 56.7054,
	86.0022 57.6495,
	86.1241 57.8932,
	86.3372 58.0759,
	86.5809 58.1977,
	86.8245 58.2281,
	86.855 58.1672,
	86.7331 57.9236,
	86.4895 57.7409,
	86.3677 57.68,
	86.3372 57.5582,
	86.4286 57.4363,
	86.3981 57.1927,
	86.185 57.0404,
	85.9413 56.9795,
	85.8195 56.9491,
	85.6063 56.7359,
	85.4541 56.2486,
	85.4236 55.7614,
	85.4541 55.5177,
	85.5454 55.2741,
	85.7282 55.0609,
	85.9718 54.9087,
	86.0327 54.8477,
	86.52 54.7868,
	86.7636 54.7259,
	87.0072 54.6041,
	87.129 54.5432,
	87.1899 54.5432,
	87.2509 54.4823,
	87.4945 54.4823,
	87.7381 54.5737,
	88.1949 54.9696,
	88.4386 55,
	89.4131 54.8782,
	89.4435 54.8477,
	89.5654 54.9087,
	89.6263 54.9696,
	89.6872 54.9696,
	89.7785 55.0914,
	89.7785 55.335,
	89.7176 55.5786,
	89.5958 55.8223,
	89.5045 55.9441,
	89.474 56.1877,
	89.5045 56.4314,
	89.1695 56.9186,
	89.0781 57.1623,
	89.1695 57.6495,
	89.1999 57.8932,
	89.0476 58.3804,
	89.0172 58.624,
	88.8649 59.1113,
	88.6517 59.5986,
	88.6213 59.7204,
	88.5908 59.7508,
	88.6213 59.7813,
	88.5299 59.9031,
	88.4995 59.8422,
	87.5249 59.9336,
	87.2813 59.9031,
	87.1595 59.8727,
	87.0377 59.7813,
	86.5504 59.7508,
	86.0631 59.6595,
	85.8195 59.5072,
	85.6368 59.294,
	85.6368 59.1722,
	85.6977 59.0504,
	85.7586 58.9895,
	86.2459 58.959,
	86.4895 58.8981,
	86.5809 58.8677,
	86.4895 58.8068,
	86.0022 58.7154,
	85.8804 58.6545,
	85.8195 58.624,
	85.6977 58.685,
	85.6368 58.685,
	85.515 58.9286,
	85.515 59.0504,
	85.4541 59.1418,
	85.3323 59.2331,
	85.2104 59.2331,
	85.0886 59.1722,
	84.845 59.1418,
	84.6014 59.2636,
	84.1141 59.2027,
	83.6268 59.02,
	83.3832 58.9286,
	83.1396 58.7763,
	82.8046 58.3195,
	82.7132 58.0759,
	82.7132 57.8322,
	82.7132 57.7104,
	82.7132 57.68,
	"/>
</Transform>

<Transform dim="0"
 xcoef=" 0 1 0 0 0 0"
 ycoef=" 0 0 1 0 0 0">
<Contour name="TB1_Shell_EM" hidden="false" closed="true" simplified="true" border="0 1 1" fill="0 1 1" mode="9"
 points="32.0385 51.5742,
	32.7418 50.3239,
	33.3669 49.7769,
	34.3828 48.5266,
	34.4609 47.9015,
	34.3828 47.2763,
	34.4609 46.6512,
	34.3046 45.4009,
	34.3828 45.0883,
	34.8516 44.4632,
	37.3522 42.7441,
	37.9774 42.3533,
	39.2276 41.9626,
	40.4779 41.7282,
	41.1031 41.5719,
	41.4156 41.4156,
	42.6659 41.4938,
	43.2911 41.7282,
	43.6818 42.2752,
	44.6976 43.5255,
	45.0883 44.1506,
	45.2446 44.4632,
	45.3228 45.0883,
	45.4009 45.4009,
	45.3228 47.9015,
	45.3228 48.5266,
	45.1665 49.1518,
	44.8539 49.7769,
	44.6976 50.0895,
	44.1506 50.7146,
	43.9943 50.8709,
	43.8381 52.1212,
	43.6818 52.7463,
	43.2911 53.3715,
	43.0566 53.9966,
	43.0566 54.6217,
	42.7441 54.9343,
	42.5878 55.5595,
	40.6342 58.06,
	40.0872 58.6852,
	39.9309 58.8415,
	39.6183 58.9196,
	38.4462 60.0917,
	37.8211 60.6387,
	37.1959 60.7169,
	35.9456 60.4824,
	34.6954 60.0136,
	33.4451 59.2322,
	33.2106 58.9196,
	33.0544 58.7633,
	33.0544 58.607,
	32.5855 57.9819,
	32.5074 57.3567,
	32.9762 56.1065,
	33.1325 55.4813,
	33.1325 54.8562,
	32.1166 52.3556,
	32.0385 51.7305,
	32.0385 51.6523,
	"/>
</Transform>

</Section>