<?xml version="1.0"?>
<!DOCTYPE Section SYSTEM "section.dtd">

<Section index="317" thickness="0.08" alignLocked="true">
<Transform dim="0"
 xcoef=" 0 1 0 0 0 0"
 ycoef=" 0 0 1 0 0 0">
<Image mag="0.00749" contrast="1" brightness="0" red="true" green="true" blue="true"
 src="Alg_stitch3-4_317.tif" />
<Contour name="domain1" hidden="false" closed="true" simplified="false" border="1 0 1" fill="1 0 1" mode="11"
 points="0 0,
	15652 0,
	15652 8578,
	0 8578,
	"/>
</Transform>

<Transform dim="0"
 xcoef=" 0 1 0 0 0 0"
 ycoef=" 0 0 1 0 0 0">
<Contour name="TB3_NF01-PG_RSL" hidden="false" closed="true" simplified="true" border="1 1 0" fill="1 1 0" mode="-9"
 points="16.92 9.89,
	16.99 9.81,
	17.06 9.76,
	17.1 9.74,
	17.18 9.74,
	17.34 9.78,
	17.42 9.8,
	17.58 9.8,
	17.66 9.81,
	17.74 9.87,
	17.87 10.03,
	17.95 10.08,
	18.06 10.23,
	18.08 10.39,
	18.09 10.47,
	18.01 10.5,
	17.85 10.5,
	17.77 10.49,
	17.69 10.46,
	17.53 10.47,
	17.37 10.43,
	17.29 10.42,
	17.13 10.35,
	17.05 10.28,
	16.99 10.2,
	16.94 10.04,
	16.92 9.96,
	16.92 9.92,
	16.92 9.9,
	"/>
</Transform>

<Transform dim="0"
 xcoef=" 0 1 0 0 0 0"
 ycoef=" 0 0 1 0 0 0">
<Contour name="TB3_NF01-PG_RSL" hidden="false" closed="true" simplified="true" border="1 1 0" fill="1 1 0" mode="-9"
 points="53.74 15.08,
	53.78 15.05,
	53.94 15,
	54.1 14.92,
	54.26 14.86,
	54.34 14.81,
	54.42 14.79,
	54.46 14.79,
	54.48 14.79,
	54.53 14.87,
	54.54 15.03,
	54.51 15.11,
	54.5 15.19,
	54.49 15.23,
	54.45 15.26,
	54.29 15.29,
	54.13 15.29,
	53.97 15.26,
	53.81 15.17,
	53.74 15.11,
	53.74 15.09,
	"/>
<Contour name="TB3_NF01-PG_RSL" hidden="false" closed="true" simplified="true" border="1 1 0" fill="1 1 0" mode="-9"
 points="41.41 14.54,
	41.45 14.46,
	41.6 14.36,
	41.76 14.29,
	41.92 14.28,
	42.08 14.29,
	42.24 14.33,
	42.4 14.42,
	42.55 14.56,
	42.63 14.64,
	42.76 14.78,
	42.91 14.93,
	42.96 15.01,
	42.99 15.17,
	42.98 15.49,
	42.97 15.57,
	42.84 15.72,
	42.8 15.76,
	42.48 15.88,
	42.32 15.93,
	42.24 15.93,
	42.22 15.93,
	42.21 15.91,
	42.22 15.9,
	42.06 15.87,
	41.9 15.8,
	41.59 15.55,
	41.52 15.47,
	41.53 15.31,
	41.55 15.23,
	41.62 15.07,
	41.65 14.99,
	41.63 14.95,
	41.47 14.85,
	41.44 14.81,
	41.41 14.65,
	41.41 14.57,
	41.41 14.55,
	"/>
</Transform>

<Transform dim="0"
 xcoef=" 0 1 0 0 0 0"
 ycoef=" 0 0 1 0 0 0">
<Contour name="TB3_NF01-PG_RSL" hidden="false" closed="true" simplified="true" border="1 1 0" fill="1 1 0" mode="-9"
 points="60.25 12.61,
	60.3 12.53,
	60.38 12.47,
	60.46 12.43,
	60.54 12.42,
	60.58 12.42,
	60.6 12.42,
	60.62 12.44,
	60.63 12.6,
	60.59 12.68,
	60.53 12.76,
	60.45 12.79,
	60.37 12.8,
	60.29 12.78,
	60.26 12.74,
	60.25 12.66,
	60.25 12.62,
	"/>
</Transform>

<Transform dim="0"
 xcoef=" 0 1 0 0 0 0"
 ycoef=" 0 0 1 0 0 0">
<Contour name="TB3_NF01-PG_RSL" hidden="false" closed="true" simplified="true" border="1 1 0" fill="1 1 0" mode="-9"
 points="65.34 11.39,
	65.35 11.31,
	65.35 11.27,
	65.35 11.25,
	65.41 11.17,
	65.43 11.13,
	65.47 11.11,
	65.63 11.11,
	65.71 11.14,
	65.77 11.22,
	65.79 11.26,
	65.8 11.42,
	65.75 11.5,
	65.72 11.54,
	65.7 11.55,
	65.67 11.53,
	65.63 11.55,
	65.59 11.59,
	65.57 11.61,
	65.49 11.6,
	65.41 11.56,
	65.37 11.52,
	65.34 11.44,
	65.34 11.4,
	"/>
</Transform>

<Transform dim="0"
 xcoef=" 0 1 0 0 0 0"
 ycoef=" 0 0 1 0 0 0">
<Contour name="TB3_NF01-PG_RSL" hidden="false" closed="true" simplified="true" border="1 1 0" fill="1 1 0" mode="-9"
 points="68.8444 15.1444,
	68.9222 15.0778,
	69.1 15.0889,
	69.1222 15.1111,
	69.2111 15.1333,
	69.2889 15.2222,
	69.3889 15.3889,
	69.4444 15.4778,
	69.6 15.6444,
	69.6 15.7333,
	69.5556 15.7778,
	69.4667 15.7889,
	69.3778 15.7778,
	69.2 15.6667,
	69.0222 15.6222,
	68.9778 15.6111,
	68.9556 15.6111,
	68.9 15.5222,
	68.8444 15.3444,
	68.8444 15.1667,
	68.8444 15.1556,
	"/>
</Transform>

<Transform dim="0"
 xcoef=" 0 1 0 0 0 0"
 ycoef=" 0 0 1 0 0 0">
<Contour name="TB3_NF01-PG_RSL" hidden="false" closed="true" simplified="true" border="1 1 0" fill="1 1 0" mode="-9"
 points="76.6999 12.2444,
	76.7333 12.1555,
	76.7888 12.0667,
	76.8666 11.9778,
	76.8666 11.9555,
	76.9444 11.8667,
	76.9666 11.8444,
	77.1444 11.8222,
	77.2333 11.8333,
	77.3221 11.8667,
	77.411 11.9555,
	77.4221 12.0444,
	77.411 12.1333,
	77.311 12.3111,
	77.2888 12.4,
	77.2666 12.4444,
	77.2221 12.4778,
	77.0444 12.4667,
	76.8666 12.4778,
	76.8221 12.4778,
	76.7999 12.4778,
	76.7888 12.4555,
	76.811 12.4444,
	76.7333 12.3889,
	76.6999 12.3,
	76.6999 12.2555,
	"/>
</Transform>

<Transform dim="0"
 xcoef=" 0 1 0 0 0 0"
 ycoef=" 0 0 1 0 0 0">
<Contour name="TB3_NF01-PG_RSL" hidden="false" closed="true" simplified="true" border="1 1 0" fill="1 1 0" mode="-9"
 points="78.5666 13.4667,
	78.7444 13.3667,
	78.8221 13.3,
	78.8666 13.2111,
	78.8999 13.1667,
	78.911 13.0778,
	78.8999 12.9889,
	78.911 12.9,
	78.9444 12.8555,
	79.0333 12.8222,
	79.0777 12.8111,
	79.1221 12.8444,
	79.1666 12.9333,
	79.1777 13.1111,
	79.1666 13.1555,
	79.1444 13.1778,
	79.1221 13.2667,
	79.0999 13.3111,
	79.0888 13.4,
	79.0555 13.4444,
	79.0666 13.4555,
	78.9777 13.4889,
	78.9333 13.5333,
	78.911 13.5333,
	78.8888 13.5555,
	78.8666 13.5555,
	78.8444 13.5778,
	78.8221 13.5778,
	78.7777 13.6111,
	78.8221 13.6111,
	78.8444 13.6222,
	78.811 13.6555,
	78.7221 13.6555,
	78.6333 13.6333,
	78.5888 13.6,
	78.5666 13.5555,
	78.5666 13.4778,
	"/>
</Transform>

<Transform dim="0"
 xcoef=" 0 1 0 0 0 0"
 ycoef=" 0 0 1 0 0 0">
<Contour name="TB3_NF01-PG_RSL" hidden="false" closed="true" simplified="true" border="1 1 0" fill="1 1 0" mode="-9"
 points="16.92 9.89,
	16.99 9.81,
	17.06 9.76,
	17.1 9.74,
	17.18 9.74,
	17.34 9.78,
	17.42 9.8,
	17.58 9.8,
	17.66 9.81,
	17.74 9.87,
	17.87 10.03,
	17.95 10.08,
	18.06 10.23,
	18.08 10.39,
	18.09 10.47,
	18.01 10.5,
	17.85 10.5,
	17.77 10.49,
	17.69 10.46,
	17.53 10.47,
	17.37 10.43,
	17.29 10.42,
	17.13 10.35,
	17.05 10.28,
	16.99 10.2,
	16.94 10.04,
	16.92 9.96,
	16.92 9.92,
	16.92 9.9,
	"/>
</Transform>

<Transform dim="0"
 xcoef=" 0 1 0 0 0 0"
 ycoef=" 0 0 1 0 0 0">
<Contour name="TB3_NF01-PG_RSL" hidden="false" closed="true" simplified="true" border="1 1 0" fill="1 1 0" mode="-9"
 points="53.74 15.08,
	53.78 15.05,
	53.94 15,
	54.1 14.92,
	54.26 14.86,
	54.34 14.81,
	54.42 14.79,
	54.46 14.79,
	54.48 14.79,
	54.53 14.87,
	54.54 15.03,
	54.51 15.11,
	54.5 15.19,
	54.49 15.23,
	54.45 15.26,
	54.29 15.29,
	54.13 15.29,
	53.97 15.26,
	53.81 15.17,
	53.74 15.11,
	53.74 15.09,
	"/>
<Contour name="TB3_NF01-PG_RSL" hidden="false" closed="true" simplified="true" border="1 1 0" fill="1 1 0" mode="-9"
 points="41.41 14.54,
	41.45 14.46,
	41.6 14.36,
	41.76 14.29,
	41.92 14.28,
	42.08 14.29,
	42.24 14.33,
	42.4 14.42,
	42.55 14.56,
	42.63 14.64,
	42.76 14.78,
	42.91 14.93,
	42.96 15.01,
	42.99 15.17,
	42.98 15.49,
	42.97 15.57,
	42.84 15.72,
	42.8 15.76,
	42.48 15.88,
	42.32 15.93,
	42.24 15.93,
	42.22 15.93,
	42.21 15.91,
	42.22 15.9,
	42.06 15.87,
	41.9 15.8,
	41.59 15.55,
	41.52 15.47,
	41.53 15.31,
	41.55 15.23,
	41.62 15.07,
	41.65 14.99,
	41.63 14.95,
	41.47 14.85,
	41.44 14.81,
	41.41 14.65,
	41.41 14.57,
	41.41 14.55,
	"/>
</Transform>

<Transform dim="0"
 xcoef=" 0 1 0 0 0 0"
 ycoef=" 0 0 1 0 0 0">
<Contour name="TB3_NF01-PG_RSL" hidden="false" closed="true" simplified="true" border="1 1 0" fill="1 1 0" mode="-9"
 points="60.25 12.61,
	60.3 12.53,
	60.38 12.47,
	60.46 12.43,
	60.54 12.42,
	60.58 12.42,
	60.6 12.42,
	60.62 12.44,
	60.63 12.6,
	60.59 12.68,
	60.53 12.76,
	60.45 12.79,
	60.37 12.8,
	60.29 12.78,
	60.26 12.74,
	60.25 12.66,
	60.25 12.62,
	"/>
</Transform>

<Transform dim="0"
 xcoef=" 0 1 0 0 0 0"
 ycoef=" 0 0 1 0 0 0">
<Contour name="TB3_NF01-PG_RSL" hidden="false" closed="true" simplified="true" border="1 1 0" fill="1 1 0" mode="-9"
 points="65.34 11.39,
	65.35 11.31,
	65.35 11.27,
	65.35 11.25,
	65.41 11.17,
	65.43 11.13,
	65.47 11.11,
	65.63 11.11,
	65.71 11.14,
	65.77 11.22,
	65.79 11.26,
	65.8 11.42,
	65.75 11.5,
	65.72 11.54,
	65.7 11.55,
	65.67 11.53,
	65.63 11.55,
	65.59 11.59,
	65.57 11.61,
	65.49 11.6,
	65.41 11.56,
	65.37 11.52,
	65.34 11.44,
	65.34 11.4,
	"/>
</Transform>

<Transform dim="0"
 xcoef=" 0 1 0 0 0 0"
 ycoef=" 0 0 1 0 0 0">
<Contour name="TB3_NF01-PG_RSL" hidden="false" closed="true" simplified="true" border="1 1 0" fill="1 1 0" mode="-9"
 points="68.8444 15.1444,
	68.9222 15.0778,
	69.1 15.0889,
	69.1222 15.1111,
	69.2111 15.1333,
	69.2889 15.2222,
	69.3889 15.3889,
	69.4444 15.4778,
	69.6 15.6444,
	69.6 15.7333,
	69.5556 15.7778,
	69.4667 15.7889,
	69.3778 15.7778,
	69.2 15.6667,
	69.0222 15.6222,
	68.9778 15.6111,
	68.9556 15.6111,
	68.9 15.5222,
	68.8444 15.3444,
	68.8444 15.1667,
	68.8444 15.1556,
	"/>
</Transform>

<Transform dim="0"
 xcoef=" 0 1 0 0 0 0"
 ycoef=" 0 0 1 0 0 0">
<Contour name="TB3_NF01-PG_RSL" hidden="false" closed="true" simplified="true" border="1 1 0" fill="1 1 0" mode="-9"
 points="76.6999 12.2444,
	76.7333 12.1555,
	76.7888 12.0667,
	76.8666 11.9778,
	76.8666 11.9555,
	76.9444 11.8667,
	76.9666 11.8444,
	77.1444 11.8222,
	77.2333 11.8333,
	77.3221 11.8667,
	77.411 11.9555,
	77.4221 12.0444,
	77.411 12.1333,
	77.311 12.3111,
	77.2888 12.4,
	77.2666 12.4444,
	77.2221 12.4778,
	77.0444 12.4667,
	76.8666 12.4778,
	76.8221 12.4778,
	76.7999 12.4778,
	76.7888 12.4555,
	76.811 12.4444,
	76.7333 12.3889,
	76.6999 12.3,
	76.6999 12.2555,
	"/>
</Transform>

<Transform dim="0"
 xcoef=" 0 1 0 0 0 0"
 ycoef=" 0 0 1 0 0 0">
<Contour name="TB3_NF01-PG_RSL" hidden="false" closed="true" simplified="true" border="1 1 0" fill="1 1 0" mode="-9"
 points="78.5666 13.4667,
	78.7444 13.3667,
	78.8221 13.3,
	78.8666 13.2111,
	78.8999 13.1667,
	78.911 13.0778,
	78.8999 12.9889,
	78.911 12.9,
	78.9444 12.8555,
	79.0333 12.8222,
	79.0777 12.8111,
	79.1221 12.8444,
	79.1666 12.9333,
	79.1777 13.1111,
	79.1666 13.1555,
	79.1444 13.1778,
	79.1221 13.2667,
	79.0999 13.3111,
	79.0888 13.4,
	79.0555 13.4444,
	79.0666 13.4555,
	78.9777 13.4889,
	78.9333 13.5333,
	78.911 13.5333,
	78.8888 13.5555,
	78.8666 13.5555,
	78.8444 13.5778,
	78.8221 13.5778,
	78.7777 13.6111,
	78.8221 13.6111,
	78.8444 13.6222,
	78.811 13.6555,
	78.7221 13.6555,
	78.6333 13.6333,
	78.5888 13.6,
	78.5666 13.5555,
	78.5666 13.4778,
	"/>
</Transform>

<Transform dim="0"
 xcoef=" 0 1 0 0 0 0"
 ycoef=" 0 0 1 0 0 0">
<Image mag="0.00749" contrast="1" brightness="0" red="true" green="true" blue="true"
 src="Alg_stitch3-4_317.tif" />
<Contour name="domain1" hidden="false" closed="true" simplified="false" border="1 0 1" fill="1 0 1" mode="11"
 points="0 0,
	15652 0,
	15652 8578,
	0 8578,
	"/>
</Transform>

<Transform dim="0"
 xcoef=" 0 1 0 0 0 0"
 ycoef=" 0 0 1 0 0 0">
<Image mag="0.00749" contrast="1" brightness="0" red="true" green="true" blue="true"
 src="Alg_stitch3-4_317.tif" />
<Contour name="domain1" hidden="false" closed="true" simplified="false" border="1 0 1" fill="1 0 1" mode="11"
 points="0 0,
	15652 0,
	15652 8578,
	0 8578,
	"/>
</Transform>

<Transform dim="0"
 xcoef=" 0 1 0 0 0 0"
 ycoef=" 0 0 1 0 0 0">
<Image mag="0.00749" contrast="1" brightness="0" red="true" green="true" blue="true"
 src="Alg_stitch3-4_317.tif" />
<Contour name="domain1" hidden="false" closed="true" simplified="false" border="1 0 1" fill="1 0 1" mode="11"
 points="0 0,
	15652 0,
	15652 8578,
	0 8578,
	"/>
</Transform>

<Transform dim="0"
 xcoef=" 0 1 0 0 0 0"
 ycoef=" 0 0 1 0 0 0">
<Image mag="0.00749" contrast="1" brightness="0" red="true" green="true" blue="true"
 src="Alg_stitch3-4_317.tif" />
<Contour name="domain1" hidden="false" closed="true" simplified="false" border="1 0 1" fill="1 0 1" mode="11"
 points="0 0,
	15652 0,
	15652 8578,
	0 8578,
	"/>
</Transform>

<Transform dim="0"
 xcoef=" 0 1 0 0 0 0"
 ycoef=" 0 0 1 0 0 0">
<Image mag="0.00749" contrast="1" brightness="0" red="true" green="true" blue="true"
 src="Alg_stitch3-4_317.tif" />
<Contour name="DENucleus2" hidden="false" closed="true" simplified="false" border="0 0 0.627" fill="0 0 0.627" mode="11"
 points="0 0,
	15652 0,
	15652 8578,
	0 8578,
	"/>
</Transform>

<Transform dim="0"
 xcoef=" 0 1 0 0 0 0"
 ycoef=" 0 0 1 0 0 0">
<Image mag="0.00749" contrast="1" brightness="0" red="true" green="true" blue="true"
 src="Alg_stitch3-4_317.tif" />
<Contour name="domain1" hidden="false" closed="true" simplified="false" border="1 0 1" fill="1 0 1" mode="11"
 points="0 0,
	15652 0,
	15652 8578,
	0 8578,
	"/>
</Transform>

<Transform dim="0"
 xcoef=" 0 1 0 0 0 0"
 ycoef=" 0 0 1 0 0 0">
<Image mag="0.00749" contrast="1" brightness="0" red="true" green="true" blue="true"
 src="Alg_stitch3-4_317.tif" />
<Contour name="domain1" hidden="false" closed="true" simplified="false" border="1 0 1" fill="1 0 1" mode="11"
 points="0 0,
	15652 0,
	15652 8578,
	0 8578,
	"/>
</Transform>

<Transform dim="0"
 xcoef=" 0 1 0 0 0 0"
 ycoef=" 0 0 1 0 0 0">
<Image mag="0.00749" contrast="1" brightness="0" red="true" green="true" blue="true"
 src="Alg_stitch3-4_317.tif" />
<Contour name="domain1" hidden="false" closed="true" simplified="false" border="1 0 1" fill="1 0 1" mode="11"
 points="0 0,
	15652 0,
	15652 8578,
	0 8578,
	"/>
</Transform>

<Transform dim="0"
 xcoef=" 0 1 0 0 0 0"
 ycoef=" 0 0 1 0 0 0">
<Image mag="0.00749" contrast="1" brightness="0" red="true" green="true" blue="true"
 src="Alg_stitch3-4_317.tif" />
<Contour name="domain1" hidden="false" closed="true" simplified="false" border="1 0 1" fill="1 0 1" mode="11"
 points="0 0,
	15652 0,
	15652 8578,
	0 8578,
	"/>
</Transform>

<Transform dim="0"
 xcoef=" 0 1 0 0 0 0"
 ycoef=" 0 0 1 0 0 0">
<Image mag="0.00749" contrast="1" brightness="0" red="true" green="true" blue="true"
 src="Alg_stitch3-4_317.tif" />
<Contour name="domain1" hidden="false" closed="true" simplified="false" border="1 0 1" fill="1 0 1" mode="11"
 points="0 0,
	15652 0,
	15652 8578,
	0 8578,
	"/>
</Transform>

<Transform dim="0"
 xcoef=" 0 1 0 0 0 0"
 ycoef=" 0 0 1 0 0 0">
<Image mag="0.00749" contrast="1" brightness="0" red="true" green="true" blue="true"
 src="Alg_stitch3-4_317.tif" />
<Contour name="domain1" hidden="false" closed="true" simplified="false" border="1 0 1" fill="1 0 1" mode="11"
 points="0 0,
	15652 0,
	15652 8578,
	0 8578,
	"/>
</Transform>

<Transform dim="0"
 xcoef=" 0 1 0 0 0 0"
 ycoef=" 0 0 1 0 0 0">
<Image mag="0.00749" contrast="1" brightness="0" red="true" green="true" blue="true"
 src="Alg_stitch3-4_317.tif" />
<Contour name="domain1" hidden="false" closed="true" simplified="false" border="1 0 1" fill="1 0 1" mode="11"
 points="0 0,
	15652 0,
	15652 8578,
	0 8578,
	"/>
</Transform>

<Transform dim="0"
 xcoef=" 0 1 0 0 0 0"
 ycoef=" 0 0 1 0 0 0">
<Image mag="0.00749" contrast="1" brightness="0" red="true" green="true" blue="true"
 src="Alg_stitch3-4_317.tif" />
<Contour name="domain1" hidden="false" closed="true" simplified="false" border="1 0 1" fill="1 0 1" mode="11"
 points="0 0,
	15652 0,
	15652 8578,
	0 8578,
	"/>
</Transform>

<Transform dim="0"
 xcoef=" 0 1 0 0 0 0"
 ycoef=" 0 0 1 0 0 0">
<Image mag="0.00749" contrast="1" brightness="0" red="true" green="true" blue="true"
 src="Alg_stitch3-4_317.tif" />
<Contour name="domain1" hidden="false" closed="true" simplified="false" border="1 0 1" fill="1 0 1" mode="11"
 points="0 0,
	15652 0,
	15652 8578,
	0 8578,
	"/>
</Transform>

<Transform dim="0"
 xcoef=" 0 1 0 0 0 0"
 ycoef=" 0 0 1 0 0 0">
<Image mag="0.00749" contrast="1" brightness="0" red="true" green="true" blue="true"
 src="Alg_stitch3-4_317.tif" />
<Contour name="domain1" hidden="false" closed="true" simplified="false" border="1 0 1" fill="1 0 1" mode="11"
 points="0 0,
	15652 0,
	15652 8578,
	0 8578,
	"/>
</Transform>

<Transform dim="0"
 xcoef=" 0 1 0 0 0 0"
 ycoef=" 0 0 1 0 0 0">
<Image mag="0.00749" contrast="1" brightness="0" red="true" green="true" blue="true"
 src="Alg_stitch3-4_317.tif" />
<Contour name="DENucleus2" hidden="false" closed="true" simplified="false" border="0 0 0.627" fill="0 0 0.627" mode="11"
 points="0 0,
	15652 0,
	15652 8578,
	0 8578,
	"/>
</Transform>

<Transform dim="0"
 xcoef=" 0 1 0 0 0 0"
 ycoef=" 0 0 1 0 0 0">
<Image mag="0.00749" contrast="1" brightness="0" red="true" green="true" blue="true"
 src="Alg_stitch3-4_317.tif" />
<Contour name="domain1" hidden="false" closed="true" simplified="false" border="1 0 1" fill="1 0 1" mode="11"
 points="0 0,
	15652 0,
	15652 8578,
	0 8578,
	"/>
</Transform>

<Transform dim="0"
 xcoef=" 0 1 0 0 0 0"
 ycoef=" 0 0 1 0 0 0">
<Image mag="0.00749" contrast="1" brightness="0" red="true" green="true" blue="true"
 src="Alg_stitch3-4_317.tif" />
<Contour name="domain1" hidden="false" closed="true" simplified="false" border="1 0 1" fill="1 0 1" mode="11"
 points="0 0,
	15652 0,
	15652 8578,
	0 8578,
	"/>
</Transform>

<Transform dim="0"
 xcoef=" 0 1 0 0 0 0"
 ycoef=" 0 0 1 0 0 0">
<Contour name="TB2_T2Cell07_CM_LES" hidden="false" closed="true" simplified="true" border="0.568627 1 0.780392" fill="0.568627 1 0.780392" mode="-9"
 points="48.7778 39.2227,
	48.8224 39.0445,
	48.8447 38.9554,
	48.8447 38.9109,
	49.0006 38.755,
	49.3569 38.51,
	49.4237 38.4209,
	49.4015 38.2427,
	49.3792 38.1982,
	49.4015 38.1091,
	49.5351 37.9532,
	49.7133 37.8418,
	49.8024 37.7973,
	50.1588 37.7304,
	50.2478 37.7082,
	50.3815 37.5745,
	50.5597 37.4186,
	50.916 37.3518,
	51.6288 37.3518,
	51.7179 37.3518,
	51.7624 37.3518,
	51.807 37.3072,
	51.4951 37.0845,
	51.317 36.9509,
	51.2279 36.9286,
	51.1388 36.8395,
	51.2056 36.7727,
	51.3838 36.7504,
	51.7401 36.795,
	51.9183 36.8618,
	52.0742 37.0177,
	52.1411 37.1959,
	52.1633 37.285,
	52.1188 37.3741,
	52.2747 37.3963,
	52.4529 37.3741,
	52.542 37.3518,
	52.6088 37.285,
	52.6311 37.2627,
	52.5197 37.0845,
	52.4974 36.9954,
	52.6533 36.8172,
	52.8092 36.7059,
	52.8983 36.6168,
	53.2547 36.3941,
	53.6111 36.2827,
	53.9674 36.3941,
	54.1456 36.4609,
	54.2347 36.4831,
	54.4129 36.4163,
	54.502 36.3718,
	54.6802 36.2159,
	55.3929 35.815,
	55.7493 35.57,
	55.9275 35.4586,
	56.1056 35.3918,
	56.1947 35.3695,
	56.3506 35.2136,
	56.4397 35.1468,
	56.6179 35.1468,
	56.707 35.1468,
	57.0634 35.325,
	57.2193 35.5031,
	57.2416 35.5922,
	57.2416 35.6368,
	57.3084 35.7259,
	57.4866 35.7927,
	57.6648 35.815,
	57.8429 35.7927,
	58.1993 35.8372,
	58.5557 35.9931,
	58.912 36.1045,
	59.0902 36.2159,
	59.157 36.305,
	59.2239 36.6613,
	59.2461 37.0177,
	59.0902 37.7304,
	59.0902 37.775,
	58.9566 37.9532,
	58.912 38.0423,
	58.7339 38.1091,
	58.3775 38.1091,
	58.0211 38.1759,
	57.8429 38.2427,
	57.6648 38.265,
	57.3084 38.1982,
	57.1302 38.1536,
	56.7738 37.9754,
	56.5956 37.9977,
	56.4397 38.1536,
	56.3952 38.1982,
	56.4175 38.3763,
	56.4397 38.4654,
	56.4175 38.5545,
	56.2393 38.5545,
	56.1502 38.51,
	55.972 38.5323,
	55.7938 38.5991,
	55.0811 39.0891,
	54.992 39.1782,
	54.6356 39.3564,
	54.4574 39.4455,
	54.2793 39.5791,
	54.257 39.6236,
	54.3015 39.6236,
	54.3238 39.6682,
	54.257 39.735,
	54.0788 39.7573,
	53.9006 39.7127,
	53.8115 39.7127,
	53.4552 39.9132,
	52.7424 40.1582,
	52.3861 40.2027,
	51.6733 40.4255,
	51.317 40.4923,
	50.9606 40.6036,
	50.7824 40.6482,
	50.426 40.8932,
	50.3369 40.96,
	50.1588 40.9823,
	49.8024 40.8264,
	49.6242 40.7373,
	49.5351 40.6927,
	49.4906 40.6705,
	49.4683 40.6927,
	49.6242 40.8487,
	49.8024 40.96,
	49.9583 41.1382,
	49.8915 41.205,
	49.8024 41.205,
	49.6242 41.0937,
	49.446 40.9155,
	49.3569 40.8487,
	49.3124 40.7818,
	49.0006 40.4255,
	48.8447 40.0691,
	48.7778 39.3564,
	48.7778 39.2673,
	48.7778 39.245,
	"/>
</Transform>

<Transform dim="0"
 xcoef=" 0 1 0 0 0 0"
 ycoef=" 0 0 1 0 0 0">
<Contour name="Tb2_NF40_LES" hidden="false" closed="true" simplified="true" border="0.501961 0.25098 0.25098" fill="0.501961 0.25098 0.25098" mode="-9"
 points="19.6979 36.5334,
	19.9992 36.364,
	20.6018 36.2698,
	20.6772 36.2698,
	20.7148 36.2886,
	20.7713 36.5899,
	20.7713 36.6653,
	20.7148 36.7406,
	20.6395 36.7782,
	20.4889 36.7782,
	20.47 36.7971,
	20.1687 36.7594,
	20.0181 36.7782,
	19.8674 36.7406,
	19.8297 36.7406,
	19.6979 36.5899,
	19.6979 36.5523,
	"/>
</Transform>

<Transform dim="0"
 xcoef=" 0 1 0 0 0 0"
 ycoef=" 0 0 1 0 0 0">
<Contour name="Tb2_NF34_LES" hidden="false" closed="true" simplified="true" border="0.756863 0.513725 1" fill="0.756863 0.513725 1" mode="-9"
 points="49.7617 37.2407,
	49.9104 37.0423,
	50.3071 36.9927,
	50.5055 36.9431,
	50.7038 36.9679,
	50.803 36.9679,
	51.0014 37.0423,
	51.1749 37.1911,
	51.1749 37.2407,
	50.9766 37.315,
	50.7782 37.2902,
	50.679 37.2902,
	50.6046 37.3398,
	50.5551 37.315,
	50.1584 37.3894,
	49.96 37.3646,
	49.8608 37.3398,
	49.7617 37.2655,
	"/>
</Transform>

<Transform dim="0"
 xcoef=" 0 1 0 0 0 0"
 ycoef=" 0 0 1 0 0 0">
<Contour name="Tb2_NF34_LES" hidden="false" closed="true" simplified="true" border="0.756863 0.513725 1" fill="0.756863 0.513725 1" mode="-9"
 points="56.3569 38.1332,
	56.456 38.0341,
	56.6544 38.0589,
	56.7536 38.1084,
	56.828 38.2076,
	56.8775 38.2572,
	56.8775 38.3564,
	56.8775 38.406,
	56.6792 38.4804,
	56.58 38.4804,
	56.4808 38.4308,
	56.4065 38.3316,
	56.3569 38.282,
	56.3569 38.1828,
	56.3569 38.158,
	"/>
</Transform>

<Transform dim="0"
 xcoef=" 0 1 0 0 0 0"
 ycoef=" 0 0 1 0 0 0">
<Contour name="Tb2_NF32_LES" hidden="false" closed="true" simplified="true" border="0.396078 0.462745 0.737255" fill="0.396078 0.462745 0.737255" mode="-9"
 points="46.0597 38.7158,
	46.131 38.5732,
	46.2023 38.5019,
	46.4875 38.4663,
	46.7727 38.5376,
	47.3431 39.001,
	47.8066 39.5714,
	48.0918 39.821,
	48.2344 39.8923,
	48.3057 39.9636,
	48.377 39.9636,
	48.5552 40.2488,
	48.27 40.4627,
	48.1987 40.4983,
	47.9135 40.3914,
	47.3431 39.9992,
	47.0579 39.8923,
	46.7727 39.714,
	46.238 39.2149,
	46.0597 38.9297,
	46.0597 38.7871,
	46.0597 38.7515,
	"/>
<Contour name="Tb2_NF32_LES" hidden="false" closed="true" simplified="true" border="0.396078 0.462745 0.737255" fill="0.396078 0.462745 0.737255" mode="-9"
 points="47.5927 41.8887,
	47.7353 41.7461,
	47.8779 41.6748,
	48.1631 41.6391,
	48.4483 41.5322,
	48.5909 41.5678,
	48.7335 41.7104,
	48.7691 41.853,
	48.6978 42.1382,
	48.2344 42.6373,
	47.9492 42.673,
	47.8066 42.6373,
	47.6283 42.3521,
	47.5927 42.0669,
	47.5927 41.9243,
	"/>
</Transform>

<Transform dim="0"
 xcoef=" 0 1 0 0 0 0"
 ycoef=" 0 0 1 0 0 0">
<Contour name="Tb2_NF29_LES" hidden="false" closed="true" simplified="true" border="0 0.501961 0.74902" fill="0 0.501961 0.74902" mode="-9"
 points="21.0105 35.9461,
	21.0714 35.8243,
	21.1323 35.7787,
	21.2541 35.7482,
	21.4977 35.7787,
	21.6195 35.8091,
	21.6804 35.8243,
	21.7717 35.9309,
	21.8174 35.9918,
	21.8326 36.0527,
	21.7869 36.1745,
	21.7565 36.2354,
	21.6347 36.2811,
	21.5738 36.2811,
	21.3302 36.1897,
	21.0866 36.1593,
	21.0409 36.1136,
	21.0105 35.9918,
	21.0105 35.9614,
	"/>
<Contour name="Tb2_NF29_LES" hidden="false" closed="true" simplified="true" border="0 0.501961 0.74902" fill="0 0.501961 0.74902" mode="-9"
 points="18.7724 32.0486,
	18.8637 31.9268,
	18.9855 31.8202,
	19.0464 31.7897,
	19.0769 31.7593,
	19.3205 31.6832,
	19.5641 31.6679,
	19.6859 31.6984,
	19.7468 31.6832,
	19.8077 31.6375,
	19.8686 31.5157,
	19.899 31.4548,
	20.3862 31.3025,
	20.6298 31.2416,
	20.6603 31.2112,
	20.9039 31.1503,
	21.0257 31.1503,
	21.1475 31.1198,
	21.2693 31.1198,
	21.315 31.1351,
	21.4368 31.1198,
	21.6804 31.1351,
	21.8022 31.1198,
	22.0458 31.1807,
	22.1675 31.2416,
	22.4111 31.2873,
	22.5329 31.333,
	22.6547 31.4091,
	22.7613 31.5157,
	22.8374 31.6375,
	22.8527 31.6679,
	22.7918 31.7897,
	22.67 31.8659,
	22.5482 31.8963,
	22.3046 31.9115,
	22.1828 31.8811,
	22.061 31.805,
	22.0001 31.7593,
	21.9392 31.7593,
	21.9087 31.7441,
	21.7869 31.7745,
	21.5433 31.7288,
	21.4215 31.7136,
	21.2997 31.7288,
	21.1779 31.7745,
	21.0561 31.8659,
	20.9952 31.8963,
	20.508 31.8354,
	20.3862 31.8659,
	20.2644 31.9268,
	20.0208 31.9572,
	19.899 31.9877,
	19.7772 31.9877,
	19.5489 32.2008,
	19.488 32.2465,
	19.3662 32.2922,
	19.1226 32.3074,
	19.0617 32.3074,
	19.0312 32.2922,
	18.9094 32.3074,
	18.8485 32.3226,
	18.7876 32.3074,
	18.7724 32.0638,
	"/>
</Transform>

<Transform dim="0"
 xcoef=" 0 1 0 0 0 0"
 ycoef=" 0 0 1 0 0 0">
<Contour name="Tb2_NF54_LES" hidden="false" closed="true" simplified="true" border="1 0 0" fill="1 0 0" mode="-9"
 points="22.3145 47.626,
	22.4238 47.5167,
	22.7739 47.3854,
	22.9489 47.3416,
	23.1239 47.3416,
	23.1677 47.3416,
	23.1895 47.4291,
	23.1895 47.4729,
	23.102 47.5604,
	22.752 47.6917,
	22.577 47.7135,
	22.4895 47.7354,
	22.402 47.7135,
	22.3582 47.7135,
	22.3145 47.6698,
	22.3145 47.6479,
	"/>
</Transform>

<Transform dim="0"
 xcoef=" 0 1 0 0 0 0"
 ycoef=" 0 0 1 0 0 0">
<Contour name="TB2_NF001_LES" hidden="false" closed="true" simplified="true" border="1 1 0" fill="1 1 0" mode="-9"
 points="21.129 42.6647,
	21.2307 42.563,
	21.2888 42.5485,
	21.5211 42.5776,
	21.6373 42.5921,
	21.7535 42.6647,
	21.8261 42.7809,
	21.8406 43.0132,
	21.797 43.2456,
	21.6954 43.4779,
	21.6228 43.5941,
	21.6083 43.7103,
	21.6083 43.7393,
	21.6663 43.7829,
	21.6954 43.841,
	21.6809 43.899,
	21.6228 43.9136,
	21.5647 43.899,
	21.5357 43.87,
	21.5066 43.87,
	21.4485 43.8264,
	21.2162 43.8555,
	21.1581 43.841,
	21.1436 43.8119,
	21.3614 43.6667,
	21.4195 43.6231,
	21.434 43.507,
	21.405 43.2746,
	21.3323 43.0423,
	21.3033 42.9261,
	21.2017 42.8244,
	21.129 42.7083,
	21.129 42.6792,
	"/>
</Transform>

<Transform dim="0"
 xcoef=" 0 1 0 0 0 0"
 ycoef=" 0 0 1 0 0 0">
<Contour name="TB2_NF21_LES" hidden="false" closed="true" simplified="true" border="0.705882 0.705882 1" fill="0.705882 0.705882 1" mode="-9"
 points="20.6164 43.2207,
	20.6736 43.1063,
	20.6736 43.092,
	20.695 43.0634,
	20.7022 43.0348,
	20.7808 42.9204,
	20.8023 42.8917,
	20.8166 42.8774,
	20.8166 42.8631,
	20.9095 42.763,
	20.9668 42.7344,
	21.024 42.7273,
	21.1384 42.763,
	21.167 42.7702,
	21.217 42.8131,
	21.2528 42.8703,
	21.2742 42.8989,
	21.3172 43.0133,
	21.3458 43.1277,
	21.3601 43.2421,
	21.3601 43.3566,
	21.3315 43.471,
	21.3243 43.4996,
	21.1741 43.7141,
	21.0597 43.7785,
	21.0311 43.7928,
	21.0168 43.7928,
	21.0025 43.8071,
	20.8881 43.8214,
	20.8309 43.8285,
	20.8023 43.8214,
	20.7808 43.7928,
	20.7665 43.7856,
	20.7308 43.6712,
	20.7236 43.5568,
	20.7451 43.4996,
	20.7451 43.471,
	20.7165 43.4138,
	20.6664 43.3566,
	20.6378 43.328,
	20.6164 43.2708,
	20.6164 43.2421,
	20.6164 43.2278,
	"/>
</Transform>

<Transform dim="0"
 xcoef=" 0 1 0 0 0 0"
 ycoef=" 0 0 1 0 0 0">
<Contour name="TB2_NF04_LES" hidden="false" closed="true" simplified="true" border="0.627451 0.313725 0.313725" fill="0.627451 0.313725 0.313725" mode="-9"
 points="21.6759 42.4944,
	21.6873 42.4487,
	21.7788 42.3572,
	21.8245 42.3229,
	21.8703 42.3229,
	22.0417 42.4372,
	22.076 42.4829,
	22.076 42.5058,
	22.1332 42.5973,
	22.1103 42.6887,
	22.076 42.723,
	22.0532 42.7116,
	21.9617 42.723,
	21.7788 42.6659,
	21.6988 42.5858,
	21.6759 42.563,
	21.6759 42.5172,
	21.6759 42.5058,
	"/>
<Contour name="TB2_NF04_LES" hidden="false" closed="true" simplified="true" border="0.627451 0.313725 0.313725" fill="0.627451 0.313725 0.313725" mode="-9"
 points="21.653 41.7513,
	21.7559 41.5684,
	21.8131 41.4883,
	21.8931 41.4083,
	22.076 41.3854,
	22.1675 41.3969,
	22.259 41.4426,
	22.3047 41.4769,
	22.339 41.5684,
	22.3504 41.7513,
	22.3161 41.9342,
	22.2475 42.0257,
	22.2018 42.0599,
	22.1561 42.0714,
	22.1332 42.0942,
	22.0417 42.1057,
	21.996 42.14,
	21.9046 42.1285,
	21.8588 42.1285,
	21.7674 42.0714,
	21.6873 41.9914,
	21.653 41.9456,
	21.653 41.7627,
	"/>
</Transform>

<Transform dim="0"
 xcoef=" 0 1 0 0 0 0"
 ycoef=" 0 0 1 0 0 0">
<Contour name="TB2_NF04_LES" hidden="false" closed="true" simplified="true" border="0.627451 0.313725 0.313725" fill="0.627451 0.313725 0.313725" mode="-9"
 points="21.916 40.2308,
	21.9503 40.1393,
	21.9846 40.0936,
	21.9846 40.0478,
	21.996 40.0364,
	21.9503 39.9449,
	21.9389 39.8992,
	21.9274 39.8764,
	21.9503 39.7849,
	21.9617 39.7392,
	21.996 39.6934,
	22.0074 39.6477,
	22.0875 39.5562,
	22.1789 39.5334,
	22.2704 39.5448,
	22.3161 39.5677,
	22.4419 39.7506,
	22.4647 39.7963,
	22.4533 39.9792,
	22.4876 40.1622,
	22.5105 40.2536,
	22.5219 40.4365,
	22.5448 40.528,
	22.5105 40.7109,
	22.4419 40.8024,
	22.419 40.8481,
	22.3962 40.871,
	22.3962 40.8938,
	22.3047 40.9739,
	22.259 40.9853,
	22.1675 40.951,
	22.1218 40.9281,
	22.0303 40.9167,
	21.9846 40.8938,
	21.9503 40.8481,
	21.9503 40.7567,
	21.9732 40.7109,
	22.0074 40.528,
	22.0074 40.4365,
	21.9389 40.3451,
	21.916 40.2536,
	21.916 40.2422,
	"/>
</Transform>

<Transform dim="0"
 xcoef=" 0 1 0 0 0 0"
 ycoef=" 0 0 1 0 0 0">
<Contour name="TB2_NF21_LES" hidden="false" closed="true" simplified="true" border="0.705882 0.705882 1" fill="0.705882 0.705882 1" mode="-9"
 points="46.3093 41.8029,
	46.4212 41.7049,
	46.4772 41.663,
	46.5332 41.649,
	46.6452 41.565,
	46.7011 41.523,
	46.7291 41.509,
	46.8551 41.7189,
	46.9391 41.8169,
	46.995 41.8449,
	47.023 41.9009,
	47.023 41.9289,
	46.9111 41.9988,
	46.8551 42.0268,
	46.8271 42.0548,
	46.7151 42.0688,
	46.4912 42.0408,
	46.3793 41.9709,
	46.3373 41.9149,
	46.3093 41.8869,
	46.3093 41.8309,
	46.3093 41.8169,
	"/>
<Contour name="TB2_NF21_LES" hidden="false" closed="true" simplified="true" border="0.705882 0.705882 1" fill="0.705882 0.705882 1" mode="-9"
 points="45.6935 40.2635,
	45.7495 40.2075,
	45.8614 40.1515,
	46.0854 40.1095,
	46.1973 40.1375,
	46.3093 40.1935,
	46.4073 40.3055,
	46.5052 40.5294,
	46.5192 40.5854,
	46.5052 40.6133,
	46.3933 40.6133,
	46.2813 40.5714,
	46.2533 40.5434,
	46.0294 40.5014,
	45.9174 40.4594,
	45.8894 40.4594,
	45.7915 40.3614,
	45.7355 40.3055,
	45.7075 40.2775,
	"/>
</Transform>

<Transform dim="0"
 xcoef=" 0 1 0 0 0 0"
 ycoef=" 0 0 1 0 0 0">
<Contour name="TB2_Basal06_nuc_LES" hidden="false" closed="true" simplified="true" border="0.686275 0.878431 0.713725" fill="1 0.502 0.753" mode="11"
 points="24.9994 44.4688,
	25.0451 44.3773,
	25.4107 44.2631,
	25.5707 44.1031,
	25.6621 43.9203,
	25.7306 43.8289,
	25.9134 43.7375,
	25.9591 43.7375,
	26.0734 43.8975,
	26.1648 43.9203,
	26.2791 44.1031,
	26.2562 44.2859,
	26.2562 44.3773,
	26.3705 44.5602,
	26.4619 44.6516,
	26.5304 44.8344,
	26.5076 44.9258,
	26.3476 45.0857,
	26.2334 45.4514,
	26.1648 45.6342,
	26.0734 45.6342,
	25.9591 45.4514,
	25.8677 45.36,
	25.7763 45.3828,
	25.7535 45.4285,
	25.822 45.6113,
	25.822 45.7941,
	25.7535 45.8627,
	25.6621 45.8398,
	25.4793 45.7256,
	25.3879 45.7256,
	25.3193 45.6342,
	25.2965 45.4514,
	25.3193 45.36,
	25.2965 45.2686,
	25.1365 45.1314,
	25.0908 45.0857,
	25.0222 44.7201,
	24.9994 44.5373,
	24.9994 44.4916,
	"/>
</Transform>

<Transform dim="0"
 xcoef=" 0 1 0 0 0 0"
 ycoef=" 0 0 1 0 0 0">
<Image mag="0.00749" contrast="1" brightness="0" red="true" green="true" blue="true"
 src="Alg_stitch3-4_317.tif" />
<Contour name="domain1" hidden="false" closed="true" simplified="false" border="1 0 1" fill="1 0 1" mode="11"
 points="0 0,
	15652 0,
	15652 8578,
	0 8578,
	"/>
</Transform>

<Transform dim="0"
 xcoef=" 0 1 0 0 0 0"
 ycoef=" 0 0 1 0 0 0">
<Contour name="TB2_shell_RSL" hidden="false" closed="true" simplified="true" border="1 1 1" fill="0.753 0.753 0.753" mode="9"
 points="40.8212 39.7074,
	41.4338 37.9253,
	42.2692 36.1432,
	42.7704 35.2521,
	43.6057 34.7509,
	45.3878 33.4144,
	46.2789 32.7461,
	46.5017 32.5233,
	46.9472 32.3562,
	47.1699 32.3562,
	48.952 31.7436,
	50.7341 31.5209,
	51.1797 31.4652,
	52.9618 31.7436,
	53.8528 31.9107,
	54.2983 31.9107,
	56.0804 32.4119,
	56.526 32.6904,
	57.3613 33.4144,
	57.8068 33.8599,
	58.141 34.2497,
	58.9763 35.0851,
	59.3105 35.5306,
	59.4219 35.7534,
	59.6446 35.9204,
	59.756 36.1432,
	59.9788 36.366,
	59.9788 36.4773,
	60.8141 37.3684,
	60.9255 37.4798,
	61.0369 37.4798,
	61.7609 38.3151,
	61.9836 38.7607,
	62.1507 39.6517,
	62.2064 40.0972,
	62.0393 40.5428,
	61.7609 40.9883,
	61.6495 41.211,
	61.5938 42.1021,
	61.5938 42.2135,
	61.1483 42.5476,
	60.7584 42.9931,
	59.9231 43.6057,
	59.4776 43.9956,
	59.4776 44.107,
	59.032 44.3297,
	58.8093 44.3854,
	58.5865 44.3297,
	58.141 44.5525,
	57.2499 44.7196,
	56.3589 44.998,
	55.9134 45.1651,
	55.4678 45.1651,
	53.6857 44.6639,
	52.7947 44.274,
	52.3492 44.0513,
	52.1264 43.9956,
	51.2354 44.107,
	50.3443 44.0513,
	49.8988 43.9399,
	49.4533 43.9956,
	49.2305 43.9399,
	49.1191 43.9399,
	48.8963 43.7728,
	48.0053 43.6057,
	47.1142 43.3273,
	45.3321 42.9931,
	43.55 42.7704,
	43.1045 42.7704,
	42.2135 42.4919,
	42.1021 42.3805,
	41.8793 42.3249,
	41.4338 41.9907,
	41.0997 41.5452,
	40.9883 41.4338,
	40.8212 40.9883,
	40.8212 40.0972,
	40.8212 39.8745,
	40.8212 39.7631,
	"/>
</Transform>

<Transform dim="0"
 xcoef=" 0 1 0 0 0 0"
 ycoef=" 0 0 1 0 0 0">
<Contour name="TB2_BasalCell07_nuc_LES" hidden="false" closed="true" simplified="true" border="0.921569 0.0784314 0.623529" fill="1 0 0.5" mode="-11"
 points="25.3418 38.8944,
	25.4192 38.4817,
	25.445 38.2753,
	25.4708 38.1721,
	25.8319 37.7594,
	26.2446 37.3725,
	26.451 37.3467,
	26.5541 37.3209,
	26.6573 37.2435,
	27.07 37.1662,
	27.1732 37.1662,
	27.3796 37.0372,
	27.3796 36.934,
	27.4569 36.8308,
	27.8697 36.805,
	28.076 36.6761,
	28.1792 36.6245,
	28.205 36.5987,
	28.3082 36.6503,
	28.5145 36.4955,
	28.8756 36.0828,
	29.082 35.8764,
	29.1852 35.7732,
	30.0106 35.4895,
	30.4233 35.4637,
	30.6297 35.4895,
	30.836 35.4637,
	31.0424 35.4895,
	31.2488 35.5669,
	31.3519 35.5927,
	31.7646 35.4895,
	32.1774 35.5153,
	32.5901 35.4637,
	32.7964 35.4121,
	33.2091 35.4379,
	34.0346 35.799,
	34.1377 35.8506,
	34.2409 35.9538,
	34.3699 36.1602,
	34.4473 36.2633,
	34.86 36.4697,
	34.9374 36.5729,
	34.9632 36.6761,
	35.0406 36.7792,
	35.4533 36.9082,
	35.6596 37.0372,
	35.7628 37.0888,
	35.9434 37.2951,
	36.1497 37.7078,
	36.3045 37.9142,
	36.4077 38.1206,
	36.4593 38.2237,
	36.4851 38.6364,
	36.5624 38.7396,
	36.614 38.946,
	36.614 39.1523,
	36.5624 39.3587,
	36.6398 39.7714,
	36.5882 40.1841,
	36.4851 40.5968,
	36.4077 40.8032,
	36.2787 41.0095,
	36.2529 41.2159,
	36.3303 41.4223,
	36.3045 41.6286,
	36.2271 41.835,
	36.0981 42.0413,
	35.9176 42.2477,
	35.7886 42.454,
	35.4017 42.841,
	35.3501 42.8926,
	35.1437 42.8926,
	35.0406 42.8926,
	34.6794 43.3053,
	34.5505 43.5116,
	34.3441 43.6664,
	33.9314 43.8727,
	33.106 44.1049,
	32.6932 44.1823,
	32.5901 44.2081,
	32.5385 44.2855,
	32.3321 44.466,
	32.2289 44.5176,
	30.5781 44.2339,
	30.1654 44.0533,
	29.959 44.1823,
	29.8558 44.2081,
	29.8043 44.2081,
	29.7527 44.1565,
	29.5463 44.1823,
	29.34 44.1565,
	29.1336 43.9501,
	29.0304 43.847,
	28.9272 43.7954,
	28.8241 43.6922,
	28.6177 43.589,
	28.4113 43.5374,
	28.205 43.3826,
	28.1276 43.2795,
	28.076 43.2279,
	28.0244 43.2537,
	27.9212 43.1763,
	27.7923 42.7636,
	27.5085 42.3509,
	27.3022 42.2477,
	27.2506 42.2219,
	27.0442 42.1445,
	26.8379 42.1703,
	26.7605 42.0671,
	26.7089 41.8608,
	26.6573 41.7576,
	26.6573 41.5512,
	26.7347 41.3449,
	26.8121 41.2417,
	26.8637 41.1901,
	26.9669 41.1901,
	26.9926 41.0869,
	26.8895 41.1127,
	26.7863 41.0611,
	26.7347 41.0353,
	26.322 41.1385,
	25.9093 41.0611,
	25.8577 41.0611,
	25.6771 40.8548,
	25.6255 40.7516,
	25.6513 40.3389,
	25.6771 40.1325,
	25.5997 39.7198,
	25.4708 39.5135,
	25.3418 39.1007,
	25.3418 38.9202,
	"/>
</Transform>

<Transform dim="0"
 xcoef=" 0 1 0 0 0 0"
 ycoef=" 0 0 1 0 0 0">
<Contour name="TB2_BasalCell07_CM_LES" hidden="false" closed="true" simplified="true" border="0.98 0.773 0.91" fill="1 0 0.5" mode="-11"
 points="18.6352 42.1331,
	18.7004 42.0026,
	18.7983 41.872,
	18.8636 41.8067,
	18.9942 41.7578,
	19.0594 41.7088,
	19.1247 41.5783,
	19.1573 41.513,
	19.4184 41.3335,
	19.5 41.203,
	19.7611 40.9419,
	19.8264 40.8113,
	19.9406 40.6808,
	19.9732 40.5503,
	19.9896 40.485,
	20.1038 40.3544,
	20.2343 40.2565,
	20.3649 40.2239,
	20.4301 40.1913,
	20.4954 40.2402,
	20.5281 40.3708,
	20.5444 40.436,
	20.6749 40.5013,
	20.8055 40.5339,
	21.3276 40.485,
	21.5887 40.5339,
	21.7193 40.5829,
	21.7845 40.6155,
	22.0456 40.8766,
	22.1599 40.9908,
	22.2251 41.0072,
	22.3557 40.9419,
	22.4862 40.844,
	22.5189 40.7787,
	22.5678 40.2565,
	22.5352 39.9954,
	22.4699 39.7344,
	22.4209 39.6038,
	22.3883 39.5385,
	22.3557 39.5222,
	22.2251 39.5549,
	22.1599 39.5549,
	22.0946 39.5875,
	22.0293 39.6528,
	21.9477 39.7833,
	21.8172 39.8812,
	21.6866 39.9302,
	21.4255 39.9628,
	21.295 39.9628,
	21.2297 39.9628,
	21.1808 39.9138,
	21.1971 39.8486,
	21.3113 39.767,
	21.4419 39.718,
	21.5724 39.7017,
	21.6377 39.7017,
	21.703 39.6528,
	21.7682 39.5222,
	21.7845 39.4896,
	21.703 39.359,
	21.6866 39.2285,
	21.8009 39.1469,
	21.9314 39.1632,
	22.0619 39.2122,
	22.1925 39.2285,
	22.4536 39.1795,
	22.5841 39.2122,
	22.6494 39.2448,
	22.7147 39.1959,
	22.6494 39.1469,
	22.3883 39.1143,
	22.2578 39.0327,
	22.2414 39,
	22.2741 38.9348,
	22.5352 38.8369,
	23.0573 38.7553,
	23.1879 38.7063,
	23.2205 38.739,
	23.2042 38.8042,
	23.09 38.9348,
	23.0737 38.9837,
	23.1063 39.0164,
	23.6285 38.9348,
	24.1507 38.7716,
	24.2649 38.6737,
	24.1833 38.5431,
	24.1343 38.4942,
	24.1996 38.4452,
	24.4607 38.3963,
	24.526 38.38,
	24.5749 38.331,
	24.526 38.2984,
	24.4607 38.3473,
	24.4444 38.282,
	24.4444 38.2494,
	24.5586 38.1189,
	24.6891 38.0536,
	24.7218 38.0536,
	24.8523 37.9394,
	24.9829 37.9067,
	25.1134 37.9557,
	25.244 37.972,
	25.3092 37.9231,
	25.3419 37.8578,
	25.3092 37.8088,
	25.3255 37.7762,
	25.0645 37.6293,
	24.9339 37.5804,
	24.8034 37.613,
	24.7381 37.613,
	24.2159 37.8741,
	23.9548 38.0046,
	23.8243 38.0699,
	23.759 38.1026,
	23.6937 38.0373,
	23.808 37.9067,
	23.9385 37.8251,
	23.9875 37.7599,
	24.0201 37.6293,
	23.8406 37.3682,
	23.8243 37.3519,
	23.8896 37.303,
	23.9548 37.2867,
	24.0854 37.3356,
	24.3465 37.3193,
	24.4117 37.3519,
	24.4444 37.3682,
	24.477 37.3356,
	24.3628 37.0745,
	24.3302 37.0092,
	24.3138 36.9766,
	24.3465 36.9113,
	24.3628 36.895,
	24.4281 36.9277,
	24.477 36.9929,
	24.5423 37.0092,
	24.8034 36.8624,
	25.0645 36.6013,
	25.1297 36.5523,
	25.195 36.536,
	25.2603 36.5687,
	25.3092 36.6339,
	25.2929 36.6666,
	25.3255 36.7318,
	25.3582 36.7482,
	25.6193 36.6502,
	26.1415 36.3728,
	26.272 36.2749,
	26.4025 36.226,
	26.4678 36.1933,
	26.5004 36.177,
	26.631 36.2423,
	26.6963 36.2913,
	26.9574 36.1444,
	27.0226 36.0791,
	27.0553 36.0465,
	27.0389 36.0138,
	26.9737 36.0138,
	26.8431 36.0954,
	26.7126 36.1118,
	26.582 36.0954,
	26.5168 36.0791,
	26.4841 36.0465,
	26.4841 35.9812,
	26.5168 35.9486,
	26.7779 35.9812,
	26.8431 35.9975,
	27.1042 35.7364,
	27.2348 35.6222,
	27.2837 35.5569,
	27.3 35.5243,
	27.2184 35.2632,
	27.2511 35.1979,
	27.3816 35.0837,
	27.4469 34.9532,
	27.5122 34.9042,
	27.6427 34.8716,
	27.6753 34.8553,
	27.8059 34.8879,
	27.9364 34.8389,
	28.067 34.7574,
	28.1812 34.4963,
	28.2138 34.2352,
	28.2302 34.1699,
	28.3607 34.0557,
	28.8829 33.7946,
	29.144 33.6477,
	29.2092 33.5988,
	29.2745 33.5825,
	29.4051 33.5988,
	29.6661 33.5172,
	29.9272 33.3703,
	30.1883 33.1908,
	30.221 33.1582,
	30.1557 33.1092,
	29.8946 33.0766,
	29.8293 33.0603,
	29.764 33.0766,
	29.6825 33.2071,
	29.6661 33.2235,
	29.6825 33.2561,
	29.6498 33.3214,
	29.6172 33.354,
	29.4866 33.2724,
	29.4214 33.2071,
	29.2908 33.1256,
	29.2256 33.0929,
	29.1603 33.1092,
	28.8992 32.995,
	28.7686 32.9297,
	28.5076 32.8971,
	28.377 32.8645,
	28.2465 32.9134,
	28.1159 32.995,
	28.0507 33.044,
	28.018 33.0766,
	27.9527 33.0603,
	27.9201 32.995,
	27.9527 32.8645,
	27.9201 32.7992,
	27.9038 32.7666,
	27.7733 32.8808,
	27.708 32.9461,
	27.6427 32.9624,
	27.5122 32.9297,
	27.4469 32.9134,
	27.4143 32.8971,
	27.349 32.9134,
	27.3163 32.9297,
	27.0553 32.7992,
	26.99 32.7666,
	26.7289 32.7339,
	26.4678 32.7829,
	26.3373 32.8318,
	26.2067 32.8482,
	26.0762 32.8318,
	25.9456 32.8482,
	25.6845 32.7829,
	25.554 32.7992,
	25.4887 32.7992,
	25.4561 32.7992,
	25.3255 32.6687,
	25.2603 32.636,
	25.1297 32.636,
	25.0645 32.636,
	24.9992 32.6034,
	24.9013 32.4728,
	24.885 32.4076,
	24.9176 32.3423,
	24.9829 32.277,
	25.244 32.1465,
	25.3745 32.1302,
	25.4398 32.1138,
	25.7009 32.1791,
	25.8314 32.1954,
	26.0925 32.1302,
	26.3536 32.1138,
	26.4841 32.1138,
	26.5494 32.0975,
	26.6799 31.967,
	26.7452 31.9343,
	26.8105 31.9507,
	26.8594 32.0159,
	27.3816 32.1138,
	27.6427 32.1302,
	28.1649 32.0486,
	28.426 31.9996,
	28.4912 31.967,
	28.6218 31.9996,
	28.7523 32.0812,
	28.8829 32.0159,
	28.9155 31.9996,
	29.0461 32.0649,
	29.3071 32.1138,
	29.5682 32.0975,
	29.6335 32.0975,
	29.6988 32.1465,
	29.764 32.1628,
	29.8946 32.0812,
	30.1557 32.0486,
	30.2862 32.0975,
	30.4168 32.0975,
	30.482 32.1138,
	30.6126 32.1954,
	31.1348 32.3749,
	32.1791 32.1954,
	32.4402 32.1628,
	32.5055 32.1465,
	32.7666 32.2117,
	32.8971 32.2444,
	33.0276 32.2281,
	33.0929 32.2117,
	33.1256 32.1954,
	33.3866 32.2607,
	33.5172 32.3423,
	33.7783 32.3586,
	34.0394 32.4239,
	34.1699 32.5218,
	34.4147 32.7829,
	34.6758 32.9624,
	34.8063 33.0113,
	35.0674 32.9624,
	35.1979 32.9134,
	35.3285 32.9297,
	35.5896 33.0113,
	35.8507 33.1256,
	35.9812 33.1908,
	36.0302 33.1256,
	36.0138 33.1092,
	36.0791 33.0603,
	36.2097 33.1256,
	36.3402 33.2561,
	36.4055 33.2071,
	36.536 33.1908,
	36.6666 33.2071,
	36.9277 33.1582,
	37.0582 33.1419,
	37.3193 33.1582,
	37.3846 33.1419,
	37.4988 33.0113,
	37.4825 32.995,
	37.4988 32.9624,
	37.5314 32.9787,
	37.662 32.8808,
	37.7272 32.8155,
	37.7599 32.7829,
	38.021 32.7666,
	38.1515 32.7992,
	38.4126 32.9461,
	38.4615 33.0113,
	38.4126 33.0766,
	38.282 33.0929,
	38.1515 33.0603,
	38.0862 33.044,
	37.9394 33.3051,
	37.9231 33.4356,
	37.7925 33.5661,
	37.662 33.6151,
	37.4009 33.5498,
	37.3356 33.5825,
	37.3193 33.5988,
	37.3846 33.7293,
	37.5151 33.8109,
	37.7762 33.8925,
	37.9067 33.9578,
	37.972 33.9904,
	38.0699 34.121,
	38.0699 34.1862,
	38.0536 34.2189,
	38.2005 34.48,
	38.4615 34.5779,
	38.5758 34.6921,
	38.4452 34.8063,
	38.3147 34.8553,
	38.1841 34.8226,
	38.1189 34.8063,
	37.8578 34.9042,
	37.8415 34.9205,
	38.1026 35.1816,
	38.3636 35.3285,
	38.6247 35.508,
	38.69 35.5569,
	38.6574 35.6875,
	38.5758 35.818,
	38.5431 35.8833,
	38.5268 35.8996,
	38.5595 35.9649,
	38.6247 35.9975,
	38.7553 35.9486,
	38.7879 35.9323,
	38.8532 35.9975,
	38.7553 36.1281,
	38.6247 36.226,
	38.5921 36.2913,
	38.5758 36.4218,
	38.5268 36.5523,
	38.4942 36.6176,
	38.5431 36.7482,
	38.6084 36.8134,
	38.6737 36.8297,
	38.739 36.8134,
	38.8042 36.8297,
	38.8532 36.895,
	38.8695 36.9603,
	38.8205 37.0908,
	38.8532 37.1561,
	38.9185 37.2051,
	38.9348 37.2703,
	39 37.3193,
	39.1306 37.2867,
	39.1632 37.2703,
	39.2938 37.3193,
	39.4243 37.4009,
	39.4896 37.4661,
	39.5059 37.5314,
	39.4896 37.5967,
	39.4733 37.6293,
	39.5222 37.6946,
	39.5385 37.7272,
	39.5059 37.7925,
	39.4406 37.8088,
	39.3101 37.7599,
	39.2448 37.7272,
	38.9837 37.6946,
	38.9185 37.7436,
	39.1795 37.8904,
	39.3101 37.9394,
	39.4406 38.021,
	39.5059 38.0862,
	39.6364 38.1189,
	39.7017 38.1352,
	39.8159 38.2657,
	39.7344 38.3963,
	39.718 38.4615,
	39.8486 38.5921,
	39.9138 38.6247,
	39.9465 38.641,
	39.9138 38.7063,
	39.7833 38.8042,
	39.767 38.8369,
	39.7996 38.9021,
	39.9302 39.0327,
	39.9954 39.0979,
	40.0118 39.1632,
	39.9791 39.2285,
	39.9138 39.2611,
	39.6528 39.0816,
	39.5875 39.049,
	39.5712 39.0327,
	39.5059 39.0979,
	39.5712 39.2285,
	39.6364 39.2938,
	39.7017 39.3264,
	39.8323 39.3264,
	39.8975 39.3754,
	40.1586 39.3917,
	40.2239 39.359,
	40.3544 39.3427,
	40.4197 39.3101,
	40.485 39.3264,
	40.5176 39.3427,
	40.5176 39.408,
	40.4523 39.4569,
	40.3218 39.4733,
	40.2402 39.6038,
	40.2076 39.6691,
	40.077 39.6528,
	39.9465 39.6691,
	39.8812 39.6854,
	39.7507 39.767,
	39.6201 39.8975,
	39.5549 40.1586,
	39.5222 40.4197,
	39.5385 40.5503,
	39.5222 40.6155,
	39.5385 40.7461,
	39.5875 40.8766,
	39.5875 41.0072,
	39.5549 41.0724,
	39.4896 41.0887,
	39.4243 41.0398,
	39.408 40.9092,
	39.3427 40.8603,
	39.2774 40.844,
	39.2448 40.8277,
	39.1795 40.8766,
	39.1959 40.9419,
	39.1632 41.0724,
	39.1143 41.1377,
	39.1632 41.203,
	39.1143 41.4641,
	39.0979 41.5293,
	39.1632 41.6599,
	39.2774 41.7904,
	39.2938 41.8557,
	39.2122 41.9862,
	39.0979 42.1168,
	38.9674 42.0678,
	38.9021 42.1005,
	38.8695 42.1331,
	38.9837 42.2636,
	39 42.3289,
	38.739 42.4758,
	38.6084 42.5247,
	38.4779 42.6063,
	38.4615 42.6226,
	38.3963 42.5737,
	38.4452 42.5084,
	38.4779 42.4758,
	38.3963 42.3452,
	38.1352 42.4268,
	38.0046 42.541,
	37.9883 42.5737,
	38.0046 42.6063,
	37.8904 42.7369,
	37.8741 42.998,
	37.8415 43.0632,
	37.8415 43.1938,
	37.5804 43.7159,
	37.3846 43.977,
	37.254 44.0097,
	37.1887 43.9934,
	37.1235 44.026,
	37.0582 44.026,
	36.9277 43.9607,
	36.895 43.9444,
	36.8297 43.977,
	36.6992 44.0913,
	36.4381 44.0913,
	36.177 44.1402,
	36.1118 44.1565,
	35.9812 44.1076,
	35.9486 44.0913,
	35.818 44.1239,
	35.7528 44.1239,
	35.4917 44.2708,
	35.3611 44.3197,
	35.2306 44.4013,
	35.1653 44.4503,
	35.1327 44.4829,
	35.149 44.5155,
	35.1 44.5808,
	34.9695 44.6461,
	34.7084 44.6787,
	34.6431 44.7113,
	34.6105 44.7277,
	34.48 44.6624,
	34.4473 44.6461,
	34.3168 44.7766,
	33.7946 44.9888,
	33.6641 45.0377,
	33.5661 45.1682,
	33.4356 45.2335,
	33.3051 45.3314,
	33.2398 45.3967,
	33.1092 45.4457,
	32.9787 45.462,
	32.8482 45.5109,
	32.5871 45.7394,
	32.5218 45.7883,
	31.9996 45.8699,
	31.8691 45.9678,
	31.8038 46.0331,
	31.6733 46.0821,
	31.4122 46.0168,
	31.3469 46.0168,
	31.2816 45.9841,
	31.0205 45.9678,
	30.89 46.0005,
	30.6289 46.1147,
	30.4984 46.0821,
	30.3678 45.9678,
	30.2373 45.9026,
	30.172 45.8699,
	29.6498 45.8536,
	29.3887 45.8536,
	29.2582 45.8373,
	29.1276 45.772,
	29.0624 45.7231,
	29.0297 45.7231,
	28.8992 45.8536,
	28.8339 45.8862,
	28.8013 45.9189,
	28.8339 45.9841,
	28.8339 46.1147,
	28.8339 46.18,
	28.7197 46.3105,
	28.6544 46.3431,
	28.5239 46.4737,
	28.4586 46.5226,
	28.426 46.6532,
	28.2954 46.6695,
	28.0343 46.6369,
	27.9038 46.6858,
	27.6427 46.6532,
	27.5122 46.6369,
	27.4469 46.5879,
	27.5122 46.5226,
	27.5774 46.5063,
	27.6264 46.4411,
	27.4469 46.18,
	27.4958 46.1473,
	27.5611 46.18,
	27.659 46.3105,
	27.7243 46.3758,
	27.8548 46.4247,
	27.9854 46.3758,
	28.018 46.3431,
	27.9854 46.3105,
	27.8548 46.2779,
	27.8222 46.2452,
	27.9527 46.1147,
	28.018 46.0657,
	28.0507 46.0494,
	27.9854 46.0005,
	27.9201 46.0168,
	27.8548 46.0657,
	27.8059 46.1963,
	27.7733 46.2616,
	27.7569 46.2942,
	27.6917 46.2779,
	27.6427 46.1473,
	27.5774 46.0984,
	27.5122 46.0821,
	27.3816 46.1147,
	27.3163 46.0821,
	27.2674 46.0168,
	27.3979 45.9352,
	27.659 45.9026,
	27.6753 45.8862,
	27.6101 45.8373,
	27.4795 45.8699,
	27.349 45.8699,
	27.2837 45.8536,
	27.2348 45.7883,
	27.2348 45.7231,
	27.3 45.6578,
	27.8222 45.3641,
	28.0833 45.2662,
	28.1486 45.2498,
	28.2138 45.2009,
	28.3444 45.1519,
	28.4749 45.0377,
	28.5239 44.9072,
	28.5402 44.8419,
	28.4749 44.5808,
	28.4423 44.5155,
	28.377 44.4666,
	28.2465 44.4176,
	28.1486 44.2871,
	28.018 44.2055,
	27.7569 44.1239,
	27.6264 44.0586,
	27.3816 43.7975,
	27.2348 43.5364,
	27.1858 43.4059,
	27.2348 43.1448,
	27.2511 43.0795,
	27.1858 42.8185,
	27.1695 42.6879,
	27.2348 42.5574,
	27.2511 42.5247,
	27.2021 42.4595,
	27.1858 42.3942,
	27.2021 42.3616,
	27.1858 42.3289,
	26.9247 42.3942,
	26.6636 42.3616,
	26.4025 42.3942,
	26.272 42.3616,
	26.2067 42.2963,
	26.1741 42.2636,
	26.1741 42.1984,
	26.223 42.0678,
	26.2067 42.0026,
	26.1415 41.9536,
	26.0762 41.9536,
	26.0109 42.0026,
	26.0272 42.1331,
	26.0272 42.1657,
	25.962 42.2147,
	25.8967 42.1984,
	25.6356 41.9373,
	25.5377 41.6762,
	25.4071 41.5457,
	25.3745 41.513,
	25.3419 41.513,
	25.3092 41.4804,
	25.244 41.4641,
	25.2113 41.4314,
	24.9502 41.3662,
	24.6891 41.2682,
	24.5586 41.2356,
	24.4281 41.2519,
	24.3954 41.2356,
	24.2649 41.2846,
	24.1996 41.3335,
	24.1343 41.3335,
	24.1017 41.3335,
	24.0527 41.3988,
	23.9222 41.4151,
	23.6611 41.3825,
	23.5306 41.3335,
	23.2695 41.3009,
	23.1389 41.3172,
	23.0247 41.4477,
	23.0084 41.4641,
	23.041 41.4967,
	23.0573 41.6272,
	22.9594 41.7578,
	22.9268 41.8883,
	22.8615 41.9536,
	22.7963 41.9862,
	22.7147 42.2473,
	22.682 42.3126,
	22.6657 42.3289,
	22.6984 42.3452,
	22.7636 42.28,
	22.7963 42.2636,
	22.8452 42.3289,
	22.8615 42.3942,
	22.8452 42.4595,
	22.7799 42.4921,
	22.5189 42.4758,
	22.4536 42.4431,
	22.3557 42.7042,
	22.3394 42.9653,
	22.2741 43.0959,
	22.1599 43.2264,
	22.013 43.4875,
	21.9804 43.5038,
	21.9314 43.4712,
	21.9804 43.3406,
	22.0619 43.2101,
	22.1762 43.0959,
	22.2251 42.9653,
	22.2251 42.8348,
	22.1109 42.5737,
	22.0456 42.4431,
	21.9314 42.3616,
	21.8172 42.3126,
	21.7519 42.3452,
	21.6214 42.4595,
	21.4908 42.4431,
	21.4255 42.4105,
	21.1645 42.4595,
	21.0339 42.4431,
	20.9034 42.4595,
	20.8707 42.4758,
	20.9197 42.6063,
	20.936 42.6716,
	20.9197 42.8021,
	20.8707 42.8674,
	20.8381 42.8837,
	20.577 42.7532,
	20.4465 42.7369,
	20.3812 42.7695,
	20.2506 42.9,
	20.1854 42.9327,
	20.1527 42.949,
	20.0875 42.9164,
	20.0059 42.7858,
	19.8753 42.7042,
	19.8101 42.6879,
	19.7448 42.7042,
	19.4837 42.8837,
	19.3532 42.8674,
	19.2226 42.7532,
	19.141 42.4921,
	19.0594 42.3616,
	18.9942 42.3452,
	18.8636 42.4105,
	18.7983 42.3942,
	18.6678 42.2963,
	18.6352 42.231,
	18.6352 42.1657,
	18.6352 42.1494,
	"/>
</Transform>

<Transform dim="0"
 xcoef=" 0 1 0 0 0 0"
 ycoef=" 0 0 1 0 0 0">
<Contour name="TB2_NF07_RSL" hidden="false" closed="true" simplified="true" border="0 0 0.501961" fill="0 0 0.501961" mode="-9"
 points="20.3706 43.5057,
	20.3846 43.4685,
	20.3939 43.4499,
	20.4311 43.4173,
	20.459 43.394,
	20.5335 43.3428,
	20.5707 43.3196,
	20.608 43.3149,
	20.6452 43.3196,
	20.6685 43.3568,
	20.6964 43.4313,
	20.7057 43.5057,
	20.7057 43.5802,
	20.7057 43.6174,
	20.7569 43.7664,
	20.7616 43.8036,
	20.6871 43.8176,
	20.6126 43.8036,
	20.5382 43.7524,
	20.4637 43.7105,
	20.4544 43.7105,
	20.4172 43.6826,
	20.3985 43.6686,
	20.3799 43.6314,
	20.3706 43.5942,
	20.3706 43.5197,
	20.3706 43.5104,
	"/>
</Transform>

<Transform dim="0"
 xcoef=" 0 1 0 0 0 0"
 ycoef=" 0 0 1 0 0 0">
<Contour name="TB2_NF07_RSL" hidden="false" closed="true" simplified="true" border="0 0 0.501961" fill="0 0 0.501961" mode="-9"
 points="21.2037 43.7152,
	21.2549 43.6407,
	21.2875 43.6035,
	21.3107 43.5662,
	21.3387 43.4918,
	21.3573 43.4173,
	21.3619 43.3428,
	21.3666 43.3056,
	21.3666 43.2963,
	21.3759 43.287,
	21.3852 43.287,
	21.4038 43.3056,
	21.4038 43.3801,
	21.4178 43.4545,
	21.4038 43.6035,
	21.3899 43.6407,
	21.3712 43.636,
	21.3387 43.6733,
	21.2688 43.7245,
	21.2316 43.7338,
	21.213 43.7384,
	21.2037 43.7291,
	21.2037 43.7198,
	"/>
</Transform>

<Transform dim="0"
 xcoef=" 0 1 0 0 0 0"
 ycoef=" 0 0 1 0 0 0">
<Contour name="TB2_NF07_RSL" hidden="false" closed="true" simplified="true" border="0 0 0.501961" fill="0 0 0.501961" mode="-9"
 points="16.5171 36.967,
	16.5317 36.8889,
	16.5463 36.8499,
	16.5512 36.8304,
	16.6195 36.7621,
	16.6391 36.7523,
	16.6732 36.7133,
	16.7513 36.6694,
	16.8294 36.6498,
	16.9074 36.6157,
	16.9269 36.6157,
	17.005 36.6498,
	17.0831 36.6645,
	17.1221 36.6645,
	17.1612 36.6742,
	17.2002 36.6986,
	17.2197 36.6986,
	17.2588 36.6596,
	17.2978 36.645,
	17.3173 36.6401,
	17.3563 36.645,
	17.5125 36.7035,
	17.5906 36.7279,
	17.6296 36.7523,
	17.6637 36.7865,
	17.6686 36.806,
	17.6881 36.8255,
	17.7272 36.845,
	17.7662 36.8548,
	17.7857 36.8548,
	17.8638 36.8304,
	17.9028 36.8255,
	17.9809 36.7913,
	18.0004 36.7865,
	18.0395 36.7962,
	18.059 36.806,
	18.0736 36.8255,
	18.0639 36.9816,
	18.059 37.0597,
	18.0834 37.1378,
	18.1175 37.2159,
	18.1371 37.2549,
	18.1468 37.2744,
	18.1468 37.2842,
	18.1566 37.2939,
	18.1761 37.372,
	18.1859 37.4501,
	18.2346 37.6062,
	18.2639 37.7624,
	18.2981 38.0747,
	18.3078 38.1137,
	18.3176 38.1234,
	18.342 38.2015,
	18.3518 38.2796,
	18.3518 38.4357,
	18.3566 38.4748,
	18.3908 38.5528,
	18.4054 38.5919,
	18.4201 38.748,
	18.4445 38.9042,
	18.4493 38.9822,
	18.4347 39.1384,
	18.4298 39.1774,
	18.4298 39.1969,
	18.4152 39.236,
	18.3566 39.3092,
	18.3371 39.3189,
	18.3274 39.314,
	18.3225 39.3189,
	18.3127 39.314,
	18.3078 39.3189,
	18.2883 39.3092,
	18.2786 39.314,
	18.2395 39.2994,
	18.22 39.2945,
	18.2103 39.2896,
	18.1322 39.3238,
	18.1127 39.3287,
	18.1078 39.3336,
	18.1029 39.3287,
	18.0931 39.3384,
	18.0883 39.3336,
	18.0687 39.3433,
	18.0639 39.3384,
	18.059 39.3433,
	18.0541 39.3384,
	18.0492 39.3433,
	18.0443 39.3384,
	18.0395 39.3433,
	18.0248 39.3336,
	18.02 39.3384,
	18.0004 39.3336,
	17.9614 39.3433,
	17.9419 39.3384,
	17.937 39.3433,
	17.9321 39.3384,
	17.9272 39.3433,
	17.9224 39.3336,
	17.8833 39.3238,
	17.8053 39.2896,
	17.8004 39.2945,
	17.7613 39.2701,
	17.7223 39.236,
	17.6735 39.1725,
	17.6589 39.1628,
	17.6442 39.1433,
	17.6394 39.1237,
	17.615 39.0896,
	17.6101 39.0701,
	17.5564 38.992,
	17.5369 38.953,
	17.5222 38.9334,
	17.4539 38.7773,
	17.4344 38.7383,
	17.4247 38.6992,
	17.4149 38.6943,
	17.3759 38.5382,
	17.3466 38.4601,
	17.3271 38.3821,
	17.3173 38.304,
	17.3222 38.2259,
	17.3271 38.1869,
	17.3759 38.0307,
	17.41 37.8746,
	17.4295 37.8356,
	17.4637 37.6794,
	17.4783 37.6013,
	17.4881 37.5623,
	17.5076 37.5233,
	17.5125 37.4452,
	17.5369 37.3671,
	17.571 37.211,
	17.5662 37.1329,
	17.5662 37.0939,
	17.571 37.0744,
	17.5613 37.0353,
	17.5125 36.9719,
	17.4783 36.9426,
	17.4588 36.928,
	17.4539 36.9182,
	17.4442 36.9182,
	17.4149 36.8889,
	17.3368 36.8353,
	17.2978 36.806,
	17.2783 36.7865,
	17.2734 36.7913,
	17.2344 36.7718,
	17.2148 36.7669,
	17.1758 36.7426,
	17.166 36.7426,
	17.127 36.7182,
	17.088 36.7035,
	17.0782 36.6986,
	17.0733 36.7035,
	17.0685 36.6986,
	17.0587 36.7035,
	17.0538 36.6938,
	17.0441 36.6986,
	17.0343 36.6938,
	17.0245 36.6986,
	17.0148 36.6938,
	16.9367 36.7182,
	16.8977 36.7426,
	16.8196 36.7669,
	16.7806 36.7865,
	16.761 36.7962,
	16.7464 36.8157,
	16.7415 36.8353,
	16.7269 36.8548,
	16.7269 36.8645,
	16.7122 36.8841,
	16.7122 36.8938,
	16.7025 36.9036,
	16.6781 36.9816,
	16.6781 37.0207,
	16.6537 37.0988,
	16.6342 37.1378,
	16.6293 37.1573,
	16.6195 37.1671,
	16.6 37.1671,
	16.5805 37.1573,
	16.5268 37.0792,
	16.5219 37.0012,
	16.5219 36.9816,
	16.5219 36.9719,
	"/>
<Contour name="TB2_NF07_RSL" hidden="false" closed="true" simplified="true" border="0 0 0.501961" fill="0 0 0.501961" mode="-9"
 points="17.693 39.3433,
	17.7174 39.3043,
	17.7369 39.2994,
	17.815 39.3287,
	17.8345 39.3433,
	17.9126 39.358,
	17.9516 39.3677,
	18.0297 39.3677,
	18.0687 39.3628,
	18.0883 39.3628,
	18.1273 39.3482,
	18.1663 39.3238,
	18.1859 39.3189,
	18.2249 39.2945,
	18.259 39.2604,
	18.2981 39.2457,
	18.3176 39.2408,
	18.3957 39.275,
	18.4249 39.314,
	18.4298 39.3531,
	18.4103 39.3921,
	18.4006 39.4311,
	18.381 39.4702,
	18.3713 39.5092,
	18.3615 39.519,
	18.3566 39.5385,
	18.342 39.558,
	18.3322 39.5678,
	18.3225 39.5678,
	18.2883 39.6019,
	18.2639 39.641,
	18.2542 39.6605,
	18.2493 39.6995,
	18.2298 39.7386,
	18.2103 39.7581,
	18.1712 39.7776,
	18.1566 39.7825,
	18.1517 39.7776,
	18.1419 39.7874,
	18.1371 39.7825,
	18.1175 39.7971,
	18.1127 39.7922,
	18.1078 39.802,
	18.1273 39.8117,
	18.1127 39.8264,
	18.0736 39.8313,
	18.0687 39.8264,
	18.0297 39.841,
	18.0102 39.8459,
	17.9907 39.841,
	17.9858 39.8459,
	17.9809 39.841,
	17.976 39.8459,
	17.9663 39.841,
	17.9614 39.8459,
	17.9516 39.841,
	17.9419 39.8459,
	17.9321 39.841,
	17.9224 39.8459,
	17.9175 39.841,
	17.9126 39.8459,
	17.9077 39.841,
	17.898 39.8459,
	17.8589 39.8117,
	17.8297 39.7727,
	17.8101 39.7532,
	17.8004 39.7434,
	17.7809 39.7386,
	17.7467 39.6995,
	17.7321 39.6605,
	17.7272 39.641,
	17.7369 39.5629,
	17.7418 39.5239,
	17.7272 39.4458,
	17.7174 39.4068,
	17.6979 39.3677,
	17.693 39.3482,
	"/>
</Transform>

<Transform dim="0"
 xcoef=" 0 1 0 0 0 0"
 ycoef=" 0 0 1 0 0 0">
<Contour name="TB2_NF07_RSL" hidden="false" closed="true" simplified="true" border="0 0 0.501961" fill="0 0 0.501961" mode="-9"
 points="17.532 40.2265,
	17.571 40.1875,
	17.6198 40.1094,
	17.6442 40.0704,
	17.6491 40.0313,
	17.6442 39.9923,
	17.6296 39.9533,
	17.5662 39.8801,
	17.5515 39.841,
	17.5564 39.8215,
	17.571 39.8069,
	17.5906 39.802,
	17.6296 39.8069,
	17.6686 39.7971,
	17.7077 39.8069,
	17.7467 39.802,
	17.7662 39.8069,
	17.776 39.8069,
	17.7906 39.8459,
	17.7906 39.8654,
	17.7662 39.9045,
	17.7565 39.9093,
	17.7467 39.9484,
	17.7418 40.1045,
	17.7272 40.1826,
	17.7321 40.2021,
	17.7223 40.2411,
	17.6833 40.2558,
	17.6442 40.2607,
	17.6052 40.2558,
	17.5857 40.2509,
	17.5466 40.2558,
	17.532 40.2363,
	17.532 40.2314,
	"/>
</Transform>

<Transform dim="0"
 xcoef=" 0 1 0 0 0 0"
 ycoef=" 0 0 1 0 0 0">
<Image mag="0.00749" contrast="1" brightness="0" red="true" green="true" blue="true"
 src="Alg_stitch3-4_318.tif" />
<Contour name="TB1_t3cell02_synapse" hidden="false" closed="true" simplified="false" border="0 0 1" fill="0 0 1" mode="11"
 points="0 0,
	15652 0,
	15652 8578,
	0 8578,
	"/>
</Transform>

</Section>