<?xml version="1.0"?>
<!DOCTYPE Section SYSTEM "section.dtd">

<Section index="200" thickness="0.08" alignLocked="true">
<Transform dim="0"
 xcoef=" 0 1 0 0 0 0"
 ycoef=" 0 0 1 0 0 0">
<Image mag="0.00749" contrast="1" brightness="0" red="true" green="true" blue="true"
 src="Alg_stitch3-4_200.tif" />
<Contour name="domain1" hidden="false" closed="true" simplified="false" border="1 0 1" fill="1 0 1" mode="11"
 points="0 0,
	15652 0,
	15652 8578,
	0 8578,
	"/>
</Transform>

<Transform dim="0"
 xcoef=" 0 1 0 0 0 0"
 ycoef=" 0 0 1 0 0 0">
<Contour name="TB3_NF01-PG_RSL" hidden="false" closed="true" simplified="true" border="1 1 0" fill="1 1 0" mode="-9"
 points="14.88 17.26,
	14.89 17.25,
	14.91 17.29,
	14.99 17.35,
	15.15 17.41,
	15.21 17.48,
	15.25 17.52,
	15.24 17.6,
	15.2 17.68,
	15.12 17.76,
	15.09 17.84,
	15.09 17.88,
	15.06 17.96,
	15.04 18,
	15 18.03,
	14.98 18.03,
	14.96 18.05,
	14.94 17.97,
	14.89 17.33,
	14.88 17.29,
	14.88 17.27,
	"/>
</Transform>

<Transform dim="0"
 xcoef=" 0 1 0 0 0 0"
 ycoef=" 0 0 1 0 0 0">
<Contour name="TB1_T2cell01_CM_RSL" hidden="false" closed="true" simplified="true" border="0.501961 0.501961 0.501961" fill="0.501961 0.501961 0.501961" mode="11"
 points="73.1821 39.5475,
	73.3583 39.2911,
	73.4865 39.1949,
	73.5346 38.9386,
	73.7429 38.6822,
	73.791 38.6181,
	74.0474 38.4739,
	74.3038 38.4578,
	74.4319 38.4418,
	74.464 38.4098,
	74.7204 38.3937,
	74.9768 38.4418,
	75.105 38.4739,
	75.2331 38.4739,
	75.3613 38.4418,
	75.4895 38.4418,
	75.5536 38.4578,
	75.6818 38.3457,
	75.7299 38.2816,
	75.7459 38.1534,
	75.8581 38.0412,
	75.9062 37.9771,
	75.9703 37.9451,
	76.0664 37.8329,
	76.1305 37.8489,
	76.1625 37.881,
	76.1625 37.9451,
	76.2587 38.0733,
	76.3068 38.3296,
	76.3068 38.3937,
	76.2587 38.5219,
	76.2587 38.6501,
	76.1305 38.9065,
	76.0985 38.9706,
	76.0344 39.0347,
	76.0023 39.0988,
	75.9863 39.1309,
	76.0183 39.1629,
	76.0183 39.2911,
	76.0504 39.3231,
	76.0824 39.5795,
	76.0664 39.6436,
	76.0344 39.6757,
	76.0023 39.8039,
	75.9222 39.9321,
	75.8901 39.9962,
	75.778 40.1243,
	75.7139 40.2525,
	75.6818 40.5089,
	75.6017 40.7653,
	75.5697 40.8294,
	75.5056 40.8775,
	75.2492 40.9256,
	75.121 40.9416,
	74.9928 40.9256,
	74.7364 40.8134,
	74.6082 40.7493,
	74.496 40.6371,
	74.4159 40.541,
	74.3518 40.4128,
	74.2717 40.1564,
	74.2397 40.0923,
	74.1756 40.0442,
	74.0474 40.0122,
	73.9352 40.1243,
	73.8711 40.2525,
	73.8391 40.3166,
	73.8391 40.4448,
	73.8391 40.5089,
	73.791 40.557,
	73.6628 40.541,
	73.4224 40.3006,
	73.3904 40.2365,
	73.3904 39.9801,
	73.3904 39.916,
	73.2782 39.7878,
	73.2141 39.7398,
	73.1821 39.6757,
	73.1821 39.5635,
	"/>
</Transform>

<Transform dim="0"
 xcoef=" 0 1 0 0 0 0"
 ycoef=" 0 0 1 0 0 0">
<Contour name="TB1_Shell_RSL" hidden="false" closed="true" simplified="true" border="0.752941 0.752941 0.752941" fill="0.752941 0.752941 0.752941" mode="9"
 points="59.0036 25.723,
	59.756 23.8708,
	59.756 23.4657,
	59.9296 23.2342,
	60.3927 23.0026,
	60.6242 22.9448,
	60.74 22.829,
	62.5921 22.1923,
	63.5182 21.7872,
	63.9812 21.6135,
	64.9073 21.4978,
	65.1388 21.4978,
	65.3703 21.382,
	65.8334 21.382,
	66.2964 21.1505,
	66.5279 20.919,
	66.6437 20.8611,
	66.9331 20.7453,
	70.6374 20.2244,
	71.5634 20.0508,
	72.4895 20.1087,
	74.3416 20.3981,
	75.2677 20.3402,
	75.4992 20.3402,
	75.615 20.3402,
	76.3674 21.2663,
	77.1199 23.1184,
	77.2356 23.3499,
	77.525 25.2021,
	77.525 27.0542,
	77.4093 28.9064,
	77.1199 30.7585,
	77.062 31.2215,
	76.8305 31.6846,
	76.7147 31.9161,
	76.8305 33.7682,
	77.0041 34.2313,
	77.1199 34.4628,
	77.1199 35.3889,
	77.1199 35.8519,
	77.525 36.778,
	77.8144 37.704,
	77.8144 37.9356,
	77.9302 38.1671,
	77.9302 39.0931,
	77.8723 39.5562,
	77.4671 40.4823,
	77.062 40.9453,
	76.5411 41.8714,
	74.7468 43.3762,
	73.8207 44.0129,
	72.8947 44.1865,
	72.4316 44.2444,
	71.5055 44.6496,
	70.5795 44.8232,
	69.6534 44.8811,
	69.4219 44.8811,
	67.5697 45.4599,
	67.1067 45.6335,
	66.1806 46.3281,
	65.8912 46.7911,
	65.4861 47.2542,
	65.023 47.5435,
	64.097 47.7751,
	63.1709 47.8329,
	62.9394 47.8329,
	62.0133 48.2381,
	61.5503 48.4117,
	60.6242 48.4117,
	60.3927 48.3539,
	60.0454 47.9487,
	59.1193 47.6593,
	58.2511 46.7911,
	57.7881 46.3281,
	57.3251 46.0387,
	56.862 45.5756,
	56.6884 45.3441,
	56.6305 44.4181,
	56.7463 42.5659,
	56.8042 42.1029,
	57.0936 41.1768,
	57.3251 40.7138,
	57.6723 38.8616,
	57.9039 37.9356,
	58.2511 37.0095,
	58.6563 35.1573,
	58.8878 34.2313,
	59.0036 33.7682,
	59.0615 31.9161,
	58.9457 30.99,
	58.8878 27.2857,
	58.8299 26.8227,
	59.0036 25.8966,
	59.0036 25.7809,
	"/>
</Transform>

<Transform dim="0"
 xcoef=" 0 1 0 0 0 0"
 ycoef=" 0 0 1 0 0 0">
<Contour name="TB1_NF03_RKJ" hidden="false" closed="true" simplified="true" border="0.501961 0.501961 1" fill="0.501961 0 1" mode="-9"
 points="62.3856 33.6608,
	62.4103 33.5618,
	62.4598 33.5494,
	62.5217 33.4505,
	62.6206 33.3639,
	62.6454 33.3391,
	62.6949 33.3391,
	62.8928 33.2278,
	62.9423 33.1907,
	62.9918 33.1783,
	63.0907 33.0917,
	63.1897 33.0422,
	63.2392 33.0051,
	63.4371 32.9804,
	63.5361 32.9556,
	63.635 32.9556,
	63.734 32.9309,
	63.833 32.9309,
	63.8825 32.9185,
	63.9072 32.9185,
	64.0062 32.8443,
	64.1051 32.7948,
	64.3031 32.7701,
	64.3525 32.7824,
	64.4515 32.7701,
	64.501 32.7948,
	64.6989 32.8196,
	64.7979 32.869,
	64.8474 32.8814,
	65.0453 33.0175,
	65.1319 33.1041,
	65.1566 33.1536,
	65.1443 33.203,
	65.0453 33.302,
	64.9958 33.3515,
	64.8969 33.401,
	64.8474 33.4257,
	64.7484 33.4381,
	64.6989 33.4381,
	64.6742 33.4257,
	64.6247 33.4381,
	64.6 33.4505,
	64.501 33.4381,
	64.3031 33.4505,
	64.2041 33.4628,
	64.1051 33.4381,
	63.9072 33.4505,
	63.8577 33.4628,
	63.7588 33.4505,
	63.5608 33.3886,
	63.3629 33.3515,
	63.3134 33.3515,
	63.2144 33.3144,
	63.1155 33.302,
	63.0165 33.3391,
	62.967 33.3639,
	62.8928 33.4628,
	62.8681 33.4876,
	62.7815 33.6855,
	62.7691 33.7102,
	62.7815 33.735,
	62.7196 33.834,
	62.7072 33.8092,
	62.6083 33.8463,
	62.5588 33.8587,
	62.4598 33.834,
	62.3856 33.7474,
	62.3856 33.6979,
	62.3856 33.6731,
	"/>
</Transform>

<Transform dim="0"
 xcoef=" 0 1 0 0 0 0"
 ycoef=" 0 0 1 0 0 0">
<Contour name="TB1_NF14_RKJ" hidden="false" closed="true" simplified="true" border="1 1 0" fill="1 1 0" mode="-15"
 points="68.8325 26.9521,
	68.8616 26.8941,
	68.9777 26.8214,
	69.0939 26.8069,
	69.3263 26.836,
	69.3843 26.8505,
	69.4424 26.9667,
	69.4715 27.0828,
	69.4715 27.199,
	69.4134 27.4314,
	69.3843 27.4894,
	69.2682 27.5621,
	69.152 27.5766,
	69.0358 27.5475,
	69.0358 27.5185,
	68.9777 27.4604,
	68.9487 27.4023,
	68.9197 27.3733,
	68.9197 27.3442,
	68.8761 27.2861,
	68.8325 27.0538,
	68.8325 26.9957,
	68.8325 26.9667,
	"/>
</Transform>

<Transform dim="0"
 xcoef=" 0 1 0 0 0 0"
 ycoef=" 0 0 1 0 0 0">
<Contour name="TB1_NF14_RKJ" hidden="false" closed="true" simplified="true" border="1 1 0" fill="1 1 0" mode="-15"
 points="70.1395 24.8756,
	70.2411 24.4109,
	70.2556 24.1785,
	70.2847 24.0623,
	70.2847 23.5976,
	70.3282 23.4815,
	70.3573 23.4234,
	70.4735 23.3363,
	70.5025 23.3363,
	70.5751 23.4524,
	70.6477 23.9171,
	70.6768 23.9752,
	70.6913 24.0914,
	70.6913 24.1495,
	70.7203 24.2076,
	70.7349 24.3237,
	70.822 24.5561,
	70.851 24.6722,
	70.9527 24.9046,
	71.1269 25.1224,
	71.2286 25.195,
	71.3448 25.3112,
	71.4174 25.4274,
	71.4319 25.5435,
	71.4174 25.6016,
	71.3157 25.7033,
	71.1995 25.7759,
	71.156 25.834,
	71.1269 25.863,
	71.1269 25.9211,
	71.2286 26.1535,
	71.2141 26.2696,
	71.1415 26.3858,
	71.0979 26.4439,
	71.0398 26.4729,
	70.9236 26.5891,
	70.8655 26.6327,
	70.851 26.6472,
	70.8655 26.6762,
	70.851 26.6908,
	70.8075 26.6327,
	70.822 26.6036,
	70.7784 26.3713,
	70.7494 26.2551,
	70.6913 26.1389,
	70.6622 26.0808,
	70.5461 25.9792,
	70.5025 25.9211,
	70.4735 25.8921,
	70.4589 25.834,
	70.4154 25.7759,
	70.4154 25.7468,
	70.3718 25.6888,
	70.3282 25.4564,
	70.2121 25.2241,
	70.154 24.9917,
	70.1395 24.8901,
	"/>
</Transform>

<Transform dim="0"
 xcoef=" 0 1 0 0 0 0"
 ycoef=" 0 0 1 0 0 0">
<Contour name="TB1_NF14_RKJ" hidden="false" closed="true" simplified="true" border="1 1 0" fill="1 1 0" mode="-15"
 points="76.3838 29.566,
	76.4273 29.3337,
	76.4273 29.3046,
	76.4854 29.2466,
	76.5435 29.232,
	76.6597 29.2756,
	76.7032 29.3337,
	76.7323 29.4499,
	76.7178 29.6822,
	76.6887 29.7984,
	76.6597 29.8565,
	76.6597 29.8855,
	76.6016 29.9291,
	76.5435 29.9436,
	76.4854 29.9291,
	76.4709 29.9146,
	76.4564 29.9291,
	76.3983 29.8129,
	76.3838 29.5806,
	"/>
<Contour name="TB1_NF14_RKJ" hidden="false" closed="true" simplified="true" border="1 1 0" fill="1 1 0" mode="-15"
 points="75.6577 27.4314,
	75.6867 27.4023,
	75.6867 27.3733,
	75.7448 27.3152,
	75.861 27.3297,
	75.9772 27.4023,
	76.0352 27.4314,
	76.1079 27.6637,
	76.224 27.7508,
	76.3112 27.8525,
	76.3547 27.9106,
	76.3692 28.1429,
	76.3692 28.172,
	76.4128 28.23,
	76.6452 28.2736,
	76.7613 28.2591,
	76.8194 28.2736,
	76.8485 28.2736,
	76.9646 28.3753,
	76.9937 28.4914,
	76.9937 28.5495,
	76.9792 28.5786,
	76.863 28.564,
	76.8485 28.5495,
	76.892 28.5205,
	76.8339 28.4769,
	76.7178 28.4479,
	76.6742 28.4333,
	76.6161 28.4479,
	76.4999 28.4043,
	76.3838 28.4188,
	76.2676 28.4043,
	76.224 28.3607,
	76.2095 28.2446,
	76.224 28.1284,
	76.224 28.0703,
	76.0788 27.838,
	75.9917 27.7218,
	75.8755 27.6637,
	75.7593 27.6347,
	75.6577 27.533,
	75.6577 27.4749,
	75.6577 27.4459,
	"/>
<Contour name="TB1_NF14_RKJ" hidden="false" closed="true" simplified="true" border="1 1 0" fill="1 1 0" mode="-15"
 points="73.7408 26.7488,
	73.9441 26.531,
	73.9732 26.4729,
	73.9877 26.3568,
	74.0022 26.2987,
	74.1039 26.197,
	74.162 26.1825,
	74.22 26.197,
	74.3362 26.1535,
	74.4524 26.1389,
	74.5105 26.1244,
	74.6993 25.9356,
	74.7573 25.9211,
	74.8735 25.9792,
	74.9897 25.9356,
	75.1059 25.9211,
	75.222 25.9792,
	75.4253 26.197,
	75.5415 26.3132,
	75.5996 26.4148,
	75.5996 26.4729,
	75.5415 26.5891,
	75.527 26.7053,
	75.5706 26.9376,
	75.5706 27.17,
	75.5415 27.2861,
	75.5415 27.3442,
	75.5125 27.3733,
	75.4834 27.3733,
	75.3673 27.4604,
	75.3092 27.504,
	75.193 27.504,
	75.0913 27.4023,
	74.9897 27.3297,
	74.8735 27.2281,
	74.7573 27.1845,
	74.6993 27.17,
	74.5976 27.0538,
	74.5395 27.0248,
	74.3072 27.0248,
	74.0748 26.9957,
	73.8425 26.9086,
	73.7844 26.865,
	73.7408 26.7634,
	"/>
</Transform>

<Transform dim="0"
 xcoef=" 0 1 0 0 0 0"
 ycoef=" 0 0 1 0 0 0">
<Contour name="TB1_T2Cell11_CM_LES" hidden="false" closed="true" simplified="true" border="0 0 1" fill="0 0 1" mode="9"
 points="70.1683 20.7869,
	70.4335 20.7704,
	70.5662 20.6875,
	70.6822 20.5714,
	70.7982 20.5051,
	70.7817 20.4388,
	70.9143 20.3891,
	71.0469 20.4388,
	71.1795 20.4554,
	71.1961 20.3228,
	71.1961 20.2565,
	71.2458 20.1902,
	71.3121 20.157,
	71.3453 20.157,
	71.4116 20.2233,
	71.511 20.4886,
	71.5442 20.5383,
	71.6105 20.5217,
	71.6436 20.4554,
	71.6271 20.3228,
	71.7431 20.2399,
	71.8094 20.2233,
	71.942 20.2731,
	72.0249 20.4057,
	72.0912 20.4554,
	72.1575 20.472,
	72.4227 20.4222,
	72.688 20.2565,
	72.7543 20.2565,
	72.8703 20.3394,
	73.0029 20.3891,
	73.2681 20.4388,
	73.3344 20.472,
	73.3676 20.4886,
	73.351 20.5549,
	73.2184 20.6377,
	72.9532 20.7372,
	72.688 20.8035,
	72.6216 20.8201,
	72.5885 20.8532,
	72.4559 20.8864,
	72.3233 20.9693,
	72.1907 21.0853,
	72.1575 21.2179,
	72.1409 21.2842,
	72.1078 21.3174,
	71.8426 21.334,
	71.7099 21.3174,
	71.6768 21.2842,
	71.6105 21.2676,
	71.7265 21.1848,
	71.7928 21.1516,
	71.7928 21.1185,
	71.6602 21.1019,
	71.5276 21.2345,
	71.4613 21.2842,
	71.3287 21.2842,
	71.2624 21.3008,
	70.9971 21.4666,
	70.9143 21.5826,
	70.848 21.6489,
	70.7817 21.6821,
	70.7319 21.6323,
	70.7319 21.5992,
	70.6656 21.5826,
	70.533 21.5992,
	70.4667 21.5992,
	70.3341 21.5329,
	70.3009 21.4997,
	70.2678 21.4997,
	70.2512 21.4334,
	70.2678 21.3671,
	70.3838 21.2676,
	70.5164 21.2511,
	70.649 21.1682,
	70.649 21.1019,
	70.533 21.019,
	70.4004 21.0024,
	70.2678 20.9527,
	70.2015 20.9361,
	70.1683 20.9195,
	70.1683 20.8035,
	"/>
</Transform>

<Transform dim="0"
 xcoef=" 0 1 0 0 0 0"
 ycoef=" 0 0 1 0 0 0">
<Contour name="TB1_NF53_LES" hidden="false" closed="true" simplified="true" border="1 0.501961 0.501961" fill="1 0.501961 0.501961" mode="-9"
 points="86.1125 43.0167,
	86.2181 42.9771,
	86.2708 42.9375,
	86.3368 42.7265,
	86.3895 42.6869,
	86.4423 42.6737,
	86.4687 42.6605,
	86.5742 42.6869,
	86.6797 42.7661,
	86.838 42.9771,
	86.904 43.0826,
	86.9304 43.1354,
	86.9831 43.1882,
	87.0095 43.2937,
	87.0095 43.3992,
	86.9963 43.452,
	86.9568 43.5048,
	86.904 43.5048,
	86.8249 43.4124,
	86.7721 43.3729,
	86.7457 43.3729,
	86.7325 43.4256,
	86.7457 43.5311,
	86.7457 43.5839,
	86.6797 43.6763,
	86.4687 43.6235,
	86.2708 43.452,
	86.2444 43.4256,
	86.2444 43.3201,
	86.2312 43.2673,
	86.1521 43.1618,
	86.1125 43.0563,
	86.1125 43.0299,
	"/>
</Transform>

<Transform dim="0"
 xcoef=" 0 1 0 0 0 0"
 ycoef=" 0 0 1 0 0 0">
<Contour name="TB1_NF53_LES" hidden="false" closed="true" simplified="true" border="1 0.501961 0.501961" fill="1 0.501961 0.501961" mode="-9"
 points="91.8375 43.3597,
	91.8639 43.3333,
	91.9694 43.3069,
	92.1805 43.2937,
	92.2333 43.2805,
	92.3256 43.1882,
	92.4311 43.175,
	92.5235 43.2805,
	92.563 43.3333,
	92.5499 43.4388,
	92.5103 43.5443,
	92.4575 43.5971,
	92.4443 43.6499,
	92.3916 43.7026,
	92.3388 43.7158,
	92.2333 43.6894,
	92.0222 43.5707,
	91.9167 43.5311,
	91.8639 43.4916,
	91.8375 43.4652,
	91.8375 43.3729,
	"/>
</Transform>

<Transform dim="0"
 xcoef=" 0 1 0 0 0 0"
 ycoef=" 0 0 1 0 0 0">
<Contour name="TB1_NF53_LES" hidden="false" closed="true" simplified="true" border="1 0.501961 0.501961" fill="1 0.501961 0.501961" mode="-9"
 points="90.6507 43.6792,
	90.6771 43.5736,
	90.6902 43.5209,
	90.7562 43.4153,
	90.9673 43.2702,
	91.0728 43.2966,
	91.1783 43.3626,
	91.2179 43.4153,
	91.2311 43.4681,
	91.1124 43.4813,
	91.0068 43.4153,
	90.9541 43.4021,
	90.9145 43.4549,
	90.9013 43.5077,
	90.9409 43.5604,
	90.9936 43.5868,
	91.086 43.6923,
	91.1256 43.7979,
	91.1388 43.9034,
	91.1256 43.9562,
	90.9277 44.0881,
	90.8749 44.0881,
	90.8354 44.0617,
	90.7958 43.9562,
	90.7298 43.8506,
	90.6902 43.7979,
	90.6507 43.6923,
	"/>
</Transform>

<Transform dim="0"
 xcoef=" 0 1 0 0 0 0"
 ycoef=" 0 0 1 0 0 0">
<Contour name="TB1_NF53_LES" hidden="false" closed="true" simplified="true" border="1 0.501961 0.501961" fill="1 0.501961 0.501961" mode="-9"
 points="76.3206 43.0583,
	76.3819 42.8621,
	76.3819 42.8131,
	76.4432 42.715,
	76.4799 42.6782,
	76.578 42.6537,
	76.6271 42.6414,
	76.7251 42.6537,
	76.8232 42.6169,
	76.9213 42.5433,
	76.9704 42.5066,
	77.0684 42.482,
	77.1175 42.4453,
	77.3136 42.4207,
	77.3627 42.4698,
	77.3627 42.4943,
	77.5466 42.6537,
	77.5711 42.7027,
	77.4853 42.7763,
	77.2891 42.7395,
	77.191 42.764,
	77.142 42.8008,
	77.142 42.8253,
	77.0439 42.9234,
	76.9458 42.9725,
	76.8968 42.997,
	76.8477 43.046,
	76.8232 43.0705,
	76.8232 43.0951,
	76.8477 43.1073,
	76.7987 43.1564,
	76.7006 43.2054,
	76.5045 43.1931,
	76.4064 43.1809,
	76.3573 43.1686,
	76.3206 43.1196,
	76.3206 43.0705,
	"/>
</Transform>

<Transform dim="0"
 xcoef=" 0 1 0 0 0 0"
 ycoef=" 0 0 1 0 0 0">
<Contour name="TB1_IMMCell02_CM_RKJ" hidden="false" closed="true" simplified="true" border="1 0.501961 0.25098" fill="1 0.501961 0.752941" mode="15"
 points="59.4797 43.1459,
	59.5025 43.1002,
	59.5938 43.0431,
	59.6851 43.0317,
	59.7764 43.0546,
	59.9591 43.1459,
	60.0504 43.1345,
	60.096 43.123,
	60.1873 43.066,
	60.37 42.9861,
	60.4613 42.9518,
	60.5069 42.929,
	60.6896 42.9518,
	60.7809 42.9404,
	60.8722 42.9518,
	60.9179 42.9747,
	60.9635 42.9747,
	60.9863 42.9861,
	60.9863 43.0089,
	61.032 43.0431,
	61.0548 43.0888,
	61.0777 43.0888,
	61.1119 43.1345,
	61.1576 43.1573,
	61.1804 43.1801,
	61.1804 43.2029,
	61.2603 43.2828,
	61.2831 43.3057,
	61.2831 43.3513,
	61.2375 43.4426,
	61.0891 43.6139,
	61.0092 43.6938,
	60.8265 43.7737,
	60.7809 43.7851,
	60.7581 43.7851,
	60.7124 43.8193,
	60.6896 43.8193,
	60.6439 43.8536,
	60.5983 43.865,
	60.5298 43.9449,
	60.5184 44.0362,
	60.5526 44.0704,
	60.6439 44.0818,
	60.8265 44.0476,
	61.0092 43.9905,
	61.1005 43.9905,
	61.1918 44.0133,
	61.2375 44.0248,
	61.2603 44.0248,
	61.3516 44.0932,
	61.4087 44.1731,
	61.3973 44.2645,
	61.3516 44.3558,
	61.1804 44.527,
	61.0662 44.7096,
	60.9749 44.7895,
	60.8836 44.8466,
	60.838 44.8694,
	60.6553 44.8808,
	60.564 44.9037,
	60.5184 44.9151,
	60.4955 44.9265,
	60.4499 44.9037,
	60.37 44.8238,
	60.2787 44.7895,
	60.233 44.7895,
	60.1873 44.8123,
	60.1531 44.858,
	60.0846 45.0406,
	60.0618 45.0863,
	59.9819 45.1548,
	59.9362 45.1662,
	59.9248 45.1776,
	59.9134 45.1548,
	59.9362 45.1205,
	59.8449 45.0863,
	59.7993 45.0749,
	59.7079 45.0178,
	59.628 44.9265,
	59.6166 44.9037,
	59.5938 44.9151,
	59.5596 44.8808,
	59.5481 44.7895,
	59.5938 44.6069,
	59.7194 44.4243,
	59.7422 44.3786,
	59.7878 44.3329,
	59.902 44.1503,
	59.9362 44.059,
	59.9362 43.8764,
	59.8906 43.6938,
	59.8335 43.6139,
	59.7422 43.5568,
	59.6965 43.5111,
	59.6166 43.4541,
	59.5367 43.3742,
	59.5025 43.2828,
	59.4797 43.26,
	59.4797 43.1687,
	59.4797 43.1573,
	"/>
</Transform>

<Transform dim="0"
 xcoef=" 0 1 0 0 0 0"
 ycoef=" 0 0 1 0 0 0">
<Contour name="TB1_t2cell07_CM_RKJ" hidden="false" closed="true" simplified="true" border="1 0 0.501961" fill="0 0.501961 0.752941" mode="15"
 points="61.8646 33.8529,
	61.9337 33.7838,
	62.0126 33.7542,
	62.1705 33.7443,
	62.21 33.7542,
	62.2297 33.7641,
	62.2692 33.7345,
	62.2988 33.6555,
	62.3481 33.5766,
	62.4073 33.4187,
	62.4961 33.2609,
	62.7329 32.9451,
	62.802 32.8662,
	62.8217 32.7873,
	62.802 32.6294,
	62.7724 32.5899,
	62.7625 32.5702,
	62.6836 32.5505,
	62.6046 32.5603,
	62.5257 32.6294,
	62.4468 32.659,
	62.3678 32.6491,
	62.3284 32.6195,
	62.3185 32.5406,
	62.3284 32.5011,
	62.4665 32.3433,
	62.5454 32.2841,
	62.6934 32.1262,
	62.7724 32.0769,
	63.0881 31.9881,
	63.246 31.9782,
	63.4038 31.9091,
	63.5617 31.8203,
	63.6406 31.8006,
	63.9564 31.6427,
	64.2721 31.3862,
	64.43 31.248,
	64.5089 31.1691,
	64.6668 31.0606,
	64.7457 31.0112,
	64.9036 30.9422,
	65.0615 30.8435,
	65.1404 30.7744,
	65.2193 30.7251,
	65.8508 30.1331,
	66.1665 29.847,
	66.3244 29.6891,
	66.3935 29.6102,
	66.4724 29.4523,
	66.502 29.3734,
	66.5119 29.2155,
	66.5119 29.176,
	66.5711 29.0182,
	66.6007 28.9886,
	66.6303 29.028,
	66.6007 29.1859,
	66.65 29.255,
	66.7191 29.176,
	66.7881 29.0182,
	66.8671 28.959,
	66.946 28.9294,
	66.9855 28.9491,
	67.0348 29.028,
	67.0644 29.0576,
	67.1433 29.028,
	67.3012 28.9195,
	67.3801 28.8504,
	67.4591 28.8011,
	67.538 28.7814,
	67.5479 28.7715,
	67.5676 28.7912,
	67.6761 28.6334,
	67.8143 28.4854,
	67.9722 28.3768,
	68.0116 28.3374,
	68.1695 28.2387,
	68.3274 28.219,
	68.4063 28.2091,
	68.5642 28.1203,
	68.722 27.9624,
	68.8799 27.8341,
	69.0378 27.7355,
	69.1167 27.696,
	69.2746 27.6664,
	69.4324 27.6565,
	69.5114 27.6171,
	69.5804 27.548,
	69.6199 27.5085,
	69.6692 27.4296,
	69.6988 27.3507,
	69.7087 27.3112,
	69.6988 27.2717,
	69.6199 27.2027,
	69.541 27.1632,
	69.5015 27.1336,
	69.4818 27.1139,
	69.462 27.0349,
	69.462 26.956,
	69.4522 26.9165,
	69.462 26.8771,
	69.5015 26.8376,
	69.5804 26.8277,
	69.7383 26.8475,
	69.8172 26.8771,
	69.8567 26.8968,
	69.8962 26.8869,
	69.9751 26.8179,
	70.0047 26.7389,
	69.9948 26.66,
	69.9159 26.5909,
	69.837 26.5416,
	69.7778 26.4627,
	69.758 26.3837,
	69.8271 26.2259,
	69.8567 26.1469,
	69.9159 26.068,
	69.985 26.0285,
	70.0639 26.0088,
	70.2218 26.0187,
	70.3007 26.0187,
	70.3402 26.0187,
	70.4191 26.0483,
	70.4684 26.1272,
	70.5178 26.2851,
	70.5868 26.3541,
	70.6658 26.3837,
	70.7447 26.4331,
	70.7842 26.512,
	70.7743 26.6699,
	70.7743 26.6896,
	70.794 26.7093,
	70.8335 26.6797,
	70.9124 26.6501,
	71.0605 26.4923,
	71.1493 26.3344,
	71.2183 26.1765,
	71.2479 26.0976,
	71.3071 26.0187,
	71.465 26.0285,
	71.6229 26.0581,
	71.6623 26.0779,
	71.7413 26.0779,
	71.7807 26.068,
	71.8103 26.0285,
	71.8005 25.8707,
	71.7413 25.7128,
	71.7018 25.5549,
	71.6919 25.5155,
	71.7215 25.4365,
	71.761 25.3971,
	71.8399 25.3675,
	71.9189 25.3576,
	72.0767 25.3773,
	72.3925 25.4563,
	72.5503 25.4859,
	72.7082 25.4859,
	72.7871 25.4957,
	73.1029 25.6437,
	73.1818 25.6832,
	73.2213 25.7128,
	73.3791 25.7523,
	73.4581 25.7621,
	73.537 25.8312,
	73.5962 25.9101,
	73.6159 25.9496,
	73.6159 26.0285,
	73.5666 26.1075,
	73.4087 26.2653,
	73.2607 26.4035,
	73.1325 26.7192,
	73.1226 26.7981,
	73.1423 26.8771,
	73.1818 26.9067,
	73.2213 26.9165,
	73.3791 26.8672,
	73.4581 26.7981,
	73.5074 26.7192,
	73.5271 26.6797,
	73.537 26.5219,
	73.6061 26.364,
	73.685 26.2851,
	73.7639 26.2259,
	73.7837 26.216,
	73.8626 26.2456,
	73.9415 26.2456,
	74.0205 26.2752,
	74.0303 26.2949,
	73.9711 26.4528,
	73.8725 26.6107,
	73.8231 26.6896,
	73.7935 26.7685,
	73.7837 26.7883,
	73.8429 26.8672,
	73.9218 26.9165,
	73.9613 26.9363,
	74.277 26.9955,
	74.4349 27.0152,
	74.5138 27.0251,
	74.6717 27.0843,
	74.8296 27.1731,
	74.9874 27.3013,
	75.1453 27.4099,
	75.1848 27.4493,
	75.2637 27.4888,
	75.3426 27.5085,
	75.3821 27.5184,
	75.54 27.4296,
	75.6189 27.2717,
	75.6485 27.1139,
	75.6189 26.956,
	75.5992 26.8771,
	75.6189 26.7192,
	75.6485 26.6403,
	75.688 26.6205,
	75.7077 26.6107,
	75.7472 26.6304,
	75.7866 26.7093,
	75.8162 27.0251,
	75.8656 27.1829,
	75.8557 27.2619,
	75.6978 27.3507,
	75.6485 27.4197,
	75.6386 27.4592,
	75.6682 27.5381,
	75.688 27.5776,
	75.7669 27.6269,
	75.9248 27.696,
	75.9642 27.7157,
	76.1024 27.8736,
	76.1714 28.0315,
	76.2306 28.3472,
	76.3096 28.5051,
	76.349 28.5446,
	76.428 28.584,
	76.4576 28.6136,
	76.5069 28.7715,
	76.4576 28.8504,
	76.4378 28.9294,
	76.4477 29.0083,
	76.4872 29.0872,
	76.5661 29.1366,
	76.645 29.1662,
	76.6845 29.176,
	76.724 29.2056,
	76.7437 29.3635,
	76.724 29.4424,
	76.7338 29.7582,
	76.724 29.916,
	76.7634 29.9456,
	76.9213 29.8568,
	77.0496 29.699,
	77.1285 29.6299,
	77.2074 29.5904,
	77.3653 29.551,
	77.5232 29.6003,
	77.6811 29.7187,
	77.7107 29.7483,
	77.7205 29.8272,
	77.6317 29.9851,
	77.5922 30.0246,
	77.4344 30.0936,
	77.3554 30.1232,
	77.1976 30.1232,
	77.1778 30.1134,
	77.0989 30.1528,
	76.941 30.291,
	76.9016 30.3206,
	76.8621 30.3995,
	76.8424 30.439,
	76.8325 30.5179,
	76.8226 30.5574,
	76.8522 30.6363,
	76.8522 30.7942,
	76.8029 30.952,
	76.7338 31.031,
	76.6549 31.0803,
	76.576 31.1592,
	76.5365 31.2382,
	76.5168 31.2776,
	76.2405 31.5934,
	76.0826 31.7315,
	76.0432 31.8105,
	76.0234 31.8499,
	76.0136 31.8697,
	76.0432 31.8993,
	76.1221 31.8697,
	76.28 31.7611,
	76.4378 31.6329,
	76.5168 31.5934,
	76.5266 31.5835,
	76.5562 31.623,
	76.5168 31.7019,
	76.4576 31.7809,
	76.2997 31.8993,
	75.984 32.0571,
	75.6682 32.1953,
	75.5104 32.2742,
	75.3525 32.3235,
	75.1946 32.3531,
	75.1157 32.3531,
	75.0762 32.3926,
	75.096 32.4025,
	75.0762 32.4222,
	75.0664 32.5801,
	75.0368 32.5505,
	75.0072 32.5899,
	74.9282 32.5209,
	74.7704 32.4123,
	74.6125 32.2841,
	74.5928 32.2742,
	74.5434 32.3531,
	74.5138 32.4321,
	74.5237 32.511,
	74.4842 32.6689,
	74.4744 32.7478,
	74.4645 32.7873,
	74.4546 32.807,
	74.4645 32.8267,
	74.4152 32.9057,
	74.3362 32.9747,
	74.3066 33.0043,
	74.3165 33.0142,
	74.0007 33.2609,
	73.8429 33.3497,
	73.685 33.4187,
	73.5271 33.5174,
	73.4482 33.5963,
	73.3298 33.7542,
	73.2805 33.8331,
	73.2015 33.8923,
	73.0437 33.9417,
	72.7279 33.9713,
	72.649 33.9713,
	72.4911 34.0305,
	72.1754 34.0995,
	71.8597 34.1291,
	71.7018 34.1489,
	71.6229 34.1785,
	71.5439 34.1883,
	71.3861 34.2475,
	71.2282 34.3363,
	71.1493 34.3857,
	71.0703 34.4153,
	71.0309 34.4153,
	70.873 34.4843,
	70.7151 34.4942,
	70.5572 34.4843,
	70.3994 34.4942,
	70.2415 34.5238,
	70.0836 34.4942,
	69.9258 34.5041,
	69.8468 34.5139,
	69.689 34.4547,
	69.61 34.4153,
	69.5311 34.4054,
	69.4916 34.3857,
	69.4522 34.3857,
	69.3732 34.4153,
	69.2154 34.4251,
	69.1364 34.4153,
	69.097 34.4449,
	69.0871 34.4843,
	69.097 34.5633,
	69.0871 34.6027,
	69.0674 34.6225,
	68.9884 34.6027,
	68.949 34.6027,
	68.9095 34.583,
	68.8503 34.5041,
	68.8404 34.3462,
	68.8207 34.3067,
	68.7418 34.2377,
	68.6628 34.2081,
	68.5839 34.2081,
	68.2682 34.2771,
	67.9524 34.2673,
	67.8735 34.2574,
	67.7946 34.2179,
	67.7551 34.1883,
	67.7156 34.1785,
	67.6959 34.1587,
	67.6169 34.139,
	67.4591 34.1291,
	67.3012 34.0798,
	67.2617 34.0502,
	67.2617 34.0107,
	67.3407 33.9318,
	67.1828 33.843,
	66.8671 33.7937,
	66.7881 33.7937,
	66.7487 33.7838,
	66.6697 33.8233,
	66.6401 33.8627,
	66.65 33.9417,
	66.6697 33.9811,
	66.7092 34.0107,
	66.7881 34.0305,
	66.946 33.991,
	67.0249 33.9713,
	67.0447 33.9713,
	67.0841 34.0009,
	67.0743 34.0403,
	66.9953 34.0897,
	66.9559 34.0897,
	66.798 34.1587,
	66.7191 34.1883,
	66.6401 34.1982,
	66.6007 34.2081,
	66.4428 34.1785,
	66.1271 34.0699,
	65.9692 33.9811,
	65.8113 33.9121,
	65.7324 33.9121,
	65.5745 33.8627,
	65.2588 33.8134,
	65.1009 33.8035,
	65.022 33.7937,
	64.8641 33.7345,
	64.7852 33.7246,
	64.1537 33.7739,
	63.838 33.7443,
	63.6801 33.7246,
	63.5222 33.7443,
	63.3644 33.7937,
	63.2065 33.8134,
	63.167 33.8134,
	63.098 33.7542,
	63.098 33.6753,
	63.2262 33.3595,
	63.2657 33.3201,
	63.3052 33.3003,
	63.3841 33.2905,
	63.4236 33.2806,
	63.7393 33.3891,
	64.055 33.4582,
	64.2129 33.4878,
	64.5287 33.4878,
	64.6865 33.4779,
	64.8444 33.4385,
	65.0023 33.3595,
	65.0713 33.2806,
	65.1108 33.2017,
	65.1207 33.1227,
	65.0812 33.0438,
	64.9233 32.955,
	64.7655 32.9057,
	64.6076 32.8366,
	64.4497 32.7971,
	64.2918 32.7873,
	64.134 32.807,
	63.9761 32.8563,
	63.8972 32.8761,
	63.8577 32.8958,
	63.542 32.9451,
	63.3841 32.955,
	63.3052 32.9747,
	62.9894 33.1425,
	62.8316 33.2411,
	62.6737 33.3694,
	62.5948 33.4187,
	62.4369 33.5766,
	62.358 33.7345,
	62.3382 33.7641,
	62.3777 33.7838,
	62.5356 33.7838,
	62.6934 33.7345,
	62.7724 33.6851,
	62.8217 33.6062,
	62.8908 33.4483,
	62.9105 33.4089,
	62.9894 33.3595,
	63.0289 33.3299,
	63.0486 33.3201,
	63.0782 33.3595,
	63.0289 33.5174,
	62.8809 33.8331,
	62.802 33.9121,
	62.723 33.9318,
	62.6441 33.9219,
	62.4862 33.9318,
	62.4073 33.9219,
	62.2494 33.9318,
	62.0916 33.9713,
	62.0521 33.991,
	61.8942 33.9219,
	61.8745 33.8825,
	61.8646 33.8627,
	"/>
</Transform>

<Transform dim="0"
 xcoef=" 0 1 0 0 0 0"
 ycoef=" 0 0 1 0 0 0">
<Contour name="TB1_t2cell07_nuc1_RKJ" hidden="false" closed="true" simplified="true" border="0.682353 0 0.341176" fill="0.658824 0 0.329412" mode="-15"
 points="74.8927 29.4506,
	74.9906 29.3527,
	75.1026 29.3527,
	75.1305 29.3807,
	75.1165 29.4926,
	75.0886 29.5206,
	75.1445 29.5346,
	75.0326 29.5485,
	74.9766 29.5625,
	74.9207 29.5346,
	74.8927 29.4786,
	74.8927 29.4646,
	"/>
</Transform>

<Transform dim="0"
 xcoef=" 0 1 0 0 0 0"
 ycoef=" 0 0 1 0 0 0">
<Contour name="TB1_t2cell07_nuc2_RKJ" hidden="false" closed="true" simplified="true" border="0.592157 0 0.294118" fill="0.443137 0 0.219608" mode="-9"
 points="68.0662 30.5644,
	68.087 30.5228,
	68.1285 30.4917,
	68.1701 30.4813,
	68.2531 30.5124,
	68.2947 30.5332,
	68.3674 30.6163,
	68.4505 30.7825,
	68.4816 30.8655,
	68.5024 30.8863,
	68.5024 30.9071,
	68.5232 30.9279,
	68.5232 30.9486,
	68.5543 30.9902,
	68.5543 31.0109,
	68.6789 31.1667,
	68.762 31.2498,
	68.8451 31.2913,
	68.8659 31.3121,
	68.8867 31.3121,
	68.9697 31.364,
	69.1359 31.3848,
	69.219 31.4056,
	69.2605 31.4056,
	69.2813 31.4056,
	69.3125 31.364,
	69.3436 31.0317,
	69.3748 30.9486,
	69.4267 30.8655,
	69.5098 30.7825,
	69.5929 30.7305,
	69.759 30.7305,
	69.8006 30.7305,
	69.8837 30.6786,
	69.9564 30.6059,
	69.9875 30.5228,
	69.9564 30.3567,
	69.8421 30.0243,
	69.811 29.8582,
	69.811 29.8166,
	69.7902 29.7751,
	69.8213 29.6089,
	69.8421 29.5258,
	69.8837 29.4427,
	70.0394 29.3493,
	70.1225 29.3181,
	70.2887 29.287,
	70.4549 29.3389,
	70.7872 29.4947,
	70.9534 29.5674,
	71.1195 29.6089,
	71.1403 29.6297,
	71.2234 29.6193,
	71.3065 29.5881,
	71.3895 29.5777,
	71.4726 29.5985,
	71.5142 29.6193,
	71.5557 29.6608,
	71.5765 29.7024,
	71.6492 29.7855,
	71.6907 29.8166,
	71.7323 29.827,
	71.7738 29.8582,
	71.8569 29.8478,
	71.94 29.7855,
	72.1061 29.7543,
	72.1892 29.7647,
	72.2308 29.8062,
	72.2515 29.8478,
	72.2931 29.8893,
	72.345 29.9724,
	72.3762 30.0555,
	72.3969 30.097,
	72.4177 30.1178,
	72.5216 30.4501,
	72.5943 30.7825,
	72.5839 30.8655,
	72.5527 30.9486,
	72.345 31.281,
	72.2827 31.364,
	72.2412 31.4471,
	72.2308 31.6133,
	72.2204 31.6964,
	72.1996 31.7379,
	72.1996 31.7587,
	72.1269 31.8418,
	72.0854 31.8833,
	72.0023 31.9041,
	71.9711 31.9456,
	71.94 32.1118,
	71.9296 32.1533,
	71.9296 32.1741,
	71.8673 32.2572,
	71.7842 32.2987,
	71.753 32.3403,
	71.7427 32.361,
	71.7738 32.3922,
	71.6907 32.5584,
	71.67 32.6415,
	71.6596 32.683,
	71.6284 32.7245,
	71.5973 32.8076,
	71.5661 32.8492,
	71.5453 32.8388,
	71.5453 32.818,
	71.4726 32.8907,
	71.4311 32.9219,
	71.4103 32.9322,
	71.3688 32.9115,
	71.0364 32.9219,
	70.8703 32.9115,
	70.7041 32.8803,
	70.621 32.8699,
	70.5379 32.8803,
	70.4549 32.9115,
	70.2887 32.9219,
	70.1225 32.9011,
	69.9564 32.8284,
	69.7902 32.818,
	69.4579 32.8388,
	69.3748 32.8284,
	69.3332 32.818,
	69.2501 32.7557,
	69.2294 32.7557,
	69.1878 32.7245,
	69.1671 32.7245,
	69.1463 32.7038,
	69.1255 32.7038,
	69.1047 32.683,
	68.9386 32.6103,
	68.8659 32.5376,
	68.814 32.4545,
	68.8036 32.3714,
	68.8555 32.2053,
	68.8763 32.1637,
	68.8763 32.143,
	68.9178 32.1014,
	68.9594 32.0806,
	69.0009 32.0391,
	69.0217 31.956,
	69.032 31.9352,
	69.0009 31.8522,
	68.8659 31.6964,
	68.8347 31.6756,
	68.6686 31.5094,
	68.5335 31.364,
	68.4505 31.2913,
	68.2324 30.9694,
	68.2116 30.9279,
	68.1701 30.8863,
	68.1181 30.8032,
	68.0662 30.6371,
	68.0662 30.5955,
	68.0662 30.5747,
	"/>
</Transform>

<Transform dim="0"
 xcoef=" 0 1 0 0 0 0"
 ycoef=" 0 0 1 0 0 0">
<Contour name="TB3_NF01-PG_RSL" hidden="false" closed="true" simplified="true" border="1 1 0" fill="1 1 0" mode="-9"
 points="14.88 17.26,
	14.89 17.25,
	14.91 17.29,
	14.99 17.35,
	15.15 17.41,
	15.21 17.48,
	15.25 17.52,
	15.24 17.6,
	15.2 17.68,
	15.12 17.76,
	15.09 17.84,
	15.09 17.88,
	15.06 17.96,
	15.04 18,
	15 18.03,
	14.98 18.03,
	14.96 18.05,
	14.94 17.97,
	14.89 17.33,
	14.88 17.29,
	14.88 17.27,
	"/>
</Transform>

<Transform dim="0"
 xcoef=" 0 1 0 0 0 0"
 ycoef=" 0 0 1 0 0 0">
<Contour name="TB1_T2cell01_CM_RSL" hidden="false" closed="true" simplified="true" border="0.501961 0.501961 0.501961" fill="0.501961 0.501961 0.501961" mode="11"
 points="73.1821 39.5475,
	73.3583 39.2911,
	73.4865 39.1949,
	73.5346 38.9386,
	73.7429 38.6822,
	73.791 38.6181,
	74.0474 38.4739,
	74.3038 38.4578,
	74.4319 38.4418,
	74.464 38.4098,
	74.7204 38.3937,
	74.9768 38.4418,
	75.105 38.4739,
	75.2331 38.4739,
	75.3613 38.4418,
	75.4895 38.4418,
	75.5536 38.4578,
	75.6818 38.3457,
	75.7299 38.2816,
	75.7459 38.1534,
	75.8581 38.0412,
	75.9062 37.9771,
	75.9703 37.9451,
	76.0664 37.8329,
	76.1305 37.8489,
	76.1625 37.881,
	76.1625 37.9451,
	76.2587 38.0733,
	76.3068 38.3296,
	76.3068 38.3937,
	76.2587 38.5219,
	76.2587 38.6501,
	76.1305 38.9065,
	76.0985 38.9706,
	76.0344 39.0347,
	76.0023 39.0988,
	75.9863 39.1309,
	76.0183 39.1629,
	76.0183 39.2911,
	76.0504 39.3231,
	76.0824 39.5795,
	76.0664 39.6436,
	76.0344 39.6757,
	76.0023 39.8039,
	75.9222 39.9321,
	75.8901 39.9962,
	75.778 40.1243,
	75.7139 40.2525,
	75.6818 40.5089,
	75.6017 40.7653,
	75.5697 40.8294,
	75.5056 40.8775,
	75.2492 40.9256,
	75.121 40.9416,
	74.9928 40.9256,
	74.7364 40.8134,
	74.6082 40.7493,
	74.496 40.6371,
	74.4159 40.541,
	74.3518 40.4128,
	74.2717 40.1564,
	74.2397 40.0923,
	74.1756 40.0442,
	74.0474 40.0122,
	73.9352 40.1243,
	73.8711 40.2525,
	73.8391 40.3166,
	73.8391 40.4448,
	73.8391 40.5089,
	73.791 40.557,
	73.6628 40.541,
	73.4224 40.3006,
	73.3904 40.2365,
	73.3904 39.9801,
	73.3904 39.916,
	73.2782 39.7878,
	73.2141 39.7398,
	73.1821 39.6757,
	73.1821 39.5635,
	"/>
</Transform>

<Transform dim="0"
 xcoef=" 0 1 0 0 0 0"
 ycoef=" 0 0 1 0 0 0">
<Contour name="TB1_Shell_RSL" hidden="false" closed="true" simplified="true" border="0.752941 0.752941 0.752941" fill="0.752941 0.752941 0.752941" mode="9"
 points="59.0036 25.723,
	59.756 23.8708,
	59.756 23.4657,
	59.9296 23.2342,
	60.3927 23.0026,
	60.6242 22.9448,
	60.74 22.829,
	62.5921 22.1923,
	63.5182 21.7872,
	63.9812 21.6135,
	64.9073 21.4978,
	65.1388 21.4978,
	65.3703 21.382,
	65.8334 21.382,
	66.2964 21.1505,
	66.5279 20.919,
	66.6437 20.8611,
	66.9331 20.7453,
	70.6374 20.2244,
	71.5634 20.0508,
	72.4895 20.1087,
	74.3416 20.3981,
	75.2677 20.3402,
	75.4992 20.3402,
	75.615 20.3402,
	76.3674 21.2663,
	77.1199 23.1184,
	77.2356 23.3499,
	77.525 25.2021,
	77.525 27.0542,
	77.4093 28.9064,
	77.1199 30.7585,
	77.062 31.2215,
	76.8305 31.6846,
	76.7147 31.9161,
	76.8305 33.7682,
	77.0041 34.2313,
	77.1199 34.4628,
	77.1199 35.3889,
	77.1199 35.8519,
	77.525 36.778,
	77.8144 37.704,
	77.8144 37.9356,
	77.9302 38.1671,
	77.9302 39.0931,
	77.8723 39.5562,
	77.4671 40.4823,
	77.062 40.9453,
	76.5411 41.8714,
	74.7468 43.3762,
	73.8207 44.0129,
	72.8947 44.1865,
	72.4316 44.2444,
	71.5055 44.6496,
	70.5795 44.8232,
	69.6534 44.8811,
	69.4219 44.8811,
	67.5697 45.4599,
	67.1067 45.6335,
	66.1806 46.3281,
	65.8912 46.7911,
	65.4861 47.2542,
	65.023 47.5435,
	64.097 47.7751,
	63.1709 47.8329,
	62.9394 47.8329,
	62.0133 48.2381,
	61.5503 48.4117,
	60.6242 48.4117,
	60.3927 48.3539,
	60.0454 47.9487,
	59.1193 47.6593,
	58.2511 46.7911,
	57.7881 46.3281,
	57.3251 46.0387,
	56.862 45.5756,
	56.6884 45.3441,
	56.6305 44.4181,
	56.7463 42.5659,
	56.8042 42.1029,
	57.0936 41.1768,
	57.3251 40.7138,
	57.6723 38.8616,
	57.9039 37.9356,
	58.2511 37.0095,
	58.6563 35.1573,
	58.8878 34.2313,
	59.0036 33.7682,
	59.0615 31.9161,
	58.9457 30.99,
	58.8878 27.2857,
	58.8299 26.8227,
	59.0036 25.8966,
	59.0036 25.7809,
	"/>
</Transform>

<Transform dim="0"
 xcoef=" 0 1 0 0 0 0"
 ycoef=" 0 0 1 0 0 0">
<Contour name="TB1_T2Cell11_CM_LES" hidden="false" closed="true" simplified="true" border="0 0 1" fill="0 0 1" mode="9"
 points="70.1683 20.7869,
	70.4335 20.7704,
	70.5662 20.6875,
	70.6822 20.5714,
	70.7982 20.5051,
	70.7817 20.4388,
	70.9143 20.3891,
	71.0469 20.4388,
	71.1795 20.4554,
	71.1961 20.3228,
	71.1961 20.2565,
	71.2458 20.1902,
	71.3121 20.157,
	71.3453 20.157,
	71.4116 20.2233,
	71.511 20.4886,
	71.5442 20.5383,
	71.6105 20.5217,
	71.6436 20.4554,
	71.6271 20.3228,
	71.7431 20.2399,
	71.8094 20.2233,
	71.942 20.2731,
	72.0249 20.4057,
	72.0912 20.4554,
	72.1575 20.472,
	72.4227 20.4222,
	72.688 20.2565,
	72.7543 20.2565,
	72.8703 20.3394,
	73.0029 20.3891,
	73.2681 20.4388,
	73.3344 20.472,
	73.3676 20.4886,
	73.351 20.5549,
	73.2184 20.6377,
	72.9532 20.7372,
	72.688 20.8035,
	72.6216 20.8201,
	72.5885 20.8532,
	72.4559 20.8864,
	72.3233 20.9693,
	72.1907 21.0853,
	72.1575 21.2179,
	72.1409 21.2842,
	72.1078 21.3174,
	71.8426 21.334,
	71.7099 21.3174,
	71.6768 21.2842,
	71.6105 21.2676,
	71.7265 21.1848,
	71.7928 21.1516,
	71.7928 21.1185,
	71.6602 21.1019,
	71.5276 21.2345,
	71.4613 21.2842,
	71.3287 21.2842,
	71.2624 21.3008,
	70.9971 21.4666,
	70.9143 21.5826,
	70.848 21.6489,
	70.7817 21.6821,
	70.7319 21.6323,
	70.7319 21.5992,
	70.6656 21.5826,
	70.533 21.5992,
	70.4667 21.5992,
	70.3341 21.5329,
	70.3009 21.4997,
	70.2678 21.4997,
	70.2512 21.4334,
	70.2678 21.3671,
	70.3838 21.2676,
	70.5164 21.2511,
	70.649 21.1682,
	70.649 21.1019,
	70.533 21.019,
	70.4004 21.0024,
	70.2678 20.9527,
	70.2015 20.9361,
	70.1683 20.9195,
	70.1683 20.8035,
	"/>
</Transform>

<Transform dim="0"
 xcoef=" 0 1 0 0 0 0"
 ycoef=" 0 0 1 0 0 0">
<Contour name="TB1_NF53_LES" hidden="false" closed="true" simplified="true" border="1 0.501961 0.501961" fill="1 0.501961 0.501961" mode="-9"
 points="86.1125 43.0167,
	86.2181 42.9771,
	86.2708 42.9375,
	86.3368 42.7265,
	86.3895 42.6869,
	86.4423 42.6737,
	86.4687 42.6605,
	86.5742 42.6869,
	86.6797 42.7661,
	86.838 42.9771,
	86.904 43.0826,
	86.9304 43.1354,
	86.9831 43.1882,
	87.0095 43.2937,
	87.0095 43.3992,
	86.9963 43.452,
	86.9568 43.5048,
	86.904 43.5048,
	86.8249 43.4124,
	86.7721 43.3729,
	86.7457 43.3729,
	86.7325 43.4256,
	86.7457 43.5311,
	86.7457 43.5839,
	86.6797 43.6763,
	86.4687 43.6235,
	86.2708 43.452,
	86.2444 43.4256,
	86.2444 43.3201,
	86.2312 43.2673,
	86.1521 43.1618,
	86.1125 43.0563,
	86.1125 43.0299,
	"/>
</Transform>

<Transform dim="0"
 xcoef=" 0 1 0 0 0 0"
 ycoef=" 0 0 1 0 0 0">
<Contour name="TB1_NF53_LES" hidden="false" closed="true" simplified="true" border="1 0.501961 0.501961" fill="1 0.501961 0.501961" mode="-9"
 points="91.8375 43.3597,
	91.8639 43.3333,
	91.9694 43.3069,
	92.1805 43.2937,
	92.2333 43.2805,
	92.3256 43.1882,
	92.4311 43.175,
	92.5235 43.2805,
	92.563 43.3333,
	92.5499 43.4388,
	92.5103 43.5443,
	92.4575 43.5971,
	92.4443 43.6499,
	92.3916 43.7026,
	92.3388 43.7158,
	92.2333 43.6894,
	92.0222 43.5707,
	91.9167 43.5311,
	91.8639 43.4916,
	91.8375 43.4652,
	91.8375 43.3729,
	"/>
</Transform>

<Transform dim="0"
 xcoef=" 0 1 0 0 0 0"
 ycoef=" 0 0 1 0 0 0">
<Contour name="TB1_NF53_LES" hidden="false" closed="true" simplified="true" border="1 0.501961 0.501961" fill="1 0.501961 0.501961" mode="-9"
 points="90.6507 43.6792,
	90.6771 43.5736,
	90.6902 43.5209,
	90.7562 43.4153,
	90.9673 43.2702,
	91.0728 43.2966,
	91.1783 43.3626,
	91.2179 43.4153,
	91.2311 43.4681,
	91.1124 43.4813,
	91.0068 43.4153,
	90.9541 43.4021,
	90.9145 43.4549,
	90.9013 43.5077,
	90.9409 43.5604,
	90.9936 43.5868,
	91.086 43.6923,
	91.1256 43.7979,
	91.1388 43.9034,
	91.1256 43.9562,
	90.9277 44.0881,
	90.8749 44.0881,
	90.8354 44.0617,
	90.7958 43.9562,
	90.7298 43.8506,
	90.6902 43.7979,
	90.6507 43.6923,
	"/>
</Transform>

<Transform dim="0"
 xcoef=" 0 1 0 0 0 0"
 ycoef=" 0 0 1 0 0 0">
<Contour name="TB1_NF53_LES" hidden="false" closed="true" simplified="true" border="1 0.501961 0.501961" fill="1 0.501961 0.501961" mode="-9"
 points="76.3206 43.0583,
	76.3819 42.8621,
	76.3819 42.8131,
	76.4432 42.715,
	76.4799 42.6782,
	76.578 42.6537,
	76.6271 42.6414,
	76.7251 42.6537,
	76.8232 42.6169,
	76.9213 42.5433,
	76.9704 42.5066,
	77.0684 42.482,
	77.1175 42.4453,
	77.3136 42.4207,
	77.3627 42.4698,
	77.3627 42.4943,
	77.5466 42.6537,
	77.5711 42.7027,
	77.4853 42.7763,
	77.2891 42.7395,
	77.191 42.764,
	77.142 42.8008,
	77.142 42.8253,
	77.0439 42.9234,
	76.9458 42.9725,
	76.8968 42.997,
	76.8477 43.046,
	76.8232 43.0705,
	76.8232 43.0951,
	76.8477 43.1073,
	76.7987 43.1564,
	76.7006 43.2054,
	76.5045 43.1931,
	76.4064 43.1809,
	76.3573 43.1686,
	76.3206 43.1196,
	76.3206 43.0705,
	"/>
</Transform>

<Transform dim="0"
 xcoef=" 0 1 0 0 0 0"
 ycoef=" 0 0 1 0 0 0">
<Image mag="0.00749" contrast="1" brightness="0" red="true" green="true" blue="true"
 src="Alg_stitch3-4_200.tif" />
<Contour name="domain1" hidden="false" closed="true" simplified="false" border="1 0 1" fill="1 0 1" mode="11"
 points="0 0,
	15652 0,
	15652 8578,
	0 8578,
	"/>
</Transform>

<Transform dim="0"
 xcoef=" 0 1 0 0 0 0"
 ycoef=" 0 0 1 0 0 0">
<Image mag="0.00749" contrast="1" brightness="0" red="true" green="true" blue="true"
 src="Alg_stitch3-4_200.tif" />
<Contour name="domain1" hidden="false" closed="true" simplified="false" border="1 0 1" fill="1 0 1" mode="11"
 points="0 0,
	15652 0,
	15652 8578,
	0 8578,
	"/>
</Transform>

<Transform dim="0"
 xcoef=" 0 1 0 0 0 0"
 ycoef=" 0 0 1 0 0 0">
<Image mag="0.00749" contrast="1" brightness="0" red="true" green="true" blue="true"
 src="Alg_stitch3-4_200.tif" />
<Contour name="domain1" hidden="false" closed="true" simplified="false" border="1 0 1" fill="1 0 1" mode="11"
 points="0 0,
	15652 0,
	15652 8578,
	0 8578,
	"/>
</Transform>

<Transform dim="0"
 xcoef=" 0 1 0 0 0 0"
 ycoef=" 0 0 1 0 0 0">
<Image mag="0.00749" contrast="1" brightness="0" red="true" green="true" blue="true"
 src="Alg_stitch3-4_200.tif" />
<Contour name="domain1" hidden="false" closed="true" simplified="false" border="1 0 1" fill="1 0 1" mode="11"
 points="0 0,
	15652 0,
	15652 8578,
	0 8578,
	"/>
</Transform>

<Transform dim="0"
 xcoef=" 0 1 0 0 0 0"
 ycoef=" 0 0 1 0 0 0">
<Image mag="0.00749" contrast="1" brightness="0" red="true" green="true" blue="true"
 src="Alg_stitch3-4_200.tif" />
<Contour name="DENucleus2" hidden="false" closed="true" simplified="false" border="0 0 0.627" fill="0 0 0.627" mode="11"
 points="0 0,
	15652 0,
	15652 8578,
	0 8578,
	"/>
</Transform>

<Transform dim="0"
 xcoef=" 0 1 0 0 0 0"
 ycoef=" 0 0 1 0 0 0">
<Image mag="0.00749" contrast="1" brightness="0" red="true" green="true" blue="true"
 src="Alg_stitch3-4_200.tif" />
<Contour name="domain1" hidden="false" closed="true" simplified="false" border="1 0 1" fill="1 0 1" mode="11"
 points="0 0,
	15652 0,
	15652 8578,
	0 8578,
	"/>
</Transform>

<Transform dim="0"
 xcoef=" 0 1 0 0 0 0"
 ycoef=" 0 0 1 0 0 0">
<Image mag="0.00749" contrast="1" brightness="0" red="true" green="true" blue="true"
 src="Alg_stitch3-4_200.tif" />
<Contour name="domain1" hidden="false" closed="true" simplified="false" border="1 0 1" fill="1 0 1" mode="11"
 points="0 0,
	15652 0,
	15652 8578,
	0 8578,
	"/>
</Transform>

<Transform dim="0"
 xcoef=" 0 1 0 0 0 0"
 ycoef=" 0 0 1 0 0 0">
<Image mag="0.00749" contrast="1" brightness="0" red="true" green="true" blue="true"
 src="Alg_stitch3-4_200.tif" />
<Contour name="domain1" hidden="false" closed="true" simplified="false" border="1 0 1" fill="1 0 1" mode="11"
 points="0 0,
	15652 0,
	15652 8578,
	0 8578,
	"/>
</Transform>

<Transform dim="0"
 xcoef=" 0 1 0 0 0 0"
 ycoef=" 0 0 1 0 0 0">
<Image mag="0.00749" contrast="1" brightness="0" red="true" green="true" blue="true"
 src="Alg_stitch3-4_200.tif" />
<Contour name="domain1" hidden="false" closed="true" simplified="false" border="1 0 1" fill="1 0 1" mode="11"
 points="0 0,
	15652 0,
	15652 8578,
	0 8578,
	"/>
</Transform>

<Transform dim="0"
 xcoef=" 0 1 0 0 0 0"
 ycoef=" 0 0 1 0 0 0">
<Image mag="0.00749" contrast="1" brightness="0" red="true" green="true" blue="true"
 src="Alg_stitch3-4_200.tif" />
<Contour name="domain1" hidden="false" closed="true" simplified="false" border="1 0 1" fill="1 0 1" mode="11"
 points="0 0,
	15652 0,
	15652 8578,
	0 8578,
	"/>
</Transform>

<Transform dim="0"
 xcoef=" 0 1 0 0 0 0"
 ycoef=" 0 0 1 0 0 0">
<Image mag="0.00749" contrast="1" brightness="0" red="true" green="true" blue="true"
 src="Alg_stitch3-4_200.tif" />
<Contour name="domain1" hidden="false" closed="true" simplified="false" border="1 0 1" fill="1 0 1" mode="11"
 points="0 0,
	15652 0,
	15652 8578,
	0 8578,
	"/>
</Transform>

<Transform dim="0"
 xcoef=" 0 1 0 0 0 0"
 ycoef=" 0 0 1 0 0 0">
<Image mag="0.00749" contrast="1" brightness="0" red="true" green="true" blue="true"
 src="Alg_stitch3-4_200.tif" />
<Contour name="domain1" hidden="false" closed="true" simplified="false" border="1 0 1" fill="1 0 1" mode="11"
 points="0 0,
	15652 0,
	15652 8578,
	0 8578,
	"/>
</Transform>

<Transform dim="0"
 xcoef=" 0 1 0 0 0 0"
 ycoef=" 0 0 1 0 0 0">
<Image mag="0.00749" contrast="1" brightness="0" red="true" green="true" blue="true"
 src="Alg_stitch3-4_200.tif" />
<Contour name="domain1" hidden="false" closed="true" simplified="false" border="1 0 1" fill="1 0 1" mode="11"
 points="0 0,
	15652 0,
	15652 8578,
	0 8578,
	"/>
</Transform>

<Transform dim="0"
 xcoef=" 0 1 0 0 0 0"
 ycoef=" 0 0 1 0 0 0">
<Image mag="0.00749" contrast="1" brightness="0" red="true" green="true" blue="true"
 src="Alg_stitch3-4_200.tif" />
<Contour name="domain1" hidden="false" closed="true" simplified="false" border="1 0 1" fill="1 0 1" mode="11"
 points="0 0,
	15652 0,
	15652 8578,
	0 8578,
	"/>
</Transform>

<Transform dim="0"
 xcoef=" 0 1 0 0 0 0"
 ycoef=" 0 0 1 0 0 0">
<Image mag="0.00749" contrast="1" brightness="0" red="true" green="true" blue="true"
 src="Alg_stitch3-4_200.tif" />
<Contour name="domain1" hidden="false" closed="true" simplified="false" border="1 0 1" fill="1 0 1" mode="11"
 points="0 0,
	15652 0,
	15652 8578,
	0 8578,
	"/>
</Transform>

<Transform dim="0"
 xcoef=" 0 1 0 0 0 0"
 ycoef=" 0 0 1 0 0 0">
<Image mag="0.00749" contrast="1" brightness="0" red="true" green="true" blue="true"
 src="Alg_stitch3-4_200.tif" />
<Contour name="DENucleus2" hidden="false" closed="true" simplified="false" border="0 0 0.627" fill="0 0 0.627" mode="11"
 points="0 0,
	15652 0,
	15652 8578,
	0 8578,
	"/>
</Transform>

<Transform dim="0"
 xcoef=" 0 1 0 0 0 0"
 ycoef=" 0 0 1 0 0 0">
<Image mag="0.00749" contrast="1" brightness="0" red="true" green="true" blue="true"
 src="Alg_stitch3-4_200.tif" />
<Contour name="domain1" hidden="false" closed="true" simplified="false" border="1 0 1" fill="1 0 1" mode="11"
 points="0 0,
	15652 0,
	15652 8578,
	0 8578,
	"/>
</Transform>

<Transform dim="0"
 xcoef=" 0 1 0 0 0 0"
 ycoef=" 0 0 1 0 0 0">
<Image mag="0.00749" contrast="1" brightness="0" red="true" green="true" blue="true"
 src="Alg_stitch3-4_200.tif" />
<Contour name="domain1" hidden="false" closed="true" simplified="false" border="1 0 1" fill="1 0 1" mode="11"
 points="0 0,
	15652 0,
	15652 8578,
	0 8578,
	"/>
</Transform>

<Transform dim="0"
 xcoef=" 0 1 0 0 0 0"
 ycoef=" 0 0 1 0 0 0">
<Contour name="TB1_IMMCell07_nuc_LES" hidden="false" closed="true" simplified="true" border="1 0.74902 0.501961" fill="1 0.502 0.753" mode="11"
 points="55.4238 34.6724,
	55.5308 34.5654,
	55.5766 34.5196,
	55.5614 34.4584,
	55.4697 34.3515,
	55.4391 34.3209,
	55.4544 34.2598,
	55.4544 34.2292,
	55.5461 34.107,
	55.6072 34.0459,
	55.6531 33.9236,
	55.6072 33.8014,
	55.5155 33.6944,
	55.485 33.6333,
	55.5002 33.5721,
	55.7142 33.3582,
	55.7753 33.3124,
	55.8364 33.3124,
	55.9434 33.4041,
	55.974 33.6486,
	55.9892 33.7097,
	56.2184 33.8778,
	56.2643 33.9389,
	56.2949 33.9694,
	56.3101 34.0306,
	56.4171 34.1223,
	56.4629 34.1834,
	56.4782 34.4279,
	56.5393 34.5501,
	56.6463 34.6724,
	56.6769 34.7946,
	56.6922 35.0391,
	56.8297 35.2836,
	56.9061 35.4059,
	56.9519 35.5281,
	56.9672 35.6503,
	56.9672 35.7115,
	56.9672 35.742,
	57.0436 35.8643,
	57.0742 35.9865,
	57.0283 36.4755,
	56.8144 36.6742,
	56.6922 36.9187,
	56.631 37.0409,
	56.5088 37.1173,
	56.4477 37.1784,
	56.3865 37.1632,
	56.356 37.1632,
	56.2949 37.1173,
	56.2337 37.102,
	55.9892 36.9339,
	55.7906 36.7353,
	55.7447 36.613,
	55.7447 36.5519,
	55.6378 36.3074,
	55.5919 36.2463,
	55.5766 36.1241,
	55.5919 36.0018,
	55.8211 35.8032,
	55.8517 35.742,
	55.8059 35.4975,
	55.8823 35.3753,
	55.9434 35.3294,
	55.9281 35.2683,
	55.8059 35.2378,
	55.7753 35.2378,
	55.6531 35.1461,
	55.6072 35.1002,
	55.485 35.0544,
	55.4391 34.9933,
	55.4697 34.871,
	55.485 34.8557,
	55.4391 34.7946,
	55.4238 34.6877,
	"/>
<Contour name="TB1_IMMCell07_nuc_LES" hidden="false" closed="true" simplified="true" border="1 0.74902 0.501961" fill="1 0.502 0.753" mode="11"
 points="56.0656 32.4872,
	56.142 32.3802,
	56.2032 32.365,
	56.2643 32.4108,
	56.3101 32.533,
	56.3254 32.6553,
	56.3101 32.6859,
	56.3407 32.8081,
	56.3407 32.9303,
	56.3407 32.9915,
	56.3101 33.0526,
	56.2796 33.0832,
	56.2184 33.0679,
	56.1879 33.0679,
	56.1268 33.022,
	56.1115 32.8998,
	56.142 32.7775,
	56.1573 32.7623,
	56.0809 32.64,
	56.0656 32.5178,
	56.0656 32.5025,
	"/>
</Transform>

<Transform dim="0"
 xcoef=" 0 1 0 0 0 0"
 ycoef=" 0 0 1 0 0 0">
<Contour name="TB1_BasalCell10_nuc_LES" hidden="false" closed="true" simplified="true" border="0.980392 0.709804 0.345098" fill="1 0.502 0.753" mode="11"
 points="51.7594 45.7781,
	51.8119 45.7519,
	51.9431 45.9617,
	52.048 45.988,
	52.1267 45.9355,
	52.3103 46.1191,
	52.3103 46.1716,
	52.1005 46.2503,
	52.048 46.2765,
	51.9431 46.2241,
	51.7857 46.0142,
	51.7594 45.8043,
	"/>
</Transform>

<Transform dim="0"
 xcoef=" 0 1 0 0 0 0"
 ycoef=" 0 0 1 0 0 0">
<Contour name="TB1_BasalCell12_nuc_LES" hidden="false" closed="true" simplified="true" border="0.980392 0.709804 0.345098" fill="1 0.502 0.753" mode="11"
 points="34.3464 46.534,
	34.4721 46.424,
	34.7234 46.3141,
	34.8491 46.267,
	34.9747 46.2827,
	35.2261 46.2512,
	35.3518 46.2355,
	35.4774 46.2512,
	35.6031 46.2355,
	35.7288 46.1256,
	35.7916 46.0785,
	35.9173 46.047,
	36.043 46.0785,
	36.2943 46.267,
	36.4043 46.3926,
	36.4671 46.644,
	36.4828 46.6754,
	36.5456 46.644,
	36.6242 46.5183,
	36.6556 46.267,
	36.6556 46.2041,
	36.6556 46.1727,
	36.5299 46.0627,
	36.2786 45.9842,
	36.1529 45.9999,
	36.0272 45.9685,
	35.7759 45.8114,
	35.7131 45.78,
	35.5874 45.78,
	35.5246 45.7957,
	35.3989 45.7329,
	35.3361 45.7171,
	35.2104 45.7486,
	35.179 45.7643,
	35.1161 45.7329,
	35.0533 45.6072,
	35.069 45.4815,
	35.1004 45.4187,
	35.2261 45.3558,
	35.3518 45.3244,
	35.4146 45.3087,
	35.6659 45.403,
	35.7916 45.4501,
	35.9173 45.4658,
	35.9801 45.4501,
	36.043 45.4658,
	36.2943 45.4187,
	36.3571 45.403,
	36.42 45.4187,
	36.5456 45.3558,
	36.5928 45.293,
	36.6085 45.2773,
	36.5613 45.2145,
	36.5771 45.1516,
	36.6399 45.1045,
	37.1426 44.9945,
	37.3939 44.9788,
	37.5196 44.9631,
	37.5824 44.916,
	37.5981 44.8532,
	37.5824 44.7903,
	37.5981 44.6646,
	37.6138 44.6018,
	37.6767 44.5547,
	37.928 44.5233,
	38.0537 44.4919,
	38.0851 44.4919,
	38.1322 44.429,
	38.1322 44.3662,
	38.1322 44.3348,
	38.1637 44.3033,
	38.6663 44.2562,
	38.792 44.2405,
	39.0434 44.2876,
	39.2947 44.2876,
	39.4204 44.2719,
	39.9231 44.3505,
	40.0487 44.3976,
	40.1116 44.3976,
	40.1744 44.429,
	40.2372 44.4919,
	40.4886 44.6332,
	40.7399 44.7118,
	40.8656 44.6804,
	40.9913 44.6961,
	41.0227 44.7118,
	41.1484 44.6332,
	41.2112 44.6018,
	41.7139 44.7118,
	41.8395 44.7746,
	42.3422 44.8689,
	42.5936 44.9474,
	42.8449 45.0574,
	43.0963 45.1359,
	43.2219 45.1988,
	43.3162 45.3244,
	43.4261 45.5758,
	43.7246 46.0785,
	43.8032 46.3298,
	43.8503 46.5811,
	44.0545 46.8325,
	44.1802 46.9267,
	44.3058 46.9896,
	44.4315 47.0838,
	44.5572 47.2095,
	44.6357 47.3352,
	44.6357 47.398,
	44.5886 47.4608,
	44.5101 47.7122,
	44.5572 47.9635,
	44.5729 48.2149,
	44.5886 48.3405,
	44.5415 48.4662,
	44.5101 48.529,
	44.4786 48.5605,
	44.4786 48.6233,
	44.4629 48.6547,
	44.4786 48.7176,
	44.4315 48.8432,
	44.3058 48.9061,
	44.1802 48.9375,
	43.9288 49.0946,
	43.866 49.2202,
	43.7875 49.4716,
	43.6775 49.5973,
	43.5989 49.7229,
	43.4733 49.8486,
	43.4261 49.8957,
	42.9235 49.8643,
	42.6721 49.8643,
	42.4208 49.8172,
	42.2951 49.7858,
	42.1694 49.7858,
	42.0438 49.8172,
	41.9181 49.8015,
	41.6667 49.7072,
	41.6196 49.6758,
	41.4939 49.7543,
	41.4625 49.77,
	41.3369 49.7229,
	41.274 49.7072,
	41.2112 49.6601,
	41.1484 49.5344,
	41.0227 49.4559,
	40.7713 49.4087,
	40.6457 49.393,
	40.52 49.2831,
	40.4729 49.1574,
	40.4572 49.0946,
	40.41 49.0317,
	40.2844 48.9846,
	40.1587 48.9689,
	40.0959 48.9532,
	40.033 48.9846,
	40.0487 49.0474,
	39.9231 49.0946,
	39.8602 49.126,
	39.7345 49.126,
	39.4832 49.0631,
	39.3575 49.0631,
	39.2947 49.0631,
	39.2319 49.0946,
	39.1062 49.2045,
	39.0434 49.1888,
	39.0119 49.1574,
	38.9648 48.9061,
	38.9648 48.7804,
	38.9334 48.7176,
	38.8077 48.6704,
	38.792 48.6547,
	38.7292 48.7176,
	38.4778 48.7647,
	38.3522 48.7647,
	38.2265 48.7333,
	37.9752 48.6076,
	37.7238 48.4348,
	37.4882 48.1834,
	37.4568 48.0578,
	37.4096 48.0106,
	37.3625 47.9949,
	37.2368 47.885,
	37.1112 47.8064,
	36.8598 47.7593,
	36.7341 47.8379,
	36.687 47.885,
	36.6713 47.9164,
	36.6242 47.9635,
	36.5613 47.9792,
	36.5299 47.9792,
	36.4985 48.0106,
	36.4357 47.9949,
	36.3728 47.9478,
	36.3414 47.9635,
	36.0901 47.8221,
	35.5874 47.6022,
	35.4617 47.508,
	35.4146 47.4451,
	35.1633 47.3195,
	35.1004 47.2723,
	35.069 47.2095,
	35.179 47.0995,
	35.3046 47.0524,
	35.2418 47.0053,
	35.1161 46.9582,
	34.8648 46.8011,
	34.6134 46.8011,
	34.4878 46.7382,
	34.3621 46.644,
	34.3464 46.5811,
	34.3464 46.5497,
	"/>
</Transform>

<Transform dim="0"
 xcoef=" 0 1 0 0 0 0"
 ycoef=" 0 0 1 0 0 0">
<Contour name="TB1_BasalCell12_CM_LES" hidden="false" closed="true" simplified="true" border="0.980392 0.709804 0.345098" fill="1 0.502 0.753" mode="11"
 points="32.973 45.5715,
	33.0515 45.4458,
	33.1144 45.3987,
	33.1458 45.383,
	33.1301 45.3202,
	33.0672 45.2573,
	33.0515 45.1317,
	33.1301 45.006,
	33.1929 44.9589,
	33.3186 44.9746,
	33.35 44.9746,
	33.4128 45.0217,
	33.46 45.1474,
	33.7113 45.1788,
	33.9626 45.0688,
	34.0883 45.0374,
	34.1511 45.0217,
	34.2768 45.0688,
	34.3397 45.1003,
	34.3711 45.116,
	34.6224 45.0217,
	34.7324 44.9589,
	34.7952 44.9903,
	34.8109 45.0531,
	34.7638 45.1788,
	34.7481 45.2416,
	34.7638 45.3045,
	34.8266 45.3516,
	34.8895 45.3359,
	35.0308 45.1003,
	35.0466 45.0374,
	34.9994 44.9117,
	34.9837 44.8803,
	35.0308 44.7547,
	35.1565 44.6761,
	35.4079 44.629,
	35.5335 44.5976,
	35.6435 44.519,
	35.8948 44.2834,
	36.0519 44.032,
	36.2561 43.7964,
	36.3818 43.765,
	36.4446 43.7493,
	36.5703 43.765,
	36.8217 43.6865,
	36.9473 43.6236,
	37.0102 43.6079,
	37.1358 43.655,
	37.2458 43.765,
	37.4971 43.7964,
	37.7485 43.765,
	37.9998 43.6393,
	38.1255 43.5922,
	38.2512 43.5765,
	38.5025 43.6079,
	38.6282 43.5922,
	38.7539 43.6079,
	38.8795 43.655,
	39.1309 43.6079,
	39.2565 43.6236,
	39.3822 43.6079,
	39.6336 43.6865,
	39.8849 43.5451,
	39.932 43.5137,
	39.9634 43.5294,
	40.0263 43.5137,
	40.529 43.6393,
	40.7803 43.6393,
	41.0316 43.6079,
	41.1573 43.5922,
	41.2202 43.5765,
	41.4715 43.7022,
	41.5972 43.6865,
	41.6286 43.655,
	41.7543 43.6393,
	41.8171 43.6393,
	41.9428 43.7179,
	42.0684 43.7493,
	42.1941 43.8278,
	42.4454 43.8435,
	42.5711 43.8278,
	42.8225 43.875,
	43.0738 43.9535,
	43.1995 44.032,
	43.4508 44.1263,
	43.5765 44.142,
	43.7022 44.1891,
	43.765 44.2048,
	43.8907 44.3305,
	43.9535 44.3305,
	44.0792 44.4091,
	44.3305 44.6133,
	44.5819 44.6133,
	44.7075 44.5661,
	44.8332 44.5819,
	45.0845 44.7075,
	45.3359 44.9117,
	45.4616 44.9432,
	45.9642 44.896,
	46.2156 44.9589,
	46.3413 45.006,
	46.4512 45.1317,
	46.5298 45.2573,
	46.5141 45.383,
	46.3884 45.4773,
	46.3413 45.5401,
	46.3255 45.6658,
	46.3413 45.7914,
	46.3098 45.8543,
	46.2784 45.8857,
	46.0271 45.8386,
	45.9014 45.8072,
	45.8386 45.8072,
	45.7757 45.8543,
	45.7443 45.8857,
	45.7286 46.0114,
	45.76 46.2627,
	45.8072 46.3884,
	45.98 46.6397,
	45.98 46.6711,
	45.9485 46.7026,
	46.0742 46.7968,
	46.1999 46.8596,
	46.3255 46.9696,
	46.3727 47.0324,
	46.3727 47.0953,
	46.3727 47.1267,
	46.3098 47.1581,
	46.1842 47.1581,
	46.0585 47.0482,
	45.9328 46.9853,
	45.87 46.9696,
	45.8386 46.9539,
	45.7129 47.0324,
	45.6501 47.0796,
	45.5872 47.2052,
	45.6501 47.3309,
	45.7443 47.4566,
	45.7914 47.5194,
	45.9171 47.5823,
	45.98 47.6137,
	45.9957 47.5823,
	45.87 47.4566,
	45.7914 47.3309,
	45.7914 47.2995,
	45.8229 47.2681,
	45.8857 47.2681,
	46.0114 47.3938,
	46.0899 47.5194,
	46.2156 47.6294,
	46.4669 47.7865,
	46.5612 47.9121,
	46.6869 47.975,
	46.7497 47.9907,
	46.8754 48.0849,
	46.9225 48.2106,
	46.9382 48.3363,
	46.9539 48.3991,
	46.9382 48.462,
	46.8754 48.5091,
	46.8439 48.5091,
	46.7811 48.4462,
	46.734 48.3206,
	46.6554 48.1949,
	46.5298 48.1007,
	46.4669 48.0692,
	46.4355 48.0535,
	46.3098 48.1321,
	46.2784 48.1949,
	46.2627 48.2263,
	46.3413 48.4777,
	46.3727 48.5405,
	46.4826 48.6505,
	46.4983 48.7133,
	46.4826 48.7447,
	46.4983 48.7761,
	46.3884 48.8704,
	46.2627 48.9961,
	46.2784 49.2474,
	46.2784 49.3731,
	46.3098 49.4359,
	46.5612 49.5773,
	46.6869 49.8286,
	46.8125 49.9072,
	46.9382 49.9543,
	47.0639 50.0328,
	47.1267 50.08,
	47.1895 50.2056,
	47.221 50.2685,
	47.2524 50.2999,
	47.2524 50.3313,
	47.3623 50.457,
	47.4095 50.5198,
	47.5351 50.5827,
	47.6608 50.6141,
	47.7236 50.6455,
	47.7708 50.7083,
	47.7079 50.7397,
	47.4566 50.7083,
	47.3309 50.6612,
	47.2838 50.724,
	47.2681 50.8497,
	47.2681 50.9125,
	47.2052 50.9597,
	47.0796 50.9754,
	46.9539 50.9283,
	46.7026 50.7083,
	46.5769 50.6455,
	46.4512 50.6298,
	46.3884 50.6455,
	46.2627 50.7555,
	46.2313 50.7555,
	46.1685 50.8026,
	45.9171 50.8497,
	45.6658 50.8183,
	45.5401 50.8183,
	45.4144 50.7869,
	45.2888 50.7083,
	45.1631 50.5827,
	44.9117 50.5355,
	44.7861 50.5512,
	44.7232 50.5512,
	44.6918 50.5512,
	44.6447 50.6141,
	44.6604 50.7397,
	44.629 50.8026,
	44.5033 50.8654,
	44.3776 50.8811,
	44.252 50.8654,
	44.0006 50.7869,
	43.7493 50.7397,
	43.4979 50.5669,
	43.4508 50.5041,
	43.4351 50.4727,
	43.4665 50.4256,
	43.7179 50.347,
	43.7807 50.3156,
	43.7964 50.2999,
	43.6707 50.2528,
	43.5451 50.2842,
	43.4194 50.2371,
	43.3566 50.2056,
	43.1052 50.2999,
	42.8539 50.2056,
	42.7282 50.08,
	42.6025 50.0486,
	42.4769 50.0643,
	42.2255 50.0328,
	42.0999 50.0486,
	42.037 50.08,
	41.9113 50.08,
	41.66 50.1742,
	41.5343 50.1899,
	41.4087 50.08,
	41.3458 50.0328,
	41.0945 50.08,
	40.9688 50.1114,
	40.7175 50.0643,
	40.6546 50.0328,
	40.6232 49.9857,
	40.7175 49.86,
	40.7803 49.8129,
	40.796 49.7972,
	40.7332 49.7501,
	40.6075 49.7187,
	40.4818 49.7187,
	40.3562 49.7658,
	40.2933 49.7815,
	40.2619 49.7658,
	40.1362 49.8286,
	40.0734 49.8443,
	40.0263 49.8915,
	39.7749 49.9229,
	39.2723 49.7658,
	39.0209 49.7187,
	38.8952 49.6715,
	38.801 49.5459,
	38.6753 49.483,
	38.5496 49.4516,
	38.424 49.4516,
	38.1726 49.3102,
	37.9213 49.216,
	37.7956 49.106,
	37.7485 49.0432,
	37.7171 49.0118,
	37.6699 48.7604,
	37.6071 48.6976,
	37.3558 48.5562,
	37.2301 48.5562,
	37.1987 48.5562,
	37.1358 48.6033,
	37.1044 48.6348,
	37.1044 48.6976,
	37.183 48.8233,
	37.183 48.8547,
	37.2458 48.9175,
	37.2615 48.9804,
	37.1358 48.9961,
	37.073 48.9804,
	36.8217 49.0118,
	36.7588 49.0275,
	36.7274 49.0275,
	36.6017 49.1374,
	36.5389 49.1846,
	36.4761 49.1689,
	36.2247 48.9175,
	36.1776 48.8547,
	36.1619 48.7918,
	36.1462 48.7604,
	36.1619 48.6976,
	36.0991 48.5719,
	36.0676 48.5405,
	36.0048 48.5248,
	35.8791 48.5405,
	35.8163 48.6033,
	35.6906 48.6348,
	35.455 48.4305,
	35.4864 48.3677,
	35.6121 48.2734,
	35.6435 48.2106,
	35.6592 48.0849,
	35.6749 48.0221,
	35.6592 47.9593,
	35.5335 47.9121,
	35.4236 47.9907,
	35.4079 48.1164,
	35.3764 48.1321,
	35.2508 48.0692,
	35.1251 47.9436,
	34.9994 47.865,
	34.7795 47.6137,
	34.6853 47.488,
	34.4339 47.2681,
	34.3082 47.1581,
	34.2454 47.0953,
	34.2297 47.0639,
	34.2611 47.001,
	34.3239 46.9539,
	34.3554 46.8911,
	34.3711 46.8754,
	34.1197 46.6554,
	33.8684 46.5298,
	33.7427 46.4826,
	33.6799 46.4983,
	33.617 46.4826,
	33.4914 46.3884,
	33.4128 46.2627,
	33.3971 46.2313,
	33.4285 46.1685,
	33.4914 46.137,
	33.5542 46.1527,
	33.617 46.137,
	33.7427 46.0114,
	33.7584 45.98,
	33.7427 45.9171,
	33.6956 45.8543,
	33.5699 45.7757,
	33.4442 45.7286,
	33.1929 45.8072,
	33.1301 45.8229,
	33.0672 45.7914,
	32.9887 45.6658,
	32.973 45.6029,
	32.973 45.5872,
	"/>
</Transform>

<Transform dim="0"
 xcoef=" 0 1 0 0 0 0"
 ycoef=" 0 0 1 0 0 0">
<Contour name="TB1_NF61_LES" hidden="false" closed="true" simplified="true" border="0.839216 0.67451 0.968627" fill="1 0.502 0.753" mode="11"
 points="22.2438 54.4942,
	22.2909 54.3685,
	22.4009 54.2742,
	22.5266 54.2742,
	22.5894 54.3214,
	22.6522 54.3371,
	22.7151 54.3842,
	22.7465 54.4156,
	22.7779 54.667,
	22.7936 54.7926,
	22.6837 55.044,
	22.6208 55.1068,
	22.558 55.1225,
	22.4323 55.0911,
	22.3695 55.0754,
	22.3066 55.0283,
	22.2752 54.9654,
	22.2909 54.8398,
	22.2438 54.5884,
	22.2438 54.5256,
	22.2438 54.5099,
	"/>
</Transform>

<Transform dim="0"
 xcoef=" 0 1 0 0 0 0"
 ycoef=" 0 0 1 0 0 0">
<Image mag="0.00749" contrast="1" brightness="0" red="true" green="true" blue="true"
 src="Alg_stitch3-4_200.tif" />
<Contour name="domain1" hidden="false" closed="true" simplified="false" border="1 0 1" fill="1 0 1" mode="11"
 points="0 0,
	15652 0,
	15652 8578,
	0 8578,
	"/>
</Transform>

<Transform dim="0"
 xcoef=" 0 1 0 0 0 0"
 ycoef=" 0 0 1 0 0 0">
<Contour name="TB1_Basal_CT_layer_LES" hidden="false" closed="true" simplified="true" border="0.258824 0.329412 0.956863" fill="1 0.5 0" mode="11"
 points="14.7557 52.292,
	14.9498 19.1565,
	15.0145 2.58871,
	15.0145 0.517742,
	15.0145 0.258871,
	14.8851 0.194153,
	14.8851 0.0647178,
	15.144 0,
	15.2734 0.0647178,
	15.5323 0,
	17.6032 0.129436,
	18.6387 0.0647178,
	19.027 0.517742,
	19.0918 1.03548,
	19.1565 1.29436,
	19.6742 1.48851,
	19.9331 1.61795,
	19.9978 2.13569,
	19.8684 3.17117,
	19.8684 3.43004,
	19.9978 3.68891,
	20.2567 3.88307,
	20.7744 3.81835,
	21.0333 3.75363,
	21.551 3.94779,
	21.8746 4.46553,
	21.8746 4.98327,
	21.8099 5.24214,
	21.2274 6.27763,
	21.098 6.79537,
	21.0333 7.83085,
	20.7097 8.86634,
	20.7744 9.90182,
	20.7097 10.9373,
	20.645 11.4551,
	21.098 12.4905,
	21.2922 13.526,
	21.2922 13.7849,
	21.8746 14.8204,
	22.1335 14.8851,
	22.3924 15.0792,
	22.5218 15.2087,
	22.5218 15.4676,
	22.5218 15.597,
	22.2629 15.7911,
	21.7452 15.9853,
	21.2922 16.4383,
	20.8391 17.4738,
	20.7097 18.5093,
	20.7097 19.027,
	20.8391 19.5448,
	20.9038 19.8036,
	20.5803 20.8391,
	19.9331 21.8746,
	19.6742 22.3924,
	19.5448 22.9101,
	19.5448 23.9456,
	19.6095 24.4633,
	19.2859 25.4988,
	19.1565 25.7577,
	19.0918 26.7932,
	19.027 27.052,
	19.0918 27.3109,
	19.5448 27.8287,
	19.6742 28.0875,
	19.6095 29.123,
	19.4801 29.6408,
	19.6095 30.6762,
	19.9331 31.7117,
	20.192 32.2295,
	20.645 32.7472,
	20.8391 33.2649,
	20.9038 33.7827,
	20.7097 35.8537,
	20.8391 36.8891,
	21.2274 37.9246,
	22.2629 39.9956,
	22.6512 40.5133,
	22.7807 40.7722,
	23.2337 41.29,
	23.9456 42.2607,
	24.2045 42.5196,
	24.4633 43.0373,
	24.5928 43.2962,
	24.5928 43.4256,
	24.7869 43.6845,
	25.3047 43.814,
	25.8224 43.814,
	26.0813 43.9434,
	26.146 44.2023,
	26.0813 44.3317,
	25.8224 44.3964,
	25.3047 44.8494,
	24.9164 45.8849,
	24.6575 46.4027,
	24.1397 46.791,
	23.8809 47.0498,
	23.622 47.5676,
	23.5573 48.0853,
	23.6867 49.1208,
	23.5573 50.1563,
	23.2984 51.1918,
	23.2337 51.7095,
	23.6867 53.7805,
	24.0103 54.816,
	24.2045 55.8515,
	24.5928 56.8869,
	24.7222 57.4047,
	24.9811 57.9224,
	25.8224 58.8932,
	26.2754 59.4109,
	26.2107 59.6698,
	25.1752 59.864,
	24.1397 59.864,
	23.1043 59.7345,
	21.0333 59.7992,
	16.8913 59.6698,
	15.8559 59.6698,
	15.3381 59.6051,
	15.0792 59.6051,
	14.9498 59.6051,
	14.8204 59.7345,
	14.7557 55.5926,
	14.7557 53.5216,
	14.7557 52.4861,
	14.7557 52.3567,
	"/>
</Transform>

<Transform dim="0"
 xcoef=" 0 1 0 0 0 0"
 ycoef=" 0 0 1 0 0 0">
<Contour name="TB1_NF62_LES" hidden="false" closed="true" simplified="true" border="1 0.27451 0.27451" fill="1 0 0" mode="-11"
 points="47.5386 42.7517,
	47.5968 42.6837,
	47.6745 42.6449,
	47.7133 42.6061,
	47.7522 42.5963,
	47.7716 42.5769,
	47.927 42.5284,
	48.0046 42.4993,
	48.16 42.4701,
	48.3153 42.4701,
	48.393 42.4701,
	48.4319 42.4604,
	48.7426 42.5478,
	48.7814 42.5672,
	49.4028 42.5866,
	49.5582 42.6158,
	49.7135 42.674,
	49.733 42.674,
	49.8106 42.7323,
	49.8398 42.7711,
	49.8398 42.8488,
	49.8301 42.8876,
	49.6747 42.975,
	49.364 43.0721,
	49.0533 43.1401,
	48.4319 43.1498,
	48.2765 43.1595,
	48.1988 43.1595,
	48.16 43.1692,
	47.8493 43.111,
	47.6939 43.0818,
	47.6163 43.0236,
	47.5774 42.9847,
	47.5483 42.9071,
	47.5386 42.7614,
	"/>
<Contour name="TB1_NF62_LES" hidden="false" closed="true" simplified="true" border="1 0.27451 0.27451" fill="1 0 0" mode="-11"
 points="50.4418 42.4895,
	50.4903 42.4119,
	50.5583 42.3342,
	50.5971 42.2953,
	50.7525 42.1983,
	50.9078 42.1303,
	51.0632 42.0817,
	51.1409 42.0332,
	51.2185 42.0138,
	51.2962 42.0138,
	51.3545 42.0914,
	51.3642 42.1303,
	51.3448 42.1691,
	51.1894 42.2662,
	51.1214 42.3245,
	51.0826 42.3439,
	51.0632 42.3439,
	50.9078 42.4507,
	50.8884 42.4507,
	50.869 42.4701,
	50.8496 42.4701,
	50.7039 42.5769,
	50.6263 42.6158,
	50.5486 42.6255,
	50.5097 42.6255,
	50.4709 42.6061,
	50.4515 42.5866,
	50.4418 42.509,
	50.4418 42.4993,
	"/>
</Transform>

<Transform dim="0"
 xcoef=" 0 1 0 0 0 0"
 ycoef=" 0 0 1 0 0 0">
<Contour name="TB1_SeptalCell02_nuc_LES" hidden="false" closed="true" simplified="true" border="1 0.533333 0.309804" fill="1 0 0.5" mode="-11"
 points="49.6043 18.7707,
	50.0371 18.5272,
	50.1453 18.5002,
	50.3346 18.3379,
	50.7674 18.4191,
	50.8756 18.4461,
	50.9296 18.4461,
	50.9837 18.5002,
	50.9837 18.5543,
	50.8756 18.6625,
	50.6592 18.7436,
	50.578 18.7977,
	50.3617 18.987,
	50.2535 18.987,
	50.0371 18.9059,
	49.8207 18.9059,
	49.7125 18.8789,
	49.6043 18.7977,
	"/>
<Contour name="TB1_SeptalCell02_nuc_LES" hidden="false" closed="true" simplified="true" border="1 0.533333 0.309804" fill="1 0 0.5" mode="-11"
 points="50.1453 16.3364,
	50.1994 16.1201,
	50.3076 16.0389,
	50.5239 16.1742,
	50.7403 16.1201,
	50.9567 16.1201,
	51.1731 16.2553,
	51.146 16.3635,
	51.0378 16.3905,
	51.0108 16.4987,
	51.0378 16.5528,
	50.9837 16.7692,
	50.8756 16.8503,
	50.6592 16.8774,
	50.4428 16.8233,
	50.3346 16.7692,
	50.2805 16.661,
	50.2805 16.5528,
	50.2805 16.4987,
	50.1723 16.3905,
	50.1723 16.3635,
	"/>
</Transform>

<Transform dim="0"
 xcoef=" 0 1 0 0 0 0"
 ycoef=" 0 0 1 0 0 0">
<Contour name="TB1_SeptalCell02_CM_LES" hidden="false" closed="true" simplified="true" border="1 0.611765 0.423529" fill="1 0 0.5" mode="-11"
 points="44.0389 25.1188,
	44.078 25.0407,
	44.078 25.0017,
	44.2342 24.904,
	44.3904 24.904,
	44.7029 24.8259,
	44.781 24.7869,
	44.9372 24.7869,
	45.0934 24.8259,
	45.2496 24.8064,
	45.4058 24.8259,
	45.4839 24.8259,
	45.6402 24.7478,
	45.9526 24.6697,
	46.1088 24.6111,
	46.1869 24.533,
	46.4994 24.3963,
	46.5775 24.3378,
	46.7337 24.2792,
	46.8899 24.2596,
	47.0461 24.2987,
	47.2024 24.2792,
	47.3586 24.2206,
	47.671 24.2011,
	47.8272 24.1815,
	47.9834 24.123,
	48.1397 24.0058,
	48.1592 23.9667,
	48.1201 23.8886,
	48.0811 23.8691,
	47.9249 23.9082,
	47.6124 23.8691,
	47.3 23.9082,
	46.9876 24.0058,
	46.6751 24.0644,
	46.597 24.0839,
	46.558 24.1034,
	46.2455 23.83,
	46.1674 23.7715,
	46.0112 23.7519,
	45.6987 23.9277,
	45.5425 24.0448,
	45.4644 24.0644,
	45.3863 24.0253,
	45.3473 23.9472,
	45.4644 23.791,
	45.6206 23.6543,
	45.9331 23.4981,
	46.0893 23.4395,
	46.1674 23.4004,
	46.3236 23.42,
	46.4798 23.4004,
	46.5189 23.3223,
	46.8313 23.1271,
	46.9094 23.049,
	46.929 22.8927,
	46.9485 22.8146,
	47.1047 22.6975,
	46.968 22.5412,
	46.8899 22.385,
	46.8509 22.3264,
	46.8899 22.2874,
	46.968 22.3069,
	47.2805 22.5412,
	47.5929 22.4241,
	47.9053 22.385,
	47.9639 22.3069,
	47.9834 22.2288,
	48.2959 21.975,
	48.4521 21.8187,
	48.5107 21.7797,
	48.3545 21.682,
	48.042 21.7797,
	47.9639 21.7602,
	47.8663 21.6039,
	47.8468 21.5258,
	47.8272 21.5063,
	47.8858 21.4282,
	48.042 21.4087,
	48.0811 21.4087,
	48.1201 21.3696,
	48.0616 21.2134,
	47.9444 21.0572,
	47.9249 20.9791,
	47.6124 20.7252,
	47.5538 20.569,
	47.5538 20.4909,
	47.632 20.3347,
	47.9249 20.1784,
	48.2373 20.1199,
	48.3935 20.1199,
	48.4716 20.0808,
	48.5302 20.0027,
	48.4912 19.9246,
	48.6083 19.7488,
	48.6278 19.5926,
	48.6083 19.5145,
	48.4521 19.4169,
	48.1397 19.4364,
	48.1006 19.4169,
	47.7882 19.495,
	47.4757 19.6903,
	47.3195 19.7098,
	47.1633 19.6707,
	47.1242 19.6317,
	47.1242 19.5536,
	47.1828 19.4755,
	47.2024 19.4559,
	47.1242 19.3974,
	47.1438 19.3192,
	47.2609 19.163,
	47.3195 19.0849,
	47.339 19.0068,
	47.1828 18.8506,
	47.1047 18.6944,
	47.1242 18.5382,
	47.1242 18.46,
	47.1242 18.421,
	47.2609 18.2648,
	47.4172 18.1671,
	47.5734 18.1086,
	47.6515 18.1281,
	47.6905 18.1281,
	47.7686 18.05,
	48.3935 17.7571,
	48.706 17.6399,
	48.8622 17.6204,
	48.9208 17.5423,
	48.9403 17.5032,
	48.8817 17.4251,
	48.8426 17.386,
	48.6864 17.4642,
	48.5302 17.4837,
	48.374 17.4056,
	47.7491 17.386,
	47.4367 17.3665,
	47.2805 17.347,
	47.1242 17.2884,
	46.968 17.1908,
	46.8704 17.0346,
	46.9094 16.8783,
	47.0657 16.8198,
	47.1047 16.8002,
	47.1828 16.8393,
	47.2219 16.9174,
	47.1242 17.0736,
	47.2024 17.1322,
	47.5148 17.1712,
	47.671 17.1322,
	47.7296 17.0541,
	47.7491 16.976,
	47.7101 16.8979,
	47.5538 16.8198,
	47.2414 16.5854,
	46.929 16.5268,
	46.7728 16.5073,
	46.6946 16.4683,
	46.6556 16.4097,
	46.7337 16.3511,
	46.8899 16.3316,
	47.2024 16.1168,
	47.3586 16.0777,
	47.3976 16.0387,
	47.3586 16.0191,
	47.3 16.0582,
	47.1438 15.9606,
	47.1438 15.9215,
	47.3 15.8239,
	47.4562 15.8043,
	47.6124 15.7262,
	47.7686 15.5895,
	47.8468 15.57,
	47.9249 15.5114,
	48.0811 15.4528,
	48.2373 15.3552,
	48.5497 15.2576,
	49.1746 15.3162,
	49.2527 15.2966,
	49.3308 15.238,
	49.1941 15.0818,
	49.1551 15.0232,
	49.2137 14.9451,
	49.5261 14.9061,
	49.6823 14.9061,
	49.8385 14.9647,
	50.151 15.199,
	50.3072 15.2771,
	50.3853 15.3162,
	50.6977 15.2966,
	50.854 15.2771,
	51.0102 15.3357,
	51.1664 15.4724,
	51.4788 15.4919,
	51.7913 15.4528,
	51.9475 15.5505,
	52.0256 15.6091,
	52.1037 15.6286,
	52.1818 15.6872,
	52.3576 15.9996,
	52.4357 16.0777,
	52.4552 16.0972,
	52.7676 15.9215,
	52.9238 15.7653,
	53.0801 15.7067,
	53.2363 15.7067,
	53.3144 15.7067,
	53.6268 15.8434,
	53.6659 15.8824,
	53.6659 15.9606,
	53.5097 16.1168,
	53.3534 16.1949,
	53.2753 16.2535,
	53.2363 16.3316,
	53.3144 16.3902,
	53.6268 16.4097,
	54.2517 16.5268,
	54.3298 16.5854,
	54.3493 16.6245,
	54.3103 16.7026,
	53.9978 16.8393,
	53.9002 16.9955,
	53.744 17.1127,
	53.6659 17.1322,
	53.6073 17.2103,
	53.6854 17.2884,
	53.9978 17.1908,
	54.3103 17.1517,
	54.4665 17.1517,
	54.6227 17.2298,
	54.6618 17.3079,
	54.5641 17.4642,
	54.4079 17.5227,
	54.0955 17.5618,
	53.783 17.6594,
	53.4706 17.8156,
	53.1582 18.1281,
	53.0801 18.1867,
	53.002 18.1476,
	52.6895 18.3429,
	52.5333 18.4796,
	52.2209 18.6358,
	52.1428 18.6553,
	51.9865 18.7725,
	51.9084 18.8115,
	51.8303 18.792,
	51.7522 18.8115,
	51.5374 19.124,
	51.225 19.2607,
	51.0688 19.2607,
	50.9125 19.1826,
	50.7563 19.2802,
	50.7173 19.4364,
	50.8149 19.5926,
	50.8344 19.6707,
	50.8344 19.7098,
	50.893 19.7879,
	51.0492 19.827,
	51.2054 19.7684,
	51.5179 19.4755,
	51.5569 19.4559,
	51.7132 19.5926,
	51.7913 19.7488,
	51.928 19.9051,
	51.9084 19.9832,
	51.8889 20.0027,
	51.928 20.0418,
	52.0842 20.0222,
	52.2404 20.0808,
	52.299 20.1589,
	52.3185 20.3151,
	52.3185 20.3932,
	52.2404 20.5495,
	52.2013 20.569,
	52.0451 20.4518,
	51.967 20.2956,
	51.928 20.2175,
	51.8694 20.1784,
	51.7913 20.2175,
	51.6741 20.3737,
	51.6936 20.6862,
	51.7327 20.8424,
	52.0451 21.0376,
	52.2013 21.1548,
	52.1818 21.2329,
	52.0256 21.2915,
	51.8694 21.2524,
	51.5569 21.272,
	51.5374 21.2915,
	51.6936 21.3891,
	51.7522 21.4672,
	51.6155 21.6235,
	51.5374 21.7016,
	51.225 21.8773,
	51.1664 21.9359,
	51.2054 21.975,
	51.3617 21.9945,
	51.5179 21.9554,
	51.6741 21.8578,
	51.7327 21.7797,
	51.7717 21.7602,
	51.8498 21.7992,
	51.8694 21.8773,
	51.5569 22.1507,
	51.2445 22.346,
	51.0883 22.4827,
	50.4634 22.7756,
	50.3072 22.8732,
	50.151 23.0099,
	49.8385 23.1856,
	49.6823 23.2052,
	49.5261 23.1856,
	49.2137 23.2833,
	49.0574 23.3809,
	48.9012 23.6934,
	48.8231 23.8496,
	48.745 23.9277,
	48.6669 23.9667,
	48.6083 24.0448,
	48.4521 24.123,
	48.1397 24.2011,
	47.8272 24.3378,
	47.5148 24.533,
	47.3586 24.5721,
	47.2805 24.5721,
	46.968 24.7283,
	46.8313 24.8845,
	46.5189 25.0993,
	46.2065 25.2751,
	45.894 25.4899,
	45.7378 25.5484,
	45.5816 25.6461,
	45.5425 25.6851,
	45.5035 25.6851,
	45.3473 25.8218,
	45.2496 26.1343,
	45.191 26.2905,
	45.1325 26.3686,
	44.9762 26.4272,
	44.8981 26.4076,
	44.8591 26.3686,
	44.8395 26.2905,
	44.7614 26.2319,
	44.6833 26.2124,
	44.5271 26.2905,
	44.3709 26.3295,
	44.2733 26.1733,
	44.1561 25.8609,
	44.2342 25.7047,
	44.3904 25.607,
	44.4685 25.5875,
	44.5271 25.5094,
	44.5271 25.4313,
	44.3904 25.2751,
	44.3514 25.2555,
	44.1951 25.3141,
	44.117 25.2751,
	44.078 25.236,
	44.0585 25.1579,
	44.0585 25.1384,
	"/>
</Transform>

<Transform dim="0"
 xcoef=" 0 1 0 0 0 0"
 ycoef=" 0 0 1 0 0 0">
<Contour name="TB1_NF70_LES" hidden="false" closed="true" simplified="true" border="0.337255 0.819608 0.921569" fill="1 0 0" mode="-11"
 points="46.2643 24.2953,
	46.3452 24.2144,
	46.6689 24.1133,
	46.9925 23.9514,
	47.3162 23.911,
	47.9635 23.8907,
	48.0444 23.8907,
	48.0849 23.911,
	48.0242 24.0728,
	47.7005 24.1739,
	47.3769 24.2346,
	47.0532 24.2346,
	46.8914 24.2751,
	46.7295 24.3762,
	46.4059 24.4167,
	46.325 24.3965,
	46.2643 24.3155,
	"/>
</Transform>

<Transform dim="0"
 xcoef=" 0 1 0 0 0 0"
 ycoef=" 0 0 1 0 0 0">
<Contour name="TB1_NF71_LES" hidden="false" closed="true" simplified="true" border="0.223529 0.0862745 0.505882" fill="1 0 0" mode="-11"
 points="17.296 36.2103,
	17.4578 36.089,
	17.5387 36.0485,
	17.559 35.9069,
	17.5792 35.826,
	17.6399 35.7451,
	17.6804 35.7046,
	17.741 35.5428,
	17.822 35.4619,
	17.9029 35.4214,
	18.0445 35.2596,
	18.2063 35.1584,
	18.53 35.1382,
	18.6918 35.0977,
	18.8536 35.118,
	19.0155 35.1786,
	19.0964 35.2191,
	19.1369 35.2191,
	19.1773 35.2596,
	19.2178 35.2596,
	19.3796 35.3809,
	19.4403 35.4619,
	19.4605 35.5428,
	19.4403 35.6237,
	19.3594 35.6844,
	19.3189 35.7248,
	18.9953 35.7653,
	18.6716 35.7653,
	18.3479 35.826,
	18.267 35.8664,
	18.1861 35.9474,
	18.1254 35.9676,
	18.0647 36.1294,
	17.9433 36.2913,
	17.7815 36.4531,
	17.7208 36.534,
	17.6399 36.5542,
	17.4781 36.5138,
	17.3971 36.4329,
	17.3162 36.271,
	17.296 36.2306,
	"/>
</Transform>

<Transform dim="0"
 xcoef=" 0 1 0 0 0 0"
 ycoef=" 0 0 1 0 0 0">
<Contour name="TB1_NF71_LES" hidden="false" closed="true" simplified="true" border="0.223529 0.0862745 0.505882" fill="1 0 0" mode="-11"
 points="45.5765 24.0526,
	45.8799 23.8098,
	45.9204 23.8098,
	45.9406 23.7694,
	46.1024 23.7491,
	46.1429 23.7694,
	46.2238 23.7491,
	46.3047 23.7694,
	46.4261 23.9312,
	46.4463 24.093,
	46.4261 24.1739,
	46.2643 24.3358,
	46.2238 24.3762,
	46.062 24.3965,
	45.7383 24.2953,
	45.5765 24.1537,
	45.5765 24.0728,
	"/>
</Transform>

<Transform dim="0"
 xcoef=" 0 1 0 0 0 0"
 ycoef=" 0 0 1 0 0 0">
<Contour name="TB1_Apex2_T1Cell17_CM_LES" hidden="false" closed="true" simplified="true" border="0.839 0.776 0.012" fill="1 0 0.5" mode="-11"
 points="72.4759 34.1518,
	72.5292 34.0985,
	72.7425 34.0052,
	72.9558 33.9918,
	73.0624 33.9518,
	73.4757 33.5653,
	73.5823 33.4719,
	74.0089 33.2453,
	74.1155 33.1787,
	74.3288 32.9921,
	74.4088 32.8854,
	74.4354 32.7788,
	74.4088 32.6721,
	74.3954 32.6455,
	74.4088 32.5922,
	74.4754 32.4855,
	74.4887 32.4322,
	74.5954 32.3256,
	74.6487 32.3256,
	74.702 32.3655,
	74.7154 32.4722,
	74.702 32.5255,
	74.6087 32.6321,
	74.5954 32.6455,
	74.622 32.6588,
	74.6754 32.6321,
	74.7287 32.6455,
	74.822 32.7521,
	74.902 32.9654,
	74.942 33.0187,
	75.0486 33.072,
	75.1552 33.0187,
	75.2486 32.9121,
	75.3019 32.8588,
	75.3685 32.7521,
	75.4618 32.6588,
	75.5152 32.6188,
	75.5152 32.5922,
	75.4618 32.5522,
	75.2486 32.5522,
	75.1419 32.5255,
	75.0886 32.4855,
	75.0753 32.4322,
	75.1819 32.3655,
	75.2352 32.3389,
	75.4485 32.3256,
	75.5552 32.2856,
	75.7684 32.1523,
	75.9817 32.0723,
	76.4083 31.7924,
	76.5016 31.699,
	76.5283 31.6457,
	76.5416 31.6191,
	76.5016 31.5791,
	76.4749 31.5657,
	76.3683 31.6191,
	76.155 31.819,
	76.0484 31.8457,
	76.0217 31.8323,
	76.0217 31.779,
	76.0617 31.7257,
	76.115 31.699,
	76.1683 31.6457,
	76.275 31.5791,
	76.6482 31.1525,
	76.6882 31.0992,
	76.7015 31.0725,
	76.7549 31.0592,
	76.9015 30.8459,
	76.8748 30.7393,
	76.8482 30.6859,
	76.8615 30.4727,
	76.9148 30.366,
	76.9282 30.3127,
	76.9282 30.286,
	76.9815 30.2327,
	77.0348 30.2061,
	77.0881 30.1527,
	77.3014 30.1394,
	77.5147 30.0994,
	77.568 30.0861,
	77.768 29.9128,
	77.7546 29.8062,
	77.688 29.6995,
	77.5947 29.6062,
	77.488 29.5529,
	77.4347 29.5396,
	77.2214 29.6062,
	77.1148 29.6862,
	77.0081 29.7395,
	76.9548 29.7662,
	76.8882 29.8728,
	76.8348 29.9128,
	76.7815 29.9128,
	76.7282 29.8728,
	76.7015 29.8462,
	76.6882 29.7395,
	76.7015 29.5262,
	76.7149 29.4196,
	76.7015 29.3129,
	76.7415 29.2063,
	76.9148 29.0064,
	77.0215 28.8997,
	77.0748 28.7931,
	77.1014 28.7398,
	77.1148 28.6331,
	77.0881 28.5265,
	77.0348 28.4198,
	77.0215 28.3132,
	77.0481 28.2599,
	77.1548 28.1932,
	77.1681 27.9799,
	77.1148 27.7667,
	77.1148 27.7133,
	77.1548 27.66,
	77.1681 27.6334,
	77.1281 27.5267,
	77.1414 27.4201,
	77.1281 27.3667,
	77.0881 27.3134,
	77.0481 27.2868,
	77.0348 27.2334,
	77.0748 27.1935,
	77.1281 27.1801,
	77.2347 27.2068,
	77.3414 27.2734,
	77.3947 27.3134,
	77.4214 27.3667,
	77.528 27.4734,
	77.568 27.6867,
	77.5547 28.1132,
	77.528 28.3265,
	77.5147 28.4332,
	77.5413 28.5398,
	77.728 28.7131,
	77.8079 28.8197,
	77.8346 29.033,
	77.8346 29.2463,
	77.8746 29.2996,
	77.9013 29.2996,
	77.9546 29.3396,
	77.9679 29.4462,
	77.9946 29.4996,
	78.1012 29.5129,
	78.1545 29.5396,
	78.2478 29.6462,
	78.2878 29.8595,
	78.2478 30.286,
	78.2345 30.3927,
	78.2078 30.446,
	78.1812 30.4727,
	78.1812 30.4993,
	78.1545 30.526,
	78.1812 30.7393,
	78.1945 30.7926,
	78.2478 30.8459,
	78.2745 30.8592,
	78.3012 30.8459,
	78.3411 30.8859,
	78.3545 30.9126,
	78.2878 31.1258,
	78.2745 31.2325,
	78.2078 31.3258,
	78.1545 31.3391,
	78.1279 31.3391,
	78.0879 31.3924,
	78.1012 31.4991,
	78.0879 31.6057,
	78.0212 31.7124,
	77.9946 31.819,
	78.0079 32.0323,
	78.0479 32.0856,
	78.0612 32.1389,
	78.0479 32.1923,
	77.9546 32.2989,
	77.8479 32.3522,
	77.6347 32.5388,
	77.5947 32.5922,
	77.568 32.8054,
	77.528 32.8588,
	77.4747 32.8721,
	77.4214 32.8454,
	77.3947 32.8321,
	77.3547 32.8721,
	77.3681 32.9787,
	77.3014 33.0854,
	77.2881 33.192,
	77.2881 33.2453,
	77.2614 33.2987,
	77.2081 33.3253,
	77.1414 33.432,
	77.1148 33.4853,
	77.1014 33.5119,
	77.1414 33.6186,
	77.1548 33.6719,
	77.1414 33.7785,
	77.0881 33.8852,
	76.9815 33.9652,
	76.8748 33.9785,
	76.8215 33.9785,
	76.7815 34.1918,
	76.7415 34.2984,
	76.7149 34.3517,
	76.6616 34.3784,
	76.6349 34.4051,
	76.6749 34.6183,
	76.6482 34.6717,
	76.5949 34.7116,
	76.5416 34.7116,
	76.5149 34.6583,
	76.5016 34.445,
	76.5149 34.3384,
	76.5016 34.2318,
	76.5016 34.1784,
	76.5549 34.1385,
	76.6082 34.1251,
	76.6616 34.0851,
	76.6882 34.0718,
	76.6749 34.0185,
	76.6482 33.9918,
	76.5416 33.9785,
	76.4349 34.0052,
	76.3283 34.0585,
	76.2217 34.0851,
	76.0084 34.0718,
	75.9551 34.0985,
	75.8484 34.1918,
	75.8084 34.2984,
	75.7418 34.4051,
	75.6885 34.4584,
	75.6218 34.565,
	75.5285 34.6717,
	75.4752 34.725,
	75.3685 34.765,
	75.3152 34.8183,
	75.2086 34.8583,
	75.1019 34.9249,
	75.0486 34.9649,
	74.942 34.9783,
	74.9153 34.9649,
	74.862 34.9783,
	74.7553 34.9516,
	74.702 34.9516,
	74.6487 34.9783,
	74.5954 35.0316,
	74.3821 35.0982,
	74.1688 35.0982,
	74.0622 35.0982,
	74.0488 35.1116,
	74.0755 35.1382,
	74.2888 35.1649,
	74.5021 35.1515,
	74.7154 35.1649,
	74.7553 35.2182,
	74.7287 35.2715,
	74.6754 35.3115,
	74.5687 35.3382,
	74.1422 35.2449,
	74.0355 35.2315,
	73.9822 35.2315,
	73.9555 35.2315,
	73.7556 35.3915,
	73.5423 35.4581,
	73.5156 35.4715,
	73.409 35.4048,
	73.3157 35.2982,
	73.1957 35.0849,
	73.1691 35.0316,
	73.1557 34.9249,
	72.7425 34.5384,
	72.5559 34.3251,
	72.4759 34.2184,
	72.4759 34.1651,
	"/>
</Transform>

<Transform dim="0"
 xcoef=" 0 1 0 0 0 0"
 ycoef=" 0 0 1 0 0 0">
<Contour name="TB1_NF61_LES" hidden="false" closed="true" simplified="true" border="0.839216 0.67451 0.964706" fill="0.839216 0.67451 0.964706" mode="-9"
 points="21.9687 54.3917,
	22.0002 54.3288,
	22.008 54.2974,
	22.0316 54.266,
	22.0394 54.2346,
	22.2358 53.999,
	22.2672 53.9675,
	22.3929 53.8968,
	22.4243 53.9047,
	22.4557 53.9361,
	22.4871 54.0618,
	22.4636 54.1875,
	22.4557 54.2503,
	22.4321 54.2739,
	22.4007 54.2817,
	22.3379 54.3367,
	22.3143 54.3995,
	22.3065 54.4309,
	22.2436 54.4938,
	22.2122 54.5173,
	22.1494 54.5331,
	22.0866 54.5331,
	22.0237 54.5095,
	21.9923 54.5016,
	21.9687 54.4388,
	21.9687 54.4074,
	21.9687 54.3995,
	"/>
</Transform>

<Transform dim="0"
 xcoef=" 0 1 0 0 0 0"
 ycoef=" 0 0 1 0 0 0">
<Contour name="TB1_NF61_LES" hidden="false" closed="true" simplified="true" border="0.839216 0.67451 0.964706" fill="0.839216 0.67451 0.964706" mode="-9"
 points="20.2879 58.5781,
	20.3193 58.5152,
	20.3429 58.4838,
	20.4685 58.4367,
	20.7199 58.4131,
	20.7827 58.3581,
	20.8141 58.2325,
	20.9084 58.1068,
	20.9712 57.9811,
	21.0105 57.8555,
	21.0262 57.7926,
	21.0341 57.7612,
	21.144 57.6512,
	21.1597 57.6198,
	21.1754 57.6041,
	21.199 57.5413,
	21.2147 57.5099,
	21.2147 57.4942,
	21.3011 57.3763,
	21.3561 57.3214,
	21.3875 57.2585,
	21.4975 57.1329,
	21.5289 57.1014,
	21.5917 57.07,
	21.6546 57.07,
	21.7174 57.1014,
	21.7724 57.1486,
	21.8038 57.1643,
	21.8352 57.1957,
	21.8666 57.2585,
	21.8823 57.2899,
	21.9295 57.5413,
	21.9295 57.6041,
	21.8588 57.8555,
	21.8431 57.9811,
	21.8352 58.044,
	21.8352 58.0754,
	21.8509 58.0204,
	21.8509 57.989,
	21.8823 57.9261,
	21.898 57.9183,
	21.9059 57.934,
	21.8588 58.0597,
	21.8588 58.1225,
	21.8352 58.1853,
	21.7881 58.2482,
	21.7017 58.4995,
	21.6938 58.5309,
	21.6467 58.5859,
	21.6231 58.6173,
	21.5917 58.633,
	21.5603 58.6645,
	21.4975 58.7037,
	21.4661 58.7037,
	21.4346 58.7194,
	21.4032 58.7194,
	21.3404 58.743,
	21.089 58.7744,
	21.0262 58.7823,
	20.9005 58.7744,
	20.8377 58.798,
	20.712 58.8058,
	20.6492 58.7901,
	20.5235 58.7823,
	20.3979 58.743,
	20.335 58.7194,
	20.3036 58.6959,
	20.2879 58.6645,
	20.2879 58.6016,
	20.2879 58.5859,
	"/>
</Transform>

<Transform dim="0"
 xcoef=" 0 1 0 0 0 0"
 ycoef=" 0 0 1 0 0 0">
<Contour name="TB1_NF70_LES" hidden="false" closed="true" simplified="true" border="0.337255 0.819608 0.921569" fill="0.337255 0.819608 0.921569" mode="-9"
 points="17.8721 36.58,
	17.8993 36.4713,
	18.0352 36.2538,
	18.0691 36.1995,
	18.1167 36.1519,
	18.1711 36.1179,
	18.2254 36.0975,
	18.2526 36.0771,
	18.307 36.0568,
	18.3342 36.05,
	18.3614 36.0296,
	18.4157 36.016,
	18.6332 35.8937,
	18.6604 35.8801,
	18.6739 35.8801,
	18.7283 35.8461,
	18.837 35.8189,
	18.9458 35.8053,
	18.9729 35.7917,
	19.0817 35.7781,
	19.5166 35.8053,
	19.5642 35.8257,
	19.5777 35.8257,
	19.6321 35.8733,
	19.6457 35.8869,
	19.6525 35.9412,
	19.6457 35.9956,
	19.6049 36.05,
	19.5438 36.1519,
	19.4962 36.2063,
	19.4758 36.2266,
	19.4622 36.2198,
	19.4486 36.247,
	19.3399 36.3082,
	19.1224 36.3693,
	19.0681 36.3965,
	19.0205 36.4373,
	19.0001 36.4917,
	18.9797 36.6004,
	18.939 36.6548,
	18.9118 36.6751,
	18.6943 36.6887,
	18.5856 36.6955,
	18.3682 36.7567,
	18.2594 36.7907,
	18.2051 36.8111,
	18.0963 36.8178,
	18.042 36.8178,
	17.9876 36.8043,
	17.9332 36.7703,
	17.8857 36.7227,
	17.8721 36.6683,
	17.8721 36.614,
	17.8721 36.5868,
	"/>
</Transform>

<Transform dim="0"
 xcoef=" 0 1 0 0 0 0"
 ycoef=" 0 0 1 0 0 0">
<Contour name="TB1_NF70_LES" hidden="false" closed="true" simplified="true" border="0.337255 0.819608 0.921569" fill="0.337255 0.819608 0.921569" mode="-9"
 points="44.4665 24.606,
	44.4936 24.568,
	44.5153 24.5463,
	44.537 24.5355,
	44.5803 24.5409,
	44.6237 24.5572,
	44.6454 24.5572,
	44.7322 24.5951,
	44.819 24.6114,
	44.8298 24.6114,
	44.8461 24.6331,
	44.8461 24.6548,
	44.8298 24.6765,
	44.8081 24.6873,
	44.7864 24.709,
	44.743 24.7253,
	44.6563 24.7307,
	44.6129 24.7253,
	44.5912 24.7199,
	44.5803 24.7199,
	44.5695 24.709,
	44.5261 24.6982,
	44.4881 24.6602,
	44.4719 24.6385,
	44.4665 24.6168,
	44.4665 24.6114,
	"/>
</Transform>

<Transform dim="0"
 xcoef=" 0 1 0 0 0 0"
 ycoef=" 0 0 1 0 0 0">
<Contour name="TB1_NF72_LES" hidden="false" closed="true" simplified="true" border="0.0784314 0.509804 0.101961" fill="0.0784314 0.509804 0.101961" mode="-9"
 points="18.9122 24.079,
	18.9479 23.9365,
	18.9657 23.8652,
	19.028 23.794,
	19.0726 23.7227,
	19.0993 23.5802,
	19.1082 23.4376,
	19.1349 23.2951,
	19.1795 23.1526,
	19.3042 22.8675,
	19.3131 22.8319,
	19.3398 22.7962,
	19.3398 22.7784,
	19.4645 22.6448,
	19.5358 22.6181,
	19.6071 22.6092,
	19.6783 22.627,
	19.7229 22.6982,
	19.7496 22.7695,
	19.7585 22.8408,
	19.7674 22.8764,
	19.7051 23.0189,
	19.7051 23.0368,
	19.6872 23.0546,
	19.6605 23.1258,
	19.6249 23.4109,
	19.616 23.4822,
	19.5714 23.5534,
	19.5269 23.696,
	19.518 23.7672,
	19.5358 24.3374,
	19.5447 24.4799,
	19.5358 24.6135,
	19.5091 24.5779,
	19.5002 24.569,
	19.4645 24.7115,
	19.3487 24.9966,
	19.322 25.0678,
	19.2329 25.2104,
	19.1706 25.2816,
	19.0904 25.4242,
	19.0726 25.4331,
	19.028 25.3707,
	19.028 25.2282,
	19.0548 25.0856,
	19.0459 24.9431,
	19.0191 24.8006,
	19.0102 24.6581,
	18.9835 24.5155,
	18.9568 24.4799,
	18.9122 24.1948,
	18.9122 24.1236,
	18.9122 24.0879,
	"/>
</Transform>

<Transform dim="0"
 xcoef=" 0 1 0 0 0 0"
 ycoef=" 0 0 1 0 0 0">
<Image mag="0.00749" contrast="1" brightness="0" red="true" green="true" blue="true"
 src="Alg_stitch3-4_201.tif" />
<Contour name="TB1_t3cell02_synapse" hidden="false" closed="true" simplified="false" border="0 0 1" fill="0 0 1" mode="11"
 points="0 0,
	15652 0,
	15652 8578,
	0 8578,
	"/>
</Transform>

</Section>