<?xml version="1.0"?>
<!DOCTYPE Section SYSTEM "section.dtd">

<Section index="288" thickness="0.08" alignLocked="true">
<Transform dim="0"
 xcoef=" 0 1 0 0 0 0"
 ycoef=" 0 0 1 0 0 0">
<Image mag="0.00749" contrast="1" brightness="0" red="true" green="true" blue="true"
 src="Alg_stitch3-4_288.tif" />
<Contour name="domain1" hidden="false" closed="true" simplified="false" border="1 0 1" fill="1 0 1" mode="11"
 points="0 0,
	15652 0,
	15652 8578,
	0 8578,
	"/>
</Transform>

<Transform dim="0"
 xcoef=" 0 1 0 0 0 0"
 ycoef=" 0 0 1 0 0 0">
<Contour name="TB3_NF01-PG_RSL" hidden="false" closed="true" simplified="true" border="1 1 0" fill="1 1 0" mode="-9"
 points="16.17 11.92,
	16.21 11.84,
	16.29 11.77,
	16.45 11.69,
	16.77 11.46,
	16.88 11.31,
	17.02 11.19,
	17.06 11.18,
	17.14 11.13,
	17.25 10.98,
	17.32 10.92,
	17.4 10.88,
	17.55 10.76,
	17.56 10.68,
	17.57 10.64,
	17.6 10.6,
	17.68 10.57,
	17.84 10.56,
	17.92 10.55,
	18 10.56,
	18.32 10.76,
	18.4 10.79,
	18.44 10.8,
	18.52 10.87,
	18.62 11.03,
	18.76 11.35,
	18.76 11.43,
	18.76 11.47,
	18.72 11.55,
	18.66 11.61,
	18.66 11.65,
	18.68 11.68,
	18.76 11.74,
	18.77 11.82,
	18.77 11.84,
	18.73 11.88,
	18.72 11.9,
	18.64 11.91,
	18.6 11.91,
	18.57 11.89,
	18.41 11.86,
	18.25 11.8,
	18.09 11.72,
	17.93 11.62,
	17.85 11.57,
	17.81 11.57,
	17.77 11.55,
	17.45 11.54,
	17.37 11.55,
	17.33 11.56,
	17.25 11.61,
	17.21 11.64,
	17.19 11.64,
	17.15 11.67,
	17.11 11.68,
	16.95 11.77,
	16.79 11.83,
	16.71 11.86,
	16.63 11.92,
	16.31 12.05,
	16.27 12.07,
	16.19 12.07,
	16.17 12.05,
	16.17 11.97,
	16.17 11.93,
	"/>
</Transform>

<Transform dim="0"
 xcoef=" 0 1 0 0 0 0"
 ycoef=" 0 0 1 0 0 0">
<Contour name="TB3_NF01-PG_RSL" hidden="false" closed="true" simplified="true" border="1 1 0" fill="1 1 0" mode="-9"
 points="22.25 17.09,
	22.33 17.04,
	22.49 17.03,
	22.65 16.99,
	22.97 16.97,
	23.13 16.97,
	23.21 16.98,
	23.25 16.99,
	23.32 17.06,
	23.37 17.14,
	23.37 17.22,
	23.23 17.37,
	23.19 17.45,
	23.11 17.5,
	23.03 17.53,
	22.71 17.41,
	22.63 17.38,
	22.59 17.38,
	22.43 17.33,
	22.35 17.28,
	22.27 17.21,
	22.25 17.13,
	22.25 17.1,
	"/>
</Transform>

<Transform dim="0"
 xcoef=" 0 1 0 0 0 0"
 ycoef=" 0 0 1 0 0 0">
<Contour name="TB3_NF01-PG_RSL" hidden="false" closed="true" simplified="true" border="1 1 0" fill="1 1 0" mode="-9"
 points="23.76 15.72,
	23.85 15.56,
	23.87 15.52,
	23.87 15.48,
	23.89 15.44,
	24.04 15.31,
	24.12 15.26,
	24.19 15.19,
	24.27 15.15,
	24.43 15.11,
	24.59 15.12,
	24.63 15.13,
	24.71 15.2,
	24.74 15.28,
	24.75 15.44,
	24.7 15.52,
	24.62 15.59,
	24.6 15.61,
	24.52 15.63,
	24.44 15.68,
	24.42 15.7,
	24.4 15.7,
	24.36 15.73,
	24.32 15.74,
	24.3 15.75,
	24.28 15.74,
	24.12 15.8,
	24.04 15.85,
	23.88 15.88,
	23.84 15.88,
	23.76 15.81,
	23.76 15.73,
	"/>
</Transform>

<Transform dim="0"
 xcoef=" 0 1 0 0 0 0"
 ycoef=" 0 0 1 0 0 0">
<Contour name="TB3_NF01-PG_RSL" hidden="false" closed="true" simplified="true" border="1 1 0" fill="1 1 0" mode="-9"
 points="27.49 15.01,
	27.53 14.97,
	27.69 14.91,
	27.76 14.84,
	27.78 14.8,
	27.82 14.76,
	27.98 14.71,
	28.06 14.69,
	28.08 14.67,
	28.16 14.65,
	28.48 14.63,
	28.8 14.63,
	28.96 14.67,
	29.04 14.69,
	29.36 14.68,
	29.52 14.67,
	29.6 14.66,
	29.76 14.61,
	29.84 14.57,
	29.88 14.55,
	29.96 14.47,
	30.12 14.39,
	30.2 14.34,
	30.22 14.34,
	30.3 14.28,
	30.46 14.21,
	30.62 14.19,
	30.7 14.19,
	30.78 14.21,
	30.82 14.23,
	30.87 14.31,
	30.88 14.39,
	30.84 14.47,
	30.71 14.62,
	30.64 14.69,
	30.59 14.77,
	30.52 14.85,
	30.49 14.89,
	30.47 14.91,
	30.45 14.91,
	30.37 14.96,
	30.33 15,
	30.29 15.02,
	30.22 15.1,
	30.13 15.26,
	30.1 15.29,
	30.06 15.3,
	30.02 15.29,
	29.99 15.25,
	29.98 15.17,
	29.97 15.13,
	29.91 15.06,
	29.83 15.01,
	29.75 15.01,
	29.59 15.06,
	29.51 15.06,
	29.48 15.05,
	29.52 15.02,
	29.36 14.99,
	29.2 14.99,
	29.04 15.02,
	28.96 15.04,
	28.64 15.22,
	28.56 15.23,
	28.52 15.23,
	28.44 15.19,
	28.12 15.18,
	28.04 15.2,
	28 15.2,
	27.92 15.23,
	27.84 15.23,
	27.76 15.21,
	27.6 15.11,
	27.52 15.1,
	27.5 15.1,
	27.49 15.02,
	"/>
</Transform>

<Transform dim="0"
 xcoef=" 0 1 0 0 0 0"
 ycoef=" 0 0 1 0 0 0">
<Contour name="TB3_NF01-PG_RSL" hidden="false" closed="true" simplified="true" border="1 1 0" fill="1 1 0" mode="-9"
 points="62.07 10.43,
	62.1 10.35,
	62.17 10.27,
	62.21 10.25,
	62.23 10.23,
	62.39 10.22,
	62.47 10.27,
	62.51 10.35,
	62.52 10.43,
	62.51 10.47,
	62.38 10.62,
	62.34 10.65,
	62.32 10.65,
	62.31 10.63,
	62.33 10.59,
	62.17 10.6,
	62.15 10.6,
	62.08 10.53,
	62.07 10.45,
	62.07 10.44,
	"/>
</Transform>

<Transform dim="0"
 xcoef=" 0 1 0 0 0 0"
 ycoef=" 0 0 1 0 0 0">
<Contour name="TB3_NF01-PG_RSL" hidden="false" closed="true" simplified="true" border="1 1 0" fill="1 1 0" mode="-9"
 points="65.27 9.72,
	65.35 9.67,
	65.51 9.67,
	65.67 9.72,
	65.75 9.73,
	65.81 9.8,
	65.84 9.84,
	65.87 10,
	65.87 10.04,
	65.87 10.06,
	65.83 10.1,
	65.75 10.14,
	65.59 10.14,
	65.51 10.14,
	65.35 10.08,
	65.34 10.09,
	65.32 10.05,
	65.27 10.01,
	65.27 9.97,
	65.28 9.95,
	65.3 9.96,
	65.31 10,
	65.34 10.04,
	65.36 10.03,
	65.36 9.99,
	65.31 9.91,
	65.3 9.83,
	65.27 9.75,
	65.27 9.73,
	"/>
</Transform>

<Transform dim="0"
 xcoef=" 0 1 0 0 0 0"
 ycoef=" 0 0 1 0 0 0">
<Contour name="TB3_NF01-PG_RSL" hidden="false" closed="true" simplified="true" border="1 1 0" fill="1 1 0" mode="-9"
 points="63.6222 14.2222,
	63.6556 14.1778,
	63.6667 14.1333,
	63.7 14.0889,
	63.7556 13.9111,
	63.7778 13.8667,
	63.8667 13.7889,
	63.9111 13.7667,
	64.2667 13.7667,
	64.4444 13.8,
	64.8 13.9,
	64.9778 13.9222,
	65.3333 13.9111,
	65.4222 13.9,
	65.7778 13.9111,
	65.8667 13.9444,
	65.9111 13.9667,
	66.0889 14.1111,
	66.1778 14.1889,
	66.2333 14.2778,
	66.2444 14.4556,
	66.2444 14.5444,
	66.2444 14.5889,
	66.2 14.6222,
	66.0222 14.6333,
	65.8444 14.6222,
	65.7556 14.5889,
	65.6667 14.5222,
	65.4889 14.4333,
	65.3111 14.4,
	65.1333 14.3889,
	65.0444 14.4,
	65.0333 14.4222,
	64.9889 14.4,
	65.0333 14.3778,
	65.0222 14.3667,
	64.8444 14.4556,
	64.4889 14.5667,
	64.4444 14.5778,
	64.4 14.6111,
	64.3111 14.6333,
	63.9556 14.6222,
	63.8667 14.6,
	63.7778 14.5444,
	63.7111 14.4667,
	63.6667 14.4222,
	63.6222 14.3333,
	63.6222 14.2444,
	63.6222 14.2333,
	"/>
<Contour name="TB3_NF01-PG_RSL" hidden="false" closed="true" simplified="true" border="1 1 0" fill="1 1 0" mode="-9"
 points="62.5333 14.8333,
	62.6111 14.7444,
	62.7 14.6778,
	62.8778 14.5778,
	62.9667 14.5111,
	63.0222 14.4222,
	63.1111 14.3889,
	63.2 14.3889,
	63.2444 14.4,
	63.2889 14.4444,
	63.3111 14.4889,
	63.3111 14.5111,
	63.3444 14.5556,
	63.3444 14.6,
	63.3444 14.6222,
	63.2556 14.6778,
	63.1667 14.6889,
	63.1222 14.7,
	63.1 14.7,
	63.0111 14.7556,
	62.9667 14.8,
	62.9444 14.8,
	62.9 14.8333,
	62.7222 14.8889,
	62.6333 14.9111,
	62.5444 14.9,
	62.5333 14.8556,
	62.5333 14.8444,
	"/>
<Contour name="TB3_NF01-PG_RSL" hidden="false" closed="true" simplified="true" border="1 1 0" fill="1 1 0" mode="-9"
 points="60.3 14.7778,
	60.3667 14.6889,
	60.4556 14.6333,
	60.5 14.6111,
	60.5444 14.5667,
	60.5889 14.5444,
	60.7667 14.5222,
	60.9444 14.5222,
	61.0333 14.5222,
	61.2111 14.5778,
	61.3 14.5889,
	61.4778 14.6667,
	61.5556 14.7444,
	61.5556 14.8333,
	61.5444 14.8778,
	61.4556 14.9556,
	61.2778 15.0444,
	61.1889 15.1,
	61.1444 15.1111,
	61.1 15.1444,
	61.0556 15.1444,
	61.0111 15.1667,
	60.8333 15.1778,
	60.6556 15.1667,
	60.4778 15.0667,
	60.4333 15.0556,
	60.3556 14.9667,
	60.3222 14.8778,
	60.3 14.8333,
	60.3 14.7889,
	"/>
</Transform>

<Transform dim="0"
 xcoef=" 0 1 0 0 0 0"
 ycoef=" 0 0 1 0 0 0">
<Contour name="TB3_NF01-PG_RSL" hidden="false" closed="true" simplified="true" border="1 1 0" fill="1 1 0" mode="-9"
 points="53.1111 14.4778,
	53.1667 14.3889,
	53.2111 14.3667,
	53.3889 14.3444,
	53.4778 14.3444,
	53.5667 14.3778,
	53.6556 14.3667,
	53.6778 14.3667,
	53.7 14.3444,
	53.7444 14.3333,
	53.9222 14.2222,
	54.1 14.1444,
	54.1889 14.1222,
	55.6111 14.1333,
	56.3222 14.1556,
	56.6778 14.1556,
	56.8556 14.1889,
	57.2111 14.2111,
	57.3889 14.2,
	57.4111 14.1778,
	57.5889 14.1111,
	57.6778 14.1,
	57.8556 14.1333,
	58.0333 14.2,
	58.1222 14.2,
	58.1667 14.1889,
	58.2111 14.1444,
	58.3 14.0889,
	58.3889 14.0556,
	58.7444 14.0111,
	58.8333 14.0111,
	58.8778 14.0222,
	58.9556 14.1,
	58.9556 14.1889,
	58.9444 14.2333,
	58.9 14.2778,
	58.7222 14.3333,
	58.6333 14.3667,
	58.6 14.4,
	58.5111 14.4222,
	58.3333 14.4111,
	58.2444 14.3778,
	58.0667 14.3778,
	58.0222 14.3667,
	57.9778 14.3889,
	57.9556 14.3889,
	57.9111 14.4333,
	57.7333 14.4889,
	57.3778 14.5444,
	57.2 14.5667,
	56.8444 14.5667,
	56.6667 14.5667,
	55.9556 14.6667,
	55.7778 14.7111,
	55.6889 14.7222,
	55.3333 14.7111,
	54.9778 14.7333,
	54.2667 14.6778,
	54.0889 14.6444,
	53.9111 14.6333,
	53.8222 14.6222,
	53.7333 14.5667,
	53.6444 14.5556,
	53.2889 14.6222,
	53.2 14.6333,
	53.1556 14.6333,
	53.1333 14.6333,
	53.1111 14.5889,
	53.1111 14.5,
	53.1111 14.4889,
	"/>
</Transform>

<Transform dim="0"
 xcoef=" 0 1 0 0 0 0"
 ycoef=" 0 0 1 0 0 0">
<Contour name="TB3_NF01-PG_RSL" hidden="false" closed="true" simplified="true" border="1 1 0" fill="1 1 0" mode="-9"
 points="44.9889 16.3111,
	45 16.2667,
	45.0778 16.1889,
	45.1667 16.1333,
	45.2111 16.1111,
	45.2556 16.0667,
	45.3444 16.0333,
	45.4333 16.0222,
	45.6111 16.0556,
	45.6333 16.0556,
	45.8111 16.1556,
	45.8556 16.1778,
	45.8778 16.2,
	45.8889 16.2444,
	45.8778 16.2889,
	45.8333 16.3333,
	45.6556 16.4111,
	45.4778 16.4444,
	45.3 16.4444,
	45.2556 16.4444,
	45.0778 16.3889,
	45.0333 16.3778,
	44.9889 16.3444,
	44.9889 16.3222,
	"/>
</Transform>

<Transform dim="0"
 xcoef=" 0 1 0 0 0 0"
 ycoef=" 0 0 1 0 0 0">
<Contour name="TB3_NF01-PG_RSL" hidden="false" closed="true" simplified="true" border="1 1 0" fill="1 1 0" mode="-9"
 points="39.1889 19.0333,
	39.2778 18.9556,
	39.3667 18.9111,
	39.5444 18.8556,
	39.7222 18.7778,
	39.8111 18.7556,
	39.9 18.7111,
	39.9444 18.6889,
	40.0222 18.6111,
	40.0444 18.5889,
	40.1333 18.5667,
	40.4889 18.4111,
	40.8444 18.2889,
	41.0222 18.2667,
	41.1111 18.2444,
	41.2889 18.2444,
	41.3333 18.2556,
	41.4222 18.3222,
	41.4778 18.4111,
	41.4778 18.5,
	41.4444 18.5889,
	41.3556 18.6444,
	41.1778 18.7,
	41.1333 18.7111,
	41.0889 18.7444,
	41.0444 18.7444,
	41.0333 18.7333,
	40.9444 18.7667,
	40.7667 18.8,
	40.6778 18.8111,
	40.6333 18.8111,
	40.5444 18.8556,
	40.5 18.8889,
	40.3222 18.9667,
	40.2333 19.0222,
	40.1889 19.0556,
	40.1444 19.0667,
	40.0556 19.1222,
	40.0111 19.1333,
	39.9222 19.1889,
	39.8778 19.2222,
	39.7 19.3,
	39.6111 19.3222,
	39.4333 19.3,
	39.3444 19.2778,
	39.2556 19.2222,
	39.2 19.1333,
	39.1889 19.0444,
	"/>
</Transform>

<Transform dim="0"
 xcoef=" 0 1 0 0 0 0"
 ycoef=" 0 0 1 0 0 0">
<Contour name="TB3_NF01-PG_RSL" hidden="false" closed="true" simplified="true" border="1 1 0" fill="1 1 0" mode="-9"
 points="16.17 11.92,
	16.21 11.84,
	16.29 11.77,
	16.45 11.69,
	16.77 11.46,
	16.88 11.31,
	17.02 11.19,
	17.06 11.18,
	17.14 11.13,
	17.25 10.98,
	17.32 10.92,
	17.4 10.88,
	17.55 10.76,
	17.56 10.68,
	17.57 10.64,
	17.6 10.6,
	17.68 10.57,
	17.84 10.56,
	17.92 10.55,
	18 10.56,
	18.32 10.76,
	18.4 10.79,
	18.44 10.8,
	18.52 10.87,
	18.62 11.03,
	18.76 11.35,
	18.76 11.43,
	18.76 11.47,
	18.72 11.55,
	18.66 11.61,
	18.66 11.65,
	18.68 11.68,
	18.76 11.74,
	18.77 11.82,
	18.77 11.84,
	18.73 11.88,
	18.72 11.9,
	18.64 11.91,
	18.6 11.91,
	18.57 11.89,
	18.41 11.86,
	18.25 11.8,
	18.09 11.72,
	17.93 11.62,
	17.85 11.57,
	17.81 11.57,
	17.77 11.55,
	17.45 11.54,
	17.37 11.55,
	17.33 11.56,
	17.25 11.61,
	17.21 11.64,
	17.19 11.64,
	17.15 11.67,
	17.11 11.68,
	16.95 11.77,
	16.79 11.83,
	16.71 11.86,
	16.63 11.92,
	16.31 12.05,
	16.27 12.07,
	16.19 12.07,
	16.17 12.05,
	16.17 11.97,
	16.17 11.93,
	"/>
</Transform>

<Transform dim="0"
 xcoef=" 0 1 0 0 0 0"
 ycoef=" 0 0 1 0 0 0">
<Contour name="TB3_NF01-PG_RSL" hidden="false" closed="true" simplified="true" border="1 1 0" fill="1 1 0" mode="-9"
 points="22.25 17.09,
	22.33 17.04,
	22.49 17.03,
	22.65 16.99,
	22.97 16.97,
	23.13 16.97,
	23.21 16.98,
	23.25 16.99,
	23.32 17.06,
	23.37 17.14,
	23.37 17.22,
	23.23 17.37,
	23.19 17.45,
	23.11 17.5,
	23.03 17.53,
	22.71 17.41,
	22.63 17.38,
	22.59 17.38,
	22.43 17.33,
	22.35 17.28,
	22.27 17.21,
	22.25 17.13,
	22.25 17.1,
	"/>
</Transform>

<Transform dim="0"
 xcoef=" 0 1 0 0 0 0"
 ycoef=" 0 0 1 0 0 0">
<Contour name="TB3_NF01-PG_RSL" hidden="false" closed="true" simplified="true" border="1 1 0" fill="1 1 0" mode="-9"
 points="23.76 15.72,
	23.85 15.56,
	23.87 15.52,
	23.87 15.48,
	23.89 15.44,
	24.04 15.31,
	24.12 15.26,
	24.19 15.19,
	24.27 15.15,
	24.43 15.11,
	24.59 15.12,
	24.63 15.13,
	24.71 15.2,
	24.74 15.28,
	24.75 15.44,
	24.7 15.52,
	24.62 15.59,
	24.6 15.61,
	24.52 15.63,
	24.44 15.68,
	24.42 15.7,
	24.4 15.7,
	24.36 15.73,
	24.32 15.74,
	24.3 15.75,
	24.28 15.74,
	24.12 15.8,
	24.04 15.85,
	23.88 15.88,
	23.84 15.88,
	23.76 15.81,
	23.76 15.73,
	"/>
</Transform>

<Transform dim="0"
 xcoef=" 0 1 0 0 0 0"
 ycoef=" 0 0 1 0 0 0">
<Contour name="TB3_NF01-PG_RSL" hidden="false" closed="true" simplified="true" border="1 1 0" fill="1 1 0" mode="-9"
 points="27.49 15.01,
	27.53 14.97,
	27.69 14.91,
	27.76 14.84,
	27.78 14.8,
	27.82 14.76,
	27.98 14.71,
	28.06 14.69,
	28.08 14.67,
	28.16 14.65,
	28.48 14.63,
	28.8 14.63,
	28.96 14.67,
	29.04 14.69,
	29.36 14.68,
	29.52 14.67,
	29.6 14.66,
	29.76 14.61,
	29.84 14.57,
	29.88 14.55,
	29.96 14.47,
	30.12 14.39,
	30.2 14.34,
	30.22 14.34,
	30.3 14.28,
	30.46 14.21,
	30.62 14.19,
	30.7 14.19,
	30.78 14.21,
	30.82 14.23,
	30.87 14.31,
	30.88 14.39,
	30.84 14.47,
	30.71 14.62,
	30.64 14.69,
	30.59 14.77,
	30.52 14.85,
	30.49 14.89,
	30.47 14.91,
	30.45 14.91,
	30.37 14.96,
	30.33 15,
	30.29 15.02,
	30.22 15.1,
	30.13 15.26,
	30.1 15.29,
	30.06 15.3,
	30.02 15.29,
	29.99 15.25,
	29.98 15.17,
	29.97 15.13,
	29.91 15.06,
	29.83 15.01,
	29.75 15.01,
	29.59 15.06,
	29.51 15.06,
	29.48 15.05,
	29.52 15.02,
	29.36 14.99,
	29.2 14.99,
	29.04 15.02,
	28.96 15.04,
	28.64 15.22,
	28.56 15.23,
	28.52 15.23,
	28.44 15.19,
	28.12 15.18,
	28.04 15.2,
	28 15.2,
	27.92 15.23,
	27.84 15.23,
	27.76 15.21,
	27.6 15.11,
	27.52 15.1,
	27.5 15.1,
	27.49 15.02,
	"/>
</Transform>

<Transform dim="0"
 xcoef=" 0 1 0 0 0 0"
 ycoef=" 0 0 1 0 0 0">
<Contour name="TB3_NF01-PG_RSL" hidden="false" closed="true" simplified="true" border="1 1 0" fill="1 1 0" mode="-9"
 points="62.07 10.43,
	62.1 10.35,
	62.17 10.27,
	62.21 10.25,
	62.23 10.23,
	62.39 10.22,
	62.47 10.27,
	62.51 10.35,
	62.52 10.43,
	62.51 10.47,
	62.38 10.62,
	62.34 10.65,
	62.32 10.65,
	62.31 10.63,
	62.33 10.59,
	62.17 10.6,
	62.15 10.6,
	62.08 10.53,
	62.07 10.45,
	62.07 10.44,
	"/>
</Transform>

<Transform dim="0"
 xcoef=" 0 1 0 0 0 0"
 ycoef=" 0 0 1 0 0 0">
<Contour name="TB3_NF01-PG_RSL" hidden="false" closed="true" simplified="true" border="1 1 0" fill="1 1 0" mode="-9"
 points="65.27 9.72,
	65.35 9.67,
	65.51 9.67,
	65.67 9.72,
	65.75 9.73,
	65.81 9.8,
	65.84 9.84,
	65.87 10,
	65.87 10.04,
	65.87 10.06,
	65.83 10.1,
	65.75 10.14,
	65.59 10.14,
	65.51 10.14,
	65.35 10.08,
	65.34 10.09,
	65.32 10.05,
	65.27 10.01,
	65.27 9.97,
	65.28 9.95,
	65.3 9.96,
	65.31 10,
	65.34 10.04,
	65.36 10.03,
	65.36 9.99,
	65.31 9.91,
	65.3 9.83,
	65.27 9.75,
	65.27 9.73,
	"/>
</Transform>

<Transform dim="0"
 xcoef=" 0 1 0 0 0 0"
 ycoef=" 0 0 1 0 0 0">
<Contour name="TB3_NF01-PG_RSL" hidden="false" closed="true" simplified="true" border="1 1 0" fill="1 1 0" mode="-9"
 points="63.6222 14.2222,
	63.6556 14.1778,
	63.6667 14.1333,
	63.7 14.0889,
	63.7556 13.9111,
	63.7778 13.8667,
	63.8667 13.7889,
	63.9111 13.7667,
	64.2667 13.7667,
	64.4444 13.8,
	64.8 13.9,
	64.9778 13.9222,
	65.3333 13.9111,
	65.4222 13.9,
	65.7778 13.9111,
	65.8667 13.9444,
	65.9111 13.9667,
	66.0889 14.1111,
	66.1778 14.1889,
	66.2333 14.2778,
	66.2444 14.4556,
	66.2444 14.5444,
	66.2444 14.5889,
	66.2 14.6222,
	66.0222 14.6333,
	65.8444 14.6222,
	65.7556 14.5889,
	65.6667 14.5222,
	65.4889 14.4333,
	65.3111 14.4,
	65.1333 14.3889,
	65.0444 14.4,
	65.0333 14.4222,
	64.9889 14.4,
	65.0333 14.3778,
	65.0222 14.3667,
	64.8444 14.4556,
	64.4889 14.5667,
	64.4444 14.5778,
	64.4 14.6111,
	64.3111 14.6333,
	63.9556 14.6222,
	63.8667 14.6,
	63.7778 14.5444,
	63.7111 14.4667,
	63.6667 14.4222,
	63.6222 14.3333,
	63.6222 14.2444,
	63.6222 14.2333,
	"/>
<Contour name="TB3_NF01-PG_RSL" hidden="false" closed="true" simplified="true" border="1 1 0" fill="1 1 0" mode="-9"
 points="62.5333 14.8333,
	62.6111 14.7444,
	62.7 14.6778,
	62.8778 14.5778,
	62.9667 14.5111,
	63.0222 14.4222,
	63.1111 14.3889,
	63.2 14.3889,
	63.2444 14.4,
	63.2889 14.4444,
	63.3111 14.4889,
	63.3111 14.5111,
	63.3444 14.5556,
	63.3444 14.6,
	63.3444 14.6222,
	63.2556 14.6778,
	63.1667 14.6889,
	63.1222 14.7,
	63.1 14.7,
	63.0111 14.7556,
	62.9667 14.8,
	62.9444 14.8,
	62.9 14.8333,
	62.7222 14.8889,
	62.6333 14.9111,
	62.5444 14.9,
	62.5333 14.8556,
	62.5333 14.8444,
	"/>
<Contour name="TB3_NF01-PG_RSL" hidden="false" closed="true" simplified="true" border="1 1 0" fill="1 1 0" mode="-9"
 points="60.3 14.7778,
	60.3667 14.6889,
	60.4556 14.6333,
	60.5 14.6111,
	60.5444 14.5667,
	60.5889 14.5444,
	60.7667 14.5222,
	60.9444 14.5222,
	61.0333 14.5222,
	61.2111 14.5778,
	61.3 14.5889,
	61.4778 14.6667,
	61.5556 14.7444,
	61.5556 14.8333,
	61.5444 14.8778,
	61.4556 14.9556,
	61.2778 15.0444,
	61.1889 15.1,
	61.1444 15.1111,
	61.1 15.1444,
	61.0556 15.1444,
	61.0111 15.1667,
	60.8333 15.1778,
	60.6556 15.1667,
	60.4778 15.0667,
	60.4333 15.0556,
	60.3556 14.9667,
	60.3222 14.8778,
	60.3 14.8333,
	60.3 14.7889,
	"/>
</Transform>

<Transform dim="0"
 xcoef=" 0 1 0 0 0 0"
 ycoef=" 0 0 1 0 0 0">
<Contour name="TB3_NF01-PG_RSL" hidden="false" closed="true" simplified="true" border="1 1 0" fill="1 1 0" mode="-9"
 points="53.1111 14.4778,
	53.1667 14.3889,
	53.2111 14.3667,
	53.3889 14.3444,
	53.4778 14.3444,
	53.5667 14.3778,
	53.6556 14.3667,
	53.6778 14.3667,
	53.7 14.3444,
	53.7444 14.3333,
	53.9222 14.2222,
	54.1 14.1444,
	54.1889 14.1222,
	55.6111 14.1333,
	56.3222 14.1556,
	56.6778 14.1556,
	56.8556 14.1889,
	57.2111 14.2111,
	57.3889 14.2,
	57.4111 14.1778,
	57.5889 14.1111,
	57.6778 14.1,
	57.8556 14.1333,
	58.0333 14.2,
	58.1222 14.2,
	58.1667 14.1889,
	58.2111 14.1444,
	58.3 14.0889,
	58.3889 14.0556,
	58.7444 14.0111,
	58.8333 14.0111,
	58.8778 14.0222,
	58.9556 14.1,
	58.9556 14.1889,
	58.9444 14.2333,
	58.9 14.2778,
	58.7222 14.3333,
	58.6333 14.3667,
	58.6 14.4,
	58.5111 14.4222,
	58.3333 14.4111,
	58.2444 14.3778,
	58.0667 14.3778,
	58.0222 14.3667,
	57.9778 14.3889,
	57.9556 14.3889,
	57.9111 14.4333,
	57.7333 14.4889,
	57.3778 14.5444,
	57.2 14.5667,
	56.8444 14.5667,
	56.6667 14.5667,
	55.9556 14.6667,
	55.7778 14.7111,
	55.6889 14.7222,
	55.3333 14.7111,
	54.9778 14.7333,
	54.2667 14.6778,
	54.0889 14.6444,
	53.9111 14.6333,
	53.8222 14.6222,
	53.7333 14.5667,
	53.6444 14.5556,
	53.2889 14.6222,
	53.2 14.6333,
	53.1556 14.6333,
	53.1333 14.6333,
	53.1111 14.5889,
	53.1111 14.5,
	53.1111 14.4889,
	"/>
</Transform>

<Transform dim="0"
 xcoef=" 0 1 0 0 0 0"
 ycoef=" 0 0 1 0 0 0">
<Contour name="TB3_NF01-PG_RSL" hidden="false" closed="true" simplified="true" border="1 1 0" fill="1 1 0" mode="-9"
 points="44.9889 16.3111,
	45 16.2667,
	45.0778 16.1889,
	45.1667 16.1333,
	45.2111 16.1111,
	45.2556 16.0667,
	45.3444 16.0333,
	45.4333 16.0222,
	45.6111 16.0556,
	45.6333 16.0556,
	45.8111 16.1556,
	45.8556 16.1778,
	45.8778 16.2,
	45.8889 16.2444,
	45.8778 16.2889,
	45.8333 16.3333,
	45.6556 16.4111,
	45.4778 16.4444,
	45.3 16.4444,
	45.2556 16.4444,
	45.0778 16.3889,
	45.0333 16.3778,
	44.9889 16.3444,
	44.9889 16.3222,
	"/>
</Transform>

<Transform dim="0"
 xcoef=" 0 1 0 0 0 0"
 ycoef=" 0 0 1 0 0 0">
<Contour name="TB3_NF01-PG_RSL" hidden="false" closed="true" simplified="true" border="1 1 0" fill="1 1 0" mode="-9"
 points="39.1889 19.0333,
	39.2778 18.9556,
	39.3667 18.9111,
	39.5444 18.8556,
	39.7222 18.7778,
	39.8111 18.7556,
	39.9 18.7111,
	39.9444 18.6889,
	40.0222 18.6111,
	40.0444 18.5889,
	40.1333 18.5667,
	40.4889 18.4111,
	40.8444 18.2889,
	41.0222 18.2667,
	41.1111 18.2444,
	41.2889 18.2444,
	41.3333 18.2556,
	41.4222 18.3222,
	41.4778 18.4111,
	41.4778 18.5,
	41.4444 18.5889,
	41.3556 18.6444,
	41.1778 18.7,
	41.1333 18.7111,
	41.0889 18.7444,
	41.0444 18.7444,
	41.0333 18.7333,
	40.9444 18.7667,
	40.7667 18.8,
	40.6778 18.8111,
	40.6333 18.8111,
	40.5444 18.8556,
	40.5 18.8889,
	40.3222 18.9667,
	40.2333 19.0222,
	40.1889 19.0556,
	40.1444 19.0667,
	40.0556 19.1222,
	40.0111 19.1333,
	39.9222 19.1889,
	39.8778 19.2222,
	39.7 19.3,
	39.6111 19.3222,
	39.4333 19.3,
	39.3444 19.2778,
	39.2556 19.2222,
	39.2 19.1333,
	39.1889 19.0444,
	"/>
</Transform>

<Transform dim="0"
 xcoef=" 0 1 0 0 0 0"
 ycoef=" 0 0 1 0 0 0">
<Image mag="0.00749" contrast="1" brightness="0" red="true" green="true" blue="true"
 src="Alg_stitch3-4_288.tif" />
<Contour name="domain1" hidden="false" closed="true" simplified="false" border="1 0 1" fill="1 0 1" mode="11"
 points="0 0,
	15652 0,
	15652 8578,
	0 8578,
	"/>
</Transform>

<Transform dim="0"
 xcoef=" 0 1 0 0 0 0"
 ycoef=" 0 0 1 0 0 0">
<Image mag="0.00749" contrast="1" brightness="0" red="true" green="true" blue="true"
 src="Alg_stitch3-4_288.tif" />
<Contour name="domain1" hidden="false" closed="true" simplified="false" border="1 0 1" fill="1 0 1" mode="11"
 points="0 0,
	15652 0,
	15652 8578,
	0 8578,
	"/>
</Transform>

<Transform dim="0"
 xcoef=" 0 1 0 0 0 0"
 ycoef=" 0 0 1 0 0 0">
<Image mag="0.00749" contrast="1" brightness="0" red="true" green="true" blue="true"
 src="Alg_stitch3-4_288.tif" />
<Contour name="domain1" hidden="false" closed="true" simplified="false" border="1 0 1" fill="1 0 1" mode="11"
 points="0 0,
	15652 0,
	15652 8578,
	0 8578,
	"/>
</Transform>

<Transform dim="0"
 xcoef=" 0 1 0 0 0 0"
 ycoef=" 0 0 1 0 0 0">
<Image mag="0.00749" contrast="1" brightness="0" red="true" green="true" blue="true"
 src="Alg_stitch3-4_288.tif" />
<Contour name="domain1" hidden="false" closed="true" simplified="false" border="1 0 1" fill="1 0 1" mode="11"
 points="0 0,
	15652 0,
	15652 8578,
	0 8578,
	"/>
</Transform>

<Transform dim="0"
 xcoef=" 0 1 0 0 0 0"
 ycoef=" 0 0 1 0 0 0">
<Image mag="0.00749" contrast="1" brightness="0" red="true" green="true" blue="true"
 src="Alg_stitch3-4_288.tif" />
<Contour name="DENucleus2" hidden="false" closed="true" simplified="false" border="0 0 0.627" fill="0 0 0.627" mode="11"
 points="0 0,
	15652 0,
	15652 8578,
	0 8578,
	"/>
</Transform>

<Transform dim="0"
 xcoef=" 0 1 0 0 0 0"
 ycoef=" 0 0 1 0 0 0">
<Image mag="0.00749" contrast="1" brightness="0" red="true" green="true" blue="true"
 src="Alg_stitch3-4_288.tif" />
<Contour name="domain1" hidden="false" closed="true" simplified="false" border="1 0 1" fill="1 0 1" mode="11"
 points="0 0,
	15652 0,
	15652 8578,
	0 8578,
	"/>
</Transform>

<Transform dim="0"
 xcoef=" 0 1 0 0 0 0"
 ycoef=" 0 0 1 0 0 0">
<Image mag="0.00749" contrast="1" brightness="0" red="true" green="true" blue="true"
 src="Alg_stitch3-4_288.tif" />
<Contour name="domain1" hidden="false" closed="true" simplified="false" border="1 0 1" fill="1 0 1" mode="11"
 points="0 0,
	15652 0,
	15652 8578,
	0 8578,
	"/>
</Transform>

<Transform dim="0"
 xcoef=" 0 1 0 0 0 0"
 ycoef=" 0 0 1 0 0 0">
<Image mag="0.00749" contrast="1" brightness="0" red="true" green="true" blue="true"
 src="Alg_stitch3-4_288.tif" />
<Contour name="domain1" hidden="false" closed="true" simplified="false" border="1 0 1" fill="1 0 1" mode="11"
 points="0 0,
	15652 0,
	15652 8578,
	0 8578,
	"/>
</Transform>

<Transform dim="0"
 xcoef=" 0 1 0 0 0 0"
 ycoef=" 0 0 1 0 0 0">
<Image mag="0.00749" contrast="1" brightness="0" red="true" green="true" blue="true"
 src="Alg_stitch3-4_288.tif" />
<Contour name="domain1" hidden="false" closed="true" simplified="false" border="1 0 1" fill="1 0 1" mode="11"
 points="0 0,
	15652 0,
	15652 8578,
	0 8578,
	"/>
</Transform>

<Transform dim="0"
 xcoef=" 0 1 0 0 0 0"
 ycoef=" 0 0 1 0 0 0">
<Image mag="0.00749" contrast="1" brightness="0" red="true" green="true" blue="true"
 src="Alg_stitch3-4_288.tif" />
<Contour name="domain1" hidden="false" closed="true" simplified="false" border="1 0 1" fill="1 0 1" mode="11"
 points="0 0,
	15652 0,
	15652 8578,
	0 8578,
	"/>
</Transform>

<Transform dim="0"
 xcoef=" 0 1 0 0 0 0"
 ycoef=" 0 0 1 0 0 0">
<Image mag="0.00749" contrast="1" brightness="0" red="true" green="true" blue="true"
 src="Alg_stitch3-4_288.tif" />
<Contour name="domain1" hidden="false" closed="true" simplified="false" border="1 0 1" fill="1 0 1" mode="11"
 points="0 0,
	15652 0,
	15652 8578,
	0 8578,
	"/>
</Transform>

<Transform dim="0"
 xcoef=" 0 1 0 0 0 0"
 ycoef=" 0 0 1 0 0 0">
<Image mag="0.00749" contrast="1" brightness="0" red="true" green="true" blue="true"
 src="Alg_stitch3-4_288.tif" />
<Contour name="domain1" hidden="false" closed="true" simplified="false" border="1 0 1" fill="1 0 1" mode="11"
 points="0 0,
	15652 0,
	15652 8578,
	0 8578,
	"/>
</Transform>

<Transform dim="0"
 xcoef=" 0 1 0 0 0 0"
 ycoef=" 0 0 1 0 0 0">
<Image mag="0.00749" contrast="1" brightness="0" red="true" green="true" blue="true"
 src="Alg_stitch3-4_288.tif" />
<Contour name="domain1" hidden="false" closed="true" simplified="false" border="1 0 1" fill="1 0 1" mode="11"
 points="0 0,
	15652 0,
	15652 8578,
	0 8578,
	"/>
</Transform>

<Transform dim="0"
 xcoef=" 0 1 0 0 0 0"
 ycoef=" 0 0 1 0 0 0">
<Image mag="0.00749" contrast="1" brightness="0" red="true" green="true" blue="true"
 src="Alg_stitch3-4_288.tif" />
<Contour name="domain1" hidden="false" closed="true" simplified="false" border="1 0 1" fill="1 0 1" mode="11"
 points="0 0,
	15652 0,
	15652 8578,
	0 8578,
	"/>
</Transform>

<Transform dim="0"
 xcoef=" 0 1 0 0 0 0"
 ycoef=" 0 0 1 0 0 0">
<Image mag="0.00749" contrast="1" brightness="0" red="true" green="true" blue="true"
 src="Alg_stitch3-4_288.tif" />
<Contour name="domain1" hidden="false" closed="true" simplified="false" border="1 0 1" fill="1 0 1" mode="11"
 points="0 0,
	15652 0,
	15652 8578,
	0 8578,
	"/>
</Transform>

<Transform dim="0"
 xcoef=" 0 1 0 0 0 0"
 ycoef=" 0 0 1 0 0 0">
<Image mag="0.00749" contrast="1" brightness="0" red="true" green="true" blue="true"
 src="Alg_stitch3-4_288.tif" />
<Contour name="DENucleus2" hidden="false" closed="true" simplified="false" border="0 0 0.627" fill="0 0 0.627" mode="11"
 points="0 0,
	15652 0,
	15652 8578,
	0 8578,
	"/>
</Transform>

<Transform dim="0"
 xcoef=" 0 1 0 0 0 0"
 ycoef=" 0 0 1 0 0 0">
<Image mag="0.00749" contrast="1" brightness="0" red="true" green="true" blue="true"
 src="Alg_stitch3-4_288.tif" />
<Contour name="domain1" hidden="false" closed="true" simplified="false" border="1 0 1" fill="1 0 1" mode="11"
 points="0 0,
	15652 0,
	15652 8578,
	0 8578,
	"/>
</Transform>

<Transform dim="0"
 xcoef=" 0 1 0 0 0 0"
 ycoef=" 0 0 1 0 0 0">
<Image mag="0.00749" contrast="1" brightness="0" red="true" green="true" blue="true"
 src="Alg_stitch3-4_288.tif" />
<Contour name="domain1" hidden="false" closed="true" simplified="false" border="1 0 1" fill="1 0 1" mode="11"
 points="0 0,
	15652 0,
	15652 8578,
	0 8578,
	"/>
</Transform>

<Transform dim="0"
 xcoef=" 0 1 0 0 0 0"
 ycoef=" 0 0 1 0 0 0">
<Contour name="Tb2_NF40_LES" hidden="false" closed="true" simplified="true" border="0.501961 0.25098 0.25098" fill="0.501961 0.25098 0.25098" mode="-9"
 points="19.6791 35.2717,
	19.7168 35.1964,
	20.0181 35.0269,
	20.3194 34.8951,
	20.6207 34.7256,
	20.7525 34.5938,
	20.809 34.4431,
	20.9785 34.1418,
	21.0726 33.9912,
	21.3363 33.7087,
	21.3928 33.558,
	21.5246 33.4074,
	21.5999 33.3321,
	21.6376 33.2567,
	21.6376 33.2191,
	21.7506 33.0684,
	21.9012 32.9743,
	21.9389 32.9554,
	22.0895 32.9743,
	22.2402 33.0496,
	22.3909 33.1814,
	22.6733 33.784,
	22.6922 33.9347,
	22.6733 34.0853,
	22.6733 34.1606,
	22.6168 34.3113,
	22.5603 34.3866,
	22.5038 34.5373,
	22.4097 34.6879,
	22.3344 34.7633,
	22.259 34.8009,
	22.1084 34.7821,
	21.9577 34.7256,
	21.8071 34.7068,
	21.5058 34.7444,
	21.2045 34.8574,
	21.0538 34.9139,
	20.9785 34.9516,
	20.8278 35.1022,
	20.6772 35.1964,
	20.5265 35.2529,
	20.4512 35.3094,
	20.3759 35.3282,
	20.2252 35.4412,
	20.1499 35.5165,
	19.9992 35.573,
	19.8486 35.5354,
	19.6979 35.4224,
	19.6791 35.2905,
	"/>
</Transform>

<Transform dim="0"
 xcoef=" 0 1 0 0 0 0"
 ycoef=" 0 0 1 0 0 0">
<Contour name="Tb2_NF29_LES" hidden="false" closed="true" simplified="true" border="0 0.501961 0.74902" fill="0 0.501961 0.74902" mode="-9"
 points="23.6291 32.688,
	23.6596 32.6271,
	23.7205 32.6271,
	23.7814 32.6576,
	23.9032 32.6728,
	24.1011 32.9012,
	24.3143 33.0991,
	24.4208 33.2209,
	24.497 33.4645,
	24.5274 33.5863,
	24.5122 33.8299,
	24.4665 34.0735,
	24.4665 34.3171,
	24.497 34.378,
	24.5274 34.4084,
	24.5122 34.5302,
	24.5122 34.5607,
	24.4513 34.6216,
	24.3295 34.6368,
	24.299 34.6368,
	24.1772 34.5454,
	24.0859 34.4236,
	24.0098 34.18,
	23.9489 33.6928,
	23.7357 33.2056,
	23.8118 32.9621,
	23.8118 32.9316,
	23.7509 32.9164,
	23.69 32.8707,
	23.6291 32.7489,
	23.6291 32.7032,
	"/>
</Transform>

<Transform dim="0"
 xcoef=" 0 1 0 0 0 0"
 ycoef=" 0 0 1 0 0 0">
<Contour name="TB2_NF001_LES" hidden="false" closed="true" simplified="true" border="1 1 0" fill="1 1 0" mode="-9"
 points="19.8511 38.526,
	19.9528 38.4098,
	20.0254 38.3372,
	20.1416 38.3227,
	20.1997 38.3227,
	20.3158 38.3953,
	20.3739 38.6277,
	20.3884 38.6132,
	20.403 38.7293,
	20.3884 38.9617,
	20.3449 39.0778,
	20.3158 39.0924,
	20.2577 39.0778,
	20.0399 38.8891,
	19.9383 38.7729,
	19.8802 38.6567,
	19.8511 38.5986,
	19.8511 38.5405,
	"/>
</Transform>

<Transform dim="0"
 xcoef=" 0 1 0 0 0 0"
 ycoef=" 0 0 1 0 0 0">
<Image mag="0.00749" contrast="1" brightness="0" red="true" green="true" blue="true"
 src="Alg_stitch3-4_288.tif" />
<Contour name="domain1" hidden="false" closed="true" simplified="false" border="1 0 1" fill="1 0 1" mode="11"
 points="0 0,
	15652 0,
	15652 8578,
	0 8578,
	"/>
</Transform>

<Transform dim="0"
 xcoef=" 0 1 0 0 0 0"
 ycoef=" 0 0 1 0 0 0">
<Contour name="TB2_NF07_RSL" hidden="false" closed="true" simplified="true" border="0 0 0.501961" fill="0 0 0.501961" mode="-9"
 points="19.8363 38.9265,
	19.8471 38.7535,
	19.8471 38.7319,
	19.8525 38.721,
	19.8958 38.7264,
	19.939 38.7427,
	19.9769 38.7805,
	19.9985 38.8021,
	20.0742 38.9751,
	20.112 39.0022,
	20.1985 39.0346,
	20.285 39.0833,
	20.3121 39.1157,
	20.3229 39.1373,
	20.3175 39.1806,
	20.2958 39.2022,
	20.2093 39.2238,
	20.1877 39.2292,
	20.1661 39.2238,
	20.0796 39.2401,
	20.0363 39.2455,
	20.0147 39.2401,
	19.9282 39.1698,
	19.8904 39.1373,
	19.8633 39.0941,
	19.8471 39.0508,
	19.8417 38.9643,
	19.8363 38.9427,
	19.8363 38.9319,
	"/>
</Transform>

<Transform dim="0"
 xcoef=" 0 1 0 0 0 0"
 ycoef=" 0 0 1 0 0 0">
<Contour name="TB2_NF07_RSL" hidden="false" closed="true" simplified="true" border="0 0 0.501961" fill="0 0 0.501961" mode="-9"
 points="14.9867 33.8012,
	15.0029 33.7849,
	15.0462 33.7741,
	15.2192 33.8012,
	15.3057 33.8228,
	15.4787 33.9255,
	15.5219 33.9417,
	15.6084 33.9525,
	15.6949 33.9904,
	15.7814 34.039,
	15.8031 34.0499,
	15.8247 34.0715,
	15.8679 34.0985,
	15.8788 34.1093,
	15.8896 34.1093,
	15.9058 34.1256,
	15.9166 34.1256,
	15.9599 34.158,
	16.0031 34.1796,
	16.0139 34.1904,
	16.0247 34.1904,
	16.1112 34.2499,
	16.1491 34.2769,
	16.2302 34.3526,
	16.2626 34.3851,
	16.2734 34.4013,
	16.4194 34.5689,
	16.4681 34.6554,
	16.4843 34.6986,
	16.4843 34.7851,
	16.4735 34.8716,
	16.4681 34.8933,
	16.4464 34.9095,
	16.4032 34.9149,
	16.3816 34.9095,
	16.3707 34.9041,
	16.3762 34.9149,
	16.3653 34.9203,
	16.2842 34.8446,
	16.2626 34.8338,
	16.2194 34.796,
	16.1761 34.7797,
	16.1545 34.7635,
	16.1437 34.7635,
	16.1221 34.7473,
	16.0788 34.7311,
	16.0355 34.704,
	15.9923 34.6878,
	15.949 34.6608,
	15.9274 34.65,
	15.9166 34.6392,
	15.9058 34.6392,
	15.7328 34.5148,
	15.3868 34.2932,
	15.3651 34.2769,
	15.3543 34.2769,
	15.1813 34.158,
	15.0083 34.0607,
	14.9867 33.8877,
	14.9867 33.8066,
	"/>
</Transform>

<Transform dim="0"
 xcoef=" 0 1 0 0 0 0"
 ycoef=" 0 0 1 0 0 0">
<Image mag="0.00749" contrast="1" brightness="0" red="true" green="true" blue="true"
 src="Alg_stitch3-4_289.tif" />
<Contour name="TB1_t3cell02_synapse" hidden="false" closed="true" simplified="false" border="0 0 1" fill="0 0 1" mode="11"
 points="0 0,
	15652 0,
	15652 8578,
	0 8578,
	"/>
</Transform>

</Section>