<?xml version="1.0"?>
<!DOCTYPE Section SYSTEM "section.dtd">

<Section index="321" thickness="0.08" alignLocked="true">
<Transform dim="0"
 xcoef=" 0 1 0 0 0 0"
 ycoef=" 0 0 1 0 0 0">
<Image mag="0.00749" contrast="1" brightness="0" red="true" green="true" blue="true"
 src="Alg_stitch3-4_321.tif" />
<Contour name="domain1" hidden="false" closed="true" simplified="false" border="1 0 1" fill="1 0 1" mode="11"
 points="0 0,
	15652 0,
	15652 8578,
	0 8578,
	"/>
</Transform>

<Transform dim="0"
 xcoef=" 0 1 0 0 0 0"
 ycoef=" 0 0 1 0 0 0">
<Contour name="TB3_NF01-PG_RSL" hidden="false" closed="true" simplified="true" border="1 1 0" fill="1 1 0" mode="-9"
 points="16.77 9.79,
	16.84 9.72,
	16.88 9.69,
	17.04 9.66,
	17.12 9.67,
	17.44 9.76,
	17.6 9.81,
	17.91 10.12,
	17.92 10.2,
	17.91 10.21,
	17.93 10.29,
	17.93 10.37,
	17.86 10.53,
	17.78 10.61,
	17.74 10.64,
	17.66 10.65,
	17.5 10.62,
	17.34 10.55,
	17.18 10.5,
	17.02 10.42,
	16.94 10.37,
	16.87 10.29,
	16.78 10.13,
	16.77 9.81,
	16.77 9.8,
	"/>
</Transform>

<Transform dim="0"
 xcoef=" 0 1 0 0 0 0"
 ycoef=" 0 0 1 0 0 0">
<Contour name="TB3_NF01-PG_RSL" hidden="false" closed="true" simplified="true" border="1 1 0" fill="1 1 0" mode="-9"
 points="54.24 15.08,
	54.33 14.92,
	54.41 14.85,
	54.45 14.81,
	54.53 14.78,
	54.85 14.73,
	55.01 14.72,
	55.09 14.69,
	55.17 14.69,
	55.21 14.69,
	55.25 14.71,
	55.27 14.71,
	55.29 14.73,
	55.45 14.79,
	55.53 14.8,
	55.57 14.77,
	55.6 14.69,
	55.67 14.62,
	55.71 14.61,
	55.75 14.62,
	55.88 14.78,
	55.94 14.86,
	55.97 14.9,
	55.97 14.94,
	55.97 14.96,
	56.05 15,
	56.09 15.01,
	56.11 15.01,
	56.13 15.03,
	56.13 15.07,
	56.09 15.1,
	55.77 15.07,
	55.61 15.06,
	55.53 15.05,
	55.49 15.04,
	55.48 15.02,
	55.49 15.01,
	55.41 15.01,
	55.25 15.05,
	55.17 15.08,
	55.09 15.13,
	55.05 15.14,
	55.01 15.18,
	54.93 15.23,
	54.89 15.24,
	54.81 15.29,
	54.73 15.32,
	54.57 15.33,
	54.49 15.32,
	54.33 15.23,
	54.26 15.18,
	54.24 15.14,
	54.24 15.1,
	54.24 15.09,
	"/>
<Contour name="TB3_NF01-PG_RSL" hidden="false" closed="true" simplified="true" border="1 1 0" fill="1 1 0" mode="-9"
 points="40.94 13.95,
	40.97 13.91,
	41.01 13.89,
	41.09 13.88,
	41.17 13.89,
	41.21 13.91,
	41.34 14.07,
	41.4 14.14,
	41.55 14.27,
	41.71 14.35,
	41.87 14.4,
	42.03 14.42,
	42.35 14.42,
	42.67 14.36,
	42.83 14.35,
	42.91 14.37,
	42.98 14.44,
	43.01 14.48,
	43.01 14.64,
	43 14.68,
	42.95 14.76,
	42.92 14.8,
	42.84 14.83,
	42.68 14.84,
	42.6 14.86,
	42.56 14.89,
	42.54 14.93,
	42.54 15.01,
	42.61 15.09,
	42.64 15.13,
	42.68 15.29,
	42.69 15.45,
	42.68 15.61,
	42.7 15.63,
	42.64 15.71,
	42.6 15.79,
	42.53 15.86,
	42.37 15.91,
	42.21 15.91,
	42.05 15.88,
	41.97 15.85,
	41.82 15.71,
	41.77 15.63,
	41.74 15.47,
	41.75 15.43,
	41.85 15.27,
	41.91 15.2,
	42 15.04,
	42.06 14.96,
	42.06 14.88,
	41.91 14.77,
	41.83 14.74,
	41.79 14.7,
	41.71 14.66,
	41.39 14.4,
	41.31 14.35,
	41.27 14.33,
	41.2 14.25,
	41.16 14.21,
	41.14 14.18,
	41.06 14.12,
	41.03 14.08,
	40.97 14.03,
	40.94 13.96,
	"/>
</Transform>

<Transform dim="0"
 xcoef=" 0 1 0 0 0 0"
 ycoef=" 0 0 1 0 0 0">
<Contour name="TB3_NF01-PG_RSL" hidden="false" closed="true" simplified="true" border="1 1 0" fill="1 1 0" mode="-9"
 points="43.67 13.68,
	43.74 13.61,
	43.9 13.52,
	44.06 13.47,
	44.22 13.44,
	44.3 13.44,
	44.34 13.44,
	44.5 13.51,
	44.58 13.54,
	44.66 13.59,
	44.68 13.61,
	44.72 13.62,
	44.8 13.67,
	44.88 13.74,
	44.93 13.82,
	44.96 13.9,
	44.96 13.98,
	44.96 14.02,
	44.92 14.05,
	44.6 14.08,
	44.44 14.09,
	44.36 14.09,
	44.34 14.1,
	44.32 14.09,
	44.28 14.11,
	44.27 14.12,
	43.95 13.99,
	43.87 13.97,
	43.83 13.95,
	43.76 13.87,
	43.72 13.83,
	43.67 13.75,
	43.67 13.71,
	43.67 13.69,
	"/>
</Transform>

<Transform dim="0"
 xcoef=" 0 1 0 0 0 0"
 ycoef=" 0 0 1 0 0 0">
<Contour name="TB3_NF01-PG_RSL" hidden="false" closed="true" simplified="true" border="1 1 0" fill="1 1 0" mode="-9"
 points="59.79 13.16,
	59.83 13.12,
	59.85 13.04,
	59.98 12.89,
	60.04 12.82,
	60.2 12.73,
	60.28 12.69,
	60.32 12.68,
	60.36 12.65,
	60.4 12.65,
	60.42 12.66,
	60.43 12.82,
	60.4 12.9,
	60.35 12.98,
	60.32 13.02,
	60.31 13.04,
	60.33 13.04,
	60.34 13.06,
	60.26 13.11,
	60.22 13.13,
	60.06 13.15,
	59.9 13.21,
	59.82 13.23,
	59.8 13.22,
	59.79 13.18,
	59.79 13.17,
	"/>
</Transform>

<Transform dim="0"
 xcoef=" 0 1 0 0 0 0"
 ycoef=" 0 0 1 0 0 0">
<Contour name="TB3_NF01-PG_RSL" hidden="false" closed="true" simplified="true" border="1 1 0" fill="1 1 0" mode="-9"
 points="65.22 11.52,
	65.28 11.44,
	65.36 11.36,
	65.4 11.33,
	65.48 11.32,
	65.52 11.32,
	65.6 11.36,
	65.67 11.42,
	65.73 11.5,
	65.76 11.54,
	65.79 11.62,
	65.8 11.7,
	65.82 11.73,
	65.81 11.75,
	65.78 11.71,
	65.77 11.69,
	65.64 11.84,
	65.59 11.89,
	65.51 11.91,
	65.43 11.91,
	65.41 11.89,
	65.37 11.88,
	65.3 11.82,
	65.24 11.74,
	65.23 11.58,
	65.22 11.54,
	65.22 11.53,
	"/>
</Transform>

<Transform dim="0"
 xcoef=" 0 1 0 0 0 0"
 ycoef=" 0 0 1 0 0 0">
<Contour name="TB3_NF01-PG_RSL" hidden="false" closed="true" simplified="true" border="1 1 0" fill="1 1 0" mode="-9"
 points="69.0667 15.5667,
	69.0889 15.5222,
	69.2667 15.4444,
	69.3556 15.4111,
	69.4 15.3889,
	69.4889 15.3889,
	69.5333 15.3889,
	69.6222 15.4333,
	69.8 15.4889,
	69.9778 15.4889,
	70.0222 15.4889,
	70.0667 15.5111,
	70.1 15.5556,
	70.1111 15.7333,
	70.0778 15.8222,
	69.9111 15.9778,
	69.8667 16,
	69.8444 16.0111,
	69.8222 16,
	69.7333 16.0333,
	69.6444 16.0333,
	69.5556 16.0111,
	69.3778 15.9111,
	69.2111 15.7889,
	69.0667 15.6222,
	69.0667 15.5778,
	"/>
</Transform>

<Transform dim="0"
 xcoef=" 0 1 0 0 0 0"
 ycoef=" 0 0 1 0 0 0">
<Contour name="TB3_NF01-PG_RSL" hidden="false" closed="true" simplified="true" border="1 1 0" fill="1 1 0" mode="-9"
 points="76.9333 12.0778,
	76.9666 11.9889,
	77.0221 11.9,
	77.0555 11.8555,
	77.1333 11.8,
	77.2221 11.7778,
	77.2666 11.7778,
	77.3555 11.8555,
	77.411 11.9444,
	77.4333 11.9889,
	77.3999 12.1667,
	77.3333 12.2555,
	77.2888 12.3,
	77.111 12.3778,
	77.0221 12.4222,
	76.9777 12.4333,
	76.9444 12.3889,
	76.9333 12.2111,
	76.9333 12.1222,
	76.9333 12.0889,
	"/>
</Transform>

<Transform dim="0"
 xcoef=" 0 1 0 0 0 0"
 ycoef=" 0 0 1 0 0 0">
<Contour name="TB3_NF01-PG_RSL" hidden="false" closed="true" simplified="true" border="1 1 0" fill="1 1 0" mode="-9"
 points="78.7444 12.7,
	78.8444 12.5222,
	78.8555 12.4333,
	78.9444 12.3778,
	78.9888 12.3555,
	79.0777 12.3444,
	79.0999 12.3222,
	79.1888 12.3,
	79.2333 12.2778,
	79.3221 12.2778,
	79.3666 12.2778,
	79.411 12.3,
	79.4333 12.3889,
	79.4333 12.5667,
	79.4444 12.6555,
	79.4333 12.7444,
	79.3888 12.8333,
	79.3444 12.8778,
	79.311 12.9,
	79.3333 12.9111,
	79.2777 13.0889,
	79.1221 13.2333,
	79.0777 13.2555,
	78.9888 13.2555,
	78.9444 13.2444,
	78.8555 13.1667,
	78.8221 13.1222,
	78.8221 13.0778,
	78.7777 12.9889,
	78.7777 12.9,
	78.7555 12.8555,
	78.7444 12.7667,
	78.7444 12.7222,
	78.7444 12.7111,
	"/>
</Transform>

<Transform dim="0"
 xcoef=" 0 1 0 0 0 0"
 ycoef=" 0 0 1 0 0 0">
<Contour name="TB3_NF01-PG_RSL" hidden="false" closed="true" simplified="true" border="1 1 0" fill="1 1 0" mode="-9"
 points="79.2555 10.9555,
	79.2777 10.9333,
	79.2888 10.8444,
	79.3666 10.7555,
	79.4555 10.6889,
	79.5444 10.6444,
	79.6333 10.6333,
	79.7221 10.6444,
	79.811 10.6778,
	79.8555 10.7222,
	79.9333 10.9,
	79.9666 11.0778,
	79.9333 11.1667,
	79.8444 11.2555,
	79.7888 11.3333,
	79.7333 11.5111,
	79.7221 11.5555,
	79.6999 11.5778,
	79.7221 11.5889,
	79.6555 11.6667,
	79.611 11.7,
	79.5221 11.7222,
	79.4333 11.7222,
	79.3888 11.7111,
	79.3444 11.6778,
	79.3221 11.6333,
	79.2999 11.6111,
	79.2777 11.5222,
	79.311 11.3444,
	79.2999 11.2555,
	79.2999 11.2111,
	79.2666 11.1222,
	79.2555 11.0333,
	79.2555 10.9889,
	79.2555 10.9667,
	"/>
</Transform>

<Transform dim="0"
 xcoef=" 0 1 0 0 0 0"
 ycoef=" 0 0 1 0 0 0">
<Contour name="TB3_NF01-PG_RSL" hidden="false" closed="true" simplified="true" border="1 1 0" fill="1 1 0" mode="-9"
 points="16.77 9.79,
	16.84 9.72,
	16.88 9.69,
	17.04 9.66,
	17.12 9.67,
	17.44 9.76,
	17.6 9.81,
	17.91 10.12,
	17.92 10.2,
	17.91 10.21,
	17.93 10.29,
	17.93 10.37,
	17.86 10.53,
	17.78 10.61,
	17.74 10.64,
	17.66 10.65,
	17.5 10.62,
	17.34 10.55,
	17.18 10.5,
	17.02 10.42,
	16.94 10.37,
	16.87 10.29,
	16.78 10.13,
	16.77 9.81,
	16.77 9.8,
	"/>
</Transform>

<Transform dim="0"
 xcoef=" 0 1 0 0 0 0"
 ycoef=" 0 0 1 0 0 0">
<Contour name="TB3_NF01-PG_RSL" hidden="false" closed="true" simplified="true" border="1 1 0" fill="1 1 0" mode="-9"
 points="54.24 15.08,
	54.33 14.92,
	54.41 14.85,
	54.45 14.81,
	54.53 14.78,
	54.85 14.73,
	55.01 14.72,
	55.09 14.69,
	55.17 14.69,
	55.21 14.69,
	55.25 14.71,
	55.27 14.71,
	55.29 14.73,
	55.45 14.79,
	55.53 14.8,
	55.57 14.77,
	55.6 14.69,
	55.67 14.62,
	55.71 14.61,
	55.75 14.62,
	55.88 14.78,
	55.94 14.86,
	55.97 14.9,
	55.97 14.94,
	55.97 14.96,
	56.05 15,
	56.09 15.01,
	56.11 15.01,
	56.13 15.03,
	56.13 15.07,
	56.09 15.1,
	55.77 15.07,
	55.61 15.06,
	55.53 15.05,
	55.49 15.04,
	55.48 15.02,
	55.49 15.01,
	55.41 15.01,
	55.25 15.05,
	55.17 15.08,
	55.09 15.13,
	55.05 15.14,
	55.01 15.18,
	54.93 15.23,
	54.89 15.24,
	54.81 15.29,
	54.73 15.32,
	54.57 15.33,
	54.49 15.32,
	54.33 15.23,
	54.26 15.18,
	54.24 15.14,
	54.24 15.1,
	54.24 15.09,
	"/>
<Contour name="TB3_NF01-PG_RSL" hidden="false" closed="true" simplified="true" border="1 1 0" fill="1 1 0" mode="-9"
 points="40.94 13.95,
	40.97 13.91,
	41.01 13.89,
	41.09 13.88,
	41.17 13.89,
	41.21 13.91,
	41.34 14.07,
	41.4 14.14,
	41.55 14.27,
	41.71 14.35,
	41.87 14.4,
	42.03 14.42,
	42.35 14.42,
	42.67 14.36,
	42.83 14.35,
	42.91 14.37,
	42.98 14.44,
	43.01 14.48,
	43.01 14.64,
	43 14.68,
	42.95 14.76,
	42.92 14.8,
	42.84 14.83,
	42.68 14.84,
	42.6 14.86,
	42.56 14.89,
	42.54 14.93,
	42.54 15.01,
	42.61 15.09,
	42.64 15.13,
	42.68 15.29,
	42.69 15.45,
	42.68 15.61,
	42.7 15.63,
	42.64 15.71,
	42.6 15.79,
	42.53 15.86,
	42.37 15.91,
	42.21 15.91,
	42.05 15.88,
	41.97 15.85,
	41.82 15.71,
	41.77 15.63,
	41.74 15.47,
	41.75 15.43,
	41.85 15.27,
	41.91 15.2,
	42 15.04,
	42.06 14.96,
	42.06 14.88,
	41.91 14.77,
	41.83 14.74,
	41.79 14.7,
	41.71 14.66,
	41.39 14.4,
	41.31 14.35,
	41.27 14.33,
	41.2 14.25,
	41.16 14.21,
	41.14 14.18,
	41.06 14.12,
	41.03 14.08,
	40.97 14.03,
	40.94 13.96,
	"/>
</Transform>

<Transform dim="0"
 xcoef=" 0 1 0 0 0 0"
 ycoef=" 0 0 1 0 0 0">
<Contour name="TB3_NF01-PG_RSL" hidden="false" closed="true" simplified="true" border="1 1 0" fill="1 1 0" mode="-9"
 points="43.67 13.68,
	43.74 13.61,
	43.9 13.52,
	44.06 13.47,
	44.22 13.44,
	44.3 13.44,
	44.34 13.44,
	44.5 13.51,
	44.58 13.54,
	44.66 13.59,
	44.68 13.61,
	44.72 13.62,
	44.8 13.67,
	44.88 13.74,
	44.93 13.82,
	44.96 13.9,
	44.96 13.98,
	44.96 14.02,
	44.92 14.05,
	44.6 14.08,
	44.44 14.09,
	44.36 14.09,
	44.34 14.1,
	44.32 14.09,
	44.28 14.11,
	44.27 14.12,
	43.95 13.99,
	43.87 13.97,
	43.83 13.95,
	43.76 13.87,
	43.72 13.83,
	43.67 13.75,
	43.67 13.71,
	43.67 13.69,
	"/>
</Transform>

<Transform dim="0"
 xcoef=" 0 1 0 0 0 0"
 ycoef=" 0 0 1 0 0 0">
<Contour name="TB3_NF01-PG_RSL" hidden="false" closed="true" simplified="true" border="1 1 0" fill="1 1 0" mode="-9"
 points="59.79 13.16,
	59.83 13.12,
	59.85 13.04,
	59.98 12.89,
	60.04 12.82,
	60.2 12.73,
	60.28 12.69,
	60.32 12.68,
	60.36 12.65,
	60.4 12.65,
	60.42 12.66,
	60.43 12.82,
	60.4 12.9,
	60.35 12.98,
	60.32 13.02,
	60.31 13.04,
	60.33 13.04,
	60.34 13.06,
	60.26 13.11,
	60.22 13.13,
	60.06 13.15,
	59.9 13.21,
	59.82 13.23,
	59.8 13.22,
	59.79 13.18,
	59.79 13.17,
	"/>
</Transform>

<Transform dim="0"
 xcoef=" 0 1 0 0 0 0"
 ycoef=" 0 0 1 0 0 0">
<Contour name="TB3_NF01-PG_RSL" hidden="false" closed="true" simplified="true" border="1 1 0" fill="1 1 0" mode="-9"
 points="65.22 11.52,
	65.28 11.44,
	65.36 11.36,
	65.4 11.33,
	65.48 11.32,
	65.52 11.32,
	65.6 11.36,
	65.67 11.42,
	65.73 11.5,
	65.76 11.54,
	65.79 11.62,
	65.8 11.7,
	65.82 11.73,
	65.81 11.75,
	65.78 11.71,
	65.77 11.69,
	65.64 11.84,
	65.59 11.89,
	65.51 11.91,
	65.43 11.91,
	65.41 11.89,
	65.37 11.88,
	65.3 11.82,
	65.24 11.74,
	65.23 11.58,
	65.22 11.54,
	65.22 11.53,
	"/>
</Transform>

<Transform dim="0"
 xcoef=" 0 1 0 0 0 0"
 ycoef=" 0 0 1 0 0 0">
<Contour name="TB3_NF01-PG_RSL" hidden="false" closed="true" simplified="true" border="1 1 0" fill="1 1 0" mode="-9"
 points="69.0667 15.5667,
	69.0889 15.5222,
	69.2667 15.4444,
	69.3556 15.4111,
	69.4 15.3889,
	69.4889 15.3889,
	69.5333 15.3889,
	69.6222 15.4333,
	69.8 15.4889,
	69.9778 15.4889,
	70.0222 15.4889,
	70.0667 15.5111,
	70.1 15.5556,
	70.1111 15.7333,
	70.0778 15.8222,
	69.9111 15.9778,
	69.8667 16,
	69.8444 16.0111,
	69.8222 16,
	69.7333 16.0333,
	69.6444 16.0333,
	69.5556 16.0111,
	69.3778 15.9111,
	69.2111 15.7889,
	69.0667 15.6222,
	69.0667 15.5778,
	"/>
</Transform>

<Transform dim="0"
 xcoef=" 0 1 0 0 0 0"
 ycoef=" 0 0 1 0 0 0">
<Contour name="TB3_NF01-PG_RSL" hidden="false" closed="true" simplified="true" border="1 1 0" fill="1 1 0" mode="-9"
 points="76.9333 12.0778,
	76.9666 11.9889,
	77.0221 11.9,
	77.0555 11.8555,
	77.1333 11.8,
	77.2221 11.7778,
	77.2666 11.7778,
	77.3555 11.8555,
	77.411 11.9444,
	77.4333 11.9889,
	77.3999 12.1667,
	77.3333 12.2555,
	77.2888 12.3,
	77.111 12.3778,
	77.0221 12.4222,
	76.9777 12.4333,
	76.9444 12.3889,
	76.9333 12.2111,
	76.9333 12.1222,
	76.9333 12.0889,
	"/>
</Transform>

<Transform dim="0"
 xcoef=" 0 1 0 0 0 0"
 ycoef=" 0 0 1 0 0 0">
<Contour name="TB3_NF01-PG_RSL" hidden="false" closed="true" simplified="true" border="1 1 0" fill="1 1 0" mode="-9"
 points="78.7444 12.7,
	78.8444 12.5222,
	78.8555 12.4333,
	78.9444 12.3778,
	78.9888 12.3555,
	79.0777 12.3444,
	79.0999 12.3222,
	79.1888 12.3,
	79.2333 12.2778,
	79.3221 12.2778,
	79.3666 12.2778,
	79.411 12.3,
	79.4333 12.3889,
	79.4333 12.5667,
	79.4444 12.6555,
	79.4333 12.7444,
	79.3888 12.8333,
	79.3444 12.8778,
	79.311 12.9,
	79.3333 12.9111,
	79.2777 13.0889,
	79.1221 13.2333,
	79.0777 13.2555,
	78.9888 13.2555,
	78.9444 13.2444,
	78.8555 13.1667,
	78.8221 13.1222,
	78.8221 13.0778,
	78.7777 12.9889,
	78.7777 12.9,
	78.7555 12.8555,
	78.7444 12.7667,
	78.7444 12.7222,
	78.7444 12.7111,
	"/>
</Transform>

<Transform dim="0"
 xcoef=" 0 1 0 0 0 0"
 ycoef=" 0 0 1 0 0 0">
<Contour name="TB3_NF01-PG_RSL" hidden="false" closed="true" simplified="true" border="1 1 0" fill="1 1 0" mode="-9"
 points="79.2555 10.9555,
	79.2777 10.9333,
	79.2888 10.8444,
	79.3666 10.7555,
	79.4555 10.6889,
	79.5444 10.6444,
	79.6333 10.6333,
	79.7221 10.6444,
	79.811 10.6778,
	79.8555 10.7222,
	79.9333 10.9,
	79.9666 11.0778,
	79.9333 11.1667,
	79.8444 11.2555,
	79.7888 11.3333,
	79.7333 11.5111,
	79.7221 11.5555,
	79.6999 11.5778,
	79.7221 11.5889,
	79.6555 11.6667,
	79.611 11.7,
	79.5221 11.7222,
	79.4333 11.7222,
	79.3888 11.7111,
	79.3444 11.6778,
	79.3221 11.6333,
	79.2999 11.6111,
	79.2777 11.5222,
	79.311 11.3444,
	79.2999 11.2555,
	79.2999 11.2111,
	79.2666 11.1222,
	79.2555 11.0333,
	79.2555 10.9889,
	79.2555 10.9667,
	"/>
</Transform>

<Transform dim="0"
 xcoef=" 0 1 0 0 0 0"
 ycoef=" 0 0 1 0 0 0">
<Image mag="0.00749" contrast="1" brightness="0" red="true" green="true" blue="true"
 src="Alg_stitch3-4_321.tif" />
<Contour name="domain1" hidden="false" closed="true" simplified="false" border="1 0 1" fill="1 0 1" mode="11"
 points="0 0,
	15652 0,
	15652 8578,
	0 8578,
	"/>
</Transform>

<Transform dim="0"
 xcoef=" 0 1 0 0 0 0"
 ycoef=" 0 0 1 0 0 0">
<Image mag="0.00749" contrast="1" brightness="0" red="true" green="true" blue="true"
 src="Alg_stitch3-4_321.tif" />
<Contour name="domain1" hidden="false" closed="true" simplified="false" border="1 0 1" fill="1 0 1" mode="11"
 points="0 0,
	15652 0,
	15652 8578,
	0 8578,
	"/>
</Transform>

<Transform dim="0"
 xcoef=" 0 1 0 0 0 0"
 ycoef=" 0 0 1 0 0 0">
<Image mag="0.00749" contrast="1" brightness="0" red="true" green="true" blue="true"
 src="Alg_stitch3-4_321.tif" />
<Contour name="domain1" hidden="false" closed="true" simplified="false" border="1 0 1" fill="1 0 1" mode="11"
 points="0 0,
	15652 0,
	15652 8578,
	0 8578,
	"/>
</Transform>

<Transform dim="0"
 xcoef=" 0 1 0 0 0 0"
 ycoef=" 0 0 1 0 0 0">
<Image mag="0.00749" contrast="1" brightness="0" red="true" green="true" blue="true"
 src="Alg_stitch3-4_321.tif" />
<Contour name="domain1" hidden="false" closed="true" simplified="false" border="1 0 1" fill="1 0 1" mode="11"
 points="0 0,
	15652 0,
	15652 8578,
	0 8578,
	"/>
</Transform>

<Transform dim="0"
 xcoef=" 0 1 0 0 0 0"
 ycoef=" 0 0 1 0 0 0">
<Image mag="0.00749" contrast="1" brightness="0" red="true" green="true" blue="true"
 src="Alg_stitch3-4_321.tif" />
<Contour name="DENucleus2" hidden="false" closed="true" simplified="false" border="0 0 0.627" fill="0 0 0.627" mode="11"
 points="0 0,
	15652 0,
	15652 8578,
	0 8578,
	"/>
</Transform>

<Transform dim="0"
 xcoef=" 0 1 0 0 0 0"
 ycoef=" 0 0 1 0 0 0">
<Image mag="0.00749" contrast="1" brightness="0" red="true" green="true" blue="true"
 src="Alg_stitch3-4_321.tif" />
<Contour name="domain1" hidden="false" closed="true" simplified="false" border="1 0 1" fill="1 0 1" mode="11"
 points="0 0,
	15652 0,
	15652 8578,
	0 8578,
	"/>
</Transform>

<Transform dim="0"
 xcoef=" 0 1 0 0 0 0"
 ycoef=" 0 0 1 0 0 0">
<Image mag="0.00749" contrast="1" brightness="0" red="true" green="true" blue="true"
 src="Alg_stitch3-4_321.tif" />
<Contour name="domain1" hidden="false" closed="true" simplified="false" border="1 0 1" fill="1 0 1" mode="11"
 points="0 0,
	15652 0,
	15652 8578,
	0 8578,
	"/>
</Transform>

<Transform dim="0"
 xcoef=" 0 1 0 0 0 0"
 ycoef=" 0 0 1 0 0 0">
<Image mag="0.00749" contrast="1" brightness="0" red="true" green="true" blue="true"
 src="Alg_stitch3-4_321.tif" />
<Contour name="domain1" hidden="false" closed="true" simplified="false" border="1 0 1" fill="1 0 1" mode="11"
 points="0 0,
	15652 0,
	15652 8578,
	0 8578,
	"/>
</Transform>

<Transform dim="0"
 xcoef=" 0 1 0 0 0 0"
 ycoef=" 0 0 1 0 0 0">
<Image mag="0.00749" contrast="1" brightness="0" red="true" green="true" blue="true"
 src="Alg_stitch3-4_321.tif" />
<Contour name="domain1" hidden="false" closed="true" simplified="false" border="1 0 1" fill="1 0 1" mode="11"
 points="0 0,
	15652 0,
	15652 8578,
	0 8578,
	"/>
</Transform>

<Transform dim="0"
 xcoef=" 0 1 0 0 0 0"
 ycoef=" 0 0 1 0 0 0">
<Image mag="0.00749" contrast="1" brightness="0" red="true" green="true" blue="true"
 src="Alg_stitch3-4_321.tif" />
<Contour name="domain1" hidden="false" closed="true" simplified="false" border="1 0 1" fill="1 0 1" mode="11"
 points="0 0,
	15652 0,
	15652 8578,
	0 8578,
	"/>
</Transform>

<Transform dim="0"
 xcoef=" 0 1 0 0 0 0"
 ycoef=" 0 0 1 0 0 0">
<Image mag="0.00749" contrast="1" brightness="0" red="true" green="true" blue="true"
 src="Alg_stitch3-4_321.tif" />
<Contour name="domain1" hidden="false" closed="true" simplified="false" border="1 0 1" fill="1 0 1" mode="11"
 points="0 0,
	15652 0,
	15652 8578,
	0 8578,
	"/>
</Transform>

<Transform dim="0"
 xcoef=" 0 1 0 0 0 0"
 ycoef=" 0 0 1 0 0 0">
<Image mag="0.00749" contrast="1" brightness="0" red="true" green="true" blue="true"
 src="Alg_stitch3-4_321.tif" />
<Contour name="domain1" hidden="false" closed="true" simplified="false" border="1 0 1" fill="1 0 1" mode="11"
 points="0 0,
	15652 0,
	15652 8578,
	0 8578,
	"/>
</Transform>

<Transform dim="0"
 xcoef=" 0 1 0 0 0 0"
 ycoef=" 0 0 1 0 0 0">
<Image mag="0.00749" contrast="1" brightness="0" red="true" green="true" blue="true"
 src="Alg_stitch3-4_321.tif" />
<Contour name="domain1" hidden="false" closed="true" simplified="false" border="1 0 1" fill="1 0 1" mode="11"
 points="0 0,
	15652 0,
	15652 8578,
	0 8578,
	"/>
</Transform>

<Transform dim="0"
 xcoef=" 0 1 0 0 0 0"
 ycoef=" 0 0 1 0 0 0">
<Image mag="0.00749" contrast="1" brightness="0" red="true" green="true" blue="true"
 src="Alg_stitch3-4_321.tif" />
<Contour name="domain1" hidden="false" closed="true" simplified="false" border="1 0 1" fill="1 0 1" mode="11"
 points="0 0,
	15652 0,
	15652 8578,
	0 8578,
	"/>
</Transform>

<Transform dim="0"
 xcoef=" 0 1 0 0 0 0"
 ycoef=" 0 0 1 0 0 0">
<Image mag="0.00749" contrast="1" brightness="0" red="true" green="true" blue="true"
 src="Alg_stitch3-4_321.tif" />
<Contour name="domain1" hidden="false" closed="true" simplified="false" border="1 0 1" fill="1 0 1" mode="11"
 points="0 0,
	15652 0,
	15652 8578,
	0 8578,
	"/>
</Transform>

<Transform dim="0"
 xcoef=" 0 1 0 0 0 0"
 ycoef=" 0 0 1 0 0 0">
<Image mag="0.00749" contrast="1" brightness="0" red="true" green="true" blue="true"
 src="Alg_stitch3-4_321.tif" />
<Contour name="DENucleus2" hidden="false" closed="true" simplified="false" border="0 0 0.627" fill="0 0 0.627" mode="11"
 points="0 0,
	15652 0,
	15652 8578,
	0 8578,
	"/>
</Transform>

<Transform dim="0"
 xcoef=" 0 1 0 0 0 0"
 ycoef=" 0 0 1 0 0 0">
<Image mag="0.00749" contrast="1" brightness="0" red="true" green="true" blue="true"
 src="Alg_stitch3-4_321.tif" />
<Contour name="domain1" hidden="false" closed="true" simplified="false" border="1 0 1" fill="1 0 1" mode="11"
 points="0 0,
	15652 0,
	15652 8578,
	0 8578,
	"/>
</Transform>

<Transform dim="0"
 xcoef=" 0 1 0 0 0 0"
 ycoef=" 0 0 1 0 0 0">
<Image mag="0.00749" contrast="1" brightness="0" red="true" green="true" blue="true"
 src="Alg_stitch3-4_321.tif" />
<Contour name="domain1" hidden="false" closed="true" simplified="false" border="1 0 1" fill="1 0 1" mode="11"
 points="0 0,
	15652 0,
	15652 8578,
	0 8578,
	"/>
</Transform>

<Transform dim="0"
 xcoef=" 0 1 0 0 0 0"
 ycoef=" 0 0 1 0 0 0">
<Contour name="TB2_T2Cell07_CM_LES" hidden="false" closed="true" simplified="true" border="0.568627 1 0.780392" fill="0.568627 1 0.780392" mode="-9"
 points="47.9635 40.0523,
	47.9955 39.9242,
	48.0756 39.7961,
	48.1236 39.748,
	48.1396 39.716,
	48.1076 39.5879,
	48.1076 39.4598,
	48.2197 39.2035,
	48.2677 39.0754,
	48.2677 39.0114,
	48.2998 38.9473,
	48.2998 38.9153,
	48.3318 38.8832,
	48.3318 38.8512,
	48.524 38.595,
	48.7642 38.3868,
	48.8923 38.2907,
	48.9243 38.2587,
	48.9403 38.1306,
	48.9403 38.0985,
	48.8763 38.0505,
	48.7482 38.0665,
	48.6201 38.1306,
	48.556 38.1466,
	48.4279 38.0985,
	48.3959 38.0665,
	48.4119 37.9384,
	48.4119 37.8743,
	48.4919 37.7462,
	48.524 37.7462,
	48.588 37.7942,
	48.6521 37.8103,
	48.7161 37.7942,
	48.7482 37.7942,
	48.8763 37.7142,
	49.0044 37.6821,
	49.2606 37.6661,
	49.3888 37.6501,
	49.645 37.6982,
	49.7731 37.6821,
	49.9012 37.6341,
	50.1575 37.5861,
	50.2856 37.538,
	50.3496 37.506,
	50.4617 37.3939,
	50.5258 37.2658,
	50.5418 37.1377,
	50.4777 37.0095,
	50.4457 36.8814,
	50.4777 36.7533,
	50.5258 36.6892,
	50.5578 36.6572,
	50.814 36.5771,
	50.8621 36.5611,
	50.9902 36.5932,
	51.0062 36.6252,
	50.8781 36.7053,
	50.798 36.8334,
	50.8301 36.8974,
	50.8941 36.9455,
	51.0222 36.9775,
	51.5347 36.9455,
	51.5988 36.9295,
	51.7109 36.8174,
	51.7109 36.7533,
	51.6468 36.7053,
	51.5187 36.6572,
	51.4546 36.6252,
	51.4226 36.5932,
	51.4386 36.5291,
	51.6948 36.4971,
	51.823 36.5131,
	51.9511 36.6252,
	52.0151 36.6892,
	52.0792 36.7213,
	52.2073 36.7373,
	52.4635 36.7053,
	52.7198 36.6412,
	52.7838 36.6092,
	53.008 36.3529,
	53.1682 36.0967,
	53.2162 36.0487,
	53.2803 36.0807,
	53.3283 36.1448,
	53.2963 36.2729,
	53.1201 36.5291,
	53.0881 36.5932,
	53.0881 36.6252,
	53.1522 36.6412,
	53.1842 36.6572,
	53.2483 36.6412,
	53.3283 36.5131,
	53.3604 36.449,
	53.4244 36.401,
	53.9369 36.2248,
	54.065 36.2088,
	54.129 36.1928,
	54.2572 36.2088,
	54.2892 36.2248,
	54.4173 36.1928,
	54.6735 36.0487,
	54.9298 35.8405,
	55.186 35.6963,
	55.4422 35.6163,
	55.5704 35.5522,
	56.0828 35.4081,
	56.5953 35.296,
	56.7234 35.2319,
	56.9796 35.2159,
	57.2359 35.2319,
	57.4921 35.1839,
	57.7483 35.1999,
	58.0046 35.264,
	58.517 35.344,
	58.5811 35.344,
	58.8373 35.4401,
	58.9494 35.5362,
	59.0295 35.6643,
	59.0615 35.7924,
	59.1896 36.0487,
	59.2377 36.3049,
	59.2537 36.433,
	59.3017 36.5611,
	59.3818 36.6892,
	59.5099 36.7693,
	59.638 36.8814,
	60.1505 37.1056,
	60.2786 37.1857,
	60.3267 37.3138,
	60.3427 37.3779,
	60.2946 37.506,
	60.1665 37.6181,
	59.9103 37.7622,
	59.6541 37.8583,
	59.5259 37.9063,
	59.4619 37.9384,
	58.9494 37.9704,
	58.8213 37.9704,
	58.7572 37.9704,
	58.501 37.8743,
	58.437 37.8423,
	58.1807 37.9063,
	57.9245 38.0024,
	57.7003 38.2266,
	57.5722 38.2747,
	57.4441 38.2907,
	57.3159 38.2587,
	57.1878 38.1786,
	56.9316 38.1466,
	56.4191 38.2266,
	56.3551 38.2587,
	56.323 38.2747,
	56.323 38.3387,
	56.4351 38.4188,
	56.6754 38.659,
	56.6754 38.7231,
	56.5472 38.7391,
	56.4191 38.6911,
	56.3551 38.643,
	56.227 38.627,
	56.0988 38.643,
	55.5864 38.8512,
	55.4583 38.9313,
	55.3942 38.9793,
	55.3782 39.0114,
	55.4422 39.0274,
	55.5704 38.9953,
	55.6024 38.9953,
	55.6344 39.0274,
	55.6344 39.0914,
	55.5704 39.1555,
	55.3141 39.2996,
	55.186 39.3477,
	55.0579 39.3637,
	54.9938 39.3637,
	54.8657 39.2996,
	54.7376 39.3156,
	54.4814 39.4117,
	54.2251 39.5719,
	54.097 39.6679,
	54.033 39.732,
	53.9369 39.8121,
	53.4404 40.1484,
	53.3123 40.1964,
	53.1842 40.1964,
	53.1201 40.1964,
	53.0721 40.1484,
	53.1361 40.0843,
	53.3924 40.0043,
	53.5205 39.9562,
	53.5365 39.8921,
	53.5205 39.8601,
	53.3924 39.8601,
	53.2643 39.8921,
	53.024 40.0683,
	52.8959 40.1484,
	52.6397 40.2285,
	52.3835 40.2765,
	51.871 40.4206,
	51.8069 40.4527,
	51.7429 40.4527,
	51.2304 40.6448,
	50.9742 40.7089,
	50.8461 40.7409,
	50.5898 40.9171,
	50.4617 41.0132,
	50.4297 41.0132,
	50.3977 41.0452,
	50.1414 41.1413,
	50.0133 41.2053,
	49.7571 41.2374,
	49.5009 41.1573,
	49.3727 41.1093,
	49.1165 40.9491,
	49.0524 40.9331,
	49.0524 41.0612,
	48.9884 41.1093,
	48.9243 41.0932,
	48.7962 40.9811,
	48.54 40.9651,
	48.4119 40.869,
	48.3798 40.805,
	48.4279 40.6769,
	48.6681 40.4206,
	48.7001 40.3566,
	48.7001 40.2925,
	48.6681 40.2285,
	48.604 40.2124,
	48.54 40.2285,
	48.4119 40.3406,
	48.3158 40.4527,
	48.2037 40.5007,
	48.0756 40.4206,
	48.0115 40.2925,
	47.9795 40.1644,
	47.9635 40.1003,
	47.9635 40.0683,
	"/>
</Transform>

<Transform dim="0"
 xcoef=" 0 1 0 0 0 0"
 ycoef=" 0 0 1 0 0 0">
<Contour name="Tb2_NF40_LES" hidden="false" closed="true" simplified="true" border="0.501961 0.25098 0.25098" fill="0.501961 0.25098 0.25098" mode="-9"
 points="19.2836 36.7782,
	19.4155 36.6276,
	19.5661 36.5334,
	19.6414 36.4958,
	19.7168 36.4958,
	19.7921 36.4581,
	20.0934 36.4204,
	20.244 36.4581,
	20.3194 36.5146,
	20.3382 36.5899,
	20.2252 36.7406,
	20.0746 36.8536,
	19.7733 36.9101,
	19.6226 36.9289,
	19.3213 36.8724,
	19.2836 36.7971,
	"/>
</Transform>

<Transform dim="0"
 xcoef=" 0 1 0 0 0 0"
 ycoef=" 0 0 1 0 0 0">
<Contour name="Tb2_NF34_LES" hidden="false" closed="true" simplified="true" border="0.756863 0.513725 1" fill="0.756863 0.513725 1" mode="-9"
 points="48.7699 37.2902,
	48.8691 37.1911,
	48.9682 37.1415,
	49.1666 37.1167,
	49.3649 37.0423,
	49.5633 37.0671,
	49.96 37.2407,
	49.96 37.3398,
	49.8856 37.439,
	49.6873 37.5134,
	49.5137 37.5382,
	49.4145 37.6126,
	49.2162 37.6374,
	49.0178 37.5878,
	48.9187 37.563,
	48.8195 37.4638,
	48.7699 37.4142,
	48.7699 37.315,
	"/>
</Transform>

<Transform dim="0"
 xcoef=" 0 1 0 0 0 0"
 ycoef=" 0 0 1 0 0 0">
<Contour name="Tb2_NF34_LES" hidden="false" closed="true" simplified="true" border="0.756863 0.513725 1" fill="0.756863 0.513725 1" mode="-9"
 points="56.58 38.3316,
	56.6792 38.2572,
	56.8775 38.2324,
	57.0759 38.3068,
	57.1751 38.3812,
	57.2247 38.4804,
	57.1751 38.5795,
	57.0759 38.6539,
	56.8775 38.6539,
	56.7784 38.6539,
	56.6792 38.6043,
	56.6296 38.5547,
	56.6792 38.5299,
	56.6048 38.4804,
	56.58 38.3812,
	56.58 38.3564,
	"/>
</Transform>

<Transform dim="0"
 xcoef=" 0 1 0 0 0 0"
 ycoef=" 0 0 1 0 0 0">
<Contour name="Tb2_NF32_LES" hidden="false" closed="true" simplified="true" border="0.396078 0.462745 0.737255" fill="0.396078 0.462745 0.737255" mode="-9"
 points="45.7389 38.3593,
	45.8102 38.288,
	46.0954 38.3237,
	46.3806 38.4306,
	46.5588 38.7158,
	46.6658 39.001,
	46.6658 39.1436,
	46.5232 39.2506,
	46.3806 39.1793,
	46.3093 39.1793,
	46.238 39.108,
	46.1667 39.108,
	45.8815 38.8584,
	45.7745 38.7158,
	45.7389 38.4306,
	45.7389 38.395,
	"/>
<Contour name="Tb2_NF32_LES" hidden="false" closed="true" simplified="true" border="0.396078 0.462745 0.737255" fill="0.396078 0.462745 0.737255" mode="-9"
 points="47.4501 42.3165,
	47.5214 42.1739,
	47.5214 42.1026,
	47.8066 41.9243,
	48.0918 41.9243,
	48.2344 41.9243,
	48.377 42.0313,
	48.4483 42.1739,
	48.4126 42.7443,
	48.377 42.8869,
	48.27 43.0295,
	48.0918 43.1721,
	47.8066 43.1364,
	47.5214 42.8869,
	47.4501 42.6017,
	47.4501 42.3521,
	"/>
</Transform>

<Transform dim="0"
 xcoef=" 0 1 0 0 0 0"
 ycoef=" 0 0 1 0 0 0">
<Contour name="Tb2_NF35_LES" hidden="false" closed="true" simplified="true" border="0 0.776471 0.384314" fill="0 0.776471 0.384314" mode="-9"
 points="16.8534 43.0928,
	16.9458 43.0235,
	16.9921 42.9772,
	17.0383 42.9772,
	17.0845 43.0697,
	17.0152 43.2546,
	16.969 43.2778,
	16.8534 43.1622,
	16.8534 43.1159,
	"/>
</Transform>

<Transform dim="0"
 xcoef=" 0 1 0 0 0 0"
 ycoef=" 0 0 1 0 0 0">
<Contour name="Tb2_NF32_LES" hidden="false" closed="true" simplified="true" border="0.396078 0.462745 0.737255" fill="0.396078 0.462745 0.737255" mode="-9"
 points="45.7844 38.4173,
	45.8283 38.3001,
	45.8722 38.2562,
	45.9894 38.2562,
	46.1066 38.3001,
	46.3409 38.4612,
	46.4288 38.5784,
	46.4727 38.637,
	46.4874 38.6956,
	46.6485 38.9299,
	46.6631 38.9885,
	46.6485 39.0471,
	46.546 39.1496,
	46.4288 39.1642,
	46.3702 39.1349,
	46.3116 39.1496,
	46.0773 38.9738,
	45.8869 38.7395,
	45.8137 38.6223,
	45.7844 38.5637,
	45.7844 38.4466,
	45.7844 38.4319,
	"/>
</Transform>

<Transform dim="0"
 xcoef=" 0 1 0 0 0 0"
 ycoef=" 0 0 1 0 0 0">
<Contour name="Tb2_NF29_LES" hidden="false" closed="true" simplified="true" border="0 0.501961 0.74902" fill="0 0.501961 0.74902" mode="-9"
 points="20.8125 35.7025,
	20.8887 35.5807,
	20.9496 35.5351,
	21.0714 35.5046,
	21.1323 35.5198,
	21.2541 35.596,
	21.315 35.6264,
	21.3911 35.7482,
	21.4368 35.87,
	21.452 36.1136,
	21.4824 36.1745,
	21.4824 36.205,
	21.4215 36.2506,
	21.3606 36.2659,
	21.2388 36.2354,
	21.1779 36.205,
	21.117 36.1441,
	21.0561 36.1136,
	20.843 35.87,
	20.8125 35.8091,
	20.8125 35.7482,
	20.8125 35.7178,
	"/>
</Transform>

<Transform dim="0"
 xcoef=" 0 1 0 0 0 0"
 ycoef=" 0 0 1 0 0 0">
<Contour name="Tb2_NF54_LES" hidden="false" closed="true" simplified="true" border="1 0 0" fill="1 0 0" mode="-9"
 points="21.8332 47.7573,
	21.9863 47.6042,
	22.1613 47.5167,
	22.3363 47.4948,
	22.4238 47.4948,
	22.4895 47.5385,
	22.5332 47.5167,
	22.6207 47.5385,
	22.6864 47.626,
	22.6207 47.8011,
	22.5551 47.8886,
	22.402 47.9979,
	22.3145 48.0417,
	22.1394 48.0198,
	22.0519 48.0417,
	21.8769 47.9761,
	21.8332 47.8886,
	21.8332 47.8011,
	21.8332 47.7792,
	"/>
</Transform>

<Transform dim="0"
 xcoef=" 0 1 0 0 0 0"
 ycoef=" 0 0 1 0 0 0">
<Contour name="TB2_NF001_LES" hidden="false" closed="true" simplified="true" border="1 1 0" fill="1 1 0" mode="-9"
 points="20.8677 44.1023,
	20.9257 44.0443,
	20.9838 44.0152,
	21.1 43.9136,
	21.1726 43.7974,
	21.1871 43.6957,
	21.1436 43.4634,
	21.071 43.231,
	20.9838 43.1149,
	20.9693 42.9987,
	20.9984 42.9406,
	21.1145 42.868,
	21.1726 42.8099,
	21.2017 42.7809,
	21.3178 42.7809,
	21.4195 42.8535,
	21.4776 42.868,
	21.5211 42.9261,
	21.5211 43.1584,
	21.5211 43.2165,
	21.5357 43.231,
	21.5211 43.2601,
	21.5357 43.3763,
	21.5211 43.4924,
	21.4921 43.5505,
	21.3759 43.6522,
	21.3759 43.7683,
	21.3469 43.8845,
	21.2743 43.9862,
	21.2452 44.0443,
	21.1871 44.1023,
	21.1581 44.1169,
	21.1436 44.1023,
	21.0855 44.1459,
	20.9693 44.1604,
	20.9112 44.1459,
	20.8822 44.1459,
	20.8677 44.1169,
	"/>
</Transform>

<Transform dim="0"
 xcoef=" 0 1 0 0 0 0"
 ycoef=" 0 0 1 0 0 0">
<Contour name="TB2_NF21_LES" hidden="false" closed="true" simplified="true" border="0.705882 0.705882 1" fill="0.705882 0.705882 1" mode="-9"
 points="20.3875 44.0288,
	20.4519 43.9143,
	20.4876 43.7999,
	20.4876 43.7427,
	20.459 43.6283,
	20.4519 43.5139,
	20.5019 43.3995,
	20.5377 43.3423,
	20.645 43.2278,
	20.6879 43.1778,
	20.7093 43.1635,
	20.8237 43.0562,
	20.8809 42.999,
	20.9095 42.9776,
	20.9382 42.9776,
	20.9596 43.0062,
	20.9954 43.1206,
	21.1098 43.3494,
	21.1384 43.4638,
	21.167 43.6927,
	21.1741 43.7499,
	21.1527 43.8071,
	21.0883 43.9215,
	21.0383 43.9787,
	20.9239 44.0574,
	20.8666 44.1003,
	20.838 44.1217,
	20.8094 44.1289,
	20.788 44.1861,
	20.6807 44.2933,
	20.6235 44.3291,
	20.5663 44.3434,
	20.5377 44.3363,
	20.4876 44.2862,
	20.4161 44.1718,
	20.3947 44.1146,
	20.3875 44.0574,
	20.3875 44.0359,
	"/>
</Transform>

<Transform dim="0"
 xcoef=" 0 1 0 0 0 0"
 ycoef=" 0 0 1 0 0 0">
<Contour name="TB2_NF04_LES" hidden="false" closed="true" simplified="true" border="0.627451 0.313725 0.313725" fill="0.627451 0.313725 0.313725" mode="-9"
 points="21.5044 42.8717,
	21.6187 42.6887,
	21.7102 42.6316,
	21.8931 42.6201,
	21.9846 42.6087,
	22.0646 42.6887,
	22.1218 42.7802,
	22.1446 42.8717,
	22.1446 42.9631,
	22.1446 43.0088,
	22.0646 43.0889,
	22.0303 43.1232,
	22.0417 43.1689,
	22.076 43.2146,
	22.0875 43.2375,
	22.0417 43.3289,
	21.9617 43.3975,
	21.8817 43.489,
	21.836 43.5119,
	21.8131 43.5233,
	21.7902 43.5119,
	21.6988 43.5462,
	21.6073 43.5004,
	21.5502 43.409,
	21.5273 43.3175,
	21.5387 43.2261,
	21.5159 43.0431,
	21.5044 42.9517,
	21.5044 42.9059,
	21.5044 42.8831,
	"/>
</Transform>

<Transform dim="0"
 xcoef=" 0 1 0 0 0 0"
 ycoef=" 0 0 1 0 0 0">
<Contour name="TB2_NF21_LES" hidden="false" closed="true" simplified="true" border="0.705882 0.705882 1" fill="0.705882 0.705882 1" mode="-9"
 points="44.8398 37.9263,
	44.8538 37.8144,
	44.8678 37.7584,
	44.9518 37.6464,
	45.0637 37.5764,
	45.1197 37.5624,
	45.2317 37.6044,
	45.2877 37.7164,
	45.3436 37.9403,
	45.3576 38.0383,
	45.2877 38.2622,
	45.2597 38.2902,
	45.1477 38.2902,
	45.0917 38.2762,
	44.9938 38.1922,
	44.8818 38.0803,
	44.8398 37.9683,
	44.8398 37.9403,
	"/>
<Contour name="TB2_NF21_LES" hidden="false" closed="true" simplified="true" border="0.705882 0.705882 1" fill="0.705882 0.705882 1" mode="-9"
 points="45.1897 39.8576,
	45.2177 39.8296,
	45.2737 39.8156,
	45.3296 39.7736,
	45.4416 39.7457,
	45.4696 39.7457,
	45.5676 39.6337,
	45.6235 39.5917,
	45.7355 39.5917,
	45.8475 39.6197,
	45.8894 39.6757,
	45.9034 39.8996,
	45.9454 40.0116,
	46.0154 40.1235,
	46.1274 40.2215,
	46.1413 40.3334,
	46.1274 40.3894,
	46.0154 40.4734,
	45.9874 40.5014,
	45.8754 40.5154,
	45.8195 40.4874,
	45.7075 40.3894,
	45.4836 40.2495,
	45.2597 40.0815,
	45.2037 39.9836,
	45.1897 39.8716,
	"/>
</Transform>

<Transform dim="0"
 xcoef=" 0 1 0 0 0 0"
 ycoef=" 0 0 1 0 0 0">
<Contour name="TB2_NF21_LES" hidden="false" closed="true" simplified="true" border="0.705882 0.705882 1" fill="0.705882 0.705882 1" mode="-9"
 points="45.7829 42.4123,
	45.8948 42.2845,
	45.9587 42.2366,
	46.0385 41.981,
	46.1504 41.7254,
	46.2302 41.4698,
	46.2143 41.2142,
	46.1663 41.0864,
	46.1024 41.0225,
	45.9906 40.7669,
	45.9427 40.6391,
	45.9587 40.5114,
	46.0226 40.4634,
	46.1504 40.4475,
	46.2782 40.4794,
	46.4059 40.5912,
	46.4539 40.6551,
	46.4698 40.719,
	46.6136 40.9746,
	46.7254 41.2302,
	46.7893 41.358,
	46.9012 41.4858,
	46.9491 41.5337,
	47.013 41.5497,
	47.1408 41.5177,
	47.2047 41.5337,
	47.2526 41.5816,
	47.2366 41.7094,
	47.1088 41.965,
	47.013 42.0769,
	46.8852 42.1567,
	46.7574 42.2047,
	46.6935 42.2526,
	46.6775 42.3165,
	46.5657 42.4443,
	46.4379 42.5241,
	46.374 42.588,
	46.2462 42.6519,
	46.2143 42.6839,
	46.1504 42.6999,
	46.0226 42.7797,
	45.9587 42.7797,
	45.8948 42.7318,
	45.7829 42.4762,
	45.7829 42.4283,
	"/>
</Transform>

<Transform dim="0"
 xcoef=" 0 1 0 0 0 0"
 ycoef=" 0 0 1 0 0 0">
<Contour name="TB2_Basal06_nuc_LES" hidden="false" closed="true" simplified="true" border="0.686275 0.878431 0.713725" fill="1 0.502 0.753" mode="11"
 points="27.0789 45.8855,
	27.3074 45.1543,
	27.3759 45.0629,
	27.7416 45.1771,
	27.9015 45.3371,
	27.9701 45.7027,
	28.0158 45.8855,
	27.9472 46.0683,
	27.8558 46.1598,
	27.7644 46.3426,
	27.7416 46.5254,
	27.7416 46.5711,
	27.6959 46.6168,
	27.513 46.6168,
	27.216 46.2969,
	27.1246 46.2283,
	27.0789 46.0455,
	27.0789 45.9541,
	27.0789 45.9084,
	"/>
<Contour name="TB2_Basal06_nuc_LES" hidden="false" closed="true" simplified="true" border="0.686275 0.878431 0.713725" fill="1 0.502 0.753" mode="11"
 points="26.9875 43.8746,
	27.0332 43.7832,
	27.0332 43.7375,
	27.1246 43.6461,
	27.1703 43.4633,
	27.2617 43.3947,
	27.3074 43.3947,
	27.4445 43.5775,
	27.4902 43.7604,
	27.6501 43.9203,
	28.0158 44.1031,
	28.1072 44.1488,
	28.1986 44.2402,
	28.2443 44.3316,
	28.2214 44.4231,
	28.13 44.4916,
	28.0843 44.5602,
	28.1072 44.583,
	27.9472 44.743,
	27.8787 44.7201,
	27.8558 44.743,
	27.673 44.6744,
	27.5816 44.6516,
	27.4902 44.583,
	27.4445 44.4916,
	27.4445 44.4459,
	27.2617 44.3316,
	27.1703 44.3088,
	27.0789 44.2402,
	27.0103 44.0574,
	26.9875 43.8975,
	"/>
<Contour name="TB2_Basal06_nuc_LES" hidden="false" closed="true" simplified="true" border="0.686275 0.878431 0.713725" fill="1 0.502 0.753" mode="11"
 points="23.7426 46.9138,
	23.8111 46.8224,
	23.834 46.731,
	23.8111 46.5482,
	23.834 46.3654,
	23.9254 46.274,
	23.9482 46.1826,
	24.0396 46.0912,
	24.2224 45.9769,
	24.4053 45.817,
	24.451 45.7713,
	24.5424 45.7484,
	24.7252 45.7941,
	24.908 45.7941,
	24.9537 45.7941,
	25.0222 45.7256,
	25.0451 45.7027,
	24.9994 45.6113,
	24.8166 45.4971,
	24.6795 45.3143,
	24.6566 45.1314,
	24.8166 44.7658,
	24.8851 44.583,
	24.8851 44.4002,
	24.7937 44.2174,
	24.7709 44.126,
	24.8394 43.9432,
	24.9994 43.7604,
	25.1136 43.5775,
	25.1822 43.4861,
	25.365 43.4176,
	25.5478 43.3947,
	25.6392 43.349,
	25.6392 43.3033,
	25.6849 43.2576,
	25.7078 43.0748,
	25.6849 42.892,
	25.7078 42.7092,
	25.8906 42.5949,
	26.0734 42.6635,
	26.2791 43.0291,
	26.3476 43.1205,
	26.4162 43.4861,
	26.4162 43.8518,
	26.3933 44.0346,
	26.439 44.126,
	26.4619 44.3088,
	26.4847 44.4002,
	26.6218 44.583,
	26.7132 44.6744,
	26.7818 44.8572,
	26.7589 45.04,
	26.599 45.2228,
	26.5533 45.2686,
	26.5076 45.2686,
	26.4847 45.4514,
	26.599 45.817,
	26.6675 45.9998,
	26.6675 46.0912,
	26.6218 46.1826,
	26.6218 46.2283,
	26.4847 46.3883,
	26.3933 46.4568,
	26.3019 46.4797,
	26.1877 46.6396,
	26.0277 46.7996,
	25.9363 46.8681,
	25.5707 46.9367,
	25.2051 46.9596,
	24.4738 46.9367,
	24.1082 47.0053,
	23.9254 47.0281,
	23.834 47.051,
	23.7883 47.051,
	23.7426 47.0053,
	23.7426 46.9367,
	"/>
</Transform>

<Transform dim="0"
 xcoef=" 0 1 0 0 0 0"
 ycoef=" 0 0 1 0 0 0">
<Image mag="0.00749" contrast="1" brightness="0" red="true" green="true" blue="true"
 src="Alg_stitch3-4_321.tif" />
<Contour name="domain1" hidden="false" closed="true" simplified="false" border="1 0 1" fill="1 0 1" mode="11"
 points="0 0,
	15652 0,
	15652 8578,
	0 8578,
	"/>
</Transform>

<Transform dim="0"
 xcoef=" 0 1 0 0 0 0"
 ycoef=" 0 0 1 0 0 0">
<Contour name="TB2_shell_RSL" hidden="false" closed="true" simplified="true" border="1 1 1" fill="0.753 0.753 0.753" mode="9"
 points="38.5936 41.7123,
	38.9277 41.2667,
	39.2619 40.3757,
	39.4289 39.4846,
	39.7074 38.5936,
	39.7631 38.1481,
	40.2086 37.257,
	40.5428 36.8115,
	40.6541 36.5887,
	41.0997 36.1989,
	41.3224 36.0875,
	42.9931 34.6396,
	43.4387 34.3054,
	43.6614 34.0826,
	45.4435 33.1359,
	45.8334 32.8018,
	46.2789 32.3562,
	46.5017 32.1335,
	46.613 31.9664,
	47.0586 31.5766,
	47.5041 31.4652,
	47.7268 31.4652,
	47.8382 31.4095,
	48.2838 31.4652,
	48.7293 31.4095,
	49.6203 31.0197,
	50.5114 30.7969,
	51.4024 30.7412,
	52.2935 30.7969,
	53.1845 30.6298,
	54.0756 30.7969,
	54.5211 30.9083,
	54.6325 31.0197,
	54.8552 31.0197,
	55.7463 31.4095,
	55.9691 31.4652,
	56.0804 31.5766,
	56.9715 31.9664,
	57.1942 32.1335,
	57.3056 32.1335,
	57.417 32.2449,
	57.6398 32.3005,
	58.4751 32.9688,
	58.6979 33.1916,
	59.2548 34.027,
	59.3662 34.2497,
	60.2015 35.0851,
	60.9255 35.9761,
	61.204 36.366,
	61.5938 36.7558,
	62.4849 37.3127,
	62.9304 37.5912,
	63.3202 38.0367,
	63.4873 38.2594,
	63.5987 38.3708,
	63.7657 38.8163,
	63.7657 39.0391,
	63.8214 39.1505,
	63.543 40.9326,
	63.1531 41.8236,
	62.8747 42.2692,
	62.7633 42.4919,
	62.6519 42.6033,
	62.5962 42.8261,
	62.4292 43.0488,
	62.4292 43.1602,
	61.8723 44.0513,
	61.4267 44.4411,
	60.5357 44.8309,
	58.7536 45.3321,
	56.9715 45.6106,
	56.0804 45.6663,
	55.8577 45.6106,
	54.0756 45.7777,
	52.2935 45.8334,
	50.5114 45.722,
	46.9472 45.2765,
	43.383 44.7196,
	42.4919 44.5525,
	41.6009 44.1626,
	40.7098 43.9956,
	39.8188 43.6614,
	39.3733 43.383,
	38.9277 42.9931,
	38.6493 42.5476,
	38.5936 42.1021,
	38.5936 41.8793,
	38.5936 41.7679,
	"/>
</Transform>

<Transform dim="0"
 xcoef=" 0 1 0 0 0 0"
 ycoef=" 0 0 1 0 0 0">
<Contour name="TB2_BasalCell07_nuc_LES" hidden="false" closed="true" simplified="true" border="0.921569 0.0784314 0.623529" fill="1 0 0.5" mode="-11"
 points="25.7946 39.1562,
	25.8204 38.9498,
	25.8978 38.7435,
	26.0783 38.5371,
	26.1299 38.4339,
	26.1041 38.2276,
	26.1299 38.0212,
	26.5168 37.6343,
	26.9295 37.4021,
	26.9811 37.4021,
	27.1875 37.2474,
	27.3938 37.1442,
	27.6002 37.0926,
	27.8066 36.9894,
	28.1935 36.5767,
	28.3224 36.3704,
	28.5288 36.1898,
	28.7352 36.1124,
	28.9415 36.0866,
	29.1221 35.9576,
	29.3026 35.7771,
	29.509 35.7513,
	29.6122 35.7255,
	29.8185 35.5707,
	30.0249 35.5449,
	30.4376 35.5707,
	30.5408 35.5965,
	31.3662 35.4933,
	31.5726 35.4418,
	31.7789 35.4933,
	31.8821 35.4675,
	32.2948 35.5965,
	32.7075 35.5707,
	32.9139 35.4675,
	33.0171 35.416,
	33.2234 35.416,
	33.4298 35.5191,
	34.2552 36.0608,
	34.3326 36.1382,
	34.5389 36.1898,
	34.6421 36.1898,
	35.0548 36.4219,
	35.8029 37.1958,
	35.9318 37.4021,
	36.0608 37.8149,
	36.035 38.0212,
	36.0866 38.2276,
	36.293 38.4081,
	36.3446 38.5113,
	36.3188 38.924,
	36.3446 39.3367,
	36.3188 39.4399,
	36.3188 39.4915,
	36.2156 39.5947,
	36.0092 39.5173,
	35.9061 39.4915,
	35.8029 39.5173,
	35.7513 39.5173,
	35.6997 39.6205,
	35.6997 39.7237,
	35.8287 39.93,
	35.9061 40.0332,
	35.9318 40.1364,
	35.8545 40.2137,
	35.6481 40.2395,
	35.6481 40.3427,
	35.7255 40.5491,
	35.6739 40.7554,
	35.6739 40.807,
	35.7771 40.8586,
	35.9834 40.8586,
	36.0866 40.936,
	36.1382 40.9876,
	36.1124 41.1939,
	35.9061 41.3745,
	35.8545 41.4777,
	35.9834 41.6582,
	35.9576 41.8646,
	35.9061 41.9678,
	35.4933 42.2515,
	35.287 42.3031,
	34.9001 42.5869,
	34.7453 42.7932,
	34.6421 42.9996,
	34.5905 43.1027,
	34.2036 43.4897,
	33.9973 43.6186,
	33.8941 43.6702,
	33.6877 43.6444,
	33.6361 43.6186,
	33.533 43.6702,
	33.4556 43.7734,
	33.2492 43.8766,
	32.8365 43.9024,
	32.7333 43.8766,
	32.527 43.7218,
	32.4496 43.696,
	32.2174 44.1087,
	32.14 44.2119,
	32.0369 44.2635,
	31.8305 44.2635,
	31.0051 44.1087,
	30.8245 43.9282,
	30.7729 43.7218,
	30.5666 43.567,
	30.4634 43.3607,
	30.386 43.2575,
	30.1797 43.1801,
	30.0765 43.2059,
	29.9991 43.2833,
	29.7927 43.3091,
	29.38 43.0769,
	29.2768 43.0512,
	29.0705 43.0769,
	28.9673 43.0254,
	28.761 42.819,
	28.7094 42.6126,
	28.7094 42.5095,
	28.761 42.4063,
	28.8125 42.3547,
	28.9157 42.3289,
	29.1221 42.4321,
	29.3026 42.3547,
	29.38 42.2515,
	29.4316 42.0452,
	29.3542 41.6325,
	29.1995 41.2197,
	29.1995 41.0134,
	29.2511 40.807,
	29.2253 40.6007,
	29.0447 40.4201,
	28.8383 40.4201,
	28.632 40.4975,
	28.5288 40.5491,
	28.4256 40.5491,
	28.0129 40.2653,
	27.9613 40.2395,
	27.9097 40.2653,
	27.8839 40.4717,
	27.8839 40.5233,
	27.7292 40.7296,
	27.626 40.807,
	27.2133 40.6781,
	27.1101 40.5749,
	26.9037 40.4717,
	26.7232 40.2911,
	26.5942 40.1106,
	26.4136 39.9042,
	26.3621 39.8526,
	26.1557 39.8526,
	26.1041 39.8526,
	26.0267 39.6463,
	25.8462 39.4657,
	25.7946 39.3625,
	25.7946 39.182,
	"/>
</Transform>

<Transform dim="0"
 xcoef=" 0 1 0 0 0 0"
 ycoef=" 0 0 1 0 0 0">
<Contour name="TB2_BasalCell07_nuc_LES" hidden="false" closed="true" simplified="true" border="0.921569 0.0784314 0.623529" fill="1 0 0.5" mode="-11"
 points="27.9613 41.4777,
	28.0129 41.3745,
	28.2193 41.2197,
	28.3224 41.1424,
	28.3998 40.936,
	28.503 40.8328,
	28.6062 40.807,
	28.7094 40.8328,
	28.9157 41.0392,
	29.0189 41.2455,
	29.0189 41.3487,
	28.9415 41.4519,
	28.7352 41.5035,
	28.632 41.5035,
	28.5804 41.4519,
	28.4772 41.4519,
	28.374 41.5035,
	28.2709 41.5035,
	28.2193 41.5551,
	28.2193 41.7614,
	28.1935 41.8646,
	28.0903 41.8388,
	27.9871 41.7614,
	27.9613 41.5551,
	27.9613 41.5035,
	"/>
</Transform>

<Transform dim="0"
 xcoef=" 0 1 0 0 0 0"
 ycoef=" 0 0 1 0 0 0">
<Contour name="TB2_BasalCell07_CM_LES" hidden="false" closed="true" simplified="true" border="0.98 0.773 0.91" fill="1 0 0.5" mode="-11"
 points="20.1691 40.2402,
	20.2343 40.2076,
	20.3649 40.2239,
	20.626 40.3871,
	20.8871 40.3381,
	21.0176 40.3218,
	21.0829 40.2892,
	21.2134 40.2728,
	21.4745 40.077,
	21.7356 39.9302,
	21.8661 39.8649,
	21.9967 39.8812,
	22.1272 39.8323,
	22.3883 39.6691,
	22.5189 39.6364,
	22.5841 39.6528,
	22.6494 39.6364,
	22.7799 39.5222,
	22.8452 39.4896,
	22.8615 39.4569,
	22.7147 39.1959,
	22.7636 39.0653,
	22.7799 39.0327,
	22.7147 38.9021,
	22.7147 38.8369,
	22.7473 38.7716,
	22.8778 38.69,
	23.1389 38.5921,
	23.2695 38.5595,
	23.5306 38.5758,
	23.5795 38.641,
	23.5795 38.7063,
	23.6448 38.7553,
	23.7753 38.739,
	23.8406 38.739,
	23.9712 38.6574,
	23.9875 38.6247,
	23.9222 38.5595,
	24.0527 38.4289,
	24.3138 38.2657,
	24.5749 38.1352,
	24.836 38.0699,
	25.3582 37.8578,
	25.6193 37.613,
	26.1415 37.3193,
	26.4025 37.2051,
	26.5331 37.1398,
	26.7942 36.9277,
	27.0553 36.6666,
	27.0879 36.6176,
	27.0553 36.585,
	26.5331 36.8134,
	26.272 36.895,
	26.0109 36.944,
	25.9456 36.9277,
	25.9946 36.8624,
	26.1251 36.8297,
	26.2557 36.8297,
	26.3862 36.7971,
	26.6473 36.6666,
	26.9084 36.4871,
	27.1695 36.3402,
	27.3 36.2097,
	27.4469 35.9486,
	27.5285 35.818,
	27.659 35.7038,
	27.7896 35.6222,
	27.9201 35.5896,
	27.9854 35.5733,
	28.1159 35.459,
	28.1975 35.3285,
	28.7197 34.8553,
	29.2419 34.5779,
	29.764 34.2352,
	30.0251 34.0557,
	30.0904 34.023,
	30.1557 34.0557,
	30.1883 34.0883,
	30.3189 34.1046,
	30.5799 33.9088,
	30.7105 33.8599,
	30.7431 33.8272,
	30.8737 33.8599,
	30.9063 33.8599,
	31.0369 33.7456,
	31.1021 33.713,
	31.3632 33.6967,
	31.6243 33.6151,
	31.6733 33.5498,
	31.6733 33.5172,
	31.5427 33.4356,
	31.0205 33.5172,
	30.89 33.4846,
	30.8247 33.4682,
	30.7758 33.403,
	30.7594 33.3703,
	30.7921 33.3051,
	30.8574 33.2561,
	31.1184 33.1908,
	31.249 33.1908,
	31.3795 33.2235,
	31.5101 33.1745,
	31.5753 33.1256,
	31.7059 33.1092,
	31.8364 33.1419,
	31.9017 33.1582,
	32.0323 33.044,
	32.1138 32.9134,
	32.1302 32.8808,
	31.8691 32.7339,
	31.7385 32.7339,
	31.4774 32.6197,
	31.3469 32.5055,
	31.0858 32.3749,
	31.0205 32.3423,
	30.7594 32.326,
	30.6289 32.277,
	30.4984 32.2607,
	30.3678 32.277,
	30.1067 32.2281,
	29.9762 32.1954,
	29.7151 32.2117,
	29.454 32.2607,
	29.3235 32.2607,
	29.0624 32.326,
	28.9318 32.3586,
	28.8013 32.3586,
	28.5402 32.277,
	28.4097 32.2117,
	28.1486 32.1954,
	28.018 32.1954,
	27.7569 32.0975,
	27.6264 32.0812,
	27.1042 32.3097,
	26.9737 32.3749,
	26.7126 32.3912,
	26.582 32.3749,
	26.3209 32.4239,
	26.1904 32.4565,
	25.9293 32.4239,
	25.7988 32.3423,
	25.7172 32.2117,
	25.6682 32.0812,
	25.6519 32.0159,
	25.6682 31.9507,
	25.7988 31.8364,
	26.0599 31.7385,
	26.1251 31.7548,
	26.2557 31.7222,
	26.3209 31.7059,
	26.3862 31.6569,
	26.5168 31.6733,
	26.582 31.6896,
	26.7126 31.6406,
	26.7779 31.6243,
	26.8431 31.6406,
	26.9737 31.7222,
	27.1042 31.7712,
	27.2348 31.7548,
	27.3653 31.6733,
	27.4958 31.559,
	27.5611 31.4938,
	27.6264 31.4611,
	27.8875 31.5101,
	28.1486 31.6569,
	28.2138 31.6896,
	28.4749 31.5264,
	28.6055 31.4611,
	28.6381 31.4774,
	28.6871 31.4122,
	28.7197 31.2816,
	28.8502 31.3632,
	28.8829 31.3795,
	29.0134 31.2979,
	29.144 31.3306,
	29.4051 31.4611,
	29.5356 31.5427,
	29.6661 31.6569,
	29.7314 31.7059,
	29.862 31.7385,
	30.123 31.7059,
	30.2536 31.7222,
	30.3841 31.7059,
	30.6452 31.7385,
	30.7758 31.7875,
	30.841 31.8038,
	30.9716 31.7712,
	31.2327 31.8528,
	31.4938 31.9017,
	31.6243 31.9017,
	31.8854 31.6896,
	32.0159 31.6406,
	32.277 31.7222,
	32.4076 31.8038,
	32.6687 31.8364,
	32.7992 31.8364,
	33.0603 31.7222,
	33.1256 31.7222,
	33.2561 31.7712,
	33.3866 31.7712,
	33.403 31.7548,
	33.4682 31.7875,
	33.713 32.0486,
	33.7783 32.0812,
	34.0394 32.1138,
	34.1699 32.1302,
	34.431 32.0975,
	34.4963 32.0975,
	34.6268 32.1628,
	34.7574 32.1138,
	34.79 32.0975,
	35.0511 32.1791,
	35.3122 32.3097,
	35.5733 32.3912,
	35.6385 32.3586,
	35.6712 32.3423,
	35.9323 32.5707,
	35.9975 32.636,
	36.2586 32.7502,
	36.5197 32.8971,
	36.585 32.9297,
	36.7155 32.8808,
	36.7482 32.8645,
	36.8787 32.9297,
	36.9277 32.995,
	36.9113 33.044,
	37.0745 33.3051,
	37.2051 33.3214,
	37.3356 33.3051,
	37.4661 33.3703,
	37.4825 33.403,
	37.4498 33.4682,
	37.3846 33.4846,
	37.3193 33.4682,
	37.254 33.4846,
	37.2051 33.5498,
	37.2703 33.6804,
	37.4988 33.9415,
	37.6293 34.023,
	37.8904 33.762,
	38.021 33.6641,
	38.1515 33.6477,
	38.2168 33.713,
	38.1026 33.8436,
	38.0862 33.8762,
	38.1515 34.0067,
	38.1678 34.072,
	38.0862 34.3331,
	38.0699 34.4636,
	38.1189 34.5942,
	38.2331 34.7247,
	38.2984 34.79,
	38.331 34.8553,
	38.4615 34.9532,
	38.5921 35.0184,
	38.6574 35.0674,
	38.6737 35.1,
	38.641 35.1653,
	38.7716 35.2632,
	38.8369 35.3285,
	38.8532 35.3938,
	38.8369 35.459,
	38.8205 35.4917,
	38.9511 35.5733,
	39.0164 35.5406,
	39.0979 35.4101,
	39.1469 35.3448,
	39.1632 35.3122,
	39.2285 35.2959,
	39.2938 35.3122,
	39.3264 35.3774,
	39.1959 35.6385,
	39.0653 35.7201,
	38.8042 35.7528,
	38.739 35.7691,
	38.7063 35.818,
	38.8042 35.9486,
	38.8695 35.9812,
	38.9348 36.0465,
	38.8369 36.177,
	38.7716 36.2423,
	38.739 36.3076,
	38.7226 36.3402,
	38.7553 36.4707,
	38.7716 36.536,
	38.9021 36.6502,
	38.9674 36.6829,
	39.2285 36.6013,
	39.4896 36.4707,
	39.6201 36.4544,
	39.6854 36.5034,
	39.6691 36.6339,
	39.5875 36.7645,
	39.4569 36.8134,
	39.3264 36.8297,
	39.1959 36.7808,
	39.0816 36.895,
	39.1143 36.9603,
	39.1795 37.0092,
	39.2448 37.0256,
	39.3754 36.9929,
	39.4406 36.9766,
	39.4733 36.9603,
	39.6038 37.0582,
	39.7017 37.1887,
	39.7833 37.4498,
	39.7996 37.5151,
	39.7833 37.5804,
	39.7996 37.6456,
	39.767 37.7109,
	39.7017 37.7599,
	39.6691 37.7925,
	39.5385 37.6946,
	39.408 37.7599,
	39.3101 37.8904,
	39.2938 37.9557,
	39.3101 38.0862,
	39.1795 38.2168,
	39.0979 38.3473,
	39.0327 38.8695,
	38.9837 39.1306,
	38.9674 39.1632,
	39.0164 39.2285,
	39.0816 39.1959,
	39.1959 39.0653,
	39.3264 39.0164,
	39.3917 39.0327,
	39.4406 39.0979,
	39.4569 39.1306,
	39.359 39.2611,
	39.2285 39.359,
	38.9674 39.4733,
	38.9021 39.5059,
	38.8695 39.5222,
	38.8369 39.5059,
	38.69 39.767,
	38.6247 39.8975,
	38.5921 40.0281,
	38.5758 40.0933,
	38.5921 40.1586,
	38.38 40.4197,
	38.3473 40.485,
	38.331 40.6155,
	38.3473 40.7461,
	38.3473 40.7787,
	38.282 40.8277,
	38.2168 40.844,
	38.1678 40.9092,
	38.1352 41.0398,
	38.1189 41.1051,
	38.1026 41.1377,
	38.1352 41.203,
	38.0862 41.3335,
	38.021 41.3988,
	38.0046 41.4641,
	38.021 41.5293,
	38.0373 41.562,
	37.972 41.6925,
	37.9394 41.7578,
	37.8088 41.8394,
	37.7762 41.872,
	37.8251 42.1331,
	37.8088 42.2636,
	37.7762 42.3289,
	37.7925 42.4595,
	37.7925 42.4921,
	37.5314 42.6716,
	37.4009 42.7369,
	37.3356 42.7695,
	37.2051 42.7532,
	37.0745 42.7858,
	37.0092 42.8021,
	36.9766 42.8021,
	36.7318 43.0632,
	36.6339 43.1938,
	36.6013 43.2264,
	36.585 43.3569,
	36.6013 43.3896,
	36.4544 43.6507,
	36.3892 43.7812,
	36.3565 43.8302,
	36.4055 43.8954,
	36.536 43.9281,
	36.6013 43.9444,
	36.7318 44.0423,
	36.7155 44.1076,
	36.6013 44.2381,
	36.5523 44.3034,
	36.2913 44.3523,
	36.1607 44.2871,
	35.8996 44.3034,
	35.6385 44.3523,
	35.3774 44.4992,
	35.2469 44.5318,
	35.1816 44.5808,
	35.0511 44.6134,
	34.79 44.7603,
	34.2678 44.9724,
	34.0067 45.1356,
	33.8762 45.2172,
	33.7456 45.3477,
	33.2235 45.5599,
	32.9624 45.6741,
	32.7013 45.7557,
	32.5707 45.7883,
	32.4402 45.8536,
	32.3749 45.8862,
	32.3097 45.9515,
	32.1791 46.0168,
	32.0486 46.0331,
	31.7875 45.9515,
	31.2653 45.9026,
	31.0042 45.8699,
	30.8737 45.8536,
	30.8084 45.8373,
	30.5473 45.8862,
	30.2862 45.9026,
	30.0251 45.8862,
	29.9599 45.8699,
	29.6988 45.6415,
	29.6335 45.5762,
	29.6172 45.5109,
	29.6335 45.4457,
	29.7314 45.3151,
	29.764 45.3151,
	29.8946 45.2009,
	29.9925 45.0703,
	30.0088 45.0051,
	29.9435 44.8745,
	29.9109 44.8093,
	29.8946 44.7766,
	29.9272 44.7113,
	30.1883 44.5971,
	30.2536 44.5318,
	30.2046 44.4666,
	30.0741 44.4666,
	29.813 44.4013,
	29.6825 44.3523,
	29.5519 44.3687,
	29.4866 44.3523,
	29.4377 44.2871,
	29.4214 44.2544,
	29.6009 44.0097,
	29.6825 43.8791,
	29.6172 43.8465,
	29.3561 43.9607,
	29.2256 44.026,
	28.9645 44.0749,
	28.8339 44.0423,
	28.7197 43.9281,
	28.736 43.7975,
	28.785 43.667,
	28.736 43.5364,
	28.6544 43.4059,
	28.5402 43.2754,
	28.2954 43.0959,
	28.1649 42.8348,
	28.1322 42.8021,
	28.067 42.8348,
	28.0343 42.8674,
	27.9038 42.7695,
	27.8222 42.639,
	27.7569 42.3779,
	27.708 42.2473,
	27.6917 42.1821,
	27.5774 42.0515,
	27.5122 42.0515,
	27.3816 41.9699,
	27.3163 41.9373,
	27.2184 41.8067,
	27.1368 41.5457,
	27.0389 41.4151,
	26.9737 41.3662,
	26.941 41.3498,
	26.8105 41.4151,
	26.7615 41.4477,
	26.631 41.3662,
	26.5004 41.3498,
	26.2394 41.4314,
	26.1088 41.4477,
	26.0435 41.4314,
	25.9783 41.4477,
	25.913 41.4314,
	25.8804 41.4151,
	25.8477 41.4314,
	25.7825 41.3988,
	25.7498 41.2682,
	25.6356 41.154,
	25.5703 41.0235,
	25.554 40.9582,
	25.7009 40.6971,
	25.7498 40.436,
	25.7988 40.3055,
	25.8804 40.1749,
	25.8967 40.0444,
	25.8804 39.9791,
	25.8314 39.9138,
	25.7661 39.9465,
	25.603 40.2076,
	25.554 40.3381,
	25.505 40.4034,
	25.4724 40.4197,
	25.4235 40.3708,
	25.4071 40.2402,
	25.5214 39.9791,
	25.5866 39.9138,
	25.6519 39.8975,
	25.6845 39.8812,
	25.6845 39.8486,
	25.6519 39.8323,
	25.3908 39.9954,
	25.3255 40.0118,
	25.2603 39.9954,
	24.9992 40.077,
	24.9339 40.0444,
	24.9176 40.0118,
	24.8523 40.0281,
	24.3302 39.8812,
	24.1996 39.9138,
	24.1833 40.0444,
	24.2322 40.1749,
	24.2649 40.2402,
	24.526 40.3218,
	24.5586 40.3381,
	24.4444 40.436,
	24.3138 40.4197,
	24.2486 40.4034,
	24.118 40.3055,
	24.0527 40.2565,
	23.7917 40.2402,
	23.6611 40.1749,
	23.5306 40.1913,
	23.4 40.2728,
	23.3184 40.4034,
	23.2858 40.436,
	23.1553 40.4523,
	22.682 40.9745,
	22.6657 41.1051,
	22.6168 41.1703,
	22.5515 41.1867,
	22.4862 41.1703,
	22.3883 41.0398,
	22.323 41.0072,
	21.8009 41.3172,
	21.7356 41.3825,
	21.605 41.3988,
	21.344 41.513,
	21.2134 41.4967,
	21.1645 41.4641,
	21.0339 41.5783,
	20.7728 41.6925,
	20.7076 41.6925,
	20.6749 41.6272,
	20.6912 41.4967,
	20.7891 41.2356,
	20.8707 41.1051,
	20.9034 41.0398,
	20.8544 40.7787,
	20.8707 40.6482,
	20.8707 40.6155,
	20.8055 40.5829,
	20.6749 40.5992,
	20.5444 40.5503,
	20.4138 40.436,
	20.3486 40.3708,
	20.218 40.3218,
	20.1691 40.2565,
	"/>
</Transform>

<Transform dim="0"
 xcoef=" 0 1 0 0 0 0"
 ycoef=" 0 0 1 0 0 0">
<Contour name="TB2_NF07_RSL" hidden="false" closed="true" simplified="true" border="0 0 0.501961" fill="0 0 0.501961" mode="-9"
 points="20.124 43.8082,
	20.1333 43.771,
	20.1752 43.6965,
	20.1984 43.6593,
	20.217 43.6407,
	20.2403 43.6081,
	20.3148 43.5476,
	20.352 43.5337,
	20.3892 43.529,
	20.4265 43.543,
	20.4404 43.5616,
	20.4544 43.636,
	20.459 43.7105,
	20.473 43.785,
	20.473 43.8222,
	20.4497 43.8967,
	20.4311 43.9339,
	20.4218 43.9525,
	20.4172 43.9897,
	20.4079 43.9804,
	20.4079 43.9618,
	20.4079 43.9525,
	20.338 44.013,
	20.2636 44.027,
	20.2263 44.027,
	20.1612 43.9618,
	20.1426 43.9246,
	20.124 43.8501,
	20.124 43.8129,
	"/>
</Transform>

<Transform dim="0"
 xcoef=" 0 1 0 0 0 0"
 ycoef=" 0 0 1 0 0 0">
<Contour name="TB2_NF07_RSL" hidden="false" closed="true" simplified="true" border="0 0 0.501961" fill="0 0 0.501961" mode="-9"
 points="15.6778 38.4699,
	15.7168 38.4357,
	15.7364 38.4406,
	15.7656 38.4748,
	15.8437 38.6309,
	15.873 38.6699,
	15.912 38.709,
	15.9267 38.7187,
	16.0779 38.8505,
	16.117 38.87,
	16.2731 38.9139,
	16.3512 38.9481,
	16.3902 38.9676,
	16.4097 38.9774,
	16.4878 38.9871,
	16.5073 38.9871,
	16.5268 39.0018,
	16.5366 38.9627,
	16.5317 38.9432,
	16.5415 38.9383,
	16.5756 38.9627,
	16.6147 38.9676,
	16.6927 38.953,
	16.7318 38.9432,
	16.8098 38.8993,
	16.8294 38.8798,
	16.8733 38.8017,
	16.9025 38.7627,
	16.9416 38.7383,
	16.9806 38.7334,
	17.0197 38.7529,
	17.0587 38.7871,
	17.0977 38.8066,
	17.1368 38.8163,
	17.2148 38.8554,
	17.2539 38.8798,
	17.3319 38.909,
	17.41 38.9188,
	17.4295 38.9286,
	17.4491 38.9237,
	17.4881 38.8944,
	17.5466 38.8212,
	17.5564 38.8115,
	17.5954 38.8017,
	17.615 38.7968,
	17.6394 38.7578,
	17.6637 38.6797,
	17.6735 38.6602,
	17.6735 38.6212,
	17.6247 38.465,
	17.6003 38.3869,
	17.6003 38.3772,
	17.5906 38.3674,
	17.5857 38.3479,
	17.571 38.3333,
	17.571 38.3235,
	17.5222 38.2698,
	17.4637 38.2162,
	17.4003 38.143,
	17.3905 38.1283,
	17.3173 38.0795,
	17.2978 38.0698,
	17.2588 38.0356,
	17.249 37.9966,
	17.249 37.9868,
	17.3807 37.8502,
	17.4588 37.777,
	17.4832 37.738,
	17.5027 37.6599,
	17.5125 37.5818,
	17.4881 37.2695,
	17.4832 37.2305,
	17.4539 37.1524,
	17.3612 36.9963,
	17.3173 36.9231,
	17.288 36.8841,
	17.2783 36.8694,
	17.2002 36.8011,
	17.1221 36.7621,
	17.0441 36.6938,
	17.005 36.6791,
	16.9953 36.6791,
	16.9562 36.6498,
	16.9367 36.6352,
	16.883 36.5766,
	16.844 36.5571,
	16.8245 36.5425,
	16.8196 36.5474,
	16.7854 36.523,
	16.7806 36.5279,
	16.7708 36.5132,
	16.7659 36.5181,
	16.7464 36.5083,
	16.7366 36.5035,
	16.7318 36.5083,
	16.7269 36.4986,
	16.7074 36.4937,
	16.7025 36.4888,
	16.6976 36.4937,
	16.683 36.4791,
	16.6049 36.4547,
	16.6 36.4595,
	16.5951 36.4498,
	16.5756 36.4449,
	16.5659 36.4498,
	16.561 36.4449,
	16.5561 36.4498,
	16.5512 36.4449,
	16.5463 36.4498,
	16.5366 36.4449,
	16.5317 36.4498,
	16.5268 36.4449,
	16.5219 36.4498,
	16.5122 36.4449,
	16.5024 36.4498,
	16.4927 36.4449,
	16.4878 36.4498,
	16.4829 36.4449,
	16.478 36.4498,
	16.4585 36.44,
	16.4488 36.4449,
	16.4341 36.4351,
	16.4292 36.44,
	16.4146 36.4303,
	16.4097 36.4351,
	16.3902 36.4254,
	16.3853 36.4303,
	16.3707 36.4205,
	16.3658 36.4254,
	16.3609 36.4156,
	16.3512 36.4205,
	16.3463 36.4107,
	16.3365 36.4156,
	16.317 36.4059,
	16.3073 36.401,
	16.3024 36.4059,
	16.2975 36.401,
	16.278 36.4059,
	16.2731 36.401,
	16.2536 36.4059,
	16.2487 36.401,
	16.2438 36.4059,
	16.2389 36.401,
	16.2341 36.4059,
	16.156 36.3863,
	16.117 36.3766,
	16.1072 36.3766,
	16.0877 36.362,
	16.0828 36.3229,
	16.0877 36.3034,
	16.1218 36.2644,
	16.1609 36.2448,
	16.1999 36.24,
	16.2389 36.2448,
	16.3951 36.2985,
	16.4732 36.3132,
	16.6293 36.3229,
	16.7074 36.3083,
	16.7854 36.279,
	16.8635 36.2595,
	16.9025 36.24,
	16.9806 36.2302,
	17.1368 36.2741,
	17.2148 36.2936,
	17.2539 36.3083,
	17.3319 36.3229,
	17.371 36.3278,
	17.41 36.3424,
	17.4295 36.3522,
	17.4491 36.3717,
	17.4881 36.3912,
	17.5271 36.3961,
	17.6052 36.3815,
	17.6442 36.3766,
	17.6637 36.3766,
	17.6833 36.3863,
	17.693 36.3863,
	17.7272 36.4156,
	17.7613 36.4547,
	17.7565 36.4937,
	17.7418 36.5327,
	17.7125 36.5718,
	17.6735 36.6059,
	17.6589 36.6254,
	17.6345 36.7035,
	17.6101 36.8597,
	17.6198 37.0158,
	17.6247 37.0548,
	17.6394 37.0939,
	17.6881 37.1719,
	17.7028 37.25,
	17.7125 37.4062,
	17.7174 37.4842,
	17.7028 37.5623,
	17.6784 37.6404,
	17.6686 37.7184,
	17.6833 37.8746,
	17.6881 37.9527,
	17.6784 38.0307,
	17.6833 38.1088,
	17.7028 38.1869,
	17.7223 38.2259,
	17.7369 38.304,
	17.7321 38.3821,
	17.7321 38.4211,
	17.7418 38.4406,
	17.7809 38.465,
	17.8199 38.4992,
	17.8443 38.5382,
	17.854 38.6163,
	17.8394 38.6943,
	17.8394 38.7041,
	17.8297 38.7139,
	17.8004 38.7919,
	17.7906 38.8115,
	17.7857 38.8212,
	17.8101 38.831,
	17.7809 38.87,
	17.7613 38.9481,
	17.7565 38.9676,
	17.7418 38.9871,
	17.7223 38.9871,
	17.7028 39.0018,
	17.6979 39.0798,
	17.7028 39.1579,
	17.6979 39.236,
	17.6979 39.275,
	17.6833 39.314,
	17.6296 39.3921,
	17.4978 39.5483,
	17.3807 39.7044,
	17.3271 39.7825,
	17.249 39.8459,
	17.2148 39.8849,
	17.2002 39.924,
	17.1953 40.002,
	17.2002 40.0411,
	17.1758 40.0801,
	17.1416 40.1143,
	17.1319 40.124,
	17.0928 40.124,
	17.0733 40.1143,
	16.9953 40.1094,
	16.9562 40.124,
	16.9367 40.1338,
	16.9025 40.1728,
	16.8782 40.2119,
	16.8391 40.2509,
	16.8001 40.2753,
	16.761 40.2851,
	16.722 40.2851,
	16.7171 40.2802,
	16.6976 40.2851,
	16.6927 40.2802,
	16.6879 40.2851,
	16.6098 40.2753,
	16.6 40.2704,
	16.5903 40.2753,
	16.5805 40.2704,
	16.5756 40.2753,
	16.5659 40.2655,
	16.5561 40.2704,
	16.5366 40.2607,
	16.5268 40.2655,
	16.5122 40.2558,
	16.5073 40.2607,
	16.4683 40.246,
	16.4634 40.2509,
	16.4488 40.2411,
	16.4439 40.246,
	16.439 40.2411,
	16.4341 40.246,
	16.4146 40.2363,
	16.4097 40.2411,
	16.3316 40.207,
	16.2926 40.1826,
	16.2536 40.1436,
	16.1901 40.0655,
	16.1755 40.0264,
	16.1706 39.9484,
	16.1706 39.9386,
	16.1901 39.9191,
	16.2292 39.8996,
	16.2487 39.8947,
	16.2877 39.9045,
	16.3073 39.9191,
	16.317 39.924,
	16.3121 39.8849,
	16.317 39.8801,
	16.3365 39.8947,
	16.4927 39.9386,
	16.6488 39.963,
	16.805 40.0118,
	16.844 40.0216,
	17.0001 39.9874,
	17.0392 39.963,
	17.0733 39.924,
	17.0928 39.8459,
	17.088 39.6898,
	17.0441 39.5336,
	17.0294 39.4555,
	17.0001 39.3775,
	16.9562 39.2994,
	16.9269 39.2652,
	16.8538 39.1921,
	16.7757 39.153,
	16.7562 39.1384,
	16.7171 39.1237,
	16.6976 39.1091,
	16.6195 39.0847,
	16.6147 39.0896,
	16.5951 39.0798,
	16.5903 39.0847,
	16.5854 39.0749,
	16.5756 39.0798,
	16.5366 39.0701,
	16.5219 39.0749,
	16.5024 39.0701,
	16.4927 39.0798,
	16.4829 39.0749,
	16.478 39.0798,
	16.4585 39.0749,
	16.4536 39.0798,
	16.4439 39.0749,
	16.4341 39.0798,
	16.4244 39.0749,
	16.4146 39.0798,
	16.4048 39.0749,
	16.3951 39.0798,
	16.3756 39.0749,
	16.3658 39.0798,
	16.3609 39.0701,
	16.2048 39.0749,
	16.1853 39.0749,
	16.1657 39.0847,
	16.156 39.0847,
	16.1462 39.0945,
	16.1365 39.0896,
	16.1316 39.0945,
	16.1267 39.0896,
	16.117 39.0993,
	16.1121 39.0945,
	16.034 39.1189,
	15.9559 39.1335,
	15.9413 39.1237,
	15.9218 39.1286,
	15.9169 39.1237,
	15.9071 39.1286,
	15.8291 39.1042,
	15.8095 39.0945,
	15.7803 39.0554,
	15.7705 39.0359,
	15.751 39.0164,
	15.7461 38.9774,
	15.751 38.9578,
	15.7607 38.9481,
	15.7803 38.87,
	15.8095 38.7919,
	15.8144 38.7529,
	15.7851 38.6748,
	15.7412 38.5968,
	15.7168 38.5577,
	15.7071 38.5382,
	15.6876 38.5187,
	15.6778 38.4992,
	15.6778 38.4796,
	15.6778 38.4748,
	"/>
</Transform>

<Transform dim="0"
 xcoef=" 0 1 0 0 0 0"
 ycoef=" 0 0 1 0 0 0">
<Image mag="0.00749" contrast="1" brightness="0" red="true" green="true" blue="true"
 src="Alg_stitch3-4_322.tif" />
<Contour name="TB1_t3cell02_synapse" hidden="false" closed="true" simplified="false" border="0 0 1" fill="0 0 1" mode="11"
 points="0 0,
	15652 0,
	15652 8578,
	0 8578,
	"/>
</Transform>

<Transform dim="0"
 xcoef=" 0 1 0 0 0 0"
 ycoef=" 0 0 1 0 0 0">
<Contour name="TB2_T3cell07_YD" hidden="false" closed="true" simplified="true" border="1 0 0" fill="1 0 0" mode="11"
 points="37.9457 33.9034,
	38.025 33.844,
	38.0646 33.8044,
	38.2231 33.8044,
	38.3816 33.7251,
	38.5402 33.6062,
	38.6194 33.6657,
	38.6392 33.7449,
	38.7779 33.844,
	38.8572 33.8242,
	39.0157 33.6855,
	39.0355 33.3684,
	39.0157 33.2099,
	39.0355 33.0514,
	39.0553 32.9721,
	39.3724 32.6551,
	39.5111 32.5164,
	39.5903 32.4768,
	39.6102 32.457,
	39.63 32.4768,
	39.7092 32.3975,
	39.8678 32.3381,
	40.0263 32.3182,
	40.1848 32.2192,
	40.3235 32.0805,
	40.6405 31.8625,
	40.9576 31.5851,
	41.1161 31.5653,
	41.2746 31.5058,
	41.5917 31.5653,
	41.9087 31.5058,
	42.0672 31.5058,
	42.2257 31.4662,
	42.5428 31.4464,
	42.7013 31.4662,
	42.7806 31.5256,
	42.9391 31.5455,
	43.0183 31.5653,
	43.058 31.5653,
	43.1372 31.6247,
	43.1372 31.6644,
	43.1769 31.6842,
	43.2363 32.3182,
	43.2759 32.6353,
	43.3354 32.7938,
	43.4146 32.8731,
	43.4543 32.9127,
	43.4146 33.0712,
	43.2561 33.2099,
	43.1372 33.3486,
	42.9787 33.4477,
	42.8202 33.5071,
	42.7211 33.6657,
	42.5626 33.8044,
	42.2456 33.8836,
	42.087 34.0025,
	42.0078 34.062,
	41.9681 34.1016,
	41.9681 34.1412,
	42.0474 34.2007,
	42.0672 34.2799,
	42.0276 34.3196,
	41.9483 34.2997,
	41.8096 34.4385,
	41.77 34.597,
	41.6907 34.6366,
	41.6115 34.7951,
	41.5322 34.8348,
	41.453 34.7951,
	41.4133 34.7753,
	41.2746 34.914,
	41.2548 34.9933,
	41.3341 35.3103,
	41.2944 35.3896,
	41.2152 35.449,
	41.1359 35.449,
	41.017 35.3103,
	40.9378 35.2707,
	40.8981 35.2707,
	40.8189 35.1914,
	40.7396 35.2311,
	40.6604 35.2311,
	40.6207 35.2311,
	40.5613 35.1716,
	40.2641 35.449,
	40.1055 35.5877,
	40.0263 35.6075,
	39.9866 35.6274,
	39.8281 35.5481,
	39.7092 35.3896,
	39.5507 35.2707,
	39.4715 35.2112,
	39.3922 35.1914,
	39.2337 35.2905,
	39.1544 35.3103,
	39.0157 35.4688,
	38.9563 35.5481,
	38.9166 35.5679,
	38.8374 35.5085,
	38.7977 35.3499,
	38.6789 35.1914,
	38.6194 35.0329,
	38.3024 34.7753,
	38.1439 34.6366,
	38.0844 34.5573,
	38.0448 34.5177,
	38.0448 34.3592,
	38.0844 34.2007,
	38.0844 34.1214,
	38.0448 34.0422,
	37.9655 33.9827,
	37.9457 33.9233,
	"/>
</Transform>

</Section>