<?xml version="1.0"?>
<!DOCTYPE Section SYSTEM "section.dtd">

<Section index="300" thickness="0.08" alignLocked="true">
<Transform dim="0"
 xcoef=" 0 1 0 0 0 0"
 ycoef=" 0 0 1 0 0 0">
<Image mag="0.00749" contrast="1" brightness="0" red="true" green="true" blue="true"
 src="Alg_stitch3-4_300.tif" />
<Contour name="domain1" hidden="false" closed="true" simplified="false" border="1 0 1" fill="1 0 1" mode="11"
 points="0 0,
	15652 0,
	15652 8578,
	0 8578,
	"/>
</Transform>

<Transform dim="0"
 xcoef=" 0 1 0 0 0 0"
 ycoef=" 0 0 1 0 0 0">
<Contour name="TB3_NF01-PG_RSL" hidden="false" closed="true" simplified="true" border="1 1 0" fill="1 1 0" mode="-9"
 points="17.62 10.54,
	17.65 10.38,
	17.7 10.22,
	17.77 10.06,
	17.79 10.02,
	17.87 10.01,
	17.91 10.02,
	17.95 10.05,
	17.99 10.13,
	18.02 10.17,
	18.05 10.33,
	18.05 10.41,
	18.01 10.57,
	18.01 10.61,
	17.97 10.69,
	17.96 10.73,
	17.89 10.81,
	17.85 10.83,
	17.77 10.81,
	17.75 10.81,
	17.62 10.66,
	17.62 10.58,
	17.62 10.55,
	"/>
</Transform>

<Transform dim="0"
 xcoef=" 0 1 0 0 0 0"
 ycoef=" 0 0 1 0 0 0">
<Contour name="TB3_NF01-PG_RSL" hidden="false" closed="true" simplified="true" border="1 1 0" fill="1 1 0" mode="-9"
 points="32.38 14.23,
	32.53 14.08,
	32.69 13.98,
	32.77 13.93,
	32.85 13.9,
	32.89 13.88,
	32.93 13.84,
	33.09 13.77,
	33.41 13.71,
	33.73 13.69,
	34.05 13.69,
	34.21 13.71,
	34.29 13.73,
	34.33 13.74,
	34.37 13.77,
	34.46 13.93,
	34.78 13.95,
	34.94 13.93,
	35.1 13.93,
	35.42 14,
	35.74 14.03,
	36.06 14.16,
	36.38 14.21,
	36.46 14.19,
	36.5 14.16,
	36.82 14.05,
	36.98 14,
	37.14 13.99,
	37.3 14.05,
	37.46 14.09,
	37.62 14.11,
	37.94 14.11,
	38.1 14.14,
	38.42 14.24,
	38.5 14.26,
	38.66 14.34,
	38.82 14.4,
	39.14 14.44,
	39.18 14.44,
	39.34 14.52,
	39.42 14.54,
	39.5 14.59,
	39.54 14.61,
	39.57 14.65,
	39.58 14.73,
	39.58 14.77,
	39.54 14.85,
	39.38 14.98,
	39.22 15.07,
	38.9 15.1,
	38.74 15.09,
	38.58 15.06,
	38.42 15.05,
	38.26 15.02,
	38.18 15.02,
	38.1 15,
	38.06 15,
	37.9 14.94,
	37.82 14.91,
	37.66 14.89,
	37.5 14.89,
	37.42 14.89,
	37.26 14.85,
	37.1 14.79,
	37.02 14.76,
	36.86 14.73,
	36.7 14.73,
	36.54 14.71,
	36.38 14.67,
	36.22 14.6,
	36.06 14.51,
	35.98 14.5,
	35.66 14.36,
	35.5 14.37,
	35.42 14.38,
	35.38 14.4,
	35.3 14.41,
	35.22 14.44,
	34.9 14.46,
	34.74 14.46,
	34.66 14.46,
	34.34 14.32,
	34.26 14.29,
	34.1 14.3,
	34.02 14.33,
	34 14.33,
	33.92 14.38,
	33.6 14.46,
	33.44 14.53,
	33.28 14.56,
	33.2 14.59,
	32.56 14.59,
	32.49 14.53,
	32.45 14.49,
	32.42 14.41,
	32.39 14.37,
	32.38 14.29,
	32.38 14.25,
	32.38 14.24,
	"/>
</Transform>

<Transform dim="0"
 xcoef=" 0 1 0 0 0 0"
 ycoef=" 0 0 1 0 0 0">
<Contour name="TB3_NF01-PG_RSL" hidden="false" closed="true" simplified="true" border="1 1 0" fill="1 1 0" mode="-9"
 points="43.08 15.14,
	43.13 15.06,
	43.17 15.02,
	43.33 14.94,
	43.49 14.91,
	43.65 14.9,
	43.73 14.95,
	43.77 14.99,
	43.81 15.07,
	43.83 15.11,
	43.83 15.19,
	43.83 15.21,
	43.78 15.29,
	43.74 15.32,
	43.66 15.34,
	43.5 15.43,
	43.42 15.47,
	43.34 15.49,
	43.3 15.49,
	43.15 15.4,
	43.11 15.37,
	43.11 15.33,
	43.08 15.25,
	43.08 15.17,
	43.08 15.15,
	"/>
</Transform>

<Transform dim="0"
 xcoef=" 0 1 0 0 0 0"
 ycoef=" 0 0 1 0 0 0">
<Contour name="TB3_NF01-PG_RSL" hidden="false" closed="true" simplified="true" border="1 1 0" fill="1 1 0" mode="-9"
 points="46.9 15.62,
	46.98 15.57,
	47 15.57,
	47.02 15.55,
	47.34 15.46,
	47.5 15.42,
	47.66 15.43,
	47.98 15.49,
	48.3 15.5,
	48.46 15.5,
	48.54 15.52,
	48.62 15.52,
	48.94 15.63,
	49.1 15.68,
	49.26 15.75,
	49.31 15.83,
	49.33 15.87,
	49.33 15.95,
	49.31 15.99,
	49.27 16.02,
	49.19 16.05,
	48.55 16.07,
	48.23 16.04,
	48.07 16.04,
	47.99 16.04,
	47.91 16.01,
	47.75 15.91,
	47.67 15.86,
	47.59 15.85,
	47.43 15.88,
	47.27 15.89,
	47.11 15.85,
	47.03 15.83,
	46.95 15.79,
	46.92 15.75,
	46.9 15.67,
	46.9 15.63,
	"/>
</Transform>

<Transform dim="0"
 xcoef=" 0 1 0 0 0 0"
 ycoef=" 0 0 1 0 0 0">
<Contour name="TB3_NF01-PG_RSL" hidden="false" closed="true" simplified="true" border="1 1 0" fill="1 1 0" mode="-9"
 points="61.5 11.09,
	61.55 11.01,
	61.57 10.97,
	61.65 10.9,
	61.73 10.85,
	61.89 10.84,
	61.97 10.87,
	62.02 10.95,
	62.04 10.99,
	62.04 11.03,
	62.06 11.07,
	62.06 11.23,
	62.02 11.39,
	62.02 11.47,
	62 11.49,
	61.98 11.49,
	61.96 11.47,
	61.88 11.51,
	61.8 11.52,
	61.72 11.51,
	61.64 11.48,
	61.56 11.43,
	61.52 11.35,
	61.5 11.27,
	61.5 11.11,
	61.5 11.1,
	"/>
</Transform>

<Transform dim="0"
 xcoef=" 0 1 0 0 0 0"
 ycoef=" 0 0 1 0 0 0">
<Contour name="TB3_NF01-PG_RSL" hidden="false" closed="true" simplified="true" border="1 1 0" fill="1 1 0" mode="-9"
 points="65.27 10.21,
	65.3 10.17,
	65.3 10.15,
	65.45 10,
	65.49 9.97,
	65.57 9.95,
	65.65 9.96,
	65.69 9.98,
	65.71 9.98,
	65.79 10.03,
	65.86 10.1,
	65.89 10.18,
	65.88 10.34,
	65.86 10.42,
	65.85 10.46,
	65.84 10.47,
	65.86 10.48,
	65.86 10.5,
	65.83 10.54,
	65.75 10.58,
	65.73 10.57,
	65.65 10.58,
	65.57 10.57,
	65.49 10.53,
	65.34 10.4,
	65.28 10.32,
	65.27 10.24,
	65.27 10.22,
	"/>
</Transform>

<Transform dim="0"
 xcoef=" 0 1 0 0 0 0"
 ycoef=" 0 0 1 0 0 0">
<Contour name="TB3_NF01-PG_RSL" hidden="false" closed="true" simplified="true" border="1 1 0" fill="1 1 0" mode="-9"
 points="67.5444 14.4556,
	67.6333 14.3778,
	67.8111 14.3444,
	67.9 14.3556,
	67.9889 14.3889,
	68.0667 14.4556,
	68.1 14.5444,
	68.0889 14.5889,
	68.0444 14.6333,
	67.9556 14.6444,
	67.9111 14.6444,
	67.8889 14.6,
	67.8 14.6111,
	67.6222 14.5556,
	67.5778 14.5333,
	67.5444 14.4889,
	67.5444 14.4667,
	"/>
</Transform>

<Transform dim="0"
 xcoef=" 0 1 0 0 0 0"
 ycoef=" 0 0 1 0 0 0">
<Contour name="TB3_NF01-PG_RSL" hidden="false" closed="true" simplified="true" border="1 1 0" fill="1 1 0" mode="-9"
 points="36.7889 18.8555,
	36.8111 18.8111,
	36.8555 18.7778,
	37.0333 18.7444,
	37.1222 18.7333,
	37.3 18.6666,
	37.6555 18.4666,
	37.8333 18.4333,
	38.1889 18.4666,
	38.3666 18.5111,
	38.5444 18.5333,
	38.7222 18.5889,
	38.8111 18.6333,
	38.8889 18.7111,
	38.9333 18.8,
	38.9777 18.9778,
	38.9666 19.0666,
	38.9222 19.1,
	38.7444 19.1333,
	38.3889 19.1555,
	38.3 19.1666,
	38.2555 19.1555,
	38.2666 19.1444,
	38.1777 19.1555,
	38 19.1333,
	37.6444 19.1333,
	37.4666 19.1666,
	37.2889 19.1666,
	37.1111 19.1333,
	36.9333 19.0666,
	36.8444 19.0333,
	36.8111 18.9889,
	36.7889 18.9666,
	36.7889 18.8778,
	36.7889 18.8666,
	"/>
</Transform>

<Transform dim="0"
 xcoef=" 0 1 0 0 0 0"
 ycoef=" 0 0 1 0 0 0">
<Contour name="TB3_NF01-PG_RSL" hidden="false" closed="true" simplified="true" border="1 1 0" fill="1 1 0" mode="-9"
 points="17.62 10.54,
	17.65 10.38,
	17.7 10.22,
	17.77 10.06,
	17.79 10.02,
	17.87 10.01,
	17.91 10.02,
	17.95 10.05,
	17.99 10.13,
	18.02 10.17,
	18.05 10.33,
	18.05 10.41,
	18.01 10.57,
	18.01 10.61,
	17.97 10.69,
	17.96 10.73,
	17.89 10.81,
	17.85 10.83,
	17.77 10.81,
	17.75 10.81,
	17.62 10.66,
	17.62 10.58,
	17.62 10.55,
	"/>
</Transform>

<Transform dim="0"
 xcoef=" 0 1 0 0 0 0"
 ycoef=" 0 0 1 0 0 0">
<Contour name="TB3_NF01-PG_RSL" hidden="false" closed="true" simplified="true" border="1 1 0" fill="1 1 0" mode="-9"
 points="32.38 14.23,
	32.53 14.08,
	32.69 13.98,
	32.77 13.93,
	32.85 13.9,
	32.89 13.88,
	32.93 13.84,
	33.09 13.77,
	33.41 13.71,
	33.73 13.69,
	34.05 13.69,
	34.21 13.71,
	34.29 13.73,
	34.33 13.74,
	34.37 13.77,
	34.46 13.93,
	34.78 13.95,
	34.94 13.93,
	35.1 13.93,
	35.42 14,
	35.74 14.03,
	36.06 14.16,
	36.38 14.21,
	36.46 14.19,
	36.5 14.16,
	36.82 14.05,
	36.98 14,
	37.14 13.99,
	37.3 14.05,
	37.46 14.09,
	37.62 14.11,
	37.94 14.11,
	38.1 14.14,
	38.42 14.24,
	38.5 14.26,
	38.66 14.34,
	38.82 14.4,
	39.14 14.44,
	39.18 14.44,
	39.34 14.52,
	39.42 14.54,
	39.5 14.59,
	39.54 14.61,
	39.57 14.65,
	39.58 14.73,
	39.58 14.77,
	39.54 14.85,
	39.38 14.98,
	39.22 15.07,
	38.9 15.1,
	38.74 15.09,
	38.58 15.06,
	38.42 15.05,
	38.26 15.02,
	38.18 15.02,
	38.1 15,
	38.06 15,
	37.9 14.94,
	37.82 14.91,
	37.66 14.89,
	37.5 14.89,
	37.42 14.89,
	37.26 14.85,
	37.1 14.79,
	37.02 14.76,
	36.86 14.73,
	36.7 14.73,
	36.54 14.71,
	36.38 14.67,
	36.22 14.6,
	36.06 14.51,
	35.98 14.5,
	35.66 14.36,
	35.5 14.37,
	35.42 14.38,
	35.38 14.4,
	35.3 14.41,
	35.22 14.44,
	34.9 14.46,
	34.74 14.46,
	34.66 14.46,
	34.34 14.32,
	34.26 14.29,
	34.1 14.3,
	34.02 14.33,
	34 14.33,
	33.92 14.38,
	33.6 14.46,
	33.44 14.53,
	33.28 14.56,
	33.2 14.59,
	32.56 14.59,
	32.49 14.53,
	32.45 14.49,
	32.42 14.41,
	32.39 14.37,
	32.38 14.29,
	32.38 14.25,
	32.38 14.24,
	"/>
</Transform>

<Transform dim="0"
 xcoef=" 0 1 0 0 0 0"
 ycoef=" 0 0 1 0 0 0">
<Contour name="TB3_NF01-PG_RSL" hidden="false" closed="true" simplified="true" border="1 1 0" fill="1 1 0" mode="-9"
 points="43.08 15.14,
	43.13 15.06,
	43.17 15.02,
	43.33 14.94,
	43.49 14.91,
	43.65 14.9,
	43.73 14.95,
	43.77 14.99,
	43.81 15.07,
	43.83 15.11,
	43.83 15.19,
	43.83 15.21,
	43.78 15.29,
	43.74 15.32,
	43.66 15.34,
	43.5 15.43,
	43.42 15.47,
	43.34 15.49,
	43.3 15.49,
	43.15 15.4,
	43.11 15.37,
	43.11 15.33,
	43.08 15.25,
	43.08 15.17,
	43.08 15.15,
	"/>
</Transform>

<Transform dim="0"
 xcoef=" 0 1 0 0 0 0"
 ycoef=" 0 0 1 0 0 0">
<Contour name="TB3_NF01-PG_RSL" hidden="false" closed="true" simplified="true" border="1 1 0" fill="1 1 0" mode="-9"
 points="46.9 15.62,
	46.98 15.57,
	47 15.57,
	47.02 15.55,
	47.34 15.46,
	47.5 15.42,
	47.66 15.43,
	47.98 15.49,
	48.3 15.5,
	48.46 15.5,
	48.54 15.52,
	48.62 15.52,
	48.94 15.63,
	49.1 15.68,
	49.26 15.75,
	49.31 15.83,
	49.33 15.87,
	49.33 15.95,
	49.31 15.99,
	49.27 16.02,
	49.19 16.05,
	48.55 16.07,
	48.23 16.04,
	48.07 16.04,
	47.99 16.04,
	47.91 16.01,
	47.75 15.91,
	47.67 15.86,
	47.59 15.85,
	47.43 15.88,
	47.27 15.89,
	47.11 15.85,
	47.03 15.83,
	46.95 15.79,
	46.92 15.75,
	46.9 15.67,
	46.9 15.63,
	"/>
</Transform>

<Transform dim="0"
 xcoef=" 0 1 0 0 0 0"
 ycoef=" 0 0 1 0 0 0">
<Contour name="TB3_NF01-PG_RSL" hidden="false" closed="true" simplified="true" border="1 1 0" fill="1 1 0" mode="-9"
 points="61.5 11.09,
	61.55 11.01,
	61.57 10.97,
	61.65 10.9,
	61.73 10.85,
	61.89 10.84,
	61.97 10.87,
	62.02 10.95,
	62.04 10.99,
	62.04 11.03,
	62.06 11.07,
	62.06 11.23,
	62.02 11.39,
	62.02 11.47,
	62 11.49,
	61.98 11.49,
	61.96 11.47,
	61.88 11.51,
	61.8 11.52,
	61.72 11.51,
	61.64 11.48,
	61.56 11.43,
	61.52 11.35,
	61.5 11.27,
	61.5 11.11,
	61.5 11.1,
	"/>
</Transform>

<Transform dim="0"
 xcoef=" 0 1 0 0 0 0"
 ycoef=" 0 0 1 0 0 0">
<Contour name="TB3_NF01-PG_RSL" hidden="false" closed="true" simplified="true" border="1 1 0" fill="1 1 0" mode="-9"
 points="65.27 10.21,
	65.3 10.17,
	65.3 10.15,
	65.45 10,
	65.49 9.97,
	65.57 9.95,
	65.65 9.96,
	65.69 9.98,
	65.71 9.98,
	65.79 10.03,
	65.86 10.1,
	65.89 10.18,
	65.88 10.34,
	65.86 10.42,
	65.85 10.46,
	65.84 10.47,
	65.86 10.48,
	65.86 10.5,
	65.83 10.54,
	65.75 10.58,
	65.73 10.57,
	65.65 10.58,
	65.57 10.57,
	65.49 10.53,
	65.34 10.4,
	65.28 10.32,
	65.27 10.24,
	65.27 10.22,
	"/>
</Transform>

<Transform dim="0"
 xcoef=" 0 1 0 0 0 0"
 ycoef=" 0 0 1 0 0 0">
<Contour name="TB3_NF01-PG_RSL" hidden="false" closed="true" simplified="true" border="1 1 0" fill="1 1 0" mode="-9"
 points="67.5444 14.4556,
	67.6333 14.3778,
	67.8111 14.3444,
	67.9 14.3556,
	67.9889 14.3889,
	68.0667 14.4556,
	68.1 14.5444,
	68.0889 14.5889,
	68.0444 14.6333,
	67.9556 14.6444,
	67.9111 14.6444,
	67.8889 14.6,
	67.8 14.6111,
	67.6222 14.5556,
	67.5778 14.5333,
	67.5444 14.4889,
	67.5444 14.4667,
	"/>
</Transform>

<Transform dim="0"
 xcoef=" 0 1 0 0 0 0"
 ycoef=" 0 0 1 0 0 0">
<Contour name="TB3_NF01-PG_RSL" hidden="false" closed="true" simplified="true" border="1 1 0" fill="1 1 0" mode="-9"
 points="36.7889 18.8555,
	36.8111 18.8111,
	36.8555 18.7778,
	37.0333 18.7444,
	37.1222 18.7333,
	37.3 18.6666,
	37.6555 18.4666,
	37.8333 18.4333,
	38.1889 18.4666,
	38.3666 18.5111,
	38.5444 18.5333,
	38.7222 18.5889,
	38.8111 18.6333,
	38.8889 18.7111,
	38.9333 18.8,
	38.9777 18.9778,
	38.9666 19.0666,
	38.9222 19.1,
	38.7444 19.1333,
	38.3889 19.1555,
	38.3 19.1666,
	38.2555 19.1555,
	38.2666 19.1444,
	38.1777 19.1555,
	38 19.1333,
	37.6444 19.1333,
	37.4666 19.1666,
	37.2889 19.1666,
	37.1111 19.1333,
	36.9333 19.0666,
	36.8444 19.0333,
	36.8111 18.9889,
	36.7889 18.9666,
	36.7889 18.8778,
	36.7889 18.8666,
	"/>
</Transform>

<Transform dim="0"
 xcoef=" 0 1 0 0 0 0"
 ycoef=" 0 0 1 0 0 0">
<Image mag="0.00749" contrast="1" brightness="0" red="true" green="true" blue="true"
 src="Alg_stitch3-4_300.tif" />
<Contour name="domain1" hidden="false" closed="true" simplified="false" border="1 0 1" fill="1 0 1" mode="11"
 points="0 0,
	15652 0,
	15652 8578,
	0 8578,
	"/>
</Transform>

<Transform dim="0"
 xcoef=" 0 1 0 0 0 0"
 ycoef=" 0 0 1 0 0 0">
<Image mag="0.00749" contrast="1" brightness="0" red="true" green="true" blue="true"
 src="Alg_stitch3-4_300.tif" />
<Contour name="domain1" hidden="false" closed="true" simplified="false" border="1 0 1" fill="1 0 1" mode="11"
 points="0 0,
	15652 0,
	15652 8578,
	0 8578,
	"/>
</Transform>

<Transform dim="0"
 xcoef=" 0 1 0 0 0 0"
 ycoef=" 0 0 1 0 0 0">
<Image mag="0.00749" contrast="1" brightness="0" red="true" green="true" blue="true"
 src="Alg_stitch3-4_300.tif" />
<Contour name="domain1" hidden="false" closed="true" simplified="false" border="1 0 1" fill="1 0 1" mode="11"
 points="0 0,
	15652 0,
	15652 8578,
	0 8578,
	"/>
</Transform>

<Transform dim="0"
 xcoef=" 0 1 0 0 0 0"
 ycoef=" 0 0 1 0 0 0">
<Image mag="0.00749" contrast="1" brightness="0" red="true" green="true" blue="true"
 src="Alg_stitch3-4_300.tif" />
<Contour name="domain1" hidden="false" closed="true" simplified="false" border="1 0 1" fill="1 0 1" mode="11"
 points="0 0,
	15652 0,
	15652 8578,
	0 8578,
	"/>
</Transform>

<Transform dim="0"
 xcoef=" 0 1 0 0 0 0"
 ycoef=" 0 0 1 0 0 0">
<Image mag="0.00749" contrast="1" brightness="0" red="true" green="true" blue="true"
 src="Alg_stitch3-4_300.tif" />
<Contour name="DENucleus2" hidden="false" closed="true" simplified="false" border="0 0 0.627" fill="0 0 0.627" mode="11"
 points="0 0,
	15652 0,
	15652 8578,
	0 8578,
	"/>
</Transform>

<Transform dim="0"
 xcoef=" 0 1 0 0 0 0"
 ycoef=" 0 0 1 0 0 0">
<Image mag="0.00749" contrast="1" brightness="0" red="true" green="true" blue="true"
 src="Alg_stitch3-4_300.tif" />
<Contour name="domain1" hidden="false" closed="true" simplified="false" border="1 0 1" fill="1 0 1" mode="11"
 points="0 0,
	15652 0,
	15652 8578,
	0 8578,
	"/>
</Transform>

<Transform dim="0"
 xcoef=" 0 1 0 0 0 0"
 ycoef=" 0 0 1 0 0 0">
<Image mag="0.00749" contrast="1" brightness="0" red="true" green="true" blue="true"
 src="Alg_stitch3-4_300.tif" />
<Contour name="domain1" hidden="false" closed="true" simplified="false" border="1 0 1" fill="1 0 1" mode="11"
 points="0 0,
	15652 0,
	15652 8578,
	0 8578,
	"/>
</Transform>

<Transform dim="0"
 xcoef=" 0 1 0 0 0 0"
 ycoef=" 0 0 1 0 0 0">
<Image mag="0.00749" contrast="1" brightness="0" red="true" green="true" blue="true"
 src="Alg_stitch3-4_300.tif" />
<Contour name="domain1" hidden="false" closed="true" simplified="false" border="1 0 1" fill="1 0 1" mode="11"
 points="0 0,
	15652 0,
	15652 8578,
	0 8578,
	"/>
</Transform>

<Transform dim="0"
 xcoef=" 0 1 0 0 0 0"
 ycoef=" 0 0 1 0 0 0">
<Image mag="0.00749" contrast="1" brightness="0" red="true" green="true" blue="true"
 src="Alg_stitch3-4_300.tif" />
<Contour name="domain1" hidden="false" closed="true" simplified="false" border="1 0 1" fill="1 0 1" mode="11"
 points="0 0,
	15652 0,
	15652 8578,
	0 8578,
	"/>
</Transform>

<Transform dim="0"
 xcoef=" 0 1 0 0 0 0"
 ycoef=" 0 0 1 0 0 0">
<Image mag="0.00749" contrast="1" brightness="0" red="true" green="true" blue="true"
 src="Alg_stitch3-4_300.tif" />
<Contour name="domain1" hidden="false" closed="true" simplified="false" border="1 0 1" fill="1 0 1" mode="11"
 points="0 0,
	15652 0,
	15652 8578,
	0 8578,
	"/>
</Transform>

<Transform dim="0"
 xcoef=" 0 1 0 0 0 0"
 ycoef=" 0 0 1 0 0 0">
<Image mag="0.00749" contrast="1" brightness="0" red="true" green="true" blue="true"
 src="Alg_stitch3-4_300.tif" />
<Contour name="domain1" hidden="false" closed="true" simplified="false" border="1 0 1" fill="1 0 1" mode="11"
 points="0 0,
	15652 0,
	15652 8578,
	0 8578,
	"/>
</Transform>

<Transform dim="0"
 xcoef=" 0 1 0 0 0 0"
 ycoef=" 0 0 1 0 0 0">
<Image mag="0.00749" contrast="1" brightness="0" red="true" green="true" blue="true"
 src="Alg_stitch3-4_300.tif" />
<Contour name="domain1" hidden="false" closed="true" simplified="false" border="1 0 1" fill="1 0 1" mode="11"
 points="0 0,
	15652 0,
	15652 8578,
	0 8578,
	"/>
</Transform>

<Transform dim="0"
 xcoef=" 0 1 0 0 0 0"
 ycoef=" 0 0 1 0 0 0">
<Image mag="0.00749" contrast="1" brightness="0" red="true" green="true" blue="true"
 src="Alg_stitch3-4_300.tif" />
<Contour name="domain1" hidden="false" closed="true" simplified="false" border="1 0 1" fill="1 0 1" mode="11"
 points="0 0,
	15652 0,
	15652 8578,
	0 8578,
	"/>
</Transform>

<Transform dim="0"
 xcoef=" 0 1 0 0 0 0"
 ycoef=" 0 0 1 0 0 0">
<Image mag="0.00749" contrast="1" brightness="0" red="true" green="true" blue="true"
 src="Alg_stitch3-4_300.tif" />
<Contour name="domain1" hidden="false" closed="true" simplified="false" border="1 0 1" fill="1 0 1" mode="11"
 points="0 0,
	15652 0,
	15652 8578,
	0 8578,
	"/>
</Transform>

<Transform dim="0"
 xcoef=" 0 1 0 0 0 0"
 ycoef=" 0 0 1 0 0 0">
<Image mag="0.00749" contrast="1" brightness="0" red="true" green="true" blue="true"
 src="Alg_stitch3-4_300.tif" />
<Contour name="domain1" hidden="false" closed="true" simplified="false" border="1 0 1" fill="1 0 1" mode="11"
 points="0 0,
	15652 0,
	15652 8578,
	0 8578,
	"/>
</Transform>

<Transform dim="0"
 xcoef=" 0 1 0 0 0 0"
 ycoef=" 0 0 1 0 0 0">
<Image mag="0.00749" contrast="1" brightness="0" red="true" green="true" blue="true"
 src="Alg_stitch3-4_300.tif" />
<Contour name="DENucleus2" hidden="false" closed="true" simplified="false" border="0 0 0.627" fill="0 0 0.627" mode="11"
 points="0 0,
	15652 0,
	15652 8578,
	0 8578,
	"/>
</Transform>

<Transform dim="0"
 xcoef=" 0 1 0 0 0 0"
 ycoef=" 0 0 1 0 0 0">
<Image mag="0.00749" contrast="1" brightness="0" red="true" green="true" blue="true"
 src="Alg_stitch3-4_300.tif" />
<Contour name="domain1" hidden="false" closed="true" simplified="false" border="1 0 1" fill="1 0 1" mode="11"
 points="0 0,
	15652 0,
	15652 8578,
	0 8578,
	"/>
</Transform>

<Transform dim="0"
 xcoef=" 0 1 0 0 0 0"
 ycoef=" 0 0 1 0 0 0">
<Image mag="0.00749" contrast="1" brightness="0" red="true" green="true" blue="true"
 src="Alg_stitch3-4_300.tif" />
<Contour name="domain1" hidden="false" closed="true" simplified="false" border="1 0 1" fill="1 0 1" mode="11"
 points="0 0,
	15652 0,
	15652 8578,
	0 8578,
	"/>
</Transform>

<Transform dim="0"
 xcoef=" 0 1 0 0 0 0"
 ycoef=" 0 0 1 0 0 0">
<Contour name="Tb2_NF40_LES" hidden="false" closed="true" simplified="true" border="0.501961 0.25098 0.25098" fill="0.501961 0.25098 0.25098" mode="-9"
 points="21.8071 35.3847,
	21.8636 35.2341,
	22.146 34.9516,
	22.2967 34.8951,
	22.372 34.8951,
	22.4473 34.9704,
	22.4662 35.0457,
	22.4285 35.1964,
	22.3909 35.2341,
	22.372 35.3847,
	22.372 35.46,
	22.3344 35.5354,
	22.1837 35.6295,
	22.1084 35.6483,
	21.9577 35.5919,
	21.8071 35.4977,
	21.8071 35.4224,
	21.8071 35.4035,
	"/>
</Transform>

<Transform dim="0"
 xcoef=" 0 1 0 0 0 0"
 ycoef=" 0 0 1 0 0 0">
<Contour name="Tb2_NF29_LES" hidden="false" closed="true" simplified="true" border="0 0.501961 0.74902" fill="0 0.501961 0.74902" mode="-9"
 points="23.0354 32.4596,
	23.0506 32.3378,
	23.081 32.2769,
	23.1876 32.1704,
	23.2485 32.1247,
	23.3703 32.1399,
	23.4312 32.1704,
	23.4769 32.2922,
	23.4921 32.3531,
	23.4769 32.4749,
	23.4312 32.5967,
	23.3855 32.6576,
	23.3551 32.6728,
	23.2942 32.6423,
	23.2637 32.6119,
	23.2028 32.6119,
	23.1724 32.6271,
	23.0506 32.551,
	23.0354 32.4901,
	23.0354 32.4749,
	"/>
<Contour name="Tb2_NF29_LES" hidden="false" closed="true" simplified="true" border="0 0.501961 0.74902" fill="0 0.501961 0.74902" mode="-9"
 points="23.2942 36.1136,
	23.416 36.007,
	23.6596 35.9309,
	23.7814 35.8852,
	23.9032 35.87,
	24.025 35.9005,
	24.0859 35.9461,
	24.1163 35.9766,
	24.1163 36.0984,
	24.1163 36.1593,
	24.0402 36.2811,
	23.9793 36.342,
	23.8575 36.3724,
	23.7966 36.3724,
	23.7814 36.3572,
	23.6596 36.3724,
	23.5378 36.342,
	23.416 36.2659,
	23.3551 36.2506,
	23.3094 36.1897,
	23.2942 36.1288,
	"/>
</Transform>

<Transform dim="0"
 xcoef=" 0 1 0 0 0 0"
 ycoef=" 0 0 1 0 0 0">
<Contour name="Tb2_NF54_LES" hidden="false" closed="true" simplified="true" border="1 0 0" fill="1 0 0" mode="-9"
 points="25.246 46.204,
	25.3335 46.029,
	25.4866 45.854,
	25.5741 45.8103,
	25.6179 45.7665,
	25.9679 45.679,
	26.1429 45.7227,
	26.843 46.029,
	27.193 46.0509,
	27.368 46.1603,
	27.4555 46.2259,
	27.6305 46.2697,
	27.718 46.2478,
	27.8931 46.2915,
	27.9806 46.3134,
	28.0243 46.3353,
	28.1118 46.3134,
	28.2868 46.3572,
	28.4619 46.4666,
	28.5494 46.5541,
	28.5275 46.6416,
	28.44 46.7072,
	28.265 46.7291,
	27.9149 46.6416,
	27.7399 46.5541,
	27.6962 46.5103,
	27.3461 46.4228,
	26.9961 46.4884,
	26.8211 46.5541,
	26.6461 46.6635,
	26.4711 46.7072,
	26.121 46.6853,
	25.946 46.6853,
	25.596 46.6197,
	25.421 46.5322,
	25.2678 46.3572,
	25.246 46.2697,
	25.246 46.2259,
	"/>
</Transform>

<Transform dim="0"
 xcoef=" 0 1 0 0 0 0"
 ycoef=" 0 0 1 0 0 0">
<Contour name="TB2_NF001_LES" hidden="false" closed="true" simplified="true" border="1 1 0" fill="1 1 0" mode="-9"
 points="19.3719 39.3683,
	19.4445 39.2521,
	19.5462 39.1505,
	19.6043 39.1069,
	19.7204 39.0778,
	19.8366 39.0924,
	19.8947 39.0924,
	20.0109 39.165,
	20.098 39.2666,
	20.1416 39.3247,
	20.2142 39.5571,
	20.3013 40.0218,
	20.3449 40.1379,
	20.3594 40.196,
	20.5046 40.4284,
	20.5337 40.4574,
	20.5337 40.4284,
	20.4901 40.3703,
	20.5046 40.3412,
	20.5917 40.4429,
	20.6208 40.501,
	20.6208 40.53,
	20.8096 40.7624,
	20.8386 40.8204,
	20.8967 40.864,
	20.9257 40.9076,
	21.0419 40.9802,
	21.1 41.0092,
	21.1581 41.0092,
	21.2743 41.0818,
	21.3904 41.198,
	21.5066 41.2851,
	21.5647 41.3287,
	21.5937 41.5611,
	21.5792 41.6772,
	21.5502 41.7353,
	21.4921 41.7789,
	21.463 41.8079,
	21.3469 41.7934,
	21.1145 41.6917,
	21.0274 41.5756,
	20.9984 41.532,
	20.8822 41.4304,
	20.7079 41.2416,
	20.4901 41.0383,
	20.3013 40.8204,
	20.2432 40.7624,
	20.2142 40.7188,
	20.1125 40.6026,
	20.0399 40.4864,
	19.9818 40.2541,
	19.8802 40.0218,
	19.8076 39.9056,
	19.7495 39.8475,
	19.6914 39.8184,
	19.6333 39.862,
	19.5752 39.8765,
	19.5171 39.833,
	19.4881 39.8039,
	19.4155 39.5716,
	19.3719 39.4554,
	19.3719 39.3973,
	19.3719 39.3828,
	"/>
</Transform>

<Transform dim="0"
 xcoef=" 0 1 0 0 0 0"
 ycoef=" 0 0 1 0 0 0">
<Image mag="0.00749" contrast="1" brightness="0" red="true" green="true" blue="true"
 src="Alg_stitch3-4_300.tif" />
<Contour name="domain1" hidden="false" closed="true" simplified="false" border="1 0 1" fill="1 0 1" mode="11"
 points="0 0,
	15652 0,
	15652 8578,
	0 8578,
	"/>
</Transform>

<Transform dim="0"
 xcoef=" 0 1 0 0 0 0"
 ycoef=" 0 0 1 0 0 0">
<Contour name="TB2_shell_RSL" hidden="false" closed="true" simplified="true" border="1 1 1" fill="0.753 0.753 0.753" mode="9"
 points="51.9593 36.2546,
	52.0707 36.1432,
	52.9618 36.2546,
	53.4073 36.366,
	54.2983 37.0342,
	54.7439 37.3684,
	55.078 37.8139,
	55.1337 38.0367,
	55.0223 38.4822,
	54.9109 38.5936,
	54.9109 38.705,
	54.5211 39.0948,
	54.4097 39.0948,
	53.5744 38.4265,
	53.463 38.3151,
	53.3516 38.4265,
	52.5719 37.5912,
	52.1821 37.1456,
	52.0707 36.7001,
	51.9593 36.4773,
	51.9593 36.3103,
	"/>
</Transform>

<Transform dim="0"
 xcoef=" 0 1 0 0 0 0"
 ycoef=" 0 0 1 0 0 0">
<Contour name="TB2_BasalCell07_nuc_LES" hidden="false" closed="true" simplified="true" border="0.922 0.078 0.624" fill="1 0 0.5" mode="-11"
 points="28.1161 37.6343,
	28.3225 37.5053,
	28.5288 37.5311,
	28.5804 37.5311,
	28.6578 37.6343,
	28.761 37.6601,
	28.9673 37.6343,
	29.0189 37.6343,
	29.1221 37.7375,
	29.1995 37.9181,
	29.1479 37.9697,
	29.0447 37.9181,
	28.9931 37.8923,
	28.9157 37.9954,
	28.8126 38.0212,
	28.6062 37.9439,
	28.503 37.8923,
	28.2967 37.8665,
	28.1161 37.6859,
	28.1161 37.6601,
	"/>
<Contour name="TB2_BasalCell07_nuc_LES" hidden="false" closed="true" simplified="true" border="0.922 0.078 0.624" fill="1 0 0.5" mode="-11"
 points="24.8402 40.6007,
	25.0208 40.4201,
	25.1497 40.2396,
	25.1239 40.0332,
	25.0208 39.8269,
	24.9692 39.6205,
	24.995 39.4141,
	25.0208 39.311,
	25.0208 39.2594,
	25.2271 39.053,
	25.4077 38.8983,
	25.5109 38.8209,
	25.7172 38.7693,
	25.8204 38.7435,
	26.0268 38.5887,
	26.1299 38.5113,
	26.5426 38.3824,
	26.749 38.3566,
	26.8522 38.3308,
	26.9554 38.3566,
	27.1617 38.5113,
	27.2649 38.5887,
	27.4712 38.5887,
	27.6776 38.5113,
	27.884 38.4855,
	28.0903 38.5113,
	28.1161 38.5371,
	28.3225 38.4855,
	28.4256 38.4082,
	28.4514 38.4597,
	28.8642 38.4597,
	29.2769 38.3566,
	29.6896 38.3824,
	29.7928 38.4855,
	29.8701 38.6919,
	29.8959 38.8983,
	29.9733 38.9756,
	29.9733 39.0788,
	29.8959 39.182,
	29.6896 39.1562,
	29.638 39.1304,
	29.4316 39.182,
	29.2253 39.1046,
	29.1221 39.0788,
	28.9931 39.2078,
	29.0705 39.4141,
	29.1479 39.5173,
	29.1737 39.7237,
	29.1479 39.8269,
	29.0447 39.93,
	28.9415 39.9558,
	28.89 40.059,
	28.89 40.1622,
	28.8126 40.2654,
	28.7094 40.2654,
	28.6062 40.1622,
	28.503 40.1364,
	28.2967 40.3428,
	28.2193 40.4459,
	28.1935 40.5233,
	28.2193 40.7297,
	28.0645 40.936,
	27.8582 41.1166,
	27.755 41.1424,
	27.3423 40.9618,
	27.1359 40.8586,
	26.7232 41.0392,
	26.3105 40.9618,
	26.2073 40.9102,
	26.1041 40.9102,
	25.6914 41.1424,
	25.4851 41.2972,
	25.2787 41.2714,
	25.0981 41.1424,
	24.9434 40.936,
	24.8402 40.7297,
	24.8402 40.6265,
	"/>
</Transform>

<Transform dim="0"
 xcoef=" 0 1 0 0 0 0"
 ycoef=" 0 0 1 0 0 0">
<Contour name="TB2_BasalCell07_CM_LES" hidden="false" closed="true" simplified="true" border="0.98 0.773 0.91" fill="1 0 0.5" mode="-11"
 points="22.2496 37.11,
	22.3807 36.8478,
	22.5118 36.7823,
	22.7739 36.7004,
	22.8394 36.6512,
	22.8722 36.6185,
	22.8722 36.5857,
	22.8067 36.5365,
	22.7739 36.5202,
	22.6428 36.5857,
	22.5118 36.7004,
	22.4462 36.7168,
	22.3643 36.5857,
	22.3479 36.5529,
	22.4298 36.4219,
	22.5609 36.3399,
	22.692 36.2908,
	22.7575 36.2416,
	23.0197 36.2252,
	23.2818 36.2416,
	23.544 36.3399,
	23.8061 36.3727,
	23.9372 36.3072,
	24.0682 36.2089,
	24.2976 35.9467,
	24.4123 35.8812,
	24.5434 35.9795,
	24.6253 36.1106,
	24.7564 36.1597,
	24.8219 36.1761,
	24.8874 36.1597,
	24.953 36.1761,
	24.9694 36.1597,
	25.1004 36.2252,
	25.1496 36.2908,
	25.1824 36.4219,
	25.0349 36.684,
	25.0021 36.7332,
	25.0677 36.8642,
	25.1004 36.9953,
	24.9858 37.2574,
	24.8547 37.3721,
	24.5925 37.4868,
	24.4615 37.5524,
	24.4287 37.5851,
	24.4942 37.6343,
	24.6253 37.667,
	24.7564 37.7654,
	24.8219 37.8309,
	24.953 37.8964,
	25.0841 37.7981,
	25.1332 37.7326,
	25.1824 37.4704,
	25.166 37.4049,
	25.1496 37.3721,
	25.166 37.3066,
	25.2971 37.1755,
	25.5592 37.0281,
	25.6903 37.0117,
	25.8213 37.0281,
	26.0835 36.9789,
	26.6078 36.7659,
	26.6733 36.7495,
	26.9355 36.7987,
	27.1976 36.9134,
	27.3287 36.9625,
	27.3942 36.9953,
	27.4925 37.1264,
	27.5417 37.2574,
	27.5581 37.323,
	27.5253 37.3885,
	27.4925 37.4213,
	27.4925 37.4541,
	27.5253 37.4704,
	27.7874 37.3557,
	27.9185 37.3066,
	28.1807 37.2738,
	28.4428 37.2902,
	28.5739 37.3066,
	28.836 37.2738,
	28.9671 37.3066,
	29.0326 37.3394,
	29.1637 37.4541,
	29.2292 37.4704,
	29.4914 37.6343,
	29.7535 37.6998,
	29.8846 37.6834,
	29.9174 37.667,
	29.9829 37.6834,
	30.0157 37.6834,
	30.0812 37.7326,
	30.2123 37.7654,
	30.3434 37.749,
	30.4089 37.7162,
	30.54 37.7326,
	30.671 37.8145,
	30.753 37.9456,
	30.8021 38.0766,
	30.8021 38.3388,
	30.8185 38.4699,
	30.8185 38.5354,
	30.8513 38.6009,
	30.8513 38.6337,
	30.9823 38.7484,
	31.1134 38.7975,
	31.2445 38.8139,
	31.31 38.8303,
	31.5722 38.7812,
	31.8343 38.6992,
	31.9654 38.6337,
	32.0309 38.5682,
	32.162 38.5518,
	32.2275 38.5518,
	32.2931 38.5026,
	32.3586 38.4863,
	32.3914 38.519,
	32.375 38.7812,
	32.3094 38.9122,
	32.2767 38.9778,
	32.3094 39.0433,
	32.5716 39.1908,
	32.7027 39.2399,
	32.8337 39.2399,
	33.0959 39.1416,
	33.358 39.0925,
	33.4236 39.0761,
	33.4563 39.0761,
	33.5383 38.945,
	33.571 38.8139,
	33.6038 38.7484,
	33.7349 38.6992,
	33.8659 38.6829,
	34.1281 38.7156,
	34.2592 38.732,
	34.3247 38.7156,
	34.4558 38.5846,
	34.4885 38.519,
	34.5541 38.4699,
	34.6196 38.4535,
	34.6851 38.4699,
	34.7343 38.6009,
	34.6688 38.732,
	34.7507 38.8631,
	34.7998 38.9286,
	34.7671 38.9942,
	34.636 39.0597,
	34.5049 39.0925,
	34.2428 39.2072,
	34.1117 39.2235,
	33.9806 39.2072,
	33.8496 39.158,
	33.784 39.1252,
	33.7185 39.1416,
	33.5874 39.2235,
	33.4563 39.2727,
	33.3908 39.2891,
	33.2761 39.2235,
	33.014 39.3546,
	32.8829 39.4201,
	32.7682 39.5512,
	32.6371 39.6331,
	32.5716 39.6495,
	32.3094 39.6168,
	32.2439 39.6004,
	31.9818 39.7151,
	31.8507 39.7806,
	31.8179 39.797,
	32.0637 39.9936,
	32.1948 40.1083,
	32.3258 40.141,
	32.8501 39.9772,
	32.8829 39.9608,
	32.9484 40.0264,
	32.9648 40.0591,
	32.8337 40.3213,
	32.7682 40.4523,
	32.7354 40.5179,
	32.719 40.5506,
	32.7518 40.6162,
	32.8665 40.7473,
	32.8337 41.0094,
	32.8337 41.0422,
	32.8993 41.0913,
	32.8829 41.1569,
	32.8174 41.206,
	32.5552 41.1077,
	32.2931 41.0913,
	32.0309 41.0422,
	31.8998 41.0913,
	31.8835 41.1241,
	31.9326 41.2552,
	31.949 41.2879,
	31.8343 41.419,
	31.7688 41.4845,
	31.6377 41.5337,
	31.3756 41.5665,
	31.2445 41.6156,
	31.1298 41.7139,
	31.31 41.9761,
	31.3428 42.1071,
	31.3428 42.1727,
	31.3428 42.2054,
	31.3756 42.2382,
	31.5066 42.1891,
	31.7688 42.1727,
	32.0309 42.1891,
	32.0965 42.2218,
	32.0637 42.2874,
	31.8015 42.3365,
	31.736 42.3201,
	31.6049 42.3529,
	31.4739 42.4184,
	31.3428 42.5331,
	31.2117 42.615,
	31.0806 42.6478,
	31.0315 42.5823,
	31.0479 42.5167,
	31.0479 42.484,
	30.9823 42.4348,
	30.8513 42.484,
	30.7857 42.5331,
	30.6547 42.5495,
	30.5891 42.5495,
	30.54 42.484,
	30.4089 42.4676,
	30.3434 42.4676,
	30.2942 42.4021,
	30.3106 42.3365,
	30.2942 42.3037,
	30.0321 42.2054,
	29.9665 42.2054,
	29.7044 42.3365,
	29.6388 42.3529,
	29.5733 42.3365,
	29.3931 42.0744,
	29.3275 41.9433,
	29.2948 41.8778,
	29.2292 41.8286,
	29.1637 41.8122,
	29.0326 41.845,
	28.7705 41.8614,
	28.5083 41.9105,
	27.984 42.0744,
	27.7219 42.2054,
	27.5908 42.271,
	27.3451 42.5004,
	27.2959 42.7625,
	27.3614 42.8936,
	27.3451 42.9591,
	27.214 43.0083,
	27.1648 42.9919,
	27.0338 43.0574,
	26.9682 43.0738,
	26.9027 43.123,
	26.8699 43.1393,
	26.8044 43.0902,
	26.7552 43.1557,
	26.7389 43.2213,
	26.7061 43.254,
	26.6405 43.254,
	26.4112 43.5162,
	26.3292 43.6472,
	26.3129 43.7783,
	26.3292 43.9094,
	26.6078 44.4337,
	26.6733 44.4664,
	26.7389 44.4173,
	26.7552 44.2862,
	26.7389 44.2207,
	26.788 44.1715,
	26.8535 44.2043,
	27.1157 44.4501,
	27.2468 44.532,
	27.3778 44.5484,
	27.4434 44.5648,
	27.4761 44.5648,
	27.3778 44.6958,
	27.2468 44.8269,
	27.1976 44.958,
	27.2631 45.0071,
	27.5253 44.958,
	27.7874 44.8597,
	28.0496 44.6794,
	28.1807 44.6467,
	28.7049 44.7122,
	28.9671 44.7614,
	29.0818 44.876,
	29.1145 45.1382,
	29.0818 45.2693,
	28.9999 45.384,
	28.7377 45.4823,
	28.6066 45.4986,
	28.5411 45.4823,
	28.41 45.4986,
	28.2298 45.7608,
	28.0987 45.8591,
	27.5744 46.0885,
	27.5417 46.1049,
	27.2795 45.941,
	27.0174 45.9902,
	26.4931 45.7444,
	26.2309 45.6953,
	26.0999 45.6461,
	25.9688 45.6297,
	25.7067 45.6789,
	25.5756 45.728,
	25.3954 45.9902,
	25.3134 46.1212,
	25.2643 46.1868,
	25.3954 46.4489,
	25.51 46.58,
	25.7722 46.7111,
	25.8869 46.7602,
	25.8377 46.8258,
	25.5756 46.8094,
	25.4445 46.7602,
	25.3134 46.6783,
	25.1987 46.5472,
	25.0513 46.2851,
	25.0349 46.2195,
	25.0677 46.0885,
	25.0841 46.0229,
	25.1004 45.9902,
	25.0349 45.941,
	25.0021 45.9246,
	24.8711 45.9902,
	24.74 46.1049,
	24.6745 46.1212,
	24.6089 46.0885,
	24.5761 46.0229,
	24.5598 45.9902,
	24.6253 45.8591,
	24.6581 45.728,
	24.7728 45.597,
	24.8547 45.4659,
	24.8711 45.3348,
	24.8711 45.302,
	24.6581 45.0399,
	24.527 44.9907,
	24.4942 44.9744,
	24.4287 45.0071,
	24.3632 45.0727,
	24.2976 45.1054,
	24.1665 45.1054,
	24.101 45.0727,
	23.8389 45.1546,
	23.7078 45.0563,
	23.4456 44.9416,
	23.3801 44.9416,
	23.249 44.876,
	23.1835 44.8105,
	23.1671 44.7777,
	23.2654 44.6467,
	23.3965 44.5648,
	23.462 44.5156,
	23.4948 44.4501,
	23.4129 44.319,
	23.4456 44.2535,
	23.9699 43.9422,
	24.101 43.8766,
	24.1665 43.8111,
	24.101 43.68,
	24.0355 43.6145,
	23.9699 43.4834,
	23.9536 43.467,
	24.0355 43.3359,
	24.2976 43.2049,
	24.3468 43.1393,
	24.3795 43.1066,
	24.3468 42.9755,
	24.3632 42.9427,
	24.2321 42.828,
	24.101 42.7953,
	24.0355 42.8117,
	23.9699 42.7953,
	23.8552 42.6642,
	23.9208 42.5331,
	23.9536 42.4676,
	23.888 42.3365,
	23.8225 42.3037,
	23.7242 42.1727,
	23.5931 42.0908,
	23.544 41.9597,
	23.5603 41.8941,
	23.544 41.8286,
	23.4129 41.7303,
	23.331 41.5992,
	23.3146 41.5665,
	23.3473 41.5009,
	23.4129 41.4682,
	23.544 41.5009,
	23.6095 41.4845,
	23.8225 41.2224,
	23.8389 41.1896,
	23.7733 41.0586,
	23.7406 40.9275,
	23.7569 40.8619,
	23.7406 40.7964,
	23.4784 40.649,
	23.249 40.3868,
	23.1016 40.1247,
	23.036 40.01,
	23.1671 39.9281,
	23.1999 39.9117,
	23.331 39.9936,
	23.3965 40.01,
	23.5276 39.9772,
	23.6586 39.8953,
	23.7897 39.7806,
	23.8552 39.7151,
	23.9208 39.584,
	23.9208 39.4529,
	23.888 39.3218,
	23.5767 38.7975,
	23.4784 38.6665,
	23.4948 38.6009,
	23.544 38.5354,
	23.675 38.4863,
	23.8061 38.5026,
	23.8552 38.5682,
	23.8716 38.6009,
	23.8061 38.732,
	23.7897 38.7648,
	23.8389 38.8139,
	23.9699 38.732,
	24.1665 38.4699,
	24.2976 38.4043,
	24.3632 38.3716,
	24.5925 38.1094,
	24.6089 38.0766,
	24.4778 37.962,
	24.3468 37.88,
	24.2157 37.8473,
	24.1502 37.8145,
	24.1174 37.7981,
	24.0846 37.8309,
	24.0519 37.962,
	23.9208 38.0766,
	23.7897 38.1422,
	23.7242 38.1258,
	23.6914 38.0603,
	23.6423 38.0275,
	23.5603 38.1586,
	23.4293 38.2241,
	22.905 38.306,
	22.7739 38.3224,
	22.6428 38.3879,
	22.5118 38.3716,
	22.4462 38.3224,
	22.4134 38.306,
	22.2988 37.7817,
	22.2496 37.6507,
	22.2496 37.1264,
	"/>
<Contour name="TB2_BasalCell07_CM_LES" hidden="false" closed="true" simplified="true" border="0.98 0.773 0.91" fill="1 0 0.5" mode="-11"
 points="29.5241 44.2535,
	29.5897 44.2043,
	29.8518 44.2371,
	29.9174 44.2535,
	29.9501 44.2535,
	29.9993 44.1879,
	29.9993 44.0568,
	29.9993 44.0241,
	29.8682 44.0077,
	29.8027 44.0077,
	29.7535 43.9585,
	29.7535 43.9258,
	29.8846 43.8439,
	30.0157 43.8111,
	30.1467 43.7292,
	30.2778 43.6964,
	30.3106 43.5653,
	30.2942 43.4998,
	30.327 43.4342,
	30.327 43.4015,
	30.3597 43.3687,
	30.4908 43.3359,
	30.6219 43.3523,
	30.753 43.4015,
	31.0151 43.4342,
	31.2281 43.2049,
	31.2609 43.1393,
	31.3264 43.0902,
	31.4575 43.0574,
	31.523 43.0246,
	31.5558 42.9919,
	31.5394 42.8608,
	31.5885 42.7297,
	31.7196 42.6314,
	32.2439 42.6642,
	32.5061 42.7297,
	32.5716 42.7953,
	32.8337 42.91,
	33.0959 42.9263,
	33.227 42.9427,
	33.4891 43.041,
	33.7512 43.0902,
	34.0134 43.2376,
	34.0789 43.2704,
	34.21 43.2704,
	34.3411 43.3032,
	34.3738 43.3359,
	34.4066 43.3359,
	34.5377 43.4342,
	34.5541 43.5653,
	34.5377 43.6309,
	34.423 43.7128,
	34.3575 43.7128,
	34.2264 43.5981,
	34.1117 43.5162,
	33.8496 43.4998,
	33.7185 43.5162,
	33.6529 43.5162,
	33.5874 43.5489,
	33.5546 43.5817,
	33.5546 43.6472,
	33.5874 43.68,
	33.7185 43.6964,
	33.784 43.7455,
	33.784 43.8111,
	33.784 43.8439,
	33.7185 43.8766,
	33.4563 43.8602,
	33.3908 43.8111,
	33.3744 43.68,
	33.3744 43.6145,
	33.2433 43.5981,
	32.9812 43.6964,
	32.9157 43.7292,
	32.8829 43.7619,
	32.8665 43.893,
	32.8665 43.9258,
	32.932 43.9913,
	32.9648 43.9913,
	33.0631 44.1224,
	33.0631 44.1551,
	33.0303 44.1879,
	32.8993 44.2043,
	32.7682 44.1388,
	32.7027 44.106,
	32.6371 44.106,
	32.5716 44.1388,
	32.5388 44.2043,
	32.4077 44.319,
	32.2767 44.3518,
	32.1456 44.4173,
	32.0801 44.4501,
	32.0145 44.4337,
	31.9818 44.3681,
	31.9981 44.2371,
	32.0473 44.106,
	32.0637 43.9749,
	31.9981 43.8602,
	31.9326 43.8275,
	31.9326 43.7947,
	31.9818 43.7292,
	31.9981 43.5981,
	31.9818 43.5326,
	31.9654 43.4998,
	31.8998 43.4998,
	31.8343 43.5489,
	31.7852 43.68,
	31.7032 43.7947,
	31.6377 43.8439,
	31.5066 43.8602,
	31.4411 43.8602,
	31.31 43.9094,
	31.0479 43.9258,
	30.9168 43.9749,
	30.8513 43.9913,
	30.7202 44.0732,
	30.6874 44.1388,
	30.5563 44.2207,
	30.4908 44.2535,
	30.3597 44.2698,
	30.245 44.3845,
	30.114 44.4337,
	30.0484 44.4664,
	29.9829 44.4664,
	29.8518 44.5484,
	29.7863 44.5811,
	29.6552 44.5648,
	29.5897 44.5156,
	29.5405 44.3845,
	29.5241 44.2698,
	"/>
<Contour name="TB2_BasalCell07_CM_LES" hidden="false" closed="true" simplified="true" border="0.98 0.773 0.91" fill="1 0 0.5" mode="-11"
 points="28.8196 43.0574,
	28.9343 42.9263,
	29.0654 42.8936,
	29.3275 42.91,
	29.5897 42.7625,
	29.8518 42.7789,
	29.9829 42.7297,
	30.245 42.5823,
	30.3106 42.5331,
	30.4417 42.5331,
	30.5072 42.5495,
	30.5727 42.5987,
	30.6055 42.6314,
	30.6219 42.697,
	30.671 42.7461,
	30.7366 42.7625,
	30.8021 42.7461,
	30.9332 42.6642,
	31.0643 42.6806,
	31.1298 42.697,
	31.2609 42.6478,
	31.3919 42.6478,
	31.4575 42.6806,
	31.5066 42.7461,
	31.523 42.8117,
	31.5066 42.8772,
	31.2445 42.9755,
	31.1298 43.0083,
	31.2609 43.123,
	31.2772 43.1557,
	31.2445 43.2213,
	31.1789 43.2376,
	30.9168 43.0246,
	30.8513 42.9919,
	30.7202 43.0083,
	30.5891 43.0738,
	30.5236 43.123,
	30.4908 43.1557,
	30.4253 43.1557,
	30.2942 43.0738,
	30.2614 43.041,
	30.1959 43.0246,
	30.0812 43.123,
	29.8191 43.1885,
	29.7044 43.3196,
	29.6716 43.3851,
	29.5405 43.4998,
	29.475 43.5489,
	29.4095 43.5653,
	29.2784 43.5162,
	29.1473 43.5326,
	29.0162 43.4506,
	28.8688 43.1885,
	28.8196 43.0738,
	"/>
</Transform>

<Transform dim="0"
 xcoef=" 0 1 0 0 0 0"
 ycoef=" 0 0 1 0 0 0">
<Contour name="TB2_NF07_RSL" hidden="false" closed="true" simplified="true" border="0 0 0.501961" fill="0 0 0.501961" mode="-9"
 points="19.6417 39.9105,
	19.6525 39.8672,
	19.6579 39.8456,
	19.6687 39.8348,
	19.7119 39.8294,
	19.7336 39.8294,
	19.7444 39.8294,
	19.8255 39.8888,
	19.8633 39.9267,
	19.9498 40.0997,
	19.9714 40.1429,
	19.9823 40.1646,
	19.9931 40.1754,
	20.0904 40.5214,
	20.1066 40.6079,
	20.139 40.6944,
	20.1445 40.716,
	20.2147 40.8025,
	20.285 40.8782,
	20.4526 41.0458,
	20.4688 41.0566,
	20.631 41.2242,
	20.6689 41.2675,
	20.8527 41.6135,
	20.8797 41.7,
	20.8797 41.7432,
	20.8797 41.7541,
	20.8905 41.7649,
	20.8689 41.8081,
	20.8365 41.846,
	20.7932 41.8514,
	20.7067 41.8189,
	20.6635 41.7811,
	20.6202 41.7541,
	20.5499 41.6676,
	20.4959 41.5811,
	20.4688 41.5432,
	20.4256 41.5,
	20.258 41.3702,
	20.1823 41.2999,
	20.139 41.2621,
	20.1174 41.2513,
	20.0958 41.2296,
	20.0796 41.2188,
	20.0417 41.181,
	19.9228 41.0134,
	19.8958 40.9701,
	19.8417 40.7971,
	19.8147 40.7106,
	19.7984 40.6674,
	19.793 40.6457,
	19.7822 40.6403,
	19.7228 40.4673,
	19.7011 40.3808,
	19.6903 40.3592,
	19.6849 40.2727,
	19.6957 40.1862,
	19.6957 40.1429,
	19.6957 40.1213,
	19.6633 40.0348,
	19.6417 39.9483,
	19.6417 39.9267,
	19.6417 39.9159,
	"/>
<Contour name="TB2_NF07_RSL" hidden="false" closed="true" simplified="true" border="0 0 0.501961" fill="0 0 0.501961" mode="-9"
 points="18.7172 38.7751,
	18.7388 38.6886,
	18.755 38.6453,
	18.782 38.6021,
	18.7928 38.5805,
	18.8739 38.4994,
	18.9172 38.4723,
	18.9388 38.4561,
	18.9496 38.4345,
	19.0361 38.3588,
	19.0794 38.3372,
	19.2524 38.3156,
	19.2956 38.3156,
	19.3173 38.3101,
	19.3605 38.321,
	19.3821 38.3264,
	19.393 38.3264,
	19.4146 38.348,
	19.4362 38.3588,
	19.4795 38.4021,
	19.5822 38.5751,
	19.7173 38.7427,
	19.7768 38.8184,
	19.8147 38.8616,
	19.8471 38.894,
	19.8471 38.9049,
	19.9228 38.986,
	19.9552 39.0238,
	19.9985 39.0616,
	20.0255 39.0995,
	20.0417 39.1211,
	20.0634 39.1319,
	20.0742 39.1373,
	20.0634 39.1427,
	20.0525 39.1373,
	20.0796 39.1806,
	20.0904 39.1914,
	20.085 39.2022,
	20.0417 39.1644,
	20.0255 39.1427,
	20.0147 39.1319,
	19.8417 39.0833,
	19.7552 39.0725,
	19.6687 39.0779,
	19.6254 39.0833,
	19.5389 39.1157,
	19.4957 39.1427,
	19.4146 39.2238,
	19.3551 39.3103,
	19.3389 39.3536,
	19.3443 39.3968,
	19.3389 39.4077,
	19.3065 39.3644,
	19.2848 39.3482,
	19.2686 39.3049,
	19.2902 39.2184,
	19.3065 39.1752,
	19.3065 39.1644,
	19.3605 39.0779,
	19.3821 39.0562,
	19.4092 39.013,
	19.447 38.9697,
	19.4741 38.9265,
	19.4795 38.9049,
	19.4632 38.8616,
	19.4362 38.8238,
	19.393 38.7859,
	19.3713 38.7697,
	19.3605 38.6832,
	19.3767 38.5967,
	19.3821 38.5534,
	19.3767 38.5318,
	19.3767 38.521,
	19.2902 38.4723,
	19.2686 38.4561,
	19.2254 38.4507,
	19.1389 38.4723,
	19.0956 38.4886,
	19.0091 38.4994,
	18.9658 38.5102,
	18.9226 38.5318,
	18.901 38.5534,
	18.8739 38.5967,
	18.8685 38.6183,
	18.8415 38.6616,
	18.8253 38.6832,
	18.8307 38.7048,
	18.8415 38.7156,
	18.8848 38.721,
	18.9064 38.7264,
	18.9226 38.7481,
	18.928 38.7697,
	18.9226 38.7913,
	18.8848 38.8238,
	18.7982 38.8508,
	18.7766 38.8562,
	18.7658 38.8562,
	18.7442 38.8724,
	18.728 38.8562,
	18.7172 38.8129,
	18.7172 38.7913,
	18.7172 38.7805,
	"/>
</Transform>

<Transform dim="0"
 xcoef=" 0 1 0 0 0 0"
 ycoef=" 0 0 1 0 0 0">
<Image mag="0.00749" contrast="1" brightness="0" red="true" green="true" blue="true"
 src="Alg_stitch3-4_301.tif" />
<Contour name="TB1_t3cell02_synapse" hidden="false" closed="true" simplified="false" border="0 0 1" fill="0 0 1" mode="11"
 points="0 0,
	15652 0,
	15652 8578,
	0 8578,
	"/>
</Transform>

</Section>