<?xml version="1.0"?>
<!DOCTYPE Section SYSTEM "section.dtd">

<Section index="222" thickness="0.08" alignLocked="true">
<Transform dim="0"
 xcoef=" 0 1 0 0 0 0"
 ycoef=" 0 0 1 0 0 0">
<Image mag="0.00749" contrast="1" brightness="0" red="true" green="true" blue="true"
 src="Alg_stitch3-4_222.tif" />
<Contour name="domain1" hidden="false" closed="true" simplified="false" border="1 0 1" fill="1 0 1" mode="11"
 points="0 0,
	15652 0,
	15652 8578,
	0 8578,
	"/>
</Transform>

<Transform dim="0"
 xcoef=" 0 1 0 0 0 0"
 ycoef=" 0 0 1 0 0 0">
<Contour name="TB3_NF01-PG_RSL" hidden="false" closed="true" simplified="true" border="1 1 0" fill="1 1 0" mode="-9"
 points="14.91 15.69,
	14.95 15.68,
	14.97 15.69,
	15.13 15.66,
	15.21 15.66,
	15.53 15.57,
	15.69 15.56,
	16.01 15.58,
	16.17 15.64,
	16.33 15.72,
	16.49 15.82,
	16.57 15.88,
	16.64 15.96,
	16.96 16.17,
	17 16.21,
	17.08 16.24,
	17.16 16.29,
	17.32 16.32,
	17.48 16.31,
	17.64 16.26,
	17.72 16.2,
	17.78 16.14,
	17.9 15.99,
	17.97 15.91,
	18.05 15.86,
	18.13 15.86,
	18.29 15.9,
	18.37 15.93,
	18.39 15.95,
	18.4 16.03,
	18.42 16.07,
	18.42 16.15,
	18.41 16.19,
	18.28 16.35,
	18.21 16.42,
	18.19 16.46,
	18.15 16.49,
	18.1 16.56,
	18.03 16.62,
	17.91 16.78,
	17.77 16.92,
	17.61 17.05,
	17.45 17.11,
	17.37 17.14,
	16.73 17.16,
	16.57 17.16,
	16.41 17.13,
	16.37 17.13,
	16.33 17.11,
	16.01 17.04,
	15.93 17.02,
	15.77 17.02,
	15.61 17.06,
	15.53 17.09,
	15.45 17.16,
	15.29 17.26,
	15.13 17.33,
	15.05 17.38,
	15.01 17.4,
	14.97 17.44,
	14.95 17.46,
	14.94 16.18,
	14.94 15.86,
	14.93 15.71,
	14.91 15.7,
	"/>
</Transform>

<Transform dim="0"
 xcoef=" 0 1 0 0 0 0"
 ycoef=" 0 0 1 0 0 0">
<Contour name="TB1_Shell_RSL" hidden="false" closed="true" simplified="true" border="0.752941 0.752941 0.752941" fill="0.752941 0.752941 0.752941" mode="9"
 points="62.8815 31.8003,
	62.9394 31.6846,
	62.8236 31.6267,
	62.9973 30.7006,
	62.9973 29.7745,
	63.113 29.3115,
	63.5182 28.8485,
	63.6339 28.617,
	64.0391 28.1539,
	64.2706 27.6909,
	64.3285 27.2278,
	64.6179 26.3018,
	64.7336 26.0703,
	64.9652 26.1281,
	64.9073 26.3597,
	64.7336 26.5912,
	64.6179 27.0542,
	64.6758 27.2278,
	65.1388 26.8227,
	65.6597 25.8966,
	66.1228 25.6651,
	66.3543 25.5493,
	68.2064 25.5493,
	68.6695 25.6651,
	69.5955 26.0703,
	70.5216 26.3597,
	70.9846 26.7648,
	71.274 27.2278,
	71.3898 27.4594,
	71.4477 28.3854,
	71.4477 28.8485,
	71.2161 29.7745,
	71.274 30.7006,
	71.4477 31.1637,
	71.4477 31.3952,
	70.5795 32.3791,
	70.1164 32.6106,
	69.1904 32.7843,
	68.2643 32.8422,
	67.8013 32.9579,
	67.5697 33.0737,
	67.1067 33.0737,
	66.6437 32.9579,
	65.7176 32.5528,
	64.7915 32.2634,
	64.3285 32.2634,
	63.4024 31.974,
	62.9394 31.9161,
	62.8815 31.9161,
	"/>
</Transform>

<Transform dim="0"
 xcoef=" 0 1 0 0 0 0"
 ycoef=" 0 0 1 0 0 0">
<Contour name="TB1_NF53_LES" hidden="false" closed="true" simplified="true" border="1 0.501961 0.501961" fill="1 0.501961 0.501961" mode="-9"
 points="88.3155 40.7214,
	88.3287 40.6686,
	88.3946 40.5631,
	88.4606 40.4972,
	88.5661 40.484,
	88.6189 40.5103,
	88.6716 40.5103,
	88.7244 40.5367,
	88.9355 40.5235,
	88.9882 40.5235,
	89.0278 40.5631,
	89.041 40.6686,
	89.0014 40.8797,
	88.975 40.9325,
	88.9223 40.9852,
	88.8959 41.0116,
	88.7903 41.0248,
	88.5793 40.9984,
	88.5265 40.9852,
	88.4342 40.9061,
	88.3287 40.8929,
	88.3155 40.7874,
	88.3155 40.7346,
	"/>
<Contour name="TB1_NF53_LES" hidden="false" closed="true" simplified="true" border="1 0.501961 0.501961" fill="1 0.501961 0.501961" mode="-9"
 points="85.8751 40.9984,
	85.8883 40.8929,
	85.9015 40.8401,
	85.9015 40.8137,
	85.941 40.761,
	86.1521 40.6818,
	86.2049 40.695,
	86.2181 40.7478,
	86.1917 40.8533,
	86.1917 40.9589,
	86.1521 41.0644,
	86.1257 41.0908,
	86.0729 41.0908,
	86.0202 41.1303,
	85.9674 41.1435,
	85.9147 41.1303,
	85.8751 41.0776,
	85.8751 41.0248,
	85.8751 41.0116,
	"/>
</Transform>

<Transform dim="0"
 xcoef=" 0 1 0 0 0 0"
 ycoef=" 0 0 1 0 0 0">
<Contour name="TB1_NF53_LES" hidden="false" closed="true" simplified="true" border="1 0.501961 0.501961" fill="1 0.501961 0.501961" mode="-9"
 points="91.7716 43.3069,
	91.8111 43.2541,
	91.8507 43.1486,
	91.8507 43.0958,
	91.8639 43.0826,
	91.8375 42.9771,
	91.8243 42.7661,
	91.8375 42.6605,
	91.8771 42.555,
	91.9299 42.5154,
	91.9826 42.5154,
	92.0486 42.6078,
	92.0882 42.6605,
	92.1937 42.7001,
	92.2596 42.8056,
	92.2465 43.0167,
	92.2728 43.1222,
	92.2992 43.175,
	92.2992 43.1222,
	92.3124 43.0958,
	92.3256 43.2014,
	92.3124 43.2541,
	92.286 43.2805,
	92.2333 43.2937,
	92.1805 43.2805,
	91.9694 43.3201,
	91.8639 43.4124,
	91.8111 43.3992,
	91.7848 43.3729,
	91.7716 43.3201,
	"/>
<Contour name="TB1_NF53_LES" hidden="false" closed="true" simplified="true" border="1 0.501961 0.501961" fill="1 0.501961 0.501961" mode="-9"
 points="91.6924 43.729,
	91.7188 43.6763,
	91.7716 43.6235,
	91.8771 43.6103,
	91.9299 43.5839,
	92.1409 43.6103,
	92.1937 43.6631,
	92.2201 43.7158,
	92.2069 43.8214,
	92.1409 43.9269,
	92.0486 44.0192,
	91.9431 44.0456,
	91.8903 44.0588,
	91.8639 44.072,
	91.7584 43.9665,
	91.7188 43.9137,
	91.6924 43.8082,
	91.6924 43.7554,
	91.6924 43.7422,
	"/>
</Transform>

<Transform dim="0"
 xcoef=" 0 1 0 0 0 0"
 ycoef=" 0 0 1 0 0 0">
<Contour name="TB1_NF53_LES" hidden="false" closed="true" simplified="true" border="1 0.501961 0.501961" fill="1 0.501961 0.501961" mode="-9"
 points="89.7533 42.2648,
	89.7929 42.1593,
	89.8061 42.0537,
	89.8061 42.001,
	89.8325 41.9482,
	89.8852 41.8954,
	89.9908 41.8559,
	90.0963 41.8427,
	90.2018 41.869,
	90.3073 41.9614,
	90.3469 42.0669,
	90.3337 42.1724,
	90.2942 42.278,
	90.3073 42.489,
	90.3469 42.5286,
	90.558 42.5022,
	90.6107 42.5154,
	90.7031 42.6078,
	90.7558 42.7133,
	90.835 42.8056,
	90.8746 42.832,
	90.8878 42.8188,
	90.9405 42.8584,
	90.9669 42.8716,
	90.9141 42.9112,
	90.9009 42.898,
	90.9141 43.0035,
	90.9141 43.0299,
	90.8614 43.0826,
	90.6503 43.0958,
	90.5975 43.1222,
	90.492 43.2277,
	90.4129 43.3201,
	90.3073 43.3333,
	90.2546 43.2805,
	90.1886 43.0695,
	90.149 42.9639,
	90.0963 42.9112,
	90.0699 42.8584,
	90.0171 42.8056,
	89.9116 42.7397,
	89.8061 42.6473,
	89.7665 42.5946,
	89.7533 42.3835,
	89.7533 42.278,
	"/>
</Transform>

<Transform dim="0"
 xcoef=" 0 1 0 0 0 0"
 ycoef=" 0 0 1 0 0 0">
<Image mag="0.00749" contrast="1" brightness="0" red="true" green="true" blue="true"
 src="Alg_stitch3-4_222.tif" />
<Contour name="domain1" hidden="false" closed="true" simplified="false" border="1 0 1" fill="1 0 1" mode="11"
 points="0 0,
	15652 0,
	15652 8578,
	0 8578,
	"/>
</Transform>

<Transform dim="0"
 xcoef=" 0 1 0 0 0 0"
 ycoef=" 0 0 1 0 0 0">
<Image mag="0.00749" contrast="1" brightness="0" red="true" green="true" blue="true"
 src="Alg_stitch3-4_222.tif" />
<Contour name="domain1" hidden="false" closed="true" simplified="false" border="1 0 1" fill="1 0 1" mode="11"
 points="0 0,
	15652 0,
	15652 8578,
	0 8578,
	"/>
</Transform>

<Transform dim="0"
 xcoef=" 0 1 0 0 0 0"
 ycoef=" 0 0 1 0 0 0">
<Image mag="0.00749" contrast="1" brightness="0" red="true" green="true" blue="true"
 src="Alg_stitch3-4_222.tif" />
<Contour name="domain1" hidden="false" closed="true" simplified="false" border="1 0 1" fill="1 0 1" mode="11"
 points="0 0,
	15652 0,
	15652 8578,
	0 8578,
	"/>
</Transform>

<Transform dim="0"
 xcoef=" 0 1 0 0 0 0"
 ycoef=" 0 0 1 0 0 0">
<Image mag="0.00749" contrast="1" brightness="0" red="true" green="true" blue="true"
 src="Alg_stitch3-4_222.tif" />
<Contour name="domain1" hidden="false" closed="true" simplified="false" border="1 0 1" fill="1 0 1" mode="11"
 points="0 0,
	15652 0,
	15652 8578,
	0 8578,
	"/>
</Transform>

<Transform dim="0"
 xcoef=" 0 1 0 0 0 0"
 ycoef=" 0 0 1 0 0 0">
<Image mag="0.00749" contrast="1" brightness="0" red="true" green="true" blue="true"
 src="Alg_stitch3-4_222.tif" />
<Contour name="DENucleus2" hidden="false" closed="true" simplified="false" border="0 0 0.627" fill="0 0 0.627" mode="11"
 points="0 0,
	15652 0,
	15652 8578,
	0 8578,
	"/>
</Transform>

<Transform dim="0"
 xcoef=" 0 1 0 0 0 0"
 ycoef=" 0 0 1 0 0 0">
<Image mag="0.00749" contrast="1" brightness="0" red="true" green="true" blue="true"
 src="Alg_stitch3-4_222.tif" />
<Contour name="domain1" hidden="false" closed="true" simplified="false" border="1 0 1" fill="1 0 1" mode="11"
 points="0 0,
	15652 0,
	15652 8578,
	0 8578,
	"/>
</Transform>

<Transform dim="0"
 xcoef=" 0 1 0 0 0 0"
 ycoef=" 0 0 1 0 0 0">
<Image mag="0.00749" contrast="1" brightness="0" red="true" green="true" blue="true"
 src="Alg_stitch3-4_222.tif" />
<Contour name="domain1" hidden="false" closed="true" simplified="false" border="1 0 1" fill="1 0 1" mode="11"
 points="0 0,
	15652 0,
	15652 8578,
	0 8578,
	"/>
</Transform>

<Transform dim="0"
 xcoef=" 0 1 0 0 0 0"
 ycoef=" 0 0 1 0 0 0">
<Image mag="0.00749" contrast="1" brightness="0" red="true" green="true" blue="true"
 src="Alg_stitch3-4_222.tif" />
<Contour name="domain1" hidden="false" closed="true" simplified="false" border="1 0 1" fill="1 0 1" mode="11"
 points="0 0,
	15652 0,
	15652 8578,
	0 8578,
	"/>
</Transform>

<Transform dim="0"
 xcoef=" 0 1 0 0 0 0"
 ycoef=" 0 0 1 0 0 0">
<Image mag="0.00749" contrast="1" brightness="0" red="true" green="true" blue="true"
 src="Alg_stitch3-4_222.tif" />
<Contour name="domain1" hidden="false" closed="true" simplified="false" border="1 0 1" fill="1 0 1" mode="11"
 points="0 0,
	15652 0,
	15652 8578,
	0 8578,
	"/>
</Transform>

<Transform dim="0"
 xcoef=" 0 1 0 0 0 0"
 ycoef=" 0 0 1 0 0 0">
<Image mag="0.00749" contrast="1" brightness="0" red="true" green="true" blue="true"
 src="Alg_stitch3-4_222.tif" />
<Contour name="domain1" hidden="false" closed="true" simplified="false" border="1 0 1" fill="1 0 1" mode="11"
 points="0 0,
	15652 0,
	15652 8578,
	0 8578,
	"/>
</Transform>

<Transform dim="0"
 xcoef=" 0 1 0 0 0 0"
 ycoef=" 0 0 1 0 0 0">
<Image mag="0.00749" contrast="1" brightness="0" red="true" green="true" blue="true"
 src="Alg_stitch3-4_222.tif" />
<Contour name="domain1" hidden="false" closed="true" simplified="false" border="1 0 1" fill="1 0 1" mode="11"
 points="0 0,
	15652 0,
	15652 8578,
	0 8578,
	"/>
</Transform>

<Transform dim="0"
 xcoef=" 0 1 0 0 0 0"
 ycoef=" 0 0 1 0 0 0">
<Image mag="0.00749" contrast="1" brightness="0" red="true" green="true" blue="true"
 src="Alg_stitch3-4_222.tif" />
<Contour name="domain1" hidden="false" closed="true" simplified="false" border="1 0 1" fill="1 0 1" mode="11"
 points="0 0,
	15652 0,
	15652 8578,
	0 8578,
	"/>
</Transform>

<Transform dim="0"
 xcoef=" 0 1 0 0 0 0"
 ycoef=" 0 0 1 0 0 0">
<Image mag="0.00749" contrast="1" brightness="0" red="true" green="true" blue="true"
 src="Alg_stitch3-4_222.tif" />
<Contour name="domain1" hidden="false" closed="true" simplified="false" border="1 0 1" fill="1 0 1" mode="11"
 points="0 0,
	15652 0,
	15652 8578,
	0 8578,
	"/>
</Transform>

<Transform dim="0"
 xcoef=" 0 1 0 0 0 0"
 ycoef=" 0 0 1 0 0 0">
<Image mag="0.00749" contrast="1" brightness="0" red="true" green="true" blue="true"
 src="Alg_stitch3-4_222.tif" />
<Contour name="domain1" hidden="false" closed="true" simplified="false" border="1 0 1" fill="1 0 1" mode="11"
 points="0 0,
	15652 0,
	15652 8578,
	0 8578,
	"/>
</Transform>

<Transform dim="0"
 xcoef=" 0 1 0 0 0 0"
 ycoef=" 0 0 1 0 0 0">
<Image mag="0.00749" contrast="1" brightness="0" red="true" green="true" blue="true"
 src="Alg_stitch3-4_222.tif" />
<Contour name="domain1" hidden="false" closed="true" simplified="false" border="1 0 1" fill="1 0 1" mode="11"
 points="0 0,
	15652 0,
	15652 8578,
	0 8578,
	"/>
</Transform>

<Transform dim="0"
 xcoef=" 0 1 0 0 0 0"
 ycoef=" 0 0 1 0 0 0">
<Image mag="0.00749" contrast="1" brightness="0" red="true" green="true" blue="true"
 src="Alg_stitch3-4_222.tif" />
<Contour name="DENucleus2" hidden="false" closed="true" simplified="false" border="0 0 0.627" fill="0 0 0.627" mode="11"
 points="0 0,
	15652 0,
	15652 8578,
	0 8578,
	"/>
</Transform>

<Transform dim="0"
 xcoef=" 0 1 0 0 0 0"
 ycoef=" 0 0 1 0 0 0">
<Image mag="0.00749" contrast="1" brightness="0" red="true" green="true" blue="true"
 src="Alg_stitch3-4_222.tif" />
<Contour name="domain1" hidden="false" closed="true" simplified="false" border="1 0 1" fill="1 0 1" mode="11"
 points="0 0,
	15652 0,
	15652 8578,
	0 8578,
	"/>
</Transform>

<Transform dim="0"
 xcoef=" 0 1 0 0 0 0"
 ycoef=" 0 0 1 0 0 0">
<Image mag="0.00749" contrast="1" brightness="0" red="true" green="true" blue="true"
 src="Alg_stitch3-4_222.tif" />
<Contour name="domain1" hidden="false" closed="true" simplified="false" border="1 0 1" fill="1 0 1" mode="11"
 points="0 0,
	15652 0,
	15652 8578,
	0 8578,
	"/>
</Transform>

<Transform dim="0"
 xcoef=" 0 1 0 0 0 0"
 ycoef=" 0 0 1 0 0 0">
<Contour name="TB1_BasalCell12_nuc_LES" hidden="false" closed="true" simplified="true" border="0.980392 0.709804 0.345098" fill="1 0.502 0.753" mode="11"
 points="41.8014 46.5298,
	41.9114 46.4199,
	42.1627 46.4356,
	42.2884 46.4513,
	42.4141 46.5455,
	42.4769 46.5927,
	42.5398 46.6084,
	42.6654 46.577,
	42.7283 46.577,
	42.8382 46.6869,
	42.7911 46.8126,
	42.6811 46.9226,
	42.4298 46.9068,
	42.1785 46.8597,
	42.0528 46.8126,
	41.9271 46.734,
	41.8329 46.6398,
	41.8014 46.577,
	41.8014 46.5455,
	"/>
</Transform>

<Transform dim="0"
 xcoef=" 0 1 0 0 0 0"
 ycoef=" 0 0 1 0 0 0">
<Contour name="TB1_BasalCell12_CM_LES" hidden="false" closed="true" simplified="true" border="0.980392 0.709804 0.345098" fill="1 0.502 0.753" mode="11"
 points="40.4191 47.4095,
	40.4505 47.3467,
	40.5133 47.2839,
	40.5447 47.2524,
	40.5604 47.1268,
	40.4819 46.8754,
	40.4662 46.7498,
	40.4976 46.7183,
	40.5604 46.7026,
	40.6861 46.6241,
	40.7489 46.577,
	40.7804 46.4513,
	40.7647 46.3884,
	40.7175 46.3256,
	40.6861 46.2942,
	40.7175 46.1685,
	40.8432 46.0586,
	41.0945 45.98,
	41.3459 45.9329,
	41.4716 45.9015,
	41.7229 45.9015,
	41.9742 45.9329,
	42.2256 46.0114,
	42.4769 46.0429,
	42.5398 46.0586,
	42.5869 46.1214,
	42.6497 46.3727,
	42.6969 46.4199,
	42.9482 46.3727,
	43.0739 46.4827,
	43.1995 46.5141,
	43.2624 46.5298,
	43.5137 46.734,
	43.7651 46.9068,
	44.0164 47.0325,
	44.2677 47.2367,
	44.3306 47.2681,
	44.362 47.2996,
	44.6133 47.4095,
	45.116 47.6923,
	45.3674 47.8651,
	45.493 47.9593,
	45.5402 48.0222,
	45.5559 48.0536,
	45.5245 48.1164,
	45.5402 48.2421,
	45.5559 48.3049,
	45.6658 48.4306,
	45.6973 48.5563,
	45.6344 48.6191,
	45.5716 48.6505,
	45.493 48.7762,
	45.5087 48.839,
	45.6344 48.9647,
	45.713 49.0904,
	45.6658 49.2161,
	45.5716 49.3417,
	45.5087 49.3889,
	45.2574 49.3731,
	45.1946 49.3417,
	45.116 49.2161,
	45.0689 49.0904,
	45.1003 48.9647,
	45.0846 48.839,
	45.0689 48.7762,
	44.9589 48.6977,
	44.7076 48.6191,
	44.6448 48.6034,
	44.5191 48.6348,
	44.3934 48.6191,
	44.2677 48.5249,
	44.1421 48.4777,
	44.0792 48.4934,
	44.0478 48.5249,
	44.0949 48.6505,
	44.1421 48.7134,
	44.1578 48.839,
	44.1421 48.9019,
	44.1107 48.9333,
	43.985 48.949,
	43.9221 48.949,
	43.8593 48.8862,
	43.7336 48.839,
	43.608 48.8233,
	43.4823 48.839,
	43.3566 48.8862,
	43.231 48.9804,
	43.1995 49.0118,
	42.9482 48.9647,
	42.7126 48.8862,
	42.6811 49.0118,
	42.6497 49.0433,
	42.5241 49.0433,
	42.3984 48.9961,
	42.2727 48.8705,
	42.2256 48.7448,
	42.3041 48.4934,
	42.3198 48.4306,
	42.2727 48.3678,
	42.0214 48.2578,
	41.8957 48.2264,
	41.6444 48.0536,
	41.5815 47.9908,
	41.5658 47.8651,
	41.5972 47.8023,
	41.6601 47.7394,
	41.7229 47.708,
	41.7857 47.708,
	41.9114 47.818,
	41.9585 47.7708,
	41.8329 47.6766,
	41.7072 47.6137,
	41.5815 47.5823,
	41.5187 47.5666,
	41.393 47.6137,
	41.2673 47.6137,
	41.1417 47.6766,
	41.016 47.7708,
	40.9532 47.818,
	40.8275 47.8337,
	40.7018 47.7865,
	40.5761 47.708,
	40.4662 47.5823,
	40.4191 47.4567,
	40.4191 47.4252,
	"/>
</Transform>

<Transform dim="0"
 xcoef=" 0 1 0 0 0 0"
 ycoef=" 0 0 1 0 0 0">
<Image mag="0.00749" contrast="1" brightness="0" red="true" green="true" blue="true"
 src="Alg_stitch3-4_222.tif" />
<Contour name="domain1" hidden="false" closed="true" simplified="false" border="1 0 1" fill="1 0 1" mode="11"
 points="0 0,
	15652 0,
	15652 8578,
	0 8578,
	"/>
</Transform>

<Transform dim="0"
 xcoef=" 0 1 0 0 0 0"
 ycoef=" 0 0 1 0 0 0">
<Contour name="TB1_Basal_CT_layer_LES" hidden="false" closed="true" simplified="true" border="0.258824 0.329412 0.956863" fill="1 0.5 0" mode="11"
 points="14.7557 49.8974,
	14.8851 16.7619,
	14.9498 0.194153,
	14.9498 0.0647178,
	15.2087 0,
	15.4676 0.0647178,
	17.5385 -0.129436,
	19.6095 0.258871,
	20.1272 0.388307,
	20.3861 0.453025,
	20.8391 0.970767,
	21.098 1.48851,
	22.0688 2.20041,
	23.1043 2.45928,
	23.5573 2.78287,
	23.6867 3.04174,
	23.622 3.55948,
	23.4926 3.81835,
	23.2337 4.0125,
	22.7159 4.20666,
	22.4571 4.27137,
	22.1982 4.46553,
	21.7452 5.50101,
	21.1627 6.47178,
	21.0333 6.60122,
	20.8391 7.11896,
	20.7097 8.15444,
	20.8391 10.2254,
	20.645 10.7432,
	20.3214 11.1962,
	20.2567 12.2317,
	20.5803 13.2671,
	20.7744 13.7849,
	21.0333 14.0438,
	21.1627 14.1085,
	21.4216 14.0438,
	21.9393 14.4968,
	22.0041 14.7557,
	21.8746 15.2734,
	21.8746 15.7911,
	22.0688 16.3089,
	22.0688 16.5678,
	22.0688 16.6972,
	21.551 17.1502,
	21.098 18.1857,
	20.9038 18.7034,
	20.7097 19.7389,
	20.645 20.7744,
	20.7097 21.8099,
	20.7744 22.3276,
	20.7097 23.3631,
	20.4508 24.3986,
	20.0625 25.4341,
	19.8684 26.4696,
	19.7389 26.9873,
	19.6742 28.0228,
	19.3506 29.0583,
	19.2212 30.0938,
	19.2859 31.1293,
	20.2567 33.2002,
	20.5155 33.718,
	20.9686 34.2357,
	20.9686 34.4946,
	20.4508 34.8182,
	20.3214 34.9476,
	20.2567 35.2065,
	20.2567 35.3359,
	20.1272 35.4654,
	20.2567 35.7242,
	20.7744 36.242,
	20.9686 36.5008,
	21.4863 36.7597,
	21.9393 37.2127,
	22.2629 37.6658,
	22.3924 38.1835,
	22.4571 38.4424,
	22.7807 38.9601,
	23.0395 39.219,
	23.5573 39.4131,
	24.075 39.3484,
	24.5928 39.0248,
	25.1105 38.9601,
	25.2399 38.9601,
	25.4341 39.219,
	25.3694 39.4779,
	25.3694 39.6073,
	25.1105 39.8662,
	24.9811 40.125,
	24.9164 40.2545,
	25.2399 40.7075,
	25.4988 40.7722,
	25.6282 40.8369,
	26.146 40.5781,
	26.4696 40.0603,
	26.5343 39.5426,
	26.6637 39.2837,
	26.7932 39.219,
	26.9873 39.4131,
	27.052 39.9309,
	27.052 40.0603,
	27.3109 40.2545,
	27.5698 40.1898,
	28.217 39.219,
	28.3464 38.7012,
	28.5405 38.5071,
	28.7994 38.5071,
	28.9936 38.766,
	29.0583 39.8014,
	29.7055 40.8369,
	29.8349 41.0958,
	29.8349 41.3547,
	29.7055 41.6135,
	29.7702 42.1313,
	29.8349 42.3902,
	30.2232 42.9079,
	30.4821 43.1668,
	30.6762 44.2023,
	30.5468 44.3317,
	30.0291 44.1375,
	29.8996 44.0081,
	29.6408 44.0728,
	29.1877 44.5258,
	28.7994 45.5613,
	28.7347 46.5968,
	28.5405 47.6323,
	28.0875 48.15,
	27.9581 48.2795,
	26.9226 48.6031,
	25.8871 48.7972,
	25.3694 48.9267,
	24.9164 49.2502,
	24.4633 49.7033,
	24.2045 49.9621,
	23.8809 50.4799,
	23.6867 50.9976,
	23.4926 51.2565,
	23.3631 51.7742,
	23.3631 52.292,
	23.4926 52.8097,
	23.9456 53.3275,
	24.0103 53.5863,
	24.3986 54.1041,
	24.4633 54.6218,
	24.3339 54.7513,
	24.1397 55.269,
	24.1397 55.7867,
	24.2045 56.0456,
	24.3986 56.3045,
	24.6575 56.4339,
	25.1752 56.9517,
	25.4988 57.4694,
	25.6282 57.7283,
	27.6992 59.1521,
	28.217 59.4757,
	28.4111 59.6051,
	28.67 59.864,
	28.7347 60.1228,
	28.4758 60.317,
	27.4403 60.3817,
	25.3694 60.0581,
	24.3339 59.9287,
	22.2629 59.9934,
	21.2274 59.9287,
	19.1565 60.0581,
	17.0855 59.9287,
	16.05 59.864,
	15.0145 59.9934,
	14.7557 59.7992,
	14.7557 51.5154,
	14.7557 50.4799,
	14.7557 49.9621,
	"/>
</Transform>

<Transform dim="0"
 xcoef=" 0 1 0 0 0 0"
 ycoef=" 0 0 1 0 0 0">
<Contour name="TB1_NF70_LES" hidden="false" closed="true" simplified="true" border="0.337255 0.819608 0.921569" fill="1 0 0" mode="-11"
 points="53.0006 23.4861,
	53.1624 23.385,
	53.4861 23.2434,
	53.8098 23.0613,
	53.9716 23.0209,
	54.0525 22.9804,
	54.2144 22.9602,
	54.8617 22.9804,
	55.1854 22.9602,
	55.2663 22.9804,
	55.3067 23.0209,
	55.2865 23.1018,
	55.2258 23.1827,
	55.064 23.2434,
	54.9021 23.3445,
	54.5785 23.4255,
	54.2548 23.4457,
	54.093 23.4255,
	53.7693 23.4861,
	53.6075 23.5064,
	53.5266 23.5266,
	53.3647 23.6277,
	53.2838 23.648,
	53.122 23.6277,
	53.0411 23.5873,
	53.0006 23.5671,
	53.0006 23.5064,
	"/>
</Transform>

<Transform dim="0"
 xcoef=" 0 1 0 0 0 0"
 ycoef=" 0 0 1 0 0 0">
<Contour name="TB1_NF71_LES" hidden="false" closed="true" simplified="true" border="0.223529 0.0862745 0.505882" fill="1 0 0" mode="-11"
 points="47.0532 24.8617,
	47.1544 24.7201,
	47.1948 24.6797,
	47.3566 24.6797,
	47.6803 24.8213,
	47.9028 25.1449,
	47.9028 25.1854,
	48.0444 25.3472,
	48.1456 25.5091,
	48.449 25.8327,
	48.5299 25.8934,
	48.5502 25.9339,
	48.5097 26.0148,
	48.5097 26.0553,
	48.3479 26.1969,
	48.186 26.1969,
	48.0242 26.1564,
	47.9433 26.1159,
	47.9231 26.0755,
	47.8826 26.0755,
	47.741 25.9137,
	47.6803 25.8327,
	47.6399 25.6709,
	47.5387 25.5091,
	47.2757 25.2461,
	47.1341 25.1247,
	47.0734 25.0438,
	47.0532 24.882,
	"/>
</Transform>

<Transform dim="0"
 xcoef=" 0 1 0 0 0 0"
 ycoef=" 0 0 1 0 0 0">
<Contour name="TB1_NF71_LES" hidden="false" closed="true" simplified="true" border="0.223529 0.0862745 0.505882" fill="1 0 0" mode="-11"
 points="52.8388 28.3412,
	52.9197 28.2602,
	53.0006 28.24,
	53.0815 28.2602,
	53.2434 28.4018,
	53.2838 28.4423,
	53.2838 28.5232,
	53.1422 28.6648,
	53.1017 28.7053,
	53.0208 28.7053,
	52.9399 28.6446,
	52.859 28.4828,
	52.8388 28.4018,
	52.8388 28.3614,
	"/>
</Transform>

<Transform dim="0"
 xcoef=" 0 1 0 0 0 0"
 ycoef=" 0 0 1 0 0 0">
<Contour name="TB1_NF62_LES" hidden="false" closed="true" simplified="true" border="1 0.27451 0.27451" fill="1 0.27451 0.27451" mode="-9"
 points="54.5307 41.3201,
	54.5624 41.1513,
	54.6046 41.0669,
	54.6046 41.0458,
	54.6257 41.0247,
	54.6257 41.0036,
	54.7629 40.8453,
	54.8367 40.7609,
	54.8578 40.7187,
	54.8578 40.6976,
	54.9317 40.6132,
	54.9844 40.5287,
	55.1427 40.3599,
	55.2166 40.2755,
	55.3854 40.1594,
	55.4698 40.0961,
	55.5542 40.0645,
	55.6386 40.0539,
	55.8075 40.0856,
	55.8497 40.0961,
	55.9341 40.1805,
	55.9763 40.2122,
	56.0607 40.2333,
	56.1451 40.2122,
	56.1873 40.2122,
	56.2717 40.2649,
	56.3034 40.3494,
	56.2928 40.4338,
	56.2084 40.5076,
	56.1662 40.5182,
	56.1451 40.5182,
	56.124 40.4971,
	55.9552 40.5709,
	55.8919 40.6343,
	55.8075 40.6659,
	55.7231 40.7187,
	55.6809 40.7609,
	55.5964 40.8136,
	55.5542 40.8453,
	55.4593 41.0141,
	55.301 41.1091,
	55.2166 41.1513,
	55.0583 41.299,
	54.9844 41.3834,
	54.8156 41.4784,
	54.7734 41.4995,
	54.7523 41.4995,
	54.7101 41.5311,
	54.6257 41.5311,
	54.5518 41.4784,
	54.5307 41.394,
	54.5307 41.3518,
	54.5307 41.3307,
	"/>
</Transform>

<Transform dim="0"
 xcoef=" 0 1 0 0 0 0"
 ycoef=" 0 0 1 0 0 0">
<Contour name="TB1_NF72_LES" hidden="false" closed="true" simplified="true" border="0.0784314 0.509804 0.101961" fill="0.0784314 0.509804 0.101961" mode="-9"
 points="16.1061 28.0432,
	16.1239 27.9719,
	16.1329 27.9363,
	16.1952 27.865,
	16.2308 27.8383,
	16.2487 27.8205,
	16.3199 27.7938,
	16.605 27.6067,
	16.6763 27.5621,
	16.7475 27.5354,
	16.7832 27.5087,
	16.8188 27.4998,
	16.9613 27.4196,
	17.0326 27.3573,
	17.1306 27.2236,
	17.2108 27.0811,
	17.2731 26.9386,
	17.2731 26.796,
	17.2642 26.7248,
	17.3266 26.4397,
	17.3355 26.4041,
	17.38 26.3328,
	17.3978 26.315,
	17.4513 26.1725,
	17.4513 26.0299,
	17.4424 25.9943,
	17.478 25.9676,
	17.6205 25.9587,
	17.6562 25.9498,
	17.6918 25.9765,
	17.7274 25.9765,
	17.7631 25.9943,
	17.7809 26.0121,
	17.7898 26.2972,
	17.7898 26.3684,
	17.7452 26.511,
	17.7007 26.796,
	17.6918 26.8673,
	17.6294 27.0098,
	17.5493 27.1524,
	17.5225 27.2236,
	17.4245 27.3662,
	17.4245 27.384,
	17.4067 27.3929,
	17.4067 27.4107,
	17.3177 27.5532,
	17.2731 27.6245,
	17.1484 27.767,
	17.0771 27.8294,
	17.0415 27.8561,
	16.899 27.9007,
	16.8277 27.9363,
	16.7921 27.9452,
	16.6495 28.0254,
	16.3645 28.1145,
	16.2219 28.1412,
	16.1507 28.1234,
	16.115 28.0877,
	16.1061 28.0521,
	"/>
</Transform>

<Transform dim="0"
 xcoef=" 0 1 0 0 0 0"
 ycoef=" 0 0 1 0 0 0">
<Image mag="0.00749" contrast="1" brightness="0" red="true" green="true" blue="true"
 src="Alg_stitch3-4_223.tif" />
<Contour name="TB1_t3cell02_synapse" hidden="false" closed="true" simplified="false" border="0 0 1" fill="0 0 1" mode="11"
 points="0 0,
	15652 0,
	15652 8578,
	0 8578,
	"/>
</Transform>

</Section>