<?xml version="1.0"?>
<!DOCTYPE Section SYSTEM "section.dtd">

<Section index="342" thickness="0.08" alignLocked="true">
<Transform dim="0"
 xcoef=" 0 1 0 0 0 0"
 ycoef=" 0 0 1 0 0 0">
<Image mag="0.00749" contrast="1" brightness="0" red="true" green="true" blue="true"
 src="Alg_stitch3-4_342.tif" />
<Contour name="domain1" hidden="false" closed="true" simplified="false" border="1 0 1" fill="1 0 1" mode="11"
 points="0 0,
	15652 0,
	15652 8578,
	0 8578,
	"/>
</Transform>

<Transform dim="0"
 xcoef=" 0 1 0 0 0 0"
 ycoef=" 0 0 1 0 0 0">
<Contour name="TB2_NF15_RSL" hidden="false" closed="true" simplified="true" border="0.756863 0 0.756863" fill="0.756863 0 0.756863" mode="-9"
 points="56.2625 41.125,
	56.35 41.025,
	56.3875 40.975,
	56.4875 40.9125,
	56.5125 40.8875,
	56.5375 40.8875,
	56.5875 40.85,
	56.7875 40.7875,
	56.9875 40.6875,
	57.0125 40.6625,
	57.0375 40.6625,
	57.1375 40.5875,
	57.5375 40.4,
	57.7375 40.3625,
	57.9375 40.3625,
	58.0375 40.3875,
	58.225 40.575,
	58.275 40.675,
	58.3125 41.075,
	58.3125 41.125,
	58.25 41.2125,
	58.2 41.25,
	58 41.2625,
	57.8 41.3375,
	57.7 41.3625,
	57.6 41.4125,
	57.4 41.45,
	57.2 41.45,
	56.8 41.375,
	56.6 41.35,
	56.4 41.2875,
	56.35 41.275,
	56.2625 41.2,
	56.2625 41.15,
	56.2625 41.1375,
	"/>
<Contour name="TB2_NF15_RSL" hidden="false" closed="true" simplified="true" border="0.756863 0 0.756863" fill="0.756863 0 0.756863" mode="-9"
 points="49.45 42.35,
	49.5 42.3,
	49.6 42.2625,
	49.7 42.1875,
	49.8 42.1375,
	50.2 42.0375,
	50.25 42.0125,
	50.3 42.0125,
	50.35 41.9875,
	50.4 41.9875,
	50.5 41.95,
	50.9 41.9125,
	51.3 41.9125,
	51.3375 41.9625,
	51.325 42.0625,
	51.1875 42.25,
	51.175 42.35,
	51.1375 42.4,
	51.0875 42.4125,
	51.05 42.375,
	50.85 42.425,
	50.75 42.45,
	50.55 42.4625,
	50.45 42.5,
	50.25 42.5375,
	50.05 42.55,
	49.65 42.5,
	49.55 42.475,
	49.5 42.4625,
	49.475 42.4625,
	49.45 42.3625,
	"/>
</Transform>

<Transform dim="0"
 xcoef=" 0 1 0 0 0 0"
 ycoef=" 0 0 1 0 0 0">
<Contour name="TB2_t3cell02_CM_RSL" hidden="false" closed="true" simplified="true" border="0.870588 0.619608 0.870588" fill="0.870588 0.619608 0.870588" mode="-9"
 points="62.5714 39.4142,
	62.6857 39.3142,
	62.7999 39.2571,
	62.8857 39.1571,
	63.1142 39.0714,
	63.1714 39.0285,
	63.1857 38.9142,
	63.2285 38.8571,
	63.3428 38.8142,
	63.4571 38.8,
	63.5142 38.8,
	63.5714 38.8428,
	63.7999 38.8857,
	63.9142 38.9,
	63.9571 39.0142,
	63.9285 39.1285,
	63.8714 39.1571,
	63.8142 39.1571,
	63.7857 39.1571,
	63.6857 39.2571,
	63.5714 39.3142,
	63.4714 39.4142,
	63.4142 39.4714,
	63.3857 39.5285,
	63.1571 39.6857,
	63.0428 39.7142,
	62.9285 39.7142,
	62.6999 39.5857,
	62.5857 39.5142,
	62.5714 39.4571,
	62.5714 39.4285,
	"/>
</Transform>

<Transform dim="0"
 xcoef=" 0 1 0 0 0 0"
 ycoef=" 0 0 1 0 0 0">
<Contour name="TB2_t3cell02_CM_RSL" hidden="false" closed="true" simplified="true" border="0.870588 0.619608 0.870588" fill="0.870588 0.619608 0.870588" mode="-9"
 points="61.9714 36.9285,
	61.9999 36.9,
	62.0571 36.9,
	62.1571 36.9857,
	62.1857 37.0428,
	62.1999 37.1571,
	62.2142 37.2142,
	62.2142 37.2428,
	62.2714 37.2857,
	62.2857 37.4,
	62.2857 37.4571,
	62.2571 37.5142,
	62.2857 37.6285,
	62.2857 37.6857,
	62.2142 37.7857,
	62.1714 37.8,
	62.1571 37.8285,
	62.0999 37.8285,
	62.0714 37.7142,
	62.0857 37.6,
	62.1571 37.4857,
	62.1285 37.2571,
	62.0857 37.2,
	62.0571 37.0857,
	62.0428 37.0285,
	61.9999 36.9714,
	61.9857 36.9428,
	"/>
</Transform>

<Transform dim="0"
 xcoef=" 0 1 0 0 0 0"
 ycoef=" 0 0 1 0 0 0">
<Contour name="TB3_NF01-PG_RSL" hidden="false" closed="true" simplified="true" border="1 1 0" fill="1 1 0" mode="-9"
 points="22.81 6.27,
	22.96 6.14,
	23.12 6.05,
	23.43 5.76,
	23.5 5.71,
	23.54 5.69,
	23.56 5.67,
	23.58 5.67,
	23.66 5.61,
	23.68 5.61,
	23.7 5.59,
	23.86 5.53,
	23.94 5.51,
	24.1 5.43,
	24.18 5.39,
	24.34 5.36,
	24.42 5.33,
	24.58 5.32,
	24.66 5.32,
	24.98 5.39,
	25.06 5.42,
	25.21 5.55,
	25.24 5.59,
	25.27 5.67,
	25.28 5.75,
	25.25 5.91,
	25.23 5.95,
	25.23 5.99,
	25.2 6.07,
	25.18 6.11,
	25.1 6.17,
	24.94 6.26,
	24.78 6.32,
	24.62 6.35,
	24.3 6.45,
	24.22 6.47,
	24.14 6.45,
	23.82 6.46,
	23.5 6.5,
	23.34 6.5,
	23.26 6.5,
	22.94 6.43,
	22.9 6.43,
	22.86 6.41,
	22.82 6.37,
	22.81 6.29,
	22.81 6.28,
	"/>
<Contour name="TB3_NF01-PG_RSL" hidden="false" closed="true" simplified="true" border="1 1 0" fill="1 1 0" mode="-9"
 points="16.14 7.85,
	16.24 7.69,
	16.34 7.37,
	16.37 7.29,
	16.38 7.27,
	16.37 7.23,
	16.38 7.19,
	16.51 7.04,
	16.53 7,
	16.55 6.98,
	16.6 6.82,
	16.73 6.66,
	16.8 6.6,
	16.84 6.58,
	16.92 6.51,
	17.08 6.42,
	17.16 6.37,
	17.32 6.24,
	17.64 6.03,
	17.8 5.95,
	17.96 5.84,
	18.04 5.78,
	18.2 5.73,
	18.36 5.71,
	18.52 5.65,
	18.68 5.62,
	19 5.61,
	19.32 5.62,
	19.48 5.65,
	19.56 5.67,
	19.6 5.67,
	19.76 5.72,
	19.92 5.72,
	20 5.72,
	20.32 5.78,
	20.48 5.82,
	20.8 5.93,
	20.96 5.96,
	21.6 5.97,
	21.68 5.98,
	21.76 6.01,
	21.84 6.06,
	21.88 6.14,
	21.89 6.22,
	21.88 6.26,
	21.81 6.33,
	21.77 6.35,
	21.61 6.37,
	21.57 6.38,
	21.55 6.39,
	21.57 6.4,
	21.49 6.45,
	21.46 6.43,
	21.3 6.54,
	21.22 6.58,
	20.91 6.81,
	20.79 6.97,
	20.49 7.19,
	20.34 7.32,
	20.27 7.38,
	20.23 7.42,
	20.07 7.48,
	19.75 7.55,
	19.43 7.6,
	19.35 7.61,
	19.31 7.63,
	18.99 7.66,
	18.91 7.66,
	18.83 7.64,
	18.67 7.65,
	18.51 7.68,
	18.43 7.68,
	18.27 7.71,
	18.23 7.72,
	17.59 8.13,
	17.43 8.23,
	17.36 8.29,
	17.32 8.37,
	17.26 8.45,
	17.23 8.49,
	17.19 8.51,
	17.16 8.59,
	17.16 8.67,
	17.14 8.75,
	17.11 9.07,
	17.1 9.39,
	17.11 9.47,
	17.08 9.55,
	17.07 9.59,
	17.03 9.62,
	16.95 9.63,
	16.87 9.62,
	16.8 9.54,
	16.77 9.5,
	16.7 9.34,
	16.58 9.18,
	16.47 9.04,
	16.43 9,
	16.38 8.92,
	16.34 8.88,
	16.29 8.8,
	16.23 8.64,
	16.19 8.56,
	16.18 8.4,
	16.19 8.24,
	16.19 8.2,
	16.16 8.12,
	16.14 8.08,
	16.14 7.92,
	16.14 7.88,
	16.14 7.86,
	"/>
</Transform>

<Transform dim="0"
 xcoef=" 0 1 0 0 0 0"
 ycoef=" 0 0 1 0 0 0">
<Contour name="TB3_NF01-PG_RSL" hidden="false" closed="true" simplified="true" border="1 1 0" fill="1 1 0" mode="-9"
 points="49.59 13.29,
	49.66 13.22,
	49.74 13.17,
	49.82 13.17,
	49.98 13.22,
	50.06 13.24,
	50.1 13.25,
	50.14 13.29,
	50.22 13.33,
	50.38 13.44,
	50.42 13.47,
	50.43 13.55,
	50.48 13.63,
	50.51 13.71,
	50.51 13.79,
	50.51 13.81,
	50.47 13.84,
	50.31 13.85,
	50.23 13.86,
	49.91 13.78,
	49.9 13.74,
	49.83 13.68,
	49.81 13.64,
	49.66 13.49,
	49.62 13.45,
	49.6 13.41,
	49.59 13.33,
	49.59 13.3,
	"/>
<Contour name="TB3_NF01-PG_RSL" hidden="false" closed="true" simplified="true" border="1 1 0" fill="1 1 0" mode="-9"
 points="66.1 12.84,
	66.18 12.76,
	66.26 12.71,
	66.29 12.67,
	66.31 12.65,
	66.39 12.65,
	66.47 12.68,
	66.51 12.69,
	66.58 12.76,
	66.61 12.84,
	66.61 12.88,
	66.57 12.96,
	66.56 13,
	66.57 13.04,
	66.73 13.18,
	66.79 13.24,
	66.87 13.3,
	66.95 13.38,
	67.03 13.41,
	67.11 13.47,
	67.18 13.55,
	67.2 13.71,
	67.17 13.74,
	67.09 13.75,
	67.01 13.74,
	66.97 13.72,
	66.95 13.7,
	66.93 13.7,
	66.85 13.64,
	66.79 13.56,
	66.76 13.52,
	66.72 13.5,
	66.66 13.43,
	66.58 13.38,
	66.42 13.23,
	66.38 13.21,
	66.3 13.13,
	66.26 13.09,
	66.21 13.01,
	66.13 12.93,
	66.1 12.85,
	"/>
</Transform>

<Transform dim="0"
 xcoef=" 0 1 0 0 0 0"
 ycoef=" 0 0 1 0 0 0">
<Contour name="TB3_NF01-PG_RSL" hidden="false" closed="true" simplified="true" border="1 1 0" fill="1 1 0" mode="-9"
 points="68.08 14.81,
	68.11 14.73,
	68.12 14.65,
	68.12 14.61,
	68.16 14.53,
	68.18 14.45,
	68.19 14.41,
	68.26 14.34,
	68.3 14.3,
	68.46 14.29,
	68.62 14.3,
	68.7 14.31,
	68.78 14.36,
	68.91 14.5,
	69.07 14.61,
	69.23 14.64,
	69.31 14.66,
	69.35 14.66,
	69.43 14.7,
	69.51 14.76,
	69.62 14.91,
	69.61 14.99,
	69.53 15.06,
	69.45 15.1,
	69.41 15.12,
	69.37 15.2,
	69.36 15.36,
	69.31 15.41,
	69.15 15.43,
	68.99 15.41,
	68.95 15.4,
	68.93 15.39,
	68.93 15.41,
	68.89 15.42,
	68.57 15.33,
	68.41 15.27,
	68.25 15.18,
	68.18 15.11,
	68.14 15.03,
	68.11 14.99,
	68.08 14.83,
	68.08 14.82,
	"/>
</Transform>

<Transform dim="0"
 xcoef=" 0 1 0 0 0 0"
 ycoef=" 0 0 1 0 0 0">
<Contour name="TB3_NF01-PG_RSL" hidden="false" closed="true" simplified="true" border="1 1 0" fill="1 1 0" mode="-9"
 points="73.5333 16.0556,
	73.6222 15.9778,
	73.8 15.9889,
	73.8889 16.0333,
	74.0556 16.1778,
	74.0556 16.3556,
	74.0444 16.4,
	74.0222 16.4222,
	73.9778 16.4111,
	73.8 16.4222,
	73.7111 16.3889,
	73.6667 16.3444,
	73.5667 16.1667,
	73.5444 16.1444,
	73.5333 16.0667,
	"/>
</Transform>

<Transform dim="0"
 xcoef=" 0 1 0 0 0 0"
 ycoef=" 0 0 1 0 0 0">
<Contour name="TB3_NF01-PG_RSL" hidden="false" closed="true" simplified="true" border="1 1 0" fill="1 1 0" mode="-9"
 points="76.1777 13.4333,
	76.2221 13.3444,
	76.2221 13.3222,
	76.2666 13.2778,
	76.3555 13.2444,
	76.3999 13.2333,
	76.4888 13.1667,
	76.511 13.1667,
	76.5333 13.1444,
	76.6221 13.1222,
	76.6666 13.1222,
	76.711 13.1555,
	76.7333 13.2444,
	76.7221 13.3333,
	76.6999 13.3778,
	76.6555 13.4111,
	76.6333 13.4111,
	76.6221 13.4555,
	76.5333 13.5333,
	76.511 13.5555,
	76.3333 13.5778,
	76.2444 13.5667,
	76.1999 13.5444,
	76.1777 13.5222,
	76.1777 13.4444,
	"/>
</Transform>

<Transform dim="0"
 xcoef=" 0 1 0 0 0 0"
 ycoef=" 0 0 1 0 0 0">
<Contour name="TB3_NF01-PG_RSL" hidden="false" closed="true" simplified="true" border="1 1 0" fill="1 1 0" mode="-9"
 points="80.3999 10.8889,
	80.4666 10.8,
	80.5555 10.7222,
	80.5999 10.6889,
	80.6888 10.6667,
	80.8666 10.6667,
	80.911 10.6667,
	80.9777 10.7444,
	81.0221 10.8333,
	81.0333 11.0111,
	81.0333 11.0555,
	80.9777 11.1444,
	80.9444 11.1889,
	80.9333 11.2333,
	80.911 11.2555,
	80.8221 11.2778,
	80.6444 11.2778,
	80.5555 11.2333,
	80.4777 11.1667,
	80.4221 10.9889,
	80.3999 10.9444,
	80.3999 10.9,
	"/>
</Transform>

<Transform dim="0"
 xcoef=" 0 1 0 0 0 0"
 ycoef=" 0 0 1 0 0 0">
<Contour name="TB2_t3cell02_CM_RSL" hidden="false" closed="true" simplified="true" border="0.870588 0.619608 0.870588" fill="0.870588 0.619608 0.870588" mode="-9"
 points="62.5714 39.4142,
	62.6857 39.3142,
	62.7999 39.2571,
	62.8857 39.1571,
	63.1142 39.0714,
	63.1714 39.0285,
	63.1857 38.9142,
	63.2285 38.8571,
	63.3428 38.8142,
	63.4571 38.8,
	63.5142 38.8,
	63.5714 38.8428,
	63.7999 38.8857,
	63.9142 38.9,
	63.9571 39.0142,
	63.9285 39.1285,
	63.8714 39.1571,
	63.8142 39.1571,
	63.7857 39.1571,
	63.6857 39.2571,
	63.5714 39.3142,
	63.4714 39.4142,
	63.4142 39.4714,
	63.3857 39.5285,
	63.1571 39.6857,
	63.0428 39.7142,
	62.9285 39.7142,
	62.6999 39.5857,
	62.5857 39.5142,
	62.5714 39.4571,
	62.5714 39.4285,
	"/>
</Transform>

<Transform dim="0"
 xcoef=" 0 1 0 0 0 0"
 ycoef=" 0 0 1 0 0 0">
<Contour name="TB2_t3cell02_CM_RSL" hidden="false" closed="true" simplified="true" border="0.870588 0.619608 0.870588" fill="0.870588 0.619608 0.870588" mode="-9"
 points="61.9714 36.9285,
	61.9999 36.9,
	62.0571 36.9,
	62.1571 36.9857,
	62.1857 37.0428,
	62.1999 37.1571,
	62.2142 37.2142,
	62.2142 37.2428,
	62.2714 37.2857,
	62.2857 37.4,
	62.2857 37.4571,
	62.2571 37.5142,
	62.2857 37.6285,
	62.2857 37.6857,
	62.2142 37.7857,
	62.1714 37.8,
	62.1571 37.8285,
	62.0999 37.8285,
	62.0714 37.7142,
	62.0857 37.6,
	62.1571 37.4857,
	62.1285 37.2571,
	62.0857 37.2,
	62.0571 37.0857,
	62.0428 37.0285,
	61.9999 36.9714,
	61.9857 36.9428,
	"/>
</Transform>

<Transform dim="0"
 xcoef=" 0 1 0 0 0 0"
 ycoef=" 0 0 1 0 0 0">
<Contour name="TB3_NF01-PG_RSL" hidden="false" closed="true" simplified="true" border="1 1 0" fill="1 1 0" mode="-9"
 points="22.81 6.27,
	22.96 6.14,
	23.12 6.05,
	23.43 5.76,
	23.5 5.71,
	23.54 5.69,
	23.56 5.67,
	23.58 5.67,
	23.66 5.61,
	23.68 5.61,
	23.7 5.59,
	23.86 5.53,
	23.94 5.51,
	24.1 5.43,
	24.18 5.39,
	24.34 5.36,
	24.42 5.33,
	24.58 5.32,
	24.66 5.32,
	24.98 5.39,
	25.06 5.42,
	25.21 5.55,
	25.24 5.59,
	25.27 5.67,
	25.28 5.75,
	25.25 5.91,
	25.23 5.95,
	25.23 5.99,
	25.2 6.07,
	25.18 6.11,
	25.1 6.17,
	24.94 6.26,
	24.78 6.32,
	24.62 6.35,
	24.3 6.45,
	24.22 6.47,
	24.14 6.45,
	23.82 6.46,
	23.5 6.5,
	23.34 6.5,
	23.26 6.5,
	22.94 6.43,
	22.9 6.43,
	22.86 6.41,
	22.82 6.37,
	22.81 6.29,
	22.81 6.28,
	"/>
<Contour name="TB3_NF01-PG_RSL" hidden="false" closed="true" simplified="true" border="1 1 0" fill="1 1 0" mode="-9"
 points="16.14 7.85,
	16.24 7.69,
	16.34 7.37,
	16.37 7.29,
	16.38 7.27,
	16.37 7.23,
	16.38 7.19,
	16.51 7.04,
	16.53 7,
	16.55 6.98,
	16.6 6.82,
	16.73 6.66,
	16.8 6.6,
	16.84 6.58,
	16.92 6.51,
	17.08 6.42,
	17.16 6.37,
	17.32 6.24,
	17.64 6.03,
	17.8 5.95,
	17.96 5.84,
	18.04 5.78,
	18.2 5.73,
	18.36 5.71,
	18.52 5.65,
	18.68 5.62,
	19 5.61,
	19.32 5.62,
	19.48 5.65,
	19.56 5.67,
	19.6 5.67,
	19.76 5.72,
	19.92 5.72,
	20 5.72,
	20.32 5.78,
	20.48 5.82,
	20.8 5.93,
	20.96 5.96,
	21.6 5.97,
	21.68 5.98,
	21.76 6.01,
	21.84 6.06,
	21.88 6.14,
	21.89 6.22,
	21.88 6.26,
	21.81 6.33,
	21.77 6.35,
	21.61 6.37,
	21.57 6.38,
	21.55 6.39,
	21.57 6.4,
	21.49 6.45,
	21.46 6.43,
	21.3 6.54,
	21.22 6.58,
	20.91 6.81,
	20.79 6.97,
	20.49 7.19,
	20.34 7.32,
	20.27 7.38,
	20.23 7.42,
	20.07 7.48,
	19.75 7.55,
	19.43 7.6,
	19.35 7.61,
	19.31 7.63,
	18.99 7.66,
	18.91 7.66,
	18.83 7.64,
	18.67 7.65,
	18.51 7.68,
	18.43 7.68,
	18.27 7.71,
	18.23 7.72,
	17.59 8.13,
	17.43 8.23,
	17.36 8.29,
	17.32 8.37,
	17.26 8.45,
	17.23 8.49,
	17.19 8.51,
	17.16 8.59,
	17.16 8.67,
	17.14 8.75,
	17.11 9.07,
	17.1 9.39,
	17.11 9.47,
	17.08 9.55,
	17.07 9.59,
	17.03 9.62,
	16.95 9.63,
	16.87 9.62,
	16.8 9.54,
	16.77 9.5,
	16.7 9.34,
	16.58 9.18,
	16.47 9.04,
	16.43 9,
	16.38 8.92,
	16.34 8.88,
	16.29 8.8,
	16.23 8.64,
	16.19 8.56,
	16.18 8.4,
	16.19 8.24,
	16.19 8.2,
	16.16 8.12,
	16.14 8.08,
	16.14 7.92,
	16.14 7.88,
	16.14 7.86,
	"/>
</Transform>

<Transform dim="0"
 xcoef=" 0 1 0 0 0 0"
 ycoef=" 0 0 1 0 0 0">
<Contour name="TB3_NF01-PG_RSL" hidden="false" closed="true" simplified="true" border="1 1 0" fill="1 1 0" mode="-9"
 points="49.59 13.29,
	49.66 13.22,
	49.74 13.17,
	49.82 13.17,
	49.98 13.22,
	50.06 13.24,
	50.1 13.25,
	50.14 13.29,
	50.22 13.33,
	50.38 13.44,
	50.42 13.47,
	50.43 13.55,
	50.48 13.63,
	50.51 13.71,
	50.51 13.79,
	50.51 13.81,
	50.47 13.84,
	50.31 13.85,
	50.23 13.86,
	49.91 13.78,
	49.9 13.74,
	49.83 13.68,
	49.81 13.64,
	49.66 13.49,
	49.62 13.45,
	49.6 13.41,
	49.59 13.33,
	49.59 13.3,
	"/>
<Contour name="TB3_NF01-PG_RSL" hidden="false" closed="true" simplified="true" border="1 1 0" fill="1 1 0" mode="-9"
 points="66.1 12.84,
	66.18 12.76,
	66.26 12.71,
	66.29 12.67,
	66.31 12.65,
	66.39 12.65,
	66.47 12.68,
	66.51 12.69,
	66.58 12.76,
	66.61 12.84,
	66.61 12.88,
	66.57 12.96,
	66.56 13,
	66.57 13.04,
	66.73 13.18,
	66.79 13.24,
	66.87 13.3,
	66.95 13.38,
	67.03 13.41,
	67.11 13.47,
	67.18 13.55,
	67.2 13.71,
	67.17 13.74,
	67.09 13.75,
	67.01 13.74,
	66.97 13.72,
	66.95 13.7,
	66.93 13.7,
	66.85 13.64,
	66.79 13.56,
	66.76 13.52,
	66.72 13.5,
	66.66 13.43,
	66.58 13.38,
	66.42 13.23,
	66.38 13.21,
	66.3 13.13,
	66.26 13.09,
	66.21 13.01,
	66.13 12.93,
	66.1 12.85,
	"/>
</Transform>

<Transform dim="0"
 xcoef=" 0 1 0 0 0 0"
 ycoef=" 0 0 1 0 0 0">
<Contour name="TB3_NF01-PG_RSL" hidden="false" closed="true" simplified="true" border="1 1 0" fill="1 1 0" mode="-9"
 points="68.08 14.81,
	68.11 14.73,
	68.12 14.65,
	68.12 14.61,
	68.16 14.53,
	68.18 14.45,
	68.19 14.41,
	68.26 14.34,
	68.3 14.3,
	68.46 14.29,
	68.62 14.3,
	68.7 14.31,
	68.78 14.36,
	68.91 14.5,
	69.07 14.61,
	69.23 14.64,
	69.31 14.66,
	69.35 14.66,
	69.43 14.7,
	69.51 14.76,
	69.62 14.91,
	69.61 14.99,
	69.53 15.06,
	69.45 15.1,
	69.41 15.12,
	69.37 15.2,
	69.36 15.36,
	69.31 15.41,
	69.15 15.43,
	68.99 15.41,
	68.95 15.4,
	68.93 15.39,
	68.93 15.41,
	68.89 15.42,
	68.57 15.33,
	68.41 15.27,
	68.25 15.18,
	68.18 15.11,
	68.14 15.03,
	68.11 14.99,
	68.08 14.83,
	68.08 14.82,
	"/>
</Transform>

<Transform dim="0"
 xcoef=" 0 1 0 0 0 0"
 ycoef=" 0 0 1 0 0 0">
<Contour name="TB3_NF01-PG_RSL" hidden="false" closed="true" simplified="true" border="1 1 0" fill="1 1 0" mode="-9"
 points="73.5333 16.0556,
	73.6222 15.9778,
	73.8 15.9889,
	73.8889 16.0333,
	74.0556 16.1778,
	74.0556 16.3556,
	74.0444 16.4,
	74.0222 16.4222,
	73.9778 16.4111,
	73.8 16.4222,
	73.7111 16.3889,
	73.6667 16.3444,
	73.5667 16.1667,
	73.5444 16.1444,
	73.5333 16.0667,
	"/>
</Transform>

<Transform dim="0"
 xcoef=" 0 1 0 0 0 0"
 ycoef=" 0 0 1 0 0 0">
<Contour name="TB3_NF01-PG_RSL" hidden="false" closed="true" simplified="true" border="1 1 0" fill="1 1 0" mode="-9"
 points="76.1777 13.4333,
	76.2221 13.3444,
	76.2221 13.3222,
	76.2666 13.2778,
	76.3555 13.2444,
	76.3999 13.2333,
	76.4888 13.1667,
	76.511 13.1667,
	76.5333 13.1444,
	76.6221 13.1222,
	76.6666 13.1222,
	76.711 13.1555,
	76.7333 13.2444,
	76.7221 13.3333,
	76.6999 13.3778,
	76.6555 13.4111,
	76.6333 13.4111,
	76.6221 13.4555,
	76.5333 13.5333,
	76.511 13.5555,
	76.3333 13.5778,
	76.2444 13.5667,
	76.1999 13.5444,
	76.1777 13.5222,
	76.1777 13.4444,
	"/>
</Transform>

<Transform dim="0"
 xcoef=" 0 1 0 0 0 0"
 ycoef=" 0 0 1 0 0 0">
<Contour name="TB3_NF01-PG_RSL" hidden="false" closed="true" simplified="true" border="1 1 0" fill="1 1 0" mode="-9"
 points="80.3999 10.8889,
	80.4666 10.8,
	80.5555 10.7222,
	80.5999 10.6889,
	80.6888 10.6667,
	80.8666 10.6667,
	80.911 10.6667,
	80.9777 10.7444,
	81.0221 10.8333,
	81.0333 11.0111,
	81.0333 11.0555,
	80.9777 11.1444,
	80.9444 11.1889,
	80.9333 11.2333,
	80.911 11.2555,
	80.8221 11.2778,
	80.6444 11.2778,
	80.5555 11.2333,
	80.4777 11.1667,
	80.4221 10.9889,
	80.3999 10.9444,
	80.3999 10.9,
	"/>
</Transform>

<Transform dim="0"
 xcoef=" 0 1 0 0 0 0"
 ycoef=" 0 0 1 0 0 0">
<Contour name="TB2_T2cell01_CM_LES" hidden="false" closed="true" simplified="false" border="0.501961 1 0.501961" fill="0.501961 1 0.501961" mode="-9"
 points="34.2513 41.4321,
	34.3055 41.2154,
	34.4139 40.9986,
	34.8203 40.6463,
	35.2539 40.4837,
	35.4707 40.4024,
	35.6875 40.267,
	36.0668 39.9147,
	36.2836 39.7521,
	36.7172 39.5353,
	37.1507 39.4811,
	37.3675 39.5624,
	37.5843 39.5895,
	37.8011 39.5353,
	38.0179 39.5353,
	38.1262 39.5895,
	38.3159 39.8063,
	38.3972 39.9147,
	38.3701 40.3482,
	38.2346 40.565,
	37.8011 40.8631,
	37.5843 40.9986,
	37.3675 41.0528,
	37.1507 41.1612,
	36.934 41.3509,
	36.8527 41.4592,
	36.4191 41.6489,
	36.3107 41.676,
	36.2023 41.6489,
	35.7688 41.7844,
	35.3352 41.9741,
	35.1184 42.0554,
	34.9016 42.0825,
	34.7932 42.1367,
	34.5765 42.1367,
	34.3597 41.947,
	34.2784 41.7302,
	34.2513 41.5134,
	34.2513 41.4592,
	"/>
</Transform>

<Transform dim="0"
 xcoef=" 0 1 0 0 0 0"
 ycoef=" 0 0 1 0 0 0">
<Contour name="TB2_NF04_LES" hidden="false" closed="true" simplified="true" border="0.627451 0.313725 0.313725" fill="0.627451 0.313725 0.313725" mode="-9"
 points="33.1222 41.5311,
	33.1955 41.2963,
	33.4744 40.8267,
	33.6505 40.5919,
	33.7826 40.3571,
	34.1054 39.9022,
	34.2522 39.6674,
	34.3402 39.5499,
	34.4576 39.4325,
	34.6924 39.2711,
	34.7511 39.2271,
	34.8685 39.2418,
	34.9126 39.3592,
	34.9126 39.4766,
	34.8098 39.7114,
	34.487 40.181,
	34.3696 40.4158,
	34.3109 40.5332,
	33.9293 40.9881,
	33.7679 41.2229,
	33.7385 41.2816,
	33.7092 41.311,
	33.6798 41.4284,
	33.6065 41.5458,
	33.5184 41.6338,
	33.401 41.7366,
	33.3423 41.7512,
	33.2249 41.7219,
	33.1662 41.7072,
	33.1222 41.5898,
	33.1222 41.5458,
	"/>
</Transform>

<Transform dim="0"
 xcoef=" 0 1 0 0 0 0"
 ycoef=" 0 0 1 0 0 0">
<Contour name="TB2_NF04_LES" hidden="false" closed="true" simplified="true" border="0.627451 0.313725 0.313725" fill="0.627451 0.313725 0.313725" mode="-9"
 points="31.1557 44.246,
	31.1997 44.1286,
	31.2731 44.0112,
	31.3758 43.9085,
	31.4932 43.8351,
	31.5519 43.7911,
	31.7867 43.7471,
	31.9041 43.7764,
	32.0215 43.8498,
	32.1389 43.8792,
	32.1976 43.8938,
	32.2563 43.9379,
	32.2857 43.9672,
	32.2857 44.0846,
	32.227 44.202,
	32.1389 44.3047,
	32.0215 44.4222,
	31.7867 44.5983,
	31.6693 44.6423,
	31.6106 44.6716,
	31.3758 44.6716,
	31.2584 44.5983,
	31.2144 44.5396,
	31.1557 44.3047,
	31.1557 44.2607,
	"/>
</Transform>

<Transform dim="0"
 xcoef=" 0 1 0 0 0 0"
 ycoef=" 0 0 1 0 0 0">
<Image mag="0.00749" contrast="1" brightness="0" red="true" green="true" blue="true"
 src="Alg_stitch3-4_342.tif" />
<Contour name="domain1" hidden="false" closed="true" simplified="false" border="1 0 1" fill="1 0 1" mode="11"
 points="0 0,
	15652 0,
	15652 8578,
	0 8578,
	"/>
</Transform>

<Transform dim="0"
 xcoef=" 0 1 0 0 0 0"
 ycoef=" 0 0 1 0 0 0">
<Image mag="0.00749" contrast="1" brightness="0" red="true" green="true" blue="true"
 src="Alg_stitch3-4_342.tif" />
<Contour name="domain1" hidden="false" closed="true" simplified="false" border="1 0 1" fill="1 0 1" mode="11"
 points="0 0,
	15652 0,
	15652 8578,
	0 8578,
	"/>
</Transform>

<Transform dim="0"
 xcoef=" 0 1 0 0 0 0"
 ycoef=" 0 0 1 0 0 0">
<Image mag="0.00749" contrast="1" brightness="0" red="true" green="true" blue="true"
 src="Alg_stitch3-4_342.tif" />
<Contour name="domain1" hidden="false" closed="true" simplified="false" border="1 0 1" fill="1 0 1" mode="11"
 points="0 0,
	15652 0,
	15652 8578,
	0 8578,
	"/>
</Transform>

<Transform dim="0"
 xcoef=" 0 1 0 0 0 0"
 ycoef=" 0 0 1 0 0 0">
<Image mag="0.00749" contrast="1" brightness="0" red="true" green="true" blue="true"
 src="Alg_stitch3-4_342.tif" />
<Contour name="domain1" hidden="false" closed="true" simplified="false" border="1 0 1" fill="1 0 1" mode="11"
 points="0 0,
	15652 0,
	15652 8578,
	0 8578,
	"/>
</Transform>

<Transform dim="0"
 xcoef=" 0 1 0 0 0 0"
 ycoef=" 0 0 1 0 0 0">
<Image mag="0.00749" contrast="1" brightness="0" red="true" green="true" blue="true"
 src="Alg_stitch3-4_342.tif" />
<Contour name="DENucleus2" hidden="false" closed="true" simplified="false" border="0 0 0.627" fill="0 0 0.627" mode="11"
 points="0 0,
	15652 0,
	15652 8578,
	0 8578,
	"/>
</Transform>

<Transform dim="0"
 xcoef=" 0 1 0 0 0 0"
 ycoef=" 0 0 1 0 0 0">
<Image mag="0.00749" contrast="1" brightness="0" red="true" green="true" blue="true"
 src="Alg_stitch3-4_342.tif" />
<Contour name="domain1" hidden="false" closed="true" simplified="false" border="1 0 1" fill="1 0 1" mode="11"
 points="0 0,
	15652 0,
	15652 8578,
	0 8578,
	"/>
</Transform>

<Transform dim="0"
 xcoef=" 0 1 0 0 0 0"
 ycoef=" 0 0 1 0 0 0">
<Image mag="0.00749" contrast="1" brightness="0" red="true" green="true" blue="true"
 src="Alg_stitch3-4_342.tif" />
<Contour name="domain1" hidden="false" closed="true" simplified="false" border="1 0 1" fill="1 0 1" mode="11"
 points="0 0,
	15652 0,
	15652 8578,
	0 8578,
	"/>
</Transform>

<Transform dim="0"
 xcoef=" 0 1 0 0 0 0"
 ycoef=" 0 0 1 0 0 0">
<Image mag="0.00749" contrast="1" brightness="0" red="true" green="true" blue="true"
 src="Alg_stitch3-4_342.tif" />
<Contour name="domain1" hidden="false" closed="true" simplified="false" border="1 0 1" fill="1 0 1" mode="11"
 points="0 0,
	15652 0,
	15652 8578,
	0 8578,
	"/>
</Transform>

<Transform dim="0"
 xcoef=" 0 1 0 0 0 0"
 ycoef=" 0 0 1 0 0 0">
<Image mag="0.00749" contrast="1" brightness="0" red="true" green="true" blue="true"
 src="Alg_stitch3-4_342.tif" />
<Contour name="domain1" hidden="false" closed="true" simplified="false" border="1 0 1" fill="1 0 1" mode="11"
 points="0 0,
	15652 0,
	15652 8578,
	0 8578,
	"/>
</Transform>

<Transform dim="0"
 xcoef=" 0 1 0 0 0 0"
 ycoef=" 0 0 1 0 0 0">
<Image mag="0.00749" contrast="1" brightness="0" red="true" green="true" blue="true"
 src="Alg_stitch3-4_342.tif" />
<Contour name="domain1" hidden="false" closed="true" simplified="false" border="1 0 1" fill="1 0 1" mode="11"
 points="0 0,
	15652 0,
	15652 8578,
	0 8578,
	"/>
</Transform>

<Transform dim="0"
 xcoef=" 0 1 0 0 0 0"
 ycoef=" 0 0 1 0 0 0">
<Image mag="0.00749" contrast="1" brightness="0" red="true" green="true" blue="true"
 src="Alg_stitch3-4_342.tif" />
<Contour name="domain1" hidden="false" closed="true" simplified="false" border="1 0 1" fill="1 0 1" mode="11"
 points="0 0,
	15652 0,
	15652 8578,
	0 8578,
	"/>
</Transform>

<Transform dim="0"
 xcoef=" 0 1 0 0 0 0"
 ycoef=" 0 0 1 0 0 0">
<Image mag="0.00749" contrast="1" brightness="0" red="true" green="true" blue="true"
 src="Alg_stitch3-4_342.tif" />
<Contour name="domain1" hidden="false" closed="true" simplified="false" border="1 0 1" fill="1 0 1" mode="11"
 points="0 0,
	15652 0,
	15652 8578,
	0 8578,
	"/>
</Transform>

<Transform dim="0"
 xcoef=" 0 1 0 0 0 0"
 ycoef=" 0 0 1 0 0 0">
<Image mag="0.00749" contrast="1" brightness="0" red="true" green="true" blue="true"
 src="Alg_stitch3-4_342.tif" />
<Contour name="domain1" hidden="false" closed="true" simplified="false" border="1 0 1" fill="1 0 1" mode="11"
 points="0 0,
	15652 0,
	15652 8578,
	0 8578,
	"/>
</Transform>

<Transform dim="0"
 xcoef=" 0 1 0 0 0 0"
 ycoef=" 0 0 1 0 0 0">
<Image mag="0.00749" contrast="1" brightness="0" red="true" green="true" blue="true"
 src="Alg_stitch3-4_342.tif" />
<Contour name="domain1" hidden="false" closed="true" simplified="false" border="1 0 1" fill="1 0 1" mode="11"
 points="0 0,
	15652 0,
	15652 8578,
	0 8578,
	"/>
</Transform>

<Transform dim="0"
 xcoef=" 0 1 0 0 0 0"
 ycoef=" 0 0 1 0 0 0">
<Image mag="0.00749" contrast="1" brightness="0" red="true" green="true" blue="true"
 src="Alg_stitch3-4_342.tif" />
<Contour name="domain1" hidden="false" closed="true" simplified="false" border="1 0 1" fill="1 0 1" mode="11"
 points="0 0,
	15652 0,
	15652 8578,
	0 8578,
	"/>
</Transform>

<Transform dim="0"
 xcoef=" 0 1 0 0 0 0"
 ycoef=" 0 0 1 0 0 0">
<Image mag="0.00749" contrast="1" brightness="0" red="true" green="true" blue="true"
 src="Alg_stitch3-4_342.tif" />
<Contour name="DENucleus2" hidden="false" closed="true" simplified="false" border="0 0 0.627" fill="0 0 0.627" mode="11"
 points="0 0,
	15652 0,
	15652 8578,
	0 8578,
	"/>
</Transform>

<Transform dim="0"
 xcoef=" 0 1 0 0 0 0"
 ycoef=" 0 0 1 0 0 0">
<Image mag="0.00749" contrast="1" brightness="0" red="true" green="true" blue="true"
 src="Alg_stitch3-4_342.tif" />
<Contour name="domain1" hidden="false" closed="true" simplified="false" border="1 0 1" fill="1 0 1" mode="11"
 points="0 0,
	15652 0,
	15652 8578,
	0 8578,
	"/>
</Transform>

<Transform dim="0"
 xcoef=" 0 1 0 0 0 0"
 ycoef=" 0 0 1 0 0 0">
<Image mag="0.00749" contrast="1" brightness="0" red="true" green="true" blue="true"
 src="Alg_stitch3-4_342.tif" />
<Contour name="domain1" hidden="false" closed="true" simplified="false" border="1 0 1" fill="1 0 1" mode="11"
 points="0 0,
	15652 0,
	15652 8578,
	0 8578,
	"/>
</Transform>

<Transform dim="0"
 xcoef=" 0 1 0 0 0 0"
 ycoef=" 0 0 1 0 0 0">
<Contour name="TB2_NF20_LES" hidden="false" closed="true" simplified="true" border="0.501961 0.501961 0.752941" fill="0.501961 0.501961 0.752941" mode="-9"
 points="37.8477 33.3533,
	37.8907 33.2672,
	37.8907 33.2242,
	37.9767 33.1382,
	38.0627 33.1167,
	38.1487 33.1597,
	38.2993 33.3103,
	38.3853 33.3963,
	38.5573 33.4823,
	38.7294 33.5253,
	38.8154 33.5253,
	39.1594 33.4178,
	39.5035 33.2672,
	39.8476 33.1597,
	40.1917 33.1167,
	40.5357 33.1382,
	40.5787 33.1167,
	40.7508 33.1597,
	40.8368 33.1812,
	41.0088 33.3103,
	41.1163 33.4608,
	41.4389 33.7618,
	41.5034 33.9339,
	41.6109 34.0844,
	41.7615 34.1704,
	41.74 34.1919,
	41.7615 34.278,
	41.5894 34.3855,
	41.5464 34.3855,
	41.3744 34.493,
	41.2884 34.579,
	40.9443 34.751,
	40.6002 34.8586,
	40.5142 34.9016,
	40.3422 34.9231,
	39.9981 34.9016,
	39.654 34.8156,
	38.9659 34.45,
	38.6433 34.1919,
	38.4713 34.0414,
	38.3853 33.9554,
	38.2132 33.8479,
	38.0412 33.6973,
	37.9552 33.6328,
	37.8692 33.4608,
	37.8477 33.3748,
	"/>
</Transform>

<Transform dim="0"
 xcoef=" 0 1 0 0 0 0"
 ycoef=" 0 0 1 0 0 0">
<Contour name="TB2_T2Cell07_CM_LES" hidden="false" closed="true" simplified="true" border="0.568627 1 0.780392" fill="0.568627 1 0.780392" mode="-9"
 points="34.0949 44.5043,
	34.1269 44.4403,
	34.1269 44.4082,
	34.223 44.2801,
	34.3351 44.0239,
	34.4152 43.7677,
	34.4632 43.5114,
	34.4632 43.3833,
	34.5273 43.3353,
	34.5913 43.3193,
	34.6554 43.3513,
	34.7195 43.4153,
	34.7835 43.4314,
	35.0237 43.1751,
	35.1519 43.047,
	35.4081 42.8869,
	35.6643 42.8068,
	35.7924 42.8068,
	36.3049 42.6466,
	36.433 42.5666,
	36.6892 42.3424,
	36.8174 42.2143,
	36.8814 42.1502,
	36.9134 42.0861,
	37.1697 41.8459,
	37.2978 41.7338,
	37.3619 41.6698,
	37.8743 41.4295,
	38.1306 41.2854,
	38.1946 41.2534,
	38.3227 41.1253,
	38.3868 41.0612,
	38.4508 41.0452,
	38.9633 40.6608,
	39.2035 40.4046,
	39.2836 40.2765,
	39.3156 40.2124,
	39.4277 40.0843,
	39.684 39.9082,
	39.9402 39.7961,
	40.1964 39.732,
	40.3245 39.684,
	40.4527 39.6679,
	40.5167 39.6359,
	41.0292 39.5879,
	41.5416 39.4437,
	41.7979 39.3156,
	42.0541 39.1395,
	42.1822 39.0594,
	42.3103 38.9473,
	42.8228 38.627,
	43.079 38.579,
	43.2072 38.5629,
	43.3353 38.5149,
	43.5915 38.2907,
	43.6556 38.2266,
	43.9118 38.1145,
	44.168 38.0505,
	44.4243 38.0185,
	44.6805 38.0665,
	44.7445 38.0825,
	45.0008 38.0024,
	45.1289 37.9544,
	45.193 37.9224,
	45.225 37.9224,
	45.257 37.8903,
	45.3211 37.8743,
	45.3531 37.8423,
	45.4812 37.8103,
	45.5453 37.7622,
	45.8015 37.6821,
	45.9296 37.6341,
	45.9937 37.6021,
	46.1218 37.6021,
	46.2499 37.6501,
	46.5061 37.8263,
	46.5702 37.8583,
	46.6022 37.8743,
	46.6343 37.8583,
	46.6182 37.7942,
	46.4901 37.6661,
	46.2339 37.49,
	46.2019 37.4259,
	46.1859 37.4099,
	46.2499 37.3619,
	46.314 37.3779,
	46.4421 37.506,
	46.4741 37.538,
	46.7303 37.554,
	47.2428 37.6501,
	47.499 37.6341,
	47.5631 37.6181,
	47.6272 37.49,
	47.5951 37.3619,
	47.467 37.2818,
	47.2108 37.2017,
	47.0987 37.1216,
	47.0827 37.0896,
	47.1307 37.0256,
	47.3869 36.9775,
	47.6432 36.8974,
	47.8994 36.7213,
	48.0275 36.6412,
	48.1556 36.5291,
	48.2838 36.465,
	48.3478 36.417,
	48.3798 36.385,
	48.3158 36.3369,
	48.2838 36.3209,
	48.0275 36.449,
	47.8994 36.5291,
	47.8353 36.5131,
	47.7873 36.449,
	47.8353 36.385,
	48.0916 36.2729,
	48.3478 36.1928,
	48.4759 36.1768,
	48.7322 36.2088,
	48.8603 36.1928,
	48.9243 36.1768,
	49.0524 36.0647,
	49.1165 36.0006,
	49.629 35.9045,
	50.1414 35.8725,
	50.6539 35.8885,
	51.1664 35.8565,
	51.6788 35.8725,
	52.1913 35.8245,
	52.4475 35.8405,
	52.5756 35.8565,
	52.8319 35.8084,
	52.96 35.7604,
	53.2162 35.7124,
	53.7287 35.5362,
	53.9849 35.4561,
	54.113 35.4081,
	54.3693 35.36,
	54.4333 35.344,
	54.6896 35.1839,
	54.9458 35.0558,
	55.0739 35.0077,
	55.5864 35.0878,
	55.8426 35.0558,
	56.8675 34.7835,
	57.1238 34.7355,
	57.38 34.7195,
	57.6362 34.7355,
	58.6612 34.5753,
	59.1736 34.5113,
	59.4299 34.4953,
	59.6861 34.5113,
	60.711 34.6874,
	60.9672 34.7355,
	61.2235 34.8316,
	61.3516 34.8476,
	61.4157 34.8155,
	61.4797 34.6874,
	61.4637 34.6234,
	61.3516 34.5113,
	61.2235 34.4472,
	61.1754 34.3832,
	61.1594 34.3671,
	61.2235 34.3191,
	61.3516 34.3832,
	61.6078 34.5913,
	61.8641 34.7355,
	62.3765 34.9437,
	62.6328 35.0558,
	62.6968 35.0878,
	62.953 35.1038,
	63.2093 35.1679,
	63.3374 35.2159,
	63.5936 35.2319,
	63.6417 35.296,
	63.6577 35.328,
	63.6096 35.3921,
	63.4815 35.4561,
	63.2253 35.6963,
	63.1772 35.8245,
	63.1292 35.8885,
	62.873 36.0006,
	62.6167 36.2248,
	62.4886 36.3369,
	62.2324 36.4811,
	61.7199 36.6892,
	61.4637 36.7693,
	60.4388 36.8494,
	59.9263 36.9935,
	58.9014 37.4579,
	58.7733 37.49,
	58.517 37.6021,
	58.2608 37.7462,
	58.0046 37.8583,
	57.8764 37.9224,
	57.8124 37.9544,
	57.5562 38.1786,
	57.428 38.3067,
	57.348 38.4348,
	57.2199 38.5469,
	57.1077 38.611,
	57.1878 38.7391,
	57.2519 38.7711,
	57.2839 38.8352,
	57.2199 38.8832,
	57.1558 38.8672,
	57.1238 38.8672,
	56.9956 38.7551,
	56.9316 38.7231,
	56.6754 38.7391,
	56.4191 38.8672,
	56.291 38.9473,
	56.1629 39.0754,
	56.0988 39.1395,
	55.9707 39.1235,
	55.4583 39.2996,
	55.202 39.3797,
	55.0739 39.4437,
	54.8177 39.4918,
	54.7536 39.5078,
	54.6255 39.5879,
	54.3693 39.8441,
	54.2412 39.9562,
	53.9849 40.1003,
	53.8568 40.1804,
	53.7927 40.2445,
	53.6646 40.3085,
	53.4084 40.5327,
	53.1682 40.789,
	52.9119 40.9651,
	52.3995 41.1093,
	52.1433 41.1413,
	52.0151 41.1413,
	51.9511 41.1573,
	51.919 41.1573,
	51.7909 41.2854,
	51.6628 41.3655,
	51.5988 41.3975,
	51.3425 41.4135,
	51.0863 41.4936,
	50.9582 41.5256,
	50.8941 41.5256,
	50.766 41.5737,
	49.7411 41.6698,
	49.4848 41.6858,
	49.2286 41.7658,
	48.9724 41.894,
	48.7161 42.0701,
	48.4119 42.5826,
	48.3638 42.6466,
	48.1076 42.6627,
	47.9795 42.6466,
	47.8514 42.5986,
	47.7873 42.5826,
	47.5311 42.6306,
	47.403 42.6627,
	47.1467 42.8068,
	46.8905 42.7908,
	46.378 42.8388,
	45.8656 42.9349,
	45.6093 42.9829,
	45.4812 43.015,
	45.225 43.015,
	44.9687 42.9829,
	44.8406 42.9829,
	44.5844 43.047,
	44.3282 43.1751,
	44.2001 43.2392,
	43.9438 43.3032,
	43.6876 43.3353,
	43.5595 43.3673,
	43.4954 43.3673,
	43.2392 43.4634,
	43.1111 43.5114,
	42.8548 43.6876,
	42.7267 43.7516,
	42.5986 43.7356,
	42.3424 43.7677,
	41.8299 43.9919,
	41.5737 44.12,
	41.3174 44.2001,
	41.2534 44.2321,
	41.1253 44.2481,
	40.6128 44.4723,
	40.5487 44.5043,
	40.4366 44.6324,
	40.3566 44.7606,
	40.3085 44.8887,
	40.3245 45.0168,
	40.2925 45.273,
	40.2925 45.3371,
	40.2605 45.4011,
	40.0043 45.4812,
	39.8761 45.5132,
	39.748 45.4972,
	39.6199 45.4492,
	39.4437 45.193,
	39.3156 45.1129,
	38.8032 45.289,
	38.2907 45.3851,
	38.0345 45.4011,
	37.9063 45.3531,
	37.6501 45.3531,
	37.3939 45.3851,
	37.2658 45.3691,
	37.1377 45.3211,
	37.0095 45.241,
	36.7533 45.209,
	36.6892 45.209,
	36.5611 45.257,
	36.433 45.3531,
	36.3049 45.4011,
	36.0487 45.3691,
	35.9846 45.3211,
	35.9526 45.3051,
	35.9526 45.273,
	35.9846 45.241,
	36.0487 45.257,
	36.1768 45.3371,
	36.2408 45.3691,
	36.369 45.3371,
	36.417 45.3211,
	36.385 45.289,
	36.3209 45.273,
	36.0647 45.0809,
	35.9366 45.0008,
	35.8084 44.9527,
	35.6803 44.9848,
	35.5522 44.9848,
	35.4882 44.9848,
	35.4241 44.9527,
	35.3921 44.9207,
	35.4081 44.8566,
	35.36 44.7926,
	35.1038 44.6324,
	34.8476 44.6324,
	34.7195 44.6324,
	34.4632 44.7125,
	34.207 44.7285,
	34.0949 44.6004,
	34.0949 44.5364,
	34.0949 44.5203,
	"/>
</Transform>

<Transform dim="0"
 xcoef=" 0 1 0 0 0 0"
 ycoef=" 0 0 1 0 0 0">
<Contour name="TB2_NF21_LES" hidden="false" closed="true" simplified="true" border="0.705882 0.705882 1" fill="0.705882 0.705882 1" mode="-9"
 points="45.5677 32.0099,
	45.64 31.8447,
	45.6606 31.6795,
	45.6606 31.5143,
	45.6916 31.3491,
	45.7432 31.1839,
	45.7639 31.1426,
	45.7845 31.1219,
	45.7845 31.1013,
	45.8465 31.0187,
	45.9291 30.9567,
	46.0943 30.8844,
	46.2595 30.8741,
	46.3008 30.8741,
	46.3834 30.9154,
	46.4247 30.9361,
	46.4351 30.9567,
	46.4041 31.1219,
	46.3731 31.4523,
	46.3731 31.4936,
	46.3318 31.5762,
	46.2905 31.6176,
	46.2079 31.6485,
	46.1253 31.7002,
	46.084 31.7415,
	46.0014 31.9067,
	45.9807 31.948,
	45.9807 31.9686,
	45.9601 31.9893,
	45.9601 32.0099,
	45.9291 32.0512,
	45.8981 32.1338,
	45.8465 32.2164,
	45.7639 32.2991,
	45.7226 32.2887,
	45.6813 32.2578,
	45.6709 32.2164,
	45.5987 32.1648,
	45.5677 32.0822,
	45.5677 32.0409,
	45.5677 32.0203,
	"/>
</Transform>

<Transform dim="0"
 xcoef=" 0 1 0 0 0 0"
 ycoef=" 0 0 1 0 0 0">
<Contour name="TB2_NF21_LES" hidden="false" closed="true" simplified="true" border="0.705882 0.705882 1" fill="0.705882 0.705882 1" mode="-9"
 points="44.9631 36.6467,
	45.0449 36.5376,
	45.0994 36.4831,
	45.1267 36.4422,
	45.3448 36.265,
	45.3721 36.2377,
	45.5902 36.1423,
	45.6175 36.1423,
	45.8084 35.965,
	45.9174 35.8832,
	46.0265 35.856,
	46.081 35.8423,
	46.1356 35.856,
	46.1765 35.9105,
	46.1901 35.965,
	46.1628 36.0741,
	46.1492 36.1286,
	46.1492 36.1559,
	45.9992 36.374,
	45.972 36.4286,
	45.8629 36.5376,
	45.6857 36.7558,
	45.6311 36.8103,
	45.413 36.8921,
	45.1949 36.9057,
	45.0858 36.9057,
	44.9767 36.8239,
	44.9631 36.7149,
	44.9631 36.6603,
	"/>
</Transform>

<Transform dim="0"
 xcoef=" 0 1 0 0 0 0"
 ycoef=" 0 0 1 0 0 0">
<Contour name="Tb2_NF40_LES" hidden="false" closed="true" simplified="true" border="0.501961 0.25098 0.25098" fill="0.501961 0.25098 0.25098" mode="-9"
 points="17.0238 37.6822,
	17.0992 37.5315,
	17.231 37.3997,
	17.3816 37.3432,
	17.6829 37.3244,
	17.7583 37.3055,
	17.9089 37.3432,
	17.9842 37.3997,
	18.0219 37.4374,
	17.9654 37.588,
	17.8148 37.7198,
	17.6641 37.7575,
	17.5135 37.8328,
	17.4946 37.814,
	17.5135 37.7952,
	17.4381 37.7952,
	17.3628 37.8328,
	17.2121 37.8517,
	17.1368 37.8705,
	17.0615 37.8328,
	17.0238 37.7575,
	17.0238 37.701,
	"/>
</Transform>

<Transform dim="0"
 xcoef=" 0 1 0 0 0 0"
 ycoef=" 0 0 1 0 0 0">
<Contour name="TB2_T2Cell14_CM_LES" hidden="false" closed="true" simplified="true" border="1 0.772549 0.666667" fill="1 0.772549 0.666667" mode="-9"
 points="38.0661 36.2207,
	38.1385 36.1483,
	38.4279 36.094,
	38.5727 36.094,
	38.8622 36.0036,
	39.4411 35.6236,
	39.7306 35.5151,
	39.803 35.497,
	39.8753 35.5151,
	39.9115 35.4427,
	40.0382 35.298,
	40.1829 35.2075,
	40.3276 35.1532,
	40.6171 35.1713,
	40.7618 35.1894,
	41.0513 35.1532,
	41.3408 35.0809,
	41.6303 34.9361,
	41.775 34.9,
	41.8474 34.9,
	41.9921 34.8095,
	42.0645 34.7914,
	42.1911 34.6467,
	42.2635 34.5924,
	42.3359 34.4657,
	42.4806 34.3934,
	42.553 34.3753,
	42.5892 34.3572,
	42.7339 34.4476,
	42.752 34.52,
	42.752 34.5562,
	42.7882 34.5924,
	42.8605 34.5562,
	42.9691 34.4115,
	43.0053 34.3391,
	43.0777 34.3029,
	43.2224 34.321,
	43.2586 34.3391,
	43.2586 34.3753,
	43.2224 34.4115,
	43.2948 34.4657,
	43.4395 34.3753,
	43.729 34.3391,
	43.8737 34.3029,
	43.9461 34.3029,
	44.0185 34.2667,
	43.729 34.1582,
	43.4395 33.9773,
	43.4033 33.9411,
	43.4757 33.8868,
	43.6204 33.8506,
	43.6928 33.8325,
	43.729 33.8144,
	43.8013 33.8506,
	43.8375 33.923,
	43.8013 33.9773,
	43.8737 34.0496,
	44.0185 34.1039,
	44.3079 34.1401,
	44.4527 34.1582,
	44.7421 34.1039,
	45.3211 33.8506,
	45.4658 33.7963,
	45.7553 33.5611,
	45.8277 33.5069,
	45.9724 33.2174,
	46.0991 33.0726,
	46.3885 32.9098,
	46.6418 32.6203,
	46.9313 32.3489,
	47.1303 32.0595,
	47.1846 31.77,
	47.2751 31.6434,
	47.3474 31.6253,
	47.4922 31.6976,
	47.6188 31.8243,
	47.9083 31.9509,
	48.1978 32.0052,
	48.4872 32.0233,
	48.7767 32.0052,
	48.7948 31.9871,
	48.9215 32.0595,
	49.0662 31.9509,
	49.1024 31.9147,
	49.2471 31.8966,
	49.5366 31.77,
	49.609 31.7157,
	49.6451 31.6795,
	49.7899 31.6434,
	49.9346 31.6614,
	50.0794 31.6072,
	50.206 31.4624,
	50.4955 31.372,
	50.6402 31.2996,
	50.6764 31.2996,
	50.9659 31.0463,
	51.1106 30.9197,
	51.2554 30.8473,
	51.3277 30.8292,
	51.4001 30.8473,
	51.4363 30.8654,
	51.581 30.7387,
	51.5991 30.594,
	51.6715 30.4493,
	51.8162 30.3045,
	51.8886 30.2864,
	51.9429 30.3045,
	51.961 30.3769,
	51.8886 30.5216,
	51.8705 30.594,
	51.9248 30.6664,
	51.9971 30.7026,
	52.1419 30.7206,
	52.2142 30.6845,
	52.2866 30.7026,
	52.5761 30.594,
	52.6304 30.5759,
	52.6665 30.594,
	52.8113 30.5397,
	52.8475 30.5397,
	52.9922 30.395,
	53.0646 30.3407,
	53.1369 30.3226,
	53.4264 30.1055,
	53.5531 30.015,
	53.5893 29.997,
	53.6616 30.015,
	53.734 30.0693,
	53.734 30.2141,
	53.7159 30.2864,
	53.5893 30.4312,
	53.5712 30.4493,
	53.6435 30.5216,
	53.7883 30.5759,
	54.0777 30.6121,
	55.2356 30.5759,
	55.5251 30.6121,
	56.1041 30.5759,
	56.3936 30.4854,
	56.5383 30.4312,
	56.8278 30.3769,
	56.9725 30.3769,
	57.262 30.4312,
	57.5515 30.5397,
	57.6962 30.6302,
	57.9314 30.9197,
	58.0761 30.9378,
	58.2209 30.9197,
	58.3475 31.0101,
	58.4199 31.1549,
	58.5465 31.2634,
	59.1255 31.4443,
	59.1979 31.4805,
	59.234 31.4805,
	59.3788 31.5891,
	59.4331 31.6614,
	59.4511 31.6976,
	59.3969 31.8424,
	59.2702 31.9871,
	58.9807 32.1137,
	58.836 32.2042,
	58.6913 32.3309,
	58.4018 32.3489,
	58.2571 32.2766,
	58.1666 32.1318,
	58.1304 32.0595,
	58.058 32.0233,
	58.0219 32.0052,
	57.9495 32.0414,
	57.8952 32.1137,
	57.9495 32.2585,
	58.0942 32.3851,
	58.3837 32.4937,
	58.5284 32.5118,
	58.6732 32.4937,
	58.7455 32.4756,
	59.035 32.5841,
	59.1798 32.6022,
	59.2159 32.6746,
	59.1617 32.747,
	59.0169 32.8013,
	58.8722 32.8193,
	58.5827 32.9098,
	58.438 32.9641,
	58.1485 33.1269,
	57.5695 33.2174,
	57.4791 33.3621,
	57.3524 33.4888,
	57.2077 33.543,
	57.1353 33.543,
	56.8459 33.3802,
	56.7735 33.3078,
	56.484 33.2355,
	56.4116 33.2174,
	56.2669 33.1088,
	56.0317 32.8193,
	55.9051 32.5299,
	55.8146 32.3851,
	55.7422 32.3309,
	55.7241 32.367,
	55.7965 32.5118,
	55.8146 32.548,
	55.7603 32.6022,
	55.688 32.5841,
	55.5794 32.4575,
	55.3442 32.747,
	55.308 32.747,
	55.2356 32.8193,
	55.0909 32.8736,
	54.8014 32.9279,
	54.512 33.0184,
	54.2225 33.0545,
	54.0777 33.0003,
	53.7883 32.7651,
	53.6435 32.6746,
	53.4988 32.6203,
	53.3541 32.6022,
	53.2093 32.6203,
	53.1369 32.6203,
	52.8475 32.7832,
	52.7751 32.8013,
	52.4856 32.9641,
	52.359 33.0907,
	52.3228 33.1631,
	52.1962 33.1993,
	51.9067 33.145,
	51.7619 33.145,
	51.4725 33.2897,
	51.3277 33.3802,
	51.2554 33.4164,
	51.0202 33.7059,
	50.8935 33.8506,
	50.803 33.9953,
	50.7307 34.0677,
	50.5859 34.1401,
	50.2965 34.1582,
	50.1517 34.1401,
	50.007 34.1582,
	49.7175 34.321,
	49.6451 34.3572,
	49.0662 34.3753,
	48.4872 34.5019,
	48.1978 34.5924,
	48.053 34.6467,
	47.9807 34.6648,
	47.9083 34.719,
	46.7504 34.9904,
	46.6056 35.0266,
	46.4609 35.099,
	46.1714 35.1532,
	45.882 35.2799,
	45.8458 35.2799,
	45.5744 35.5694,
	45.502 35.6236,
	45.3573 35.6417,
	45.2125 35.6236,
	44.9231 35.3704,
	44.7783 35.298,
	44.4889 35.2075,
	44.3441 35.1171,
	44.1994 35.0628,
	43.9099 35.1894,
	43.7652 35.2256,
	43.4757 35.3523,
	43.1862 35.4427,
	42.8967 35.4608,
	42.752 35.4789,
	42.173 35.7141,
	41.8836 35.8408,
	41.7388 35.9131,
	41.4494 36.0036,
	41.1599 36.1302,
	40.8704 36.2026,
	40.5809 36.3112,
	40.4362 36.3654,
	40.1467 36.5283,
	40.0743 36.5644,
	39.7849 36.6006,
	39.2059 36.4378,
	38.9164 36.4197,
	38.7717 36.4378,
	38.7174 36.4921,
	38.5727 36.5102,
	38.2832 36.474,
	38.1385 36.4197,
	38.0842 36.275,
	38.0661 36.2388,
	"/>
</Transform>

<Transform dim="0"
 xcoef=" 0 1 0 0 0 0"
 ycoef=" 0 0 1 0 0 0">
<Contour name="TB2_T2Cell14_CM_LES" hidden="false" closed="true" simplified="true" border="1 0.772549 0.666667" fill="1 0.772549 0.666667" mode="-9"
 points="36.5825 37.4871,
	36.6549 37.4329,
	36.7996 37.4148,
	36.9444 37.3605,
	37.0891 37.3424,
	37.2339 37.2881,
	37.5052 37.071,
	37.5233 36.9987,
	37.4871 36.9263,
	37.1977 36.7996,
	37.0529 36.7816,
	36.9806 36.7996,
	36.9082 36.7816,
	36.872 36.7273,
	37.1434 36.6006,
	37.2158 36.5825,
	37.2881 36.6006,
	37.3424 36.6549,
	37.4148 36.673,
	37.5595 36.6549,
	37.8309 36.8539,
	37.849 36.8901,
	37.7585 37.1796,
	37.6681 37.3243,
	37.5233 37.4148,
	36.9444 37.5414,
	36.7996 37.5595,
	36.7273 37.5776,
	36.5825 37.5052,
	"/>
</Transform>

<Transform dim="0"
 xcoef=" 0 1 0 0 0 0"
 ycoef=" 0 0 1 0 0 0">
<Contour name="TB2_NF24_LES" hidden="false" closed="true" simplified="true" border="0 0.501961 0" fill="0 0.501961 0" mode="-9"
 points="50.3039 30.2329,
	50.3411 30.1138,
	50.3411 29.9947,
	50.3262 29.8756,
	50.3262 29.816,
	50.3932 29.5778,
	50.49 29.4661,
	50.6091 29.3917,
	50.6538 29.3321,
	50.6835 29.2726,
	50.6984 29.2428,
	50.8175 29.1832,
	50.9367 29.0865,
	51.0483 29.012,
	51.0781 28.9971,
	51.1823 28.8929,
	51.3015 28.8259,
	51.4206 28.7887,
	51.4801 28.7663,
	51.5992 28.7589,
	51.7184 28.7738,
	51.9566 28.8557,
	52.0161 28.878,
	52.1353 28.9599,
	52.1799 29.0046,
	52.299 29.0865,
	52.3586 29.1237,
	52.3884 29.1386,
	52.5075 29.2354,
	52.6192 29.347,
	52.6787 29.3917,
	52.7606 29.5034,
	52.8276 29.6225,
	52.8574 29.682,
	52.8797 29.7118,
	52.9244 29.8309,
	52.9318 29.8905,
	52.917 29.95,
	52.8872 29.9798,
	52.6489 30.017,
	52.5298 30.0543,
	52.4703 30.0543,
	52.4107 30.0394,
	52.3809 30.0394,
	52.3214 30.017,
	52.2023 29.9947,
	52.1427 29.9873,
	52.0236 30.0096,
	51.9045 30.0543,
	51.8449 30.084,
	51.7258 30.1808,
	51.696 30.2106,
	51.5918 30.4488,
	51.5248 30.568,
	51.5025 30.6275,
	51.4429 30.6796,
	51.3238 30.7392,
	51.294 30.7541,
	51.2345 30.7466,
	51.2121 30.7392,
	51.16 30.7764,
	51.0409 30.7913,
	51.0111 30.7913,
	50.9813 30.7764,
	50.9664 30.7764,
	50.7282 30.635,
	50.6091 30.5456,
	50.5123 30.4488,
	50.4006 30.3669,
	50.3709 30.3521,
	50.3188 30.2925,
	50.3039 30.2627,
	50.3039 30.2404,
	"/>
<Contour name="TB2_NF24_LES" hidden="false" closed="true" simplified="true" border="0 0.501961 0" fill="0 0.501961 0" mode="-9"
 points="46.3954 29.9128,
	46.4475 29.8607,
	46.5071 29.8384,
	46.7453 29.8309,
	46.8049 29.8533,
	46.8346 29.8682,
	46.8495 29.8682,
	46.9091 29.9054,
	46.9389 29.9203,
	46.9984 29.9724,
	47.058 30.0096,
	47.0729 30.0096,
	47.0878 30.0245,
	47.2069 30.0543,
	47.326 30.0617,
	47.5642 30.0394,
	47.6833 29.9873,
	47.7131 29.9724,
	47.7429 29.9426,
	47.7727 29.883,
	47.7801 29.8533,
	47.8546 29.7341,
	47.8918 29.6746,
	48.0034 29.5778,
	48.0332 29.5629,
	48.0481 29.548,
	48.1672 29.5182,
	48.2789 29.4512,
	48.3385 29.3991,
	48.4576 29.3321,
	48.5171 29.3024,
	48.6362 29.28,
	48.6958 29.2577,
	48.7554 29.2205,
	48.8149 29.1981,
	48.8745 29.1907,
	48.8968 29.1832,
	48.9564 29.1981,
	49.0159 29.2354,
	49.0457 29.2577,
	49.1648 29.2726,
	49.1946 29.2651,
	49.2095 29.2726,
	49.2393 29.2577,
	49.3584 29.2875,
	49.4179 29.3098,
	49.6338 29.4736,
	49.753 29.5704,
	49.7976 29.615,
	49.8348 29.6746,
	49.887 29.7937,
	49.9093 29.8533,
	49.9242 29.9724,
	49.9242 30.0319,
	49.9465 30.0915,
	49.9986 30.1362,
	50.0135 30.1659,
	50.0135 30.2255,
	50.0135 30.2553,
	49.9837 30.3148,
	49.9391 30.3744,
	49.8795 30.4191,
	49.7604 30.4116,
	49.6413 30.3744,
	49.5817 30.3595,
	49.4626 30.3521,
	49.3435 30.3223,
	49.2244 30.2478,
	49.1648 30.2329,
	49.0457 30.1808,
	49.0159 30.1734,
	48.9861 30.1436,
	48.9787 30.1287,
	48.7405 30.1287,
	48.6214 30.1585,
	48.5022 30.2032,
	48.3831 30.2255,
	48.3534 30.2255,
	48.3012 30.2776,
	48.2417 30.3074,
	48.1226 30.3372,
	48.063 30.3595,
	47.9439 30.3744,
	47.8843 30.3893,
	47.6461 30.3744,
	47.4079 30.3372,
	47.2888 30.2999,
	47.259 30.2776,
	47.2292 30.2702,
	47.1101 30.2032,
	46.991 30.1734,
	46.8719 30.1138,
	46.7527 30.0692,
	46.6336 30.0394,
	46.5145 30.0543,
	46.4847 30.0617,
	46.4326 30.0245,
	46.4103 29.9947,
	46.3954 29.9798,
	46.3954 29.9203,
	"/>
</Transform>

<Transform dim="0"
 xcoef=" 0 1 0 0 0 0"
 ycoef=" 0 0 1 0 0 0">
<Contour name="TB2_NF24_LES" hidden="false" closed="true" simplified="true" border="0 0.501961 0" fill="0 0.501961 0" mode="-9"
 points="43.7823 33.9404,
	43.8567 33.8213,
	43.8865 33.799,
	43.9461 33.7766,
	43.9759 33.7692,
	44.0056 33.7468,
	44.1248 33.732,
	44.1843 33.732,
	44.2141 33.7171,
	44.2737 33.6575,
	44.3332 33.6203,
	44.4374 33.5161,
	44.5566 33.4342,
	44.6161 33.4044,
	44.7352 33.3969,
	44.7948 33.3969,
	45.033 33.3299,
	45.2712 33.2108,
	45.3904 33.1587,
	45.4499 33.1364,
	45.569 33.1215,
	45.6286 33.114,
	45.6881 33.0545,
	45.7403 33.0098,
	45.7998 32.9875,
	45.8296 32.9875,
	45.8594 33.0098,
	45.8668 33.0396,
	45.8147 33.1587,
	45.6733 33.3969,
	45.502 33.6277,
	45.4425 33.6873,
	45.3829 33.7245,
	45.3531 33.7394,
	45.3234 33.7394,
	45.2638 33.7692,
	45.234 33.7766,
	45.1745 33.8138,
	45.0553 33.8585,
	44.9958 33.8957,
	44.9809 33.8957,
	44.966 33.9106,
	44.9362 33.9181,
	44.8767 33.9553,
	44.7576 33.9851,
	44.6384 34.0372,
	44.5789 34.0595,
	44.5491 34.0744,
	44.43 34.0819,
	44.3704 34.0967,
	44.3109 34.1265,
	44.2513 34.1414,
	44.2364 34.1489,
	43.9982 34.1116,
	43.9386 34.0893,
	43.9089 34.0893,
	43.7897 34.0074,
	43.7823 33.9478,
	"/>
</Transform>

<Transform dim="0"
 xcoef=" 0 1 0 0 0 0"
 ycoef=" 0 0 1 0 0 0">
<Contour name="TB2_NF24_LES" hidden="false" closed="true" simplified="true" border="0 0.501961 0" fill="0 0.501961 0" mode="-9"
 points="35.3285 37.4604,
	35.3736 37.3701,
	35.4526 37.2912,
	35.4413 37.2686,
	35.4638 37.2573,
	35.4864 37.2686,
	35.509 37.2573,
	35.5541 37.2686,
	35.6443 37.2461,
	36.0053 37.043,
	36.1858 36.9189,
	36.2309 36.9077,
	36.3211 36.84,
	36.3662 36.8174,
	36.3888 36.7949,
	36.5693 36.7385,
	36.6595 36.7272,
	36.7046 36.7159,
	36.8851 36.7497,
	37.0656 36.761,
	37.1558 36.7723,
	37.1784 36.761,
	37.3589 36.7836,
	37.404 36.7836,
	37.4942 36.84,
	37.5393 36.9302,
	37.5506 37.0205,
	37.5393 37.1107,
	37.4604 37.2009,
	37.3701 37.2573,
	37.0092 37.3701,
	36.8287 37.4265,
	36.6482 37.4491,
	36.4678 37.5168,
	36.3775 37.5619,
	36.197 37.6183,
	36.0166 37.6521,
	35.9263 37.6521,
	35.8361 37.6747,
	35.6556 37.686,
	35.5654 37.6973,
	35.4751 37.6747,
	35.3849 37.607,
	35.3398 37.5168,
	35.3285 37.4717,
	"/>
<Contour name="TB2_NF24_LES" hidden="false" closed="true" simplified="true" border="0 0.501961 0" fill="0 0.501961 0" mode="-9"
 points="30.6135 39.8855,
	30.6248 39.8404,
	30.6812 39.7502,
	30.7601 39.6599,
	30.9293 39.5584,
	30.9519 39.5584,
	30.9745 39.5359,
	31.0647 39.502,
	31.1098 39.4682,
	31.2903 39.4005,
	31.4708 39.2764,
	31.5159 39.2539,
	31.6061 39.1636,
	31.6964 39.1298,
	31.7866 39.1185,
	32.1476 38.9719,
	32.328 38.9155,
	32.5085 38.8816,
	32.689 38.8252,
	32.7792 38.8027,
	32.8244 38.8027,
	33.1853 38.6786,
	33.3658 38.6448,
	33.456 38.656,
	33.4673 38.7012,
	33.4673 38.7237,
	33.3771 38.8027,
	33.1966 38.9155,
	33.1176 38.9944,
	33.0612 39.0847,
	33.0161 39.1298,
	32.9259 39.1749,
	32.5649 39.2652,
	32.204 39.3216,
	32.0235 39.3554,
	31.843 39.4118,
	31.6738 39.5133,
	31.5949 39.6035,
	31.5046 39.6712,
	31.4595 39.7163,
	31.3693 39.7727,
	31.3241 39.8066,
	31.3016 39.8066,
	31.1211 39.9758,
	31.0309 40.0435,
	31.0083 40.0435,
	30.9857 40.066,
	30.8053 40.0773,
	30.715 40.0773,
	30.6699 40.0547,
	30.6361 40.0096,
	30.6135 39.9194,
	30.6135 39.8968,
	"/>
<Contour name="TB2_NF24_LES" hidden="false" closed="true" simplified="true" border="0 0.501961 0" fill="0 0.501961 0" mode="-9"
 points="25.7068 38.8365,
	25.7293 38.656,
	25.7519 38.6109,
	25.797 38.5771,
	25.9775 38.656,
	26.0677 38.6786,
	26.1128 38.6786,
	26.1354 38.6673,
	26.3159 38.7012,
	26.4061 38.7237,
	26.5866 38.8027,
	26.6768 38.8478,
	26.7671 38.9155,
	26.8912 39.0847,
	26.9588 39.2652,
	27.004 39.3554,
	27.0265 39.5359,
	27.0378 39.6261,
	27.128 39.8066,
	27.1844 39.8968,
	27.3536 40.0435,
	27.3762 40.0435,
	27.3988 40.066,
	27.4213 40.066,
	27.4439 40.0886,
	27.8048 40.2352,
	27.8951 40.2916,
	27.9176 40.3142,
	27.9063 40.3593,
	27.8274 40.4383,
	27.6469 40.4834,
	27.286 40.4721,
	27.1055 40.4721,
	27.0152 40.4721,
	26.8348 40.427,
	26.4738 40.2916,
	26.3836 40.2352,
	26.2144 40.0547,
	26.2144 40.0322,
	26.079 39.863,
	26.079 39.8404,
	26.0452 39.7953,
	26.0113 39.6148,
	26.0113 39.5246,
	25.9888 39.4344,
	25.9324 39.3554,
	25.8534 39.2764,
	25.8083 39.2313,
	25.7293 39.0508,
	25.7068 39.0057,
	25.7068 38.9155,
	25.7068 38.8704,
	25.7068 38.8478,
	"/>
</Transform>

<Transform dim="0"
 xcoef=" 0 1 0 0 0 0"
 ycoef=" 0 0 1 0 0 0">
<Contour name="TB2_NF24_LES" hidden="false" closed="true" simplified="true" border="0 0.501961 0" fill="0 0.501961 0" mode="-9"
 points="25.0864 37.4942,
	25.1315 37.3137,
	25.1428 37.2686,
	25.2669 37.0994,
	25.3458 37.0317,
	25.4248 36.9415,
	25.515 36.8738,
	25.5489 36.7836,
	25.6504 36.6031,
	25.7068 36.5129,
	25.7406 36.4226,
	25.7519 36.3324,
	25.7632 36.2873,
	25.7519 36.197,
	25.797 35.8361,
	25.8309 35.6556,
	25.8873 35.5654,
	25.9662 35.4751,
	26.0226 35.3849,
	26.1918 35.2157,
	26.282 35.2044,
	26.3723 35.2382,
	26.4625 35.3285,
	26.5415 35.509,
	26.5753 35.5992,
	26.6317 35.6894,
	26.643 35.8699,
	26.5866 36.2309,
	26.5415 36.4114,
	26.4738 36.5918,
	26.3836 36.7723,
	26.2708 36.9528,
	26.2482 36.9979,
	26.2482 37.0205,
	25.7406 37.7311,
	25.6729 37.8213,
	25.6617 37.8665,
	25.6278 37.9116,
	25.6278 38.0018,
	25.6391 38.0469,
	25.797 38.2161,
	25.797 38.2612,
	25.7745 38.3064,
	25.7293 38.3515,
	25.6391 38.3628,
	25.594 38.3515,
	25.4361 38.1823,
	25.3007 38.0131,
	25.1879 37.8326,
	25.1653 37.8101,
	25.1653 37.7875,
	25.1428 37.7649,
	25.0864 37.5845,
	25.0864 37.5055,
	"/>
</Transform>

<Transform dim="0"
 xcoef=" 0 1 0 0 0 0"
 ycoef=" 0 0 1 0 0 0">
<Contour name="TB2_T2Cell13_CM_LES" hidden="false" closed="true" simplified="true" border="0 1 0.501961" fill="0 1 0.501961" mode="-9"
 points="26.047 38.0989,
	26.1125 37.9243,
	26.3527 37.5749,
	26.6802 37.2911,
	26.964 37.0073,
	27.1387 36.8981,
	27.488 36.7453,
	27.6627 36.7453,
	27.75 36.7453,
	27.7937 36.7671,
	27.9247 36.6361,
	28.012 36.5706,
	28.1867 36.5706,
	28.536 36.6798,
	28.8853 36.7453,
	28.9727 36.7234,
	29.1037 36.5706,
	29.2783 36.5051,
	29.6277 36.4833,
	29.977 36.3523,
	30.3263 36.1558,
	30.6756 36.0466,
	30.8285 35.9374,
	30.9158 35.8719,
	30.9595 35.8283,
	31.3088 35.7409,
	31.4835 35.7409,
	31.6581 35.7846,
	31.8328 35.8938,
	31.942 36.0466,
	32.6406 36.0903,
	32.99 36.0684,
	33.1646 36.0248,
	33.514 36.0248,
	34.2126 36.0903,
	34.9113 35.9811,
	35.6099 35.9593,
	37.0073 36.0684,
	37.3566 36.1339,
	37.7059 36.1339,
	37.8806 36.1776,
	37.9679 36.1994,
	38.0553 36.2649,
	38.0989 36.3523,
	38.1863 36.3959,
	38.2736 36.4833,
	38.2954 36.5269,
	38.2081 36.5924,
	37.5094 36.5051,
	37.1601 36.5051,
	36.8108 36.6579,
	36.6361 36.7234,
	36.2868 36.7671,
	36.1121 36.8108,
	35.7628 37.0509,
	35.6754 37.1164,
	35.5008 37.1819,
	35.1515 37.1601,
	34.9768 37.1819,
	34.8021 37.2474,
	34.6275 37.3566,
	34.3 37.6623,
	34.1253 37.7933,
	33.9506 37.8806,
	33.6013 37.9898,
	33.252 38.1863,
	32.5533 38.4701,
	32.3786 38.4919,
	32.0293 38.6448,
	31.68 38.7321,
	30.9813 39.0596,
	30.2826 39.4744,
	29.9333 39.6709,
	29.7587 39.7583,
	29.4093 39.9984,
	29.06 40.0858,
	28.3613 40.0858,
	28.1867 40.0639,
	28.012 39.9984,
	27.6627 39.9984,
	27.488 39.9984,
	27.3133 39.9548,
	27.1605 39.8019,
	27.0513 39.6273,
	27.0513 39.5836,
	27.0077 39.5399,
	26.9858 39.3653,
	26.5055 38.6884,
	26.3527 38.5574,
	26.178 38.4919,
	26.0907 38.4264,
	26.047 38.2518,
	26.047 38.1644,
	26.047 38.1208,
	"/>
</Transform>

<Transform dim="0"
 xcoef=" 0 1 0 0 0 0"
 ycoef=" 0 0 1 0 0 0">
<Contour name="Tb2_NF34_LES" hidden="false" closed="true" simplified="true" border="0.756863 0.513725 1" fill="0.756863 0.513725 1" mode="-9"
 points="44.8276 37.1415,
	44.8772 37.0919,
	45.0756 37.1167,
	45.4723 37.0175,
	45.6706 36.9927,
	45.7698 37.0175,
	45.9682 36.9679,
	46.0673 36.9183,
	46.2657 36.9431,
	46.6624 37.1167,
	46.7616 37.1167,
	46.9599 37.2159,
	47.0095 37.2655,
	47.2079 37.315,
	47.307 37.3398,
	47.3814 37.439,
	47.3814 37.4886,
	47.2822 37.563,
	47.0839 37.563,
	46.6872 37.4886,
	46.2905 37.3646,
	46.0921 37.315,
	45.6954 37.3894,
	45.4971 37.439,
	45.1004 37.3646,
	45.0012 37.3398,
	44.8276 37.1663,
	"/>
</Transform>

<Transform dim="0"
 xcoef=" 0 1 0 0 0 0"
 ycoef=" 0 0 1 0 0 0">
<Contour name="Tb2_NF32_LES" hidden="false" closed="true" simplified="true" border="0.396078 0.462745 0.737255" fill="0.396078 0.462745 0.737255" mode="-9"
 points="42.0313 37.1116,
	42.1026 36.969,
	42.2452 36.862,
	42.5304 36.862,
	42.8156 36.969,
	43.1008 37.1472,
	43.3147 37.4324,
	43.4216 37.575,
	43.4929 37.8602,
	43.4573 38.1454,
	43.3147 38.2524,
	43.0295 38.288,
	42.9582 38.3237,
	42.673 38.1811,
	42.2808 37.6463,
	42.0669 37.3611,
	42.0313 37.2185,
	42.0313 37.1472,
	"/>
<Contour name="Tb2_NF32_LES" hidden="false" closed="true" simplified="true" border="0.396078 0.462745 0.737255" fill="0.396078 0.462745 0.737255" mode="-9"
 points="47.6283 47.4144,
	47.7709 47.1292,
	48.0561 46.951,
	48.1987 46.951,
	48.4839 47.1292,
	48.5909 47.4144,
	48.6265 47.4501,
	48.5196 47.7353,
	48.2344 47.8066,
	48.1631 47.8779,
	47.8779 47.8066,
	47.7353 47.664,
	47.664 47.5214,
	47.6283 47.4501,
	"/>
</Transform>

<Transform dim="0"
 xcoef=" 0 1 0 0 0 0"
 ycoef=" 0 0 1 0 0 0">
<Contour name="Tb2_NF34_LES" hidden="false" closed="true" simplified="true" border="0.756863 0.513725 1" fill="0.756863 0.513725 1" mode="-9"
 points="15.212 38.2148,
	15.2582 38.1686,
	15.6281 38.1455,
	15.998 38.2148,
	16.1829 38.2611,
	16.5528 38.2379,
	16.6453 38.2379,
	16.6915 38.2611,
	17.0614 38.2379,
	17.2464 38.2379,
	17.4313 38.2842,
	17.6163 38.3767,
	17.6625 38.4229,
	17.6856 38.6078,
	17.6163 38.7928,
	17.4776 38.9777,
	17.4082 39.0702,
	17.362 39.1164,
	16.9921 39.0933,
	16.8071 39.0702,
	16.4372 39.1396,
	16.2523 39.0933,
	15.8824 38.839,
	15.6974 38.7234,
	15.5356 38.5385,
	15.3507 38.4229,
	15.2582 38.3767,
	15.212 38.2842,
	15.212 38.2379,
	"/>
</Transform>

<Transform dim="0"
 xcoef=" 0 1 0 0 0 0"
 ycoef=" 0 0 1 0 0 0">
<Contour name="Tb2_NF35_LES" hidden="false" closed="true" simplified="true" border="0 0.776471 0.384314" fill="0 0.776471 0.384314" mode="-9"
 points="15.6512 42.8848,
	15.7437 42.8154,
	15.9286 42.7923,
	16.0211 42.7923,
	16.1136 42.8616,
	16.1598 42.9079,
	16.1367 43.0928,
	15.998 43.2778,
	15.9055 43.324,
	15.813 43.2546,
	15.7437 43.0697,
	15.6974 42.9772,
	15.6512 42.931,
	15.6512 42.9079,
	"/>
</Transform>

<Transform dim="0"
 xcoef=" 0 1 0 0 0 0"
 ycoef=" 0 0 1 0 0 0">
<Contour name="Tb2_NF36_LES" hidden="false" closed="true" simplified="true" border="0.992157 0.407843 0.407843" fill="0.992157 0.407843 0.407843" mode="-9"
 points="42.746 47.9939,
	42.7923 47.9477,
	42.8848 47.9246,
	43.2315 47.6009,
	43.4165 47.4622,
	43.5783 47.3697,
	43.7633 47.231,
	43.8557 47.1617,
	43.9482 47.1386,
	44.0407 47.0692,
	44.4106 47.023,
	44.5955 46.9767,
	44.9654 46.8149,
	45.1504 46.7455,
	45.3353 46.7455,
	45.5203 46.6993,
	45.8902 46.6762,
	46.26 46.7224,
	46.4219 46.8842,
	46.4912 46.9767,
	46.4219 47.0461,
	46.2369 47.0692,
	46.1445 47.0923,
	45.9595 47.0692,
	45.7746 47.0923,
	45.4047 47.2541,
	44.6649 47.4622,
	44.295 47.6009,
	44.11 47.6934,
	43.7633 47.9939,
	43.6245 48.1789,
	43.2546 48.3869,
	43.1622 48.4332,
	43.0697 48.4101,
	42.9772 48.3176,
	42.8848 48.2714,
	42.7923 48.1789,
	42.746 48.0171,
	"/>
</Transform>

<Transform dim="0"
 xcoef=" 0 1 0 0 0 0"
 ycoef=" 0 0 1 0 0 0">
<Contour name="Tb2_NF32_LES" hidden="false" closed="true" simplified="true" border="0.396078 0.462745 0.737255" fill="0.396078 0.462745 0.737255" mode="-9"
 points="42.1374 37.1577,
	42.1814 37.0405,
	42.2839 36.9233,
	42.3425 36.8941,
	42.4597 36.8794,
	42.694 36.9526,
	42.9283 37.0698,
	43.0455 37.1284,
	43.1627 37.2309,
	43.2506 37.3481,
	43.4117 37.8168,
	43.4556 37.9339,
	43.4702 38.0511,
	43.397 38.1683,
	43.1627 38.2415,
	43.0455 38.2708,
	42.9283 38.2562,
	42.8697 38.2562,
	42.8405 38.2562,
	42.6208 38.0218,
	42.4304 37.7875,
	42.2839 37.5531,
	42.2107 37.436,
	42.1667 37.3188,
	42.1374 37.2602,
	42.1374 37.2016,
	42.1374 37.1723,
	"/>
</Transform>

<Transform dim="0"
 xcoef=" 0 1 0 0 0 0"
 ycoef=" 0 0 1 0 0 0">
<Contour name="Tb2_NF32_LES" hidden="false" closed="true" simplified="true" border="0.396078 0.462745 0.737255" fill="0.396078 0.462745 0.737255" mode="-9"
 points="44.4778 33.2691,
	44.5448 33.1798,
	44.8574 32.9565,
	45.2147 32.7332,
	45.5496 32.4429,
	45.7282 32.2866,
	45.9515 31.9294,
	46.2418 31.5721,
	46.3311 31.5051,
	46.3534 31.1479,
	46.3981 31.0586,
	46.4874 30.9916,
	46.5767 30.9693,
	46.7553 31.0809,
	46.8 31.1256,
	46.7776 31.3042,
	46.7107 31.4605,
	46.6883 31.6391,
	46.7107 31.8177,
	46.6883 31.9964,
	46.5097 32.3536,
	46.4874 32.4429,
	46.1748 32.8002,
	45.8175 33.0235,
	45.7282 33.0904,
	45.5496 33.1128,
	45.1923 33.2467,
	45.103 33.3137,
	44.7458 33.3807,
	44.5672 33.3584,
	44.4778 33.3137,
	44.4778 33.2914,
	"/>
</Transform>

<Transform dim="0"
 xcoef=" 0 1 0 0 0 0"
 ycoef=" 0 0 1 0 0 0">
<Contour name="Tb2_NF48_LES" hidden="false" closed="true" simplified="true" border="0 1 0.501961" fill="0 1 0.501961" mode="-9"
 points="17.6741 59.6214,
	17.7085 59.5295,
	17.7889 59.4377,
	17.8348 59.4263,
	17.9266 59.4836,
	18.1102 59.6558,
	18.1332 59.7017,
	18.2135 59.7935,
	18.2364 59.8165,
	18.2479 59.8624,
	18.2824 59.9083,
	18.2938 60.0001,
	18.2938 60.046,
	18.2479 60.1378,
	18.1561 60.2067,
	18.1102 60.2067,
	18.0184 60.1608,
	17.9266 60.0689,
	17.8462 60.0001,
	17.7544 59.9083,
	17.72 59.8624,
	17.697 59.8394,
	17.6741 59.7476,
	17.6741 59.6558,
	17.6741 59.6328,
	"/>
</Transform>

<Transform dim="0"
 xcoef=" 0 1 0 0 0 0"
 ycoef=" 0 0 1 0 0 0">
<Contour name="Tb2_NF52_LES" hidden="false" closed="true" simplified="true" border="0.741176 0.486275 1" fill="0.741176 0.486275 1" mode="-9"
 points="43.7864 30.1787,
	43.8124 30.0747,
	43.8124 30.0227,
	43.8514 29.9707,
	43.9034 29.9578,
	44.0074 29.9967,
	44.0593 30.0227,
	44.1633 30.0357,
	44.2673 30.0227,
	44.3193 30.0227,
	44.3453 30.0227,
	44.3973 30.0617,
	44.4103 30.0877,
	44.3453 30.1787,
	44.2413 30.2177,
	44.1373 30.2307,
	44.0333 30.2827,
	43.9294 30.2957,
	43.8254 30.2827,
	43.7864 30.2437,
	43.7864 30.1917,
	"/>
<Contour name="Tb2_NF52_LES" hidden="false" closed="true" simplified="true" border="0.741176 0.486275 1" fill="0.741176 0.486275 1" mode="-9"
 points="41.5639 30.1527,
	41.6159 30.1137,
	41.8239 30.1007,
	41.9149 30.0487,
	41.9149 30.0227,
	41.9538 29.9707,
	42.0578 29.9318,
	42.2528 29.7758,
	42.3048 29.7238,
	42.7207 29.5548,
	43.1366 29.4899,
	43.2405 29.4899,
	43.6564 29.6198,
	43.8644 29.6848,
	43.9164 29.7368,
	43.9424 29.7888,
	43.9424 29.8408,
	43.7344 30.0097,
	43.5265 30.1267,
	43.4225 30.1657,
	43.2145 30.1787,
	43.1106 30.2567,
	43.0066 30.2957,
	42.9546 30.3217,
	42.9286 30.3477,
	42.5127 30.4256,
	42.4087 30.4646,
	42.3567 30.4906,
	42.1488 30.5166,
	42.0448 30.5296,
	41.9409 30.5686,
	41.8369 30.5556,
	41.7849 30.5166,
	41.7069 30.3087,
	41.6549 30.2697,
	41.6289 30.2437,
	41.6029 30.2437,
	41.5769 30.1917,
	41.5639 30.1657,
	"/>
<Contour name="Tb2_NF52_LES" hidden="false" closed="true" simplified="true" border="0.741176 0.486275 1" fill="0.741176 0.486275 1" mode="-9"
 points="37.6519 32.6741,
	37.7559 32.6091,
	37.7819 32.5831,
	37.7429 32.4791,
	37.7429 32.3752,
	37.8338 32.1672,
	37.8858 32.1152,
	37.9378 32.1022,
	38.3537 32.2192,
	38.4577 32.1932,
	38.5097 32.1672,
	38.6137 32.1672,
	38.6656 32.1932,
	38.7566 32.2972,
	38.7956 32.5051,
	38.7956 32.5571,
	38.8606 32.6611,
	38.9646 32.7131,
	39.0036 32.7651,
	39.0166 32.973,
	39.0555 33.181,
	39.1205 33.2719,
	39.1725 33.2979,
	39.2115 33.3499,
	39.2245 33.4019,
	39.1335 33.4929,
	39.0296 33.5319,
	38.8216 33.5189,
	38.7176 33.5059,
	38.6137 33.4019,
	38.4057 33.3759,
	38.3147 33.2979,
	38.2108 33.194,
	38.1848 33.168,
	38.0808 33.129,
	38.0288 33.103,
	38.0028 33.103,
	37.7949 32.96,
	37.7039 32.856,
	37.6649 32.7521,
	37.6649 32.7001,
	37.6519 32.6871,
	"/>
</Transform>

<Transform dim="0"
 xcoef=" 0 1 0 0 0 0"
 ycoef=" 0 0 1 0 0 0">
<Contour name="Tb2_NF52_LES" hidden="false" closed="true" simplified="true" border="0.741176 0.486275 1" fill="0.741176 0.486275 1" mode="-9"
 points="34.0908 35.4294,
	34.1947 35.3644,
	34.4027 35.2995,
	34.5066 35.2475,
	34.7146 35.0785,
	34.8186 35.0135,
	35.0265 34.9745,
	35.0785 34.9615,
	35.1305 34.9225,
	35.2345 34.8966,
	35.4424 34.7926,
	35.6504 34.6106,
	35.8453 34.4677,
	36.0533 34.3507,
	36.2612 34.2077,
	36.3522 34.1037,
	36.4042 33.8958,
	36.4042 33.8438,
	36.5342 33.6359,
	36.5731 33.5319,
	36.5991 33.3239,
	36.6251 33.2719,
	36.7161 33.168,
	36.8201 33.103,
	36.9241 33.064,
	36.9761 33.025,
	37.184 32.986,
	37.236 32.986,
	37.34 32.921,
	37.392 32.908,
	37.4439 32.921,
	37.4569 32.973,
	37.4309 33.181,
	37.4309 33.2849,
	37.5089 33.4929,
	37.4959 33.5969,
	37.4699 33.6489,
	37.4959 33.7528,
	37.5609 33.8568,
	37.6129 33.9088,
	37.6389 33.9608,
	37.6389 34.0128,
	37.6129 34.0648,
	37.5089 34.1557,
	37.4049 34.2207,
	37.197 34.3897,
	37.093 34.4417,
	36.9371 34.5976,
	36.7551 34.7536,
	36.6511 34.8446,
	36.5731 34.9355,
	36.5212 34.9745,
	36.4952 35.0135,
	36.4042 35.1175,
	36.3522 35.1695,
	36.1443 35.3125,
	35.9623 35.4814,
	35.9103 35.5204,
	35.8063 35.5594,
	35.7543 35.5854,
	35.6504 35.5854,
	35.4424 35.6634,
	35.2345 35.7154,
	35.0265 35.7024,
	34.8186 35.7154,
	34.6106 35.7024,
	34.4027 35.7154,
	34.2987 35.7024,
	34.2467 35.6764,
	34.1557 35.5724,
	34.1037 35.5204,
	34.0908 35.4684,
	34.0908 35.4424,
	"/>
</Transform>

<Transform dim="0"
 xcoef=" 0 1 0 0 0 0"
 ycoef=" 0 0 1 0 0 0">
<Contour name="Tb2_NF52_LES" hidden="false" closed="true" simplified="true" border="0.741176 0.486275 1" fill="0.741176 0.486275 1" mode="-9"
 points="31.1405 45.7099,
	31.1925 45.606,
	31.2444 45.554,
	31.3484 45.515,
	31.4524 45.502,
	31.6603 45.567,
	31.7643 45.593,
	31.9723 45.6969,
	32.0762 45.7749,
	32.1802 45.8139,
	32.2842 45.8269,
	32.3102 45.8269,
	32.3622 45.8789,
	32.4142 45.9829,
	32.5181 46.0349,
	32.934 46.1778,
	32.986 46.2038,
	33.09 46.3078,
	33.168 46.4118,
	33.194 46.4638,
	33.246 46.5157,
	33.3109 46.6197,
	33.3239 46.6717,
	33.3759 46.7107,
	33.3889 46.7627,
	33.3889 46.7887,
	33.3499 46.8407,
	33.3239 46.8667,
	33.3239 46.8927,
	33.2719 46.9316,
	33.246 46.9576,
	33.194 46.9576,
	33.168 46.9576,
	32.96 46.7887,
	32.856 46.7107,
	32.7521 46.6587,
	32.7001 46.6457,
	32.4921 46.5287,
	32.3882 46.4508,
	32.2842 46.3468,
	32.2322 46.2428,
	32.1542 46.1388,
	32.1022 46.0998,
	31.8943 46.0739,
	31.8423 46.0609,
	31.7513 45.9829,
	31.6993 45.9309,
	31.5954 45.8789,
	31.3874 45.9179,
	31.3354 45.9309,
	31.2834 45.9179,
	31.2574 45.9179,
	31.2054 45.8659,
	31.1535 45.7619,
	31.1405 45.7229,
	"/>
<Contour name="Tb2_NF52_LES" hidden="false" closed="true" simplified="true" border="0.741176 0.486275 1" fill="0.741176 0.486275 1" mode="-9"
 points="31.2184 41.9928,
	31.2834 41.7849,
	31.3354 41.6809,
	31.3484 41.6289,
	31.4134 41.525,
	31.4394 41.499,
	31.4394 41.473,
	31.4654 41.447,
	31.4654 41.421,
	31.4914 41.395,
	31.5694 41.187,
	31.6084 41.0831,
	31.6213 41.0311,
	31.7643 40.8231,
	31.8553 40.7191,
	31.9723 40.5112,
	32.0113 40.4072,
	32.0762 40.3032,
	32.1152 40.2513,
	32.3232 40.1993,
	32.3492 40.1863,
	32.4012 40.1993,
	32.5441 40.4072,
	32.5571 40.4592,
	32.5701 40.4852,
	32.5441 40.5372,
	32.4921 40.5762,
	32.4791 40.6282,
	32.5051 40.7321,
	32.5181 40.9401,
	32.4921 41.148,
	32.1542 41.9798,
	32.1022 42.1878,
	32.0113 42.3957,
	31.9593 42.4477,
	31.7513 42.5387,
	31.6993 42.5647,
	31.5954 42.5647,
	31.5434 42.5387,
	31.4914 42.4867,
	31.4394 42.3827,
	31.3354 42.3178,
	31.2834 42.2658,
	31.2314 42.1618,
	31.2184 42.0578,
	31.2184 42.0058,
	"/>
</Transform>

<Transform dim="0"
 xcoef=" 0 1 0 0 0 0"
 ycoef=" 0 0 1 0 0 0">
<Contour name="Tb2_NF29_LES" hidden="false" closed="true" simplified="true" border="0 0.501961 0.74902" fill="0 0.501961 0.74902" mode="-9"
 points="23.553 36.951,
	23.5835 36.8901,
	23.6444 36.8292,
	23.7662 36.7531,
	23.888 36.7074,
	24.1316 36.5704,
	24.3752 36.5095,
	24.6188 36.4942,
	24.6797 36.5095,
	24.7101 36.5095,
	24.7558 36.5704,
	24.7406 36.6922,
	24.6949 36.814,
	24.5122 37.0576,
	24.3904 37.1489,
	24.3295 37.1946,
	24.0859 37.225,
	23.8423 37.2098,
	23.5987 37.1032,
	23.5682 37.0728,
	23.553 36.9662,
	"/>
</Transform>

<Transform dim="0"
 xcoef=" 0 1 0 0 0 0"
 ycoef=" 0 0 1 0 0 0">
<Contour name="Tb2_NF54_LES" hidden="false" closed="true" simplified="true" border="1 0 0" fill="1 0 0" mode="-9"
 points="20.5643 48.6761,
	20.6299 48.5011,
	20.7393 48.3261,
	20.8268 48.2386,
	21.0018 48.2386,
	21.0893 48.2386,
	21.2644 48.3699,
	21.2644 48.4574,
	21.2425 48.5011,
	21.2644 48.523,
	21.1769 48.873,
	21.1112 48.9605,
	20.7612 49.1137,
	20.6081 49.0043,
	20.5643 48.9168,
	20.5643 48.7418,
	20.5643 48.698,
	"/>
</Transform>

<Transform dim="0"
 xcoef=" 0 1 0 0 0 0"
 ycoef=" 0 0 1 0 0 0">
<Contour name="TB2_NF001_LES" hidden="false" closed="true" simplified="true" border="1 1 0" fill="1 1 0" mode="-9"
 points="18.733 45.3512,
	18.762 45.2931,
	18.8782 45.1769,
	18.9508 45.0608,
	18.9798 44.9446,
	18.9944 44.8865,
	19.2122 44.6832,
	19.4445 44.5235,
	19.5026 44.4944,
	19.735 44.4944,
	19.764 44.4944,
	19.8802 44.567,
	19.9237 44.6832,
	19.9092 44.7994,
	19.8221 45.0317,
	19.7785 45.1479,
	19.735 45.206,
	19.7059 45.235,
	19.4736 45.2205,
	19.3574 45.235,
	19.2993 45.235,
	19.067 45.3512,
	18.9508 45.4093,
	18.9218 45.4238,
	18.8927 45.4093,
	18.7765 45.4238,
	18.733 45.3803,
	18.733 45.3657,
	"/>
</Transform>

<Transform dim="0"
 xcoef=" 0 1 0 0 0 0"
 ycoef=" 0 0 1 0 0 0">
<Contour name="TB2_NF21_LES" hidden="false" closed="true" simplified="true" border="0.705882 0.705882 1" fill="0.705882 0.705882 1" mode="-9"
 points="17.5271 46.1383,
	17.5486 46.0811,
	17.5772 46.0525,
	17.6916 45.981,
	17.806 45.888,
	17.8632 45.8451,
	17.8918 45.8165,
	18.0062 45.7522,
	18.0634 45.7307,
	18.0777 45.7164,
	18.1922 45.6735,
	18.3066 45.652,
	18.421 45.602,
	18.4496 45.5805,
	18.6784 45.5019,
	18.7356 45.4733,
	18.8501 45.4518,
	18.9645 45.4089,
	18.9931 45.3875,
	19.0217 45.3803,
	19.036 45.366,
	19.0646 45.3588,
	19.179 45.2873,
	19.2362 45.2516,
	19.3506 45.2158,
	19.465 45.2158,
	19.5223 45.2373,
	19.6367 45.2301,
	19.6939 45.2301,
	19.7225 45.2301,
	19.7368 45.2301,
	19.7511 45.2444,
	19.7511 45.3016,
	19.7296 45.3588,
	19.7296 45.3731,
	19.6438 45.4876,
	19.5437 45.5877,
	19.5151 45.6091,
	19.4865 45.6163,
	19.4722 45.6163,
	19.4221 45.6735,
	19.3935 45.7021,
	19.3363 45.7307,
	19.2219 45.7593,
	19.1647 45.7808,
	18.9359 45.9309,
	18.8215 45.9953,
	18.707 46.031,
	18.6498 46.0453,
	18.6212 46.0453,
	18.3924 46.1526,
	18.3352 46.1812,
	18.278 46.1955,
	18.2494 46.1884,
	18.1922 46.1955,
	18.135 46.1884,
	18.0205 46.217,
	17.9061 46.2813,
	17.7917 46.2956,
	17.7345 46.2813,
	17.6201 46.2885,
	17.5629 46.2813,
	17.5486 46.267,
	17.5343 46.1526,
	17.5271 46.1455,
	"/>
</Transform>

<Transform dim="0"
 xcoef=" 0 1 0 0 0 0"
 ycoef=" 0 0 1 0 0 0">
<Contour name="TB2_NF21_LES" hidden="false" closed="true" simplified="true" border="0.705882 0.705882 1" fill="0.705882 0.705882 1" mode="-9"
 points="20.8953 55.3202,
	20.9096 55.263,
	20.9596 55.2058,
	21.0168 55.1629,
	21.0454 55.1414,
	21.0597 55.1128,
	21.0597 55.0842,
	21.0311 55.027,
	21.0311 54.9698,
	21.0454 54.9412,
	21.1026 54.8912,
	21.1598 54.884,
	21.217 54.9126,
	21.2313 54.9412,
	21.2313 54.9984,
	21.2313 55.0127,
	21.26 55.0413,
	21.3172 55.0485,
	21.3744 55.0413,
	21.4459 55.1557,
	21.4816 55.2129,
	21.5031 55.2702,
	21.5102 55.3846,
	21.5031 55.4418,
	21.453 55.5562,
	21.4459 55.5848,
	21.4101 55.642,
	21.3029 55.7278,
	21.2743 55.7493,
	21.2457 55.7493,
	21.2313 55.7493,
	21.2027 55.7707,
	21.1455 55.7779,
	21.0883 55.7493,
	20.9882 55.6349,
	20.9239 55.5204,
	20.9024 55.4632,
	20.8953 55.3488,
	20.8953 55.3274,
	"/>
</Transform>

<Transform dim="0"
 xcoef=" 0 1 0 0 0 0"
 ycoef=" 0 0 1 0 0 0">
<Contour name="TB2_NF21_LES" hidden="false" closed="true" simplified="true" border="0.705882 0.705882 1" fill="0.705882 0.705882 1" mode="-9"
 points="27.5242 52.0665,
	27.6029 51.9521,
	27.6959 51.8448,
	27.7173 51.7876,
	27.7245 51.759,
	27.7745 51.7018,
	27.8317 51.6875,
	27.8603 51.6803,
	27.9748 51.709,
	28.0034 51.709,
	28.1178 51.7662,
	28.1464 51.7948,
	28.1678 52.0236,
	28.0606 52.138,
	28.032 52.1666,
	27.9748 52.1881,
	27.7459 52.2238,
	27.6315 52.2167,
	27.5743 52.2095,
	27.5457 52.1881,
	27.5242 52.1309,
	27.5242 52.0737,
	"/>
</Transform>

<Transform dim="0"
 xcoef=" 0 1 0 0 0 0"
 ycoef=" 0 0 1 0 0 0">
<Contour name="TB2_NF04_LES" hidden="false" closed="true" simplified="true" border="0.627451 0.313725 0.313725" fill="0.627451 0.313725 0.313725" mode="-9"
 points="17.4916 45.9813,
	17.5145 45.7984,
	17.5259 45.7069,
	17.5602 45.6154,
	17.6403 45.5354,
	17.7317 45.4782,
	17.8232 45.4782,
	17.8689 45.4897,
	17.9146 45.4782,
	17.9489 45.524,
	17.9375 45.7069,
	17.8803 45.7984,
	17.6974 45.9584,
	17.6174 46.0384,
	17.5717 46.0613,
	17.5259 46.0613,
	17.4916 46.027,
	17.4916 45.9927,
	"/>
</Transform>

<Transform dim="0"
 xcoef=" 0 1 0 0 0 0"
 ycoef=" 0 0 1 0 0 0">
<Contour name="TB2_NF21_LES" hidden="false" closed="true" simplified="true" border="0.705882 0.705882 1" fill="0.705882 0.705882 1" mode="-9"
 points="45.5912 47.3804,
	45.7031 47.2526,
	45.8309 47.2047,
	45.8948 47.1727,
	45.9587 47.1727,
	46.1983 47.3325,
	46.3261 47.3804,
	46.358 47.4443,
	46.342 47.5721,
	46.2941 47.636,
	46.0385 47.6839,
	45.9107 47.7318,
	45.8788 47.7478,
	45.8149 47.7159,
	45.6871 47.604,
	45.6072 47.4762,
	45.5912 47.4123,
	45.5912 47.3964,
	"/>
</Transform>

<Transform dim="0"
 xcoef=" 0 1 0 0 0 0"
 ycoef=" 0 0 1 0 0 0">
<Contour name="TB2_Basal06_nuc_LES" hidden="false" closed="true" simplified="true" border="0.686275 0.878431 0.713725" fill="1 0.502 0.753" mode="11"
 points="22.76 48.1935,
	22.8971 48.0336,
	22.9885 47.8508,
	23.1256 47.6679,
	23.217 47.5765,
	23.3998 47.5308,
	23.4455 47.5308,
	23.5141 47.4394,
	23.5598 47.2566,
	23.5826 46.891,
	23.6055 46.7996,
	23.7197 46.6168,
	24.0625 46.2512,
	24.2453 46.1369,
	24.291 46.0455,
	24.3367 45.9998,
	24.3596 45.9084,
	24.3596 45.8627,
	24.5424 45.7027,
	24.6338 45.6113,
	24.748 45.2457,
	24.7709 45.1543,
	24.748 44.9715,
	24.7709 44.8801,
	24.8394 44.7887,
	25.0222 44.6744,
	25.0908 44.583,
	25.0451 44.4002,
	25.0222 44.3545,
	25.0679 44.1717,
	25.1136 44.0803,
	25.0908 43.8975,
	25.0222 43.7147,
	25.0222 43.349,
	25.0222 43.2576,
	25.1365 43.0748,
	25.2279 43.0063,
	25.3193 42.9834,
	25.4107 42.892,
	25.5935 42.5264,
	25.6621 42.1608,
	25.9134 41.7951,
	26.2334 41.4752,
	26.599 41.361,
	26.6904 41.361,
	27.056 41.5209,
	27.2388 41.5666,
	27.3302 41.6352,
	27.3759 41.6809,
	27.4216 41.8637,
	27.4216 41.9094,
	27.6044 42.0694,
	27.6959 42.1151,
	27.7873 42.2065,
	27.9701 42.2979,
	28.1529 42.3436,
	28.2443 42.3893,
	28.6099 42.3436,
	28.7927 42.4121,
	28.8841 42.4578,
	28.9755 42.4578,
	29.0441 42.5492,
	29.1126 42.732,
	29.2269 42.9149,
	29.5925 43.1434,
	29.6839 43.2119,
	29.7296 43.2576,
	29.7982 43.6233,
	29.8667 43.8061,
	29.8896 43.8518,
	29.821 44.0346,
	29.7753 44.0803,
	29.7753 44.1717,
	29.821 44.2631,
	29.821 44.4459,
	29.821 44.5373,
	29.9353 44.7201,
	29.9581 44.8115,
	29.9124 44.9943,
	29.8667 45.0857,
	29.8439 45.2686,
	30.0038 45.3828,
	30.1867 45.4057,
	30.2781 45.4514,
	30.4609 45.4742,
	30.5523 45.4971,
	30.7122 45.657,
	30.9179 46.0226,
	30.9864 46.1141,
	31.1007 46.4797,
	31.1236 46.5711,
	31.1007 46.7539,
	31.1007 46.8453,
	30.9636 47.2109,
	30.895 47.3937,
	30.8722 47.4851,
	30.9179 47.5765,
	30.9179 47.6222,
	31.0093 47.7136,
	31.1236 47.8736,
	31.1464 48.0564,
	31.1236 48.2392,
	31.055 48.422,
	31.0322 48.5134,
	30.895 48.6963,
	30.7122 48.8105,
	30.6208 48.8334,
	30.5523 48.9248,
	30.5066 49.1076,
	30.3923 49.2218,
	30.3923 49.4046,
	30.3466 49.5875,
	30.2095 49.7474,
	30.1867 49.8388,
	30.0495 50.0216,
	30.0038 50.113,
	29.8439 50.2959,
	29.6611 50.3873,
	29.2954 50.4787,
	29.1126 50.4558,
	28.8156 50.0902,
	28.7699 50.0445,
	28.5871 49.9988,
	28.4042 50.0445,
	28.2214 50.1587,
	28.0615 50.3416,
	28.0158 50.3873,
	27.9701 50.3873,
	27.9472 50.2959,
	27.8787 50.2044,
	27.8558 50.1816,
	27.6959 50.3416,
	27.513 50.4558,
	27.3302 50.5244,
	27.2388 50.5929,
	27.056 50.6158,
	26.9646 50.6158,
	26.8732 50.6615,
	26.8275 50.6615,
	26.7361 50.73,
	26.5533 50.7529,
	26.3705 50.6843,
	26.1877 50.5244,
	25.9134 50.1587,
	25.7763 50.0216,
	25.0908 49.4503,
	24.908 49.3589,
	24.1767 49.199,
	23.8111 49.0619,
	23.7197 49.0162,
	23.6283 48.9248,
	23.5369 48.742,
	23.4683 48.6506,
	23.2855 48.582,
	23.1027 48.6048,
	23.0113 48.6048,
	22.9199 48.5591,
	22.8057 48.3763,
	22.76 48.3306,
	22.76 48.2392,
	22.76 48.2164,
	"/>
</Transform>

<Transform dim="0"
 xcoef=" 0 1 0 0 0 0"
 ycoef=" 0 0 1 0 0 0">
<Image mag="0.00749" contrast="1" brightness="0" red="true" green="true" blue="true"
 src="Alg_stitch3-4_342.tif" />
<Contour name="domain1" hidden="false" closed="true" simplified="false" border="1 0 1" fill="1 0 1" mode="11"
 points="0 0,
	15652 0,
	15652 8578,
	0 8578,
	"/>
</Transform>

<Transform dim="0"
 xcoef=" 0 1 0 0 0 0"
 ycoef=" 0 0 1 0 0 0">
<Contour name="TB2_shell_RSL" hidden="false" closed="true" simplified="true" border="1 1 1" fill="0.753 0.753 0.753" mode="9"
 points="25.2835 36.0318,
	25.6177 35.5863,
	26.0632 35.3078,
	26.9543 34.9737,
	27.3998 34.8623,
	27.6225 34.6952,
	28.0681 34.7509,
	28.2908 34.7509,
	28.4022 34.7509,
	28.792 34.3611,
	30.5741 33.5814,
	34.1383 32.4676,
	34.3611 32.3562,
	34.5839 32.3562,
	35.4749 32.0778,
	37.257 31.7436,
	39.0391 31.5766,
	40.8212 31.2981,
	41.2667 31.2981,
	42.1578 31.131,
	43.9399 30.4071,
	45.722 29.7945,
	47.5041 29.2933,
	48.3951 28.8477,
	49.2862 28.6807,
	49.7317 28.7363,
	50.6228 28.5693,
	50.8455 28.4579,
	51.291 28.4022,
	52.1821 28.5136,
	53.0731 28.5136,
	53.2959 28.4579,
	54.187 28.792,
	54.6325 28.8477,
	55.078 28.792,
	55.5235 28.625,
	55.9691 28.5693,
	56.8601 28.7363,
	57.7512 29.0148,
	58.6422 29.4046,
	59.5333 29.9615,
	59.9788 30.24,
	60.2015 30.3514,
	61.0926 31.1867,
	61.5381 31.4652,
	63.2645 33.1916,
	64.0442 34.0826,
	64.434 34.5282,
	65.3251 35.1965,
	65.5478 35.2521,
	67.3299 36.7001,
	67.8868 37.5912,
	68.1096 38.4822,
	67.5527 40.2643,
	66.6616 42.0464,
	65.9377 42.9375,
	64.2113 44.7196,
	63.3202 45.4435,
	62.8747 45.722,
	62.6519 45.9447,
	60.8698 46.9472,
	59.9788 47.2813,
	58.1967 47.6712,
	57.7512 47.7268,
	55.9691 48.2281,
	55.078 48.4508,
	54.6325 48.5065,
	54.187 48.6736,
	53.7414 48.7293,
	53.2959 48.6736,
	51.5138 48.8407,
	47.9496 49.4533,
	46.1675 49.2862,
	45.722 49.1748,
	45.4992 49.1748,
	43.7171 48.6736,
	41.935 48.3394,
	41.044 48.061,
	40.5984 47.9496,
	40.4314 48.0053,
	40.5428 48.1167,
	40.6541 48.1167,
	40.2086 48.1724,
	39.3176 48.0053,
	37.5355 47.9496,
	35.7534 48.0053,
	34.8623 47.8382,
	34.4168 47.6712,
	34.194 47.5598,
	33.9713 47.337,
	34.0826 47.2256,
	33.6928 46.9472,
	32.8018 46.7244,
	32.3562 46.5573,
	31.4652 45.6663,
	31.0197 44.7752,
	30.8526 43.8842,
	30.964 43.6614,
	31.0197 43.6057,
	30.7412 43.1602,
	29.9059 42.2692,
	28.1238 41.211,
	27.2327 40.8212,
	26.7872 40.4871,
	26.1189 39.596,
	25.8404 38.705,
	25.7291 37.8139,
	25.2835 36.0875,
	"/>
</Transform>

<Transform dim="0"
 xcoef=" 0 1 0 0 0 0"
 ycoef=" 0 0 1 0 0 0">
<Contour name="TB2_BasalCell07_CM_LES" hidden="false" closed="true" simplified="true" border="0.980392 0.772549 0.909804" fill="1 0 0.5" mode="-11"
 points="31.2437 37.1765,
	31.3566 36.9185,
	31.3727 36.7895,
	31.3727 36.7251,
	31.421 36.6606,
	31.4533 36.6283,
	31.7112 36.5961,
	31.9692 36.6122,
	32.0982 36.6283,
	32.1626 36.6283,
	32.1788 36.5961,
	32.3077 36.5961,
	32.5657 36.6928,
	32.6947 36.6928,
	32.8075 36.58,
	32.9365 36.5155,
	33.0655 36.5155,
	33.1944 36.5477,
	33.3234 36.6283,
	33.4524 36.7412,
	33.4685 36.8702,
	33.4685 36.9346,
	33.3879 37.0636,
	33.1622 37.2732,
	33.0332 37.3377,
	32.5173 37.4667,
	32.3883 37.4828,
	32.1304 37.5956,
	32.0014 37.5795,
	31.8725 37.4989,
	31.808 37.4667,
	31.55 37.4505,
	31.2921 37.4022,
	31.2437 37.3377,
	31.2437 37.2087,
	31.2437 37.1926,
	"/>
</Transform>

<Transform dim="0"
 xcoef=" 0 1 0 0 0 0"
 ycoef=" 0 0 1 0 0 0">
<Contour name="TB2_NF07_RSL" hidden="false" closed="true" simplified="true" border="0 0 0.501961" fill="0 0 0.501961" mode="-9"
 points="17.9552 45.5116,
	17.9645 45.4744,
	18.0157 45.3999,
	18.025 45.386,
	18.0622 45.3534,
	18.1181 45.2789,
	18.1553 45.251,
	18.1739 45.2417,
	18.1832 45.2417,
	18.2205 45.2138,
	18.2577 45.1765,
	18.2763 45.1626,
	18.3135 45.1533,
	18.3322 45.1439,
	18.4066 45.13,
	18.4439 45.1207,
	18.4532 45.116,
	18.4159 45.1207,
	18.3834 45.1114,
	18.4578 45.1021,
	18.5323 45.0788,
	18.6068 45.0648,
	18.6812 45.0369,
	18.7557 44.9857,
	18.7929 44.9624,
	18.8674 44.9438,
	18.9046 44.9485,
	18.9232 44.9578,
	18.9325 44.995,
	18.9372 45.0043,
	18.9325 45.0229,
	18.8348 45.1719,
	18.8162 45.2091,
	18.7883 45.2463,
	18.7138 45.3115,
	18.7045 45.4604,
	18.6812 45.4976,
	18.6626 45.5116,
	18.5137 45.5442,
	18.4392 45.5721,
	18.402 45.5861,
	18.3275 45.628,
	18.253 45.6605,
	18.1786 45.6838,
	18.1414 45.6978,
	18.0669 45.7071,
	18.0297 45.7024,
	18.011 45.6978,
	17.9738 45.6698,
	17.9598 45.6512,
	17.9552 45.5768,
	17.9552 45.5395,
	17.9552 45.5209,
	17.9552 45.5163,
	"/>
</Transform>

<Transform dim="0"
 xcoef=" 0 1 0 0 0 0"
 ycoef=" 0 0 1 0 0 0">
<Contour name="Tb2_NF34_LES" hidden="false" closed="true" simplified="true" border="0.756863 0.513725 1" fill="0.756863 0.513725 1" mode="-9"
 points="57.4729 38.7032,
	57.5127 38.5438,
	57.5227 38.504,
	57.6024 38.3446,
	57.6248 38.3047,
	57.9436 37.9859,
	57.9835 37.9461,
	58.0034 37.9287,
	58.3222 37.7294,
	58.362 37.7045,
	58.382 37.6921,
	58.4617 37.6696,
	58.4816 37.6647,
	58.5613 37.6074,
	58.5812 37.5924,
	58.9 37.5102,
	59.0594 37.4704,
	59.0793 37.4654,
	59.2387 37.3484,
	59.2786 37.3185,
	59.9162 37.0968,
	60.0756 37.042,
	60.235 37.0221,
	60.2748 37.0171,
	60.3545 36.9773,
	60.3744 36.9673,
	60.5338 36.9474,
	60.5737 36.9424,
	60.6534 36.9025,
	60.6733 36.8926,
	60.9921 36.8926,
	61.1515 36.8926,
	61.2312 36.8926,
	61.2511 36.8926,
	61.2611 36.8926,
	61.2661 36.8926,
	61.286 36.8727,
	61.291 36.8677,
	61.6098 36.8876,
	61.6895 36.8926,
	61.8489 36.9524,
	61.8887 36.9698,
	62.0456 37.1292,
	62.1029 37.2089,
	62.1079 37.2188,
	62.1079 37.3782,
	62.1079 37.4579,
	62.1079 37.4978,
	62.1054 37.5177,
	62.068 37.5974,
	62.0606 37.6173,
	62.0606 37.6572,
	62.0606 37.6622,
	61.7418 37.9586,
	61.6621 38.0333,
	61.3433 38.1727,
	61.1839 38.25,
	61.1042 38.2898,
	61.0643 38.3097,
	60.7679 38.6285,
	60.6085 38.773,
	60.5288 38.8402,
	60.3694 38.9398,
	60.3296 38.9598,
	60.1702 39.0195,
	60.1503 39.027,
	60.0706 39.027,
	60.0507 39.0295,
	59.8913 39.1466,
	59.8514 39.1765,
	59.7717 39.2562,
	59.7518 39.2761,
	59.5924 39.3558,
	59.5525 39.3732,
	59.3931 39.4131,
	59.3533 39.4255,
	59.3334 39.4355,
	59.3234 39.4405,
	59.3035 39.438,
	59.2238 39.4006,
	59.1441 39.3583,
	59.1242 39.3483,
	59.0843 39.3359,
	59.0644 39.3284,
	58.9847 39.3134,
	58.9448 39.3109,
	58.905 39.3035,
	58.8253 39.296,
	58.7854 39.2985,
	58.7755 39.301,
	58.7655 39.2985,
	58.6858 39.3284,
	58.646 39.3433,
	58.626 39.3508,
	58.6235 39.3508,
	58.6011 39.3508,
	58.5613 39.3408,
	58.5513 39.3359,
	58.5314 39.3359,
	58.5214 39.3359,
	58.5115 39.3408,
	58.4915 39.3433,
	58.4118 39.3707,
	58.3321 39.3857,
	58.2923 39.3931,
	58.2549 39.4155,
	58.1752 39.438,
	58.1653 39.438,
	58.0856 39.4604,
	58.0656 39.4654,
	58.0557 39.4703,
	58.0158 39.4753,
	57.976 39.4753,
	57.9361 39.4679,
	57.8564 39.4654,
	57.8166 39.4703,
	57.7767 39.4853,
	57.7718 39.4903,
	57.7718 39.5002,
	57.7643 39.5102,
	57.6846 39.4977,
	57.6746 39.4952,
	57.6696 39.4952,
	57.6099 39.4155,
	57.5974 39.3956,
	57.5974 39.2362,
	57.5974 39.1964,
	57.4953 38.8776,
	57.4729 38.7979,
	57.4729 38.7182,
	57.4729 38.7082,
	57.4729 38.7057,
	"/>
</Transform>

<Transform dim="0"
 xcoef=" 0 1 0 0 0 0"
 ycoef=" 0 0 1 0 0 0">
<Contour name="TB2_t3cell02_CM_RSL" hidden="false" closed="true" simplified="true" border="0.870588 0.619608 0.870588" fill="0.870588 0.619608 0.870588" mode="-9"
 points="58.3322 39.4112,
	58.3397 39.4012,
	58.3447 39.3962,
	58.3845 39.3813,
	58.4244 39.3713,
	58.4343 39.3638,
	58.4742 39.3514,
	58.5539 39.3389,
	58.5738 39.3389,
	58.5838 39.3439,
	58.6236 39.3464,
	58.6435 39.3464,
	58.6635 39.3414,
	58.6734 39.3414,
	58.6934 39.3315,
	58.7133 39.3165,
	58.7531 39.3066,
	58.8328 39.3016,
	58.9125 39.3091,
	58.9225 39.314,
	58.925 39.324,
	58.9275 39.3265,
	58.9225 39.3464,
	58.92 39.3564,
	58.8851 39.3937,
	58.8652 39.4062,
	58.8453 39.4112,
	58.8353 39.4161,
	58.8254 39.4161,
	58.8154 39.4211,
	58.8054 39.4211,
	58.7955 39.4261,
	58.7556 39.4261,
	58.6759 39.4361,
	58.5962 39.4386,
	58.5564 39.4386,
	58.5364 39.4435,
	58.4567 39.4485,
	58.4368 39.446,
	58.397 39.4336,
	58.3571 39.4286,
	58.3372 39.4236,
	58.3322 39.4186,
	58.3322 39.4137,
	"/>
</Transform>

<Transform dim="0"
 xcoef=" 0 1 0 0 0 0"
 ycoef=" 0 0 1 0 0 0">
<Contour name="TB2_t3cell02_CM_RSL" hidden="false" closed="true" simplified="true" border="0.870588 0.619608 0.870588" fill="0.870588 0.619608 0.870588" mode="-9"
 points="60.0736 39.1303,
	60.0916 39.0892,
	60.1302 39.0635,
	60.1713 39.0533,
	60.2124 39.0379,
	60.2946 39.0276,
	60.3357 39.0224,
	60.4179 38.9942,
	60.5001 38.9736,
	60.5823 38.9582,
	60.6645 38.9557,
	60.685 38.9582,
	60.6953 38.9608,
	60.7133 38.9428,
	60.7236 38.9325,
	60.7647 38.9197,
	60.7852 38.912,
	60.8058 38.8991,
	60.8263 38.8812,
	60.8674 38.8606,
	60.9496 38.8324,
	60.9907 38.8067,
	61.0318 38.7758,
	61.0524 38.7579,
	61.0575 38.7527,
	61.0472 38.6705,
	61.0447 38.65,
	61.0421 38.6397,
	61.0524 38.5575,
	61.0575 38.5164,
	61.0626 38.4958,
	61.1217 38.4136,
	61.1551 38.3725,
	61.1962 38.3314,
	61.3606 38.2364,
	61.4428 38.1979,
	61.4839 38.185,
	61.525 38.1568,
	61.5456 38.1439,
	61.5867 38.1439,
	61.5969 38.1439,
	61.638 38.1799,
	61.6483 38.2004,
	61.656 38.2415,
	61.656 38.2621,
	61.6535 38.2724,
	61.6124 38.3032,
	61.5302 38.3417,
	61.4479 38.3725,
	61.4068 38.388,
	61.3863 38.3957,
	61.376 38.4008,
	61.3324 38.483,
	61.3092 38.5241,
	61.3041 38.5344,
	61.3015 38.5369,
	61.3118 38.5446,
	61.394 38.5575,
	61.4146 38.5575,
	61.4248 38.5575,
	61.5892 38.4188,
	61.6714 38.3417,
	61.71 38.3006,
	61.7228 38.2801,
	61.7305 38.2698,
	61.8127 38.2287,
	61.8333 38.2184,
	61.8435 38.2133,
	61.9257 38.203,
	61.9668 38.2004,
	62.049 38.2107,
	62.0696 38.2133,
	62.1518 38.2544,
	62.1929 38.2749,
	62.234 38.2826,
	62.2443 38.2878,
	62.2854 38.3263,
	62.3034 38.3468,
	62.3239 38.388,
	62.3393 38.4085,
	62.3599 38.4239,
	62.3701 38.4291,
	62.4035 38.4702,
	62.4138 38.4907,
	62.4241 38.6551,
	62.4267 38.6962,
	62.4292 38.7168,
	62.4087 38.799,
	62.4035 38.8195,
	62.3984 38.8298,
	62.3779 38.8503,
	62.365 38.8709,
	62.3367 38.9531,
	62.329 38.9736,
	62.329 39.0147,
	62.3265 39.0353,
	62.2854 39.1175,
	62.2751 39.138,
	62.1929 39.2125,
	62.1723 39.2305,
	62.1621 39.2382,
	62.0799 39.2536,
	62.0593 39.2536,
	62.0388 39.2613,
	61.9977 39.287,
	61.9771 39.2999,
	61.936 39.3024,
	61.9155 39.2999,
	61.8333 39.3076,
	61.7511 39.3281,
	61.6689 39.3435,
	61.5867 39.3692,
	61.5661 39.3769,
	61.525 39.4078,
	61.4916 39.4489,
	61.4788 39.4694,
	61.4736 39.4694,
	61.4659 39.4489,
	61.4531 39.4309,
	61.4428 39.472,
	61.4377 39.4823,
	61.4325 39.4874,
	61.412 39.4848,
	61.3735 39.4489,
	61.3555 39.4309,
	61.3426 39.4103,
	61.3041 39.3718,
	61.263 39.3461,
	61.2424 39.3281,
	61.2322 39.3204,
	61.227 39.3101,
	61.2091 39.2896,
	61.1911 39.2485,
	61.1911 39.2279,
	61.1988 39.21,
	61.1885 39.2048,
	61.1063 39.1945,
	61.0858 39.2074,
	61.0755 39.2177,
	61.0601 39.2588,
	61.0498 39.2999,
	61.0421 39.3821,
	61.0395 39.4232,
	61.0472 39.5054,
	61.0524 39.5465,
	61.0652 39.5876,
	61.0703 39.5978,
	61.0909 39.6158,
	61.132 39.6389,
	61.2142 39.6775,
	61.2553 39.698,
	61.2964 39.7237,
	61.3375 39.7623,
	61.3555 39.8034,
	61.3632 39.8239,
	61.3632 39.865,
	61.3555 39.9061,
	61.3375 39.9472,
	61.3272 39.9678,
	61.3118 39.9883,
	61.2913 40.0063,
	61.2502 40.0243,
	61.168 40.0474,
	61.1269 40.0525,
	61.1063 40.0525,
	61.0241 40.0705,
	60.9419 40.0782,
	60.8597 40.0756,
	60.8391 40.0756,
	60.7569 40.0577,
	60.7158 40.0422,
	60.6336 39.9832,
	60.6002 39.9421,
	60.5026 39.7777,
	60.4153 39.6133,
	60.3896 39.5722,
	60.3742 39.5516,
	60.2946 39.4694,
	60.2535 39.4283,
	60.1892 39.3461,
	60.1558 39.305,
	60.1173 39.2639,
	60.0942 39.2228,
	60.0762 39.1817,
	60.0736 39.1406,
	60.0736 39.1329,
	"/>
</Transform>

<Transform dim="0"
 xcoef=" 0 1 0 0 0 0"
 ycoef=" 0 0 1 0 0 0">
<Contour name="TB2_NF14_RSL" hidden="false" closed="true" simplified="true" border="1 0.501961 0.25098" fill="1 0.501961 0.25098" mode="-9"
 points="49.1197 42.5274,
	49.1828 42.4265,
	49.1891 42.4139,
	49.2395 42.4044,
	49.3404 42.3981,
	49.3656 42.4012,
	49.4161 42.4265,
	49.4602 42.4738,
	49.4823 42.499,
	49.4949 42.5053,
	49.6967 42.5179,
	49.8985 42.54,
	49.9994 42.5463,
	50.0246 42.5557,
	50.2263 42.5179,
	50.2516 42.5116,
	50.302 42.5242,
	50.3146 42.5274,
	50.3997 42.6282,
	50.425 42.7291,
	50.4281 42.7417,
	50.4155 42.8426,
	50.4124 42.8552,
	50.3115 42.9404,
	50.302 42.953,
	50.2894 42.9277,
	50.2831 42.9246,
	49.8795 43.0507,
	49.8291 43.0665,
	49.6273 43.0507,
	49.6021 43.0507,
	49.5517 43.0381,
	49.5391 43.0318,
	49.3373 42.8678,
	49.2364 42.8016,
	49.2112 42.7859,
	49.1828 42.7386,
	49.1765 42.726,
	49.1765 42.7008,
	49.1418 42.6503,
	49.1323 42.6251,
	49.126 42.5746,
	49.1197 42.5494,
	49.1197 42.5368,
	49.1197 42.5305,
	"/>
</Transform>

<Transform dim="0"
 xcoef=" 0 1 0 0 0 0"
 ycoef=" 0 0 1 0 0 0">
<Image mag="0.00749" contrast="1" brightness="0" red="true" green="true" blue="true"
 src="Alg_stitch3-4_343.tif" />
<Contour name="TB1_t3cell02_synapse" hidden="false" closed="true" simplified="false" border="0 0 1" fill="0 0 1" mode="11"
 points="0 0,
	15652 0,
	15652 8578,
	0 8578,
	"/>
</Transform>

<Transform dim="0"
 xcoef=" 0 1 0 0 0 0"
 ycoef=" 0 0 1 0 0 0">
<Contour name="TB2_T3cell07_YD" hidden="false" closed="true" simplified="true" border="1 0 0" fill="1 0 0" mode="11"
 points="38.1078 31.725,
	38.2025 31.6303,
	38.2566 31.5762,
	38.4729 31.5356,
	38.6893 31.3869,
	38.7163 31.3598,
	38.7299 31.2517,
	38.7299 31.2246,
	38.784 31.184,
	38.8921 31.157,
	38.9462 31.1029,
	38.9733 31.0894,
	38.9598 30.9812,
	38.9868 30.9677,
	39.095 31.0218,
	39.1491 31.0082,
	39.1761 30.9812,
	39.2302 30.9812,
	39.3114 31.0894,
	39.5277 31.0353,
	39.5818 31.0082,
	39.6089 30.9812,
	39.663 30.9812,
	39.69 31.0082,
	39.7982 31.0218,
	39.9064 30.9947,
	39.9605 30.9677,
	39.9875 30.9677,
	40.0686 30.873,
	40.1227 30.8324,
	40.0957 30.8054,
	40.0957 30.7783,
	40.0416 30.7378,
	40.0551 30.6296,
	40.0822 30.5755,
	40.1904 30.4673,
	40.2444 30.4673,
	40.2985 30.5214,
	40.3256 30.5755,
	40.4338 30.6837,
	40.4879 30.6972,
	40.7042 30.6431,
	40.9206 30.4538,
	41.0288 30.3997,
	41.137 30.3862,
	41.3533 30.2915,
	41.4615 30.2374,
	41.5156 30.251,
	41.5697 30.2915,
	41.5832 30.3186,
	41.5697 30.3456,
	41.5427 30.3456,
	41.5291 30.3727,
	41.5832 30.4267,
	41.6373 30.4538,
	41.7455 30.5485,
	41.7996 30.5755,
	41.8266 30.6025,
	41.9348 30.6161,
	41.9889 30.6296,
	42.4216 30.5349,
	42.638 30.4673,
	42.8544 30.4267,
	42.9626 30.4267,
	43.0167 30.4132,
	43.233 30.278,
	43.2871 30.2374,
	43.3953 30.2104,
	43.6117 30.251,
	43.828 30.3321,
	43.9362 30.3186,
	44.0444 30.3456,
	44.0715 30.3456,
	44.1796 30.4403,
	44.2067 30.4673,
	44.3149 30.4403,
	44.369 30.4267,
	44.396 30.3997,
	44.6124 30.3862,
	44.6259 30.3591,
	44.6124 30.3321,
	44.6394 30.278,
	44.8558 30.3186,
	44.964 30.3186,
	45.0722 30.2104,
	45.1803 30.1969,
	45.2344 30.1969,
	45.2615 30.1969,
	45.3156 30.2374,
	45.3697 30.251,
	45.4778 30.1969,
	45.5319 30.1833,
	45.6266 30.251,
	45.5319 30.4673,
	45.5049 30.5214,
	45.559 30.6296,
	45.6672 30.6972,
	45.7213 30.6566,
	45.7483 30.5485,
	45.7348 30.4944,
	45.7077 30.4673,
	45.7213 30.4403,
	45.8024 30.5485,
	45.843 30.6566,
	45.8565 30.7648,
	45.843 30.873,
	45.8565 30.9812,
	45.8294 31.0894,
	45.7213 31.1976,
	45.7077 31.3057,
	45.6266 31.5221,
	45.5996 31.6303,
	45.586 31.6844,
	45.5996 31.7926,
	45.5184 32.0089,
	45.5184 32.1171,
	45.5049 32.1442,
	45.5184 32.1712,
	45.4508 32.3876,
	45.3426 32.604,
	45.275 32.7121,
	45.0586 32.8879,
	44.8423 33.0232,
	44.6259 33.199,
	44.5177 33.3071,
	44.4771 33.3612,
	44.4501 33.4694,
	44.3419 33.5235,
	44.2878 33.537,
	44.1796 33.5235,
	44.1255 33.51,
	43.6928 33.7128,
	43.4764 33.7534,
	43.3683 33.7534,
	43.1519 33.821,
	43.0437 33.8345,
	42.611 33.9968,
	42.5028 34.0509,
	42.0701 34.1861,
	41.8537 34.2402,
	41.759 34.2267,
	41.7996 34.1726,
	41.8131 34.0644,
	41.732 33.9563,
	41.7185 33.9022,
	41.7049 33.8751,
	41.5967 33.9292,
	41.5562 33.9157,
	41.5427 33.8616,
	41.5832 33.7534,
	41.5156 33.6452,
	41.4074 33.6317,
	41.3804 33.6317,
	41.164 33.4153,
	41.0558 33.3071,
	41.0017 33.2531,
	40.8936 33.199,
	40.6772 33.1719,
	40.569 33.199,
	40.4608 33.1719,
	40.4067 33.1584,
	40.3526 33.1043,
	40.2444 33.0637,
	40.1363 33.0773,
	39.9199 33.1584,
	39.7035 33.2801,
	39.4872 33.3748,
	39.3925 33.3612,
	39.379 33.2531,
	39.3384 33.2125,
	39.2302 33.1854,
	39.122 33.1043,
	39.0139 32.8879,
	38.8381 32.6851,
	38.7975 32.5769,
	38.7704 32.5499,
	38.7434 32.3335,
	38.7163 32.2794,
	38.6623 32.2388,
	38.6352 32.2118,
	38.4188 32.2388,
	38.3107 32.1712,
	38.2701 32.1171,
	38.2566 32.063,
	38.2295 32.036,
	38.2295 32.0089,
	38.189 31.9548,
	38.1078 31.7385,
	"/>
</Transform>

</Section>