<?xml version="1.0"?>
<!DOCTYPE Section SYSTEM "section.dtd">

<Section index="296" thickness="0.08" alignLocked="true">
<Transform dim="0"
 xcoef=" 0 1 0 0 0 0"
 ycoef=" 0 0 1 0 0 0">
<Image mag="0.00749" contrast="1" brightness="0" red="true" green="true" blue="true"
 src="Alg_stitch3-4_296.tif" />
<Contour name="domain1" hidden="false" closed="true" simplified="false" border="1 0 1" fill="1 0 1" mode="11"
 points="0 0,
	15652 0,
	15652 8578,
	0 8578,
	"/>
</Transform>

<Transform dim="0"
 xcoef=" 0 1 0 0 0 0"
 ycoef=" 0 0 1 0 0 0">
<Contour name="TB3_NF01-PG_RSL" hidden="false" closed="true" simplified="true" border="1 1 0" fill="1 1 0" mode="-9"
 points="17.57 10.77,
	17.59 10.69,
	17.64 10.61,
	17.67 10.57,
	17.71 10.41,
	17.72 10.25,
	17.73 10.21,
	17.76 10.17,
	17.84 10.12,
	17.88 10.08,
	17.92 10.06,
	18 10.05,
	18.08 10.08,
	18.11 10.12,
	18.18 10.44,
	18.23 10.76,
	18.23 10.8,
	18.18 10.88,
	18.16 10.92,
	18.09 11,
	18.08 11.08,
	18.07 11.12,
	18.05 11.11,
	17.96 11.27,
	17.92 11.3,
	17.9 11.32,
	17.82 11.31,
	17.8 11.31,
	17.65 11.16,
	17.61 11.08,
	17.59 10.92,
	17.58 10.84,
	17.57 10.8,
	17.57 10.78,
	"/>
</Transform>

<Transform dim="0"
 xcoef=" 0 1 0 0 0 0"
 ycoef=" 0 0 1 0 0 0">
<Contour name="TB3_NF01-PG_RSL" hidden="false" closed="true" simplified="true" border="1 1 0" fill="1 1 0" mode="-9"
 points="30.66 14.2,
	30.74 14.13,
	30.82 14.09,
	30.86 14.05,
	30.94 14.02,
	30.96 14,
	31.12 13.95,
	31.2 13.92,
	31.24 13.89,
	31.32 13.86,
	31.4 13.86,
	31.56 13.91,
	31.6 13.92,
	31.67 14,
	31.7 14.04,
	31.72 14.06,
	31.76 14.06,
	31.84 14.02,
	32 13.98,
	32.16 13.97,
	32.2 13.97,
	32.36 14.08,
	32.4 14.12,
	32.44 14.13,
	32.48 14.12,
	32.63 13.99,
	32.79 13.94,
	32.95 13.94,
	33.03 13.94,
	33.19 13.88,
	33.35 13.87,
	33.39 13.88,
	33.54 14.03,
	33.57 14.07,
	33.58 14.15,
	33.51 14.21,
	33.47 14.23,
	33.44 14.3,
	33.43 14.38,
	33.4 14.42,
	33.32 14.45,
	33.24 14.44,
	33.17 14.39,
	33.09 14.38,
	33.05 14.38,
	32.89 14.45,
	32.73 14.5,
	32.57 14.53,
	32.25 14.54,
	32.17 14.53,
	32.13 14.51,
	32.05 14.5,
	31.97 14.46,
	31.93 14.45,
	31.77 14.35,
	31.69 14.3,
	31.67 14.28,
	31.59 14.33,
	31.55 14.37,
	31.5 14.44,
	31.18 14.53,
	31.02 14.55,
	30.94 14.55,
	30.9 14.55,
	30.82 14.5,
	30.75 14.43,
	30.72 14.35,
	30.67 14.27,
	30.66 14.23,
	30.66 14.21,
	"/>
</Transform>

<Transform dim="0"
 xcoef=" 0 1 0 0 0 0"
 ycoef=" 0 0 1 0 0 0">
<Contour name="TB3_NF01-PG_RSL" hidden="false" closed="true" simplified="true" border="1 1 0" fill="1 1 0" mode="-9"
 points="35.28 14.12,
	35.31 14.08,
	35.33 14.06,
	35.34 14.02,
	35.38 13.99,
	35.54 13.95,
	35.86 13.92,
	36.02 13.92,
	36.1 13.94,
	36.18 13.98,
	36.26 14.05,
	36.34 14.07,
	36.5 14.08,
	36.66 14.12,
	36.74 14.13,
	36.82 14.16,
	36.9 14.21,
	36.94 14.24,
	36.97 14.32,
	36.99 14.36,
	37 14.52,
	36.99 14.6,
	36.93 14.68,
	36.77 14.75,
	36.69 14.75,
	36.65 14.75,
	36.57 14.71,
	36.25 14.6,
	36.09 14.55,
	35.93 14.48,
	35.77 14.37,
	35.45 14.26,
	35.37 14.23,
	35.3 14.18,
	35.28 14.16,
	35.28 14.13,
	"/>
</Transform>

<Transform dim="0"
 xcoef=" 0 1 0 0 0 0"
 ycoef=" 0 0 1 0 0 0">
<Contour name="TB3_NF01-PG_RSL" hidden="false" closed="true" simplified="true" border="1 1 0" fill="1 1 0" mode="-9"
 points="43.45 15.11,
	43.53 15.03,
	43.69 14.94,
	43.77 14.9,
	43.93 14.91,
	44.01 14.92,
	44.03 14.92,
	44.08 15,
	44.09 15.08,
	44.08 15.16,
	44.06 15.2,
	44.02 15.24,
	43.94 15.25,
	43.9 15.28,
	43.74 15.29,
	43.58 15.26,
	43.54 15.25,
	43.46 15.18,
	43.45 15.14,
	43.45 15.12,
	"/>
</Transform>

<Transform dim="0"
 xcoef=" 0 1 0 0 0 0"
 ycoef=" 0 0 1 0 0 0">
<Contour name="TB3_NF01-PG_RSL" hidden="false" closed="true" simplified="true" border="1 1 0" fill="1 1 0" mode="-9"
 points="46.23 15.68,
	46.27 15.64,
	46.43 15.55,
	46.75 15.46,
	46.91 15.44,
	47.07 15.44,
	47.23 15.42,
	47.27 15.43,
	47.34 15.5,
	47.35 15.58,
	47.33 15.62,
	47.29 15.65,
	46.97 15.71,
	46.66 15.73,
	46.67 15.74,
	46.59 15.75,
	46.27 15.73,
	46.23 15.71,
	46.23 15.69,
	"/>
</Transform>

<Transform dim="0"
 xcoef=" 0 1 0 0 0 0"
 ycoef=" 0 0 1 0 0 0">
<Contour name="TB3_NF01-PG_RSL" hidden="false" closed="true" simplified="true" border="1 1 0" fill="1 1 0" mode="-9"
 points="61.47 11.05,
	61.51 10.97,
	61.55 10.93,
	61.57 10.91,
	61.58 10.87,
	61.61 10.83,
	61.77 10.75,
	61.85 10.7,
	61.87 10.68,
	61.95 10.67,
	61.99 10.67,
	62.07 10.72,
	62.11 10.8,
	62.12 10.96,
	62.11 11.12,
	62.08 11.2,
	61.97 11.36,
	61.84 11.49,
	61.8 11.51,
	61.76 11.51,
	61.74 11.44,
	61.7 11.44,
	61.68 11.44,
	61.6 11.37,
	61.54 11.29,
	61.47 11.13,
	61.47 11.06,
	"/>
</Transform>

<Transform dim="0"
 xcoef=" 0 1 0 0 0 0"
 ycoef=" 0 0 1 0 0 0">
<Contour name="TB3_NF01-PG_RSL" hidden="false" closed="true" simplified="true" border="1 1 0" fill="1 1 0" mode="-9"
 points="65.4 10.04,
	65.44 10,
	65.52 9.97,
	65.68 9.94,
	65.76 9.93,
	65.84 9.94,
	65.87 9.97,
	65.89 10.05,
	65.89 10.13,
	65.82 10.29,
	65.8 10.33,
	65.82 10.35,
	65.78 10.38,
	65.7 10.39,
	65.54 10.34,
	65.52 10.34,
	65.45 10.27,
	65.4 10.11,
	65.4 10.07,
	65.4 10.05,
	"/>
</Transform>

<Transform dim="0"
 xcoef=" 0 1 0 0 0 0"
 ycoef=" 0 0 1 0 0 0">
<Contour name="TB3_NF01-PG_RSL" hidden="false" closed="true" simplified="true" border="1 1 0" fill="1 1 0" mode="-9"
 points="66.3222 14.3111,
	66.3667 14.2889,
	66.4556 14.2889,
	66.5444 14.3111,
	66.6333 14.3667,
	66.8111 14.4444,
	66.9 14.4333,
	66.9889 14.3778,
	67.0778 14.3444,
	67.4333 14.3111,
	67.5222 14.3,
	67.5667 14.3,
	67.6111 14.3222,
	67.6556 14.3667,
	67.6889 14.4556,
	67.6778 14.5444,
	67.6 14.6,
	66.8889 14.6333,
	66.7111 14.6222,
	66.6222 14.5667,
	66.4444 14.5,
	66.3556 14.4444,
	66.3222 14.3556,
	66.3222 14.3222,
	"/>
</Transform>

<Transform dim="0"
 xcoef=" 0 1 0 0 0 0"
 ycoef=" 0 0 1 0 0 0">
<Contour name="TB3_NF01-PG_RSL" hidden="false" closed="true" simplified="true" border="1 1 0" fill="1 1 0" mode="-9"
 points="37.8111 18.7222,
	37.8555 18.6778,
	38.0333 18.5666,
	38.1222 18.5111,
	38.3 18.4889,
	38.6555 18.5,
	38.8333 18.5778,
	39.0111 18.6333,
	39.1 18.6778,
	39.2777 18.7111,
	39.3222 18.7222,
	39.4111 18.7778,
	39.4888 18.8555,
	39.5 19.0333,
	39.4888 19.0778,
	39.4111 19.1555,
	39.3666 19.2,
	39.2777 19.2333,
	38.9222 19.2222,
	38.7444 19.1666,
	38.7 19.1555,
	38.6555 19.1222,
	38.5666 19.0889,
	38.3889 19.0778,
	38.3 19.0778,
	38.1222 19.0222,
	38.0777 19,
	38.0555 19,
	37.9666 18.9444,
	37.8777 18.8555,
	37.8333 18.8111,
	37.8111 18.7889,
	37.8111 18.7444,
	37.8111 18.7333,
	"/>
</Transform>

<Transform dim="0"
 xcoef=" 0 1 0 0 0 0"
 ycoef=" 0 0 1 0 0 0">
<Contour name="TB3_NF01-PG_RSL" hidden="false" closed="true" simplified="true" border="1 1 0" fill="1 1 0" mode="-9"
 points="17.57 10.77,
	17.59 10.69,
	17.64 10.61,
	17.67 10.57,
	17.71 10.41,
	17.72 10.25,
	17.73 10.21,
	17.76 10.17,
	17.84 10.12,
	17.88 10.08,
	17.92 10.06,
	18 10.05,
	18.08 10.08,
	18.11 10.12,
	18.18 10.44,
	18.23 10.76,
	18.23 10.8,
	18.18 10.88,
	18.16 10.92,
	18.09 11,
	18.08 11.08,
	18.07 11.12,
	18.05 11.11,
	17.96 11.27,
	17.92 11.3,
	17.9 11.32,
	17.82 11.31,
	17.8 11.31,
	17.65 11.16,
	17.61 11.08,
	17.59 10.92,
	17.58 10.84,
	17.57 10.8,
	17.57 10.78,
	"/>
</Transform>

<Transform dim="0"
 xcoef=" 0 1 0 0 0 0"
 ycoef=" 0 0 1 0 0 0">
<Contour name="TB3_NF01-PG_RSL" hidden="false" closed="true" simplified="true" border="1 1 0" fill="1 1 0" mode="-9"
 points="30.66 14.2,
	30.74 14.13,
	30.82 14.09,
	30.86 14.05,
	30.94 14.02,
	30.96 14,
	31.12 13.95,
	31.2 13.92,
	31.24 13.89,
	31.32 13.86,
	31.4 13.86,
	31.56 13.91,
	31.6 13.92,
	31.67 14,
	31.7 14.04,
	31.72 14.06,
	31.76 14.06,
	31.84 14.02,
	32 13.98,
	32.16 13.97,
	32.2 13.97,
	32.36 14.08,
	32.4 14.12,
	32.44 14.13,
	32.48 14.12,
	32.63 13.99,
	32.79 13.94,
	32.95 13.94,
	33.03 13.94,
	33.19 13.88,
	33.35 13.87,
	33.39 13.88,
	33.54 14.03,
	33.57 14.07,
	33.58 14.15,
	33.51 14.21,
	33.47 14.23,
	33.44 14.3,
	33.43 14.38,
	33.4 14.42,
	33.32 14.45,
	33.24 14.44,
	33.17 14.39,
	33.09 14.38,
	33.05 14.38,
	32.89 14.45,
	32.73 14.5,
	32.57 14.53,
	32.25 14.54,
	32.17 14.53,
	32.13 14.51,
	32.05 14.5,
	31.97 14.46,
	31.93 14.45,
	31.77 14.35,
	31.69 14.3,
	31.67 14.28,
	31.59 14.33,
	31.55 14.37,
	31.5 14.44,
	31.18 14.53,
	31.02 14.55,
	30.94 14.55,
	30.9 14.55,
	30.82 14.5,
	30.75 14.43,
	30.72 14.35,
	30.67 14.27,
	30.66 14.23,
	30.66 14.21,
	"/>
</Transform>

<Transform dim="0"
 xcoef=" 0 1 0 0 0 0"
 ycoef=" 0 0 1 0 0 0">
<Contour name="TB3_NF01-PG_RSL" hidden="false" closed="true" simplified="true" border="1 1 0" fill="1 1 0" mode="-9"
 points="35.28 14.12,
	35.31 14.08,
	35.33 14.06,
	35.34 14.02,
	35.38 13.99,
	35.54 13.95,
	35.86 13.92,
	36.02 13.92,
	36.1 13.94,
	36.18 13.98,
	36.26 14.05,
	36.34 14.07,
	36.5 14.08,
	36.66 14.12,
	36.74 14.13,
	36.82 14.16,
	36.9 14.21,
	36.94 14.24,
	36.97 14.32,
	36.99 14.36,
	37 14.52,
	36.99 14.6,
	36.93 14.68,
	36.77 14.75,
	36.69 14.75,
	36.65 14.75,
	36.57 14.71,
	36.25 14.6,
	36.09 14.55,
	35.93 14.48,
	35.77 14.37,
	35.45 14.26,
	35.37 14.23,
	35.3 14.18,
	35.28 14.16,
	35.28 14.13,
	"/>
</Transform>

<Transform dim="0"
 xcoef=" 0 1 0 0 0 0"
 ycoef=" 0 0 1 0 0 0">
<Contour name="TB3_NF01-PG_RSL" hidden="false" closed="true" simplified="true" border="1 1 0" fill="1 1 0" mode="-9"
 points="43.45 15.11,
	43.53 15.03,
	43.69 14.94,
	43.77 14.9,
	43.93 14.91,
	44.01 14.92,
	44.03 14.92,
	44.08 15,
	44.09 15.08,
	44.08 15.16,
	44.06 15.2,
	44.02 15.24,
	43.94 15.25,
	43.9 15.28,
	43.74 15.29,
	43.58 15.26,
	43.54 15.25,
	43.46 15.18,
	43.45 15.14,
	43.45 15.12,
	"/>
</Transform>

<Transform dim="0"
 xcoef=" 0 1 0 0 0 0"
 ycoef=" 0 0 1 0 0 0">
<Contour name="TB3_NF01-PG_RSL" hidden="false" closed="true" simplified="true" border="1 1 0" fill="1 1 0" mode="-9"
 points="46.23 15.68,
	46.27 15.64,
	46.43 15.55,
	46.75 15.46,
	46.91 15.44,
	47.07 15.44,
	47.23 15.42,
	47.27 15.43,
	47.34 15.5,
	47.35 15.58,
	47.33 15.62,
	47.29 15.65,
	46.97 15.71,
	46.66 15.73,
	46.67 15.74,
	46.59 15.75,
	46.27 15.73,
	46.23 15.71,
	46.23 15.69,
	"/>
</Transform>

<Transform dim="0"
 xcoef=" 0 1 0 0 0 0"
 ycoef=" 0 0 1 0 0 0">
<Contour name="TB3_NF01-PG_RSL" hidden="false" closed="true" simplified="true" border="1 1 0" fill="1 1 0" mode="-9"
 points="61.47 11.05,
	61.51 10.97,
	61.55 10.93,
	61.57 10.91,
	61.58 10.87,
	61.61 10.83,
	61.77 10.75,
	61.85 10.7,
	61.87 10.68,
	61.95 10.67,
	61.99 10.67,
	62.07 10.72,
	62.11 10.8,
	62.12 10.96,
	62.11 11.12,
	62.08 11.2,
	61.97 11.36,
	61.84 11.49,
	61.8 11.51,
	61.76 11.51,
	61.74 11.44,
	61.7 11.44,
	61.68 11.44,
	61.6 11.37,
	61.54 11.29,
	61.47 11.13,
	61.47 11.06,
	"/>
</Transform>

<Transform dim="0"
 xcoef=" 0 1 0 0 0 0"
 ycoef=" 0 0 1 0 0 0">
<Contour name="TB3_NF01-PG_RSL" hidden="false" closed="true" simplified="true" border="1 1 0" fill="1 1 0" mode="-9"
 points="65.4 10.04,
	65.44 10,
	65.52 9.97,
	65.68 9.94,
	65.76 9.93,
	65.84 9.94,
	65.87 9.97,
	65.89 10.05,
	65.89 10.13,
	65.82 10.29,
	65.8 10.33,
	65.82 10.35,
	65.78 10.38,
	65.7 10.39,
	65.54 10.34,
	65.52 10.34,
	65.45 10.27,
	65.4 10.11,
	65.4 10.07,
	65.4 10.05,
	"/>
</Transform>

<Transform dim="0"
 xcoef=" 0 1 0 0 0 0"
 ycoef=" 0 0 1 0 0 0">
<Contour name="TB3_NF01-PG_RSL" hidden="false" closed="true" simplified="true" border="1 1 0" fill="1 1 0" mode="-9"
 points="66.3222 14.3111,
	66.3667 14.2889,
	66.4556 14.2889,
	66.5444 14.3111,
	66.6333 14.3667,
	66.8111 14.4444,
	66.9 14.4333,
	66.9889 14.3778,
	67.0778 14.3444,
	67.4333 14.3111,
	67.5222 14.3,
	67.5667 14.3,
	67.6111 14.3222,
	67.6556 14.3667,
	67.6889 14.4556,
	67.6778 14.5444,
	67.6 14.6,
	66.8889 14.6333,
	66.7111 14.6222,
	66.6222 14.5667,
	66.4444 14.5,
	66.3556 14.4444,
	66.3222 14.3556,
	66.3222 14.3222,
	"/>
</Transform>

<Transform dim="0"
 xcoef=" 0 1 0 0 0 0"
 ycoef=" 0 0 1 0 0 0">
<Contour name="TB3_NF01-PG_RSL" hidden="false" closed="true" simplified="true" border="1 1 0" fill="1 1 0" mode="-9"
 points="37.8111 18.7222,
	37.8555 18.6778,
	38.0333 18.5666,
	38.1222 18.5111,
	38.3 18.4889,
	38.6555 18.5,
	38.8333 18.5778,
	39.0111 18.6333,
	39.1 18.6778,
	39.2777 18.7111,
	39.3222 18.7222,
	39.4111 18.7778,
	39.4888 18.8555,
	39.5 19.0333,
	39.4888 19.0778,
	39.4111 19.1555,
	39.3666 19.2,
	39.2777 19.2333,
	38.9222 19.2222,
	38.7444 19.1666,
	38.7 19.1555,
	38.6555 19.1222,
	38.5666 19.0889,
	38.3889 19.0778,
	38.3 19.0778,
	38.1222 19.0222,
	38.0777 19,
	38.0555 19,
	37.9666 18.9444,
	37.8777 18.8555,
	37.8333 18.8111,
	37.8111 18.7889,
	37.8111 18.7444,
	37.8111 18.7333,
	"/>
</Transform>

<Transform dim="0"
 xcoef=" 0 1 0 0 0 0"
 ycoef=" 0 0 1 0 0 0">
<Image mag="0.00749" contrast="1" brightness="0" red="true" green="true" blue="true"
 src="Alg_stitch3-4_296.tif" />
<Contour name="domain1" hidden="false" closed="true" simplified="false" border="1 0 1" fill="1 0 1" mode="11"
 points="0 0,
	15652 0,
	15652 8578,
	0 8578,
	"/>
</Transform>

<Transform dim="0"
 xcoef=" 0 1 0 0 0 0"
 ycoef=" 0 0 1 0 0 0">
<Image mag="0.00749" contrast="1" brightness="0" red="true" green="true" blue="true"
 src="Alg_stitch3-4_296.tif" />
<Contour name="domain1" hidden="false" closed="true" simplified="false" border="1 0 1" fill="1 0 1" mode="11"
 points="0 0,
	15652 0,
	15652 8578,
	0 8578,
	"/>
</Transform>

<Transform dim="0"
 xcoef=" 0 1 0 0 0 0"
 ycoef=" 0 0 1 0 0 0">
<Image mag="0.00749" contrast="1" brightness="0" red="true" green="true" blue="true"
 src="Alg_stitch3-4_296.tif" />
<Contour name="domain1" hidden="false" closed="true" simplified="false" border="1 0 1" fill="1 0 1" mode="11"
 points="0 0,
	15652 0,
	15652 8578,
	0 8578,
	"/>
</Transform>

<Transform dim="0"
 xcoef=" 0 1 0 0 0 0"
 ycoef=" 0 0 1 0 0 0">
<Image mag="0.00749" contrast="1" brightness="0" red="true" green="true" blue="true"
 src="Alg_stitch3-4_296.tif" />
<Contour name="domain1" hidden="false" closed="true" simplified="false" border="1 0 1" fill="1 0 1" mode="11"
 points="0 0,
	15652 0,
	15652 8578,
	0 8578,
	"/>
</Transform>

<Transform dim="0"
 xcoef=" 0 1 0 0 0 0"
 ycoef=" 0 0 1 0 0 0">
<Image mag="0.00749" contrast="1" brightness="0" red="true" green="true" blue="true"
 src="Alg_stitch3-4_296.tif" />
<Contour name="DENucleus2" hidden="false" closed="true" simplified="false" border="0 0 0.627" fill="0 0 0.627" mode="11"
 points="0 0,
	15652 0,
	15652 8578,
	0 8578,
	"/>
</Transform>

<Transform dim="0"
 xcoef=" 0 1 0 0 0 0"
 ycoef=" 0 0 1 0 0 0">
<Image mag="0.00749" contrast="1" brightness="0" red="true" green="true" blue="true"
 src="Alg_stitch3-4_296.tif" />
<Contour name="domain1" hidden="false" closed="true" simplified="false" border="1 0 1" fill="1 0 1" mode="11"
 points="0 0,
	15652 0,
	15652 8578,
	0 8578,
	"/>
</Transform>

<Transform dim="0"
 xcoef=" 0 1 0 0 0 0"
 ycoef=" 0 0 1 0 0 0">
<Image mag="0.00749" contrast="1" brightness="0" red="true" green="true" blue="true"
 src="Alg_stitch3-4_296.tif" />
<Contour name="domain1" hidden="false" closed="true" simplified="false" border="1 0 1" fill="1 0 1" mode="11"
 points="0 0,
	15652 0,
	15652 8578,
	0 8578,
	"/>
</Transform>

<Transform dim="0"
 xcoef=" 0 1 0 0 0 0"
 ycoef=" 0 0 1 0 0 0">
<Image mag="0.00749" contrast="1" brightness="0" red="true" green="true" blue="true"
 src="Alg_stitch3-4_296.tif" />
<Contour name="domain1" hidden="false" closed="true" simplified="false" border="1 0 1" fill="1 0 1" mode="11"
 points="0 0,
	15652 0,
	15652 8578,
	0 8578,
	"/>
</Transform>

<Transform dim="0"
 xcoef=" 0 1 0 0 0 0"
 ycoef=" 0 0 1 0 0 0">
<Image mag="0.00749" contrast="1" brightness="0" red="true" green="true" blue="true"
 src="Alg_stitch3-4_296.tif" />
<Contour name="domain1" hidden="false" closed="true" simplified="false" border="1 0 1" fill="1 0 1" mode="11"
 points="0 0,
	15652 0,
	15652 8578,
	0 8578,
	"/>
</Transform>

<Transform dim="0"
 xcoef=" 0 1 0 0 0 0"
 ycoef=" 0 0 1 0 0 0">
<Image mag="0.00749" contrast="1" brightness="0" red="true" green="true" blue="true"
 src="Alg_stitch3-4_296.tif" />
<Contour name="domain1" hidden="false" closed="true" simplified="false" border="1 0 1" fill="1 0 1" mode="11"
 points="0 0,
	15652 0,
	15652 8578,
	0 8578,
	"/>
</Transform>

<Transform dim="0"
 xcoef=" 0 1 0 0 0 0"
 ycoef=" 0 0 1 0 0 0">
<Image mag="0.00749" contrast="1" brightness="0" red="true" green="true" blue="true"
 src="Alg_stitch3-4_296.tif" />
<Contour name="domain1" hidden="false" closed="true" simplified="false" border="1 0 1" fill="1 0 1" mode="11"
 points="0 0,
	15652 0,
	15652 8578,
	0 8578,
	"/>
</Transform>

<Transform dim="0"
 xcoef=" 0 1 0 0 0 0"
 ycoef=" 0 0 1 0 0 0">
<Image mag="0.00749" contrast="1" brightness="0" red="true" green="true" blue="true"
 src="Alg_stitch3-4_296.tif" />
<Contour name="domain1" hidden="false" closed="true" simplified="false" border="1 0 1" fill="1 0 1" mode="11"
 points="0 0,
	15652 0,
	15652 8578,
	0 8578,
	"/>
</Transform>

<Transform dim="0"
 xcoef=" 0 1 0 0 0 0"
 ycoef=" 0 0 1 0 0 0">
<Image mag="0.00749" contrast="1" brightness="0" red="true" green="true" blue="true"
 src="Alg_stitch3-4_296.tif" />
<Contour name="domain1" hidden="false" closed="true" simplified="false" border="1 0 1" fill="1 0 1" mode="11"
 points="0 0,
	15652 0,
	15652 8578,
	0 8578,
	"/>
</Transform>

<Transform dim="0"
 xcoef=" 0 1 0 0 0 0"
 ycoef=" 0 0 1 0 0 0">
<Image mag="0.00749" contrast="1" brightness="0" red="true" green="true" blue="true"
 src="Alg_stitch3-4_296.tif" />
<Contour name="domain1" hidden="false" closed="true" simplified="false" border="1 0 1" fill="1 0 1" mode="11"
 points="0 0,
	15652 0,
	15652 8578,
	0 8578,
	"/>
</Transform>

<Transform dim="0"
 xcoef=" 0 1 0 0 0 0"
 ycoef=" 0 0 1 0 0 0">
<Image mag="0.00749" contrast="1" brightness="0" red="true" green="true" blue="true"
 src="Alg_stitch3-4_296.tif" />
<Contour name="domain1" hidden="false" closed="true" simplified="false" border="1 0 1" fill="1 0 1" mode="11"
 points="0 0,
	15652 0,
	15652 8578,
	0 8578,
	"/>
</Transform>

<Transform dim="0"
 xcoef=" 0 1 0 0 0 0"
 ycoef=" 0 0 1 0 0 0">
<Image mag="0.00749" contrast="1" brightness="0" red="true" green="true" blue="true"
 src="Alg_stitch3-4_296.tif" />
<Contour name="DENucleus2" hidden="false" closed="true" simplified="false" border="0 0 0.627" fill="0 0 0.627" mode="11"
 points="0 0,
	15652 0,
	15652 8578,
	0 8578,
	"/>
</Transform>

<Transform dim="0"
 xcoef=" 0 1 0 0 0 0"
 ycoef=" 0 0 1 0 0 0">
<Image mag="0.00749" contrast="1" brightness="0" red="true" green="true" blue="true"
 src="Alg_stitch3-4_296.tif" />
<Contour name="domain1" hidden="false" closed="true" simplified="false" border="1 0 1" fill="1 0 1" mode="11"
 points="0 0,
	15652 0,
	15652 8578,
	0 8578,
	"/>
</Transform>

<Transform dim="0"
 xcoef=" 0 1 0 0 0 0"
 ycoef=" 0 0 1 0 0 0">
<Image mag="0.00749" contrast="1" brightness="0" red="true" green="true" blue="true"
 src="Alg_stitch3-4_296.tif" />
<Contour name="domain1" hidden="false" closed="true" simplified="false" border="1 0 1" fill="1 0 1" mode="11"
 points="0 0,
	15652 0,
	15652 8578,
	0 8578,
	"/>
</Transform>

<Transform dim="0"
 xcoef=" 0 1 0 0 0 0"
 ycoef=" 0 0 1 0 0 0">
<Contour name="Tb2_NF40_LES" hidden="false" closed="true" simplified="true" border="0.501961 0.25098 0.25098" fill="0.501961 0.25098 0.25098" mode="-9"
 points="21.7129 34.7256,
	21.7506 34.5749,
	21.7882 34.4996,
	21.8636 34.4243,
	22.0142 34.3866,
	22.1649 34.4243,
	22.3155 34.4996,
	22.3909 34.5749,
	22.4662 34.7256,
	22.5038 35.0269,
	22.5227 35.1022,
	22.5038 35.1776,
	22.372 35.3094,
	22.2214 35.3094,
	22.1837 35.3094,
	22.0331 35.1964,
	21.8824 35.1211,
	21.7882 34.9704,
	21.7317 34.8198,
	21.7129 34.7444,
	"/>
</Transform>

<Transform dim="0"
 xcoef=" 0 1 0 0 0 0"
 ycoef=" 0 0 1 0 0 0">
<Contour name="Tb2_NF29_LES" hidden="false" closed="true" simplified="true" border="0 0.501961 0.74902" fill="0 0.501961 0.74902" mode="-9"
 points="23.2181 32.3987,
	23.2485 32.3378,
	23.3094 32.2922,
	23.4312 32.2617,
	23.4617 32.2465,
	23.7053 32.414,
	23.7814 32.5358,
	23.7814 32.5967,
	23.7966 32.6119,
	23.7814 32.7337,
	23.69 32.8403,
	23.5682 32.8555,
	23.5073 32.8555,
	23.3855 32.7794,
	23.3246 32.7185,
	23.2942 32.6576,
	23.2333 32.5967,
	23.2181 32.4749,
	23.2181 32.414,
	"/>
<Contour name="Tb2_NF29_LES" hidden="false" closed="true" simplified="true" border="0 0.501961 0.74902" fill="0 0.501961 0.74902" mode="-9"
 points="23.8271 35.9005,
	23.8575 35.7787,
	23.8727 35.7178,
	23.9793 35.6112,
	24.0098 35.5503,
	24.0098 35.4894,
	24.1011 35.2458,
	24.1316 35.1849,
	24.1925 35.1392,
	24.3143 35.124,
	24.3599 35.1849,
	24.3904 35.4285,
	24.4665 35.6721,
	24.4513 35.9157,
	24.3447 36.1593,
	24.3143 36.2202,
	24.2534 36.2811,
	24.1925 36.2963,
	24.1316 36.342,
	24.0098 36.3268,
	23.888 36.2506,
	23.8423 36.1288,
	23.8271 36.007,
	23.8271 35.9461,
	23.8271 35.9157,
	"/>
</Transform>

<Transform dim="0"
 xcoef=" 0 1 0 0 0 0"
 ycoef=" 0 0 1 0 0 0">
<Contour name="Tb2_NF54_LES" hidden="false" closed="true" simplified="true" border="1 0 0" fill="1 0 0" mode="-9"
 points="27.3024 46.4666,
	27.3899 46.3791,
	27.5649 46.3134,
	27.7399 46.2915,
	27.8274 46.2697,
	28.1775 46.3134,
	28.5275 46.4228,
	28.615 46.4447,
	28.6588 46.5322,
	28.8119 46.6853,
	28.79 47.0354,
	28.615 47.0572,
	28.265 46.9916,
	27.9149 46.8822,
	27.5649 46.7291,
	27.3899 46.6416,
	27.3243 46.5759,
	27.3024 46.4884,
	"/>
</Transform>

<Transform dim="0"
 xcoef=" 0 1 0 0 0 0"
 ycoef=" 0 0 1 0 0 0">
<Contour name="Tb2_NF54_LES" hidden="false" closed="true" simplified="true" border="1 0 0" fill="1 0 0" mode="-9"
 points="26.2742 48.6761,
	26.4492 48.5667,
	26.6242 48.5011,
	26.7992 48.3699,
	26.8867 48.348,
	26.9742 48.3699,
	27.018 48.3699,
	27.0836 48.4574,
	26.9961 48.6324,
	26.9086 48.698,
	26.8648 48.7418,
	26.8648 48.7855,
	26.7773 48.8293,
	26.4273 48.8074,
	26.3398 48.7855,
	26.2742 48.698,
	"/>
</Transform>

<Transform dim="0"
 xcoef=" 0 1 0 0 0 0"
 ycoef=" 0 0 1 0 0 0">
<Contour name="TB2_NF001_LES" hidden="false" closed="true" simplified="true" border="1 1 0" fill="1 1 0" mode="-9"
 points="19.4941 39.4299,
	19.5377 39.3137,
	19.6393 39.1975,
	19.7119 39.0814,
	19.8136 38.9797,
	19.8717 38.9216,
	19.9733 38.8635,
	20.2057 39.0088,
	20.2492 39.0668,
	20.3073 39.2992,
	20.2928 39.4154,
	20.3799 39.6477,
	20.409 39.8801,
	20.4235 39.9962,
	20.4961 40.2286,
	20.4816 40.3447,
	20.4961 40.5771,
	20.4525 40.6207,
	20.3944 40.5916,
	20.3218 40.4754,
	20.2928 40.4174,
	20.2928 40.4028,
	20.2783 40.3157,
	20.2928 40.0834,
	20.2202 39.6187,
	20.1766 39.5025,
	20.1621 39.4444,
	20.1185 39.3863,
	20.0604 39.3573,
	19.9443 39.3573,
	19.8281 39.4008,
	19.77 39.4299,
	19.6538 39.5461,
	19.6393 39.5751,
	19.5958 39.6187,
	19.5377 39.6041,
	19.5086 39.5751,
	19.4941 39.4589,
	19.4941 39.4444,
	"/>
</Transform>

<Transform dim="0"
 xcoef=" 0 1 0 0 0 0"
 ycoef=" 0 0 1 0 0 0">
<Image mag="0.00749" contrast="1" brightness="0" red="true" green="true" blue="true"
 src="Alg_stitch3-4_296.tif" />
<Contour name="domain1" hidden="false" closed="true" simplified="false" border="1 0 1" fill="1 0 1" mode="11"
 points="0 0,
	15652 0,
	15652 8578,
	0 8578,
	"/>
</Transform>

<Transform dim="0"
 xcoef=" 0 1 0 0 0 0"
 ycoef=" 0 0 1 0 0 0">
<Contour name="TB2_BasalCell07_nuc_LES" hidden="false" closed="true" simplified="true" border="0.922 0.078 0.624" fill="1 0 0.5" mode="-11"
 points="25.9752 39.5431,
	26.0268 39.4915,
	26.2331 39.5173,
	26.3105 39.5689,
	26.3363 39.3626,
	26.2847 39.1562,
	26.3105 39.053,
	26.3879 38.9756,
	26.4395 38.9756,
	26.5426 39.053,
	26.6716 39.2594,
	26.878 39.311,
	26.9812 39.3626,
	27.0327 39.4399,
	27.0585 39.4141,
	27.2391 39.5947,
	27.0585 40.0074,
	26.9554 40.0848,
	26.749 40.0848,
	26.5426 40.0332,
	26.3363 39.93,
	26.1299 39.7753,
	26.0268 39.6979,
	25.9752 39.5947,
	25.9752 39.5689,
	"/>
</Transform>

<Transform dim="0"
 xcoef=" 0 1 0 0 0 0"
 ycoef=" 0 0 1 0 0 0">
<Contour name="TB2_BasalCell07_CM_LES" hidden="false" closed="true" simplified="true" border="0.98 0.773 0.91" fill="1 0 0.5" mode="-11"
 points="24.0846 44.8105,
	24.1174 44.745,
	24.1174 44.6794,
	24.1829 44.6303,
	24.2485 44.6139,
	24.2812 44.4828,
	24.3959 44.3518,
	24.6581 44.319,
	24.7891 44.2698,
	24.8547 44.2207,
	24.9858 44.2043,
	25.1168 44.1388,
	25.2479 44.0405,
	25.3134 44.0405,
	25.5592 43.893,
	25.8213 43.893,
	25.9524 43.8766,
	26.018 43.9094,
	26.1163 44.0405,
	26.0999 44.1715,
	26.0835 44.2043,
	26.1654 44.4664,
	26.1654 44.5975,
	26.0835 44.7286,
	26.018 44.7614,
	25.8869 44.7614,
	25.6247 44.8597,
	25.5428 44.9744,
	25.5264 45.1054,
	25.4937 45.171,
	25.5428 45.302,
	25.805 45.384,
	25.936 45.384,
	26.0671 45.4495,
	26.3292 45.4659,
	26.4603 45.4495,
	26.5914 45.4003,
	26.7389 45.1382,
	26.8699 45.0563,
	26.9355 45.0399,
	27.0665 45.089,
	27.0993 45.1546,
	26.9355 45.4167,
	26.8699 45.5478,
	26.7552 45.6789,
	26.6242 45.7444,
	26.5586 45.7444,
	26.2965 45.8755,
	26.1818 45.9574,
	26.1654 45.9902,
	26.2309 46.0393,
	26.2965 46.0557,
	26.362 46.1049,
	26.3784 46.1376,
	26.3456 46.2032,
	26.2309 46.3015,
	26.1818 46.4325,
	26.1163 46.4981,
	25.9852 46.58,
	25.4609 46.6783,
	25.3298 46.7111,
	25.1987 46.6947,
	25.1332 46.6619,
	25.1004 46.5964,
	25.1824 46.4653,
	25.1824 46.4325,
	25.0513 46.367,
	24.9202 46.2523,
	24.8383 46.1212,
	24.8874 45.9902,
	25.0677 45.728,
	25.1824 45.4659,
	24.6745 45.1873,
	24.6089 45.171,
	24.4778 45.2529,
	24.4287 45.3184,
	24.3632 45.302,
	24.3304 45.2365,
	24.3304 45.171,
	24.3795 45.1054,
	24.3959 45.089,
	24.2649 45.0399,
	24.1338 44.958,
	24.0846 44.8269,
	"/>
<Contour name="TB2_BasalCell07_CM_LES" hidden="false" closed="true" simplified="true" border="0.98 0.773 0.91" fill="1 0 0.5" mode="-11"
 points="21.8892 37.3721,
	21.9875 37.2411,
	22.0366 37.11,
	22.1022 37.0445,
	22.1349 36.9789,
	22.1349 36.7168,
	22.1513 36.6512,
	22.2496 36.5202,
	22.2988 36.471,
	22.3643 36.471,
	22.4954 36.5365,
	22.5609 36.5693,
	22.6264 36.5529,
	22.6592 36.5365,
	22.7903 36.5857,
	22.8231 36.6021,
	22.9541 36.5365,
	23.0197 36.5529,
	23.1507 36.6676,
	23.4129 36.6676,
	23.4784 36.684,
	23.6095 36.7823,
	23.6259 36.9134,
	23.6095 36.9789,
	23.4129 37.2411,
	23.3637 37.3721,
	23.3965 37.6343,
	23.3146 37.7654,
	23.1835 37.8637,
	23.0524 37.9128,
	23.0197 38.0439,
	22.9214 38.175,
	22.8886 38.306,
	22.8886 38.3716,
	22.9541 38.4371,
	22.9869 38.5682,
	22.9541 38.6992,
	22.8886 38.7156,
	22.7575 38.6829,
	22.6264 38.6992,
	22.5609 38.6992,
	22.4298 38.5846,
	22.3643 38.4535,
	22.3315 38.3879,
	22.3151 38.1258,
	22.2824 38.0603,
	22.0366 37.8145,
	21.9219 37.5524,
	21.8892 37.4868,
	21.8892 37.4213,
	21.8892 37.3885,
	"/>
<Contour name="TB2_BasalCell07_CM_LES" hidden="false" closed="true" simplified="true" border="0.98 0.773 0.91" fill="1 0 0.5" mode="-11"
 points="22.7084 40.6162,
	22.7739 40.5506,
	22.8067 40.5179,
	22.7575 40.3868,
	22.7411 40.3213,
	22.7903 40.1902,
	22.8558 40.141,
	23.118 40.0919,
	23.249 40.0591,
	23.3146 40.0591,
	23.3801 40.01,
	23.3965 39.9444,
	23.3801 39.8789,
	23.2982 39.7642,
	23.2982 39.7314,
	23.3637 39.6823,
	23.6259 39.584,
	23.7406 39.4857,
	23.8225 39.2235,
	23.8552 39.158,
	23.9208 39.0925,
	23.9863 38.9614,
	24.0191 38.8959,
	24.1502 38.7812,
	24.4123 38.6665,
	24.4778 38.6337,
	24.5434 38.5682,
	24.6745 38.5026,
	24.8055 38.4863,
	24.9366 38.5026,
	25.0677 38.5846,
	25.1987 38.7156,
	25.2151 38.7484,
	25.3462 38.7648,
	25.379 38.7648,
	25.4445 38.7156,
	25.7067 38.6992,
	25.7722 38.6665,
	25.8213 38.6009,
	25.7722 38.5682,
	25.7558 38.5518,
	25.6247 38.5846,
	25.592 38.5846,
	25.5428 38.519,
	25.5592 38.4535,
	25.6903 38.4207,
	25.7394 38.3716,
	25.7558 38.3552,
	25.8869 38.4043,
	25.9852 38.519,
	26.0016 38.6501,
	26.0016 38.6829,
	26.0343 38.7156,
	26.2965 38.7975,
	26.4276 38.8303,
	26.5586 38.8139,
	26.6897 38.7484,
	26.7552 38.732,
	26.8863 38.7484,
	27.0174 38.732,
	27.2795 38.7484,
	27.5417 38.732,
	27.6072 38.7648,
	27.7383 38.7812,
	27.8694 38.8303,
	28.1315 38.8467,
	28.197 38.8467,
	28.2298 38.8631,
	28.4919 38.8139,
	28.5575 38.8303,
	28.5903 38.8303,
	28.6394 38.8959,
	28.5247 38.9778,
	28.2626 39.0761,
	28.1315 39.158,
	27.8694 39.1744,
	27.7383 39.2072,
	27.6564 39.3218,
	27.6727 39.4529,
	27.7055 39.5184,
	27.771 39.584,
	27.8366 39.6168,
	27.9677 39.6168,
	28.0004 39.6331,
	28.1315 39.6168,
	28.197 39.6004,
	28.2626 39.5512,
	28.279 39.4857,
	28.3281 39.4201,
	28.4592 39.371,
	28.7213 39.3546,
	28.9835 39.371,
	29.1145 39.4038,
	29.2292 39.4857,
	29.2292 39.5512,
	29.1145 39.6823,
	29.049 39.7478,
	28.9835 39.7806,
	28.8524 39.9117,
	28.7213 39.9936,
	28.6558 40.0264,
	28.3936 40.2393,
	28.2626 40.3213,
	28.197 40.3377,
	28.1807 40.4032,
	28.2953 40.4851,
	28.4264 40.5179,
	28.4756 40.5834,
	28.4919 40.7145,
	28.4264 40.78,
	28.2953 40.8456,
	28.2298 40.8947,
	27.9677 40.9439,
	27.4434 40.9111,
	27.3778 40.8947,
	27.1157 40.9439,
	26.9846 40.8783,
	26.9191 40.8292,
	26.788 40.8292,
	26.2637 40.9439,
	26.0016 41.0258,
	25.7394 41.1896,
	25.6739 41.2224,
	25.6247 41.2879,
	25.6083 41.419,
	25.5756 41.4845,
	25.5756 41.5501,
	25.5592 41.5828,
	25.6411 41.7139,
	25.7722 41.7958,
	25.9033 41.8286,
	26.1654 41.8286,
	26.2146 41.8941,
	26.1982 41.9597,
	26.2473 42.0252,
	26.2801 42.058,
	26.4112 42.0908,
	26.4767 42.1235,
	26.5095 42.1563,
	26.5095 42.2218,
	26.4603 42.2874,
	26.3292 42.3365,
	26.2146 42.4512,
	26.1982 42.5167,
	26.1818 42.5495,
	26.2309 42.615,
	26.2801 42.7461,
	26.2965 42.8117,
	26.2801 42.8772,
	26.1654 43.0083,
	26.018 43.2704,
	25.8869 43.3851,
	25.8213 43.4506,
	25.6903 43.5162,
	25.5592 43.5489,
	25.2971 43.5162,
	24.7728 43.6309,
	24.6417 43.6636,
	24.1174 43.68,
	23.8552 43.6964,
	23.7242 43.6964,
	23.5931 43.6636,
	23.5276 43.6472,
	23.4129 43.5326,
	23.3801 43.4015,
	23.3965 43.3359,
	23.3965 43.3032,
	23.5276 43.2213,
	23.6586 43.2049,
	23.6914 43.2049,
	23.675 43.1393,
	23.6259 43.0902,
	23.4948 43.0574,
	23.4293 43.0246,
	23.4129 42.9591,
	23.4293 42.8936,
	23.462 42.8608,
	23.5276 42.8444,
	23.7078 42.5987,
	23.7569 42.4676,
	23.7733 42.4348,
	23.7078 42.3037,
	23.5767 42.1891,
	23.5112 42.1563,
	23.4293 42.0252,
	23.4456 41.8941,
	23.4948 41.8286,
	23.5276 41.7958,
	23.544 41.7303,
	23.6259 41.5992,
	23.6423 41.5337,
	23.5931 41.4682,
	23.462 41.419,
	23.2327 41.1732,
	23.118 41.0422,
	22.9869 40.9602,
	22.8558 40.9275,
	22.7903 40.9111,
	22.7247 40.8456,
	22.7084 40.7145,
	22.7084 40.649,
	22.7084 40.6326,
	"/>
</Transform>

<Transform dim="0"
 xcoef=" 0 1 0 0 0 0"
 ycoef=" 0 0 1 0 0 0">
<Contour name="TB2_NF07_RSL" hidden="false" closed="true" simplified="true" border="0 0 0.501961" fill="0 0 0.501961" mode="-9"
 points="19.5822 39.7591,
	19.6092 39.6726,
	19.6254 39.6293,
	19.6308 39.6077,
	19.6579 39.5644,
	19.8201 39.4023,
	19.8417 39.386,
	19.8849 39.3806,
	19.9282 39.3914,
	20.0147 39.3914,
	20.058 39.386,
	20.1174 39.4671,
	20.1499 39.5104,
	20.1607 39.532,
	20.1715 39.5428,
	20.2039 39.6293,
	20.2201 39.7158,
	20.231 39.7591,
	20.2418 39.7807,
	20.2796 39.9537,
	20.2904 40.1267,
	20.2904 40.17,
	20.2742 40.1862,
	20.2526 40.3592,
	20.2472 40.4024,
	20.231 40.4457,
	20.2039 40.489,
	20.1877 40.5322,
	20.1607 40.5755,
	20.139 40.5917,
	20.0525 40.5971,
	19.966 40.5646,
	19.9444 40.5592,
	19.9012 40.5268,
	19.8363 40.4565,
	19.7984 40.4133,
	19.7876 40.3916,
	19.7768 40.3808,
	19.7768 40.37,
	19.7606 40.3484,
	19.6579 40.0024,
	19.6254 39.9159,
	19.6038 39.8726,
	19.5822 39.7861,
	19.5822 39.7645,
	"/>
<Contour name="TB2_NF07_RSL" hidden="false" closed="true" simplified="true" border="0 0 0.501961" fill="0 0 0.501961" mode="-9"
 points="19.1064 38.5372,
	19.128 38.494,
	19.2091 38.4075,
	19.2416 38.3804,
	19.2848 38.3372,
	19.3551 38.2507,
	19.3876 38.2182,
	19.4308 38.1912,
	19.4524 38.1804,
	19.4957 38.175,
	19.5173 38.1804,
	19.5281 38.1804,
	19.5714 38.2182,
	19.5822 38.2182,
	19.6254 38.2453,
	19.6471 38.2669,
	19.6849 38.3534,
	19.7173 38.3912,
	19.7606 38.4345,
	19.8201 38.521,
	19.8525 38.5643,
	19.8958 38.6075,
	19.9174 38.6291,
	19.9336 38.6399,
	20.0201 38.721,
	20.1877 38.84,
	20.2093 38.8562,
	20.2688 38.9427,
	20.3175 39.0292,
	20.3391 39.1157,
	20.3283 39.159,
	20.3066 39.159,
	20.2634 39.0725,
	20.2364 39.0346,
	20.231 39.04,
	20.1985 38.9968,
	20.1607 38.9643,
	19.9877 38.8832,
	19.9444 38.8886,
	19.9336 38.8886,
	19.912 38.9103,
	19.8687 38.9319,
	19.7876 39.0022,
	19.7498 39.0454,
	19.6957 39.1319,
	19.6254 39.1968,
	19.593 39.2292,
	19.5173 39.3157,
	19.4849 39.359,
	19.4416 39.3968,
	19.3984 39.4185,
	19.3767 39.4239,
	19.3389 39.4617,
	19.3119 39.5482,
	19.3065 39.5915,
	19.301 39.6131,
	19.2848 39.6293,
	19.2416 39.5915,
	19.2362 39.5482,
	19.2416 39.505,
	19.2632 39.4617,
	19.3281 39.3752,
	19.3605 39.332,
	19.3876 39.2995,
	19.4632 39.2292,
	19.5065 39.1914,
	19.5335 39.1481,
	19.5606 39.0616,
	19.5768 38.9751,
	19.5876 38.8021,
	19.5822 38.7589,
	19.5606 38.7156,
	19.5443 38.694,
	19.5389 38.6724,
	19.5335 38.6616,
	19.566 38.5751,
	19.5822 38.5318,
	19.5876 38.4886,
	19.5822 38.4669,
	19.5876 38.4561,
	19.5822 38.4129,
	19.5443 38.3264,
	19.5227 38.3101,
	19.5011 38.3047,
	19.4578 38.3264,
	19.447 38.3264,
	19.4038 38.3534,
	19.3173 38.4399,
	19.2686 38.5264,
	19.2362 38.5697,
	19.2254 38.5859,
	19.1821 38.6291,
	19.1605 38.6508,
	19.1443 38.6616,
	19.1226 38.6616,
	19.1064 38.6183,
	19.1064 38.5751,
	19.1064 38.5534,
	19.1064 38.5426,
	"/>
</Transform>

<Transform dim="0"
 xcoef=" 0 1 0 0 0 0"
 ycoef=" 0 0 1 0 0 0">
<Image mag="0.00749" contrast="1" brightness="0" red="true" green="true" blue="true"
 src="Alg_stitch3-4_297.tif" />
<Contour name="TB1_t3cell02_synapse" hidden="false" closed="true" simplified="false" border="0 0 1" fill="0 0 1" mode="11"
 points="0 0,
	15652 0,
	15652 8578,
	0 8578,
	"/>
</Transform>

</Section>