<?xml version="1.0"?>
<!DOCTYPE Section SYSTEM "section.dtd">

<Section index="204" thickness="0.08" alignLocked="true">
<Transform dim="0"
 xcoef=" 0 1 0 0 0 0"
 ycoef=" 0 0 1 0 0 0">
<Image mag="0.00749" contrast="1" brightness="0" red="true" green="true" blue="true"
 src="Alg_stitch3-4_204.tif" />
<Contour name="domain1" hidden="false" closed="true" simplified="false" border="1 0 1" fill="1 0 1" mode="11"
 points="0 0,
	15652 0,
	15652 8578,
	0 8578,
	"/>
</Transform>

<Transform dim="0"
 xcoef=" 0 1 0 0 0 0"
 ycoef=" 0 0 1 0 0 0">
<Contour name="TB3_NF01-PG_RSL" hidden="false" closed="true" simplified="true" border="1 1 0" fill="1 1 0" mode="-9"
 points="14.91 16.78,
	14.95 16.77,
	14.97 16.78,
	14.97 16.8,
	15.13 16.83,
	15.21 16.9,
	15.32 17.06,
	15.34 17.1,
	15.34 17.12,
	15.39 17.2,
	15.4 17.36,
	15.39 17.44,
	15.38 17.48,
	15.38 17.5,
	15.36 17.52,
	15.31 17.68,
	15.28 17.76,
	15.27 17.8,
	15.22 17.88,
	15.15 17.96,
	15.1 18.04,
	15.07 18.12,
	15.02 18.2,
	14.94 18.26,
	14.92 18.26,
	14.91 18.1,
	14.95 16.82,
	14.91 16.79,
	"/>
</Transform>

<Transform dim="0"
 xcoef=" 0 1 0 0 0 0"
 ycoef=" 0 0 1 0 0 0">
<Contour name="TB1_T2cell01_CM_RSL" hidden="false" closed="true" simplified="true" border="0.501961 0.501961 0.501961" fill="0.501961 0.501961 0.501961" mode="11"
 points="73.7109 38.8745,
	73.8391 38.8104,
	73.9031 38.8104,
	73.9352 38.8104,
	74.0634 38.8905,
	74.1916 38.9065,
	74.2236 38.9546,
	74.1595 38.9706,
	74.0954 39.0187,
	74.0794 39.0828,
	74.0794 39.1148,
	73.9512 39.1629,
	73.9192 39.1789,
	73.9352 39.211,
	73.8871 39.259,
	73.7589 39.2751,
	73.7109 39.227,
	73.7269 39.0988,
	73.823 39.0187,
	73.7109 38.9065,
	73.7109 38.8905,
	"/>
</Transform>

<Transform dim="0"
 xcoef=" 0 1 0 0 0 0"
 ycoef=" 0 0 1 0 0 0">
<Contour name="TB1_Shell_RSL" hidden="false" closed="true" simplified="true" border="0.752941 0.752941 0.752941" fill="0.752941 0.752941 0.752941" mode="9"
 points="60.2769 24.3339,
	61.203 23.9866,
	61.4345 23.8708,
	61.8397 23.4078,
	62.7657 22.7711,
	63.6918 22.4238,
	65.544 22.1923,
	66.007 22.1344,
	66.2385 22.1344,
	66.7015 21.9029,
	67.1646 21.8451,
	67.6276 21.6714,
	71.3319 21.2084,
	72.258 21.1505,
	73.1841 21.2084,
	73.6471 21.2663,
	73.8786 21.2663,
	74.3416 21.4978,
	74.5732 21.5557,
	75.4992 22.1923,
	75.9623 22.5396,
	76.5989 23.4657,
	76.7147 23.9287,
	76.7726 25.7809,
	77.062 26.7069,
	77.4671 27.633,
	77.9302 29.4851,
	78.1038 30.4112,
	78.1617 31.3373,
	78.2196 31.8003,
	78.0459 32.0318,
	77.9302 32.0897,
	77.8723 33.0158,
	77.9881 33.4788,
	78.1617 33.7103,
	78.2196 33.9419,
	78.3932 34.1734,
	78.6247 35.0995,
	78.6826 36.0255,
	78.5668 36.9516,
	78.3353 37.8777,
	77.9302 38.8037,
	77.4093 39.7298,
	76.6568 40.6559,
	76.3095 41.1189,
	75.8465 41.582,
	74.9204 42.2186,
	73.9944 43.0868,
	73.2419 44.0129,
	72.8947 44.4759,
	71.9686 45.3441,
	71.5055 45.5756,
	70.5795 46.3281,
	70.1164 46.6175,
	69.8849 46.7911,
	68.9588 46.9648,
	68.0328 47.0226,
	67.1067 46.9648,
	66.1806 46.7332,
	65.7176 46.6175,
	65.4861 46.6175,
	65.4282 46.5596,
	65.1967 46.6754,
	63.3445 46.6175,
	62.4185 46.4438,
	61.4924 46.5596,
	60.5663 46.5596,
	59.6402 46.386,
	58.7142 46.0966,
	58.2511 45.8072,
	58.0196 45.6914,
	57.7881 45.2284,
	56.1096 43.3762,
	54.6626 41.5241,
	54.0838 40.598,
	53.6787 38.7459,
	53.4471 38.2828,
	53.3893 38.0513,
	53.4471 37.8198,
	54.1417 36.8937,
	54.5469 36.4307,
	54.8363 35.9676,
	54.952 35.5046,
	54.952 35.3889,
	55.3572 34.9258,
	55.4729 34.8101,
	55.7044 33.884,
	55.936 33.421,
	55.9938 33.1894,
	57.2093 31.3373,
	57.3829 30.8743,
	57.5566 30.6427,
	57.6723 29.7167,
	57.7302 29.4851,
	58.4827 28.617,
	58.7142 28.1539,
	58.7721 27.2278,
	58.9457 26.7648,
	59.0036 26.5333,
	59.6402 25.6072,
	59.8718 25.3757,
	60.0454 24.9127,
	60.1033 24.5075,
	"/>
</Transform>

<Transform dim="0"
 xcoef=" 0 1 0 0 0 0"
 ycoef=" 0 0 1 0 0 0">
<Contour name="TB1_NF03_RKJ" hidden="false" closed="true" simplified="true" border="0.501961 0.501961 1" fill="0.501961 0 1" mode="-9"
 points="63.3753 33.1165,
	63.4247 33.067,
	63.5113 33.0051,
	63.5608 32.968,
	63.5856 32.9433,
	63.7835 32.8814,
	63.8825 32.8319,
	63.9691 32.7577,
	64.0185 32.733,
	64.0557 32.6835,
	64.2536 32.6216,
	64.2783 32.6216,
	64.3031 32.5969,
	64.3525 32.5845,
	64.4515 32.5969,
	64.4763 32.5845,
	64.8721 32.6711,
	64.9216 32.6835,
	64.9711 32.6711,
	65.0206 32.634,
	65.1195 32.634,
	65.2185 32.6711,
	65.3175 32.733,
	65.3917 32.9309,
	65.3669 33.0299,
	65.3669 33.0546,
	65.2804 33.1536,
	65.2556 33.1783,
	65.2309 33.1659,
	65.169 33.2649,
	64.9835 33.3639,
	64.8845 33.401,
	64.7855 33.4628,
	64.6866 33.4999,
	64.4886 33.5371,
	64.2907 33.5371,
	64.0928 33.4999,
	63.9938 33.4628,
	63.8082 33.302,
	63.7093 33.2525,
	63.5113 33.2649,
	63.4619 33.2525,
	63.3753 33.1659,
	63.3753 33.1288,
	"/>
</Transform>

<Transform dim="0"
 xcoef=" 0 1 0 0 0 0"
 ycoef=" 0 0 1 0 0 0">
<Contour name="TB1_NF14_RKJ" hidden="false" closed="true" simplified="true" border="1 1 0" fill="1 1 0" mode="-15"
 points="69.2972 27.533,
	69.3408 27.4168,
	69.3553 27.3587,
	69.4715 27.3152,
	69.5586 27.2135,
	69.6748 27.1119,
	69.7329 27.0974,
	69.849 26.9957,
	69.9071 26.9376,
	69.9797 26.836,
	70.0814 26.7198,
	70.1395 26.6762,
	70.2702 26.4584,
	70.3282 26.4003,
	70.3282 26.3713,
	70.3573 26.3422,
	70.3573 26.3132,
	70.4444 26.197,
	70.4735 26.0808,
	70.5461 25.9647,
	70.6187 25.5,
	70.6187 25.2676,
	70.6622 25.1515,
	70.7058 25.0934,
	70.7639 25.0643,
	70.8801 25.0789,
	71.1124 25.2241,
	71.4609 25.6162,
	71.6207 25.8195,
	72.0708 26.2115,
	72.0999 26.2406,
	72.158 26.2551,
	72.2741 26.3713,
	72.3613 26.4729,
	72.4048 26.5891,
	72.3758 26.7053,
	72.2741 26.8214,
	72.2161 26.865,
	71.9837 26.8795,
	71.7514 26.9521,
	71.6497 27.0248,
	71.4174 27.0974,
	71.3593 27.2135,
	71.3302 27.3297,
	71.2867 27.3733,
	71.1705 27.3297,
	71.0543 27.2571,
	71.0108 27.2135,
	70.8946 27.2281,
	70.7929 27.3152,
	70.5606 27.3878,
	70.4444 27.4314,
	70.2121 27.4168,
	70.0959 27.4168,
	70.0378 27.4168,
	69.9216 27.4604,
	69.8636 27.4749,
	69.6603 27.6927,
	69.6457 27.7073,
	69.6893 27.7218,
	69.6022 27.838,
	69.5586 27.8815,
	69.4424 27.838,
	69.3843 27.8234,
	69.3263 27.7654,
	69.2972 27.6492,
	69.2972 27.5475,
	"/>
</Transform>

<Transform dim="0"
 xcoef=" 0 1 0 0 0 0"
 ycoef=" 0 0 1 0 0 0">
<Contour name="TB1_NF14_RKJ" hidden="false" closed="true" simplified="true" border="1 1 0" fill="1 1 0" mode="-15"
 points="72.492 27.2426,
	72.5791 27.0102,
	72.6227 26.8941,
	72.6372 26.836,
	72.6372 26.8069,
	72.5355 26.6908,
	72.5501 26.5746,
	72.5791 26.5165,
	72.6808 26.4439,
	72.7969 26.4148,
	73.0293 26.3132,
	73.494 26.2841,
	73.6101 26.2696,
	73.6682 26.2696,
	73.7263 26.2406,
	73.8425 26.2261,
	74.0748 26.2406,
	74.191 26.2406,
	74.4233 26.197,
	74.5395 26.197,
	74.5976 26.1825,
	74.6557 26.1244,
	74.7719 26.0808,
	74.83 26.0663,
	75.1349 26.531,
	75.3527 26.9957,
	75.4834 27.2281,
	75.6577 27.6927,
	75.8029 28.1574,
	75.9481 28.3172,
	76.0062 28.3317,
	76.0643 28.3753,
	76.1369 28.4914,
	76.1805 28.5495,
	76.195 28.5786,
	76.3112 28.5931,
	76.4273 28.6512,
	76.6597 28.8109,
	76.7032 28.869,
	76.7323 28.898,
	76.7468 29.0142,
	76.6887 29.0723,
	76.5725 29.1304,
	76.4564 29.1449,
	76.3983 29.1594,
	76.2821 29.2466,
	76.195 29.3627,
	76.1514 29.4063,
	76.1224 29.5225,
	76.1369 29.6386,
	76.1805 29.7548,
	76.2095 29.8129,
	76.2095 29.871,
	76.1514 29.9291,
	76.0933 29.9581,
	76.0643 29.9872,
	75.9481 30.0162,
	75.8319 30.0162,
	75.8029 30.0162,
	75.7013 29.9146,
	75.6577 29.8565,
	75.6432 29.7403,
	75.8174 29.537,
	75.9191 29.4353,
	75.9917 29.3192,
	76.0352 29.0868,
	76.0498 28.9706,
	76.0062 28.8545,
	76.0062 28.7964,
	75.9626 28.6802,
	75.8755 28.5786,
	75.7593 28.564,
	75.6432 28.5786,
	75.4108 28.6512,
	75.2946 28.6367,
	75.1785 28.5931,
	75.1204 28.564,
	75.0333 28.4479,
	75.0042 28.3898,
	74.888 28.3172,
	74.83 28.2591,
	74.8154 28.23,
	74.7573 28.23,
	74.6412 28.1574,
	74.5395 28.0413,
	74.3072 27.896,
	74.0748 27.8234,
	73.9587 27.7944,
	73.8425 27.8089,
	73.7263 27.7654,
	73.6101 27.8525,
	73.552 27.8815,
	73.494 27.867,
	73.4794 27.7508,
	73.494 27.6347,
	73.5085 27.5766,
	73.4794 27.4604,
	73.4504 27.4023,
	73.2181 27.2571,
	73.16 27.2426,
	73.1309 27.2281,
	73.0147 27.2426,
	72.9131 27.3442,
	72.7969 27.3297,
	72.6808 27.3587,
	72.6517 27.3733,
	72.5936 27.3442,
	72.5355 27.3442,
	72.5065 27.3442,
	72.492 27.2861,
	72.492 27.2571,
	"/>
</Transform>

<Transform dim="0"
 xcoef=" 0 1 0 0 0 0"
 ycoef=" 0 0 1 0 0 0">
<Contour name="TB1_NF53_LES" hidden="false" closed="true" simplified="true" border="1 0.501961 0.501961" fill="1 0.501961 0.501961" mode="-9"
 points="86.2181 43.3729,
	86.2312 43.3201,
	86.4159 43.1222,
	86.4687 43.0826,
	86.4951 43.0563,
	86.6006 43.0431,
	86.6534 43.0431,
	86.6797 43.0563,
	86.7061 43.0431,
	86.7589 43.0563,
	86.8644 43.1354,
	86.904 43.2409,
	86.904 43.3465,
	86.8776 43.452,
	86.838 43.4256,
	86.7457 43.518,
	86.6402 43.5575,
	86.4291 43.5443,
	86.3236 43.5311,
	86.2708 43.518,
	86.2312 43.4652,
	86.2312 43.4124,
	86.2181 43.386,
	"/>
</Transform>

<Transform dim="0"
 xcoef=" 0 1 0 0 0 0"
 ycoef=" 0 0 1 0 0 0">
<Contour name="TB1_NF53_LES" hidden="false" closed="true" simplified="true" border="1 0.501961 0.501961" fill="1 0.501961 0.501961" mode="-9"
 points="92.0882 43.5048,
	92.2069 43.3069,
	92.2201 43.2937,
	92.1805 43.1882,
	92.1541 43.1354,
	92.1673 43.0826,
	92.2069 43.0431,
	92.2596 43.0431,
	92.3652 43.1222,
	92.4311 43.2277,
	92.4575 43.2541,
	92.4971 43.3597,
	92.5103 43.5707,
	92.4839 43.6235,
	92.3784 43.7158,
	92.3256 43.729,
	92.2992 43.729,
	92.2069 43.6235,
	92.1541 43.6103,
	92.1277 43.6103,
	92.1014 43.5839,
	92.0882 43.5311,
	92.0882 43.518,
	"/>
</Transform>

<Transform dim="0"
 xcoef=" 0 1 0 0 0 0"
 ycoef=" 0 0 1 0 0 0">
<Contour name="TB1_NF53_LES" hidden="false" closed="true" simplified="true" border="1 0.501961 0.501961" fill="1 0.501961 0.501961" mode="-9"
 points="90.4656 43.5575,
	90.5052 43.452,
	90.5052 43.3992,
	90.558 43.2937,
	90.5844 43.1882,
	90.6239 43.1354,
	90.7295 43.0826,
	90.835 43.0826,
	90.9405 43.1222,
	91.0461 43.2146,
	91.0988 43.3201,
	91.1252 43.4256,
	91.1252 43.5311,
	91.1384 43.5839,
	91.1384 43.6103,
	91.1648 43.6367,
	91.1912 43.6235,
	91.2835 43.7158,
	91.3099 43.8214,
	91.2703 43.9269,
	91.2439 43.9796,
	91.1384 44.0852,
	91.0856 44.0984,
	90.9801 44.0456,
	90.9273 44.0852,
	90.8746 44.0984,
	90.8482 44.0984,
	90.7822 44.006,
	90.7295 43.9665,
	90.6239 43.9401,
	90.5316 43.8477,
	90.4656 43.6367,
	90.4656 43.5839,
	90.4656 43.5707,
	"/>
</Transform>

<Transform dim="0"
 xcoef=" 0 1 0 0 0 0"
 ycoef=" 0 0 1 0 0 0">
<Contour name="TB1_t2cell07_CM_RKJ" hidden="false" closed="true" simplified="true" border="1 0 0.501961" fill="0 0.501961 0.752941" mode="15"
 points="62.0817 33.1819,
	62.1113 33.103,
	62.1212 33.0635,
	62.1113 32.9846,
	62.131 32.9451,
	62.1508 32.9254,
	62.2297 32.9155,
	62.3086 32.9451,
	62.3185 32.9649,
	62.3974 32.9747,
	62.4369 33.0043,
	62.427 33.0833,
	62.3974 33.1622,
	62.3876 33.2411,
	62.3876 33.2609,
	62.3678 33.2806,
	62.3284 33.2905,
	62.2889 33.2806,
	62.2692 33.2806,
	62.1902 33.2313,
	62.1508 33.2017,
	62.131 33.1721,
	62.1014 33.2115,
	62.0817 33.1918,
	"/>
</Transform>

<Transform dim="0"
 xcoef=" 0 1 0 0 0 0"
 ycoef=" 0 0 1 0 0 0">
<Contour name="TB1_t2cell07_CM_RKJ" hidden="false" closed="true" simplified="true" border="1 0 0.501961" fill="0 0.501961 0.752941" mode="15"
 points="62.2396 32.5998,
	62.2988 32.5307,
	62.3284 32.5011,
	62.4862 32.4419,
	62.5553 32.3827,
	62.6342 32.3433,
	62.654 32.3433,
	62.7329 32.2841,
	62.7724 32.2545,
	62.7921 32.2347,
	62.8118 32.2347,
	62.95 32.1065,
	63.098 31.9585,
	63.1769 31.8993,
	63.2558 31.8697,
	63.2756 31.8697,
	63.3052 31.9091,
	63.2558 32.067,
	63.1769 32.1459,
	63.0486 32.2446,
	62.9796 32.3235,
	62.9697 32.3433,
	63.019 32.4222,
	63.0881 32.4913,
	63.1276 32.5209,
	63.1374 32.5998,
	63.098 32.6393,
	63.019 32.6689,
	62.9796 32.6985,
	62.9796 32.7182,
	63.0289 32.7971,
	63.0388 32.8366,
	63.0289 32.8761,
	63.0289 32.8958,
	62.9598 32.9747,
	62.9401 32.9846,
	62.9204 32.9747,
	62.8414 32.9846,
	62.7625 32.955,
	62.6934 32.8761,
	62.6638 32.7971,
	62.6342 32.7675,
	62.4764 32.7379,
	62.3185 32.6886,
	62.2396 32.6393,
	62.2396 32.6097,
	"/>
</Transform>

<Transform dim="0"
 xcoef=" 0 1 0 0 0 0"
 ycoef=" 0 0 1 0 0 0">
<Contour name="TB1_t2cell07_CM_RKJ" hidden="false" closed="true" simplified="true" border="1 0 0.501961" fill="0 0.501961 0.752941" mode="15"
 points="71.8301 26.0285,
	71.8498 26.0187,
	71.8597 26.0285,
	71.909 25.9496,
	72.0471 25.8016,
	72.205 25.7128,
	72.2839 25.6832,
	72.3629 25.6733,
	72.4418 25.7424,
	72.501 25.8213,
	72.5109 25.8608,
	72.5109 25.8805,
	72.4319 25.9496,
	72.2741 26.0483,
	72.1951 26.0779,
	72.1162 26.1272,
	72.0373 26.1469,
	71.8794 26.0976,
	71.8498 26.0581,
	71.8301 26.0384,
	"/>
</Transform>

<Transform dim="0"
 xcoef=" 0 1 0 0 0 0"
 ycoef=" 0 0 1 0 0 0">
<Contour name="TB1_t2cell07_CM_RKJ" hidden="false" closed="true" simplified="true" border="1 0 0.501961" fill="0 0.501961 0.752941" mode="15"
 points="62.8809 33.6062,
	62.9302 33.4483,
	63.098 33.1326,
	63.167 33.0537,
	63.3249 32.9451,
	63.3644 32.9155,
	63.3841 32.9057,
	63.3446 32.8267,
	63.3446 32.6689,
	63.3644 32.6294,
	63.3249 32.5505,
	63.315 32.5307,
	63.3348 32.4913,
	63.4137 32.4419,
	63.4926 32.4222,
	63.5222 32.3827,
	63.6801 32.3729,
	63.759 32.3433,
	63.838 32.2841,
	63.907 32.2051,
	63.986 32.1558,
	64.3017 32.0473,
	64.3806 31.9881,
	64.3017 31.9387,
	64.2622 31.9289,
	64.2228 31.8993,
	64.1833 31.8894,
	64.1537 31.8499,
	64.1636 31.771,
	64.1734 31.7315,
	64.2524 31.6822,
	64.3313 31.6625,
	64.4103 31.6131,
	64.5681 31.5441,
	64.6471 31.5342,
	64.9628 31.5835,
	65.1207 31.5145,
	65.1996 31.4849,
	65.2785 31.4849,
	65.2884 31.475,
	65.2687 31.4553,
	65.2588 31.2974,
	65.2687 31.2579,
	65.3279 31.179,
	65.3476 31.1395,
	65.6633 30.9718,
	65.8212 30.883,
	65.9001 30.8435,
	66.058 30.7152,
	66.2159 30.6363,
	66.2948 30.6166,
	66.3737 30.5771,
	66.4527 30.4982,
	66.6599 30.1824,
	66.8177 29.8667,
	66.8769 29.7878,
	66.9559 29.7187,
	67.0545 29.5608,
	67.0841 29.4819,
	67.1039 29.4424,
	67.242 29.2944,
	67.3999 29.2056,
	67.4788 29.1662,
	67.6367 29.0576,
	67.7156 28.9984,
	67.7551 28.9787,
	67.834 28.9096,
	67.913 28.8603,
	67.9919 28.8406,
	68.0314 28.8208,
	68.1103 28.811,
	68.1498 28.8208,
	68.1695 28.8307,
	68.2188 28.7616,
	68.2484 28.6038,
	68.3274 28.4459,
	68.3866 28.367,
	68.5444 28.2091,
	68.8602 28.0413,
	69.1759 27.9328,
	69.2548 27.9229,
	69.3338 27.8835,
	69.4916 27.9229,
	69.5706 27.9525,
	69.7284 27.9525,
	69.8074 27.9427,
	69.9652 27.8835,
	70.0442 27.8539,
	70.1231 27.7848,
	70.0935 27.7552,
	69.9356 27.7453,
	69.8567 27.7552,
	69.6988 27.7355,
	69.6791 27.7157,
	69.689 27.6763,
	69.8468 27.5381,
	69.9258 27.4888,
	70.0047 27.4592,
	70.1626 27.4691,
	70.3204 27.4987,
	70.3994 27.4987,
	70.5572 27.3901,
	70.7151 27.3112,
	70.873 27.252,
	70.9519 27.2125,
	70.9716 27.2027,
	71.0111 27.2224,
	71.0309 27.2323,
	71.0506 27.2224,
	71.2085 27.3013,
	71.2874 27.3211,
	71.3269 27.3112,
	71.3565 27.2717,
	71.3663 27.2323,
	71.3466 27.1533,
	71.3466 27.1139,
	71.5045 26.9955,
	71.5834 26.9659,
	71.6229 26.9363,
	71.9386 26.8475,
	72.0175 26.8179,
	72.1754 26.7981,
	72.2543 26.7981,
	72.2938 26.7981,
	72.3135 26.7883,
	72.3925 26.8277,
	72.5503 26.9757,
	72.5799 27.0547,
	72.5701 27.0941,
	72.5799 27.1336,
	72.6589 27.1829,
	72.7378 27.1829,
	72.7773 27.1928,
	72.8562 27.1632,
	73.0141 27.1533,
	73.093 27.1533,
	73.1719 27.1829,
	73.3298 27.3013,
	73.4087 27.3704,
	73.4581 27.4493,
	73.4877 27.5283,
	73.5074 27.6861,
	73.5074 27.7256,
	73.5271 27.7651,
	73.5666 27.7947,
	73.8823 27.7651,
	73.9613 27.7749,
	74.1191 27.8341,
	74.4349 27.8933,
	74.5138 27.9131,
	74.6717 28.0413,
	74.7802 28.1992,
	74.8493 28.2782,
	74.9282 28.3275,
	75.0762 28.4854,
	75.1552 28.5544,
	75.313 28.6038,
	75.392 28.6136,
	75.4709 28.6038,
	75.5104 28.5742,
	75.6682 28.5446,
	75.7472 28.5446,
	75.8261 28.5742,
	75.9642 28.732,
	76.0037 28.7715,
	76.0728 28.9294,
	76.0925 29.0872,
	76.0925 29.1662,
	76.0629 29.2451,
	75.9642 29.403,
	75.8853 29.5608,
	75.7274 29.7187,
	75.6978 29.7582,
	75.688 29.7779,
	75.7176 29.8568,
	75.7669 29.9358,
	75.8458 29.995,
	76.0037 30.0443,
	76.0826 30.0739,
	76.1221 30.0936,
	76.1616 30.1726,
	76.1517 30.2515,
	76.0925 30.3304,
	76.0728 30.4094,
	76.0728 30.4291,
	76.1517 30.4883,
	76.1912 30.4784,
	76.2701 30.3995,
	76.2997 30.3896,
	76.3392 30.3995,
	76.497 30.5278,
	76.645 30.6758,
	76.724 30.7251,
	76.7437 30.7646,
	76.7338 30.8435,
	76.6845 30.9126,
	76.6056 30.883,
	76.4477 30.7942,
	76.4082 30.8139,
	76.3885 30.8928,
	76.3984 30.9323,
	76.4576 31.0112,
	76.4872 31.0507,
	76.4872 31.1296,
	76.3688 31.4454,
	76.2997 31.6033,
	76.2701 31.6822,
	76.2504 31.7217,
	76.0925 31.8105,
	76.0136 31.7907,
	75.9346 31.7217,
	75.905 31.6427,
	75.9149 31.5638,
	75.9544 31.4849,
	76.0333 31.4158,
	76.1912 31.4158,
	76.2306 31.3862,
	76.3293 31.2283,
	76.349 31.1494,
	76.3392 31.0704,
	76.28 30.9126,
	76.2602 30.8336,
	76.2701 30.7547,
	76.28 30.7152,
	76.2701 30.6758,
	76.201 30.6264,
	76.1616 30.6166,
	75.8458 30.6758,
	75.8064 30.6856,
	75.7373 30.7646,
	75.6978 30.8336,
	75.7472 30.9126,
	75.8261 30.9619,
	75.905 30.9816,
	75.9445 30.9915,
	75.9741 31.031,
	75.984 31.0704,
	75.9642 31.1494,
	75.9544 31.1888,
	75.8853 31.2678,
	75.8458 31.2875,
	75.7077 31.4454,
	75.6288 31.5243,
	75.5992 31.5638,
	75.5794 31.5835,
	75.5696 31.6625,
	75.5696 31.7019,
	75.609 31.7315,
	75.688 31.7513,
	75.7077 31.7414,
	75.7472 31.771,
	75.7669 31.7907,
	75.757 31.8697,
	75.7472 31.9091,
	75.7274 31.9289,
	75.5696 31.9585,
	75.4117 31.9683,
	75.392 31.9585,
	75.3722 31.9782,
	75.2144 31.9683,
	75.1354 31.9683,
	75.0565 31.9881,
	75.0368 31.9881,
	74.9973 32.0177,
	74.9578 32.0275,
	74.8789 32.0769,
	74.8 32.0966,
	74.652 32.2051,
	74.6224 32.2841,
	74.6322 32.5998,
	74.6224 32.7577,
	74.6125 32.7971,
	74.5829 32.8366,
	74.5632 32.8563,
	74.5237 32.8465,
	74.4842 32.8169,
	74.4645 32.7379,
	74.4645 32.4222,
	74.4349 32.3433,
	74.3165 32.1854,
	74.277 32.1459,
	74.2375 32.1459,
	74.2178 32.1459,
	74.1882 32.1854,
	74.1882 32.2249,
	74.1882 32.2446,
	74.2277 32.2841,
	74.2671 32.3038,
	74.3362 32.3827,
	74.3757 32.4123,
	74.3954 32.4518,
	74.3461 32.7675,
	74.2967 32.8465,
	74.2178 32.9254,
	73.9021 32.9945,
	73.8231 33.0241,
	73.7442 33.0734,
	73.5962 33.2313,
	73.4383 33.3694,
	73.2805 33.4089,
	73.2015 33.4089,
	73.1226 33.4385,
	73.0437 33.4878,
	73.0042 33.4977,
	72.9647 33.4878,
	72.8069 33.5174,
	72.7279 33.5371,
	72.5701 33.6457,
	72.4911 33.6753,
	72.4517 33.6753,
	72.4319 33.6654,
	72.353 33.6851,
	72.1951 33.7937,
	72.1359 33.8726,
	72.057 33.8529,
	71.9781 33.8825,
	71.8991 33.8825,
	71.8202 33.9219,
	71.6623 34.0502,
	71.5834 34.0995,
	71.2677 34.1785,
	71.1098 34.2081,
	71.0309 34.2278,
	70.873 34.2969,
	70.5572 34.3363,
	70.3994 34.3561,
	70.0836 34.3166,
	69.9258 34.287,
	69.7679 34.2081,
	69.689 34.1686,
	69.3732 34.0995,
	69.0575 34.0502,
	68.7418 34.0403,
	68.426 34.0107,
	68.3471 33.991,
	68.3175 34.0305,
	68.2386 34.0502,
	68.0807 34.0403,
	67.765 34.0995,
	67.4492 34.0995,
	67.3801 34.0206,
	67.3111 33.8627,
	67.2716 33.7838,
	67.1236 33.6457,
	67.0447 33.5865,
	66.8868 33.547,
	66.8671 33.5865,
	66.8769 33.6259,
	66.9559 33.6358,
	66.9953 33.6457,
	67.1335 33.7937,
	67.1532 33.8134,
	67.1631 33.8923,
	67.1433 33.9318,
	67.1039 33.9318,
	67.0249 33.8923,
	66.946 33.8233,
	66.8671 33.8035,
	66.7092 33.8529,
	66.5513 33.8726,
	66.3935 33.843,
	66.2356 33.7739,
	66.0777 33.6851,
	65.9988 33.6358,
	65.6831 33.3694,
	65.5252 33.2115,
	65.5055 33.2017,
	65.4265 33.2609,
	65.3871 33.2609,
	65.3476 33.2411,
	65.2687 33.3102,
	64.9529 33.4779,
	64.7951 33.5569,
	64.7161 33.5963,
	64.6767 33.6161,
	64.5188 33.6358,
	64.4399 33.6259,
	64.3609 33.5963,
	64.3214 33.5766,
	64.1636 33.5569,
	64.0057 33.5174,
	63.9662 33.4977,
	63.6505 33.4483,
	63.3348 33.4582,
	63.2558 33.4878,
	63.098 33.6358,
	63.0881 33.7147,
	63.0881 33.7542,
	63.0585 33.7937,
	62.9796 33.8331,
	62.9401 33.843,
	62.9006 33.8331,
	62.8809 33.8134,
	62.8809 33.6555,
	62.8809 33.6161,
	"/>
</Transform>

<Transform dim="0"
 xcoef=" 0 1 0 0 0 0"
 ycoef=" 0 0 1 0 0 0">
<Contour name="TB1_T2Cell07_atmito10_RKJ" hidden="false" closed="true" simplified="true" border="0.25098 0 0.25098" fill="0.501961 0.501961 0.752941" mode="-15"
 points="71.3213 27.7829,
	71.3363 27.7528,
	71.389 27.7076,
	71.4493 27.6775,
	71.6903 27.6323,
	71.8108 27.6248,
	71.871 27.6172,
	71.9916 27.6323,
	72.1121 27.7001,
	72.2326 27.798,
	72.3455 27.9109,
	72.3907 27.9637,
	72.4133 28.0239,
	72.4058 28.1444,
	72.3832 28.2047,
	72.3305 28.2649,
	72.2702 28.295,
	72.1497 28.295,
	72.0292 28.2724,
	71.9087 28.2348,
	71.7882 28.1369,
	71.7581 28.1218,
	71.7505 28.1143,
	71.7581 28.1068,
	71.6978 28.0842,
	71.6376 28.0766,
	71.5171 28.0314,
	71.502 28.0314,
	71.389 27.9486,
	71.3439 27.8883,
	71.3213 27.8281,
	71.3213 27.798,
	71.3213 27.7904,
	"/>
</Transform>

<Transform dim="0"
 xcoef=" 0 1 0 0 0 0"
 ycoef=" 0 0 1 0 0 0">
<Contour name="TB3_NF01-PG_RSL" hidden="false" closed="true" simplified="true" border="1 1 0" fill="1 1 0" mode="-9"
 points="14.91 16.78,
	14.95 16.77,
	14.97 16.78,
	14.97 16.8,
	15.13 16.83,
	15.21 16.9,
	15.32 17.06,
	15.34 17.1,
	15.34 17.12,
	15.39 17.2,
	15.4 17.36,
	15.39 17.44,
	15.38 17.48,
	15.38 17.5,
	15.36 17.52,
	15.31 17.68,
	15.28 17.76,
	15.27 17.8,
	15.22 17.88,
	15.15 17.96,
	15.1 18.04,
	15.07 18.12,
	15.02 18.2,
	14.94 18.26,
	14.92 18.26,
	14.91 18.1,
	14.95 16.82,
	14.91 16.79,
	"/>
</Transform>

<Transform dim="0"
 xcoef=" 0 1 0 0 0 0"
 ycoef=" 0 0 1 0 0 0">
<Contour name="TB1_T2cell01_CM_RSL" hidden="false" closed="true" simplified="true" border="0.501961 0.501961 0.501961" fill="0.501961 0.501961 0.501961" mode="11"
 points="73.7109 38.8745,
	73.8391 38.8104,
	73.9031 38.8104,
	73.9352 38.8104,
	74.0634 38.8905,
	74.1916 38.9065,
	74.2236 38.9546,
	74.1595 38.9706,
	74.0954 39.0187,
	74.0794 39.0828,
	74.0794 39.1148,
	73.9512 39.1629,
	73.9192 39.1789,
	73.9352 39.211,
	73.8871 39.259,
	73.7589 39.2751,
	73.7109 39.227,
	73.7269 39.0988,
	73.823 39.0187,
	73.7109 38.9065,
	73.7109 38.8905,
	"/>
</Transform>

<Transform dim="0"
 xcoef=" 0 1 0 0 0 0"
 ycoef=" 0 0 1 0 0 0">
<Contour name="TB1_Shell_RSL" hidden="false" closed="true" simplified="true" border="0.752941 0.752941 0.752941" fill="0.752941 0.752941 0.752941" mode="9"
 points="60.2769 24.3339,
	61.203 23.9866,
	61.4345 23.8708,
	61.8397 23.4078,
	62.7657 22.7711,
	63.6918 22.4238,
	65.544 22.1923,
	66.007 22.1344,
	66.2385 22.1344,
	66.7015 21.9029,
	67.1646 21.8451,
	67.6276 21.6714,
	71.3319 21.2084,
	72.258 21.1505,
	73.1841 21.2084,
	73.6471 21.2663,
	73.8786 21.2663,
	74.3416 21.4978,
	74.5732 21.5557,
	75.4992 22.1923,
	75.9623 22.5396,
	76.5989 23.4657,
	76.7147 23.9287,
	76.7726 25.7809,
	77.062 26.7069,
	77.4671 27.633,
	77.9302 29.4851,
	78.1038 30.4112,
	78.1617 31.3373,
	78.2196 31.8003,
	78.0459 32.0318,
	77.9302 32.0897,
	77.8723 33.0158,
	77.9881 33.4788,
	78.1617 33.7103,
	78.2196 33.9419,
	78.3932 34.1734,
	78.6247 35.0995,
	78.6826 36.0255,
	78.5668 36.9516,
	78.3353 37.8777,
	77.9302 38.8037,
	77.4093 39.7298,
	76.6568 40.6559,
	76.3095 41.1189,
	75.8465 41.582,
	74.9204 42.2186,
	73.9944 43.0868,
	73.2419 44.0129,
	72.8947 44.4759,
	71.9686 45.3441,
	71.5055 45.5756,
	70.5795 46.3281,
	70.1164 46.6175,
	69.8849 46.7911,
	68.9588 46.9648,
	68.0328 47.0226,
	67.1067 46.9648,
	66.1806 46.7332,
	65.7176 46.6175,
	65.4861 46.6175,
	65.4282 46.5596,
	65.1967 46.6754,
	63.3445 46.6175,
	62.4185 46.4438,
	61.4924 46.5596,
	60.5663 46.5596,
	59.6402 46.386,
	58.7142 46.0966,
	58.2511 45.8072,
	58.0196 45.6914,
	57.7881 45.2284,
	56.1096 43.3762,
	54.6626 41.5241,
	54.0838 40.598,
	53.6787 38.7459,
	53.4471 38.2828,
	53.3893 38.0513,
	53.4471 37.8198,
	54.1417 36.8937,
	54.5469 36.4307,
	54.8363 35.9676,
	54.952 35.5046,
	54.952 35.3889,
	55.3572 34.9258,
	55.4729 34.8101,
	55.7044 33.884,
	55.936 33.421,
	55.9938 33.1894,
	57.2093 31.3373,
	57.3829 30.8743,
	57.5566 30.6427,
	57.6723 29.7167,
	57.7302 29.4851,
	58.4827 28.617,
	58.7142 28.1539,
	58.7721 27.2278,
	58.9457 26.7648,
	59.0036 26.5333,
	59.6402 25.6072,
	59.8718 25.3757,
	60.0454 24.9127,
	60.1033 24.5075,
	"/>
</Transform>

<Transform dim="0"
 xcoef=" 0 1 0 0 0 0"
 ycoef=" 0 0 1 0 0 0">
<Contour name="TB1_NF53_LES" hidden="false" closed="true" simplified="true" border="1 0.501961 0.501961" fill="1 0.501961 0.501961" mode="-9"
 points="86.2181 43.3729,
	86.2312 43.3201,
	86.4159 43.1222,
	86.4687 43.0826,
	86.4951 43.0563,
	86.6006 43.0431,
	86.6534 43.0431,
	86.6797 43.0563,
	86.7061 43.0431,
	86.7589 43.0563,
	86.8644 43.1354,
	86.904 43.2409,
	86.904 43.3465,
	86.8776 43.452,
	86.838 43.4256,
	86.7457 43.518,
	86.6402 43.5575,
	86.4291 43.5443,
	86.3236 43.5311,
	86.2708 43.518,
	86.2312 43.4652,
	86.2312 43.4124,
	86.2181 43.386,
	"/>
</Transform>

<Transform dim="0"
 xcoef=" 0 1 0 0 0 0"
 ycoef=" 0 0 1 0 0 0">
<Contour name="TB1_NF53_LES" hidden="false" closed="true" simplified="true" border="1 0.501961 0.501961" fill="1 0.501961 0.501961" mode="-9"
 points="92.0882 43.5048,
	92.2069 43.3069,
	92.2201 43.2937,
	92.1805 43.1882,
	92.1541 43.1354,
	92.1673 43.0826,
	92.2069 43.0431,
	92.2596 43.0431,
	92.3652 43.1222,
	92.4311 43.2277,
	92.4575 43.2541,
	92.4971 43.3597,
	92.5103 43.5707,
	92.4839 43.6235,
	92.3784 43.7158,
	92.3256 43.729,
	92.2992 43.729,
	92.2069 43.6235,
	92.1541 43.6103,
	92.1277 43.6103,
	92.1014 43.5839,
	92.0882 43.5311,
	92.0882 43.518,
	"/>
</Transform>

<Transform dim="0"
 xcoef=" 0 1 0 0 0 0"
 ycoef=" 0 0 1 0 0 0">
<Contour name="TB1_NF53_LES" hidden="false" closed="true" simplified="true" border="1 0.501961 0.501961" fill="1 0.501961 0.501961" mode="-9"
 points="90.4656 43.5575,
	90.5052 43.452,
	90.5052 43.3992,
	90.558 43.2937,
	90.5844 43.1882,
	90.6239 43.1354,
	90.7295 43.0826,
	90.835 43.0826,
	90.9405 43.1222,
	91.0461 43.2146,
	91.0988 43.3201,
	91.1252 43.4256,
	91.1252 43.5311,
	91.1384 43.5839,
	91.1384 43.6103,
	91.1648 43.6367,
	91.1912 43.6235,
	91.2835 43.7158,
	91.3099 43.8214,
	91.2703 43.9269,
	91.2439 43.9796,
	91.1384 44.0852,
	91.0856 44.0984,
	90.9801 44.0456,
	90.9273 44.0852,
	90.8746 44.0984,
	90.8482 44.0984,
	90.7822 44.006,
	90.7295 43.9665,
	90.6239 43.9401,
	90.5316 43.8477,
	90.4656 43.6367,
	90.4656 43.5839,
	90.4656 43.5707,
	"/>
</Transform>

<Transform dim="0"
 xcoef=" 0 1 0 0 0 0"
 ycoef=" 0 0 1 0 0 0">
<Image mag="0.00749" contrast="1" brightness="0" red="true" green="true" blue="true"
 src="Alg_stitch3-4_204.tif" />
<Contour name="domain1" hidden="false" closed="true" simplified="false" border="1 0 1" fill="1 0 1" mode="11"
 points="0 0,
	15652 0,
	15652 8578,
	0 8578,
	"/>
</Transform>

<Transform dim="0"
 xcoef=" 0 1 0 0 0 0"
 ycoef=" 0 0 1 0 0 0">
<Image mag="0.00749" contrast="1" brightness="0" red="true" green="true" blue="true"
 src="Alg_stitch3-4_204.tif" />
<Contour name="domain1" hidden="false" closed="true" simplified="false" border="1 0 1" fill="1 0 1" mode="11"
 points="0 0,
	15652 0,
	15652 8578,
	0 8578,
	"/>
</Transform>

<Transform dim="0"
 xcoef=" 0 1 0 0 0 0"
 ycoef=" 0 0 1 0 0 0">
<Image mag="0.00749" contrast="1" brightness="0" red="true" green="true" blue="true"
 src="Alg_stitch3-4_204.tif" />
<Contour name="domain1" hidden="false" closed="true" simplified="false" border="1 0 1" fill="1 0 1" mode="11"
 points="0 0,
	15652 0,
	15652 8578,
	0 8578,
	"/>
</Transform>

<Transform dim="0"
 xcoef=" 0 1 0 0 0 0"
 ycoef=" 0 0 1 0 0 0">
<Image mag="0.00749" contrast="1" brightness="0" red="true" green="true" blue="true"
 src="Alg_stitch3-4_204.tif" />
<Contour name="domain1" hidden="false" closed="true" simplified="false" border="1 0 1" fill="1 0 1" mode="11"
 points="0 0,
	15652 0,
	15652 8578,
	0 8578,
	"/>
</Transform>

<Transform dim="0"
 xcoef=" 0 1 0 0 0 0"
 ycoef=" 0 0 1 0 0 0">
<Image mag="0.00749" contrast="1" brightness="0" red="true" green="true" blue="true"
 src="Alg_stitch3-4_204.tif" />
<Contour name="DENucleus2" hidden="false" closed="true" simplified="false" border="0 0 0.627" fill="0 0 0.627" mode="11"
 points="0 0,
	15652 0,
	15652 8578,
	0 8578,
	"/>
</Transform>

<Transform dim="0"
 xcoef=" 0 1 0 0 0 0"
 ycoef=" 0 0 1 0 0 0">
<Image mag="0.00749" contrast="1" brightness="0" red="true" green="true" blue="true"
 src="Alg_stitch3-4_204.tif" />
<Contour name="domain1" hidden="false" closed="true" simplified="false" border="1 0 1" fill="1 0 1" mode="11"
 points="0 0,
	15652 0,
	15652 8578,
	0 8578,
	"/>
</Transform>

<Transform dim="0"
 xcoef=" 0 1 0 0 0 0"
 ycoef=" 0 0 1 0 0 0">
<Image mag="0.00749" contrast="1" brightness="0" red="true" green="true" blue="true"
 src="Alg_stitch3-4_204.tif" />
<Contour name="domain1" hidden="false" closed="true" simplified="false" border="1 0 1" fill="1 0 1" mode="11"
 points="0 0,
	15652 0,
	15652 8578,
	0 8578,
	"/>
</Transform>

<Transform dim="0"
 xcoef=" 0 1 0 0 0 0"
 ycoef=" 0 0 1 0 0 0">
<Image mag="0.00749" contrast="1" brightness="0" red="true" green="true" blue="true"
 src="Alg_stitch3-4_204.tif" />
<Contour name="domain1" hidden="false" closed="true" simplified="false" border="1 0 1" fill="1 0 1" mode="11"
 points="0 0,
	15652 0,
	15652 8578,
	0 8578,
	"/>
</Transform>

<Transform dim="0"
 xcoef=" 0 1 0 0 0 0"
 ycoef=" 0 0 1 0 0 0">
<Image mag="0.00749" contrast="1" brightness="0" red="true" green="true" blue="true"
 src="Alg_stitch3-4_204.tif" />
<Contour name="domain1" hidden="false" closed="true" simplified="false" border="1 0 1" fill="1 0 1" mode="11"
 points="0 0,
	15652 0,
	15652 8578,
	0 8578,
	"/>
</Transform>

<Transform dim="0"
 xcoef=" 0 1 0 0 0 0"
 ycoef=" 0 0 1 0 0 0">
<Image mag="0.00749" contrast="1" brightness="0" red="true" green="true" blue="true"
 src="Alg_stitch3-4_204.tif" />
<Contour name="domain1" hidden="false" closed="true" simplified="false" border="1 0 1" fill="1 0 1" mode="11"
 points="0 0,
	15652 0,
	15652 8578,
	0 8578,
	"/>
</Transform>

<Transform dim="0"
 xcoef=" 0 1 0 0 0 0"
 ycoef=" 0 0 1 0 0 0">
<Image mag="0.00749" contrast="1" brightness="0" red="true" green="true" blue="true"
 src="Alg_stitch3-4_204.tif" />
<Contour name="domain1" hidden="false" closed="true" simplified="false" border="1 0 1" fill="1 0 1" mode="11"
 points="0 0,
	15652 0,
	15652 8578,
	0 8578,
	"/>
</Transform>

<Transform dim="0"
 xcoef=" 0 1 0 0 0 0"
 ycoef=" 0 0 1 0 0 0">
<Image mag="0.00749" contrast="1" brightness="0" red="true" green="true" blue="true"
 src="Alg_stitch3-4_204.tif" />
<Contour name="domain1" hidden="false" closed="true" simplified="false" border="1 0 1" fill="1 0 1" mode="11"
 points="0 0,
	15652 0,
	15652 8578,
	0 8578,
	"/>
</Transform>

<Transform dim="0"
 xcoef=" 0 1 0 0 0 0"
 ycoef=" 0 0 1 0 0 0">
<Image mag="0.00749" contrast="1" brightness="0" red="true" green="true" blue="true"
 src="Alg_stitch3-4_204.tif" />
<Contour name="domain1" hidden="false" closed="true" simplified="false" border="1 0 1" fill="1 0 1" mode="11"
 points="0 0,
	15652 0,
	15652 8578,
	0 8578,
	"/>
</Transform>

<Transform dim="0"
 xcoef=" 0 1 0 0 0 0"
 ycoef=" 0 0 1 0 0 0">
<Image mag="0.00749" contrast="1" brightness="0" red="true" green="true" blue="true"
 src="Alg_stitch3-4_204.tif" />
<Contour name="domain1" hidden="false" closed="true" simplified="false" border="1 0 1" fill="1 0 1" mode="11"
 points="0 0,
	15652 0,
	15652 8578,
	0 8578,
	"/>
</Transform>

<Transform dim="0"
 xcoef=" 0 1 0 0 0 0"
 ycoef=" 0 0 1 0 0 0">
<Image mag="0.00749" contrast="1" brightness="0" red="true" green="true" blue="true"
 src="Alg_stitch3-4_204.tif" />
<Contour name="domain1" hidden="false" closed="true" simplified="false" border="1 0 1" fill="1 0 1" mode="11"
 points="0 0,
	15652 0,
	15652 8578,
	0 8578,
	"/>
</Transform>

<Transform dim="0"
 xcoef=" 0 1 0 0 0 0"
 ycoef=" 0 0 1 0 0 0">
<Image mag="0.00749" contrast="1" brightness="0" red="true" green="true" blue="true"
 src="Alg_stitch3-4_204.tif" />
<Contour name="DENucleus2" hidden="false" closed="true" simplified="false" border="0 0 0.627" fill="0 0 0.627" mode="11"
 points="0 0,
	15652 0,
	15652 8578,
	0 8578,
	"/>
</Transform>

<Transform dim="0"
 xcoef=" 0 1 0 0 0 0"
 ycoef=" 0 0 1 0 0 0">
<Image mag="0.00749" contrast="1" brightness="0" red="true" green="true" blue="true"
 src="Alg_stitch3-4_204.tif" />
<Contour name="domain1" hidden="false" closed="true" simplified="false" border="1 0 1" fill="1 0 1" mode="11"
 points="0 0,
	15652 0,
	15652 8578,
	0 8578,
	"/>
</Transform>

<Transform dim="0"
 xcoef=" 0 1 0 0 0 0"
 ycoef=" 0 0 1 0 0 0">
<Image mag="0.00749" contrast="1" brightness="0" red="true" green="true" blue="true"
 src="Alg_stitch3-4_204.tif" />
<Contour name="domain1" hidden="false" closed="true" simplified="false" border="1 0 1" fill="1 0 1" mode="11"
 points="0 0,
	15652 0,
	15652 8578,
	0 8578,
	"/>
</Transform>

<Transform dim="0"
 xcoef=" 0 1 0 0 0 0"
 ycoef=" 0 0 1 0 0 0">
<Contour name="TB1_IMMCell07_nuc_LES" hidden="false" closed="true" simplified="true" border="1 0.74902 0.501961" fill="1 0.502 0.753" mode="11"
 points="56.3865 35.8643,
	56.4324 35.8184,
	56.5546 35.8032,
	56.6005 35.849,
	56.6157 35.9101,
	56.5546 36.0324,
	56.4935 36.0477,
	56.4324 36.0171,
	56.3865 35.956,
	56.3865 35.8948,
	56.3865 35.8796,
	"/>
</Transform>

<Transform dim="0"
 xcoef=" 0 1 0 0 0 0"
 ycoef=" 0 0 1 0 0 0">
<Contour name="TB1_BasalCell12_nuc_LES" hidden="false" closed="true" simplified="true" border="0.980392 0.709804 0.345098" fill="1 0.502 0.753" mode="11"
 points="36.3347 47.2681,
	36.4133 47.1425,
	36.4761 47.0953,
	36.6018 47.0482,
	36.7275 47.0482,
	36.7903 47.0796,
	36.916 47.0953,
	36.9474 47.0953,
	37.0102 47.1582,
	37.0416 47.1896,
	37.0731 47.3153,
	37.1045 47.3467,
	37.1516 47.598,
	37.1516 47.6295,
	37.1202 47.6452,
	36.9945 47.6137,
	36.8688 47.5509,
	36.7432 47.5666,
	36.6175 47.6137,
	36.5547 47.598,
	36.4918 47.5352,
	36.4761 47.4724,
	36.3819 47.3624,
	36.3347 47.2996,
	36.3347 47.2839,
	"/>
<Contour name="TB1_BasalCell12_nuc_LES" hidden="false" closed="true" simplified="true" border="0.980392 0.709804 0.345098" fill="1 0.502 0.753" mode="11"
 points="35.8792 45.7444,
	35.9263 45.6815,
	35.9891 45.6501,
	36.1148 45.6344,
	36.1776 45.6187,
	36.2091 45.603,
	36.2719 45.6187,
	36.3976 45.603,
	36.5232 45.6344,
	36.6489 45.6187,
	36.9003 45.6973,
	37.1516 45.7444,
	37.183 45.7444,
	37.1987 45.6815,
	37.1202 45.5559,
	36.9945 45.4773,
	36.8845 45.3674,
	36.8688 45.3045,
	36.8845 45.2417,
	36.9474 45.1789,
	37.1987 45.1474,
	37.3244 45.1317,
	37.5757 45.2103,
	37.7014 45.226,
	37.7328 45.2417,
	37.7957 45.2103,
	37.8271 45.1632,
	37.8114 44.9118,
	37.8271 44.849,
	37.8271 44.8176,
	37.8899 44.7547,
	38.1413 44.7233,
	38.3926 44.739,
	38.5183 44.7861,
	38.6439 44.7547,
	38.7696 44.7547,
	38.801 44.7704,
	39.0524 44.7233,
	39.1152 44.7076,
	39.2252 44.5976,
	39.3037 44.472,
	39.3666 44.4405,
	39.6179 44.4405,
	39.7436 44.4562,
	39.9949 44.5348,
	40.2463 44.5034,
	40.4976 44.5819,
	40.7489 44.629,
	41.2516 44.6605,
	41.503 44.7076,
	42.0057 44.9432,
	42.0371 44.9432,
	42.1627 45.0218,
	42.2256 45.0532,
	42.257 45.0846,
	42.5083 45.1632,
	42.7597 45.2731,
	42.8854 45.2731,
	42.9482 45.2888,
	42.9796 45.3045,
	43.011 45.2888,
	43.2624 45.3674,
	43.3252 45.3988,
	43.388 45.4616,
	43.4352 45.5873,
	43.4666 45.603,
	43.4666 45.6344,
	43.5137 45.6973,
	43.5294 45.7601,
	43.5608 45.7915,
	43.6551 46.0429,
	43.6551 46.1685,
	43.7022 46.2942,
	43.8122 46.4199,
	43.8593 46.4827,
	43.875 46.734,
	44.0164 46.9697,
	44.2677 47.1425,
	44.3306 47.1739,
	44.4562 47.2996,
	44.472 47.3624,
	44.5505 47.4881,
	44.5819 47.5509,
	44.5819 47.8023,
	44.5662 47.9279,
	44.5505 47.9908,
	44.5505 48.0222,
	44.5819 48.0536,
	44.5976 48.1793,
	44.5819 48.3049,
	44.629 48.5563,
	44.5819 48.8076,
	44.5819 48.839,
	44.5348 48.9019,
	44.4091 48.9647,
	44.2835 48.9961,
	44.2206 49.0275,
	44.1892 49.059,
	44.1578 49.059,
	43.9221 49.2632,
	43.8436 49.3889,
	43.7965 49.5145,
	43.6394 49.7659,
	43.5923 49.8287,
	43.5766 49.8915,
	43.4823 50.0015,
	43.3566 50.0172,
	43.2938 49.9858,
	43.0424 49.9544,
	42.7911 49.7973,
	42.7597 49.7659,
	42.5083 49.703,
	42.3827 49.6559,
	42.1313 49.6716,
	42.0057 49.6402,
	41.9428 49.5931,
	41.6915 49.5459,
	41.4401 49.4674,
	41.3773 49.4046,
	41.3773 49.2789,
	41.4244 49.1532,
	41.4244 49.1218,
	41.393 49.0904,
	41.1417 49.0747,
	41.016 49.059,
	40.7647 49.0904,
	40.639 49.1061,
	40.5133 49.059,
	40.4505 49.0118,
	40.3248 48.9804,
	40.262 48.9647,
	40.2305 48.9647,
	40.1363 49.059,
	40.0735 49.1061,
	39.9478 49.1375,
	39.6964 49.1375,
	39.4451 49.0904,
	39.3194 49.0275,
	39.2252 48.9019,
	39.1781 48.839,
	39.1938 48.7134,
	39.1781 48.5877,
	39.1152 48.462,
	39.0524 48.4149,
	38.801 48.4149,
	38.6754 48.4149,
	38.6125 48.3992,
	38.3612 48.4463,
	38.2355 48.4149,
	38.1727 48.3678,
	38.157 48.3049,
	38.1727 48.2735,
	38.157 48.2421,
	38.0313 48.2421,
	37.9056 48.2735,
	37.8428 48.2735,
	37.7171 48.195,
	37.7171 48.1321,
	37.78 48.085,
	37.7957 48.0536,
	37.7642 47.9908,
	37.6386 47.9122,
	37.6072 47.8494,
	37.6229 47.7237,
	37.6543 47.6609,
	37.6543 47.5352,
	37.6229 47.4095,
	37.4187 47.1582,
	37.3872 47.0953,
	37.3872 46.9697,
	37.3872 46.9068,
	37.4344 46.7812,
	37.4501 46.7183,
	37.4501 46.6869,
	37.7014 46.5455,
	37.8271 46.4513,
	37.8742 46.3256,
	37.8742 46.1999,
	37.8585 46.1371,
	37.7642 46.0114,
	37.6386 45.9643,
	37.5129 45.9957,
	37.3872 46.0586,
	37.1359 46.1214,
	37.0259 46.2156,
	36.9631 46.2628,
	36.9317 46.2942,
	36.8688 46.2942,
	36.6175 46.1528,
	36.4918 46.0743,
	36.3819 45.9643,
	36.319 45.9015,
	36.2562 45.8701,
	36.2248 45.8386,
	36.0991 45.8543,
	36.0363 45.8701,
	35.9106 45.8229,
	35.8792 45.7601,
	"/>
</Transform>

<Transform dim="0"
 xcoef=" 0 1 0 0 0 0"
 ycoef=" 0 0 1 0 0 0">
<Contour name="TB1_BasalCell12_CM_LES" hidden="false" closed="true" simplified="true" border="0.980392 0.709804 0.345098" fill="1 0.502 0.753" mode="11"
 points="34.4653 45.8543,
	34.6224 45.6186,
	35.1251 45.383,
	35.3764 45.2416,
	35.5021 45.1631,
	35.7535 44.9275,
	35.8163 44.8803,
	36.0676 44.8175,
	36.319 44.7075,
	36.5703 44.5504,
	36.6803 44.4248,
	36.7902 44.1734,
	36.8217 44.0478,
	36.8374 43.9849,
	36.9473 43.8907,
	36.9945 43.765,
	36.9788 43.7022,
	36.8531 43.8121,
	36.7274 43.875,
	36.6332 44.0006,
	36.6646 44.0635,
	36.6489 44.1263,
	36.5232 44.2048,
	36.5075 44.2206,
	36.4446 44.1734,
	36.3818 44.0478,
	36.3975 43.7964,
	36.5232 43.7022,
	36.6489 43.655,
	36.7117 43.6393,
	36.8374 43.5451,
	36.963 43.4979,
	37.0887 43.4822,
	37.1515 43.4665,
	37.2301 43.3409,
	37.4814 43.1995,
	37.5443 43.1838,
	37.6699 43.2152,
	37.9213 43.3409,
	38.1726 43.5137,
	38.2355 43.5608,
	38.3611 43.5922,
	38.4868 43.5451,
	38.6125 43.4351,
	38.6753 43.388,
	38.801 43.3566,
	39.0523 43.3409,
	39.178 43.3251,
	39.2408 43.3409,
	39.2723 43.388,
	39.1466 43.4822,
	38.8952 43.5294,
	38.7696 43.5765,
	38.7539 43.6079,
	38.7853 43.6393,
	39.288 43.5608,
	39.5393 43.4979,
	39.665 43.4351,
	39.7278 43.4194,
	39.8535 43.4508,
	40.1048 43.5608,
	40.3562 43.6079,
	40.4818 43.6079,
	40.529 43.5765,
	40.419 43.4508,
	40.1677 43.3723,
	39.9163 43.3566,
	39.8535 43.3409,
	39.7435 43.2152,
	39.7278 43.1995,
	39.7592 43.1366,
	39.8849 43.0895,
	40.0106 43.0895,
	40.5133 43.2309,
	40.6389 43.3409,
	40.7018 43.4037,
	40.7646 43.5294,
	40.796 43.5922,
	40.8588 43.6393,
	41.8642 44.0006,
	41.9271 44.0006,
	41.9899 43.9692,
	42.0213 43.9378,
	41.9742 43.8121,
	41.9585 43.7807,
	41.8328 43.7807,
	41.77 43.765,
	41.7071 43.7179,
	41.7385 43.655,
	41.77 43.6236,
	42.0213 43.6393,
	42.147 43.6707,
	42.2098 43.7179,
	42.2412 43.7807,
	42.2412 43.9064,
	42.3669 44.0163,
	42.4926 44.032,
	42.6182 44.0163,
	42.6811 44.0006,
	42.7439 43.9535,
	42.7753 43.9378,
	42.901 43.9849,
	43.0267 44.0635,
	43.278 44.142,
	43.4037 44.1891,
	43.655 44.2048,
	43.7807 44.1891,
	43.9064 44.2206,
	43.9692 44.2206,
	44.0949 44.2834,
	44.1577 44.2991,
	44.2206 44.3462,
	44.252 44.3462,
	44.3148 44.3934,
	44.3776 44.4091,
	44.629 44.5976,
	44.7547 44.6447,
	44.8175 44.629,
	44.8489 44.629,
	44.9746 44.7389,
	45.0217 44.8646,
	45.0217 44.9903,
	45.006 45.0531,
	44.9589 45.116,
	44.896 45.1474,
	44.8489 45.2102,
	44.8332 45.273,
	44.8803 45.5244,
	44.9275 45.6501,
	45.006 45.7757,
	45.1317 45.9014,
	45.1945 45.9642,
	45.3359 46.2156,
	45.383 46.3413,
	45.4144 46.5926,
	45.3987 46.7183,
	45.3045 46.8439,
	45.1788 46.8911,
	45.0531 46.9696,
	44.9903 47.0167,
	44.9589 47.0796,
	44.9432 47.111,
	44.9746 47.1267,
	45.0374 47.0796,
	45.1003 47.0953,
	45.2259 47.221,
	45.3045 47.3466,
	45.4301 47.4566,
	45.6815 47.5508,
	45.9328 47.6137,
	46.0585 47.6922,
	46.1213 47.7393,
	46.1685 47.865,
	46.1685 47.9279,
	46.1999 47.9907,
	46.3255 48.0535,
	46.5769 48.0378,
	46.6397 48.0378,
	46.7654 48.1007,
	46.7968 48.1635,
	46.7654 48.2263,
	46.5141 48.3206,
	46.3884 48.3834,
	46.3098 48.5091,
	46.357 48.6348,
	46.357 48.7604,
	46.4669 49.2631,
	46.5612 49.5145,
	46.5769 49.6401,
	46.5612 49.7658,
	46.4512 50.0171,
	46.357 50.1428,
	46.3255 50.2056,
	46.2627 50.2371,
	46.137 50.1742,
	46.0742 50.1114,
	46.0271 50.08,
	45.9642 50.1114,
	45.8857 50.2371,
	45.87 50.2685,
	45.9014 50.3313,
	45.9642 50.3784,
	46.2156 50.4256,
	46.3413 50.4099,
	46.4041 50.4256,
	46.4355 50.4256,
	46.4983 50.4727,
	46.5298 50.5984,
	46.4041 50.6769,
	46.3413 50.724,
	46.2156 50.7555,
	45.7129 50.6926,
	45.5872 50.6455,
	45.5244 50.5984,
	45.4458 50.347,
	45.3987 50.2842,
	45.1474 50.2528,
	45.0845 50.2371,
	45.0217 50.2528,
	44.9117 50.3784,
	44.8646 50.4413,
	44.8332 50.4727,
	44.3305 50.4884,
	44.0792 50.3313,
	43.9535 50.2685,
	43.8278 50.3156,
	43.7022 50.3942,
	43.5765 50.3784,
	43.3251 50.2842,
	43.1995 50.2685,
	43.0738 50.2214,
	42.5711 50.1899,
	42.4454 50.1585,
	42.3826 50.1114,
	42.3669 50.08,
	42.3826 50.0171,
	42.3669 49.9857,
	42.2412 50.0486,
	42.1156 50.0643,
	41.9899 50.0171,
	41.7385 49.8758,
	41.6129 49.8129,
	41.55 49.8286,
	41.5186 49.8129,
	41.4558 49.8286,
	40.9531 49.7187,
	40.7018 49.6087,
	40.5761 49.5616,
	40.4504 49.483,
	40.3876 49.4359,
	40.1362 49.3888,
	40.0106 49.3888,
	39.5079 49.2788,
	39.2565 49.2474,
	39.1309 49.2788,
	39.0052 49.2631,
	38.9424 49.2474,
	38.8167 49.2631,
	38.314 49.1846,
	37.8113 48.8861,
	37.3086 48.619,
	37.0573 48.5719,
	36.9316 48.5248,
	36.806 48.4305,
	36.7588 48.3677,
	36.7274 48.242,
	36.6332 48.1321,
	36.1305 47.8807,
	35.6278 47.6608,
	35.1251 47.3938,
	34.9994 47.3309,
	34.8738 47.2367,
	34.8109 47.111,
	34.7795 46.9853,
	34.7638 46.9539,
	34.7952 46.8911,
	34.9052 46.7654,
	34.858 46.6397,
	34.7795 46.5141,
	34.5282 46.3255,
	34.481 46.1999,
	34.4653 45.9485,
	34.4653 45.8857,
	34.4653 45.87,
	"/>
</Transform>

<Transform dim="0"
 xcoef=" 0 1 0 0 0 0"
 ycoef=" 0 0 1 0 0 0">
<Contour name="TB1_NF61_LES" hidden="false" closed="true" simplified="true" border="0.839216 0.67451 0.968627" fill="1 0.502 0.753" mode="11"
 points="22.2124 55.0911,
	22.2595 55.0283,
	22.2752 54.7769,
	22.3381 54.6513,
	22.4009 54.5884,
	22.4637 54.557,
	22.5894 54.557,
	22.6522 54.5884,
	22.7151 54.6513,
	22.8407 54.9026,
	22.8564 55.0283,
	22.825 55.1539,
	22.6837 55.4053,
	22.5737 55.5153,
	22.448 55.5781,
	22.3852 55.5467,
	22.3538 55.421,
	22.2124 55.1697,
	22.2124 55.1068,
	"/>
</Transform>

<Transform dim="0"
 xcoef=" 0 1 0 0 0 0"
 ycoef=" 0 0 1 0 0 0">
<Image mag="0.00749" contrast="1" brightness="0" red="true" green="true" blue="true"
 src="Alg_stitch3-4_204.tif" />
<Contour name="domain1" hidden="false" closed="true" simplified="false" border="1 0 1" fill="1 0 1" mode="11"
 points="0 0,
	15652 0,
	15652 8578,
	0 8578,
	"/>
</Transform>

<Transform dim="0"
 xcoef=" 0 1 0 0 0 0"
 ycoef=" 0 0 1 0 0 0">
<Contour name="TB1_Basal_CT_layer_LES" hidden="false" closed="true" simplified="true" border="0.258824 0.329412 0.956863" fill="1 0.5 0" mode="11"
 points="14.9498 0.129436,
	15.9853 0,
	17.0208 0.129436,
	18.0563 0.129436,
	18.574 0.0647178,
	18.7034 0.0647178,
	19.027 0.58246,
	19.027 1.61795,
	18.8329 2.13569,
	18.7682 3.17117,
	18.8329 3.43004,
	19.0918 3.6242,
	20.1272 3.68891,
	20.645 3.49476,
	20.9038 3.43004,
	21.098 3.6242,
	20.9686 4.14194,
	20.9686 4.27137,
	21.4863 4.33609,
	21.7452 4.33609,
	21.8099 4.59496,
	21.4863 5.11271,
	20.7744 7.18368,
	20.645 8.21916,
	20.5803 8.7369,
	20.645 9.25465,
	20.8391 9.77239,
	20.9038 10.2901,
	20.5155 11.3256,
	20.4508 11.8434,
	20.645 12.3611,
	20.9038 12.62,
	21.0333 12.7494,
	21.4216 13.7849,
	21.6805 14.8204,
	21.8746 15.3381,
	21.8099 15.8559,
	21.4863 16.3736,
	21.0333 16.8913,
	20.8391 17.1502,
	20.645 17.668,
	20.5803 18.1857,
	20.3861 18.7034,
	20.3214 19.2212,
	20.3861 19.7389,
	20.5155 19.9978,
	20.5155 20.5155,
	20.5155 20.7744,
	20.0625 21.098,
	19.8036 21.2274,
	19.6095 21.4863,
	19.4153 22.0041,
	19.4153 22.2629,
	19.027 23.2984,
	18.8976 23.8162,
	18.8329 24.8516,
	17.7974 25.693,
	17.5385 25.8871,
	17.3444 26.4049,
	17.3444 26.6637,
	17.7327 27.1815,
	18.2504 27.5051,
	18.5093 27.052,
	18.8976 26.599,
	19.027 26.4696,
	19.1565 26.4696,
	19.2859 26.599,
	19.4153 27.1168,
	19.4801 28.1522,
	19.6742 28.67,
	19.7389 30.741,
	19.6742 31.7764,
	19.6742 32.2942,
	19.8684 32.8119,
	20.2567 33.2649,
	20.7097 34.3004,
	20.7097 34.8182,
	20.5155 35.8537,
	20.7097 36.8891,
	21.1627 37.9246,
	21.8099 38.8954,
	22.3276 39.9309,
	22.6512 40.4486,
	23.4926 41.4841,
	23.8162 41.9371,
	24.2692 42.3902,
	24.4633 42.649,
	24.6575 43.1668,
	24.7222 43.6845,
	25.6282 44.5906,
	25.6282 44.72,
	24.6575 45.5613,
	24.3986 46.0791,
	24.1397 47.1146,
	23.9456 47.6323,
	23.7514 49.7033,
	23.8809 51.7742,
	24.0103 52.8097,
	23.9456 53.8452,
	23.7514 54.8807,
	23.5573 55.3984,
	23.3631 55.6573,
	23.4278 56.1751,
	23.5573 56.4339,
	24.528 57.4047,
	24.7222 57.9224,
	24.7222 58.0519,
	24.8516 58.1813,
	25.0458 58.699,
	25.1752 58.9579,
	25.3047 59.0874,
	25.2399 59.3462,
	23.169 59.7992,
	21.098 59.7992,
	20.0625 59.7345,
	19.027 59.4757,
	16.9561 59.4757,
	15.9206 59.5404,
	15.4028 59.4757,
	15.144 59.4109,
	15.144 59.2815,
	15.0145 59.2168,
	14.9498 26.0813,
	14.9498 9.51352,
	14.9498 1.22964,
	14.9498 0.194153,
	"/>
</Transform>

<Transform dim="0"
 xcoef=" 0 1 0 0 0 0"
 ycoef=" 0 0 1 0 0 0">
<Contour name="TB1_SeptalCell02_CM_LES" hidden="false" closed="true" simplified="true" border="1 0.611765 0.423529" fill="1 0 0.5" mode="-11"
 points="44.3465 24.5458,
	44.3855 24.4677,
	44.698 24.2919,
	45.0104 24.3115,
	45.1666 24.3115,
	45.3228 24.2724,
	45.479 24.2919,
	45.7915 24.4091,
	46.1039 24.4677,
	46.2601 24.5848,
	46.3382 24.6434,
	46.3773 24.6825,
	46.3578 24.7606,
	46.2016 24.8192,
	45.9086 24.6434,
	45.5962 24.6434,
	45.4595 24.702,
	45.3228 24.7996,
	45.2447 24.8582,
	44.9323 24.9168,
	44.8542 24.9363,
	44.698 25.034,
	44.5417 25.0535,
	44.4636 25.034,
	44.4246 24.9949,
	44.366 24.8387,
	44.3465 24.6825,
	44.3465 24.6044,
	44.3465 24.5653,
	"/>
<Contour name="TB1_SeptalCell02_CM_LES" hidden="false" closed="true" simplified="true" border="1 0.611765 0.423529" fill="1 0 0.5" mode="-11"
 points="46.3968 24.9559,
	46.4359 24.8778,
	46.514 24.8192,
	46.553 24.7801,
	46.7093 24.7215,
	47.0217 24.5263,
	47.0608 24.5067,
	46.9631 24.1943,
	47.0022 24.0381,
	47.0022 23.96,
	47.0412 23.8819,
	47.0217 23.8038,
	47.0412 23.7256,
	47.1584 23.5694,
	47.217 23.5304,
	47.3537 23.3937,
	47.6661 23.1789,
	47.8223 23.0812,
	47.9004 23.0422,
	47.9785 22.9641,
	48.2714 22.8274,
	48.4277 22.7688,
	48.5058 22.6126,
	48.5839 22.554,
	48.7401 22.515,
	48.8963 22.5345,
	49.0525 22.515,
	49.2088 22.4173,
	49.3454 22.2806,
	49.3845 22.1244,
	49.3845 22.0854,
	49.5212 21.9291,
	49.8336 21.7534,
	49.9898 21.7534,
	50.068 21.7339,
	50.1461 21.6753,
	50.1851 21.5972,
	50.1656 21.5191,
	50.068 21.3628,
	50.068 21.2847,
	50.107 21.2066,
	50.1851 21.148,
	50.3413 21.1285,
	50.4194 21.1676,
	50.5757 21.148,
	50.7319 21.0504,
	50.81 20.9918,
	50.9662 20.9528,
	51.2786 20.9918,
	51.3568 20.9918,
	51.4153 21.0504,
	51.4153 21.0895,
	51.2591 21.2262,
	51.181 21.2847,
	51.142 21.3628,
	51.1615 21.441,
	51.2201 21.4995,
	51.2982 21.5191,
	51.3372 21.5386,
	51.3958 21.48,
	51.4153 21.4019,
	51.4153 21.3628,
	51.4934 21.3043,
	51.6497 21.3043,
	51.7278 21.3238,
	51.8645 21.4605,
	51.8449 21.5386,
	51.2201 21.8315,
	51.142 21.8706,
	51.0834 21.9487,
	51.0443 21.9877,
	51.0053 21.9487,
	50.849 21.9487,
	50.6928 21.9877,
	50.6733 22.0658,
	50.8295 22.1049,
	51.142 21.9877,
	51.2982 21.9682,
	51.3372 22.0463,
	51.4349 22.1049,
	51.5911 22.0463,
	51.6692 22.0072,
	51.9816 22.0072,
	52.0402 22.0658,
	52.0207 22.1439,
	51.884 22.3002,
	51.5716 22.4954,
	51.4153 22.5931,
	51.2591 22.6321,
	50.9467 22.7688,
	50.7905 22.8079,
	50.7124 22.8469,
	50.6733 22.8469,
	50.6342 22.886,
	50.5952 23.0422,
	50.4585 23.1984,
	50.3804 23.257,
	50.3023 23.2765,
	50.2632 23.2765,
	50.107 23.1594,
	49.7946 23.2375,
	49.6384 23.257,
	49.5602 23.257,
	49.5017 23.3156,
	49.5017 23.3546,
	49.2088 23.628,
	49.1306 23.7061,
	49.0525 23.7452,
	48.994 23.8233,
	48.994 23.8623,
	48.8377 23.96,
	48.6815 23.9795,
	48.6034 23.999,
	48.4472 24.1357,
	48.3886 24.2138,
	48.3105 24.2334,
	48.1543 24.37,
	48.0762 24.4286,
	47.7637 24.5653,
	47.4513 24.663,
	47.1389 24.8387,
	46.846 25.1121,
	46.6897 25.2097,
	46.5335 25.2683,
	46.4554 25.2488,
	46.3968 25.0926,
	46.3968 25.0144,
	46.3968 24.9754,
	"/>
<Contour name="TB1_SeptalCell02_CM_LES" hidden="false" closed="true" simplified="true" border="1 0.611765 0.423529" fill="1 0 0.5" mode="-11"
 points="47.8614 16.0319,
	47.9395 15.8757,
	48.1738 15.5828,
	48.2519 15.5047,
	48.5644 15.3875,
	48.7206 15.3484,
	49.033 15.3289,
	49.1892 15.3484,
	49.3454 15.3289,
	49.4236 15.3094,
	49.5017 15.3289,
	49.5602 15.3875,
	49.5602 15.4656,
	49.5602 15.5047,
	49.6384 15.5632,
	49.7946 15.5828,
	49.8727 15.6023,
	50.0289 15.5632,
	50.1851 15.4851,
	50.3413 15.4461,
	50.4194 15.407,
	50.5757 15.3875,
	50.6147 15.3484,
	50.7709 15.3289,
	50.849 15.3484,
	51.0248 15.6609,
	51.1029 15.6999,
	51.181 15.6804,
	51.2591 15.6218,
	51.4153 15.5632,
	51.5716 15.5632,
	51.7278 15.6023,
	51.7668 15.6414,
	51.923 15.6609,
	52.0793 15.6414,
	52.1574 15.6609,
	52.1964 15.6609,
	52.255 15.8171,
	52.2355 15.8562,
	52.2941 15.9928,
	52.2941 16.1491,
	52.2745 16.2272,
	52.2941 16.3053,
	52.4308 16.4615,
	52.3331 16.5982,
	52.2941 16.6372,
	52.3331 16.7154,
	52.4112 16.7935,
	52.4308 16.9497,
	52.4308 17.0278,
	52.3917 17.1059,
	52.255 17.2426,
	52.216 17.3207,
	52.216 17.3988,
	52.255 17.4379,
	52.3331 17.4574,
	52.3722 17.4574,
	52.5089 17.5941,
	52.5479 17.6331,
	52.5284 17.7112,
	52.3722 17.6527,
	52.216 17.555,
	52.0793 17.4964,
	52.0207 17.5746,
	52.0597 17.7308,
	52.1964 17.8675,
	52.255 17.926,
	52.4112 17.9651,
	52.5674 17.9456,
	52.6456 17.926,
	52.8018 17.9456,
	52.8799 17.9651,
	52.9189 17.9846,
	52.9189 18.0627,
	52.8408 18.1213,
	52.8018 18.1604,
	52.6456 18.219,
	52.4893 18.2385,
	52.4112 18.2385,
	52.2745 18.3752,
	52.1964 18.4533,
	52.0402 18.5119,
	51.9621 18.5509,
	51.6497 18.5314,
	51.4934 18.4728,
	51.4544 18.4533,
	51.4349 18.5314,
	51.3763 18.6095,
	51.2982 18.6486,
	51.2591 18.6876,
	51.2201 18.6876,
	51.181 18.7267,
	51.1029 18.7462,
	51.0638 18.7852,
	50.9076 18.8048,
	50.8295 18.8438,
	50.7514 18.8438,
	50.7124 18.8634,
	50.7319 18.9024,
	50.6733 19.0586,
	50.5952 19.1367,
	50.5171 19.1563,
	50.439 19.1367,
	50.2828 19.0391,
	50.2046 19.0391,
	50.2046 19.1953,
	50.1461 19.2734,
	50.1265 19.293,
	49.9703 19.2148,
	49.8141 19.0586,
	49.736 19,
	49.7165 18.9805,
	49.404 19.0391,
	49.3259 19.0977,
	49.1697 19.1563,
	49.0135 19.1758,
	48.9744 19.1758,
	48.8182 19.0196,
	48.7596 18.7071,
	48.9549 18.4142,
	49.0135 18.3361,
	49.0525 18.3166,
	49.1306 18.3556,
	49.1697 18.3752,
	49.2478 18.3361,
	49.2283 18.258,
	49.0721 18.1604,
	49.0135 18.0823,
	49.0721 18.0237,
	49.1502 18.0237,
	49.3064 18.1213,
	49.365 18.1994,
	49.6774 18.1799,
	49.8336 18.1213,
	50.1461 18.1018,
	50.2242 18.0823,
	50.3023 17.926,
	50.3609 17.8479,
	50.4976 17.7698,
	50.6538 17.6136,
	50.7319 17.5941,
	50.8881 17.6527,
	50.9467 17.7308,
	50.9857 17.887,
	50.8881 18.0432,
	50.7514 18.1799,
	50.7124 18.1994,
	50.7319 18.3361,
	50.8881 18.2385,
	50.9662 18.1799,
	51.0638 18.0237,
	51.1224 17.8675,
	51.142 17.7112,
	51.0053 17.555,
	50.9272 17.4964,
	50.7709 17.4769,
	50.6147 17.4183,
	50.5561 17.3402,
	50.5366 17.2621,
	50.5561 17.184,
	50.5757 17.1645,
	50.4194 17.1645,
	50.107 17.2621,
	50.068 17.2816,
	49.9117 17.2231,
	49.5993 17.0473,
	49.4431 17.0278,
	49.404 17.0278,
	49.365 17.0668,
	49.404 17.145,
	49.5407 17.2035,
	49.6188 17.2231,
	49.6969 17.2816,
	49.6384 17.3598,
	49.3259 17.3012,
	49.2478 17.2816,
	49.2088 17.3012,
	48.8963 17.2426,
	48.8182 17.2231,
	48.7401 17.1645,
	48.701 17.1254,
	48.662 17.1254,
	48.5839 17.0668,
	48.5448 17.0278,
	48.3886 16.9887,
	48.3105 16.9302,
	48.2714 16.852,
	48.291 16.6958,
	48.4472 16.5591,
	48.5058 16.481,
	48.4081 16.3248,
	48.3105 16.2272,
	48.2324 16.2272,
	48.1152 16.3639,
	48.0371 16.3834,
	47.959 16.3248,
	47.9004 16.1686,
	47.8809 16.0905,
	47.8614 16.0514,
	"/>
</Transform>

<Transform dim="0"
 xcoef=" 0 1 0 0 0 0"
 ycoef=" 0 0 1 0 0 0">
<Contour name="TB1_NF70_LES" hidden="false" closed="true" simplified="true" border="0.337255 0.819608 0.921569" fill="1 0 0" mode="-11"
 points="47.1948 23.9716,
	47.2555 23.8907,
	47.5792 23.7087,
	47.741 23.648,
	47.9028 23.6277,
	48.0647 23.5468,
	48.3681 23.3041,
	48.5299 23.1625,
	48.6918 23.1018,
	48.8536 23.1018,
	49.0154 23.1625,
	49.0964 23.2232,
	49.1773 23.385,
	49.157 23.4659,
	49.0761 23.5266,
	48.9143 23.5873,
	48.7525 23.6884,
	48.5906 23.7289,
	48.5502 23.7694,
	48.2265 23.911,
	47.9028 24.1133,
	47.8624 24.1537,
	47.5387 24.1942,
	47.3769 24.1537,
	47.215 24.0728,
	47.1948 23.9919,
	"/>
</Transform>

<Transform dim="0"
 xcoef=" 0 1 0 0 0 0"
 ycoef=" 0 0 1 0 0 0">
<Contour name="TB1_NF71_LES" hidden="false" closed="true" simplified="true" border="0.223529 0.0862745 0.505882" fill="1 0 0" mode="-11"
 points="15.1315 37.505,
	15.2731 37.3634,
	15.354 37.3229,
	15.5158 37.3229,
	15.6777 37.2623,
	15.8193 37.1004,
	15.9811 36.979,
	16.062 36.9386,
	16.3857 36.6351,
	16.4666 36.5745,
	16.5071 36.5745,
	16.6689 36.4733,
	16.9926 36.3924,
	17.1544 36.3115,
	17.3162 36.1901,
	17.3769 36.1496,
	17.5387 35.9878,
	17.7613 35.6641,
	17.8826 35.5023,
	17.9231 35.3405,
	18.0243 35.1786,
	18.1861 35.0775,
	18.3479 35.037,
	18.6716 35.0573,
	18.7525 35.0775,
	18.9143 35.1989,
	19.0762 35.2596,
	19.238 35.4012,
	19.2987 35.4821,
	19.2987 35.563,
	19.1571 35.7046,
	18.9953 35.7855,
	18.3479 35.8664,
	18.1861 35.9271,
	18.0243 36.0283,
	17.8624 36.1699,
	17.741 36.271,
	17.5994 36.4329,
	17.4983 36.5947,
	17.1949 36.8577,
	17.033 36.9588,
	16.9521 36.979,
	16.6487 37.2218,
	16.325 37.4039,
	16.0013 37.5455,
	15.354 37.7275,
	15.2731 37.7275,
	15.1315 37.6264,
	15.1315 37.5455,
	15.1315 37.5252,
	"/>
</Transform>

<Transform dim="0"
 xcoef=" 0 1 0 0 0 0"
 ycoef=" 0 0 1 0 0 0">
<Contour name="TB1_NF71_LES" hidden="false" closed="true" simplified="true" border="0.223529 0.0862745 0.505882" fill="1 0 0" mode="-11"
 points="45.8799 24.0323,
	45.9204 23.9514,
	46.0822 23.911,
	46.244 23.9312,
	46.5677 24.0728,
	46.6891 24.2346,
	46.7295 24.3965,
	46.6891 24.5583,
	46.5272 24.6392,
	46.3654 24.6392,
	46.2036 24.5988,
	45.9204 24.2751,
	45.8799 24.1942,
	45.8799 24.0526,
	"/>
</Transform>

<Transform dim="0"
 xcoef=" 0 1 0 0 0 0"
 ycoef=" 0 0 1 0 0 0">
<Contour name="TB1_Apex2_T1Cell17_CM_LES" hidden="false" closed="true" simplified="true" border="0.839 0.776 0.012" fill="1 0 0.5" mode="-11"
 points="73.0624 33.8052,
	73.1157 33.5919,
	73.1957 33.4986,
	73.3024 33.4186,
	73.3557 33.4053,
	73.3823 33.4186,
	73.4757 33.352,
	73.5556 33.2453,
	73.6623 33.152,
	73.7689 33.0854,
	73.8756 33.0587,
	74.0888 32.9654,
	74.1955 32.9387,
	74.2221 32.9387,
	74.3021 32.8454,
	74.3554 32.7388,
	74.3821 32.6321,
	74.3821 32.5255,
	74.3821 32.4722,
	74.3821 32.4455,
	74.2888 32.3389,
	74.1822 32.2722,
	74.1555 32.2456,
	74.1555 32.1923,
	74.1822 32.1656,
	74.2888 32.1923,
	74.3155 32.1923,
	74.3688 32.2322,
	74.4488 32.4455,
	74.4887 32.6588,
	74.5154 32.7654,
	74.5287 32.8188,
	74.5687 32.8588,
	74.6087 32.8188,
	74.662 32.6055,
	74.6487 32.3922,
	74.6754 32.2856,
	74.7287 32.1789,
	74.782 32.1389,
	74.9953 32.1656,
	75.2086 32.2856,
	75.3152 32.2989,
	75.5285 32.2056,
	75.7418 32.2189,
	75.8484 32.2056,
	75.9017 32.1789,
	75.9417 32.0723,
	76.0084 31.9656,
	76.2217 31.7657,
	76.395 31.5657,
	76.4083 31.5124,
	76.4749 31.4191,
	76.4616 31.3658,
	76.4749 31.3125,
	76.4749 31.2858,
	76.5283 31.2325,
	76.5816 31.2058,
	76.6349 31.2192,
	76.6882 31.2058,
	76.7415 31.0992,
	76.7682 30.9925,
	76.7815 30.9392,
	76.6882 30.8459,
	76.6616 30.7926,
	76.6349 30.7659,
	76.5949 30.6593,
	76.4216 30.446,
	76.315 30.366,
	76.2083 30.4327,
	76.155 30.4593,
	76.1017 30.4593,
	76.0617 30.4193,
	76.0617 30.366,
	76.1283 30.2594,
	76.155 30.2061,
	76.1683 30.1927,
	76.115 30.1527,
	76.075 30.0461,
	76.0884 29.9395,
	76.1683 29.8328,
	76.1817 29.7262,
	76.1683 29.5129,
	76.1683 29.4063,
	76.195 29.2996,
	76.2883 29.2063,
	76.3416 29.1663,
	76.5549 29.113,
	76.6082 29.0997,
	76.6616 29.0597,
	76.6882 29.0064,
	76.6216 28.7931,
	76.5949 28.7398,
	76.5416 28.6864,
	76.3283 28.5931,
	76.275 28.5798,
	76.0617 28.4332,
	75.9551 28.3532,
	75.9151 28.2999,
	75.9017 28.1932,
	75.8884 28.1399,
	75.7151 27.9399,
	75.6351 27.8333,
	75.5951 27.7267,
	75.6085 27.62,
	75.7018 27.58,
	75.8084 27.6067,
	75.8617 27.62,
	75.8884 27.62,
	75.995 27.7133,
	76.0484 27.7667,
	76.075 27.7933,
	76.1417 28.0066,
	76.1817 28.2199,
	76.195 28.2732,
	76.2483 28.3265,
	76.3416 28.2599,
	76.3016 28.0466,
	76.2883 27.9399,
	76.3016 27.8866,
	76.395 27.82,
	76.4349 27.7133,
	76.4083 27.6067,
	76.3416 27.5,
	76.2616 27.2868,
	76.2217 27.1801,
	76.195 27.1268,
	76.2083 27.0202,
	76.2616 26.9668,
	76.3683 26.9535,
	76.4216 26.9269,
	76.4483 26.9002,
	76.4483 26.8469,
	76.4616 26.8335,
	76.395 26.6203,
	76.3683 26.5669,
	76.275 26.527,
	76.1683 26.5936,
	76.115 26.6336,
	76.0617 26.6469,
	75.9551 26.5936,
	75.8484 26.5003,
	75.8617 26.447,
	75.9417 26.3537,
	76.0484 26.327,
	76.1017 26.3137,
	76.2083 26.327,
	76.315 26.287,
	76.3683 26.2737,
	76.4216 26.287,
	76.5149 26.3537,
	76.6482 26.5669,
	76.6882 26.6736,
	76.6882 26.7269,
	76.6749 26.7536,
	76.7149 26.8602,
	76.7549 26.8869,
	76.8082 26.9402,
	76.8615 27.0468,
	76.8348 27.1535,
	76.7949 27.2068,
	76.6882 27.2601,
	76.6749 27.3134,
	76.7682 27.5267,
	76.7815 27.6334,
	76.7415 27.74,
	76.7549 27.8466,
	76.7949 27.9533,
	76.8082 28.0066,
	76.8882 28.1132,
	76.9415 28.1666,
	76.9948 28.2732,
	77.0481 28.4865,
	77.0748 28.5398,
	77.1281 28.5931,
	77.1281 28.6464,
	77.0748 28.7531,
	77.0881 28.8064,
	77.1414 28.8597,
	77.2481 28.8997,
	77.3014 28.8997,
	77.408 28.9397,
	77.4614 28.9797,
	77.488 29.0064,
	77.5014 29.113,
	77.4347 29.3263,
	77.408 29.4329,
	77.3947 29.4596,
	77.448 29.5529,
	77.5413 29.6462,
	77.5813 29.6995,
	77.6213 29.9128,
	77.608 30.0194,
	77.568 30.1261,
	77.568 30.1527,
	77.6613 30.2594,
	77.7146 30.2994,
	77.7413 30.326,
	77.688 30.4327,
	77.688 30.486,
	77.7013 30.5127,
	77.6746 30.6193,
	77.7013 30.6726,
	77.7146 30.7793,
	77.6613 30.9925,
	77.648 31.2058,
	77.648 31.2591,
	77.6213 31.3125,
	77.6213 31.3658,
	77.648 31.4191,
	77.7413 31.4991,
	77.768 31.5524,
	77.7546 31.6057,
	77.7546 31.6324,
	77.6613 31.7257,
	77.448 31.7524,
	77.3414 31.779,
	77.2881 31.8057,
	77.2614 31.859,
	77.2347 31.8857,
	77.2481 31.9923,
	77.3547 32.0856,
	77.3681 32.1123,
	77.3547 32.1656,
	77.2881 32.2722,
	77.2347 32.2856,
	77.2081 32.3789,
	77.1948 32.4322,
	77.1414 32.4722,
	77.0348 32.4855,
	76.9282 32.5255,
	76.8882 32.5788,
	76.8615 32.6055,
	76.8348 32.7121,
	76.8482 32.9254,
	76.7815 33.1387,
	76.5949 33.3386,
	76.3816 33.5119,
	76.275 33.5786,
	76.1817 33.6719,
	76.1283 33.7119,
	76.0217 33.7385,
	75.9684 33.7519,
	75.8884 33.8452,
	75.8351 33.9518,
	75.7418 34.0451,
	75.6351 34.0985,
	75.4219 34.1251,
	75.3152 34.1385,
	75.1019 34.2584,
	75.0086 34.3517,
	74.902 34.4051,
	74.8487 34.4184,
	74.7953 34.4584,
	74.782 34.485,
	74.8087 34.4984,
	74.9153 34.4717,
	75.0219 34.4184,
	75.2352 34.4051,
	75.3419 34.3784,
	75.3952 34.3917,
	75.5018 34.3117,
	75.5951 34.2051,
	75.6351 34.1651,
	75.6885 34.1518,
	75.7284 34.2051,
	75.7284 34.2584,
	75.6351 34.3651,
	75.5818 34.4184,
	75.4752 34.4717,
	75.2619 34.525,
	75.0486 34.5384,
	74.942 34.605,
	74.7287 34.6583,
	74.622 34.725,
	74.5554 34.8183,
	74.3421 34.9383,
	74.1288 34.9783,
	73.7023 34.9783,
	73.5956 34.9249,
	73.5023 34.8316,
	73.489 34.7783,
	73.489 34.7516,
	73.2757 34.6583,
	73.1824 34.5517,
	73.1424 34.445,
	73.0757 34.0185,
	73.0624 33.8185,
	"/>
</Transform>

<Transform dim="0"
 xcoef=" 0 1 0 0 0 0"
 ycoef=" 0 0 1 0 0 0">
<Contour name="TB1_NF61_LES" hidden="false" closed="true" simplified="true" border="0.839216 0.67451 0.964706" fill="0.839216 0.67451 0.964706" mode="-9"
 points="22.0237 54.5723,
	22.0394 54.5409,
	22.0394 54.5252,
	22.0551 54.5095,
	22.1023 54.3838,
	22.1572 54.321,
	22.1808 54.2896,
	22.2436 54.2581,
	22.3065 54.2032,
	22.3379 54.1953,
	22.3457 54.1875,
	22.4086 54.2189,
	22.4636 54.2739,
	22.4871 54.3367,
	22.4793 54.4624,
	22.4479 54.5252,
	22.4479 54.5409,
	22.3615 54.6587,
	22.3457 54.7216,
	22.3379 54.753,
	22.2908 54.808,
	22.2594 54.8394,
	22.1965 54.8629,
	22.1337 54.8394,
	22.0787 54.7765,
	22.0237 54.6509,
	22.0237 54.588,
	22.0237 54.5802,
	"/>
</Transform>

<Transform dim="0"
 xcoef=" 0 1 0 0 0 0"
 ycoef=" 0 0 1 0 0 0">
<Contour name="TB1_NF61_LES" hidden="false" closed="true" simplified="true" border="0.839216 0.67451 0.964706" fill="0.839216 0.67451 0.964706" mode="-9"
 points="21.3404 57.6748,
	21.3482 57.6434,
	21.3718 57.612,
	21.4189 57.4863,
	21.4425 57.4235,
	21.5053 57.3842,
	21.5289 57.3214,
	21.5367 57.2899,
	21.5289 57.2271,
	21.5367 57.1014,
	21.5682 56.9758,
	21.5839 56.9129,
	21.6467 56.7873,
	21.6938 56.6616,
	21.7017 56.6302,
	21.741 56.5673,
	21.7959 56.5202,
	21.8588 56.5124,
	21.8745 56.5045,
	21.9373 56.5202,
	22.0002 56.5752,
	22.0473 56.7009,
	22.0708 56.8265,
	22.063 56.8894,
	22.0708 56.9522,
	22.0708 56.9836,
	22.1101 57.0465,
	22.1337 57.0779,
	22.1415 57.1407,
	22.1258 57.2664,
	22.1337 57.3292,
	22.1572 57.3921,
	22.1572 57.4549,
	22.1023 57.5806,
	22.0866 57.6434,
	22.0473 57.7062,
	22.0316 57.7376,
	22.0237 57.8005,
	22.0159 57.8162,
	21.9923 57.8005,
	21.953 57.8555,
	21.8902 57.8947,
	21.8588 57.9261,
	21.7959 57.9183,
	21.7331 57.8869,
	21.7017 57.879,
	21.576 57.9183,
	21.5132 57.9419,
	21.4503 57.934,
	21.4189 57.9183,
	21.4032 57.9183,
	21.3797 57.8869,
	21.3404 57.7612,
	21.3404 57.6984,
	21.3404 57.6827,
	"/>
<Contour name="TB1_NF61_LES" hidden="false" closed="true" simplified="true" border="0.839216 0.67451 0.964706" fill="0.839216 0.67451 0.964706" mode="-9"
 points="20.7749 59.2771,
	20.8063 59.1514,
	20.822 59.0886,
	20.8141 58.8373,
	20.8299 58.8058,
	20.9477 58.688,
	21.0105 58.6409,
	21.1126 58.5152,
	21.1676 58.4524,
	21.2383 58.3267,
	21.4111 58.0754,
	21.4661 58.0125,
	21.521 57.9654,
	21.5839 57.934,
	21.6467 57.9261,
	21.7095 57.934,
	21.7724 57.9261,
	21.8038 57.9261,
	21.8666 57.9497,
	21.8823 57.9576,
	21.898 58.0204,
	21.8823 58.1461,
	21.8431 58.2717,
	21.8116 58.3346,
	21.7645 58.3974,
	21.6624 58.6488,
	21.6389 58.6802,
	21.6231 58.6959,
	21.6153 58.7587,
	21.631 58.8216,
	21.6624 58.8844,
	21.6781 58.9158,
	21.6703 58.9786,
	21.6153 59.0258,
	21.5917 59.0572,
	21.5839 59.12,
	21.521 59.1671,
	21.4818 59.23,
	21.4739 59.3556,
	21.4582 59.4185,
	21.4739 59.5442,
	21.5289 59.5834,
	21.5367 59.6148,
	21.5132 59.6384,
	21.4896 59.6148,
	21.4818 59.5991,
	21.3561 59.607,
	21.2304 59.5913,
	21.1048 59.5913,
	20.8534 59.5677,
	20.8377 59.552,
	20.8299 59.4892,
	20.7827 59.3635,
	20.7749 59.3007,
	20.7749 59.285,
	"/>
</Transform>

<Transform dim="0"
 xcoef=" 0 1 0 0 0 0"
 ycoef=" 0 0 1 0 0 0">
<Contour name="TB1_NF62_LES" hidden="false" closed="true" simplified="true" border="1 0.27451 0.27451" fill="1 0.27451 0.27451" mode="-9"
 points="47.936 42.7762,
	48.0098 42.6918,
	48.0837 42.6285,
	48.1259 42.5969,
	48.2947 42.5652,
	48.3791 42.5546,
	48.7168 42.6285,
	48.8012 42.6602,
	48.8856 42.7235,
	48.9384 42.7973,
	48.9595 42.8817,
	48.9595 42.924,
	48.9384 42.9662,
	48.8962 43.0084,
	48.7273 43.0822,
	48.6429 43.0822,
	48.6007 43.0611,
	48.5796 43.1033,
	48.4108 43.0928,
	48.242 43.0611,
	48.1576 43.0295,
	47.9887 42.924,
	47.936 42.8501,
	47.936 42.8079,
	47.936 42.7868,
	"/>
<Contour name="TB1_NF62_LES" hidden="false" closed="true" simplified="true" border="1 0.27451 0.27451" fill="1 0.27451 0.27451" mode="-9"
 points="49.8036 42.7973,
	49.8247 42.7551,
	49.9091 42.6813,
	49.9513 42.6391,
	50.1202 42.5441,
	50.2046 42.5019,
	50.2468 42.5019,
	50.5844 42.4069,
	50.6266 42.3858,
	50.6477 42.3647,
	50.6899 42.3542,
	51.0276 42.1537,
	51.1964 42.0587,
	51.2808 42.0165,
	51.4497 41.9638,
	51.7873 41.9004,
	51.8717 41.8688,
	52.0405 41.8371,
	52.2094 41.8688,
	52.2516 41.8793,
	52.336 41.9532,
	52.4204 41.9954,
	52.5892 41.9849,
	52.6736 41.9954,
	52.7581 42.0271,
	52.8425 42.0798,
	52.8952 42.1642,
	52.8847 42.2064,
	52.853 42.2487,
	52.6842 42.2487,
	52.5154 42.217,
	52.3465 42.2592,
	52.1777 42.2803,
	52.0933 42.3014,
	52.0511 42.3225,
	52.03 42.3225,
	51.9456 42.3858,
	51.8612 42.428,
	51.6923 42.5441,
	51.5235 42.6391,
	51.4391 42.6918,
	51.3547 42.7024,
	51.2703 42.734,
	51.1015 42.7657,
	50.9326 42.7762,
	50.7638 42.8395,
	50.6794 42.8501,
	50.3417 42.9662,
	50.1729 42.9767,
	50.0041 42.9662,
	49.9197 42.9556,
	49.8775 42.9345,
	49.8142 42.8501,
	49.8036 42.8079,
	"/>
</Transform>

<Transform dim="0"
 xcoef=" 0 1 0 0 0 0"
 ycoef=" 0 0 1 0 0 0">
<Contour name="TB1_NF70_LES" hidden="false" closed="true" simplified="true" border="0.337255 0.819608 0.921569" fill="0.337255 0.819608 0.921569" mode="-9"
 points="16.9547 37.1848,
	16.9819 37.1304,
	17.0294 37.0761,
	17.0702 37.0353,
	17.1246 36.9945,
	17.1518 36.9809,
	17.1789 36.9538,
	17.1925 36.9538,
	17.2197 36.9266,
	17.2469 36.913,
	17.3556 36.8178,
	17.4032 36.7771,
	17.4304 36.7499,
	17.4779 36.7159,
	17.4983 36.7023,
	17.6071 36.6072,
	17.6886 36.5053,
	17.709 36.4781,
	17.7158 36.4509,
	17.7837 36.3422,
	17.8245 36.2878,
	17.8313 36.2606,
	17.8721 36.2063,
	17.8857 36.1791,
	17.9332 36.1247,
	17.9468 36.1043,
	18.0556 36.0296,
	18.1643 35.9956,
	18.273 35.9752,
	18.4905 35.8869,
	18.5992 35.8597,
	18.7079 35.8529,
	18.7623 35.8529,
	18.7895 35.8529,
	18.8031 35.8461,
	18.7487 35.8257,
	18.7215 35.8121,
	18.7079 35.8053,
	18.7215 35.7985,
	18.8302 35.8257,
	18.939 35.8325,
	19.0477 35.8529,
	19.1564 35.8937,
	19.2108 35.9412,
	19.238 35.9684,
	19.2584 36.0228,
	19.2652 36.1315,
	19.2244 36.2402,
	19.1904 36.2946,
	19.0953 36.4033,
	18.9933 36.4985,
	18.9662 36.5256,
	18.8574 36.5936,
	18.8302 36.614,
	18.8167 36.6276,
	18.7623 36.648,
	18.7079 36.6887,
	18.4905 36.8111,
	18.273 36.9538,
	18.2594 36.9673,
	18.2458 36.9673,
	18.2322 36.9809,
	18.1235 37.0217,
	17.9061 37.0761,
	17.7973 37.0897,
	17.6886 37.0897,
	17.6342 37.0965,
	17.5255 37.1576,
	17.5119 37.1712,
	17.4847 37.178,
	17.4711 37.1916,
	17.2537 37.2256,
	17.0362 37.2324,
	16.9819 37.2324,
	16.9547 37.212,
	16.9547 37.1916,
	"/>
</Transform>

<Transform dim="0"
 xcoef=" 0 1 0 0 0 0"
 ycoef=" 0 0 1 0 0 0">
<Contour name="TB1_NF70_LES" hidden="false" closed="true" simplified="true" border="0.337255 0.819608 0.921569" fill="0.337255 0.819608 0.921569" mode="-9"
 points="14.9636 37.7964,
	15.0112 37.7488,
	15.0656 37.7284,
	15.1743 37.7148,
	15.283 37.7148,
	15.5005 37.7352,
	15.5548 37.7352,
	15.5684 37.7352,
	15.5956 37.7556,
	15.6228 37.7624,
	15.6703 37.81,
	15.6975 37.8643,
	15.7111 37.9731,
	15.6975 38.0003,
	15.6703 38.0274,
	15.616 38.0478,
	15.5888 38.0546,
	15.5684 38.075,
	15.351 38.0682,
	15.1335 38.0274,
	15.0791 38.0138,
	15.052 38.0071,
	14.9976 37.9663,
	14.9636 37.8576,
	14.9636 37.8032,
	"/>
</Transform>

<Transform dim="0"
 xcoef=" 0 1 0 0 0 0"
 ycoef=" 0 0 1 0 0 0">
<Contour name="TB1_NF72_LES" hidden="false" closed="true" simplified="true" border="0.0784314 0.509804 0.101961" fill="0.0784314 0.509804 0.101961" mode="-9"
 points="18.0847 25.6088,
	18.1114 25.5375,
	18.1114 25.5197,
	18.1471 25.493,
	18.2183 25.4841,
	18.3609 25.4306,
	18.5034 25.3415,
	18.6459 25.2346,
	18.7796 25.0921,
	18.8241 25.0208,
	18.8508 24.9496,
	18.8597 24.807,
	18.8063 24.522,
	18.7974 24.3794,
	18.7885 24.3082,
	18.8063 24.1656,
	18.8063 24.0944,
	18.8686 23.8093,
	18.9666 23.5242,
	18.9666 23.4886,
	18.9666 23.4797,
	18.9934 23.453,
	19.1359 23.453,
	19.1715 23.4619,
	19.2072 23.4886,
	19.2339 23.6311,
	19.2606 23.7024,
	19.3586 23.836,
	19.4031 23.8984,
	19.421 23.934,
	19.4299 23.9518,
	19.3764 24.2458,
	19.3675 24.3171,
	19.3586 24.3527,
	19.3141 24.4151,
	19.2161 24.7001,
	19.1626 24.8427,
	19.1003 25.1277,
	19.0646 25.2703,
	18.9399 25.5553,
	18.8865 25.6266,
	18.8152 25.68,
	18.7796 25.7068,
	18.637 25.7513,
	18.5658 25.778,
	18.4945 25.7869,
	18.4589 25.7959,
	18.3163 25.7602,
	18.1738 25.6979,
	18.1025 25.6533,
	18.0847 25.6177,
	"/>
</Transform>

<Transform dim="0"
 xcoef=" 0 1 0 0 0 0"
 ycoef=" 0 0 1 0 0 0">
<Image mag="0.00749" contrast="1" brightness="0" red="true" green="true" blue="true"
 src="Alg_stitch3-4_205.tif" />
<Contour name="TB1_t3cell02_synapse" hidden="false" closed="true" simplified="false" border="0 0 1" fill="0 0 1" mode="11"
 points="0 0,
	15652 0,
	15652 8578,
	0 8578,
	"/>
</Transform>

</Section>