<?xml version="1.0"?>
<!DOCTYPE Section SYSTEM "section.dtd">

<Section index="575" thickness="0.085" alignLocked="true">
<Transform dim="0"
 xcoef=" 0 1 0 0 0 0"
 ycoef=" 0 0 1 0 0 0">
<Image mag="0.00855" contrast="1" brightness="0" red="true" green="true" blue="true"
 src="Aligned 633575.tif" />
<Contour name="domain1" hidden="false" closed="true" simplified="false" border="1 0 1" fill="1 0 1" mode="11"
 points="0 0,
	15991 0,
	15991 12171,
	0 12171,
	"/>
</Transform>

<Transform dim="0"
 xcoef=" 0 1 0 0 0 0"
 ycoef=" 0 0 1 0 0 0">
<Contour name="TB2 Nucleus_75" hidden="false" closed="true" simplified="true" border="1 0 0" fill="1 0 0" mode="9"
 points="71.5456 62.0982,
	71.5611 62.0362,
	71.5766 62.0207,
	71.6387 62.0827,
	71.6852 62.1138,
	71.7007 61.8655,
	71.7628 61.6173,
	71.8248 61.4932,
	71.9334 61.3691,
	72.0575 61.2916,
	72.3057 61.1985,
	72.4299 61.1675,
	72.4919 61.1675,
	72.5229 61.1364,
	72.647 61.0899,
	72.7556 60.9968,
	72.8797 60.9658,
	73.1279 60.8572,
	73.252 60.8107,
	73.3761 60.7331,
	73.4072 60.7331,
	73.5313 60.64,
	73.5933 60.578,
	73.826 60.4228,
	73.9501 60.3143,
	74.0742 60.2832,
	74.1983 60.2057,
	74.2293 60.1902,
	74.2293 60.1281,
	74.1983 60.066,
	73.9656 59.9109,
	73.9036 59.8644,
	73.8726 59.8644,
	73.6243 59.6937,
	73.4227 59.4455,
	73.3451 59.3214,
	73.3141 59.2594,
	73.3141 59.1973,
	73.3606 59.1353,
	73.4847 59.0732,
	73.7174 58.8871,
	73.7484 58.8871,
	74.2293 58.4992,
	74.4776 58.2821,
	74.7258 58.1424,
	74.9274 57.9098,
	74.974 57.8477,
	75.0515 57.3513,
	75.0826 57.1031,
	75.0826 57.041,
	74.9895 56.7928,
	74.9585 56.6687,
	74.974 56.5446,
	75.1446 56.2964,
	75.2377 56.1878,
	75.2997 56.1568,
	76.2926 56.1568,
	76.789 56.1568,
	77.0372 56.1568,
	77.1613 56.1568,
	77.2854 56.2033,
	77.4095 56.2964,
	77.4716 56.3274,
	77.5336 56.3895,
	77.5801 56.4205,
	77.7818 56.6377,
	77.8594 56.7618,
	77.8749 57.2582,
	77.8749 57.5064,
	77.9525 57.7546,
	78.1076 58.0028,
	78.1851 58.251,
	78.3248 58.4992,
	78.3558 58.5613,
	78.3092 59.0577,
	78.2937 59.3059,
	78.2782 59.43,
	78.0921 59.9264,
	77.9214 60.1746,
	77.7973 60.4228,
	77.4716 61.4157,
	77.4405 61.4777,
	77.4405 61.5088,
	77.4095 61.5398,
	77.3319 61.788,
	77.2854 61.9121,
	77.2389 62.4085,
	77.2699 62.6567,
	77.2699 62.9049,
	77.2389 63.029,
	77.0992 63.2772,
	77.0527 63.4013,
	76.8665 63.603,
	76.7424 63.665,
	76.4942 63.7271,
	76.3701 63.7892,
	76.1219 63.8357,
	75.9978 63.8977,
	75.9668 63.8977,
	75.9358 63.9288,
	75.8117 63.9598,
	75.6876 64.0218,
	75.61 64.1304,
	75.5945 64.1925,
	75.5945 64.2235,
	75.5324 64.2701,
	75.2842 64.2856,
	75.2222 64.3011,
	75.1136 64.3942,
	75.0826 64.4562,
	74.9585 64.5338,
	74.8344 64.5803,
	74.7723 64.5958,
	74.5241 64.5493,
	74.0277 64.5648,
	73.7795 64.5338,
	73.2831 64.6113,
	73.0349 64.6579,
	72.9108 64.6889,
	72.8487 64.7354,
	72.3523 64.7044,
	72.2902 64.7044,
	72.1816 64.5958,
	72.011 64.3631,
	71.8093 64.1149,
	71.7318 63.9908,
	71.6697 63.9288,
	71.6697 63.8977,
	71.6387 63.8667,
	71.6077 63.6185,
	71.5611 63.4944,
	71.5456 63.3703,
	71.5766 62.8739,
	71.5611 62.3775,
	71.5456 62.1293,
	71.5456 62.1138,
	"/>
</Transform>

<Transform dim="0"
 xcoef=" 0 1 0 0 0 0"
 ycoef=" 0 0 1 0 0 0">
<Contour name="TB2 Nucleus_92" hidden="false" closed="true" simplified="true" border="1 0 0" fill="1 0 1" mode="9"
 points="61.1375 47.8071,
	61.2243 47.4597,
	61.2677 47.286,
	61.3546 47.1123,
	61.6368 46.8084,
	62.071 46.1353,
	62.1145 46.0919,
	62.2013 45.7445,
	62.2447 45.6577,
	62.2447 45.484,
	62.2447 45.3972,
	62.223 45.3538,
	62.3316 45.1801,
	62.3316 45.1366,
	62.2447 45.1149,
	62.2664 44.7676,
	62.3533 44.5939,
	62.3533 44.5505,
	62.4184 44.4636,
	62.4401 44.3768,
	62.5052 44.2899,
	62.5704 44.1162,
	62.7658 43.7689,
	62.7875 43.682,
	62.9177 43.5083,
	63.1131 43.161,
	63.352 42.857,
	63.6342 42.5531,
	63.721 42.4662,
	63.7645 42.4662,
	63.8513 42.3794,
	64.5243 41.9017,
	64.85 41.6629,
	64.9803 41.511,
	65.154 41.3373,
	65.3928 40.9899,
	65.5447 40.8162,
	65.6316 40.7294,
	65.7184 40.6859,
	65.8921 40.6859,
	66.2395 40.7728,
	66.5869 40.7945,
	66.7606 40.8596,
	66.8474 40.8596,
	66.8908 40.8596,
	66.9777 40.9465,
	67.0211 41.0333,
	67.0428 41.3807,
	67.3467 42.0754,
	67.4336 42.2491,
	67.4987 42.5965,
	67.4987 42.9439,
	67.3033 43.6386,
	67.2165 43.8123,
	67.1731 43.8991,
	67.1296 43.9426,
	67.1296 43.986,
	66.9777 44.1597,
	66.8908 44.2465,
	66.8908 44.2899,
	66.2395 44.9412,
	66.0658 45.0498,
	65.7836 45.3972,
	65.6099 45.7445,
	65.523 45.9182,
	65.4579 46.2656,
	65.4362 46.4393,
	65.2842 46.7867,
	65.2191 46.9603,
	65.154 47.0472,
	64.8717 47.7419,
	64.85 48.4367,
	64.7197 48.7841,
	64.6112 48.9577,
	64.5461 49.1314,
	64.4809 49.2183,
	64.4592 49.3051,
	64.3941 49.392,
	64.2638 49.7393,
	64.2638 49.7827,
	64.2204 49.8262,
	64.1118 50.1735,
	63.9599 50.3472,
	63.6125 50.586,
	63.4388 50.6295,
	62.7441 50.6078,
	62.3967 50.5643,
	62.3098 50.5209,
	62.1579 50.3689,
	62.0493 50.1953,
	61.9625 50.1084,
	61.7671 49.761,
	61.7671 49.7176,
	61.7237 49.6742,
	61.7237 49.6308,
	61.6585 49.5439,
	61.6368 49.4571,
	61.5283 49.2834,
	61.2894 48.5887,
	61.1592 48.2413,
	61.1375 47.8939,
	61.1375 47.8288,
	"/>
</Transform>

<Transform dim="0"
 xcoef=" 0 1 0 0 0 0"
 ycoef=" 0 0 1 0 0 0">
<Contour name="TB2 Nucleus_41" hidden="false" closed="true" simplified="true" border="1 0 0" fill="1 0 0" mode="9"
 points="65.6396 56.9585,
	65.7495 56.6654,
	66.2257 56.116,
	66.5187 55.8596,
	67.1048 55.6764,
	67.3978 55.6398,
	68.5699 55.7497,
	68.863 55.7497,
	69.0095 55.8596,
	69.0827 56.0061,
	69.3758 56.2991,
	69.6688 56.409,
	69.8153 56.409,
	69.8886 56.4457,
	70.1816 56.409,
	70.4746 56.4457,
	70.7677 56.6654,
	70.9875 56.9585,
	71.0973 57.2515,
	71.134 57.5445,
	71.0973 57.691,
	71.2439 58.2771,
	71.2805 58.8632,
	71.0973 59.4492,
	70.7677 60.0353,
	70.1816 60.5481,
	69.8886 60.6946,
	69.3025 60.8045,
	68.7164 60.6946,
	68.4234 60.5481,
	68.3868 60.5848,
	68.4967 60.6946,
	68.4234 60.7313,
	68.2036 60.4749,
	67.9106 60.2551,
	67.6176 60.1086,
	67.3612 59.8522,
	67.3245 59.5591,
	66.8484 59.0463,
	66.2623 58.5701,
	66.0059 58.3137,
	65.8227 58.0207,
	65.7128 57.7277,
	65.6396 57.1416,
	65.6396 56.9951,
	"/>
</Transform>

<Transform dim="0"
 xcoef=" 0 1 0 0 0 0"
 ycoef=" 0 0 1 0 0 0">
<Contour name="TB2 Nucleus_53" hidden="false" closed="true" simplified="true" border="1 0 0" fill="1 0 0" mode="9"
 points="65.3967 49.7576,
	65.4451 49.4994,
	65.4935 49.3703,
	65.4935 49.3057,
	65.5581 49.1766,
	65.5904 49.1121,
	65.5904 49.0475,
	65.6388 48.9184,
	65.7356 48.4019,
	65.784 48.2728,
	65.8163 48.0146,
	65.897 47.7564,
	65.9293 47.6272,
	65.9777 47.5627,
	66.01 47.5304,
	66.0745 47.2722,
	66.1714 47.0139,
	66.2198 46.9494,
	66.2359 46.8848,
	66.3166 46.7557,
	66.5264 46.5136,
	66.704 46.2877,
	66.9138 46.094,
	67.4141 45.7067,
	67.4787 45.6582,
	67.5432 45.6421,
	67.6723 45.5614,
	67.7046 45.5291,
	67.9628 45.4162,
	68.4632 45.1095,
	68.4954 45.1095,
	68.5277 45.0772,
	69.0442 44.8674,
	69.5606 44.7544,
	69.6897 44.7222,
	69.948 44.706,
	70.0771 44.6899,
	70.0932 44.6737,
	70.3515 44.7222,
	70.6097 44.8351,
	70.7388 44.8997,
	70.997 44.9481,
	71.0293 45.0127,
	70.9486 45.2709,
	70.997 45.4,
	71.223 45.6421,
	71.4167 45.8519,
	71.4812 45.8842,
	71.5458 45.8842,
	71.7717 46.1263,
	71.8686 46.2554,
	71.9815 46.5136,
	72.03 46.6427,
	72.0461 46.7073,
	72.03 46.7719,
	71.9008 46.8203,
	71.7717 46.8364,
	71.7072 46.8526,
	71.5942 46.9655,
	71.5942 47.0301,
	71.6426 47.0785,
	71.7072 47.0785,
	71.7394 47.0946,
	71.8686 47.0785,
	71.9977 47.0946,
	72.1268 47.1431,
	72.1591 47.1753,
	72.2882 47.2238,
	72.3527 47.256,
	72.5626 47.4981,
	72.6432 47.7564,
	72.6755 48.0146,
	72.6594 48.1437,
	72.611 48.2083,
	72.4819 48.2567,
	72.5303 48.3858,
	72.611 48.5149,
	72.6755 48.5633,
	72.9338 48.6117,
	73.0629 48.6279,
	73.192 48.6924,
	73.2243 48.7086,
	73.2081 48.8377,
	73.0629 49.0959,
	72.9338 49.225,
	72.8692 49.2896,
	72.8531 49.338,
	72.966 49.4671,
	73.0145 49.5317,
	73.0145 49.5962,
	72.9822 49.6608,
	72.8531 49.7415,
	72.3366 49.7576,
	72.2075 49.7576,
	72.1752 49.7576,
	72.1591 49.8222,
	72.2075 49.9513,
	72.3043 50.032,
	72.3689 50.0966,
	72.4173 50.2257,
	72.4173 50.3548,
	72.4012 50.4194,
	72.272 50.4678,
	71.7556 50.5001,
	71.691 50.4839,
	71.6265 50.5001,
	71.5942 50.5001,
	71.5619 50.5323,
	71.5781 50.6614,
	71.6103 50.726,
	71.7233 50.8067,
	71.8524 50.9197,
	71.9493 51.0488,
	71.9815 51.1779,
	71.9815 51.307,
	71.9493 51.3716,
	71.8201 51.42,
	71.691 51.4361,
	71.4328 51.5491,
	71.1746 51.6298,
	70.9163 51.7589,
	70.6581 51.8396,
	70.529 51.9042,
	70.4967 51.9365,
	70.2385 52.0333,
	70.1094 52.0817,
	69.9803 52.1624,
	69.8511 52.1947,
	69.5929 52.3399,
	69.5284 52.3722,
	69.2701 52.582,
	69.141 52.6789,
	69.0119 52.695,
	68.9473 52.6789,
	68.8182 52.582,
	68.673 52.3238,
	68.5923 52.0656,
	68.56 51.9365,
	68.3018 51.9526,
	68.2372 51.9687,
	68.1081 52.0494,
	67.979 52.0817,
	67.7207 52.0656,
	67.2043 51.9849,
	66.9461 51.9365,
	66.6878 51.8235,
	66.4296 51.7589,
	66.3973 51.7589,
	66.365 51.7266,
	66.3328 51.7266,
	66.2682 51.6782,
	66.1391 51.6298,
	66.0745 51.6137,
	65.9616 51.5007,
	65.8809 51.3716,
	65.8809 51.3393,
	65.8324 51.2747,
	65.784 51.1456,
	65.784 51.1133,
	65.6388 50.8551,
	65.6388 50.8228,
	65.6065 50.7906,
	65.5097 50.5323,
	65.3967 50.0159,
	65.3967 49.7738,
	"/>
</Transform>

<Transform dim="0"
 xcoef=" 0 1 0 0 0 0"
 ycoef=" 0 0 1 0 0 0">
<Contour name="TB2 Nucleus_93" hidden="false" closed="true" simplified="true" border="1 0 0" fill="1 0 1" mode="9"
 points="71.8918 35.9459,
	71.93 35.8694,
	72.1784 35.5637,
	72.274 35.4108,
	72.274 35.3344,
	72.274 35.2961,
	72.1211 35.1815,
	72.102 35.1433,
	72.1211 35.1242,
	72.1975 35.1815,
	72.1975 35.0286,
	72.2166 34.9522,
	72.274 34.8757,
	72.4268 34.8184,
	72.7326 34.8566,
	72.809 34.8566,
	72.9619 34.9139,
	73.0384 34.9522,
	73.0766 34.9522,
	73.153 35.0095,
	73.2295 35.1624,
	73.2677 35.2388,
	73.2868 35.5446,
	73.2295 35.6975,
	73.1912 35.7739,
	73.1912 35.8121,
	73.0766 35.965,
	72.9237 36.0605,
	72.6179 36.1943,
	72.3122 36.2325,
	72.0064 36.1943,
	71.93 36.137,
	71.8918 36.0605,
	71.8918 35.9841,
	71.8918 35.965,
	"/>
</Transform>

<Transform dim="0"
 xcoef=" 0 1 0 0 0 0"
 ycoef=" 0 0 1 0 0 0">
<Contour name="TB2 NF_24" hidden="true" closed="true" simplified="true" border="1 0.501961 0.25098" fill="1 0.501961 0.25098" mode="-9"
 points="98.2565 14.0653,
	98.3011 13.887,
	98.3902 13.7087,
	98.5463 13.5526,
	98.7246 13.4857,
	98.9029 13.5526,
	99.0366 13.7309,
	99.0589 14.0876,
	99.0589 14.1768,
	98.9921 14.3551,
	98.836 14.5334,
	98.7469 14.5557,
	98.68 14.5334,
	98.6354 14.578,
	98.4571 14.578,
	98.3679 14.5334,
	98.2788 14.3551,
	98.2565 14.1768,
	98.2565 14.0876,
	"/>
</Transform>

<Transform dim="0"
 xcoef=" 0 1 0 0 0 0"
 ycoef=" 0 0 1 0 0 0">
<Contour name="TB2 NF_24_cw" hidden="false" closed="true" simplified="true" border="1 0.5 0" fill="1 0.682353 0.368627" mode="15"
 points="98.1472 14.2167,
	98.1665 14.155,
	98.1665 14.1473,
	98.2051 14.0855,
	98.2282 14.0547,
	98.2437 14.0238,
	98.2475 14.0083,
	98.2668 13.9775,
	98.2746 13.9466,
	98.3402 13.8231,
	98.3826 13.7652,
	98.4328 13.7073,
	98.4559 13.6803,
	98.5138 13.6224,
	98.5408 13.5916,
	98.5756 13.5298,
	98.591 13.5144,
	98.6064 13.5105,
	98.6142 13.5028,
	98.6412 13.4951,
	98.6566 13.499,
	98.672 13.4951,
	98.6836 13.4835,
	98.7145 13.4758,
	98.7454 13.4758,
	98.7762 13.4951,
	98.8071 13.5067,
	98.838 13.5028,
	98.8534 13.5105,
	98.8997 13.5684,
	98.9074 13.5839,
	98.9383 13.6147,
	98.9576 13.6456,
	98.9885 13.7691,
	98.9923 13.8,
	99.0425 13.9235,
	99.0772 13.9852,
	99.0965 14.0161,
	99.1004 14.0469,
	99.1043 14.0624,
	99.0734 14.1241,
	99.0579 14.155,
	99.0502 14.2167,
	99.0348 14.2785,
	99.0078 14.3402,
	98.9267 14.4637,
	98.8727 14.5255,
	98.811 14.5833,
	98.7801 14.6065,
	98.7647 14.6219,
	98.7492 14.6297,
	98.7415 14.6374,
	98.6798 14.6567,
	98.6643 14.6567,
	98.6334 14.6682,
	98.618 14.676,
	98.6103 14.676,
	98.5485 14.7184,
	98.4868 14.7454,
	98.4559 14.7454,
	98.398 14.7223,
	98.3402 14.6721,
	98.3131 14.6451,
	98.2977 14.6297,
	98.2205 14.51,
	98.1819 14.4483,
	98.1588 14.3865,
	98.1472 14.3248,
	98.1472 14.263,
	98.1472 14.2322,
	98.1472 14.2206,
	"/>
</Transform>

<Transform dim="0"
 xcoef=" 0 1 0 0 0 0"
 ycoef=" 0 0 1 0 0 0">
<Contour name="TB2 NF_10_cw" hidden="false" closed="true" simplified="true" border="0.807843 0 0.807843" fill="0.443137 0 0.443137" mode="15"
 points="70.2499 4.62567,
	70.2663 4.61472,
	70.2992 4.26437,
	70.3156 4.0892,
	70.3265 4.00161,
	70.3265 3.97971,
	70.343 3.96329,
	70.3484 3.97424,
	70.3922 3.96877,
	70.436 3.97424,
	70.6112 4.02898,
	70.655 4.02898,
	70.6605 4.02351,
	70.8356 4.03446,
	70.8794 4.03446,
	70.9232 4.05088,
	70.9342 4.05635,
	70.9561 4.05088,
	70.978 4.06183,
	70.9999 4.06183,
	71.0437 4.08372,
	71.0655 4.0892,
	71.0765 4.0892,
	71.1148 4.12752,
	71.1312 4.14941,
	71.1312 4.17131,
	71.1039 4.2151,
	71.0601 4.25342,
	71.0163 4.28079,
	70.9944 4.28627,
	70.9068 4.34101,
	70.863 4.36838,
	70.5127 4.51618,
	70.3375 4.60924,
	70.2937 4.62567,
	70.2718 4.63114,
	70.2608 4.63661,
	70.2499 4.63114,
	"/>
</Transform>

<Transform dim="0"
 xcoef=" 0 1 0 0 0 0"
 ycoef=" 0 0 1 0 0 0">
<Contour name="TB2 NF_10_cw" hidden="false" closed="true" simplified="true" border="0.808 0 0.808" fill="0.443 0 0.443" mode="15"
 points="73.9419 52.7916,
	74.0134 52.628,
	74.0492 52.5463,
	74.085 52.3828,
	74.0952 52.2192,
	74.0799 52.0557,
	74.0799 52.0148,
	74.1054 51.9331,
	74.1412 51.8973,
	74.1616 51.882,
	74.2025 51.8769,
	74.2434 51.882,
	74.2792 51.9177,
	74.2945 51.9586,
	74.3047 51.9688,
	74.3405 52.1324,
	74.3456 52.2141,
	74.3149 52.3776,
	74.2894 52.4594,
	74.2741 52.6229,
	74.2638 52.7047,
	74.2281 52.7864,
	74.2025 52.8222,
	74.1667 52.8631,
	74.1259 52.8938,
	74.1054 52.9091,
	74.0645 52.9244,
	74.0237 52.9193,
	73.9828 52.904,
	73.947 52.8631,
	73.9419 52.8222,
	73.9419 52.8018,
	73.9419 52.7967,
	"/>
</Transform>

<Transform dim="0"
 xcoef=" 0 1 0 0 0 0"
 ycoef=" 0 0 1 0 0 0">
<Contour name="TB2 NF_13_cw" hidden="false" closed="true" simplified="true" border="1 0.501961 0.752941" fill="0.607843 0 0.305882" mode="15"
 points="76.0552 45.8291,
	76.1092 45.7828,
	76.1709 45.752,
	76.2327 45.6979,
	76.2713 45.6362,
	76.2867 45.6053,
	76.3021 45.5899,
	76.3098 45.559,
	76.3253 45.5436,
	76.3253 45.5282,
	76.3561 45.4973,
	76.387 45.505,
	76.4179 45.5282,
	76.4565 45.6516,
	76.4565 45.7134,
	76.4642 45.7442,
	76.4487 45.806,
	76.3947 45.86,
	76.333 45.8986,
	76.2095 45.914,
	76.1478 45.914,
	76.1169 45.9063,
	76.1015 45.8986,
	76.0938 45.8677,
	76.0629 45.86,
	76.0552 45.8368,
	"/>
<Contour name="TB2 NF_13_cw" hidden="false" closed="true" simplified="true" border="1 0.501961 0.752941" fill="0.607843 0 0.305882" mode="15"
 points="76.0475 45.2349,
	76.0861 45.1115,
	76.1015 45.0497,
	76.1092 45.0189,
	76.1941 44.8954,
	76.2944 44.7874,
	76.5413 44.6871,
	76.6648 44.6176,
	76.6802 44.6099,
	76.7111 44.633,
	76.7188 44.6948,
	76.6648 44.8182,
	76.5722 44.9417,
	76.5182 44.988,
	76.3947 45.042,
	76.2713 45.1269,
	76.2095 45.1809,
	76.1864 45.2118,
	76.1246 45.2427,
	76.0706 45.289,
	76.0552 45.2812,
	76.0475 45.2504,
	76.0475 45.2427,
	"/>
</Transform>

<Transform dim="0"
 xcoef=" 0 1 0 0 0 0"
 ycoef=" 0 0 1 0 0 0">
<Contour name="TB2 NF_15_cw" hidden="false" closed="true" simplified="true" border="1 0.282 0.282" fill="0.835 0 0" mode="15"
 points="64.1473 65.9151,
	64.168 65.8324,
	64.168 65.791,
	64.2403 65.6256,
	64.2403 65.6049,
	64.261 65.5843,
	64.2713 65.5429,
	64.3541 65.4706,
	64.3954 65.4602,
	64.4161 65.4602,
	64.4471 65.4189,
	64.4678 65.3362,
	64.6228 65.2224,
	64.7055 65.1811,
	64.7469 65.1604,
	64.8193 65.0777,
	64.8606 65.057,
	64.9847 64.8916,
	65.0674 64.8193,
	65.2328 64.7366,
	65.3155 64.6539,
	65.4809 64.5608,
	65.5636 64.5091,
	65.6049 64.4988,
	65.6463 64.4678,
	65.7393 64.3024,
	65.822 64.3024,
	65.8634 64.3024,
	65.9047 64.3334,
	65.8737 64.4988,
	65.7497 64.8296,
	65.7393 64.9123,
	65.6877 65.0777,
	65.636 65.1604,
	65.5946 65.2018,
	65.5843 65.2431,
	65.5326 65.3258,
	65.5016 65.4912,
	65.4809 65.5739,
	65.4809 65.6153,
	65.4292 65.7807,
	65.4189 65.8634,
	65.4499 66.0288,
	65.4706 66.1115,
	65.4912 66.1529,
	65.5326 66.1942,
	65.6153 66.2252,
	65.6877 66.2976,
	65.6773 66.3389,
	65.6463 66.3803,
	65.636 66.4217,
	65.6566 66.5044,
	65.6256 66.6698,
	65.6049 66.7525,
	65.5843 66.7938,
	65.5016 66.8352,
	65.3362 66.8455,
	65.2535 66.8352,
	65.088 66.8558,
	65.0053 66.8352,
	64.964 66.8248,
	64.8916 66.7421,
	64.8503 66.7008,
	64.7986 66.6181,
	64.7572 66.6077,
	64.6849 66.5354,
	64.6642 66.5147,
	64.6435 66.432,
	64.4884 66.2666,
	64.4264 66.1839,
	64.4057 66.1425,
	64.3644 66.1012,
	64.323 66.0908,
	64.3024 66.0908,
	64.261 66.0598,
	64.2197 66.0495,
	64.1783 66.0081,
	64.1576 65.9875,
	64.1576 65.9461,
	64.1473 65.9254,
	"/>
</Transform>

<Transform dim="0"
 xcoef=" 0 1 0 0 0 0"
 ycoef=" 0 0 1 0 0 0">
<Contour name="TB2 NF_15_cw" hidden="false" closed="true" simplified="true" border="1 0.282 0.282" fill="0.835 0 0" mode="15"
 points="71.0684 66.1981,
	71.1123 66.1652,
	71.2878 66.1323,
	71.3755 66.1323,
	71.4633 66.1543,
	71.5401 66.2091,
	71.573 66.253,
	71.6607 66.2969,
	71.8362 66.3078,
	71.924 66.3188,
	72.0995 66.2969,
	72.1434 66.2969,
	72.2311 66.3407,
	72.4066 66.3627,
	72.4944 66.3736,
	72.5382 66.3846,
	72.7138 66.3517,
	72.7576 66.3517,
	72.9331 66.4504,
	73.0209 66.4943,
	73.3719 66.5382,
	73.5474 66.5711,
	73.5913 66.5821,
	73.6132 66.5821,
	73.701 66.6479,
	73.7119 66.6917,
	73.7229 66.7027,
	73.701 66.7905,
	73.7119 66.8014,
	73.701 66.8234,
	73.7119 66.9111,
	73.701 66.9989,
	73.6571 67.0866,
	73.5803 67.1744,
	73.4926 67.2292,
	73.317 67.2621,
	73.1415 67.2292,
	73.0538 67.2073,
	73.0099 67.1854,
	72.977 67.1415,
	72.966 67.0976,
	72.977 67.0757,
	72.966 66.9879,
	72.9331 66.9002,
	72.8563 66.8453,
	72.7686 66.8234,
	72.6808 66.8343,
	72.637 66.8453,
	72.5931 66.8782,
	72.4176 66.8892,
	72.2421 66.8343,
	72.0666 66.8234,
	71.8911 66.7905,
	71.8033 66.7247,
	71.7156 66.6808,
	71.6717 66.6698,
	71.5839 66.615,
	71.4962 66.604,
	71.3207 66.4943,
	71.2768 66.4724,
	71.2549 66.4504,
	71.211 66.4395,
	71.1891 66.4175,
	71.1671 66.4175,
	71.1232 66.3736,
	71.0684 66.2091,
	"/>
</Transform>

<Transform dim="0"
 xcoef=" 0 1 0 0 0 0"
 ycoef=" 0 0 1 0 0 0">
<Contour name="TB2 NF_15_cw" hidden="false" closed="true" simplified="true" border="1 0.282 0.282" fill="0.835 0 0" mode="15"
 points="74.1726 66.8234,
	74.1946 66.7795,
	74.2823 66.7137,
	74.3701 66.6808,
	74.392 66.6808,
	74.4688 66.593,
	74.5127 66.5053,
	74.6004 66.4614,
	74.6882 66.4395,
	74.8637 66.4724,
	74.9076 66.4943,
	74.9953 66.4943,
	75.0392 66.5053,
	75.1269 66.5821,
	75.2147 66.5162,
	75.2366 66.4943,
	75.2805 66.4833,
	75.456 66.3517,
	75.5438 66.2749,
	75.5767 66.2311,
	75.5876 66.1872,
	75.6535 66.0994,
	75.6973 66.0775,
	75.8728 66.1214,
	76.0483 66.0994,
	76.0922 66.0885,
	76.1361 66.1104,
	76.169 66.1981,
	76.1909 66.242,
	76.2348 66.2859,
	76.2677 66.3736,
	76.2348 66.4614,
	76.18 66.5492,
	76.1361 66.593,
	76.0922 66.6808,
	76.0264 66.7685,
	75.9825 66.8124,
	75.8948 66.8673,
	75.807 66.9002,
	75.7631 66.9111,
	75.6754 66.8892,
	75.6315 66.8673,
	75.5876 66.8782,
	75.4999 66.966,
	75.3244 67.0428,
	75.2805 67.0757,
	75.1928 67.0647,
	75.1489 67.0428,
	75.0721 66.955,
	74.9843 66.9111,
	74.9405 66.9002,
	74.765 66.955,
	74.5895 66.9769,
	74.5017 66.955,
	74.3262 66.966,
	74.2384 66.9879,
	74.1946 66.955,
	74.1726 66.8673,
	74.1726 66.8343,
	"/>
</Transform>

<Transform dim="0"
 xcoef=" 0 1 0 0 0 0"
 ycoef=" 0 0 1 0 0 0">
<Contour name="TB2 NF_17_cw" hidden="false" closed="true" simplified="true" border="0.682 0 0" fill="1 0 0" mode="-15"
 points="64.6336 65.162,
	64.655 65.1049,
	64.6693 64.9906,
	64.6765 64.9335,
	64.6693 64.8764,
	64.6622 64.8621,
	64.6693 64.8478,
	64.6622 64.8193,
	64.6693 64.7907,
	64.6622 64.7622,
	64.6693 64.7336,
	64.7479 64.6193,
	64.7479 64.6051,
	64.7836 64.5479,
	64.8621 64.3195,
	64.9264 64.091,
	64.9407 64.0624,
	65.0549 63.9839,
	65.0835 63.9696,
	65.1977 63.8696,
	65.2548 63.8339,
	65.2834 63.8339,
	65.3405 63.8125,
	65.3691 63.8125,
	65.4262 63.7911,
	65.4405 63.7768,
	65.4976 63.7554,
	65.5547 63.7554,
	65.6118 63.7768,
	65.669 63.8125,
	65.6975 63.8411,
	65.7332 63.9553,
	65.7404 64.0124,
	65.7261 64.1267,
	65.7261 64.2409,
	65.7261 64.298,
	65.7118 64.3552,
	65.6475 64.4623,
	65.5904 64.5051,
	65.5333 64.5194,
	65.5047 64.5122,
	65.4548 64.4694,
	65.4405 64.4623,
	65.3834 64.5051,
	65.3477 64.6193,
	65.2405 64.7265,
	65.212 64.7407,
	64.9835 64.9192,
	64.9335 64.9621,
	64.8978 65.0192,
	64.8835 65.0478,
	64.855 65.0763,
	64.7407 65.1549,
	64.6836 65.1977,
	64.655 65.1977,
	64.6336 65.1691,
	"/>
</Transform>

<Transform dim="0"
 xcoef=" 0 1 0 0 0 0"
 ycoef=" 0 0 1 0 0 0">
<Contour name="TB2 NF_17_cw" hidden="false" closed="true" simplified="true" border="0.682 0 0" fill="1 0 0" mode="-15"
 points="73.6589 52.4309,
	73.6803 52.3167,
	73.6803 52.2881,
	73.7303 52.1739,
	73.7946 52.0596,
	73.8303 52.0025,
	73.8803 51.8883,
	73.9088 51.8668,
	73.9374 51.8597,
	73.9659 51.8668,
	74.0159 51.9097,
	74.0516 51.9668,
	74.0659 51.9954,
	74.0731 52.2239,
	74.0659 52.281,
	74.0731 52.3381,
	74.0588 52.4523,
	74.0231 52.5666,
	73.9659 52.6808,
	73.9231 52.7951,
	73.9017 52.8236,
	73.8731 52.8379,
	73.8446 52.8308,
	73.7946 52.7808,
	73.7375 52.6666,
	73.6946 52.5523,
	73.6732 52.4952,
	73.6661 52.4381,
	"/>
</Transform>

<Transform dim="0"
 xcoef=" 0 1 0 0 0 0"
 ycoef=" 0 0 1 0 0 0">
<Image mag="0.00855" contrast="1" brightness="0" red="true" green="true" blue="true"
 src="..\TF21_robdata\Rob's_latest_seg_files_TF21_TB2\Aligned 633575.tif" />
<Contour name="domain1" hidden="false" closed="true" simplified="false" border="1 0 1" fill="1 0 1" mode="11"
 points="0 0,
	15991 0,
	15991 12171,
	0 12171,
	"/>
</Transform>

<Transform dim="0"
 xcoef=" 0 1 0 0 0 0"
 ycoef=" 0 0 1 0 0 0">
<Contour name="TB2 Nucleus_75" hidden="false" closed="true" simplified="true" border="1 0 0" fill="1 0 0" mode="9"
 points="71.5456 62.0982,
	71.5611 62.0362,
	71.5766 62.0207,
	71.6387 62.0827,
	71.6852 62.1138,
	71.7007 61.8655,
	71.7628 61.6173,
	71.8248 61.4932,
	71.9334 61.3691,
	72.0575 61.2916,
	72.3057 61.1985,
	72.4299 61.1675,
	72.4919 61.1675,
	72.5229 61.1364,
	72.647 61.0899,
	72.7556 60.9968,
	72.8797 60.9658,
	73.1279 60.8572,
	73.252 60.8107,
	73.3761 60.7331,
	73.4072 60.7331,
	73.5313 60.64,
	73.5933 60.578,
	73.826 60.4228,
	73.9501 60.3143,
	74.0742 60.2832,
	74.1983 60.2057,
	74.2293 60.1902,
	74.2293 60.1281,
	74.1983 60.066,
	73.9656 59.9109,
	73.9036 59.8644,
	73.8726 59.8644,
	73.6243 59.6937,
	73.4227 59.4455,
	73.3451 59.3214,
	73.3141 59.2594,
	73.3141 59.1973,
	73.3606 59.1353,
	73.4847 59.0732,
	73.7174 58.8871,
	73.7484 58.8871,
	74.2293 58.4992,
	74.4776 58.2821,
	74.7258 58.1424,
	74.9274 57.9098,
	74.974 57.8477,
	75.0515 57.3513,
	75.0826 57.1031,
	75.0826 57.041,
	74.9895 56.7928,
	74.9585 56.6687,
	74.974 56.5446,
	75.1446 56.2964,
	75.2377 56.1878,
	75.2997 56.1568,
	76.2926 56.1568,
	76.789 56.1568,
	77.0372 56.1568,
	77.1613 56.1568,
	77.2854 56.2033,
	77.4095 56.2964,
	77.4716 56.3274,
	77.5336 56.3895,
	77.5801 56.4205,
	77.7818 56.6377,
	77.8594 56.7618,
	77.8749 57.2582,
	77.8749 57.5064,
	77.9525 57.7546,
	78.1076 58.0028,
	78.1851 58.251,
	78.3248 58.4992,
	78.3558 58.5613,
	78.3092 59.0577,
	78.2937 59.3059,
	78.2782 59.43,
	78.0921 59.9264,
	77.9214 60.1746,
	77.7973 60.4228,
	77.4716 61.4157,
	77.4405 61.4777,
	77.4405 61.5088,
	77.4095 61.5398,
	77.3319 61.788,
	77.2854 61.9121,
	77.2389 62.4085,
	77.2699 62.6567,
	77.2699 62.9049,
	77.2389 63.029,
	77.0992 63.2772,
	77.0527 63.4013,
	76.8665 63.603,
	76.7424 63.665,
	76.4942 63.7271,
	76.3701 63.7892,
	76.1219 63.8357,
	75.9978 63.8977,
	75.9668 63.8977,
	75.9358 63.9288,
	75.8117 63.9598,
	75.6876 64.0218,
	75.61 64.1304,
	75.5945 64.1925,
	75.5945 64.2235,
	75.5324 64.2701,
	75.2842 64.2856,
	75.2222 64.3011,
	75.1136 64.3942,
	75.0826 64.4562,
	74.9585 64.5338,
	74.8344 64.5803,
	74.7723 64.5958,
	74.5241 64.5493,
	74.0277 64.5648,
	73.7795 64.5338,
	73.2831 64.6113,
	73.0349 64.6579,
	72.9108 64.6889,
	72.8487 64.7354,
	72.3523 64.7044,
	72.2902 64.7044,
	72.1816 64.5958,
	72.011 64.3631,
	71.8093 64.1149,
	71.7318 63.9908,
	71.6697 63.9288,
	71.6697 63.8977,
	71.6387 63.8667,
	71.6077 63.6185,
	71.5611 63.4944,
	71.5456 63.3703,
	71.5766 62.8739,
	71.5611 62.3775,
	71.5456 62.1293,
	71.5456 62.1138,
	"/>
</Transform>

<Transform dim="0"
 xcoef=" 0 1 0 0 0 0"
 ycoef=" 0 0 1 0 0 0">
<Contour name="TB2 Nucleus_92" hidden="false" closed="true" simplified="true" border="1 0 0" fill="1 0 1" mode="9"
 points="61.1375 47.8071,
	61.2243 47.4597,
	61.2677 47.286,
	61.3546 47.1123,
	61.6368 46.8084,
	62.071 46.1353,
	62.1145 46.0919,
	62.2013 45.7445,
	62.2447 45.6577,
	62.2447 45.484,
	62.2447 45.3972,
	62.223 45.3538,
	62.3316 45.1801,
	62.3316 45.1366,
	62.2447 45.1149,
	62.2664 44.7676,
	62.3533 44.5939,
	62.3533 44.5505,
	62.4184 44.4636,
	62.4401 44.3768,
	62.5052 44.2899,
	62.5704 44.1162,
	62.7658 43.7689,
	62.7875 43.682,
	62.9177 43.5083,
	63.1131 43.161,
	63.352 42.857,
	63.6342 42.5531,
	63.721 42.4662,
	63.7645 42.4662,
	63.8513 42.3794,
	64.5243 41.9017,
	64.85 41.6629,
	64.9803 41.511,
	65.154 41.3373,
	65.3928 40.9899,
	65.5447 40.8162,
	65.6316 40.7294,
	65.7184 40.6859,
	65.8921 40.6859,
	66.2395 40.7728,
	66.5869 40.7945,
	66.7606 40.8596,
	66.8474 40.8596,
	66.8908 40.8596,
	66.9777 40.9465,
	67.0211 41.0333,
	67.0428 41.3807,
	67.3467 42.0754,
	67.4336 42.2491,
	67.4987 42.5965,
	67.4987 42.9439,
	67.3033 43.6386,
	67.2165 43.8123,
	67.1731 43.8991,
	67.1296 43.9426,
	67.1296 43.986,
	66.9777 44.1597,
	66.8908 44.2465,
	66.8908 44.2899,
	66.2395 44.9412,
	66.0658 45.0498,
	65.7836 45.3972,
	65.6099 45.7445,
	65.523 45.9182,
	65.4579 46.2656,
	65.4362 46.4393,
	65.2842 46.7867,
	65.2191 46.9603,
	65.154 47.0472,
	64.8717 47.7419,
	64.85 48.4367,
	64.7197 48.7841,
	64.6112 48.9577,
	64.5461 49.1314,
	64.4809 49.2183,
	64.4592 49.3051,
	64.3941 49.392,
	64.2638 49.7393,
	64.2638 49.7827,
	64.2204 49.8262,
	64.1118 50.1735,
	63.9599 50.3472,
	63.6125 50.586,
	63.4388 50.6295,
	62.7441 50.6078,
	62.3967 50.5643,
	62.3098 50.5209,
	62.1579 50.3689,
	62.0493 50.1953,
	61.9625 50.1084,
	61.7671 49.761,
	61.7671 49.7176,
	61.7237 49.6742,
	61.7237 49.6308,
	61.6585 49.5439,
	61.6368 49.4571,
	61.5283 49.2834,
	61.2894 48.5887,
	61.1592 48.2413,
	61.1375 47.8939,
	61.1375 47.8288,
	"/>
</Transform>

<Transform dim="0"
 xcoef=" 0 1 0 0 0 0"
 ycoef=" 0 0 1 0 0 0">
<Contour name="TB2 Nucleus_41" hidden="false" closed="true" simplified="true" border="1 0 0" fill="1 0 0" mode="9"
 points="65.6396 56.9585,
	65.7495 56.6654,
	66.2257 56.116,
	66.5187 55.8596,
	67.1048 55.6764,
	67.3978 55.6398,
	68.5699 55.7497,
	68.863 55.7497,
	69.0095 55.8596,
	69.0827 56.0061,
	69.3758 56.2991,
	69.6688 56.409,
	69.8153 56.409,
	69.8886 56.4457,
	70.1816 56.409,
	70.4746 56.4457,
	70.7677 56.6654,
	70.9875 56.9585,
	71.0973 57.2515,
	71.134 57.5445,
	71.0973 57.691,
	71.2439 58.2771,
	71.2805 58.8632,
	71.0973 59.4492,
	70.7677 60.0353,
	70.1816 60.5481,
	69.8886 60.6946,
	69.3025 60.8045,
	68.7164 60.6946,
	68.4234 60.5481,
	68.3868 60.5848,
	68.4967 60.6946,
	68.4234 60.7313,
	68.2036 60.4749,
	67.9106 60.2551,
	67.6176 60.1086,
	67.3612 59.8522,
	67.3245 59.5591,
	66.8484 59.0463,
	66.2623 58.5701,
	66.0059 58.3137,
	65.8227 58.0207,
	65.7128 57.7277,
	65.6396 57.1416,
	65.6396 56.9951,
	"/>
</Transform>

<Transform dim="0"
 xcoef=" 0 1 0 0 0 0"
 ycoef=" 0 0 1 0 0 0">
<Contour name="TB2 Nucleus_53" hidden="false" closed="true" simplified="true" border="1 0 0" fill="1 0 0" mode="9"
 points="65.3967 49.7576,
	65.4451 49.4994,
	65.4935 49.3703,
	65.4935 49.3057,
	65.5581 49.1766,
	65.5904 49.1121,
	65.5904 49.0475,
	65.6388 48.9184,
	65.7356 48.4019,
	65.784 48.2728,
	65.8163 48.0146,
	65.897 47.7564,
	65.9293 47.6272,
	65.9777 47.5627,
	66.01 47.5304,
	66.0745 47.2722,
	66.1714 47.0139,
	66.2198 46.9494,
	66.2359 46.8848,
	66.3166 46.7557,
	66.5264 46.5136,
	66.704 46.2877,
	66.9138 46.094,
	67.4141 45.7067,
	67.4787 45.6582,
	67.5432 45.6421,
	67.6723 45.5614,
	67.7046 45.5291,
	67.9628 45.4162,
	68.4632 45.1095,
	68.4954 45.1095,
	68.5277 45.0772,
	69.0442 44.8674,
	69.5606 44.7544,
	69.6897 44.7222,
	69.948 44.706,
	70.0771 44.6899,
	70.0932 44.6737,
	70.3515 44.7222,
	70.6097 44.8351,
	70.7388 44.8997,
	70.997 44.9481,
	71.0293 45.0127,
	70.9486 45.2709,
	70.997 45.4,
	71.223 45.6421,
	71.4167 45.8519,
	71.4812 45.8842,
	71.5458 45.8842,
	71.7717 46.1263,
	71.8686 46.2554,
	71.9815 46.5136,
	72.03 46.6427,
	72.0461 46.7073,
	72.03 46.7719,
	71.9008 46.8203,
	71.7717 46.8364,
	71.7072 46.8526,
	71.5942 46.9655,
	71.5942 47.0301,
	71.6426 47.0785,
	71.7072 47.0785,
	71.7394 47.0946,
	71.8686 47.0785,
	71.9977 47.0946,
	72.1268 47.1431,
	72.1591 47.1753,
	72.2882 47.2238,
	72.3527 47.256,
	72.5626 47.4981,
	72.6432 47.7564,
	72.6755 48.0146,
	72.6594 48.1437,
	72.611 48.2083,
	72.4819 48.2567,
	72.5303 48.3858,
	72.611 48.5149,
	72.6755 48.5633,
	72.9338 48.6117,
	73.0629 48.6279,
	73.192 48.6924,
	73.2243 48.7086,
	73.2081 48.8377,
	73.0629 49.0959,
	72.9338 49.225,
	72.8692 49.2896,
	72.8531 49.338,
	72.966 49.4671,
	73.0145 49.5317,
	73.0145 49.5962,
	72.9822 49.6608,
	72.8531 49.7415,
	72.3366 49.7576,
	72.2075 49.7576,
	72.1752 49.7576,
	72.1591 49.8222,
	72.2075 49.9513,
	72.3043 50.032,
	72.3689 50.0966,
	72.4173 50.2257,
	72.4173 50.3548,
	72.4012 50.4194,
	72.272 50.4678,
	71.7556 50.5001,
	71.691 50.4839,
	71.6265 50.5001,
	71.5942 50.5001,
	71.5619 50.5323,
	71.5781 50.6614,
	71.6103 50.726,
	71.7233 50.8067,
	71.8524 50.9197,
	71.9493 51.0488,
	71.9815 51.1779,
	71.9815 51.307,
	71.9493 51.3716,
	71.8201 51.42,
	71.691 51.4361,
	71.4328 51.5491,
	71.1746 51.6298,
	70.9163 51.7589,
	70.6581 51.8396,
	70.529 51.9042,
	70.4967 51.9365,
	70.2385 52.0333,
	70.1094 52.0817,
	69.9803 52.1624,
	69.8511 52.1947,
	69.5929 52.3399,
	69.5284 52.3722,
	69.2701 52.582,
	69.141 52.6789,
	69.0119 52.695,
	68.9473 52.6789,
	68.8182 52.582,
	68.673 52.3238,
	68.5923 52.0656,
	68.56 51.9365,
	68.3018 51.9526,
	68.2372 51.9687,
	68.1081 52.0494,
	67.979 52.0817,
	67.7207 52.0656,
	67.2043 51.9849,
	66.9461 51.9365,
	66.6878 51.8235,
	66.4296 51.7589,
	66.3973 51.7589,
	66.365 51.7266,
	66.3328 51.7266,
	66.2682 51.6782,
	66.1391 51.6298,
	66.0745 51.6137,
	65.9616 51.5007,
	65.8809 51.3716,
	65.8809 51.3393,
	65.8324 51.2747,
	65.784 51.1456,
	65.784 51.1133,
	65.6388 50.8551,
	65.6388 50.8228,
	65.6065 50.7906,
	65.5097 50.5323,
	65.3967 50.0159,
	65.3967 49.7738,
	"/>
</Transform>

<Transform dim="0"
 xcoef=" 0 1 0 0 0 0"
 ycoef=" 0 0 1 0 0 0">
<Contour name="TB2 Nucleus_93" hidden="false" closed="true" simplified="true" border="1 0 0" fill="1 0 1" mode="9"
 points="71.8918 35.9459,
	71.93 35.8694,
	72.1784 35.5637,
	72.274 35.4108,
	72.274 35.3344,
	72.274 35.2961,
	72.1211 35.1815,
	72.102 35.1433,
	72.1211 35.1242,
	72.1975 35.1815,
	72.1975 35.0286,
	72.2166 34.9522,
	72.274 34.8757,
	72.4268 34.8184,
	72.7326 34.8566,
	72.809 34.8566,
	72.9619 34.9139,
	73.0384 34.9522,
	73.0766 34.9522,
	73.153 35.0095,
	73.2295 35.1624,
	73.2677 35.2388,
	73.2868 35.5446,
	73.2295 35.6975,
	73.1912 35.7739,
	73.1912 35.8121,
	73.0766 35.965,
	72.9237 36.0605,
	72.6179 36.1943,
	72.3122 36.2325,
	72.0064 36.1943,
	71.93 36.137,
	71.8918 36.0605,
	71.8918 35.9841,
	71.8918 35.965,
	"/>
</Transform>

<Transform dim="0"
 xcoef=" 0 1 0 0 0 0"
 ycoef=" 0 0 1 0 0 0">
<Contour name="TB2 NF_24" hidden="true" closed="true" simplified="true" border="1 0.501961 0.25098" fill="1 0.501961 0.25098" mode="-9"
 points="98.2565 14.0653,
	98.3011 13.887,
	98.3902 13.7087,
	98.5463 13.5526,
	98.7246 13.4857,
	98.9029 13.5526,
	99.0366 13.7309,
	99.0589 14.0876,
	99.0589 14.1768,
	98.9921 14.3551,
	98.836 14.5334,
	98.7469 14.5557,
	98.68 14.5334,
	98.6354 14.578,
	98.4571 14.578,
	98.3679 14.5334,
	98.2788 14.3551,
	98.2565 14.1768,
	98.2565 14.0876,
	"/>
</Transform>

<Transform dim="0"
 xcoef=" 0 1 0 0 0 0"
 ycoef=" 0 0 1 0 0 0">
<Contour name="TB2 NF_24_cw" hidden="false" closed="true" simplified="true" border="1 0.5 0" fill="1 0.682353 0.368627" mode="15"
 points="98.1472 14.2167,
	98.1665 14.155,
	98.1665 14.1473,
	98.2051 14.0855,
	98.2282 14.0547,
	98.2437 14.0238,
	98.2475 14.0083,
	98.2668 13.9775,
	98.2746 13.9466,
	98.3402 13.8231,
	98.3826 13.7652,
	98.4328 13.7073,
	98.4559 13.6803,
	98.5138 13.6224,
	98.5408 13.5916,
	98.5756 13.5298,
	98.591 13.5144,
	98.6064 13.5105,
	98.6142 13.5028,
	98.6412 13.4951,
	98.6566 13.499,
	98.672 13.4951,
	98.6836 13.4835,
	98.7145 13.4758,
	98.7454 13.4758,
	98.7762 13.4951,
	98.8071 13.5067,
	98.838 13.5028,
	98.8534 13.5105,
	98.8997 13.5684,
	98.9074 13.5839,
	98.9383 13.6147,
	98.9576 13.6456,
	98.9885 13.7691,
	98.9923 13.8,
	99.0425 13.9235,
	99.0772 13.9852,
	99.0965 14.0161,
	99.1004 14.0469,
	99.1043 14.0624,
	99.0734 14.1241,
	99.0579 14.155,
	99.0502 14.2167,
	99.0348 14.2785,
	99.0078 14.3402,
	98.9267 14.4637,
	98.8727 14.5255,
	98.811 14.5833,
	98.7801 14.6065,
	98.7647 14.6219,
	98.7492 14.6297,
	98.7415 14.6374,
	98.6798 14.6567,
	98.6643 14.6567,
	98.6334 14.6682,
	98.618 14.676,
	98.6103 14.676,
	98.5485 14.7184,
	98.4868 14.7454,
	98.4559 14.7454,
	98.398 14.7223,
	98.3402 14.6721,
	98.3131 14.6451,
	98.2977 14.6297,
	98.2205 14.51,
	98.1819 14.4483,
	98.1588 14.3865,
	98.1472 14.3248,
	98.1472 14.263,
	98.1472 14.2322,
	98.1472 14.2206,
	"/>
</Transform>

<Transform dim="0"
 xcoef=" 0 1 0 0 0 0"
 ycoef=" 0 0 1 0 0 0">
<Image mag="0.00855" contrast="1" brightness="0" red="true" green="true" blue="true"
 src="Aligned 633575.tif" />
<Contour name="a1" hidden="false" closed="true" simplified="false" border="1 0.5 0" fill="1 0.5 0" mode="11"
 points="0 0,
	15991 0,
	15991 12171,
	0 12171,
	"/>
</Transform>

<Transform dim="0"
 xcoef=" 0 1 0 0 0 0"
 ycoef=" 0 0 1 0 0 0">
<Contour name="TB2_T2C-02_cw" hidden="false" closed="true" simplified="true" border="0 0.502 0.753" fill="0 0.502 0.753" mode="15"
 points="74.3721 43.8164,
	74.4158 43.729,
	74.4595 43.6962,
	74.8094 43.6525,
	74.8968 43.565,
	74.9406 43.5213,
	75.028 43.3464,
	75.0608 43.2589,
	75.1373 43.1714,
	75.2139 43.1058,
	75.3013 43.0731,
	75.345 43.0512,
	75.4325 43.0512,
	75.52 43.1058,
	75.6074 43.1386,
	75.6511 43.1496,
	75.7386 43.1277,
	75.8261 43.1605,
	75.9026 43.2261,
	75.9573 43.3136,
	76.0119 43.4885,
	76.0338 43.6634,
	76.0119 43.7509,
	76.0119 43.7727,
	75.9791 43.8164,
	75.8917 43.8492,
	75.8042 43.8164,
	75.7167 43.8274,
	75.6293 43.8602,
	75.5528 43.9258,
	75.4872 44.1007,
	75.4762 44.1881,
	75.4434 44.2756,
	75.3013 44.4287,
	75.2467 44.5161,
	75.2139 44.6036,
	75.2029 44.691,
	75.2139 44.7785,
	75.2029 44.8659,
	75.1592 44.9534,
	75.1264 44.9753,
	75.1155 44.9643,
	75.1045 44.9753,
	75.0061 44.8003,
	75.0061 44.7566,
	74.9843 44.7348,
	74.9624 44.7348,
	74.875 44.8003,
	74.8422 44.8441,
	74.8203 44.8659,
	74.7766 44.8769,
	74.7438 44.8441,
	74.7328 44.7566,
	74.7438 44.6692,
	74.8968 44.5161,
	75.028 44.3412,
	75.0717 44.2537,
	75.0717 44.1663,
	75.0389 44.1335,
	75.0171 44.1225,
	74.8422 44.2319,
	74.7547 44.2428,
	74.711 44.2319,
	74.5579 44.057,
	74.4705 43.9695,
	74.4486 43.9258,
	74.3721 43.8383,
	74.3721 43.8274,
	"/>
<Contour name="TB2_T2C-02_cw" hidden="false" closed="true" simplified="true" border="0 0.502 0.753" fill="0 0.502 0.753" mode="15"
 points="75.5418 42.2203,
	75.5746 41.8705,
	75.5965 41.8268,
	75.5965 41.8049,
	75.6184 41.783,
	75.6184 41.7612,
	75.6402 41.7393,
	75.6949 41.5644,
	75.6839 41.3895,
	75.673 41.302,
	75.6511 41.2583,
	75.6511 41.2146,
	75.6293 41.1708,
	75.6293 41.0834,
	75.6839 40.9959,
	75.8479 40.821,
	75.8807 40.7882,
	75.9682 40.7554,
	76.1431 40.7663,
	76.2306 40.7991,
	76.3945 40.9194,
	76.482 40.9303,
	76.6569 40.9085,
	76.7444 40.8975,
	76.7881 40.8866,
	76.963 40.9631,
	77.0505 41.0506,
	77.1379 41.1162,
	77.2254 41.149,
	77.2691 41.1818,
	77.3129 41.2692,
	77.3129 41.313,
	77.2691 41.4004,
	77.2691 41.4441,
	77.2582 41.4551,
	77.2691 41.4988,
	77.444 41.5863,
	77.619 41.6519,
	77.7939 41.6847,
	77.9688 41.7721,
	78.0344 41.8486,
	78.0453 41.8705,
	78.0016 41.958,
	77.9251 42.0236,
	77.8376 42.0564,
	77.7501 42.111,
	77.6627 42.1438,
	77.5752 42.1438,
	77.4878 42.1766,
	77.3129 42.3187,
	77.1926 42.4936,
	77.1161 42.5483,
	77.0286 42.5592,
	76.9849 42.5592,
	76.9412 42.592,
	76.9193 42.6139,
	76.81 42.9637,
	76.7334 43.1386,
	76.6897 43.1824,
	76.6569 43.2698,
	76.646 43.2917,
	76.6023 43.2808,
	76.5476 43.2261,
	76.5257 43.1386,
	76.4492 43.0621,
	76.4055 43.084,
	76.3836 43.084,
	76.3289 42.9965,
	76.318 42.8216,
	76.3071 42.7342,
	76.2634 42.6467,
	76.1759 42.592,
	76.154 42.5702,
	75.9791 42.603,
	75.8917 42.6139,
	75.8042 42.592,
	75.7714 42.5592,
	75.7495 42.4718,
	75.673 42.3953,
	75.5856 42.3625,
	75.5528 42.3297,
	75.5418 42.2422,
	75.5418 42.2313,
	"/>
<Contour name="TB2_T2C-02_cw" hidden="false" closed="true" simplified="true" border="0 0.502 0.753" fill="0 0.502 0.753" mode="15"
 points="76.4164 38.3613,
	76.4601 38.1863,
	76.482 38.0989,
	76.5913 37.9349,
	76.6569 37.8474,
	76.7444 37.76,
	76.9193 37.6835,
	77.0067 37.6507,
	77.0505 37.6616,
	77.0942 37.6944,
	77.1161 37.7381,
	77.2801 37.9021,
	77.3566 37.9786,
	77.3894 38.0224,
	77.4331 38.1973,
	77.4112 38.3722,
	77.3675 38.4596,
	77.3456 38.5471,
	77.3238 38.5908,
	77.3238 38.6127,
	77.291 38.6564,
	77.2691 38.7439,
	77.1926 38.9188,
	77.1598 39.0063,
	77.127 39.3561,
	77.1051 39.531,
	77.0942 39.6185,
	77.0614 39.7059,
	77.0286 39.7387,
	77.0067 39.7387,
	76.974 39.695,
	76.974 39.6513,
	76.9193 39.5638,
	76.8865 39.5201,
	76.8318 39.3452,
	76.799 39.2577,
	76.7444 39.1702,
	76.5804 39.0063,
	76.5585 38.8313,
	76.5585 38.7439,
	76.5476 38.7002,
	76.4383 38.5252,
	76.4164 38.4815,
	76.4164 38.3941,
	76.4164 38.3722,
	"/>
</Transform>

<Transform dim="0"
 xcoef=" 0 1 0 0 0 0"
 ycoef=" 0 0 1 0 0 0">
<Contour name="TB2 NF_26_cw" hidden="false" closed="true" simplified="true" border="0.992 0.867 0.443" fill="0.992 0.867 0.443" mode="15"
 points="54.9419 12.4343,
	54.9601 12.3856,
	54.9905 12.337,
	55.027 12.3005,
	55.0635 12.2519,
	55.106 12.2215,
	55.1547 12.2032,
	55.179 12.1911,
	55.2276 12.1971,
	55.2702 12.2154,
	55.3188 12.2093,
	55.3675 12.1911,
	55.3796 12.1911,
	55.4283 12.1607,
	55.4404 12.1485,
	55.4891 12.1363,
	55.5864 12.1424,
	55.635 12.1607,
	55.6593 12.1607,
	55.708 12.1789,
	55.9026 12.1424,
	55.9269 12.1424,
	55.939 12.1363,
	56.0363 12.1667,
	56.0606 12.1667,
	56.1093 12.185,
	56.2066 12.2032,
	56.2552 12.2032,
	56.3525 12.1789,
	56.4011 12.1728,
	56.4984 12.1911,
	56.5471 12.2093,
	56.5836 12.2579,
	56.5896 12.3066,
	56.5775 12.3552,
	56.541 12.4039,
	56.4923 12.4404,
	56.3951 12.489,
	56.2978 12.5072,
	56.2005 12.5133,
	56.1032 12.4708,
	56.091 12.4708,
	55.9938 12.5255,
	55.9451 12.5376,
	55.8478 12.5194,
	55.8235 12.5133,
	55.7262 12.5437,
	55.6776 12.5498,
	55.6533 12.5559,
	55.6046 12.5498,
	55.5073 12.5802,
	55.41 12.6228,
	55.3614 12.6349,
	55.3128 12.6228,
	55.2884 12.6167,
	55.2398 12.5741,
	55.2155 12.568,
	55.1182 12.5863,
	55.0939 12.5802,
	55.0817 12.5802,
	55.0331 12.5437,
	55.0209 12.5376,
	54.9966 12.5437,
	54.9723 12.5376,
	54.9419 12.489,
	54.9419 12.4404,
	"/>
</Transform>

<Transform dim="0"
 xcoef=" 0 1 0 0 0 0"
 ycoef=" 0 0 1 0 0 0">
<Contour name="TB2 NF_26_cw" hidden="false" closed="true" simplified="true" border="0.992 0.867 0.443" fill="0.992 0.867 0.443" mode="15"
 points="57.4834 9.37587,
	57.5807 9.28466,
	57.6294 9.2421,
	57.6537 9.22994,
	57.751 9.14482,
	57.8483 9.07793,
	57.9455 9.02321,
	57.9577 9.02321,
	57.982 9.00497,
	58.3712 8.87728,
	58.7603 8.79824,
	58.809 8.78,
	59.0035 8.73743,
	59.1008 8.70703,
	59.1495 8.68879,
	59.1616 8.67663,
	59.1738 8.67663,
	59.1859 8.66447,
	59.2103 8.65839,
	59.3075 8.59151,
	59.4048 8.53678,
	59.5994 8.4699,
	59.794 8.41518,
	59.8913 8.39086,
	59.9399 8.37261,
	59.9885 8.36653,
	60.0858 8.33613,
	60.1345 8.32397,
	60.1831 8.32397,
	60.2317 8.33613,
	60.2561 8.34221,
	60.2804 8.36045,
	60.2926 8.38478,
	60.2743 8.43342,
	60.2074 8.5307,
	60.1892 8.54286,
	60.1709 8.56718,
	60.1223 8.59759,
	60.0372 8.67663,
	59.6602 8.95025,
	59.6116 8.98065,
	59.5872 8.98673,
	59.5386 9.01713,
	59.4413 9.05361,
	59.344 9.07793,
	59.2467 9.09009,
	59.1981 9.10225,
	59.1495 9.14482,
	59.1251 9.16306,
	59.0765 9.17522,
	59.0278 9.16914,
	58.9792 9.17522,
	58.9549 9.1813,
	58.9123 9.21778,
	58.888 9.22994,
	58.8758 9.2421,
	58.8637 9.2421,
	58.8394 9.26034,
	58.6448 9.29074,
	58.5475 9.33331,
	58.4502 9.36371,
	58.3529 9.38195,
	58.3043 9.38195,
	58.207 9.41235,
	58.0124 9.41235,
	57.8179 9.43667,
	57.7206 9.45491,
	57.6719 9.45491,
	57.6233 9.46707,
	57.5746 9.46707,
	57.5564 9.47315,
	57.5078 9.44275,
	57.4895 9.42451,
	57.4834 9.38195,
	"/>
</Transform>

<Transform dim="0"
 xcoef=" 0 1 0 0 0 0"
 ycoef=" 0 0 1 0 0 0">
<Contour name="TB2 NF_26_cw" hidden="false" closed="true" simplified="true" border="0.992 0.867 0.443" fill="0.992 0.867 0.443" mode="15"
 points="62.0376 7.76458,
	62.0619 7.7585,
	62.1106 7.7281,
	62.1592 7.68554,
	62.2504 7.62473,
	62.2747 7.61257,
	62.3234 7.57001,
	62.5119 7.46056,
	62.5605 7.418,
	62.6578 7.3572,
	62.7064 7.32072,
	62.7551 7.2964,
	62.8037 7.25991,
	62.828 7.24775,
	62.8402 7.23559,
	62.8645 7.22951,
	62.8767 7.21735,
	62.8889 7.21735,
	62.9861 7.15047,
	63.0105 7.13831,
	63.0226 7.13831,
	63.0713 7.10791,
	63.0956 7.08966,
	63.1077 7.08966,
	63.3023 6.96806,
	63.351 6.94374,
	63.3692 6.9255,
	63.4178 6.90725,
	63.6124 6.79173,
	63.7036 6.73701,
	63.7158 6.72484,
	63.7279 6.72484,
	63.7523 6.7066,
	63.8009 6.69444,
	63.8252 6.68228,
	64.0198 6.63972,
	64.1171 6.60932,
	64.2144 6.60932,
	64.263 6.62148,
	64.3117 6.65188,
	64.3299 6.6762,
	64.336 6.72484,
	64.2691 6.81605,
	64.2326 6.85253,
	64.184 6.88901,
	64.0867 6.93766,
	64.038 6.96806,
	63.9408 7.00454,
	63.8921 7.02278,
	63.8678 7.03494,
	63.8556 7.03494,
	63.8435 7.0471,
	63.6489 7.12007,
	63.5516 7.15655,
	63.503 7.17479,
	63.4786 7.18695,
	63.4665 7.18695,
	63.4543 7.19911,
	63.4422 7.19911,
	63.43 7.21127,
	63.4178 7.21127,
	63.4057 7.22343,
	63.2111 7.30856,
	63.1625 7.33896,
	63.1503 7.33896,
	63.1381 7.35112,
	62.9436 7.44232,
	62.8463 7.48489,
	62.822 7.50313,
	62.8098 7.50313,
	62.7612 7.53353,
	62.7125 7.55177,
	62.6882 7.56393,
	62.676 7.57609,
	62.5788 7.61865,
	62.5301 7.64297,
	62.3355 7.70378,
	62.141 7.75242,
	62.0498 7.77674,
	62.0437 7.77066,
	"/>
</Transform>

<Transform dim="0"
 xcoef=" 0 1 0 0 0 0"
 ycoef=" 0 0 1 0 0 0">
<Contour name="TB2 NF_26_cw" hidden="false" closed="true" simplified="true" border="0.992 0.867 0.443" fill="0.992 0.867 0.443" mode="15"
 points="64.8042 6.09249,
	64.8346 5.99521,
	64.8528 5.94656,
	64.8832 5.89792,
	64.9014 5.8736,
	64.944 5.84928,
	64.9926 5.8128,
	65.0899 5.76415,
	65.1143 5.73983,
	65.1386 5.72767,
	65.1629 5.70335,
	65.2602 5.67295,
	65.2845 5.66687,
	65.2967 5.65471,
	65.3939 5.64863,
	65.4426 5.64863,
	65.4912 5.66079,
	65.5885 5.65471,
	65.9777 5.72159,
	66.002 5.72159,
	66.0263 5.73375,
	66.1236 5.75199,
	66.3182 5.83104,
	66.4154 5.87968,
	66.4458 5.92832,
	66.4519 5.95264,
	66.458 5.9648,
	66.4519 6.01345,
	66.4519 6.03777,
	66.4215 6.08641,
	66.3729 6.12897,
	66.2999 6.22018,
	66.2026 6.28706,
	66.154 6.3053,
	66.1053 6.3357,
	66.081 6.35394,
	65.9837 6.39043,
	65.9351 6.40867,
	65.9108 6.40867,
	65.8865 6.42083,
	65.8378 6.42691,
	65.7405 6.46339,
	65.6919 6.47555,
	65.6676 6.48771,
	65.5703 6.50595,
	65.473 6.54852,
	65.4244 6.56676,
	65.3757 6.57284,
	65.3514 6.57284,
	65.3392 6.56676,
	65.3331 6.57892,
	65.2359 6.57892,
	65.1872 6.56676,
	65.1629 6.54852,
	65.0656 6.50595,
	64.9683 6.44515,
	64.8771 6.36611,
	64.8224 6.26882,
	64.8102 6.22018,
	64.8042 6.12289,
	64.8042 6.09857,
	"/>
</Transform>

</Section>