<?xml version="1.0"?>
<!DOCTYPE Section SYSTEM "section.dtd">

<Section index="130" thickness="0.085" alignLocked="true">
<Transform dim="0"
 xcoef=" 0 1 0 0 0 0"
 ycoef=" 0 0 1 0 0 0">
<Image mag="0.00855" contrast="1" brightness="0" red="true" green="true" blue="true"
 src="Aligned 633130.tif" />
<Contour name="domain1" hidden="false" closed="true" simplified="false" border="1 0 1" fill="1 0 1" mode="11"
 points="0 0,
	15991 0,
	15991 12171,
	0 12171,
	"/>
</Transform>

<Transform dim="0"
 xcoef=" 0 1 0 0 0 0"
 ycoef=" 0 0 1 0 0 0">
<Contour name="TB2 NF_15" hidden="true" closed="true" simplified="false" border="1 1 0" fill="1 1 0" mode="-9"
 points="79.1337 3.9906,
	79.1936 3.93075,
	79.2734 3.91079,
	79.3532 3.93075,
	79.413 4.09037,
	79.413 4.13028,
	79.3731 4.17018,
	79.2135 4.17018,
	79.1537 4.09037,
	79.1337 4.01056,
	"/>
</Transform>

<Transform dim="0"
 xcoef=" 0 1 0 0 0 0"
 ycoef=" 0 0 1 0 0 0">
<Contour name="TB2 NF_15" hidden="true" closed="true" simplified="false" border="1 1 0" fill="1 1 0" mode="-9"
 points="78.7823 4.56334,
	78.8122 4.53345,
	78.8122 4.51352,
	78.882 4.43381,
	78.9218 4.39396,
	79.0813 4.32421,
	79.161 4.32421,
	79.2008 4.34414,
	79.2606 4.42385,
	79.2805 4.50356,
	79.2905 4.54341,
	79.2706 4.62312,
	79.2207 4.67294,
	79.2008 4.67294,
	79.1211 4.72276,
	79.0414 4.73272,
	79.0015 4.74268,
	78.9816 4.75265,
	78.9019 4.74268,
	78.8621 4.72276,
	78.8322 4.6829,
	78.8322 4.66297,
	78.7823 4.58327,
	78.7823 4.5733,
	"/>
</Transform>

<Transform dim="0"
 xcoef=" 0 1 0 0 0 0"
 ycoef=" 0 0 1 0 0 0">
<Contour name="TB2 NF_15" hidden="true" closed="true" simplified="false" border="1 1 0" fill="1 1 0" mode="-9"
 points="78.8421 2.82967,
	78.8521 2.78981,
	78.9119 2.72007,
	78.9517 2.70014,
	79.0314 2.7101,
	79.0713 2.72007,
	79.141 2.78981,
	79.151 2.86952,
	79.141 2.90938,
	79.0613 2.9592,
	78.9816 2.97912,
	78.9019 2.94923,
	78.8521 2.89941,
	78.8421 2.85956,
	78.8421 2.83963,
	"/>
</Transform>

<Transform dim="0"
 xcoef=" 0 1 0 0 0 0"
 ycoef=" 0 0 1 0 0 0">
<Contour name="TB2 NF_18" hidden="true" closed="true" simplified="true" border="0.501961 0.501961 1" fill="0.501961 0.501961 1" mode="-9"
 points="87.2069 8.19441,
	87.3658 7.91184,
	87.4541 7.77056,
	87.5954 7.6646,
	87.7367 7.61161,
	87.8073 7.59395,
	87.9486 7.64694,
	87.9839 7.68226,
	88.0192 7.82354,
	88.0192 7.89418,
	88.0899 8.03546,
	88.1075 8.1061,
	88.1605 8.17675,
	88.1782 8.45931,
	88.1782 8.60059,
	88.1252 8.74188,
	88.0369 8.88316,
	87.8956 9.02444,
	87.825 9.0421,
	87.7013 8.91848,
	87.6307 8.90082,
	87.5071 8.75954,
	87.4188 8.61825,
	87.2952 8.47697,
	87.2069 8.33569,
	87.2069 8.21207,
	"/>
</Transform>

<Transform dim="0"
 xcoef=" 0 1 0 0 0 0"
 ycoef=" 0 0 1 0 0 0">
<Contour name="TB2 NF_18" hidden="true" closed="true" simplified="true" border="0.501961 0.501961 1" fill="0.501961 0.501961 1" mode="-9"
 points="87.666 11.3203,
	87.6837 11.3026,
	87.719 11.338,
	87.7013 11.1967,
	87.719 11.0554,
	87.7896 10.9141,
	87.9133 10.8081,
	88.0545 10.7905,
	88.1252 10.8258,
	88.2665 10.8435,
	88.3901 10.9671,
	88.4254 11.2496,
	88.3724 11.3909,
	88.3371 11.4616,
	88.1958 11.6029,
	88.0545 11.6912,
	87.9839 11.7265,
	87.8426 11.7265,
	87.772 11.7088,
	87.7013 11.6558,
	87.666 11.5146,
	87.666 11.3733,
	87.666 11.338,
	"/>
</Transform>

<Transform dim="0"
 xcoef=" 0 1 0 0 0 0"
 ycoef=" 0 0 1 0 0 0">
<Contour name="TB2 NF_18" hidden="true" closed="true" simplified="true" border="0.501961 0.501961 1" fill="0.501961 0.501961 1" mode="-9"
 points="90.9893 4.22604,
	91.0072 4.2171,
	91.0251 4.22604,
	91.0251 4.20817,
	91.0787 4.13669,
	91.2216 4.02948,
	91.3646 3.96693,
	91.6505 3.90439,
	91.7934 3.90439,
	91.8649 3.94013,
	91.9364 4.00267,
	91.9543 4.03841,
	91.9543 4.10989,
	91.9096 4.18136,
	91.8738 4.2171,
	91.8024 4.26177,
	91.6594 4.31538,
	91.3735 4.36005,
	91.2306 4.36899,
	91.0876 4.32432,
	91.0697 4.32432,
	91.0072 4.26177,
	90.9893 4.24391,
	90.9893 4.23497,
	"/>
</Transform>

<Transform dim="0"
 xcoef=" 0 1 0 0 0 0"
 ycoef=" 0 0 1 0 0 0">
<Contour name="TB2 NF_18" hidden="true" closed="true" simplified="true" border="0.501961 0.501961 1" fill="0.501961 0.501961 1" mode="-9"
 points="92.2044 0.0714763,
	92.2402 0,
	92.3116 -0.0446727,
	92.3831 -0.0714763,
	92.669 -0.0268036,
	92.812 0.0268036,
	92.9549 0.107214,
	93.0979 0.160822,
	93.1336 0.169756,
	93.4195 0.348447,
	93.5535 0.455661,
	93.6697 0.589679,
	93.7144 0.661156,
	93.7322 0.732632,
	93.7233 0.741567,
	93.768 0.813043,
	93.7858 0.848781,
	93.7858 0.884519,
	93.7858 0.902388,
	93.7501 0.938126,
	93.6786 0.947061,
	93.5357 0.938126,
	93.4642 0.920257,
	93.4285 0.920257,
	93.2855 0.875585,
	93.1426 0.813043,
	93.1068 0.795174,
	93.0889 0.777305,
	93.0711 0.777305,
	92.9996 0.732632,
	92.9817 0.714763,
	92.9103 0.687959,
	92.8924 0.687959,
	92.8209 0.634352,
	92.7852 0.616483,
	92.7673 0.598614,
	92.7316 0.589679,
	92.6958 0.562876,
	92.678 0.545007,
	92.6601 0.545007,
	92.5886 0.482465,
	92.5529 0.464596,
	92.4099 0.339512,
	92.3384 0.285905,
	92.2223 0.151887,
	92.2044 0.134018,
	92.2044 0.0982799,
	92.2044 0.0804108,
	"/>
</Transform>

<Transform dim="0"
 xcoef=" 0 1 0 0 0 0"
 ycoef=" 0 0 1 0 0 0">
<Contour name="TB2 NF_18" hidden="true" closed="true" simplified="true" border="0.501961 0.501961 1" fill="0.501961 0.501961 1" mode="-9"
 points="92.326 3.79572,
	92.3381 3.69839,
	92.4233 3.60107,
	92.5085 3.54024,
	92.5328 3.51591,
	92.7275 3.46724,
	92.9221 3.46724,
	93.0194 3.47941,
	93.1168 3.52807,
	93.2141 3.60107,
	93.2506 3.69839,
	93.2627 3.79572,
	93.2384 3.84438,
	93.1898 3.89304,
	92.8004 3.9782,
	92.7031 3.99037,
	92.5085 3.96604,
	92.4598 3.95387,
	92.3625 3.88088,
	92.326 3.83222,
	92.326 3.80788,
	"/>
</Transform>

<Transform dim="0"
 xcoef=" 0 1 0 0 0 0"
 ycoef=" 0 0 1 0 0 0">
<Contour name="TB2 NF_18" hidden="true" closed="true" simplified="true" border="0.501961 0.501961 1" fill="0.501961 0.501961 1" mode="-9"
 points="95.6594 2.55481,
	95.7446 2.48182,
	95.7811 2.43315,
	95.8054 2.44532,
	95.7811 2.46965,
	95.8662 2.48182,
	95.9635 2.45748,
	96.0609 2.45748,
	96.1095 2.44532,
	96.1339 2.43315,
	96.2312 2.45748,
	96.3285 2.50615,
	96.3772 2.55481,
	96.3772 2.60347,
	96.3042 2.67647,
	96.2799 2.7008,
	96.0852 2.76163,
	95.8906 2.76163,
	95.7932 2.7373,
	95.7446 2.71297,
	95.7081 2.61564,
	95.7202 2.56698,
	95.7081 2.55481,
	95.6716 2.59131,
	95.6594 2.56698,
	"/>
<Contour name="TB2 NF_18" hidden="true" closed="true" simplified="true" border="0.501961 0.501961 1" fill="0.501961 0.501961 1" mode="-9"
 points="91.8394 3.64973,
	91.9123 3.56457,
	91.9975 3.50374,
	92.1922 3.49157,
	92.2895 3.52807,
	92.3746 3.6254,
	92.3868 3.72272,
	92.3625 3.77139,
	92.3138 3.78355,
	92.2652 3.82005,
	92.1678 3.83222,
	91.9732 3.80788,
	91.9245 3.79572,
	91.9245 3.77139,
	91.8394 3.68623,
	91.8394 3.6619,
	"/>
<Contour name="TB2 NF_18" hidden="true" closed="true" simplified="true" border="0.501961 0.501961 1" fill="0.501961 0.501961 1" mode="-9"
 points="91.4744 4.35534,
	91.5109 4.30668,
	91.5352 4.31885,
	91.523 4.36751,
	91.7177 4.29451,
	91.815 4.25802,
	91.8394 4.23369,
	91.8637 4.23369,
	92.0583 4.12419,
	92.253 4.0512,
	92.4476 4.0147,
	92.8369 3.99037,
	93.0316 3.96604,
	93.1289 3.96604,
	93.1776 3.9782,
	93.2141 4.02687,
	93.2141 4.0512,
	93.1168 4.11203,
	92.7275 4.23369,
	92.6301 4.23369,
	92.5328 4.25802,
	92.4355 4.25802,
	92.3868 4.28235,
	92.2895 4.29451,
	92.0948 4.36751,
	91.9002 4.41617,
	91.7055 4.4405,
	91.5109 4.41617,
	91.4744 4.36751,
	"/>
</Transform>

<Transform dim="0"
 xcoef=" 0 1 0 0 0 0"
 ycoef=" 0 0 1 0 0 0">
<Contour name="TB2 NF_18" hidden="true" closed="true" simplified="true" border="0.501961 0.501961 1" fill="0.501961 0.501961 1" mode="-9"
 points="86.9283 10.075,
	86.9688 9.91297,
	86.9789 9.83196,
	86.9688 9.75096,
	86.9789 9.66995,
	86.9789 9.62945,
	87.0093 9.54844,
	87.0194 9.50794,
	87.0903 9.43706,
	87.2523 9.39656,
	87.2928 9.39656,
	87.3738 9.36618,
	87.4143 9.37631,
	87.4346 9.37631,
	87.465 9.41681,
	87.4751 9.45731,
	87.465 9.49782,
	87.3941 9.57882,
	87.3536 9.6092,
	87.3333 9.6497,
	87.3333 9.81171,
	87.3232 9.89272,
	87.3232 9.91297,
	87.1916 10.0649,
	87.1511 10.1054,
	87.0701 10.1459,
	87.0296 10.156,
	86.9587 10.1357,
	86.9283 10.0952,
	86.9283 10.0851,
	"/>
</Transform>

<Transform dim="0"
 xcoef=" 0 1 0 0 0 0"
 ycoef=" 0 0 1 0 0 0">
<Contour name="TB2 NF_15" hidden="true" closed="true" simplified="false" border="1 1 0" fill="1 1 0" mode="-9"
 points="78.3343 5.03645,
	78.461 4.9731,
	78.5243 4.94142,
	78.6193 5.03645,
	78.651 5.28986,
	78.651 5.35321,
	78.5877 5.41656,
	78.5243 5.41656,
	78.3976 5.32153,
	78.3343 5.19483,
	78.3343 5.06813,
	"/>
</Transform>

<Transform dim="0"
 xcoef=" 0 1 0 0 0 0"
 ycoef=" 0 0 1 0 0 0">
<Contour name="TB2 NF_17" hidden="true" closed="true" simplified="true" border="1 0.501961 0.501961" fill="1 0.501961 0.501961" mode="-9"
 points="87.0565 12.9868,
	87.0911 12.8487,
	87.1601 12.7105,
	87.281 12.5896,
	87.5573 12.4687,
	87.6955 12.4514,
	87.9718 12.5378,
	88.0927 12.6587,
	88.1791 12.7968,
	88.2654 13.0732,
	88.3345 13.2113,
	88.369 13.3495,
	88.5935 13.574,
	88.7317 13.6085,
	88.8008 13.6085,
	89.3534 13.8158,
	89.4225 13.833,
	89.457 13.8676,
	89.5261 13.8848,
	89.8024 14.1093,
	89.9233 14.2475,
	90.0096 14.5238,
	89.9924 14.8001,
	89.8715 15.0764,
	89.7679 15.2146,
	89.6988 15.2837,
	89.5779 15.37,
	89.3016 15.4218,
	89.1634 15.4218,
	89.0253 15.3528,
	88.8871 15.2319,
	88.8526 15.1628,
	88.818 15.1283,
	88.7144 14.8519,
	88.6108 14.7138,
	88.4899 14.6102,
	88.3517 14.662,
	88.1618 14.921,
	88.0582 15.0592,
	87.92 15.1283,
	87.7818 15.0764,
	87.6437 14.9728,
	87.6092 14.9037,
	87.5746 14.8865,
	87.5919 14.8519,
	87.661 14.8865,
	87.6782 14.8692,
	87.5228 14.5929,
	87.4192 14.4547,
	87.3674 14.3857,
	87.3674 14.3511,
	87.3156 14.282,
	87.2292 14.0057,
	87.1947 13.9366,
	87.1947 13.8676,
	87.1429 13.7294,
	87.0565 13.1768,
	87.0565 13.0386,
	87.0565 13.0041,
	"/>
</Transform>

<Transform dim="0"
 xcoef=" 0 1 0 0 0 0"
 ycoef=" 0 0 1 0 0 0">
<Contour name="TB2 NF_15" hidden="true" closed="true" simplified="false" border="1 1 0" fill="1 1 0" mode="-9"
 points="78.6575 5.63589,
	78.6797 5.45768,
	78.7243 5.36858,
	78.9025 5.19037,
	79.0807 5.07899,
	79.2589 5.05671,
	79.4371 5.16809,
	79.5485 5.3463,
	79.5931 5.39085,
	79.6153 5.47996,
	79.6822 5.56906,
	79.6822 5.65817,
	79.5708 5.8141,
	79.4817 5.85866,
	79.3035 5.83638,
	79.1253 5.76955,
	79.0362 5.74727,
	78.9916 5.725,
	78.9025 5.76955,
	78.8134 5.725,
	78.7688 5.725,
	78.6797 5.65817,
	"/>
</Transform>

<Transform dim="0"
 xcoef=" 0 1 0 0 0 0"
 ycoef=" 0 0 1 0 0 0">
<Contour name="TB2 NF_24" hidden="true" closed="true" simplified="true" border="1 0.501961 0.25098" fill="1 0.501961 0.25098" mode="-9"
 points="84.4271 70.2476,
	84.4588 70.1843,
	84.5855 70.0575,
	84.8231 69.9149,
	84.9499 69.8674,
	85.0766 69.8832,
	85.14 69.9149,
	85.1717 69.9466,
	85.2509 70.2001,
	85.2667 70.4536,
	85.2667 70.5803,
	85.2351 70.7071,
	85.1242 70.8338,
	85.0925 70.8655,
	85.0291 70.8655,
	84.9974 70.8814,
	84.7439 70.8021,
	84.6806 70.7388,
	84.6172 70.7071,
	84.5063 70.5803,
	84.4588 70.517,
	84.4271 70.3902,
	84.4271 70.2635,
	"/>
</Transform>

<Transform dim="0"
 xcoef=" 0 1 0 0 0 0"
 ycoef=" 0 0 1 0 0 0">
<Contour name="TB2 NF_24" hidden="true" closed="true" simplified="true" border="1 0.501961 0.25098" fill="1 0.501961 0.25098" mode="-9"
 points="83.2705 70.01,
	83.3022 69.9466,
	83.3022 69.9149,
	83.3814 69.7882,
	83.4923 69.5347,
	83.5557 69.408,
	83.6666 69.2812,
	83.73 69.2495,
	83.7934 69.2495,
	83.8567 69.2812,
	83.9201 69.3446,
	83.9201 69.3763,
	83.9518 69.408,
	83.9993 69.6614,
	84.0468 69.7882,
	84.031 69.9149,
	83.9993 69.9783,
	83.7617 70.2159,
	83.6983 70.2476,
	83.4448 70.2159,
	83.3814 70.2001,
	83.2705 70.0892,
	83.2705 70.0258,
	"/>
</Transform>

<Transform dim="0"
 xcoef=" 0 1 0 0 0 0"
 ycoef=" 0 0 1 0 0 0">
<Contour name="TB2 NF_17" hidden="true" closed="true" simplified="true" border="1 0.501961 0.501961" fill="1 0.501961 0.501961" mode="-9"
 points="79.9426 5.13197,
	80.0394 4.97704,
	80.3492 4.80275,
	80.5042 4.76402,
	80.6591 4.78338,
	80.7366 4.80275,
	80.8721 4.95768,
	80.9109 4.99641,
	80.969 5.15134,
	80.9883 5.2288,
	80.9302 5.38373,
	80.7753 5.53866,
	80.6204 5.63549,
	80.6204 5.67422,
	80.5429 5.71295,
	80.5042 5.75168,
	80.3492 5.75168,
	80.1943 5.71295,
	80.0394 5.57739,
	79.9813 5.49992,
	79.9426 5.345,
	79.9426 5.19007,
	79.9426 5.15134,
	"/>
</Transform>

<Transform dim="0"
 xcoef=" 0 1 0 0 0 0"
 ycoef=" 0 0 1 0 0 0">
<Contour name="TB2 NF_28-FR" hidden="false" closed="true" simplified="true" border="1 0.501961 0.501961" fill="1 0.501961 0.501961" mode="-9"
 points="102.999 5.70429,
	103.097 5.63439,
	103.32 5.53652,
	103.544 5.50856,
	103.6 5.52254,
	103.67 5.63439,
	103.67 5.85808,
	103.642 6.08178,
	103.614 6.19363,
	103.586 6.24955,
	103.376 6.45927,
	103.362 6.5152,
	103.376 6.62704,
	103.334 6.73889,
	103.278 6.78084,
	103.25 6.78084,
	103.264 6.89269,
	103.139 7.11638,
	103.083 7.1024,
	103.041 7.04648,
	103.027 6.93463,
	103.097 6.71093,
	103.111 6.59908,
	103.111 6.54316,
	103.181 6.31946,
	103.153 6.20761,
	103.055 5.98391,
	103.027 5.87206,
	103.027 5.76022,
	103.013 5.71827,
	"/>
</Transform>

<Transform dim="0"
 xcoef=" 0 1 0 0 0 0"
 ycoef=" 0 0 1 0 0 0">
<Contour name="TB2 NF_24" hidden="true" closed="true" simplified="true" border="1 0.501961 0.25098" fill="1 0.501961 0.25098" mode="-9"
 points="79.4774 54.0615,
	79.5046 53.6254,
	79.5864 53.4074,
	79.6545 53.2984,
	79.859 53.0939,
	79.9135 53.0803,
	80.0225 53.1212,
	80.077 53.1485,
	80.1724 53.2575,
	80.2269 53.3665,
	80.2814 53.5845,
	80.3087 53.8026,
	80.3223 54.6748,
	80.2678 54.8928,
	80.186 55.1109,
	80.1451 55.3289,
	80.1451 56.2011,
	80.1179 56.6372,
	80.1179 57.0733,
	80.1451 57.5094,
	80.1451 57.6184,
	80.1179 57.7274,
	80.0634 57.7683,
	80.0089 57.7819,
	79.9544 57.7547,
	79.9135 57.7001,
	79.8453 57.4821,
	79.7772 56.6099,
	79.7499 55.7377,
	79.7091 55.3016,
	79.5864 54.8656,
	79.491 54.4295,
	79.4774 54.2114,
	79.4774 54.1024,
	79.4774 54.0751,
	"/>
</Transform>

<Transform dim="0"
 xcoef=" 0 1 0 0 0 0"
 ycoef=" 0 0 1 0 0 0">
<Contour name="TB2 NF_24_cw" hidden="false" closed="true" simplified="true" border="1 0.5 0" fill="1 0.682353 0.368627" mode="15"
 points="83.1881 70.1376,
	83.2289 69.9508,
	83.2523 69.9041,
	83.2523 69.8925,
	83.264 69.8808,
	83.264 69.8691,
	83.2815 69.8458,
	83.2873 69.8224,
	83.3165 69.7757,
	83.3223 69.7524,
	83.334 69.7407,
	83.3749 69.6473,
	83.3865 69.6357,
	83.4741 69.4489,
	83.6083 69.2621,
	83.6784 69.1687,
	83.7017 69.1454,
	83.7484 69.1396,
	83.7951 69.1571,
	83.8184 69.1804,
	83.8593 69.3672,
	83.9001 69.4606,
	84.011 69.6473,
	84.0286 69.6707,
	84.0344 69.694,
	84.0227 69.7874,
	84.011 69.8341,
	83.9585 69.9217,
	83.8826 70.015,
	83.8418 70.0617,
	83.8301 70.0851,
	83.7893 70.1318,
	83.7426 70.1668,
	83.7192 70.1785,
	83.6959 70.2018,
	83.6492 70.231,
	83.4624 70.266,
	83.369 70.2777,
	83.3223 70.2777,
	83.2756 70.2543,
	83.2289 70.2193,
	83.1998 70.1726,
	83.1881 70.1493,
	83.1881 70.1434,
	"/>
<Contour name="TB2 NF_24_cw" hidden="false" closed="true" simplified="true" border="1 0.5 0" fill="1 0.682353 0.368627" mode="15"
 points="84.4546 70.266,
	84.4896 70.1726,
	84.5013 70.1493,
	84.6764 69.9683,
	84.8573 69.8399,
	84.9507 69.8458,
	85.0441 69.8633,
	85.0908 69.8808,
	85.1141 69.8925,
	85.1375 69.9158,
	85.1725 70.0034,
	85.2192 70.0384,
	85.2601 70.0851,
	85.2892 70.1318,
	85.3009 70.1551,
	85.3359 70.3419,
	85.3184 70.5287,
	85.3126 70.5753,
	85.2834 70.622,
	85.2717 70.6454,
	85.2309 70.6862,
	85.2075 70.6979,
	85.1608 70.6979,
	85.0675 70.6687,
	85.0441 70.6512,
	84.8573 70.5637,
	84.6706 70.4586,
	84.6239 70.4294,
	84.5305 70.3536,
	84.4838 70.3185,
	84.4546 70.2777,
	84.4546 70.2718,
	"/>
</Transform>

<Transform dim="0"
 xcoef=" 0 1 0 0 0 0"
 ycoef=" 0 0 1 0 0 0">
<Contour name="TB2 NF_19_cw" hidden="false" closed="true" simplified="true" border="1 1 0" fill="1 0.501961 0" mode="15"
 points="79.5051 53.9201,
	79.5254 53.5954,
	79.6269 53.433,
	79.6877 53.3518,
	79.7182 53.2706,
	79.7689 53.1894,
	79.7892 53.1488,
	79.8704 53.0677,
	79.9516 53.0372,
	79.9922 53.0372,
	80.0328 53.0575,
	80.0937 53.1387,
	80.1546 53.3011,
	80.2358 53.6258,
	80.2764 53.9506,
	80.2967 54.113,
	80.2764 54.7625,
	80.2053 55.0872,
	80.1546 55.2496,
	80.1241 55.5744,
	80.114 56.2239,
	80.114 56.5487,
	80.1444 57.1982,
	80.1546 57.3606,
	80.1647 57.4418,
	80.1546 57.6041,
	80.1038 57.9289,
	80.0835 57.9492,
	80.0429 57.9187,
	79.9719 57.7564,
	79.9009 57.4316,
	79.8095 56.7821,
	79.7892 56.6197,
	79.8197 55.9702,
	79.8298 55.8078,
	79.8095 55.483,
	79.6674 54.8335,
	79.566 54.5088,
	79.5355 54.3464,
	79.5355 54.184,
	79.5152 54.0216,
	79.5152 53.9404,
	79.5152 53.9303,
	"/>
<Contour name="TB2 NF_19_cw" hidden="false" closed="true" simplified="true" border="1 1 0" fill="1 0.501961 0" mode="15"
 points="79.8806 59.096,
	79.8907 58.9336,
	79.9212 58.7712,
	79.9212 58.7306,
	80.0125 58.4059,
	80.0429 58.3247,
	80.0734 58.2942,
	80.114 58.2841,
	80.1241 58.2638,
	80.185 58.4262,
	80.3576 58.7509,
	80.4286 58.9133,
	80.4996 59.2381,
	80.5098 59.5628,
	80.4895 59.8876,
	80.4387 60.05,
	80.4083 60.0906,
	80.3271 60.121,
	80.2865 60.121,
	80.2459 60.1007,
	80.1749 60.0195,
	80.0734 59.8571,
	80.0227 59.776,
	80.0125 59.7354,
	79.9821 59.6948,
	79.8907 59.37,
	79.8806 59.2076,
	79.8806 59.1264,
	79.8806 59.1061,
	"/>
</Transform>

<Transform dim="0"
 xcoef=" 0 1 0 0 0 0"
 ycoef=" 0 0 1 0 0 0">
<Contour name="TB2 NF_19_cw" hidden="false" closed="true" simplified="true" border="1 1 0" fill="1 0.502 0" mode="15"
 points="86.086 2.44307,
	86.1003 2.39306,
	86.1074 2.40021,
	86.1217 2.37163,
	86.1503 2.3502,
	86.2646 2.31449,
	86.4932 2.29306,
	86.6075 2.27877,
	86.7218 2.29306,
	86.7789 2.31449,
	86.8361 2.3502,
	86.8861 2.40735,
	86.9218 2.52165,
	86.9575 2.75024,
	86.9361 2.97883,
	86.9146 3.03598,
	86.8718 3.09312,
	86.8432 3.10741,
	86.7289 3.1217,
	86.6718 3.13599,
	86.6432 3.13599,
	86.6146 3.11455,
	86.6003 3.08598,
	86.5718 3.06455,
	86.5432 3.06455,
	86.5146 3.07884,
	86.486 3.07884,
	86.4289 3.04312,
	86.3432 2.93597,
	86.3075 2.87882,
	86.2932 2.85025,
	86.2789 2.83596,
	86.2432 2.72166,
	86.236 2.66452,
	86.2003 2.60737,
	86.186 2.59308,
	86.1289 2.57165,
	86.1074 2.54308,
	86.0931 2.48593,
	86.086 2.45736,
	86.086 2.45021,
	"/>
</Transform>

<Transform dim="0"
 xcoef=" 0 1 0 0 0 0"
 ycoef=" 0 0 1 0 0 0">
<Contour name="TB2 NF_01_cw" hidden="false" closed="true" simplified="true" border="0.501961 0 0.501961" fill="0.909804 0 0.909804" mode="15"
 points="87.8676 2.51767,
	87.9255 2.36333,
	87.993 2.30545,
	88.0316 2.28616,
	88.0509 2.26687,
	88.128 2.25722,
	88.1666 2.26687,
	88.1859 2.26687,
	88.2148 2.30545,
	88.2245 2.38262,
	88.2245 2.42121,
	88.2052 2.45979,
	88.1956 2.53696,
	88.0894 2.68165,
	88.0702 2.70095,
	87.993 2.72024,
	87.9158 2.67201,
	87.8676 2.60448,
	87.8676 2.52731,
	"/>
</Transform>

<Transform dim="0"
 xcoef=" 0 1 0 0 0 0"
 ycoef=" 0 0 1 0 0 0">
<Contour name="TB2 NF_09_cw" hidden="false" closed="true" simplified="true" border="0.768627 0 0.384314" fill="0.501961 0 0.25098" mode="15"
 points="87.6894 2.04405,
	87.6987 2.0068,
	87.7034 1.98818,
	87.7034 1.97887,
	87.7546 1.90902,
	87.7872 1.87178,
	87.8012 1.85315,
	87.8058 1.86246,
	87.8198 1.84849,
	87.857 1.83918,
	87.8943 1.84384,
	87.9315 1.85781,
	87.9688 1.86246,
	87.9874 1.87178,
	87.9967 1.87178,
	88.034 1.90437,
	88.0479 1.92299,
	88.0573 1.96024,
	88.0573 1.99749,
	88.034 2.07199,
	88.0107 2.10924,
	87.9409 2.16977,
	87.9036 2.18374,
	87.8664 2.18839,
	87.7919 2.17908,
	87.7732 2.17443,
	87.7639 2.17443,
	87.7267 2.15114,
	87.708 2.13718,
	87.6941 2.09993,
	87.6894 2.06268,
	87.6894 2.04871,
	"/>
</Transform>

<Transform dim="0"
 xcoef=" 0 1 0 0 0 0"
 ycoef=" 0 0 1 0 0 0">
<Contour name="TB2 NF_12_cw" hidden="false" closed="true" simplified="true" border="1 0.756863 1" fill="0.25098 0 0.25098" mode="15"
 points="89.8441 2.20391,
	89.8768 2.13836,
	89.8932 2.10559,
	89.9588 2.06463,
	89.9915 2.04824,
	90.0079 2.04005,
	90.0407 2.04824,
	90.0571 2.04824,
	90.1226 1.99908,
	90.1882 1.97451,
	90.2537 1.9827,
	90.3193 2.00728,
	90.3684 2.06463,
	90.3766 2.08101,
	90.3357 2.14656,
	90.2701 2.20391,
	90.139 2.26126,
	90.0079 2.28584,
	89.9915 2.29403,
	89.926 2.27764,
	89.9096 2.27764,
	89.8523 2.22849,
	89.8441 2.2121,
	"/>
</Transform>

<Transform dim="0"
 xcoef=" 0 1 0 0 0 0"
 ycoef=" 0 0 1 0 0 0">
<Contour name="TB2 NF_02_cw" hidden="false" closed="true" simplified="true" border="1 0 0" fill="1 0 0" mode="15"
 points="101.376 6.8185,
	101.409 6.68737,
	101.409 6.65459,
	101.433 6.58903,
	101.474 6.52347,
	101.491 6.49069,
	101.614 6.36776,
	101.638 6.33498,
	101.704 6.32678,
	101.769 6.3022,
	101.835 6.25302,
	101.86 6.22844,
	101.892 6.22024,
	101.958 6.17927,
	102.089 6.16287,
	102.22 6.1137,
	102.286 6.07273,
	102.417 6.04814,
	102.482 6.05634,
	102.54 6.09731,
	102.581 6.16287,
	102.589 6.19566,
	102.646 6.25302,
	102.679 6.26941,
	102.712 6.33498,
	102.753 6.4661,
	102.769 6.49888,
	102.786 6.51527,
	102.777 6.58084,
	102.72 6.71196,
	102.63 6.83489,
	102.507 6.94962,
	102.441 6.9906,
	102.409 7.01519,
	102.277 7.07255,
	102.015 7.25285,
	101.95 7.27744,
	101.884 7.28563,
	101.851 7.28563,
	101.728 7.38398,
	101.663 7.40856,
	101.63 7.41676,
	101.614 7.42495,
	101.597 7.41676,
	101.597 7.3512,
	101.565 7.28563,
	101.532 7.25285,
	101.515 7.22827,
	101.458 7.1709,
	101.401 7.03977,
	101.384 6.90865,
	101.376 6.84309,
	101.376 6.8267,
	"/>
</Transform>

<Transform dim="0"
 xcoef=" 0 1 0 0 0 0"
 ycoef=" 0 0 1 0 0 0">
<Contour name="TB2 NF_16_cw" hidden="false" closed="true" simplified="true" border="0.651 0.094 0" fill="0.831 0 0" mode="15"
 points="79.309 4.21026,
	79.3681 4.11565,
	79.4627 4.08017,
	79.5573 4.06834,
	79.652 4.09199,
	79.6993 4.11565,
	79.7229 4.11565,
	79.7466 4.1393,
	79.7702 4.1393,
	79.8648 4.22209,
	79.924 4.3167,
	79.9358 4.41131,
	79.924 4.50592,
	79.8885 4.60054,
	79.8412 4.64784,
	79.8412 4.6715,
	79.7939 4.70698,
	79.6993 4.7188,
	79.6046 4.70698,
	79.5573 4.69515,
	79.3799 4.5414,
	79.3445 4.44679,
	79.309 4.25757,
	79.309 4.22209,
	"/>
</Transform>

<Transform dim="0"
 xcoef=" 0 1 0 0 0 0"
 ycoef=" 0 0 1 0 0 0">
<Contour name="TB2 NF_06_cw" hidden="false" closed="true" simplified="true" border="1 1 0" fill="0.906 0.886 0.255" mode="15"
 points="78.2069 5.50041,
	78.2355 5.46228,
	78.3023 5.41462,
	78.369 5.34789,
	78.4071 5.33836,
	78.4262 5.32882,
	78.5024 5.33836,
	78.5787 5.31929,
	78.6168 5.32882,
	78.6645 5.26209,
	78.674 5.22396,
	78.7312 5.16677,
	78.8838 5.13817,
	79.0363 5.12864,
	79.1888 5.1477,
	79.3413 5.19537,
	79.3795 5.21443,
	79.3985 5.21443,
	79.551 5.33836,
	79.6178 5.41462,
	79.6464 5.45275,
	79.7036 5.60527,
	79.7131 5.68154,
	79.694 5.7578,
	79.6178 5.83406,
	79.5415 5.89126,
	79.4653 5.92939,
	79.1602 5.91032,
	79.0077 5.86266,
	78.8552 5.79593,
	78.7026 5.71014,
	78.6264 5.66247,
	78.4738 5.61481,
	78.3213 5.58621,
	78.2451 5.56714,
	78.2165 5.52901,
	78.2069 5.50995,
	"/>
</Transform>

<Transform dim="0"
 xcoef=" 0 1 0 0 0 0"
 ycoef=" 0 0 1 0 0 0">
<Contour name="TB2 NF_07_cw" hidden="false" closed="true" simplified="true" border="1 0.502 0.251" fill="0.925 0.302 0" mode="15"
 points="78.3266 4.21152,
	78.3456 4.16062,
	78.3647 4.13517,
	78.4665 4.09064,
	78.5174 4.06519,
	78.5429 4.05247,
	78.5938 4.05247,
	78.6192 4.05247,
	78.6701 4.07792,
	78.6955 4.09064,
	78.7146 4.11609,
	78.7273 4.16698,
	78.721 4.26877,
	78.7083 4.31967,
	78.6446 4.42146,
	78.6319 4.43418,
	78.6192 4.41509,
	78.5174 4.43418,
	78.4156 4.39601,
	78.3711 4.35784,
	78.3393 4.30694,
	78.3266 4.25605,
	78.3266 4.2306,
	78.3266 4.21788,
	"/>
</Transform>

<Transform dim="0"
 xcoef=" 0 1 0 0 0 0"
 ycoef=" 0 0 1 0 0 0">
<Contour name="TB2 NF_07_cw" hidden="false" closed="true" simplified="true" border="1 0.502 0.251" fill="0.925 0.302 0" mode="15"
 points="80.2415 3.15546,
	80.2542 3.13001,
	80.3051 3.0982,
	80.5087 3.03458,
	80.5595 3.04094,
	80.6104 3.06639,
	80.6995 3.14909,
	80.7313 3.19999,
	80.7377 3.22544,
	80.7313 3.25088,
	80.7059 3.27633,
	80.6804 3.28269,
	80.6677 3.28269,
	80.655 3.29542,
	80.5532 3.32086,
	80.5023 3.3145,
	80.4514 3.29542,
	80.3496 3.29542,
	80.2987 3.26361,
	80.2542 3.21271,
	80.2415 3.18726,
	80.2415 3.16182,
	"/>
</Transform>

<Transform dim="0"
 xcoef=" 0 1 0 0 0 0"
 ycoef=" 0 0 1 0 0 0">
<Contour name="TB2 NF_08_cw" hidden="false" closed="true" simplified="true" border="0.996 0.647 0.263" fill="0.996 0.647 0.263" mode="15"
 points="87.1436 8.23422,
	87.161 8.14144,
	87.1726 8.09505,
	87.2132 8.00227,
	87.2364 7.95588,
	87.2422 7.93269,
	87.3582 7.74713,
	87.3872 7.70074,
	87.4278 7.65435,
	87.4741 7.63695,
	87.5205 7.63115,
	87.5669 7.60796,
	87.6133 7.57317,
	87.6365 7.54997,
	87.7293 7.52098,
	87.8221 7.52678,
	87.8685 7.53837,
	87.8917 7.54997,
	87.9322 7.59636,
	87.9496 7.68914,
	87.9554 7.71234,
	88.0192 7.80512,
	88.0946 7.8921,
	88.1352 7.93849,
	88.1642 7.98488,
	88.1816 8.03127,
	88.2106 8.21683,
	88.2164 8.30961,
	88.2048 8.49517,
	88.2454 8.68073,
	88.2512 8.72712,
	88.2512 8.75031,
	88.2222 8.7909,
	88.1352 8.86629,
	88.0424 8.91268,
	87.996 8.93587,
	87.9032 8.99966,
	87.8801 9.00546,
	87.8743 9.01126,
	87.8511 8.99966,
	87.8395 8.99966,
	87.8163 8.97646,
	87.7931 8.93007,
	87.7815 8.88368,
	87.7757 8.86049,
	87.7815 8.83729,
	87.8221 8.7967,
	87.8395 8.7909,
	87.7931 8.78511,
	87.7003 8.8083,
	87.6539 8.8257,
	87.6307 8.8199,
	87.6191 8.8199,
	87.5785 8.77931,
	87.5205 8.68653,
	87.5089 8.66333,
	87.5031 8.61694,
	87.4104 8.53576,
	87.3698 8.48937,
	87.3234 8.45458,
	87.277 8.43138,
	87.2306 8.42558,
	87.2074 8.41399,
	87.1668 8.3676,
	87.1494 8.32121,
	87.1436 8.27482,
	87.1436 8.25162,
	87.1436 8.24002,
	"/>
</Transform>

<Transform dim="0"
 xcoef=" 0 1 0 0 0 0"
 ycoef=" 0 0 1 0 0 0">
<Contour name="TB2 NF_08_cw" hidden="false" closed="true" simplified="true" border="0.996 0.647 0.263" fill="0.996 0.647 0.263" mode="15"
 points="90.9708 4.22149,
	91.0114 4.1809,
	91.023 4.1693,
	91.0694 4.15191,
	91.0926 4.12871,
	91.1042 4.03593,
	91.1448 3.99534,
	91.1911 3.96635,
	91.2085 3.96055,
	91.2491 4.00114,
	91.2955 4.00694,
	91.3767 3.91995,
	91.4231 3.91416,
	91.4695 3.92575,
	91.4927 3.92575,
	91.5275 3.87936,
	91.5739 3.86777,
	91.6666 3.87357,
	91.713 3.87936,
	91.7594 3.86777,
	91.7826 3.86197,
	91.829 3.87936,
	91.9218 3.93735,
	92.0146 4.01274,
	92.0262 4.03593,
	92.0262 4.05912,
	91.9972 4.10552,
	91.9102 4.19829,
	91.8638 4.23889,
	91.8174 4.26788,
	91.7246 4.29687,
	91.6318 4.30847,
	91.5855 4.30267,
	91.5391 4.30847,
	91.4521 4.37806,
	91.4057 4.41285,
	91.3593 4.41865,
	91.3129 4.39545,
	91.2897 4.37806,
	91.2433 4.36066,
	91.1506 4.37226,
	91.1274 4.37226,
	91.0346 4.31427,
	90.9882 4.28528,
	90.9708 4.23889,
	90.9708 4.22729,
	"/>
</Transform>

<Transform dim="0"
 xcoef=" 0 1 0 0 0 0"
 ycoef=" 0 0 1 0 0 0">
<Contour name="TB2 NF_08_cw" hidden="false" closed="true" simplified="true" border="0.996 0.647 0.263" fill="0.996 0.647 0.263" mode="15"
 points="91.9218 0,
	92.2929 -0.00579875,
	92.664 0,
	92.7568 0,
	92.8032 0.00579875,
	92.8496 0.0405913,
	92.9424 0.0811825,
	93.0351 0.104378,
	93.1279 0.13917,
	93.2207 0.191359,
	93.3135 0.255145,
	93.3599 0.289938,
	93.4527 0.336328,
	93.5454 0.405913,
	93.6266 0.492894,
	93.6962 0.585674,
	93.7484 0.678454,
	93.7716 0.724844,
	93.7832 0.771234,
	93.7832 0.817624,
	93.7658 0.864014,
	93.7484 0.887209,
	93.702 0.910404,
	93.6092 0.922001,
	93.5164 0.922001,
	93.4701 0.922001,
	93.3773 0.893008,
	93.2903 0.829221,
	93.2439 0.829221,
	93.1511 0.800227,
	93.0583 0.759636,
	93.0119 0.736441,
	93.0004 0.736441,
	92.9888 0.724844,
	92.896 0.684253,
	92.8496 0.661057,
	92.8032 0.620466,
	92.7568 0.597271,
	92.7104 0.562479,
	92.6234 0.469699,
	92.5828 0.429108,
	92.4901 0.376919,
	92.4437 0.353724,
	92.4205 0.342126,
	92.4089 0.330529,
	92.3625 0.313132,
	91.9914 0.0579875,
	91.945 0.0173963,
	91.9276 0.00579875,
	"/>
</Transform>

<Transform dim="0"
 xcoef=" 0 1 0 0 0 0"
 ycoef=" 0 0 1 0 0 0">
<Contour name="TB2 NF_22_cw" hidden="false" closed="true" simplified="true" border="0.941 0.894 0.059" fill="0.91 0.847 0.09" mode="15"
 points="77.5506 4.60606,
	77.5602 4.56772,
	77.565 4.49103,
	77.5793 4.41434,
	77.5937 4.376,
	77.5985 4.35683,
	77.6273 4.31848,
	77.6464 4.29931,
	77.6656 4.28973,
	77.6752 4.28014,
	77.7519 4.27535,
	77.8286 4.28493,
	77.8669 4.28973,
	77.9436 4.28493,
	78.0203 4.29931,
	78.1737 4.38559,
	78.2504 4.44789,
	78.3175 4.5102,
	78.3462 4.54855,
	78.3846 4.62524,
	78.4037 4.70192,
	78.3989 4.74027,
	78.3989 4.75944,
	78.3702 4.83613,
	78.3462 4.87447,
	78.2743 4.95116,
	78.2408 4.9895,
	78.212 5.01826,
	78.1737 5.0566,
	78.1545 5.07098,
	78.1449 5.08057,
	78.1066 5.08536,
	78.0874 5.08536,
	78.049 5.0566,
	78.0155 5.01826,
	78.0011 4.97992,
	77.9484 4.90323,
	77.9196 4.87926,
	77.8909 4.84092,
	77.8717 4.80258,
	77.8525 4.7882,
	77.8142 4.77382,
	77.795 4.76903,
	77.7758 4.75465,
	77.7663 4.75465,
	77.7567 4.74506,
	77.7375 4.74027,
	77.6992 4.7163,
	77.6608 4.70192,
	77.5841 4.68754,
	77.565 4.66837,
	77.5506 4.63003,
	77.5506 4.61086,
	"/>
</Transform>

<Transform dim="0"
 xcoef=" 0 1 0 0 0 0"
 ycoef=" 0 0 1 0 0 0">
<Contour name="TB2 NF_22_cw" hidden="false" closed="true" simplified="true" border="0.941 0.894 0.059" fill="0.91 0.847 0.09" mode="15"
 points="78.2024 2.40129,
	78.2072 2.36294,
	78.2264 2.3246,
	78.2599 2.28626,
	78.3366 2.25271,
	78.375 2.23833,
	78.4517 2.22874,
	78.49 2.22395,
	78.5667 2.23353,
	78.605 2.24312,
	78.6146 2.25271,
	78.6242 2.25271,
	78.6961 2.31022,
	78.7488 2.38691,
	78.7584 2.42525,
	78.7536 2.50194,
	78.7392 2.54028,
	78.7057 2.57384,
	78.6865 2.56904,
	78.6482 2.59301,
	78.6098 2.60739,
	78.5715 2.63135,
	78.5331 2.64094,
	78.4565 2.63614,
	78.3798 2.61218,
	78.3127 2.54508,
	78.2935 2.52591,
	78.2551 2.50194,
	78.2168 2.46839,
	78.2024 2.43005,
	78.2024 2.41087,
	78.2024 2.40608,
	"/>
</Transform>

<Transform dim="0"
 xcoef=" 0 1 0 0 0 0"
 ycoef=" 0 0 1 0 0 0">
<Contour name="TB2 NF_23_cw" hidden="false" closed="true" simplified="true" border="0.973 0.757 0.016" fill="0.902 0.8 0.102" mode="15"
 points="87.0867 13.3517,
	87.0972 13.3306,
	87.0972 13.32,
	87.1342 13.2778,
	87.15 13.2672,
	87.1658 13.2461,
	87.1817 13.1617,
	87.1711 13.1195,
	87.15 13.0772,
	87.1394 13.0561,
	87.1394 13.0139,
	87.1605 12.9295,
	87.1817 12.8873,
	87.2239 12.845,
	87.245 12.8292,
	87.3294 12.8081,
	87.3505 12.8081,
	87.3611 12.8081,
	87.3822 12.787,
	87.3875 12.7659,
	87.3927 12.7553,
	87.3558 12.7131,
	87.3347 12.7026,
	87.3241 12.692,
	87.3136 12.6498,
	87.3189 12.6076,
	87.3294 12.5865,
	87.3664 12.5442,
	87.4086 12.5179,
	87.4508 12.5126,
	87.4719 12.5231,
	87.4825 12.5231,
	87.4983 12.5442,
	87.5827 12.5179,
	87.625 12.4915,
	87.7041 12.4229,
	87.7463 12.3965,
	87.7885 12.4017,
	87.8308 12.3965,
	87.9152 12.3701,
	87.9574 12.3701,
	87.9785 12.3701,
	88.0208 12.3859,
	88.0419 12.3965,
	88.063 12.4176,
	88.0841 12.4281,
	88.1263 12.4651,
	88.1949 12.5495,
	88.216 12.5706,
	88.2688 12.6551,
	88.2846 12.7395,
	88.2899 12.8239,
	88.3427 12.9084,
	88.3532 12.9506,
	88.3532 12.9928,
	88.3268 13.035,
	88.3163 13.0772,
	88.311 13.0931,
	88.3216 13.1353,
	88.3216 13.1564,
	88.3585 13.2408,
	88.3849 13.2831,
	88.4007 13.2936,
	88.4271 13.3358,
	88.464 13.4203,
	88.4904 13.4625,
	88.5274 13.4994,
	88.5485 13.51,
	88.559 13.5205,
	88.6013 13.5364,
	88.6224 13.5364,
	88.7068 13.5628,
	88.7912 13.6103,
	88.8335 13.6208,
	88.8757 13.6208,
	88.9179 13.6366,
	88.939 13.6578,
	88.9707 13.7422,
	89.0076 13.7844,
	89.0498 13.795,
	89.2187 13.7686,
	89.3876 13.7844,
	89.472 13.7897,
	89.5565 13.8108,
	89.5987 13.8266,
	89.6778 13.8794,
	89.757 13.9586,
	89.7992 13.9797,
	89.8414 13.9902,
	89.9259 14.0588,
	89.9523 14.0799,
	89.9575 14.1011,
	89.9839 14.1433,
	89.9945 14.1538,
	89.9945 14.1644,
	90.0209 14.2066,
	90.0525 14.291,
	90.0684 14.3333,
	90.0684 14.4177,
	90.0578 14.4599,
	90.0525 14.481,
	90.0473 14.4916,
	90.0842 14.576,
	90.0895 14.6182,
	90.0736 14.7871,
	90.0367 14.8715,
	90.0156 14.9138,
	90.005 14.956,
	89.9839 14.9982,
	89.9786 15.0193,
	89.9259 15.1037,
	89.9048 15.146,
	89.8256 15.2251,
	89.7412 15.2726,
	89.6567 15.299,
	89.4879 15.3096,
	89.319 15.3096,
	89.2345 15.3043,
	89.1501 15.2885,
	89.0657 15.2621,
	88.9812 15.2251,
	88.939 15.1935,
	88.881 15.109,
	88.844 15.0299,
	88.8176 14.9454,
	88.8018 14.861,
	88.8018 14.7766,
	88.7965 14.7343,
	88.7807 14.6921,
	88.7649 14.671,
	88.749 14.6288,
	88.7174 14.5866,
	88.6963 14.5655,
	88.6118 14.5496,
	88.5696 14.5549,
	88.5485 14.5549,
	88.5274 14.5655,
	88.4746 14.6499,
	88.4482 14.7343,
	88.4482 14.7449,
	88.3638 14.8135,
	88.3585 14.8346,
	88.3427 14.8557,
	88.3268 14.8979,
	88.1843 15.0615,
	88.1632 15.0826,
	88.121 15.109,
	88.0366 15.1037,
	87.9944 15.0985,
	87.9099 15.0721,
	87.8255 15.0193,
	87.7885 14.9824,
	87.7358 14.8979,
	87.7358 14.8874,
	87.7252 14.8768,
	87.6883 14.7924,
	87.6672 14.7079,
	87.6619 14.6657,
	87.6408 14.6235,
	87.6091 14.5813,
	87.4455 14.4335,
	87.4139 14.3913,
	87.3716 14.3491,
	87.3241 14.2646,
	87.3136 14.2224,
	87.2925 14.1802,
	87.2819 14.1591,
	87.2819 14.1485,
	87.2714 14.138,
	87.2186 13.9691,
	87.208 13.948,
	87.1764 13.7791,
	87.1711 13.6947,
	87.1711 13.6525,
	87.15 13.568,
	87.1447 13.5258,
	87.1078 13.4414,
	87.0919 13.4203,
	87.0867 13.3781,
	87.0867 13.3569,
	"/>
</Transform>

<Transform dim="0"
 xcoef=" 0 1 0 0 0 0"
 ycoef=" 0 0 1 0 0 0">
<Contour name="TB2 NF_23_cw" hidden="false" closed="true" simplified="true" border="0.973 0.757 0.016" fill="0.902 0.8 0.102" mode="15"
 points="79.8908 5.27708,
	79.9048 5.23989,
	79.9094 5.20269,
	79.928 5.1655,
	79.9327 5.1283,
	79.9559 5.09576,
	79.9931 5.06321,
	80.0117 5.05856,
	80.0861 5.01207,
	80.1047 5.00742,
	80.1187 4.99347,
	80.1931 4.96557,
	80.2303 4.95627,
	80.2489 4.96557,
	80.2675 4.96557,
	80.286 4.97487,
	80.3232 4.96092,
	80.3604 4.93303,
	80.4348 4.90513,
	80.472 4.90048,
	80.5092 4.90513,
	80.5464 4.92838,
	80.565 4.94697,
	80.5836 4.95162,
	80.6208 4.94233,
	80.6952 4.88188,
	80.7138 4.86329,
	80.7324 4.85399,
	80.7556 4.81679,
	80.7928 4.79354,
	80.8114 4.80284,
	80.844 4.83539,
	80.8672 4.87258,
	80.9091 5.02137,
	80.9137 5.05856,
	80.9091 5.07716,
	80.9184 5.15155,
	80.9137 5.22594,
	80.9091 5.26313,
	80.9137 5.28173,
	80.9091 5.35612,
	80.8951 5.39332,
	80.8858 5.41192,
	80.8486 5.44911,
	80.7742 5.49561,
	80.751 5.5328,
	80.7277 5.55605,
	80.7091 5.55605,
	80.6905 5.57,
	80.6905 5.60719,
	80.6952 5.62579,
	80.6905 5.66298,
	80.6673 5.70018,
	80.6487 5.71413,
	80.6394 5.72343,
	80.565 5.75132,
	80.5278 5.75597,
	80.5185 5.75597,
	80.5092 5.76527,
	80.4348 5.78852,
	80.3976 5.80247,
	80.3604 5.80712,
	80.3232 5.80247,
	80.286 5.78387,
	80.2163 5.71878,
	80.1559 5.64904,
	80.1233 5.62579,
	80.1094 5.60719,
	80.0443 5.55605,
	80.0071 5.52815,
	79.9745 5.49096,
	79.928 5.41657,
	79.9048 5.37937,
	79.8955 5.36077,
	79.8908 5.28638,
	79.8908 5.28173,
	"/>
</Transform>

<Transform dim="0"
 xcoef=" 0 1 0 0 0 0"
 ycoef=" 0 0 1 0 0 0">
<Image mag="0.00855" contrast="1" brightness="0" red="true" green="true" blue="true"
 src="..\TF21_robdata\Rob's_latest_seg_files_TF21_TB2\Aligned 633130.tif" />
<Contour name="domain1" hidden="false" closed="true" simplified="false" border="1 0 1" fill="1 0 1" mode="11"
 points="0 0,
	15991 0,
	15991 12171,
	0 12171,
	"/>
</Transform>

<Transform dim="0"
 xcoef=" 0 1 0 0 0 0"
 ycoef=" 0 0 1 0 0 0">
<Contour name="TB2 NF_15" hidden="true" closed="true" simplified="false" border="1 1 0" fill="1 1 0" mode="-9"
 points="79.1337 3.9906,
	79.1936 3.93075,
	79.2734 3.91079,
	79.3532 3.93075,
	79.413 4.09037,
	79.413 4.13028,
	79.3731 4.17018,
	79.2135 4.17018,
	79.1537 4.09037,
	79.1337 4.01056,
	"/>
</Transform>

<Transform dim="0"
 xcoef=" 0 1 0 0 0 0"
 ycoef=" 0 0 1 0 0 0">
<Contour name="TB2 NF_15" hidden="true" closed="true" simplified="false" border="1 1 0" fill="1 1 0" mode="-9"
 points="78.7823 4.56334,
	78.8122 4.53345,
	78.8122 4.51352,
	78.882 4.43381,
	78.9218 4.39396,
	79.0813 4.32421,
	79.161 4.32421,
	79.2008 4.34414,
	79.2606 4.42385,
	79.2805 4.50356,
	79.2905 4.54341,
	79.2706 4.62312,
	79.2207 4.67294,
	79.2008 4.67294,
	79.1211 4.72276,
	79.0414 4.73272,
	79.0015 4.74268,
	78.9816 4.75265,
	78.9019 4.74268,
	78.8621 4.72276,
	78.8322 4.6829,
	78.8322 4.66297,
	78.7823 4.58327,
	78.7823 4.5733,
	"/>
</Transform>

<Transform dim="0"
 xcoef=" 0 1 0 0 0 0"
 ycoef=" 0 0 1 0 0 0">
<Contour name="TB2 NF_15" hidden="true" closed="true" simplified="false" border="1 1 0" fill="1 1 0" mode="-9"
 points="78.8421 2.82967,
	78.8521 2.78981,
	78.9119 2.72007,
	78.9517 2.70014,
	79.0314 2.7101,
	79.0713 2.72007,
	79.141 2.78981,
	79.151 2.86952,
	79.141 2.90938,
	79.0613 2.9592,
	78.9816 2.97912,
	78.9019 2.94923,
	78.8521 2.89941,
	78.8421 2.85956,
	78.8421 2.83963,
	"/>
</Transform>

<Transform dim="0"
 xcoef=" 0 1 0 0 0 0"
 ycoef=" 0 0 1 0 0 0">
<Contour name="TB2 NF_15" hidden="true" closed="true" simplified="false" border="1 1 0" fill="1 1 0" mode="-9"
 points="78.3343 5.03645,
	78.461 4.9731,
	78.5243 4.94142,
	78.6193 5.03645,
	78.651 5.28986,
	78.651 5.35321,
	78.5877 5.41656,
	78.5243 5.41656,
	78.3976 5.32153,
	78.3343 5.19483,
	78.3343 5.06813,
	"/>
</Transform>

<Transform dim="0"
 xcoef=" 0 1 0 0 0 0"
 ycoef=" 0 0 1 0 0 0">
<Contour name="TB2 NF_17" hidden="true" closed="true" simplified="true" border="1 0.501961 0.501961" fill="1 0.501961 0.501961" mode="-9"
 points="87.0565 12.9868,
	87.0911 12.8487,
	87.1601 12.7105,
	87.281 12.5896,
	87.5573 12.4687,
	87.6955 12.4514,
	87.9718 12.5378,
	88.0927 12.6587,
	88.1791 12.7968,
	88.2654 13.0732,
	88.3345 13.2113,
	88.369 13.3495,
	88.5935 13.574,
	88.7317 13.6085,
	88.8008 13.6085,
	89.3534 13.8158,
	89.4225 13.833,
	89.457 13.8676,
	89.5261 13.8848,
	89.8024 14.1093,
	89.9233 14.2475,
	90.0096 14.5238,
	89.9924 14.8001,
	89.8715 15.0764,
	89.7679 15.2146,
	89.6988 15.2837,
	89.5779 15.37,
	89.3016 15.4218,
	89.1634 15.4218,
	89.0253 15.3528,
	88.8871 15.2319,
	88.8526 15.1628,
	88.818 15.1283,
	88.7144 14.8519,
	88.6108 14.7138,
	88.4899 14.6102,
	88.3517 14.662,
	88.1618 14.921,
	88.0582 15.0592,
	87.92 15.1283,
	87.7818 15.0764,
	87.6437 14.9728,
	87.6092 14.9037,
	87.5746 14.8865,
	87.5919 14.8519,
	87.661 14.8865,
	87.6782 14.8692,
	87.5228 14.5929,
	87.4192 14.4547,
	87.3674 14.3857,
	87.3674 14.3511,
	87.3156 14.282,
	87.2292 14.0057,
	87.1947 13.9366,
	87.1947 13.8676,
	87.1429 13.7294,
	87.0565 13.1768,
	87.0565 13.0386,
	87.0565 13.0041,
	"/>
</Transform>

<Transform dim="0"
 xcoef=" 0 1 0 0 0 0"
 ycoef=" 0 0 1 0 0 0">
<Contour name="TB2 NF_15" hidden="true" closed="true" simplified="false" border="1 1 0" fill="1 1 0" mode="-9"
 points="78.6575 5.63589,
	78.6797 5.45768,
	78.7243 5.36858,
	78.9025 5.19037,
	79.0807 5.07899,
	79.2589 5.05671,
	79.4371 5.16809,
	79.5485 5.3463,
	79.5931 5.39085,
	79.6153 5.47996,
	79.6822 5.56906,
	79.6822 5.65817,
	79.5708 5.8141,
	79.4817 5.85866,
	79.3035 5.83638,
	79.1253 5.76955,
	79.0362 5.74727,
	78.9916 5.725,
	78.9025 5.76955,
	78.8134 5.725,
	78.7688 5.725,
	78.6797 5.65817,
	"/>
</Transform>

<Transform dim="0"
 xcoef=" 0 1 0 0 0 0"
 ycoef=" 0 0 1 0 0 0">
<Contour name="TB2 NF_24" hidden="true" closed="true" simplified="true" border="1 0.501961 0.25098" fill="1 0.501961 0.25098" mode="-9"
 points="84.4271 70.2476,
	84.4588 70.1843,
	84.5855 70.0575,
	84.8231 69.9149,
	84.9499 69.8674,
	85.0766 69.8832,
	85.14 69.9149,
	85.1717 69.9466,
	85.2509 70.2001,
	85.2667 70.4536,
	85.2667 70.5803,
	85.2351 70.7071,
	85.1242 70.8338,
	85.0925 70.8655,
	85.0291 70.8655,
	84.9974 70.8814,
	84.7439 70.8021,
	84.6806 70.7388,
	84.6172 70.7071,
	84.5063 70.5803,
	84.4588 70.517,
	84.4271 70.3902,
	84.4271 70.2635,
	"/>
</Transform>

<Transform dim="0"
 xcoef=" 0 1 0 0 0 0"
 ycoef=" 0 0 1 0 0 0">
<Contour name="TB2 NF_24" hidden="true" closed="true" simplified="true" border="1 0.501961 0.25098" fill="1 0.501961 0.25098" mode="-9"
 points="83.2705 70.01,
	83.3022 69.9466,
	83.3022 69.9149,
	83.3814 69.7882,
	83.4923 69.5347,
	83.5557 69.408,
	83.6666 69.2812,
	83.73 69.2495,
	83.7934 69.2495,
	83.8567 69.2812,
	83.9201 69.3446,
	83.9201 69.3763,
	83.9518 69.408,
	83.9993 69.6614,
	84.0468 69.7882,
	84.031 69.9149,
	83.9993 69.9783,
	83.7617 70.2159,
	83.6983 70.2476,
	83.4448 70.2159,
	83.3814 70.2001,
	83.2705 70.0892,
	83.2705 70.0258,
	"/>
</Transform>

<Transform dim="0"
 xcoef=" 0 1 0 0 0 0"
 ycoef=" 0 0 1 0 0 0">
<Contour name="TB2 NF_17" hidden="true" closed="true" simplified="true" border="1 0.501961 0.501961" fill="1 0.501961 0.501961" mode="-9"
 points="79.9426 5.13197,
	80.0394 4.97704,
	80.3492 4.80275,
	80.5042 4.76402,
	80.6591 4.78338,
	80.7366 4.80275,
	80.8721 4.95768,
	80.9109 4.99641,
	80.969 5.15134,
	80.9883 5.2288,
	80.9302 5.38373,
	80.7753 5.53866,
	80.6204 5.63549,
	80.6204 5.67422,
	80.5429 5.71295,
	80.5042 5.75168,
	80.3492 5.75168,
	80.1943 5.71295,
	80.0394 5.57739,
	79.9813 5.49992,
	79.9426 5.345,
	79.9426 5.19007,
	79.9426 5.15134,
	"/>
</Transform>

<Transform dim="0"
 xcoef=" 0 1 0 0 0 0"
 ycoef=" 0 0 1 0 0 0">
<Contour name="TB2 NF_28-FR" hidden="false" closed="true" simplified="true" border="1 0.501961 0.501961" fill="1 0.501961 0.501961" mode="-9"
 points="102.999 5.70429,
	103.097 5.63439,
	103.32 5.53652,
	103.544 5.50856,
	103.6 5.52254,
	103.67 5.63439,
	103.67 5.85808,
	103.642 6.08178,
	103.614 6.19363,
	103.586 6.24955,
	103.376 6.45927,
	103.362 6.5152,
	103.376 6.62704,
	103.334 6.73889,
	103.278 6.78084,
	103.25 6.78084,
	103.264 6.89269,
	103.139 7.11638,
	103.083 7.1024,
	103.041 7.04648,
	103.027 6.93463,
	103.097 6.71093,
	103.111 6.59908,
	103.111 6.54316,
	103.181 6.31946,
	103.153 6.20761,
	103.055 5.98391,
	103.027 5.87206,
	103.027 5.76022,
	103.013 5.71827,
	"/>
</Transform>

<Transform dim="0"
 xcoef=" 0 1 0 0 0 0"
 ycoef=" 0 0 1 0 0 0">
<Contour name="TB2 NF_24" hidden="true" closed="true" simplified="true" border="1 0.501961 0.25098" fill="1 0.501961 0.25098" mode="-9"
 points="79.4774 54.0615,
	79.5046 53.6254,
	79.5864 53.4074,
	79.6545 53.2984,
	79.859 53.0939,
	79.9135 53.0803,
	80.0225 53.1212,
	80.077 53.1485,
	80.1724 53.2575,
	80.2269 53.3665,
	80.2814 53.5845,
	80.3087 53.8026,
	80.3223 54.6748,
	80.2678 54.8928,
	80.186 55.1109,
	80.1451 55.3289,
	80.1451 56.2011,
	80.1179 56.6372,
	80.1179 57.0733,
	80.1451 57.5094,
	80.1451 57.6184,
	80.1179 57.7274,
	80.0634 57.7683,
	80.0089 57.7819,
	79.9544 57.7547,
	79.9135 57.7001,
	79.8453 57.4821,
	79.7772 56.6099,
	79.7499 55.7377,
	79.7091 55.3016,
	79.5864 54.8656,
	79.491 54.4295,
	79.4774 54.2114,
	79.4774 54.1024,
	79.4774 54.0751,
	"/>
</Transform>

<Transform dim="0"
 xcoef=" 0 1 0 0 0 0"
 ycoef=" 0 0 1 0 0 0">
<Contour name="TB2 NF_24_cw" hidden="false" closed="true" simplified="true" border="1 0.5 0" fill="1 0.682353 0.368627" mode="15"
 points="83.1881 70.1376,
	83.2289 69.9508,
	83.2523 69.9041,
	83.2523 69.8925,
	83.264 69.8808,
	83.264 69.8691,
	83.2815 69.8458,
	83.2873 69.8224,
	83.3165 69.7757,
	83.3223 69.7524,
	83.334 69.7407,
	83.3749 69.6473,
	83.3865 69.6357,
	83.4741 69.4489,
	83.6083 69.2621,
	83.6784 69.1687,
	83.7017 69.1454,
	83.7484 69.1396,
	83.7951 69.1571,
	83.8184 69.1804,
	83.8593 69.3672,
	83.9001 69.4606,
	84.011 69.6473,
	84.0286 69.6707,
	84.0344 69.694,
	84.0227 69.7874,
	84.011 69.8341,
	83.9585 69.9217,
	83.8826 70.015,
	83.8418 70.0617,
	83.8301 70.0851,
	83.7893 70.1318,
	83.7426 70.1668,
	83.7192 70.1785,
	83.6959 70.2018,
	83.6492 70.231,
	83.4624 70.266,
	83.369 70.2777,
	83.3223 70.2777,
	83.2756 70.2543,
	83.2289 70.2193,
	83.1998 70.1726,
	83.1881 70.1493,
	83.1881 70.1434,
	"/>
<Contour name="TB2 NF_24_cw" hidden="false" closed="true" simplified="true" border="1 0.5 0" fill="1 0.682353 0.368627" mode="15"
 points="84.4546 70.266,
	84.4896 70.1726,
	84.5013 70.1493,
	84.6764 69.9683,
	84.8573 69.8399,
	84.9507 69.8458,
	85.0441 69.8633,
	85.0908 69.8808,
	85.1141 69.8925,
	85.1375 69.9158,
	85.1725 70.0034,
	85.2192 70.0384,
	85.2601 70.0851,
	85.2892 70.1318,
	85.3009 70.1551,
	85.3359 70.3419,
	85.3184 70.5287,
	85.3126 70.5753,
	85.2834 70.622,
	85.2717 70.6454,
	85.2309 70.6862,
	85.2075 70.6979,
	85.1608 70.6979,
	85.0675 70.6687,
	85.0441 70.6512,
	84.8573 70.5637,
	84.6706 70.4586,
	84.6239 70.4294,
	84.5305 70.3536,
	84.4838 70.3185,
	84.4546 70.2777,
	84.4546 70.2718,
	"/>
</Transform>

<Transform dim="0"
 xcoef=" 0 1 0 0 0 0"
 ycoef=" 0 0 1 0 0 0">
<Contour name="TB2 NF_01_rsl" hidden="false" closed="true" simplified="true" border="0 1 0" fill="0 1 0" mode="-9"
 points="87.8772 2.42856,
	87.8976 2.38774,
	87.9384 2.34693,
	88.02 2.30611,
	88.1017 2.29591,
	88.1425 2.2857,
	88.2241 2.31632,
	88.2751 2.38774,
	88.2853 2.42856,
	88.2853 2.44897,
	88.3261 2.47958,
	88.3364 2.48979,
	88.1833 2.64285,
	88.1017 2.70407,
	88.0608 2.72448,
	87.9792 2.71427,
	87.9384 2.70407,
	87.918 2.70407,
	87.8874 2.62244,
	87.8772 2.45917,
	87.8772 2.43876,
	"/>
</Transform>

<Transform dim="0"
 xcoef=" 0 1 0 0 0 0"
 ycoef=" 0 0 1 0 0 0">
<Contour name="TB2 NF_06_cw" hidden="false" closed="true" simplified="true" border="0.843137 0.843137 0" fill="0.843137 0.843137 0" mode="-9"
 points="78.2069 5.50041,
	78.2355 5.46228,
	78.3023 5.41462,
	78.369 5.34789,
	78.4071 5.33836,
	78.4262 5.32882,
	78.5024 5.33836,
	78.5787 5.31929,
	78.6168 5.32882,
	78.6645 5.26209,
	78.674 5.22396,
	78.7312 5.16677,
	78.8838 5.13817,
	79.0363 5.12864,
	79.1888 5.1477,
	79.3413 5.19537,
	79.3795 5.21443,
	79.3985 5.21443,
	79.551 5.33836,
	79.6178 5.41462,
	79.6464 5.45275,
	79.7036 5.60527,
	79.7131 5.68154,
	79.694 5.7578,
	79.6178 5.83406,
	79.5415 5.89126,
	79.4653 5.92939,
	79.1602 5.91032,
	79.0077 5.86266,
	78.8552 5.79593,
	78.7026 5.71014,
	78.6264 5.66247,
	78.4738 5.61481,
	78.3213 5.58621,
	78.2451 5.56714,
	78.2165 5.52901,
	78.2069 5.50995,
	"/>
</Transform>

<Transform dim="0"
 xcoef=" 0 1 0 0 0 0"
 ycoef=" 0 0 1 0 0 0">
<Contour name="TB2 NF_07_cw" hidden="false" closed="true" simplified="true" border="0.25098 0.501961 0.501961" fill="0.25098 0.501961 0.501961" mode="-9"
 points="78.3266 4.21152,
	78.3456 4.16062,
	78.3647 4.13517,
	78.4665 4.09064,
	78.5174 4.06519,
	78.5429 4.05247,
	78.5938 4.05247,
	78.6192 4.05247,
	78.6701 4.07792,
	78.6955 4.09064,
	78.7146 4.11609,
	78.7273 4.16698,
	78.721 4.26877,
	78.7083 4.31967,
	78.6446 4.42146,
	78.6319 4.43418,
	78.6192 4.41509,
	78.5174 4.43418,
	78.4156 4.39601,
	78.3711 4.35784,
	78.3393 4.30694,
	78.3266 4.25605,
	78.3266 4.2306,
	78.3266 4.21788,
	"/>
</Transform>

<Transform dim="0"
 xcoef=" 0 1 0 0 0 0"
 ycoef=" 0 0 1 0 0 0">
<Contour name="TB2 NF_07_cw" hidden="false" closed="true" simplified="true" border="0.25098 0.501961 0.501961" fill="0.25098 0.501961 0.501961" mode="-9"
 points="80.2415 3.15546,
	80.2542 3.13001,
	80.3051 3.0982,
	80.5087 3.03458,
	80.5595 3.04094,
	80.6104 3.06639,
	80.6995 3.14909,
	80.7313 3.19999,
	80.7377 3.22544,
	80.7313 3.25088,
	80.7059 3.27633,
	80.6804 3.28269,
	80.6677 3.28269,
	80.655 3.29542,
	80.5532 3.32086,
	80.5023 3.3145,
	80.4514 3.29542,
	80.3496 3.29542,
	80.2987 3.26361,
	80.2542 3.21271,
	80.2415 3.18726,
	80.2415 3.16182,
	"/>
</Transform>

<Transform dim="0"
 xcoef=" 0 1 0 0 0 0"
 ycoef=" 0 0 1 0 0 0">
<Contour name="TB2 NF_08_cw" hidden="false" closed="true" simplified="true" border="1 0.501961 0.752941" fill="1 0.501961 0.752941" mode="-9"
 points="87.1436 8.23422,
	87.161 8.14144,
	87.1726 8.09505,
	87.2132 8.00227,
	87.2364 7.95588,
	87.2422 7.93269,
	87.3582 7.74713,
	87.3872 7.70074,
	87.4278 7.65435,
	87.4741 7.63695,
	87.5205 7.63115,
	87.5669 7.60796,
	87.6133 7.57317,
	87.6365 7.54997,
	87.7293 7.52098,
	87.8221 7.52678,
	87.8685 7.53837,
	87.8917 7.54997,
	87.9322 7.59636,
	87.9496 7.68914,
	87.9554 7.71234,
	88.0192 7.80512,
	88.0946 7.8921,
	88.1352 7.93849,
	88.1642 7.98488,
	88.1816 8.03127,
	88.2106 8.21683,
	88.2164 8.30961,
	88.2048 8.49517,
	88.2454 8.68073,
	88.2512 8.72712,
	88.2512 8.75031,
	88.2222 8.7909,
	88.1352 8.86629,
	88.0424 8.91268,
	87.996 8.93587,
	87.9032 8.99966,
	87.8801 9.00546,
	87.8743 9.01126,
	87.8511 8.99966,
	87.8395 8.99966,
	87.8163 8.97646,
	87.7931 8.93007,
	87.7815 8.88368,
	87.7757 8.86049,
	87.7815 8.83729,
	87.8221 8.7967,
	87.8395 8.7909,
	87.7931 8.78511,
	87.7003 8.8083,
	87.6539 8.8257,
	87.6307 8.8199,
	87.6191 8.8199,
	87.5785 8.77931,
	87.5205 8.68653,
	87.5089 8.66333,
	87.5031 8.61694,
	87.4104 8.53576,
	87.3698 8.48937,
	87.3234 8.45458,
	87.277 8.43138,
	87.2306 8.42558,
	87.2074 8.41399,
	87.1668 8.3676,
	87.1494 8.32121,
	87.1436 8.27482,
	87.1436 8.25162,
	87.1436 8.24002,
	"/>
</Transform>

<Transform dim="0"
 xcoef=" 0 1 0 0 0 0"
 ycoef=" 0 0 1 0 0 0">
<Contour name="TB2 NF_08_cw" hidden="false" closed="true" simplified="true" border="1 0.501961 0.752941" fill="1 0.501961 0.752941" mode="-9"
 points="91.9218 0,
	92.2929 -0.00579875,
	92.664 0,
	92.7568 0,
	92.8032 0.00579875,
	92.8496 0.0405913,
	92.9424 0.0811825,
	93.0351 0.104378,
	93.1279 0.13917,
	93.2207 0.191359,
	93.3135 0.255145,
	93.3599 0.289938,
	93.4527 0.336328,
	93.5454 0.405913,
	93.6266 0.492894,
	93.6962 0.585674,
	93.7484 0.678454,
	93.7716 0.724844,
	93.7832 0.771234,
	93.7832 0.817624,
	93.7658 0.864014,
	93.7484 0.887209,
	93.702 0.910404,
	93.6092 0.922001,
	93.5164 0.922001,
	93.4701 0.922001,
	93.3773 0.893008,
	93.2903 0.829221,
	93.2439 0.829221,
	93.1511 0.800227,
	93.0583 0.759636,
	93.0119 0.736441,
	93.0004 0.736441,
	92.9888 0.724844,
	92.896 0.684253,
	92.8496 0.661057,
	92.8032 0.620466,
	92.7568 0.597271,
	92.7104 0.562479,
	92.6234 0.469699,
	92.5828 0.429108,
	92.4901 0.376919,
	92.4437 0.353724,
	92.4205 0.342126,
	92.4089 0.330529,
	92.3625 0.313132,
	91.9914 0.0579875,
	91.945 0.0173963,
	91.9276 0.00579875,
	"/>
</Transform>

<Transform dim="0"
 xcoef=" 0 1 0 0 0 0"
 ycoef=" 0 0 1 0 0 0">
<Contour name="TB2 NF_08_cw" hidden="false" closed="true" simplified="true" border="1 0.501961 0.752941" fill="1 0.501961 0.752941" mode="-9"
 points="90.9708 4.22149,
	91.0114 4.1809,
	91.023 4.1693,
	91.0694 4.15191,
	91.0926 4.12871,
	91.1042 4.03593,
	91.1448 3.99534,
	91.1911 3.96635,
	91.2085 3.96055,
	91.2491 4.00114,
	91.2955 4.00694,
	91.3767 3.91995,
	91.4231 3.91416,
	91.4695 3.92575,
	91.4927 3.92575,
	91.5275 3.87936,
	91.5739 3.86777,
	91.6666 3.87357,
	91.713 3.87936,
	91.7594 3.86777,
	91.7826 3.86197,
	91.829 3.87936,
	91.9218 3.93735,
	92.0146 4.01274,
	92.0262 4.03593,
	92.0262 4.05912,
	91.9972 4.10552,
	91.9102 4.19829,
	91.8638 4.23889,
	91.8174 4.26788,
	91.7246 4.29687,
	91.6318 4.30847,
	91.5855 4.30267,
	91.5391 4.30847,
	91.4521 4.37806,
	91.4057 4.41285,
	91.3593 4.41865,
	91.3129 4.39545,
	91.2897 4.37806,
	91.2433 4.36066,
	91.1506 4.37226,
	91.1274 4.37226,
	91.0346 4.31427,
	90.9882 4.28528,
	90.9708 4.23889,
	90.9708 4.22729,
	"/>
</Transform>

<Transform dim="0"
 xcoef=" 0 1 0 0 0 0"
 ycoef=" 0 0 1 0 0 0">
<Contour name="TB2 NF_10_rsl" hidden="false" closed="true" simplified="true" border="0.502 0.502 0.753" fill="0.502 0.502 0.753" mode="-9"
 points="78.3331 5.12066,
	78.3432 5.08058,
	78.3983 5.00542,
	78.4384 4.97035,
	78.5185 4.95031,
	78.5987 4.95031,
	78.6789 4.96534,
	78.7189 4.99039,
	78.744 5.02547,
	78.754 5.06555,
	78.754 5.07557,
	78.739 5.08559,
	78.7189 5.12567,
	78.7039 5.14572,
	78.7039 5.15574,
	78.6438 5.2359,
	78.6137 5.27098,
	78.5937 5.29102,
	78.5536 5.30605,
	78.4734 5.31607,
	78.4333 5.31607,
	78.3933 5.30605,
	78.3482 5.23089,
	78.3331 5.19081,
	78.3331 5.15073,
	78.3331 5.13068,
	78.3331 5.12567,
	"/>
</Transform>

<Transform dim="0"
 xcoef=" 0 1 0 0 0 0"
 ycoef=" 0 0 1 0 0 0">
<Contour name="TB2 NF_10_rsl" hidden="false" closed="true" simplified="true" border="0.502 0.502 0.753" fill="0.502 0.502 0.753" mode="-9"
 points="78.8712 1.17579,
	78.8979 1.0689,
	78.9246 1.01545,
	78.9179 0.908562,
	78.938 0.855117,
	78.9714 0.808353,
	79.0248 0.77495,
	79.0382 0.77495,
	79.0916 0.741547,
	79.1451 0.728185,
	79.1985 0.728185,
	79.2119 0.728185,
	79.2386 0.754908,
	79.272 0.801672,
	79.3188 0.848436,
	79.3388 0.875159,
	79.3856 0.901881,
	79.4056 1.00877,
	79.4056 1.11566,
	79.3923 1.22255,
	79.3722 1.27599,
	79.272 1.36952,
	79.1651 1.41629,
	79.0582 1.42965,
	79.0048 1.40961,
	78.9513 1.3762,
	78.9046 1.32944,
	78.8778 1.27599,
	78.8712 1.22255,
	78.8712 1.19583,
	78.8712 1.18247,
	"/>
</Transform>

<Transform dim="0"
 xcoef=" 0 1 0 0 0 0"
 ycoef=" 0 0 1 0 0 0">
<Contour name="TB2 NF_13_rsl" hidden="false" closed="true" simplified="true" border="1 0.501961 0.752941" fill="1 0.501961 0.752941" mode="-9"
 points="77.5253 4.43553,
	77.5639 4.35839,
	77.6314 4.29089,
	77.7857 4.27161,
	77.94 4.27161,
	78.0171 4.28125,
	78.0557 4.30053,
	78.1232 4.37767,
	78.1714 4.44517,
	78.2485 4.49338,
	78.3257 4.56088,
	78.3449 4.58017,
	78.3642 4.65731,
	78.3546 4.81159,
	78.2774 4.96586,
	78.2292 5.043,
	78.1907 5.07193,
	78.1135 5.08157,
	78.075 5.07193,
	78.0075 5.00443,
	77.9785 4.96586,
	77.9785 4.94658,
	77.9592 4.92729,
	77.9303 4.85015,
	77.8821 4.77302,
	77.8435 4.75373,
	77.6893 4.73445,
	77.6121 4.70552,
	77.5736 4.67659,
	77.5253 4.52231,
	77.5253 4.44517,
	"/>
</Transform>

<Transform dim="0"
 xcoef=" 0 1 0 0 0 0"
 ycoef=" 0 0 1 0 0 0">
<Contour name="TB2 NF_13_rsl" hidden="false" closed="true" simplified="true" border="1 0.502 0.753" fill="1 0.502 0.753" mode="-9"
 points="78.2337 2.34904,
	78.2814 2.30134,
	78.3767 2.25364,
	78.5675 2.28942,
	78.651 2.36096,
	78.6868 2.40866,
	78.7106 2.50405,
	78.7225 2.55175,
	78.6987 2.59944,
	78.6987 2.62329,
	78.5079 2.63521,
	78.4602 2.63521,
	78.3648 2.59944,
	78.2694 2.53982,
	78.2337 2.44443,
	78.2337 2.36096,
	"/>
</Transform>

<Transform dim="0"
 xcoef=" 0 1 0 0 0 0"
 ycoef=" 0 0 1 0 0 0">
<Image mag="0.00855" contrast="1" brightness="0" red="true" green="true" blue="true"
 src="..\TF21_robdata\Rob's_latest_seg_files_TF21_TB2\Aligned 633130.tif" />
<Contour name="domain1" hidden="false" closed="true" simplified="false" border="1 0 1" fill="1 0 1" mode="11"
 points="0 0,
	15991 0,
	15991 12171,
	0 12171,
	"/>
</Transform>

<Transform dim="0"
 xcoef=" 0 1 0 0 0 0"
 ycoef=" 0 0 1 0 0 0">
<Contour name="TB2 NF_15" hidden="true" closed="true" simplified="false" border="1 1 0" fill="1 1 0" mode="-9"
 points="79.1337 3.9906,
	79.1936 3.93075,
	79.2734 3.91079,
	79.3532 3.93075,
	79.413 4.09037,
	79.413 4.13028,
	79.3731 4.17018,
	79.2135 4.17018,
	79.1537 4.09037,
	79.1337 4.01056,
	"/>
</Transform>

<Transform dim="0"
 xcoef=" 0 1 0 0 0 0"
 ycoef=" 0 0 1 0 0 0">
<Contour name="TB2 NF_15" hidden="true" closed="true" simplified="false" border="1 1 0" fill="1 1 0" mode="-9"
 points="78.7823 4.56334,
	78.8122 4.53345,
	78.8122 4.51352,
	78.882 4.43381,
	78.9218 4.39396,
	79.0813 4.32421,
	79.161 4.32421,
	79.2008 4.34414,
	79.2606 4.42385,
	79.2805 4.50356,
	79.2905 4.54341,
	79.2706 4.62312,
	79.2207 4.67294,
	79.2008 4.67294,
	79.1211 4.72276,
	79.0414 4.73272,
	79.0015 4.74268,
	78.9816 4.75265,
	78.9019 4.74268,
	78.8621 4.72276,
	78.8322 4.6829,
	78.8322 4.66297,
	78.7823 4.58327,
	78.7823 4.5733,
	"/>
</Transform>

<Transform dim="0"
 xcoef=" 0 1 0 0 0 0"
 ycoef=" 0 0 1 0 0 0">
<Contour name="TB2 NF_15" hidden="true" closed="true" simplified="false" border="1 1 0" fill="1 1 0" mode="-9"
 points="78.8421 2.82967,
	78.8521 2.78981,
	78.9119 2.72007,
	78.9517 2.70014,
	79.0314 2.7101,
	79.0713 2.72007,
	79.141 2.78981,
	79.151 2.86952,
	79.141 2.90938,
	79.0613 2.9592,
	78.9816 2.97912,
	78.9019 2.94923,
	78.8521 2.89941,
	78.8421 2.85956,
	78.8421 2.83963,
	"/>
</Transform>

<Transform dim="0"
 xcoef=" 0 1 0 0 0 0"
 ycoef=" 0 0 1 0 0 0">
<Contour name="TB2 NF_15" hidden="true" closed="true" simplified="false" border="1 1 0" fill="1 1 0" mode="-9"
 points="78.3343 5.03645,
	78.461 4.9731,
	78.5243 4.94142,
	78.6193 5.03645,
	78.651 5.28986,
	78.651 5.35321,
	78.5877 5.41656,
	78.5243 5.41656,
	78.3976 5.32153,
	78.3343 5.19483,
	78.3343 5.06813,
	"/>
</Transform>

<Transform dim="0"
 xcoef=" 0 1 0 0 0 0"
 ycoef=" 0 0 1 0 0 0">
<Contour name="TB2 NF_17" hidden="true" closed="true" simplified="true" border="1 0.501961 0.501961" fill="1 0.501961 0.501961" mode="-9"
 points="87.0565 12.9868,
	87.0911 12.8487,
	87.1601 12.7105,
	87.281 12.5896,
	87.5573 12.4687,
	87.6955 12.4514,
	87.9718 12.5378,
	88.0927 12.6587,
	88.1791 12.7968,
	88.2654 13.0732,
	88.3345 13.2113,
	88.369 13.3495,
	88.5935 13.574,
	88.7317 13.6085,
	88.8008 13.6085,
	89.3534 13.8158,
	89.4225 13.833,
	89.457 13.8676,
	89.5261 13.8848,
	89.8024 14.1093,
	89.9233 14.2475,
	90.0096 14.5238,
	89.9924 14.8001,
	89.8715 15.0764,
	89.7679 15.2146,
	89.6988 15.2837,
	89.5779 15.37,
	89.3016 15.4218,
	89.1634 15.4218,
	89.0253 15.3528,
	88.8871 15.2319,
	88.8526 15.1628,
	88.818 15.1283,
	88.7144 14.8519,
	88.6108 14.7138,
	88.4899 14.6102,
	88.3517 14.662,
	88.1618 14.921,
	88.0582 15.0592,
	87.92 15.1283,
	87.7818 15.0764,
	87.6437 14.9728,
	87.6092 14.9037,
	87.5746 14.8865,
	87.5919 14.8519,
	87.661 14.8865,
	87.6782 14.8692,
	87.5228 14.5929,
	87.4192 14.4547,
	87.3674 14.3857,
	87.3674 14.3511,
	87.3156 14.282,
	87.2292 14.0057,
	87.1947 13.9366,
	87.1947 13.8676,
	87.1429 13.7294,
	87.0565 13.1768,
	87.0565 13.0386,
	87.0565 13.0041,
	"/>
</Transform>

<Transform dim="0"
 xcoef=" 0 1 0 0 0 0"
 ycoef=" 0 0 1 0 0 0">
<Contour name="TB2 NF_15" hidden="true" closed="true" simplified="false" border="1 1 0" fill="1 1 0" mode="-9"
 points="78.6575 5.63589,
	78.6797 5.45768,
	78.7243 5.36858,
	78.9025 5.19037,
	79.0807 5.07899,
	79.2589 5.05671,
	79.4371 5.16809,
	79.5485 5.3463,
	79.5931 5.39085,
	79.6153 5.47996,
	79.6822 5.56906,
	79.6822 5.65817,
	79.5708 5.8141,
	79.4817 5.85866,
	79.3035 5.83638,
	79.1253 5.76955,
	79.0362 5.74727,
	78.9916 5.725,
	78.9025 5.76955,
	78.8134 5.725,
	78.7688 5.725,
	78.6797 5.65817,
	"/>
</Transform>

<Transform dim="0"
 xcoef=" 0 1 0 0 0 0"
 ycoef=" 0 0 1 0 0 0">
<Contour name="TB2 NF_24" hidden="true" closed="true" simplified="true" border="1 0.501961 0.25098" fill="1 0.501961 0.25098" mode="-9"
 points="84.4271 70.2476,
	84.4588 70.1843,
	84.5855 70.0575,
	84.8231 69.9149,
	84.9499 69.8674,
	85.0766 69.8832,
	85.14 69.9149,
	85.1717 69.9466,
	85.2509 70.2001,
	85.2667 70.4536,
	85.2667 70.5803,
	85.2351 70.7071,
	85.1242 70.8338,
	85.0925 70.8655,
	85.0291 70.8655,
	84.9974 70.8814,
	84.7439 70.8021,
	84.6806 70.7388,
	84.6172 70.7071,
	84.5063 70.5803,
	84.4588 70.517,
	84.4271 70.3902,
	84.4271 70.2635,
	"/>
</Transform>

<Transform dim="0"
 xcoef=" 0 1 0 0 0 0"
 ycoef=" 0 0 1 0 0 0">
<Contour name="TB2 NF_24" hidden="true" closed="true" simplified="true" border="1 0.501961 0.25098" fill="1 0.501961 0.25098" mode="-9"
 points="83.2705 70.01,
	83.3022 69.9466,
	83.3022 69.9149,
	83.3814 69.7882,
	83.4923 69.5347,
	83.5557 69.408,
	83.6666 69.2812,
	83.73 69.2495,
	83.7934 69.2495,
	83.8567 69.2812,
	83.9201 69.3446,
	83.9201 69.3763,
	83.9518 69.408,
	83.9993 69.6614,
	84.0468 69.7882,
	84.031 69.9149,
	83.9993 69.9783,
	83.7617 70.2159,
	83.6983 70.2476,
	83.4448 70.2159,
	83.3814 70.2001,
	83.2705 70.0892,
	83.2705 70.0258,
	"/>
</Transform>

<Transform dim="0"
 xcoef=" 0 1 0 0 0 0"
 ycoef=" 0 0 1 0 0 0">
<Contour name="TB2 NF_17" hidden="true" closed="true" simplified="true" border="1 0.501961 0.501961" fill="1 0.501961 0.501961" mode="-9"
 points="79.9426 5.13197,
	80.0394 4.97704,
	80.3492 4.80275,
	80.5042 4.76402,
	80.6591 4.78338,
	80.7366 4.80275,
	80.8721 4.95768,
	80.9109 4.99641,
	80.969 5.15134,
	80.9883 5.2288,
	80.9302 5.38373,
	80.7753 5.53866,
	80.6204 5.63549,
	80.6204 5.67422,
	80.5429 5.71295,
	80.5042 5.75168,
	80.3492 5.75168,
	80.1943 5.71295,
	80.0394 5.57739,
	79.9813 5.49992,
	79.9426 5.345,
	79.9426 5.19007,
	79.9426 5.15134,
	"/>
</Transform>

<Transform dim="0"
 xcoef=" 0 1 0 0 0 0"
 ycoef=" 0 0 1 0 0 0">
<Contour name="TB2 NF_28-FR" hidden="false" closed="true" simplified="true" border="1 0.501961 0.501961" fill="1 0.501961 0.501961" mode="-9"
 points="102.999 5.70429,
	103.097 5.63439,
	103.32 5.53652,
	103.544 5.50856,
	103.6 5.52254,
	103.67 5.63439,
	103.67 5.85808,
	103.642 6.08178,
	103.614 6.19363,
	103.586 6.24955,
	103.376 6.45927,
	103.362 6.5152,
	103.376 6.62704,
	103.334 6.73889,
	103.278 6.78084,
	103.25 6.78084,
	103.264 6.89269,
	103.139 7.11638,
	103.083 7.1024,
	103.041 7.04648,
	103.027 6.93463,
	103.097 6.71093,
	103.111 6.59908,
	103.111 6.54316,
	103.181 6.31946,
	103.153 6.20761,
	103.055 5.98391,
	103.027 5.87206,
	103.027 5.76022,
	103.013 5.71827,
	"/>
</Transform>

<Transform dim="0"
 xcoef=" 0 1 0 0 0 0"
 ycoef=" 0 0 1 0 0 0">
<Contour name="TB2 NF_24" hidden="true" closed="true" simplified="true" border="1 0.501961 0.25098" fill="1 0.501961 0.25098" mode="-9"
 points="79.4774 54.0615,
	79.5046 53.6254,
	79.5864 53.4074,
	79.6545 53.2984,
	79.859 53.0939,
	79.9135 53.0803,
	80.0225 53.1212,
	80.077 53.1485,
	80.1724 53.2575,
	80.2269 53.3665,
	80.2814 53.5845,
	80.3087 53.8026,
	80.3223 54.6748,
	80.2678 54.8928,
	80.186 55.1109,
	80.1451 55.3289,
	80.1451 56.2011,
	80.1179 56.6372,
	80.1179 57.0733,
	80.1451 57.5094,
	80.1451 57.6184,
	80.1179 57.7274,
	80.0634 57.7683,
	80.0089 57.7819,
	79.9544 57.7547,
	79.9135 57.7001,
	79.8453 57.4821,
	79.7772 56.6099,
	79.7499 55.7377,
	79.7091 55.3016,
	79.5864 54.8656,
	79.491 54.4295,
	79.4774 54.2114,
	79.4774 54.1024,
	79.4774 54.0751,
	"/>
</Transform>

<Transform dim="0"
 xcoef=" 0 1 0 0 0 0"
 ycoef=" 0 0 1 0 0 0">
<Contour name="TB2 NF_24_cw" hidden="false" closed="true" simplified="true" border="1 0.5 0" fill="1 0.682353 0.368627" mode="15"
 points="83.1881 70.1376,
	83.2289 69.9508,
	83.2523 69.9041,
	83.2523 69.8925,
	83.264 69.8808,
	83.264 69.8691,
	83.2815 69.8458,
	83.2873 69.8224,
	83.3165 69.7757,
	83.3223 69.7524,
	83.334 69.7407,
	83.3749 69.6473,
	83.3865 69.6357,
	83.4741 69.4489,
	83.6083 69.2621,
	83.6784 69.1687,
	83.7017 69.1454,
	83.7484 69.1396,
	83.7951 69.1571,
	83.8184 69.1804,
	83.8593 69.3672,
	83.9001 69.4606,
	84.011 69.6473,
	84.0286 69.6707,
	84.0344 69.694,
	84.0227 69.7874,
	84.011 69.8341,
	83.9585 69.9217,
	83.8826 70.015,
	83.8418 70.0617,
	83.8301 70.0851,
	83.7893 70.1318,
	83.7426 70.1668,
	83.7192 70.1785,
	83.6959 70.2018,
	83.6492 70.231,
	83.4624 70.266,
	83.369 70.2777,
	83.3223 70.2777,
	83.2756 70.2543,
	83.2289 70.2193,
	83.1998 70.1726,
	83.1881 70.1493,
	83.1881 70.1434,
	"/>
<Contour name="TB2 NF_24_cw" hidden="false" closed="true" simplified="true" border="1 0.5 0" fill="1 0.682353 0.368627" mode="15"
 points="84.4546 70.266,
	84.4896 70.1726,
	84.5013 70.1493,
	84.6764 69.9683,
	84.8573 69.8399,
	84.9507 69.8458,
	85.0441 69.8633,
	85.0908 69.8808,
	85.1141 69.8925,
	85.1375 69.9158,
	85.1725 70.0034,
	85.2192 70.0384,
	85.2601 70.0851,
	85.2892 70.1318,
	85.3009 70.1551,
	85.3359 70.3419,
	85.3184 70.5287,
	85.3126 70.5753,
	85.2834 70.622,
	85.2717 70.6454,
	85.2309 70.6862,
	85.2075 70.6979,
	85.1608 70.6979,
	85.0675 70.6687,
	85.0441 70.6512,
	84.8573 70.5637,
	84.6706 70.4586,
	84.6239 70.4294,
	84.5305 70.3536,
	84.4838 70.3185,
	84.4546 70.2777,
	84.4546 70.2718,
	"/>
</Transform>

<Transform dim="0"
 xcoef=" 0 1 0 0 0 0"
 ycoef=" 0 0 1 0 0 0">
<Contour name="TB2 NF_01_rsl" hidden="false" closed="true" simplified="true" border="0 1 0" fill="0 1 0" mode="-9"
 points="87.8772 2.42856,
	87.8976 2.38774,
	87.9384 2.34693,
	88.02 2.30611,
	88.1017 2.29591,
	88.1425 2.2857,
	88.2241 2.31632,
	88.2751 2.38774,
	88.2853 2.42856,
	88.2853 2.44897,
	88.3261 2.47958,
	88.3364 2.48979,
	88.1833 2.64285,
	88.1017 2.70407,
	88.0608 2.72448,
	87.9792 2.71427,
	87.9384 2.70407,
	87.918 2.70407,
	87.8874 2.62244,
	87.8772 2.45917,
	87.8772 2.43876,
	"/>
</Transform>

<Transform dim="0"
 xcoef=" 0 1 0 0 0 0"
 ycoef=" 0 0 1 0 0 0">
<Contour name="TB2 NF_06_cw" hidden="false" closed="true" simplified="true" border="0.843137 0.843137 0" fill="0.843137 0.843137 0" mode="-9"
 points="78.2069 5.50041,
	78.2355 5.46228,
	78.3023 5.41462,
	78.369 5.34789,
	78.4071 5.33836,
	78.4262 5.32882,
	78.5024 5.33836,
	78.5787 5.31929,
	78.6168 5.32882,
	78.6645 5.26209,
	78.674 5.22396,
	78.7312 5.16677,
	78.8838 5.13817,
	79.0363 5.12864,
	79.1888 5.1477,
	79.3413 5.19537,
	79.3795 5.21443,
	79.3985 5.21443,
	79.551 5.33836,
	79.6178 5.41462,
	79.6464 5.45275,
	79.7036 5.60527,
	79.7131 5.68154,
	79.694 5.7578,
	79.6178 5.83406,
	79.5415 5.89126,
	79.4653 5.92939,
	79.1602 5.91032,
	79.0077 5.86266,
	78.8552 5.79593,
	78.7026 5.71014,
	78.6264 5.66247,
	78.4738 5.61481,
	78.3213 5.58621,
	78.2451 5.56714,
	78.2165 5.52901,
	78.2069 5.50995,
	"/>
</Transform>

<Transform dim="0"
 xcoef=" 0 1 0 0 0 0"
 ycoef=" 0 0 1 0 0 0">
<Contour name="TB2 NF_07_cw" hidden="false" closed="true" simplified="true" border="0.25098 0.501961 0.501961" fill="0.25098 0.501961 0.501961" mode="-9"
 points="78.3266 4.21152,
	78.3456 4.16062,
	78.3647 4.13517,
	78.4665 4.09064,
	78.5174 4.06519,
	78.5429 4.05247,
	78.5938 4.05247,
	78.6192 4.05247,
	78.6701 4.07792,
	78.6955 4.09064,
	78.7146 4.11609,
	78.7273 4.16698,
	78.721 4.26877,
	78.7083 4.31967,
	78.6446 4.42146,
	78.6319 4.43418,
	78.6192 4.41509,
	78.5174 4.43418,
	78.4156 4.39601,
	78.3711 4.35784,
	78.3393 4.30694,
	78.3266 4.25605,
	78.3266 4.2306,
	78.3266 4.21788,
	"/>
</Transform>

<Transform dim="0"
 xcoef=" 0 1 0 0 0 0"
 ycoef=" 0 0 1 0 0 0">
<Contour name="TB2 NF_07_cw" hidden="false" closed="true" simplified="true" border="0.25098 0.501961 0.501961" fill="0.25098 0.501961 0.501961" mode="-9"
 points="80.2415 3.15546,
	80.2542 3.13001,
	80.3051 3.0982,
	80.5087 3.03458,
	80.5595 3.04094,
	80.6104 3.06639,
	80.6995 3.14909,
	80.7313 3.19999,
	80.7377 3.22544,
	80.7313 3.25088,
	80.7059 3.27633,
	80.6804 3.28269,
	80.6677 3.28269,
	80.655 3.29542,
	80.5532 3.32086,
	80.5023 3.3145,
	80.4514 3.29542,
	80.3496 3.29542,
	80.2987 3.26361,
	80.2542 3.21271,
	80.2415 3.18726,
	80.2415 3.16182,
	"/>
</Transform>

<Transform dim="0"
 xcoef=" 0 1 0 0 0 0"
 ycoef=" 0 0 1 0 0 0">
<Contour name="TB2 NF_08_cw" hidden="false" closed="true" simplified="true" border="1 0.501961 0.752941" fill="1 0.501961 0.752941" mode="-9"
 points="87.1436 8.23422,
	87.161 8.14144,
	87.1726 8.09505,
	87.2132 8.00227,
	87.2364 7.95588,
	87.2422 7.93269,
	87.3582 7.74713,
	87.3872 7.70074,
	87.4278 7.65435,
	87.4741 7.63695,
	87.5205 7.63115,
	87.5669 7.60796,
	87.6133 7.57317,
	87.6365 7.54997,
	87.7293 7.52098,
	87.8221 7.52678,
	87.8685 7.53837,
	87.8917 7.54997,
	87.9322 7.59636,
	87.9496 7.68914,
	87.9554 7.71234,
	88.0192 7.80512,
	88.0946 7.8921,
	88.1352 7.93849,
	88.1642 7.98488,
	88.1816 8.03127,
	88.2106 8.21683,
	88.2164 8.30961,
	88.2048 8.49517,
	88.2454 8.68073,
	88.2512 8.72712,
	88.2512 8.75031,
	88.2222 8.7909,
	88.1352 8.86629,
	88.0424 8.91268,
	87.996 8.93587,
	87.9032 8.99966,
	87.8801 9.00546,
	87.8743 9.01126,
	87.8511 8.99966,
	87.8395 8.99966,
	87.8163 8.97646,
	87.7931 8.93007,
	87.7815 8.88368,
	87.7757 8.86049,
	87.7815 8.83729,
	87.8221 8.7967,
	87.8395 8.7909,
	87.7931 8.78511,
	87.7003 8.8083,
	87.6539 8.8257,
	87.6307 8.8199,
	87.6191 8.8199,
	87.5785 8.77931,
	87.5205 8.68653,
	87.5089 8.66333,
	87.5031 8.61694,
	87.4104 8.53576,
	87.3698 8.48937,
	87.3234 8.45458,
	87.277 8.43138,
	87.2306 8.42558,
	87.2074 8.41399,
	87.1668 8.3676,
	87.1494 8.32121,
	87.1436 8.27482,
	87.1436 8.25162,
	87.1436 8.24002,
	"/>
</Transform>

<Transform dim="0"
 xcoef=" 0 1 0 0 0 0"
 ycoef=" 0 0 1 0 0 0">
<Contour name="TB2 NF_08_cw" hidden="false" closed="true" simplified="true" border="1 0.501961 0.752941" fill="1 0.501961 0.752941" mode="-9"
 points="91.9218 0,
	92.2929 -0.00579875,
	92.664 0,
	92.7568 0,
	92.8032 0.00579875,
	92.8496 0.0405913,
	92.9424 0.0811825,
	93.0351 0.104378,
	93.1279 0.13917,
	93.2207 0.191359,
	93.3135 0.255145,
	93.3599 0.289938,
	93.4527 0.336328,
	93.5454 0.405913,
	93.6266 0.492894,
	93.6962 0.585674,
	93.7484 0.678454,
	93.7716 0.724844,
	93.7832 0.771234,
	93.7832 0.817624,
	93.7658 0.864014,
	93.7484 0.887209,
	93.702 0.910404,
	93.6092 0.922001,
	93.5164 0.922001,
	93.4701 0.922001,
	93.3773 0.893008,
	93.2903 0.829221,
	93.2439 0.829221,
	93.1511 0.800227,
	93.0583 0.759636,
	93.0119 0.736441,
	93.0004 0.736441,
	92.9888 0.724844,
	92.896 0.684253,
	92.8496 0.661057,
	92.8032 0.620466,
	92.7568 0.597271,
	92.7104 0.562479,
	92.6234 0.469699,
	92.5828 0.429108,
	92.4901 0.376919,
	92.4437 0.353724,
	92.4205 0.342126,
	92.4089 0.330529,
	92.3625 0.313132,
	91.9914 0.0579875,
	91.945 0.0173963,
	91.9276 0.00579875,
	"/>
</Transform>

<Transform dim="0"
 xcoef=" 0 1 0 0 0 0"
 ycoef=" 0 0 1 0 0 0">
<Contour name="TB2 NF_08_cw" hidden="false" closed="true" simplified="true" border="1 0.501961 0.752941" fill="1 0.501961 0.752941" mode="-9"
 points="90.9708 4.22149,
	91.0114 4.1809,
	91.023 4.1693,
	91.0694 4.15191,
	91.0926 4.12871,
	91.1042 4.03593,
	91.1448 3.99534,
	91.1911 3.96635,
	91.2085 3.96055,
	91.2491 4.00114,
	91.2955 4.00694,
	91.3767 3.91995,
	91.4231 3.91416,
	91.4695 3.92575,
	91.4927 3.92575,
	91.5275 3.87936,
	91.5739 3.86777,
	91.6666 3.87357,
	91.713 3.87936,
	91.7594 3.86777,
	91.7826 3.86197,
	91.829 3.87936,
	91.9218 3.93735,
	92.0146 4.01274,
	92.0262 4.03593,
	92.0262 4.05912,
	91.9972 4.10552,
	91.9102 4.19829,
	91.8638 4.23889,
	91.8174 4.26788,
	91.7246 4.29687,
	91.6318 4.30847,
	91.5855 4.30267,
	91.5391 4.30847,
	91.4521 4.37806,
	91.4057 4.41285,
	91.3593 4.41865,
	91.3129 4.39545,
	91.2897 4.37806,
	91.2433 4.36066,
	91.1506 4.37226,
	91.1274 4.37226,
	91.0346 4.31427,
	90.9882 4.28528,
	90.9708 4.23889,
	90.9708 4.22729,
	"/>
</Transform>

<Transform dim="0"
 xcoef=" 0 1 0 0 0 0"
 ycoef=" 0 0 1 0 0 0">
<Contour name="TB2 NF_10_rsl" hidden="false" closed="true" simplified="true" border="0.502 0.502 0.753" fill="0.502 0.502 0.753" mode="-9"
 points="78.3331 5.12066,
	78.3432 5.08058,
	78.3983 5.00542,
	78.4384 4.97035,
	78.5185 4.95031,
	78.5987 4.95031,
	78.6789 4.96534,
	78.7189 4.99039,
	78.744 5.02547,
	78.754 5.06555,
	78.754 5.07557,
	78.739 5.08559,
	78.7189 5.12567,
	78.7039 5.14572,
	78.7039 5.15574,
	78.6438 5.2359,
	78.6137 5.27098,
	78.5937 5.29102,
	78.5536 5.30605,
	78.4734 5.31607,
	78.4333 5.31607,
	78.3933 5.30605,
	78.3482 5.23089,
	78.3331 5.19081,
	78.3331 5.15073,
	78.3331 5.13068,
	78.3331 5.12567,
	"/>
</Transform>

<Transform dim="0"
 xcoef=" 0 1 0 0 0 0"
 ycoef=" 0 0 1 0 0 0">
<Contour name="TB2 NF_10_rsl" hidden="false" closed="true" simplified="true" border="0.502 0.502 0.753" fill="0.502 0.502 0.753" mode="-9"
 points="78.8712 1.17579,
	78.8979 1.0689,
	78.9246 1.01545,
	78.9179 0.908562,
	78.938 0.855117,
	78.9714 0.808353,
	79.0248 0.77495,
	79.0382 0.77495,
	79.0916 0.741547,
	79.1451 0.728185,
	79.1985 0.728185,
	79.2119 0.728185,
	79.2386 0.754908,
	79.272 0.801672,
	79.3188 0.848436,
	79.3388 0.875159,
	79.3856 0.901881,
	79.4056 1.00877,
	79.4056 1.11566,
	79.3923 1.22255,
	79.3722 1.27599,
	79.272 1.36952,
	79.1651 1.41629,
	79.0582 1.42965,
	79.0048 1.40961,
	78.9513 1.3762,
	78.9046 1.32944,
	78.8778 1.27599,
	78.8712 1.22255,
	78.8712 1.19583,
	78.8712 1.18247,
	"/>
</Transform>

<Transform dim="0"
 xcoef=" 0 1 0 0 0 0"
 ycoef=" 0 0 1 0 0 0">
<Contour name="TB2 NF_13_rsl" hidden="false" closed="true" simplified="true" border="1 0.501961 0.752941" fill="1 0.501961 0.752941" mode="-9"
 points="77.5253 4.43553,
	77.5639 4.35839,
	77.6314 4.29089,
	77.7857 4.27161,
	77.94 4.27161,
	78.0171 4.28125,
	78.0557 4.30053,
	78.1232 4.37767,
	78.1714 4.44517,
	78.2485 4.49338,
	78.3257 4.56088,
	78.3449 4.58017,
	78.3642 4.65731,
	78.3546 4.81159,
	78.2774 4.96586,
	78.2292 5.043,
	78.1907 5.07193,
	78.1135 5.08157,
	78.075 5.07193,
	78.0075 5.00443,
	77.9785 4.96586,
	77.9785 4.94658,
	77.9592 4.92729,
	77.9303 4.85015,
	77.8821 4.77302,
	77.8435 4.75373,
	77.6893 4.73445,
	77.6121 4.70552,
	77.5736 4.67659,
	77.5253 4.52231,
	77.5253 4.44517,
	"/>
</Transform>

<Transform dim="0"
 xcoef=" 0 1 0 0 0 0"
 ycoef=" 0 0 1 0 0 0">
<Contour name="TB2 NF_13_rsl" hidden="false" closed="true" simplified="true" border="1 0.502 0.753" fill="1 0.502 0.753" mode="-9"
 points="78.2337 2.34904,
	78.2814 2.30134,
	78.3767 2.25364,
	78.5675 2.28942,
	78.651 2.36096,
	78.6868 2.40866,
	78.7106 2.50405,
	78.7225 2.55175,
	78.6987 2.59944,
	78.6987 2.62329,
	78.5079 2.63521,
	78.4602 2.63521,
	78.3648 2.59944,
	78.2694 2.53982,
	78.2337 2.44443,
	78.2337 2.36096,
	"/>
</Transform>

<Transform dim="0"
 xcoef=" 0 1 0 0 0 0"
 ycoef=" 0 0 1 0 0 0">
<Image mag="0.00855" contrast="1" brightness="0" red="true" green="true" blue="true"
 src="Aligned 633130.tif" />
<Contour name="a1" hidden="false" closed="true" simplified="false" border="1 0.5 0" fill="1 0.5 0" mode="11"
 points="0 0,
	15991 0,
	15991 12171,
	0 12171,
	"/>
</Transform>

<Transform dim="0"
 xcoef=" 0 1 0 0 0 0"
 ycoef=" 0 0 1 0 0 0">
<Contour name="TB2_tastebud_outline_cw" hidden="false" closed="true" simplified="true" border="0.819608 0.819608 0.819608" fill="0.752941 0.752941 0.752941" mode="13"
 points="79.4899 54.0608,
	79.5855 53.6784,
	79.5855 53.4872,
	79.5855 53.3916,
	79.9201 53.057,
	80.3025 52.8658,
	80.6848 52.818,
	81.4496 52.9614,
	82.2144 53.4394,
	82.4056 53.535,
	82.7402 53.9174,
	82.9314 54.2998,
	83.0748 55.0645,
	82.9792 56.5941,
	82.8836 57.3589,
	82.8358 57.7413,
	82.549 58.5061,
	82.3578 58.8885,
	81.7364 59.6533,
	81.4496 60.0356,
	81.0672 60.3224,
	80.6848 60.3224,
	80.4937 60.2268,
	80.0635 59.5099,
	79.8245 58.7451,
	79.4899 55.6859,
	79.4899 54.1564,
	79.4899 54.1086,
	"/>
</Transform>

<Transform dim="0"
 xcoef=" 0 1 0 0 0 0"
 ycoef=" 0 0 1 0 0 0">
<Contour name="TB2_tastebud_outline_cw" hidden="false" closed="true" simplified="true" border="0.82 0.82 0.82" fill="0.753 0.753 0.753" mode="13"
 points="84.9344 50.4104,
	85.8284 46.009,
	88.3042 37.2061,
	88.4418 36.6559,
	88.5793 34.4552,
	88.5106 33.3548,
	88.0292 31.1541,
	87.2039 28.9533,
	86.7225 27.853,
	86.6537 27.5779,
	86.4474 27.3028,
	85.7597 25.1021,
	85.347 22.9013,
	85.1407 20.7006,
	85.2095 18.4999,
	85.2782 17.3995,
	85.2782 16.8493,
	85.6909 14.6486,
	86.0347 13.5482,
	87.0663 11.3475,
	88.0979 10.2471,
	89.1983 9.49064,
	91.399 8.73414,
	92.4994 8.52782,
	92.7745 8.52782,
	93.0496 8.73414,
	93.1871 9.00923,
	92.9808 10.1096,
	92.912 10.3847,
	93.0496 11.4851,
	93.3934 12.5854,
	94.5626 14.7861,
	95.3191 15.8865,
	96.3507 16.9181,
	97.451 17.5371,
	98.0012 17.7434,
	98.1388 17.8809,
	98.07 18.156,
	96.3507 20.3567,
	95.938 21.4571,
	95.7317 22.5575,
	95.5942 23.1077,
	95.5942 23.3827,
	95.4566 23.6578,
	95.2503 23.4515,
	95.1128 22.9013,
	94.8377 22.3512,
	94.6313 22.1448,
	94.4938 22.0761,
	94.2187 22.2136,
	93.531 23.314,
	92.3618 25.5147,
	92.1555 25.7898,
	92.2243 26.8902,
	92.4994 27.9905,
	92.8433 30.1913,
	92.7745 34.5927,
	92.8433 38.9942,
	92.7057 41.1949,
	92.1555 45.5964,
	91.9492 46.6967,
	91.6741 51.0982,
	91.5366 53.2989,
	91.5366 53.8491,
	91.0552 56.0498,
	90.2987 58.2505,
	90.2299 58.5256,
	90.0236 58.8007,
	89.8173 59.9011,
	89.9548 61.0015,
	90.2987 62.1018,
	90.4362 62.652,
	90.505 62.9271,
	90.3674 63.4773,
	90.0923 63.6836,
	89.5422 63.7524,
	89.0608 63.271,
	88.7169 62.7208,
	88.5106 62.4457,
	88.5106 62.3081,
	88.373 62.1706,
	88.3042 61.8955,
	87.8916 61.3453,
	87.6853 61.0702,
	87.6165 60.7951,
	87.4102 60.52,
	87.3414 60.245,
	87.2039 60.1074,
	87.2039 59.9699,
	87.0663 59.8323,
	86.9976 59.5572,
	86.6537 59.007,
	85.6909 56.8063,
	85.2095 54.6056,
	85.0032 53.5052,
	84.9344 51.3045,
	84.9344 50.7543,
	84.9344 50.4792,
	"/>
</Transform>

<Transform dim="0"
 xcoef=" 0 1 0 0 0 0"
 ycoef=" 0 0 1 0 0 0">
<Contour name="TB2 Nucleus_98_cw" hidden="false" closed="true" simplified="true" border="1 0 0" fill="1 0 0" mode="15"
 points="88.7685 12.0063,
	88.8467 11.6489,
	88.8802 11.4702,
	88.8914 11.3809,
	88.9249 11.2915,
	88.9584 11.2468,
	88.9584 11.2245,
	89.0701 11.0458,
	89.1036 11.0011,
	89.2265 10.6437,
	89.3046 10.465,
	89.3493 10.4204,
	89.528 10.3534,
	89.7067 10.3422,
	89.8854 10.2752,
	90.2316 10.0853,
	90.589 10.063,
	90.7677 10.063,
	90.8571 10.0741,
	91.0358 10.0518,
	91.1251 10.0406,
	91.3038 9.94011,
	91.4714 9.79492,
	91.516 9.75024,
	91.6054 9.71674,
	91.6947 9.70557,
	91.7394 9.70557,
	91.8288 9.75024,
	91.8511 9.75024,
	91.9404 9.81726,
	92.0186 9.9066,
	92.0298 9.95128,
	92.0521 9.97362,
	92.0745 10.1523,
	92.0856 10.197,
	92.0745 10.2082,
	92.0856 10.2975,
	92.0745 10.3422,
	92.0968 10.5209,
	92.1415 10.6102,
	92.1861 10.7889,
	92.1973 10.9676,
	92.1973 11.057,
	92.2308 11.1463,
	92.2978 11.2245,
	92.3872 11.3027,
	92.4095 11.3362,
	92.5547 11.4926,
	92.5771 11.5149,
	92.5994 11.6042,
	92.5994 11.6489,
	92.6106 11.6713,
	92.5324 12.0287,
	92.5659 12.2073,
	92.6217 12.2967,
	92.6999 12.3637,
	92.7446 12.4084,
	92.8004 12.4866,
	92.8116 12.5759,
	92.7893 12.7546,
	92.7893 12.7993,
	92.8339 12.8886,
	92.8674 12.9333,
	92.9456 12.9892,
	93.1243 13.1455,
	93.1913 13.2349,
	93.2025 13.2795,
	93.3365 13.4582,
	93.4035 13.5476,
	93.4482 13.6369,
	93.4817 13.6816,
	93.5376 13.8603,
	93.5934 14.2177,
	93.6157 14.3071,
	93.7051 14.4858,
	93.8168 14.6645,
	93.895 14.7538,
	93.9396 14.7985,
	93.9731 14.8208,
	94.0178 14.8655,
	94.364 15.0554,
	94.4534 15.1224,
	94.5427 15.2117,
	94.5986 15.2899,
	94.6209 15.3346,
	94.6321 15.4239,
	94.5986 15.6026,
	94.5874 15.6473,
	94.4757 15.826,
	94.4311 15.9153,
	94.4199 16.0047,
	94.4087 16.0494,
	94.4422 16.1387,
	94.4534 16.1834,
	94.5316 16.2616,
	94.7103 16.3621,
	94.7996 16.4179,
	94.8666 16.5073,
	94.9113 16.5966,
	94.9448 16.7753,
	94.9448 16.8647,
	94.956 16.9094,
	94.9113 17.2668,
	94.9671 17.6242,
	94.956 17.8028,
	94.8778 17.9815,
	94.8331 18.0709,
	94.8108 18.2496,
	94.822 18.3389,
	94.8108 18.4283,
	94.8108 18.473,
	94.7438 18.6517,
	94.7103 18.741,
	94.6544 18.8304,
	94.6321 18.875,
	94.4757 19.0537,
	94.3864 19.1431,
	94.2077 19.2883,
	94.1183 19.3441,
	93.9508 19.5117,
	93.7721 19.6345,
	93.5934 19.7127,
	93.236 19.8244,
	93.1467 19.8467,
	93.102 19.8802,
	92.7446 20.0254,
	92.5659 20.1036,
	92.2085 20.1818,
	91.8511 20.2153,
	91.6724 20.2264,
	91.583 20.2264,
	91.4937 20.2041,
	91.4043 20.1594,
	91.315 20.0813,
	91.1363 19.9696,
	91.0916 19.9361,
	91.0023 19.9026,
	90.8236 19.802,
	90.6449 19.7239,
	90.4662 19.6233,
	90.2875 19.4781,
	90.1423 19.3218,
	90.0753 19.2324,
	90.0306 19.1878,
	89.9077 19.0091,
	89.8072 18.8304,
	89.7625 18.741,
	89.7402 18.6517,
	89.5727 18.2943,
	89.5168 18.2049,
	89.4498 18.0262,
	89.4052 17.8475,
	89.3605 17.4901,
	89.3381 17.3114,
	89.3605 17.2221,
	89.528 17.0657,
	89.5727 17.0434,
	89.662 17.0322,
	90.0194 16.9094,
	90.0641 16.8759,
	90.0864 16.8535,
	90.1088 16.8535,
	90.1199 16.6748,
	90.0529 16.4961,
	90.0194 16.4068,
	90.0083 16.3621,
	90.0418 16.2727,
	90.1646 16.1052,
	90.1758 16.0159,
	90.1646 15.9712,
	90.0864 15.8818,
	89.9077 15.7702,
	89.8296 15.692,
	89.8072 15.6026,
	89.8296 15.5133,
	89.9524 15.3346,
	90.1199 15.167,
	90.1981 15.1,
	90.254 15.0219,
	90.2651 14.9325,
	90.254 14.8432,
	90.2651 14.7538,
	90.2651 14.7091,
	90.388 14.5304,
	90.4662 14.4523,
	90.4773 14.4187,
	90.4438 14.3294,
	90.3322 14.1507,
	90.2763 14.0613,
	90.2205 13.8826,
	90.2205 13.5253,
	90.2316 13.4359,
	90.2875 13.2572,
	90.2428 13.0785,
	90.1423 12.8998,
	90.0194 12.7211,
	89.9971 12.6764,
	89.8184 12.5424,
	89.7737 12.5089,
	89.6844 12.4866,
	89.5057 12.5201,
	89.327 12.6318,
	89.2376 12.6541,
	89.1483 12.6429,
	88.9696 12.4754,
	88.8914 12.3972,
	88.7909 12.2185,
	88.7685 12.0398,
	88.7685 12.0175,
	"/>
</Transform>

<Transform dim="0"
 xcoef=" 0 1 0 0 0 0"
 ycoef=" 0 0 1 0 0 0">
<Contour name="TB2 Nucleus_99_cw" hidden="false" closed="true" simplified="true" border="1 0 0" fill="1 0 0" mode="15"
 points="85.9241 50.8692,
	86.0207 50.3543,
	86.0528 50.0969,
	86.0689 49.5821,
	86.1333 49.0673,
	86.1011 48.5525,
	86.085 48.2951,
	86.1172 47.7803,
	86.1815 47.5229,
	86.2459 47.0081,
	86.262 46.7507,
	86.4389 46.2359,
	86.4711 46.2037,
	86.4711 46.1716,
	86.5033 46.1394,
	86.5998 45.882,
	86.8411 44.8524,
	86.8572 44.7237,
	87.0342 44.2089,
	87.0664 44.1767,
	87.1146 44.048,
	87.1951 43.9193,
	87.2433 43.871,
	87.2433 43.8388,
	87.4203 43.5814,
	87.6616 43.0666,
	87.7581 42.9379,
	87.8225 42.8736,
	87.9351 42.6162,
	88.0316 42.1014,
	88.096 41.844,
	88.2408 41.5866,
	88.4499 41.3292,
	88.5786 41.2487,
	88.836 41.1683,
	88.9647 41.1683,
	89.0934 41.2005,
	89.2704 41.4418,
	89.383 41.5705,
	89.6565 42.0853,
	89.9621 42.6001,
	90.123 42.8575,
	90.2035 43.1149,
	90.2356 43.2436,
	90.2517 43.308,
	90.3482 43.4367,
	90.4126 43.501,
	90.5413 43.5493,
	90.6539 43.6619,
	90.847 44.1767,
	90.8952 44.3054,
	90.9757 44.8202,
	90.9757 44.8845,
	91.04 45.0132,
	91.0883 45.0776,
	91.1687 45.5924,
	91.2331 45.8498,
	91.2652 46.3646,
	91.2331 46.622,
	91.217 46.7507,
	91.217 46.8151,
	91.1687 46.9438,
	91.0078 47.1851,
	90.7826 47.3942,
	90.6539 47.4747,
	90.5413 47.5873,
	90.5091 47.6194,
	90.5735 47.7481,
	90.8148 47.9734,
	90.863 48.0377,
	90.9113 48.2951,
	90.9274 48.4238,
	90.9113 48.5525,
	90.7987 48.8099,
	90.7504 48.9386,
	90.7826 49.0673,
	90.7987 49.1317,
	90.8791 49.2604,
	90.8952 49.5178,
	90.9113 49.6465,
	91.0883 50.1613,
	91.1365 50.4187,
	91.1526 50.6761,
	91.1044 51.1909,
	91.0722 51.4483,
	91.0722 51.577,
	91.04 51.6414,
	90.9918 51.8988,
	90.9274 52.0275,
	90.9113 52.5423,
	90.8952 52.7997,
	90.8309 53.0571,
	90.6861 53.3145,
	90.5896 53.4432,
	90.4609 53.7006,
	90.3965 53.958,
	90.3161 54.4728,
	90.2839 54.6015,
	90.1552 54.8589,
	90.0748 54.9876,
	89.9621 55.1163,
	89.7047 55.3093,
	89.576 55.4059,
	89.1578 55.9207,
	89.0291 56.0011,
	88.7717 56.0976,
	88.643 56.1137,
	88.3856 56.0976,
	88.1281 56.0494,
	87.9994 56.0011,
	87.9673 56.0011,
	87.7099 55.792,
	87.5973 55.6633,
	87.4364 55.4059,
	87.372 55.2772,
	87.1307 55.0359,
	87.002 54.9393,
	86.8411 54.6819,
	86.7446 54.5532,
	86.4711 54.0384,
	86.3746 53.781,
	86.3263 53.2662,
	86.3102 52.7514,
	86.2942 52.6227,
	86.2942 52.5584,
	86.1172 52.0435,
	86.0207 51.7861,
	85.9241 51.2713,
	85.9241 51.0139,
	85.9241 50.8852,
	"/>
</Transform>

<Transform dim="0"
 xcoef=" 0 1 0 0 0 0"
 ycoef=" 0 0 1 0 0 0">
<Contour name="TB2 Nucleus_100_cw" hidden="false" closed="true" simplified="true" border="1 0 0" fill="1 0 0" mode="15"
 points="85.6198 22.7434,
	85.7148 22.4396,
	85.8097 22.2877,
	86.0755 21.984,
	86.2273 21.8511,
	86.5311 21.7182,
	86.683 21.6992,
	87.2905 21.8321,
	87.898 22.0599,
	88.2017 22.1738,
	88.3536 22.2118,
	88.4295 22.2308,
	88.5814 22.3257,
	88.7333 22.4776,
	88.8092 22.5535,
	88.9801 22.8573,
	89.075 23.0091,
	89.075 23.0471,
	89.2079 23.199,
	89.3028 23.3509,
	89.3598 23.4268,
	89.4167 23.4648,
	89.5306 23.6166,
	89.6825 23.7685,
	89.8913 24.0343,
	89.9673 24.1102,
	90.0053 24.1862,
	90.1381 24.3381,
	90.29 24.6418,
	90.3849 24.7937,
	90.4229 24.8696,
	90.4988 24.9456,
	90.6507 25.2493,
	90.7077 25.4012,
	90.7456 25.4771,
	90.8026 25.7809,
	91.0114 26.3884,
	91.1823 26.9959,
	91.2962 27.2996,
	91.6189 28.5146,
	92.1695 30.9446,
	92.1885 31.2484,
	92.1695 31.4003,
	92.1885 31.5521,
	92.1315 31.8559,
	92.0176 32.1596,
	92.0746 32.3115,
	92.2454 32.6153,
	92.3214 32.919,
	92.3783 33.5265,
	92.3973 34.134,
	92.4542 34.4378,
	92.4732 35.0453,
	92.4922 35.1972,
	92.4542 35.5009,
	92.4163 35.6528,
	92.3783 36.2603,
	92.3593 36.564,
	92.3024 36.8678,
	92.2074 37.1715,
	92.1505 37.3234,
	92.0556 37.4753,
	91.7518 37.6841,
	91.4481 37.836,
	91.2962 37.9119,
	90.9924 37.9689,
	90.3849 37.9309,
	90.0812 37.855,
	89.9293 37.798,
	89.7774 37.7031,
	89.6445 37.5512,
	89.4737 37.2475,
	89.4167 37.0956,
	89.3978 36.9437,
	89.4357 36.64,
	89.5306 36.4881,
	89.6066 36.4122,
	89.6825 36.3932,
	89.7205 36.3932,
	89.7964 36.4501,
	89.9483 36.4691,
	90.0242 36.4122,
	90.1002 36.2603,
	90.1381 36.1084,
	90.1381 35.8047,
	90.1571 35.6528,
	90.1571 35.6148,
	90.2331 35.5579,
	90.309 35.5579,
	90.347 35.4819,
	90.347 35.3301,
	90.2141 35.0263,
	90.1192 34.7225,
	90.0242 34.115,
	89.9103 33.8113,
	89.7395 33.2038,
	89.6825 33.0519,
	89.6445 32.7482,
	89.5686 32.5963,
	89.5306 32.4444,
	89.4737 32.3685,
	89.3978 32.0647,
	89.2838 31.761,
	89.094 31.4572,
	88.6194 30.8497,
	88.5055 30.6978,
	88.2207 30.3941,
	88.0878 30.0903,
	88.0499 29.9385,
	87.898 29.7866,
	87.822 29.7107,
	87.6892 29.4069,
	87.6322 29.1032,
	87.6132 28.9513,
	87.4993 28.6475,
	87.3284 28.3438,
	87.1956 27.7363,
	87.0627 27.4325,
	86.9677 27.1288,
	86.9677 26.9769,
	86.8728 26.6731,
	86.7779 26.5213,
	86.7209 26.3694,
	86.664 26.0656,
	86.5881 25.9138,
	86.5691 25.8378,
	86.3602 25.5341,
	86.0755 24.9266,
	85.8666 24.3191,
	85.7717 24.0153,
	85.7338 23.8634,
	85.6958 23.7875,
	85.6388 23.18,
	85.6198 22.8763,
	85.6198 22.8003,
	85.6198 22.7623,
	"/>
</Transform>

<Transform dim="0"
 xcoef=" 0 1 0 0 0 0"
 ycoef=" 0 0 1 0 0 0">
<Contour name="TB2 NF_30_cw" hidden="false" closed="true" simplified="true" border="1 1 0.502" fill="1 1 0" mode="15"
 points="87.6321 11.2028,
	87.6766 11.0606,
	87.7121 10.9896,
	87.8098 10.8474,
	87.8454 10.8119,
	87.9164 10.7852,
	87.9875 10.7763,
	88.0586 10.7852,
	88.0941 10.7852,
	88.2363 10.8296,
	88.3784 10.9274,
	88.4139 10.954,
	88.4495 11.0251,
	88.4672 11.0962,
	88.4761 11.1317,
	88.4495 11.2738,
	88.4228 11.3449,
	88.3784 11.416,
	88.103 11.647,
	88.0675 11.6825,
	88.0319 11.7003,
	87.9608 11.7092,
	87.9253 11.7269,
	87.8542 11.718,
	87.721 11.6026,
	87.6677 11.5315,
	87.641 11.4604,
	87.6321 11.3183,
	87.6321 11.2472,
	87.6321 11.2117,
	"/>
</Transform>

<Transform dim="0"
 xcoef=" 0 1 0 0 0 0"
 ycoef=" 0 0 1 0 0 0">
<Contour name="TB2 NF_30_cw" hidden="false" closed="true" simplified="true" border="1 1 0.502" fill="1 1 0" mode="15"
 points="92.3318 3.74906,
	92.3584 3.67799,
	92.4739 3.54473,
	92.545 3.50031,
	92.5805 3.46477,
	92.7227 3.42035,
	92.8648 3.42924,
	92.9004 3.44701,
	92.9714 3.42924,
	93.007 3.42035,
	93.0781 3.43812,
	93.1402 3.49143,
	93.2113 3.5625,
	93.2646 3.63357,
	93.3002 3.70464,
	93.309 3.7313,
	93.2735 3.80237,
	93.238 3.8379,
	93.2024 3.84679,
	93.1669 3.87344,
	93.1314 3.87344,
	93.0603 3.90009,
	93.0247 3.91786,
	93.007 3.91786,
	92.9892 3.93563,
	92.9537 3.93563,
	92.9181 3.9534,
	92.8471 3.94451,
	92.776 3.97116,
	92.7405 3.98893,
	92.6694 3.98893,
	92.6339 3.98005,
	92.6161 3.98005,
	92.5805 3.94451,
	92.4384 3.93563,
	92.4029 3.93563,
	92.3673 3.90009,
	92.3318 3.82902,
	92.3318 3.75795,
	"/>
</Transform>

<Transform dim="0"
 xcoef=" 0 1 0 0 0 0"
 ycoef=" 0 0 1 0 0 0">
<Contour name="EP_NF01_cw" hidden="false" closed="true" simplified="true" border="0.972549 0.756863 0.0156863" fill="0.972549 0.623529 0.262745" mode="15"
 points="124.257 78.0787,
	124.285 77.9892,
	124.296 77.9445,
	124.307 77.9333,
	124.313 77.9109,
	124.358 77.8662,
	124.447 77.8103,
	124.47 77.7935,
	124.559 77.7655,
	124.604 77.7543,
	124.693 77.7487,
	124.738 77.7431,
	124.76 77.7431,
	124.772 77.7487,
	124.861 77.7264,
	124.951 77.732,
	124.995 77.7376,
	125.018 77.7376,
	125.04 77.7487,
	125.062 77.7487,
	125.241 77.8047,
	125.331 77.8326,
	125.353 77.8326,
	125.398 77.8494,
	125.487 77.9109,
	125.51 77.9277,
	125.555 77.9389,
	125.577 77.9389,
	125.622 77.9613,
	125.666 77.9948,
	125.689 78.006,
	125.778 78.0843,
	125.801 78.1011,
	125.829 78.1346,
	125.907 78.2073,
	126.086 78.3248,
	126.108 78.3416,
	126.136 78.3751,
	126.164 78.4199,
	126.203 78.4646,
	126.293 78.4982,
	126.304 78.4982,
	126.393 78.5541,
	126.438 78.5876,
	126.528 78.638,
	126.567 78.6771,
	126.578 78.7219,
	126.572 78.7442,
	126.5 78.8281,
	126.455 78.8505,
	126.365 78.8561,
	126.187 78.8057,
	126.142 78.7834,
	126.119 78.7666,
	126.075 78.761,
	126.03 78.7666,
	125.94 78.7946,
	125.851 78.8449,
	125.761 78.8729,
	125.717 78.8785,
	125.672 78.8729,
	125.493 78.9008,
	125.314 78.8952,
	125.135 78.8561,
	125.09 78.8449,
	125.001 78.8002,
	124.911 78.7778,
	124.822 78.7442,
	124.811 78.733,
	124.632 78.6771,
	124.621 78.6771,
	124.576 78.6492,
	124.531 78.61,
	124.492 78.582,
	124.341 78.4087,
	124.313 78.3639,
	124.291 78.3472,
	124.285 78.3248,
	124.296 78.28,
	124.257 78.1906,
	124.257 78.1011,
	124.257 78.0843,
	"/>
<Contour name="EP_NF01_cw" hidden="false" closed="true" simplified="true" border="0.972549 0.756863 0.0156863" fill="0.972549 0.623529 0.262745" mode="15"
 points="126.606 78.9568,
	126.617 78.9344,
	126.64 78.9176,
	126.684 78.9008,
	126.729 78.8673,
	126.774 78.8505,
	126.818 78.8561,
	126.902 78.9288,
	126.908 78.9344,
	126.897 78.94,
	126.852 78.9064,
	126.846 78.912,
	126.88 78.9512,
	126.964 79.0239,
	126.986 79.0462,
	126.969 79.0686,
	126.925 79.0854,
	126.746 79.0854,
	126.723 79.0742,
	126.679 79.0295,
	126.634 79.0071,
	126.612 78.9903,
	126.606 78.9679,
	126.606 78.9623,
	"/>
</Transform>

</Section>