<?xml version="1.0"?>
<!DOCTYPE Section SYSTEM "section.dtd">

<Section index="12" thickness="0.085" alignLocked="true">
<Transform dim="0"
 xcoef=" 0 1 0 0 0 0"
 ycoef=" 0 0 1 0 0 0">
<Image mag="0.00855" contrast="1" brightness="0" red="true" green="true" blue="true"
 src="Aligned 633012.tif" />
<Contour name="domain1" hidden="false" closed="true" simplified="false" border="1 0 1" fill="1 0 1" mode="11"
 points="0 0,
	15991 0,
	15991 12171,
	0 12171,
	"/>
</Transform>

<Transform dim="0"
 xcoef=" 0 1 0 0 0 0"
 ycoef=" 0 0 1 0 0 0">
<Contour name="TB2 NF_15" hidden="true" closed="true" simplified="false" border="1 1 0" fill="1 1 0" mode="-9"
 points="79.1578 1.77384,
	79.4746 1.26703,
	79.5696 1.14033,
	79.6963 1.14033,
	79.8547 1.39374,
	79.8864 1.64714,
	79.8864 1.77384,
	79.823 1.90055,
	79.5696 2.12228,
	79.3162 2.15395,
	79.2212 2.05893,
	79.1578 1.80552,
	"/>
</Transform>

<Transform dim="0"
 xcoef=" 0 1 0 0 0 0"
 ycoef=" 0 0 1 0 0 0">
<Contour name="TB2 NF_17" hidden="true" closed="true" simplified="true" border="1 0.501961 0.501961" fill="1 0.501961 0.501961" mode="-9"
 points="81.7682 0.729072,
	81.9084 0.504742,
	82.0206 0.44866,
	82.2449 0.44866,
	82.4692 0.532783,
	82.5814 0.644948,
	82.6936 0.869278,
	82.6936 1.09361,
	82.6375 1.20577,
	82.4412 1.40206,
	82.329 1.4301,
	82.1047 1.2899,
	81.8804 1.06557,
	81.8243 0.953401,
	81.7682 0.897319,
	81.7682 0.785154,
	81.7682 0.757113,
	"/>
</Transform>

<Transform dim="0"
 xcoef=" 0 1 0 0 0 0"
 ycoef=" 0 0 1 0 0 0">
<Contour name="TB2 NF_19_cw" hidden="false" closed="true" simplified="true" border="1 1 0" fill="1 0.502 0" mode="15"
 points="89.5577 0.792926,
	89.5649 0.764352,
	89.5792 0.750065,
	89.5863 0.721491,
	89.6077 0.692917,
	89.6649 0.671487,
	89.7792 0.685774,
	89.8363 0.70006,
	89.8649 0.707204,
	89.9149 0.757208,
	89.9363 0.814356,
	89.9363 0.871504,
	89.9292 0.900078,
	89.8792 0.957226,
	89.822 0.985799,
	89.7649 1.00009,
	89.6506 0.978656,
	89.622 0.964369,
	89.572 0.914365,
	89.5577 0.885791,
	89.5577 0.828643,
	89.5577 0.800069,
	"/>
</Transform>

<Transform dim="0"
 xcoef=" 0 1 0 0 0 0"
 ycoef=" 0 0 1 0 0 0">
<Contour name="TB2 NF_23_cw" hidden="false" closed="true" simplified="true" border="0.973 0.757 0.016" fill="0.902 0.8 0.102" mode="15"
 points="81.5925 0.799699,
	81.5972 0.781101,
	81.6065 0.771802,
	81.6111 0.753205,
	81.7134 0.609073,
	81.7832 0.539332,
	81.8157 0.506786,
	81.8854 0.460292,
	81.9226 0.455642,
	81.9412 0.455642,
	81.9459 0.460292,
	81.9831 0.455642,
	81.997 0.437045,
	82.0156 0.427746,
	82.0528 0.3952,
	82.0714 0.385901,
	82.1086 0.381252,
	82.1272 0.376602,
	82.1644 0.381252,
	82.2016 0.404499,
	82.2202 0.409148,
	82.2574 0.3952,
	82.276 0.390551,
	82.2853 0.381252,
	82.3225 0.376602,
	82.3969 0.404499,
	82.4713 0.446344,
	82.4899 0.464941,
	82.5038 0.502137,
	82.5085 0.576527,
	82.5782 0.641619,
	82.5968 0.655567,
	82.6061 0.674165,
	82.6108 0.71136,
	82.5968 0.748555,
	82.5968 0.757854,
	82.5829 0.776452,
	82.5829 0.795049,
	82.6108 0.832245,
	82.6247 0.850842,
	82.6294 0.888038,
	82.6154 0.925233,
	82.6387 0.962428,
	82.634 0.999624,
	82.6015 1.07401,
	82.5968 1.11121,
	82.6061 1.12981,
	82.6433 1.15305,
	82.6619 1.1577,
	82.6712 1.167,
	82.6758 1.1856,
	82.6572 1.2228,
	82.648 1.24139,
	82.6108 1.27859,
	82.5922 1.28789,
	82.5736 1.30648,
	82.5364 1.32973,
	82.5271 1.33438,
	82.5457 1.33903,
	82.5085 1.35298,
	82.4945 1.36228,
	82.4201 1.34833,
	82.3829 1.35298,
	82.3457 1.34368,
	82.3271 1.33438,
	82.3178 1.33438,
	82.2992 1.32043,
	82.2249 1.31578,
	82.1877 1.33438,
	82.1133 1.34368,
	82.0761 1.33903,
	82.0389 1.32508,
	81.9645 1.27394,
	81.8901 1.23209,
	81.8715 1.2135,
	81.7971 1.17165,
	81.732 1.09726,
	81.7181 1.06007,
	81.7134 1.04147,
	81.653 0.967078,
	81.6344 0.94848,
	81.6111 0.874089,
	81.5972 0.855492,
	81.5925 0.818297,
	81.5925 0.804348,
	"/>
</Transform>

<Transform dim="0"
 xcoef=" 0 1 0 0 0 0"
 ycoef=" 0 0 1 0 0 0">
<Image mag="0.00855" contrast="1" brightness="0" red="true" green="true" blue="true"
 src="..\TF21_robdata\Rob's_latest_seg_files_TF21_TB2\Aligned 633012.tif" />
<Contour name="domain1" hidden="false" closed="true" simplified="false" border="1 0 1" fill="1 0 1" mode="11"
 points="0 0,
	15991 0,
	15991 12171,
	0 12171,
	"/>
</Transform>

<Transform dim="0"
 xcoef=" 0 1 0 0 0 0"
 ycoef=" 0 0 1 0 0 0">
<Contour name="TB2 NF_15" hidden="true" closed="true" simplified="false" border="1 1 0" fill="1 1 0" mode="-9"
 points="79.1578 1.77384,
	79.4746 1.26703,
	79.5696 1.14033,
	79.6963 1.14033,
	79.8547 1.39374,
	79.8864 1.64714,
	79.8864 1.77384,
	79.823 1.90055,
	79.5696 2.12228,
	79.3162 2.15395,
	79.2212 2.05893,
	79.1578 1.80552,
	"/>
</Transform>

<Transform dim="0"
 xcoef=" 0 1 0 0 0 0"
 ycoef=" 0 0 1 0 0 0">
<Contour name="TB2 NF_17" hidden="true" closed="true" simplified="true" border="1 0.501961 0.501961" fill="1 0.501961 0.501961" mode="-9"
 points="81.7682 0.729072,
	81.9084 0.504742,
	82.0206 0.44866,
	82.2449 0.44866,
	82.4692 0.532783,
	82.5814 0.644948,
	82.6936 0.869278,
	82.6936 1.09361,
	82.6375 1.20577,
	82.4412 1.40206,
	82.329 1.4301,
	82.1047 1.2899,
	81.8804 1.06557,
	81.8243 0.953401,
	81.7682 0.897319,
	81.7682 0.785154,
	81.7682 0.757113,
	"/>
</Transform>

<Transform dim="0"
 xcoef=" 0 1 0 0 0 0"
 ycoef=" 0 0 1 0 0 0">
<Contour name="TB2 NF_10_rsl" hidden="false" closed="true" simplified="true" border="0.502 0.502 0.753" fill="0.502 0.502 0.753" mode="-9"
 points="78.3682 1.14739,
	78.3832 1.10731,
	78.3882 1.06722,
	78.4033 1.02714,
	78.4083 1.0071,
	78.4233 0.987056,
	78.4584 0.906889,
	78.4834 0.866805,
	78.5536 0.80167,
	78.5686 0.781628,
	78.5786 0.771607,
	78.5786 0.761586,
	78.6087 0.726513,
	78.6889 0.681419,
	78.729 0.661377,
	78.739 0.651356,
	78.8191 0.631315,
	78.8993 0.626304,
	79.22 0.641336,
	79.2601 0.671398,
	79.2801 0.68643,
	79.2901 0.69645,
	79.2901 0.706471,
	79.3001 0.716492,
	79.3001 0.726513,
	79.3302 0.766596,
	79.3753 0.846763,
	79.4104 0.92693,
	79.4354 1.0071,
	79.4454 1.08726,
	79.4505 1.1023,
	79.4705 1.08726,
	79.4805 1.08726,
	79.5557 1.03215,
	79.5958 1.0071,
	79.6759 1.01211,
	79.716 1.01712,
	79.7361 1.01712,
	79.7761 1.03215,
	79.7962 1.03716,
	79.8363 1.07223,
	79.8613 1.10731,
	79.8964 1.14238,
	79.9515 1.21754,
	79.9715 1.25762,
	80.0016 1.2977,
	80.0267 1.37787,
	80.0417 1.41795,
	80.0517 1.49812,
	80.0517 1.5382,
	80.0417 1.57829,
	80.0417 1.59833,
	80.0317 1.61837,
	80.0317 1.63841,
	79.9715 1.79875,
	79.9565 1.83883,
	79.9515 1.84885,
	80.0116 1.77369,
	80.0417 1.73361,
	80.0467 1.73862,
	79.9966 1.81378,
	79.9665 1.89394,
	79.9565 1.91399,
	79.9515 1.95407,
	79.9214 2.03424,
	79.8864 2.06931,
	79.8463 2.09436,
	79.8262 2.10438,
	79.1849 2.08935,
	79.1649 2.08935,
	79.1298 2.04927,
	79.1298 2.00918,
	79.1298 1.98914,
	79.1148 1.9691,
	79.0346 1.919,
	78.9544 1.90397,
	78.7941 1.85887,
	78.7139 1.82881,
	78.6338 1.78371,
	78.6137 1.77369,
	78.4734 1.6334,
	78.4283 1.55323,
	78.4283 1.54321,
	78.4133 1.52317,
	78.3782 1.36284,
	78.3682 1.28267,
	78.3682 1.2025,
	78.3682 1.16242,
	78.3682 1.1524,
	"/>
</Transform>

<Transform dim="0"
 xcoef=" 0 1 0 0 0 0"
 ycoef=" 0 0 1 0 0 0">
<Image mag="0.00855" contrast="1" brightness="0" red="true" green="true" blue="true"
 src="..\TF21_robdata\Rob's_latest_seg_files_TF21_TB2\Aligned 633012.tif" />
<Contour name="domain1" hidden="false" closed="true" simplified="false" border="1 0 1" fill="1 0 1" mode="11"
 points="0 0,
	15991 0,
	15991 12171,
	0 12171,
	"/>
</Transform>

<Transform dim="0"
 xcoef=" 0 1 0 0 0 0"
 ycoef=" 0 0 1 0 0 0">
<Contour name="TB2 NF_15" hidden="true" closed="true" simplified="false" border="1 1 0" fill="1 1 0" mode="-9"
 points="79.1578 1.77384,
	79.4746 1.26703,
	79.5696 1.14033,
	79.6963 1.14033,
	79.8547 1.39374,
	79.8864 1.64714,
	79.8864 1.77384,
	79.823 1.90055,
	79.5696 2.12228,
	79.3162 2.15395,
	79.2212 2.05893,
	79.1578 1.80552,
	"/>
</Transform>

<Transform dim="0"
 xcoef=" 0 1 0 0 0 0"
 ycoef=" 0 0 1 0 0 0">
<Contour name="TB2 NF_17" hidden="true" closed="true" simplified="true" border="1 0.501961 0.501961" fill="1 0.501961 0.501961" mode="-9"
 points="81.7682 0.729072,
	81.9084 0.504742,
	82.0206 0.44866,
	82.2449 0.44866,
	82.4692 0.532783,
	82.5814 0.644948,
	82.6936 0.869278,
	82.6936 1.09361,
	82.6375 1.20577,
	82.4412 1.40206,
	82.329 1.4301,
	82.1047 1.2899,
	81.8804 1.06557,
	81.8243 0.953401,
	81.7682 0.897319,
	81.7682 0.785154,
	81.7682 0.757113,
	"/>
</Transform>

<Transform dim="0"
 xcoef=" 0 1 0 0 0 0"
 ycoef=" 0 0 1 0 0 0">
<Contour name="TB2 NF_10_rsl" hidden="false" closed="true" simplified="true" border="0.502 0.502 0.753" fill="0.502 0.502 0.753" mode="-9"
 points="78.3682 1.14739,
	78.3832 1.10731,
	78.3882 1.06722,
	78.4033 1.02714,
	78.4083 1.0071,
	78.4233 0.987056,
	78.4584 0.906889,
	78.4834 0.866805,
	78.5536 0.80167,
	78.5686 0.781628,
	78.5786 0.771607,
	78.5786 0.761586,
	78.6087 0.726513,
	78.6889 0.681419,
	78.729 0.661377,
	78.739 0.651356,
	78.8191 0.631315,
	78.8993 0.626304,
	79.22 0.641336,
	79.2601 0.671398,
	79.2801 0.68643,
	79.2901 0.69645,
	79.2901 0.706471,
	79.3001 0.716492,
	79.3001 0.726513,
	79.3302 0.766596,
	79.3753 0.846763,
	79.4104 0.92693,
	79.4354 1.0071,
	79.4454 1.08726,
	79.4505 1.1023,
	79.4705 1.08726,
	79.4805 1.08726,
	79.5557 1.03215,
	79.5958 1.0071,
	79.6759 1.01211,
	79.716 1.01712,
	79.7361 1.01712,
	79.7761 1.03215,
	79.7962 1.03716,
	79.8363 1.07223,
	79.8613 1.10731,
	79.8964 1.14238,
	79.9515 1.21754,
	79.9715 1.25762,
	80.0016 1.2977,
	80.0267 1.37787,
	80.0417 1.41795,
	80.0517 1.49812,
	80.0517 1.5382,
	80.0417 1.57829,
	80.0417 1.59833,
	80.0317 1.61837,
	80.0317 1.63841,
	79.9715 1.79875,
	79.9565 1.83883,
	79.9515 1.84885,
	80.0116 1.77369,
	80.0417 1.73361,
	80.0467 1.73862,
	79.9966 1.81378,
	79.9665 1.89394,
	79.9565 1.91399,
	79.9515 1.95407,
	79.9214 2.03424,
	79.8864 2.06931,
	79.8463 2.09436,
	79.8262 2.10438,
	79.1849 2.08935,
	79.1649 2.08935,
	79.1298 2.04927,
	79.1298 2.00918,
	79.1298 1.98914,
	79.1148 1.9691,
	79.0346 1.919,
	78.9544 1.90397,
	78.7941 1.85887,
	78.7139 1.82881,
	78.6338 1.78371,
	78.6137 1.77369,
	78.4734 1.6334,
	78.4283 1.55323,
	78.4283 1.54321,
	78.4133 1.52317,
	78.3782 1.36284,
	78.3682 1.28267,
	78.3682 1.2025,
	78.3682 1.16242,
	78.3682 1.1524,
	"/>
</Transform>

<Transform dim="0"
 xcoef=" 0 1 0 0 0 0"
 ycoef=" 0 0 1 0 0 0">
<Image mag="0.00855" contrast="1" brightness="0" red="true" green="true" blue="true"
 src="Aligned 633012.tif" />
<Contour name="a1" hidden="false" closed="true" simplified="false" border="1 0.5 0" fill="1 0.5 0" mode="11"
 points="0 0,
	15991 0,
	15991 12171,
	0 12171,
	"/>
</Transform>

<Transform dim="0"
 xcoef=" 0 1 0 0 0 0"
 ycoef=" 0 0 1 0 0 0">
<Image mag="0.00855" contrast="1" brightness="0" red="true" green="true" blue="true"
 src="Aligned 633012.tif" />
<Contour name="TB2_T2C-06_AM_08" hidden="false" closed="true" simplified="false" border="1 0.5 0" fill="1 0.5 0" mode="11"
 points="0 0,
	15991 0,
	15991 12171,
	0 12171,
	"/>
</Transform>

<Transform dim="0"
 xcoef=" 0 1 0 0 0 0"
 ycoef=" 0 0 1 0 0 0">
<Contour name="EP_NF01_cw" hidden="false" closed="true" simplified="true" border="0.972549 0.756863 0.0156863" fill="0.972549 0.623529 0.262745" mode="15"
 points="127.958 73.615,
	127.965 73.552,
	127.973 73.5205,
	127.965 73.3944,
	128.005 73.2683,
	128.013 73.2053,
	128.052 73.1423,
	128.092 73.1029,
	128.107 73.1029,
	128.233 73.0162,
	128.296 72.9768,
	128.328 72.9532,
	128.391 72.9295,
	128.517 72.9138,
	128.58 72.9059,
	128.643 72.9138,
	128.706 72.9374,
	128.958 72.9295,
	129.084 72.9059,
	129.147 72.9059,
	129.652 73.0083,
	129.778 73.0398,
	129.904 73.0556,
	130.156 73.0477,
	130.282 73.0635,
	130.313 73.0871,
	130.345 73.095,
	130.408 73.1423,
	130.447 73.2053,
	130.479 73.2368,
	130.526 73.2762,
	130.77 73.4811,
	130.802 73.5126,
	130.81 73.5756,
	130.802 73.7017,
	130.802 73.7332,
	130.763 73.7962,
	130.7 73.8435,
	130.707 73.9066,
	130.739 73.9144,
	130.77 73.9066,
	130.834 73.8593,
	130.881 73.7962,
	130.897 73.7332,
	130.92 73.7017,
	130.952 73.6938,
	131.015 73.7568,
	131.07 73.8041,
	131.101 73.8672,
	131.117 73.8987,
	131.117 73.9302,
	131.062 73.9853,
	131.046 74.0484,
	131.03 74.0799,
	130.999 74.1035,
	130.873 74.1429,
	130.81 74.1508,
	130.684 74.206,
	130.621 74.2532,
	130.495 74.3084,
	130.432 74.3399,
	130.4 74.3557,
	130.337 74.3557,
	130.211 74.3951,
	130.085 74.3872,
	129.833 74.4739,
	129.707 74.5132,
	129.581 74.529,
	129.455 74.5211,
	129.329 74.4975,
	128.824 74.3478,
	128.698 74.2926,
	128.572 74.2217,
	128.446 74.1272,
	128.383 74.1035,
	128.352 74.0878,
	128.32 74.0878,
	128.289 74.072,
	128.257 74.072,
	128.194 74.0484,
	128.131 74.0405,
	128.099 74.0326,
	128.084 74.0247,
	128.076 74.0326,
	128.021 73.9696,
	127.997 73.9381,
	127.958 73.6859,
	127.958 73.6229,
	"/>
</Transform>

</Section>