<?xml version="1.0"?>
<!DOCTYPE Section SYSTEM "section.dtd">

<Section index="57" thickness="0.085" alignLocked="true">
<Transform dim="0"
 xcoef=" 0 1 0 0 0 0"
 ycoef=" 0 0 1 0 0 0">
<Image mag="0.00855" contrast="1" brightness="0" red="true" green="true" blue="true"
 src="Aligned 633057.tif" />
<Contour name="domain1" hidden="false" closed="true" simplified="false" border="1 0 1" fill="1 0 1" mode="11"
 points="0 0,
	15991 0,
	15991 12171,
	0 12171,
	"/>
</Transform>

<Transform dim="0"
 xcoef=" 0 1 0 0 0 0"
 ycoef=" 0 0 1 0 0 0">
<Contour name="TB2 NF_18" hidden="true" closed="true" simplified="true" border="0.501961 0.501961 1" fill="0.501961 0.501961 1" mode="-9"
 points="89.8438 20.3329,
	89.8543 20.291,
	89.9171 20.2177,
	89.9276 20.1968,
	90.0114 20.1863,
	90.0533 20.1759,
	90.0951 20.1863,
	90.137 20.2177,
	90.158 20.2387,
	90.1789 20.3224,
	90.1894 20.3434,
	90.1789 20.3853,
	90.1056 20.4586,
	90.0218 20.49,
	89.9381 20.49,
	89.9171 20.49,
	89.8962 20.469,
	89.8857 20.4795,
	89.8648 20.4586,
	89.8438 20.3748,
	89.8438 20.3434,
	"/>
</Transform>

<Transform dim="0"
 xcoef=" 0 1 0 0 0 0"
 ycoef=" 0 0 1 0 0 0">
<Contour name="TB2 NF_15" hidden="true" closed="true" simplified="false" border="1 1 0" fill="1 1 0" mode="-9"
 points="78.9994 2.02725,
	79.1261 1.93222,
	79.1895 1.93222,
	79.2845 2.05893,
	79.2529 2.18563,
	79.1578 2.31233,
	79.0311 2.24898,
	78.9994 2.12228,
	78.9994 2.05893,
	"/>
</Transform>

<Transform dim="0"
 xcoef=" 0 1 0 0 0 0"
 ycoef=" 0 0 1 0 0 0">
<Contour name="TB2 NF_15" hidden="true" closed="true" simplified="false" border="1 1 0" fill="1 1 0" mode="-9"
 points="79.2368 2.71771,
	79.2814 2.5395,
	79.3036 2.49495,
	79.3259 2.58405,
	79.3705 2.51722,
	79.3927 2.1608,
	79.3705 1.98259,
	79.3927 1.93804,
	79.4596 1.91576,
	79.6155 2.0717,
	79.66 2.11625,
	79.7046 2.29446,
	79.6823 2.65088,
	79.6155 2.82909,
	79.5264 2.9182,
	79.4373 2.9182,
	79.415 2.94047,
	79.3259 2.9182,
	79.2368 2.82909,
	79.2368 2.73998,
	"/>
</Transform>

<Transform dim="0"
 xcoef=" 0 1 0 0 0 0"
 ycoef=" 0 0 1 0 0 0">
<Contour name="TB2 NF_17" hidden="true" closed="true" simplified="true" border="1 0.501961 0.501961" fill="1 0.501961 0.501961" mode="-9"
 points="80.4222 2.69196,
	80.5624 2.46763,
	80.6746 2.35546,
	81.1232 2.2433,
	81.3195 2.3835,
	81.4037 2.60783,
	81.3756 2.83216,
	81.2354 3.02845,
	81.0111 3.1967,
	80.7868 3.28082,
	80.6746 3.30886,
	80.5624 3.28082,
	80.4783 3.16866,
	80.4222 2.94433,
	80.4222 2.72,
	"/>
</Transform>

<Transform dim="0"
 xcoef=" 0 1 0 0 0 0"
 ycoef=" 0 0 1 0 0 0">
<Contour name="TB2 NF_19_cw" hidden="false" closed="true" simplified="true" border="1 1 0" fill="1 0.502 0" mode="15"
 points="88.972 1.62157,
	88.9863 1.60728,
	89.2148 1.61443,
	89.4434 1.60728,
	89.5577 1.60728,
	89.6149 1.61443,
	89.7292 1.60728,
	89.7863 1.61443,
	89.7935 1.62871,
	89.772 1.65729,
	89.7149 1.67872,
	89.6577 1.71443,
	89.6006 1.73586,
	89.5434 1.77158,
	89.4863 1.79301,
	89.2577 1.81444,
	89.1434 1.82873,
	89.0863 1.82159,
	89.0577 1.8073,
	89.0077 1.75015,
	88.9863 1.693,
	88.9791 1.63586,
	88.9791 1.62871,
	"/>
</Transform>

<Transform dim="0"
 xcoef=" 0 1 0 0 0 0"
 ycoef=" 0 0 1 0 0 0">
<Contour name="TB2 NF_06_cw" hidden="false" closed="true" simplified="true" border="1 1 0" fill="0.906 0.886 0.255" mode="15"
 points="79.2522 2.81502,
	79.2615 2.77749,
	79.2662 2.70242,
	79.2756 2.66488,
	79.2756 2.64612,
	79.2897 2.60858,
	79.3741 2.45845,
	79.3976 2.42092,
	79.4492 2.27078,
	79.4539 2.23325,
	79.4445 2.15818,
	79.4398 2.13941,
	79.4492 2.10188,
	79.4586 2.08311,
	79.4586 2.06435,
	79.4633 2.05496,
	79.4586 2.01743,
	79.4398 1.9799,
	79.3882 1.82976,
	79.3882 1.811,
	79.4211 1.77346,
	79.4398 1.76877,
	79.5149 1.79223,
	79.5524 1.82038,
	79.5806 1.85791,
	79.59 1.87668,
	79.604 1.95175,
	79.6181 1.98928,
	79.6463 2.02681,
	79.6838 2.06435,
	79.7213 2.08781,
	79.7917 2.15818,
	79.8011 2.19571,
	79.7964 2.23325,
	79.7636 2.30832,
	79.7448 2.34585,
	79.7307 2.36462,
	79.665 2.51475,
	79.6134 2.66488,
	79.5853 2.69773,
	79.5477 2.72588,
	79.5384 2.73526,
	79.5149 2.81033,
	79.5055 2.84786,
	79.468 2.8807,
	79.4304 2.89009,
	79.3929 2.91354,
	79.3554 2.94639,
	79.3366 2.95108,
	79.2991 2.91824,
	79.2803 2.89947,
	79.2569 2.86194,
	79.2522 2.8244,
	79.2522 2.81971,
	"/>
</Transform>

<Transform dim="0"
 xcoef=" 0 1 0 0 0 0"
 ycoef=" 0 0 1 0 0 0">
<Contour name="TB2 NF_23_cw" hidden="false" closed="true" simplified="true" border="0.973 0.757 0.016" fill="0.902 0.8 0.102" mode="15"
 points="80.3465 3.1802,
	80.3604 3.143,
	80.3837 2.99422,
	80.4069 2.91983,
	80.4348 2.77105,
	80.4488 2.69666,
	80.4534 2.65946,
	80.4999 2.51068,
	80.5046 2.49208,
	80.5185 2.47349,
	80.5325 2.43629,
	80.5511 2.41769,
	80.5883 2.39445,
	80.6255 2.3619,
	80.6441 2.3526,
	80.6534 2.3433,
	80.6627 2.3433,
	80.6998 2.32006,
	80.7184 2.30611,
	80.737 2.30146,
	80.7463 2.29216,
	80.7835 2.27821,
	80.8579 2.26426,
	80.8951 2.25961,
	80.9323 2.26426,
	81.0067 2.25961,
	81.0811 2.26426,
	81.2299 2.25961,
	81.2671 2.25961,
	81.3043 2.26891,
	81.3415 2.26891,
	81.3787 2.27821,
	81.4159 2.27821,
	81.4902 2.31076,
	81.5088 2.31076,
	81.5832 2.3433,
	81.6204 2.3526,
	81.6902 2.42234,
	81.7181 2.45489,
	81.7367 2.47349,
	81.7413 2.49208,
	81.7274 2.52928,
	81.6948 2.56648,
	81.6251 2.61762,
	81.6158 2.63157,
	81.5786 2.66411,
	81.56 2.67341,
	81.4856 2.74315,
	81.4252 2.79895,
	81.295 2.92448,
	81.2857 2.93843,
	81.2113 2.99887,
	81.1787 3.03142,
	81.1601 3.04072,
	81.1229 3.07326,
	81.0486 3.11976,
	80.9788 3.17555,
	80.9044 3.21739,
	80.8672 3.24064,
	80.83 3.24529,
	80.7928 3.26854,
	80.6441 3.32433,
	80.6255 3.32898,
	80.6162 3.33363,
	80.6069 3.32898,
	80.6208 3.31968,
	80.5836 3.32433,
	80.565 3.32433,
	80.4906 3.34758,
	80.4534 3.34293,
	80.4162 3.31503,
	80.3697 3.24529,
	80.3465 3.21274,
	80.3465 3.19415,
	80.3465 3.18485,
	"/>
</Transform>

<Transform dim="0"
 xcoef=" 0 1 0 0 0 0"
 ycoef=" 0 0 1 0 0 0">
<Image mag="0.00855" contrast="1" brightness="0" red="true" green="true" blue="true"
 src="..\TF21_robdata\Rob's_latest_seg_files_TF21_TB2\Aligned 633057.tif" />
<Contour name="domain1" hidden="false" closed="true" simplified="false" border="1 0 1" fill="1 0 1" mode="11"
 points="0 0,
	15991 0,
	15991 12171,
	0 12171,
	"/>
</Transform>

<Transform dim="0"
 xcoef=" 0 1 0 0 0 0"
 ycoef=" 0 0 1 0 0 0">
<Contour name="TB2 NF_18" hidden="true" closed="true" simplified="true" border="0.501961 0.501961 1" fill="0.501961 0.501961 1" mode="-9"
 points="89.8438 20.3329,
	89.8543 20.291,
	89.9171 20.2177,
	89.9276 20.1968,
	90.0114 20.1863,
	90.0533 20.1759,
	90.0951 20.1863,
	90.137 20.2177,
	90.158 20.2387,
	90.1789 20.3224,
	90.1894 20.3434,
	90.1789 20.3853,
	90.1056 20.4586,
	90.0218 20.49,
	89.9381 20.49,
	89.9171 20.49,
	89.8962 20.469,
	89.8857 20.4795,
	89.8648 20.4586,
	89.8438 20.3748,
	89.8438 20.3434,
	"/>
</Transform>

<Transform dim="0"
 xcoef=" 0 1 0 0 0 0"
 ycoef=" 0 0 1 0 0 0">
<Contour name="TB2 NF_15" hidden="true" closed="true" simplified="false" border="1 1 0" fill="1 1 0" mode="-9"
 points="78.9994 2.02725,
	79.1261 1.93222,
	79.1895 1.93222,
	79.2845 2.05893,
	79.2529 2.18563,
	79.1578 2.31233,
	79.0311 2.24898,
	78.9994 2.12228,
	78.9994 2.05893,
	"/>
</Transform>

<Transform dim="0"
 xcoef=" 0 1 0 0 0 0"
 ycoef=" 0 0 1 0 0 0">
<Contour name="TB2 NF_15" hidden="true" closed="true" simplified="false" border="1 1 0" fill="1 1 0" mode="-9"
 points="79.2368 2.71771,
	79.2814 2.5395,
	79.3036 2.49495,
	79.3259 2.58405,
	79.3705 2.51722,
	79.3927 2.1608,
	79.3705 1.98259,
	79.3927 1.93804,
	79.4596 1.91576,
	79.6155 2.0717,
	79.66 2.11625,
	79.7046 2.29446,
	79.6823 2.65088,
	79.6155 2.82909,
	79.5264 2.9182,
	79.4373 2.9182,
	79.415 2.94047,
	79.3259 2.9182,
	79.2368 2.82909,
	79.2368 2.73998,
	"/>
</Transform>

<Transform dim="0"
 xcoef=" 0 1 0 0 0 0"
 ycoef=" 0 0 1 0 0 0">
<Contour name="TB2 NF_17" hidden="true" closed="true" simplified="true" border="1 0.501961 0.501961" fill="1 0.501961 0.501961" mode="-9"
 points="80.4222 2.69196,
	80.5624 2.46763,
	80.6746 2.35546,
	81.1232 2.2433,
	81.3195 2.3835,
	81.4037 2.60783,
	81.3756 2.83216,
	81.2354 3.02845,
	81.0111 3.1967,
	80.7868 3.28082,
	80.6746 3.30886,
	80.5624 3.28082,
	80.4783 3.16866,
	80.4222 2.94433,
	80.4222 2.72,
	"/>
</Transform>

<Transform dim="0"
 xcoef=" 0 1 0 0 0 0"
 ycoef=" 0 0 1 0 0 0">
<Contour name="TB2 NF_06_cw" hidden="false" closed="true" simplified="true" border="0.843137 0.843137 0" fill="0.843137 0.843137 0" mode="-9"
 points="79.2522 2.81502,
	79.2615 2.77749,
	79.2662 2.70242,
	79.2756 2.66488,
	79.2756 2.64612,
	79.2897 2.60858,
	79.3741 2.45845,
	79.3976 2.42092,
	79.4492 2.27078,
	79.4539 2.23325,
	79.4445 2.15818,
	79.4398 2.13941,
	79.4492 2.10188,
	79.4586 2.08311,
	79.4586 2.06435,
	79.4633 2.05496,
	79.4586 2.01743,
	79.4398 1.9799,
	79.3882 1.82976,
	79.3882 1.811,
	79.4211 1.77346,
	79.4398 1.76877,
	79.5149 1.79223,
	79.5524 1.82038,
	79.5806 1.85791,
	79.59 1.87668,
	79.604 1.95175,
	79.6181 1.98928,
	79.6463 2.02681,
	79.6838 2.06435,
	79.7213 2.08781,
	79.7917 2.15818,
	79.8011 2.19571,
	79.7964 2.23325,
	79.7636 2.30832,
	79.7448 2.34585,
	79.7307 2.36462,
	79.665 2.51475,
	79.6134 2.66488,
	79.5853 2.69773,
	79.5477 2.72588,
	79.5384 2.73526,
	79.5149 2.81033,
	79.5055 2.84786,
	79.468 2.8807,
	79.4304 2.89009,
	79.3929 2.91354,
	79.3554 2.94639,
	79.3366 2.95108,
	79.2991 2.91824,
	79.2803 2.89947,
	79.2569 2.86194,
	79.2522 2.8244,
	79.2522 2.81971,
	"/>
</Transform>

<Transform dim="0"
 xcoef=" 0 1 0 0 0 0"
 ycoef=" 0 0 1 0 0 0">
<Contour name="TB2 NF_10_rsl" hidden="false" closed="true" simplified="true" border="0.502 0.502 0.753" fill="0.502 0.502 0.753" mode="-9"
 points="79.0747 2.10438,
	79.0847 2.08434,
	79.0847 2.0643,
	79.1097 2.02923,
	79.1448 1.99415,
	79.225 1.97912,
	79.245 1.97912,
	79.2801 2.01921,
	79.3052 2.09937,
	79.3102 2.17954,
	79.3052 2.21962,
	79.3052 2.22964,
	79.3452 2.23465,
	79.3553 2.23966,
	79.3452 2.27975,
	79.3152 2.31983,
	79.2751 2.34989,
	79.235 2.36994,
	79.1548 2.34488,
	79.0997 2.26472,
	79.0747 2.18455,
	79.0747 2.10939,
	"/>
</Transform>

<Transform dim="0"
 xcoef=" 0 1 0 0 0 0"
 ycoef=" 0 0 1 0 0 0">
<Contour name="TB2 NF_10_rsl" hidden="false" closed="true" simplified="true" border="0.502 0.502 0.753" fill="0.502 0.502 0.753" mode="-9"
 points="78.5558 1.46706,
	78.5639 1.45103,
	78.5639 1.44301,
	78.5799 1.42698,
	78.5839 1.41094,
	78.6079 1.38288,
	78.64 1.35883,
	78.7042 1.3428,
	78.7362 1.3428,
	78.8004 1.35483,
	78.8324 1.37487,
	78.8525 1.40693,
	78.8645 1.47107,
	78.8444 1.5352,
	78.8004 1.59934,
	78.6721 1.60334,
	78.6079 1.5833,
	78.5919 1.57529,
	78.5639 1.54322,
	78.5558 1.5352,
	78.5558 1.47107,
	"/>
</Transform>

<Transform dim="0"
 xcoef=" 0 1 0 0 0 0"
 ycoef=" 0 0 1 0 0 0">
<Image mag="0.00855" contrast="1" brightness="0" red="true" green="true" blue="true"
 src="..\TF21_robdata\Rob's_latest_seg_files_TF21_TB2\Aligned 633057.tif" />
<Contour name="domain1" hidden="false" closed="true" simplified="false" border="1 0 1" fill="1 0 1" mode="11"
 points="0 0,
	15991 0,
	15991 12171,
	0 12171,
	"/>
</Transform>

<Transform dim="0"
 xcoef=" 0 1 0 0 0 0"
 ycoef=" 0 0 1 0 0 0">
<Contour name="TB2 NF_18" hidden="true" closed="true" simplified="true" border="0.501961 0.501961 1" fill="0.501961 0.501961 1" mode="-9"
 points="89.8438 20.3329,
	89.8543 20.291,
	89.9171 20.2177,
	89.9276 20.1968,
	90.0114 20.1863,
	90.0533 20.1759,
	90.0951 20.1863,
	90.137 20.2177,
	90.158 20.2387,
	90.1789 20.3224,
	90.1894 20.3434,
	90.1789 20.3853,
	90.1056 20.4586,
	90.0218 20.49,
	89.9381 20.49,
	89.9171 20.49,
	89.8962 20.469,
	89.8857 20.4795,
	89.8648 20.4586,
	89.8438 20.3748,
	89.8438 20.3434,
	"/>
</Transform>

<Transform dim="0"
 xcoef=" 0 1 0 0 0 0"
 ycoef=" 0 0 1 0 0 0">
<Contour name="TB2 NF_15" hidden="true" closed="true" simplified="false" border="1 1 0" fill="1 1 0" mode="-9"
 points="78.9994 2.02725,
	79.1261 1.93222,
	79.1895 1.93222,
	79.2845 2.05893,
	79.2529 2.18563,
	79.1578 2.31233,
	79.0311 2.24898,
	78.9994 2.12228,
	78.9994 2.05893,
	"/>
</Transform>

<Transform dim="0"
 xcoef=" 0 1 0 0 0 0"
 ycoef=" 0 0 1 0 0 0">
<Contour name="TB2 NF_15" hidden="true" closed="true" simplified="false" border="1 1 0" fill="1 1 0" mode="-9"
 points="79.2368 2.71771,
	79.2814 2.5395,
	79.3036 2.49495,
	79.3259 2.58405,
	79.3705 2.51722,
	79.3927 2.1608,
	79.3705 1.98259,
	79.3927 1.93804,
	79.4596 1.91576,
	79.6155 2.0717,
	79.66 2.11625,
	79.7046 2.29446,
	79.6823 2.65088,
	79.6155 2.82909,
	79.5264 2.9182,
	79.4373 2.9182,
	79.415 2.94047,
	79.3259 2.9182,
	79.2368 2.82909,
	79.2368 2.73998,
	"/>
</Transform>

<Transform dim="0"
 xcoef=" 0 1 0 0 0 0"
 ycoef=" 0 0 1 0 0 0">
<Contour name="TB2 NF_17" hidden="true" closed="true" simplified="true" border="1 0.501961 0.501961" fill="1 0.501961 0.501961" mode="-9"
 points="80.4222 2.69196,
	80.5624 2.46763,
	80.6746 2.35546,
	81.1232 2.2433,
	81.3195 2.3835,
	81.4037 2.60783,
	81.3756 2.83216,
	81.2354 3.02845,
	81.0111 3.1967,
	80.7868 3.28082,
	80.6746 3.30886,
	80.5624 3.28082,
	80.4783 3.16866,
	80.4222 2.94433,
	80.4222 2.72,
	"/>
</Transform>

<Transform dim="0"
 xcoef=" 0 1 0 0 0 0"
 ycoef=" 0 0 1 0 0 0">
<Contour name="TB2 NF_06_cw" hidden="false" closed="true" simplified="true" border="0.843137 0.843137 0" fill="0.843137 0.843137 0" mode="-9"
 points="79.2522 2.81502,
	79.2615 2.77749,
	79.2662 2.70242,
	79.2756 2.66488,
	79.2756 2.64612,
	79.2897 2.60858,
	79.3741 2.45845,
	79.3976 2.42092,
	79.4492 2.27078,
	79.4539 2.23325,
	79.4445 2.15818,
	79.4398 2.13941,
	79.4492 2.10188,
	79.4586 2.08311,
	79.4586 2.06435,
	79.4633 2.05496,
	79.4586 2.01743,
	79.4398 1.9799,
	79.3882 1.82976,
	79.3882 1.811,
	79.4211 1.77346,
	79.4398 1.76877,
	79.5149 1.79223,
	79.5524 1.82038,
	79.5806 1.85791,
	79.59 1.87668,
	79.604 1.95175,
	79.6181 1.98928,
	79.6463 2.02681,
	79.6838 2.06435,
	79.7213 2.08781,
	79.7917 2.15818,
	79.8011 2.19571,
	79.7964 2.23325,
	79.7636 2.30832,
	79.7448 2.34585,
	79.7307 2.36462,
	79.665 2.51475,
	79.6134 2.66488,
	79.5853 2.69773,
	79.5477 2.72588,
	79.5384 2.73526,
	79.5149 2.81033,
	79.5055 2.84786,
	79.468 2.8807,
	79.4304 2.89009,
	79.3929 2.91354,
	79.3554 2.94639,
	79.3366 2.95108,
	79.2991 2.91824,
	79.2803 2.89947,
	79.2569 2.86194,
	79.2522 2.8244,
	79.2522 2.81971,
	"/>
</Transform>

<Transform dim="0"
 xcoef=" 0 1 0 0 0 0"
 ycoef=" 0 0 1 0 0 0">
<Contour name="TB2 NF_10_rsl" hidden="false" closed="true" simplified="true" border="0.502 0.502 0.753" fill="0.502 0.502 0.753" mode="-9"
 points="79.0747 2.10438,
	79.0847 2.08434,
	79.0847 2.0643,
	79.1097 2.02923,
	79.1448 1.99415,
	79.225 1.97912,
	79.245 1.97912,
	79.2801 2.01921,
	79.3052 2.09937,
	79.3102 2.17954,
	79.3052 2.21962,
	79.3052 2.22964,
	79.3452 2.23465,
	79.3553 2.23966,
	79.3452 2.27975,
	79.3152 2.31983,
	79.2751 2.34989,
	79.235 2.36994,
	79.1548 2.34488,
	79.0997 2.26472,
	79.0747 2.18455,
	79.0747 2.10939,
	"/>
</Transform>

<Transform dim="0"
 xcoef=" 0 1 0 0 0 0"
 ycoef=" 0 0 1 0 0 0">
<Contour name="TB2 NF_10_rsl" hidden="false" closed="true" simplified="true" border="0.502 0.502 0.753" fill="0.502 0.502 0.753" mode="-9"
 points="78.5558 1.46706,
	78.5639 1.45103,
	78.5639 1.44301,
	78.5799 1.42698,
	78.5839 1.41094,
	78.6079 1.38288,
	78.64 1.35883,
	78.7042 1.3428,
	78.7362 1.3428,
	78.8004 1.35483,
	78.8324 1.37487,
	78.8525 1.40693,
	78.8645 1.47107,
	78.8444 1.5352,
	78.8004 1.59934,
	78.6721 1.60334,
	78.6079 1.5833,
	78.5919 1.57529,
	78.5639 1.54322,
	78.5558 1.5352,
	78.5558 1.47107,
	"/>
</Transform>

<Transform dim="0"
 xcoef=" 0 1 0 0 0 0"
 ycoef=" 0 0 1 0 0 0">
<Image mag="0.00855" contrast="1" brightness="0" red="true" green="true" blue="true"
 src="Aligned 633057.tif" />
<Contour name="a1" hidden="false" closed="true" simplified="false" border="1 0.5 0" fill="1 0.5 0" mode="11"
 points="0 0,
	15991 0,
	15991 12171,
	0 12171,
	"/>
</Transform>

<Transform dim="0"
 xcoef=" 0 1 0 0 0 0"
 ycoef=" 0 0 1 0 0 0">
<Contour name="EP_NF01_cw" hidden="false" closed="true" simplified="true" border="0.972549 0.756863 0.0156863" fill="0.972549 0.623529 0.262745" mode="15"
 points="128.228 74.9077,
	128.245 74.8629,
	128.328 74.7902,
	128.418 74.7511,
	128.463 74.7343,
	128.552 74.6728,
	128.597 74.6448,
	128.686 74.6336,
	128.776 74.6504,
	128.865 74.656,
	128.955 74.6896,
	128.977 74.7064,
	129.022 74.7119,
	129.111 74.7567,
	129.29 74.8741,
	129.38 74.9245,
	129.469 74.986,
	129.559 75.0587,
	129.637 75.1314,
	129.665 75.1761,
	129.682 75.2656,
	129.682 75.3104,
	129.687 75.3327,
	129.671 75.4222,
	129.62 75.6012,
	129.592 75.6907,
	129.553 75.7354,
	129.464 75.7745,
	129.374 75.7857,
	129.285 75.769,
	129.246 75.7634,
	129.156 75.769,
	129.067 75.7578,
	128.888 75.6851,
	128.714 75.5844,
	128.63 75.5117,
	128.541 75.4502,
	128.496 75.411,
	128.463 75.3663,
	128.44 75.3439,
	128.384 75.2544,
	128.356 75.2097,
	128.317 75.1202,
	128.284 75.0755,
	128.267 75.0531,
	128.256 75.0419,
	128.233 74.9524,
	128.228 74.9133,
	"/>
<Contour name="EP_NF01_cw" hidden="false" closed="true" simplified="true" border="0.972549 0.756863 0.0156863" fill="0.972549 0.623529 0.262745" mode="15"
 points="128.021 78.1402,
	128.043 78.0955,
	128.054 78.0731,
	128.06 78.0675,
	128.054 78.0619,
	128.138 77.9724,
	128.183 77.9445,
	128.205 77.9277,
	128.25 77.9109,
	128.295 77.883,
	128.384 77.8494,
	128.563 77.855,
	128.608 77.855,
	128.698 77.8718,
	128.742 77.8886,
	128.826 77.9613,
	128.899 78.0452,
	128.921 78.0899,
	128.932 78.1346,
	128.932 78.157,
	128.938 78.1626,
	128.932 78.2073,
	128.916 78.2521,
	128.888 78.2968,
	128.843 78.3248,
	128.821 78.336,
	128.731 78.4143,
	128.642 78.4199,
	128.597 78.4255,
	128.575 78.4255,
	128.569 78.4646,
	128.524 78.5037,
	128.479 78.5317,
	128.39 78.61,
	128.345 78.6436,
	128.301 78.638,
	128.256 78.61,
	128.217 78.5653,
	128.194 78.5205,
	128.189 78.431,
	128.116 78.3472,
	128.082 78.3024,
	128.043 78.2129,
	128.026 78.1682,
	128.021 78.1458,
	"/>
</Transform>

</Section>