<?xml version="1.0"?>
<!DOCTYPE Section SYSTEM "section.dtd">

<Section index="632" thickness="0.085" alignLocked="true">
<Transform dim="0"
 xcoef=" 0 1 0 0 0 0"
 ycoef=" 0 0 1 0 0 0">
<Image mag="0.00855" contrast="1" brightness="0" red="true" green="true" blue="true"
 src="Aligned 633632.tif" />
<Contour name="domain1" hidden="false" closed="true" simplified="false" border="1 0 1" fill="1 0 1" mode="11"
 points="0 0,
	15991 0,
	15991 12171,
	0 12171,
	"/>
</Transform>

<Transform dim="0"
 xcoef=" 0 1 0 0 0 0"
 ycoef=" 0 0 1 0 0 0">
<Contour name="TB2 NF_24_cw" hidden="false" closed="true" simplified="true" border="1 0.5 0" fill="1 0.682353 0.368627" mode="15"
 points="100.891 14.6991,
	100.906 14.6682,
	100.957 14.6065,
	100.984 14.5756,
	101.022 14.5139,
	101.084 14.456,
	101.146 14.4058,
	101.177 14.3788,
	101.192 14.3634,
	101.254 14.3364,
	101.315 14.3209,
	101.346 14.3209,
	101.377 14.3132,
	101.408 14.3132,
	101.47 14.3325,
	101.501 14.3441,
	101.532 14.3634,
	101.547 14.3672,
	101.574 14.3943,
	101.593 14.4251,
	101.647 14.4792,
	101.667 14.51,
	101.674 14.5409,
	101.674 14.5718,
	101.667 14.6026,
	101.651 14.6181,
	101.62 14.6374,
	101.605 14.6412,
	101.586 14.6682,
	101.582 14.6837,
	101.589 14.7454,
	101.593 14.7531,
	101.574 14.8149,
	101.555 14.8458,
	101.501 14.9036,
	101.47 14.9229,
	101.447 14.9538,
	101.42 14.977,
	101.408 14.9924,
	101.4 14.9924,
	101.389 14.9808,
	101.373 14.977,
	101.254 14.8573,
	101.227 14.8265,
	101.211 14.8149,
	101.15 14.7879,
	101.088 14.7763,
	101.057 14.7763,
	101.026 14.7686,
	101.011 14.7686,
	100.98 14.757,
	100.949 14.757,
	100.933 14.757,
	100.926 14.7609,
	100.91 14.7531,
	100.895 14.7377,
	100.891 14.7068,
	100.891 14.703,
	"/>
</Transform>

<Transform dim="0"
 xcoef=" 0 1 0 0 0 0"
 ycoef=" 0 0 1 0 0 0">
<Image mag="0.00855" contrast="1" brightness="0" red="true" green="true" blue="true"
 src="..\TF21_robdata\Rob's_latest_seg_files_TF21_TB2\Aligned 633632.tif" />
<Contour name="domain1" hidden="false" closed="true" simplified="false" border="1 0 1" fill="1 0 1" mode="11"
 points="0 0,
	15991 0,
	15991 12171,
	0 12171,
	"/>
</Transform>

<Transform dim="0"
 xcoef=" 0 1 0 0 0 0"
 ycoef=" 0 0 1 0 0 0">
<Contour name="TB2 NF_24_cw" hidden="false" closed="true" simplified="true" border="1 0.5 0" fill="1 0.682353 0.368627" mode="15"
 points="100.891 14.6991,
	100.906 14.6682,
	100.957 14.6065,
	100.984 14.5756,
	101.022 14.5139,
	101.084 14.456,
	101.146 14.4058,
	101.177 14.3788,
	101.192 14.3634,
	101.254 14.3364,
	101.315 14.3209,
	101.346 14.3209,
	101.377 14.3132,
	101.408 14.3132,
	101.47 14.3325,
	101.501 14.3441,
	101.532 14.3634,
	101.547 14.3672,
	101.574 14.3943,
	101.593 14.4251,
	101.647 14.4792,
	101.667 14.51,
	101.674 14.5409,
	101.674 14.5718,
	101.667 14.6026,
	101.651 14.6181,
	101.62 14.6374,
	101.605 14.6412,
	101.586 14.6682,
	101.582 14.6837,
	101.589 14.7454,
	101.593 14.7531,
	101.574 14.8149,
	101.555 14.8458,
	101.501 14.9036,
	101.47 14.9229,
	101.447 14.9538,
	101.42 14.977,
	101.408 14.9924,
	101.4 14.9924,
	101.389 14.9808,
	101.373 14.977,
	101.254 14.8573,
	101.227 14.8265,
	101.211 14.8149,
	101.15 14.7879,
	101.088 14.7763,
	101.057 14.7763,
	101.026 14.7686,
	101.011 14.7686,
	100.98 14.757,
	100.949 14.757,
	100.933 14.757,
	100.926 14.7609,
	100.91 14.7531,
	100.895 14.7377,
	100.891 14.7068,
	100.891 14.703,
	"/>
</Transform>

<Transform dim="0"
 xcoef=" 0 1 0 0 0 0"
 ycoef=" 0 0 1 0 0 0">
<Image mag="0.00855" contrast="1" brightness="0" red="true" green="true" blue="true"
 src="Aligned 633632.tif" />
<Contour name="a1" hidden="false" closed="true" simplified="false" border="1 0.5 0" fill="1 0.5 0" mode="11"
 points="0 0,
	15991 0,
	15991 12171,
	0 12171,
	"/>
</Transform>

<Transform dim="0"
 xcoef=" 0 1 0 0 0 0"
 ycoef=" 0 0 1 0 0 0">
<Contour name="TB3_tastebud_outline_cw" hidden="false" closed="true" simplified="true" border="0.752941 0.752941 0.752941" fill="0.752941 0.752941 0.752941" mode="15"
 points="87.204 64.6017,
	87.4506 61.9716,
	87.9438 59.3415,
	88.1081 58.684,
	88.4369 58.0264,
	89.1766 55.3963,
	89.9163 54.0813,
	90.3273 53.4238,
	90.656 53.1772,
	90.8204 53.0128,
	91.4779 53.0128,
	91.8067 53.0128,
	92.1355 53.1772,
	92.2998 53.1772,
	92.4642 53.3416,
	95.0943 54.4923,
	96.4094 55.0676,
	97.7244 55.8073,
	99.0395 56.7114,
	101.505 58.9305,
	102.738 59.999,
	103.889 61.2319,
	104.382 61.725,
	105.533 62.9579,
	106.437 64.2729,
	106.765 65.588,
	106.848 66.903,
	106.848 67.5605,
	106.601 68.2181,
	105.533 69.4509,
	104.217 70.6838,
	103.642 71.1769,
	102.985 71.8344,
	101.752 72.7385,
	101.094 73.1495,
	100.765 73.3961,
	99.4504 73.8892,
	98.1354 74.1358,
	97.4778 74.218,
	96.8203 74.4645,
	96.4916 74.4645,
	95.834 74.7111,
	94.519 74.5467,
	93.2039 74.1358,
	93.0396 74.1358,
	92.8752 73.9714,
	92.7108 73.9714,
	92.5464 73.807,
	91.8889 73.5604,
	90.5739 72.7385,
	89.341 71.5879,
	88.3547 70.2728,
	88.0259 69.6153,
	87.9438 69.2865,
	87.7794 69.1221,
	87.615 68.4646,
	87.615 68.1359,
	87.4506 67.8071,
	87.204 65.177,
	87.204 64.8482,
	87.204 64.6839,
	"/>
</Transform>

<Transform dim="0"
 xcoef=" 0 1 0 0 0 0"
 ycoef=" 0 0 1 0 0 0">
<Contour name="TB3_tastebud_outline_cw" hidden="false" closed="true" simplified="true" border="0.752941 0.752941 0.752941" fill="0.752941 0.752941 0.752941" mode="15"
 points="121.809 33.8213,
	122.302 34.4788,
	122.548 34.8076,
	123.124 37.4377,
	123.288 40.0678,
	122.877 42.6979,
	122.877 43.3554,
	122.63 44.6704,
	122.63 45.328,
	121.562 50.5882,
	120.74 53.2182,
	120.165 54.5333,
	120 55.1908,
	119.672 55.5196,
	118.932 56.8346,
	117.617 57.9853,
	116.302 58.8894,
	115.644 59.4647,
	114.329 60.1222,
	113.672 60.451,
	113.014 60.6154,
	112.685 60.7798,
	112.028 60.862,
	109.398 59.9579,
	108.74 59.7113,
	108.083 59.3003,
	107.754 59.136,
	106.439 57.8209,
	106.275 57.5743,
	106.357 57.4922,
	106.521 57.5743,
	106.11 56.9168,
	105.946 56.5059,
	105.946 53.8758,
	106.603 51.2457,
	107.507 48.6156,
	107.754 47.9581,
	107.836 47.6293,
	108.001 47.4649,
	108.165 46.8074,
	108.329 46.643,
	108.822 45.328,
	109.069 44.6704,
	109.233 44.3417,
	109.398 44.1773,
	109.398 44.0129,
	109.809 43.3554,
	110.055 42.6979,
	110.22 42.5335,
	110.302 42.2047,
	110.548 41.876,
	110.631 41.5472,
	111.206 40.8897,
	112.11 39.5746,
	113.179 38.2596,
	113.754 37.6843,
	114.083 37.3555,
	116.713 35.7117,
	118.028 34.8898,
	119.343 34.2323,
	120.658 33.8213,
	121.315 33.6569,
	121.48 33.6569,
	"/>
</Transform>

<Transform dim="0"
 xcoef=" 0 1 0 0 0 0"
 ycoef=" 0 0 1 0 0 0">
<Contour name="TB3_nucleus02_cw" hidden="false" closed="true" simplified="true" border="1 1 1" fill="1 1 1" mode="15"
 points="96.4935 65.7059,
	96.5872 65.4062,
	96.6153 65.3312,
	96.6246 65.2563,
	96.6059 65.1814,
	96.6059 65.0315,
	96.6246 64.9566,
	96.634 64.9191,
	96.6902 64.8442,
	96.7089 64.8067,
	96.7183 64.7318,
	96.6808 64.5819,
	96.7183 64.432,
	96.7089 64.3946,
	96.6621 64.3196,
	96.6621 64.2447,
	96.7089 64.0948,
	96.737 63.945,
	96.8401 63.7951,
	97.093 63.1957,
	97.093 63.1769,
	97.1117 63.1582,
	97.1117 63.1395,
	97.1304 63.1207,
	97.1398 63.0833,
	97.1585 63.0645,
	97.2054 62.9147,
	97.2241 62.8397,
	97.2241 62.7648,
	97.2054 62.6899,
	97.2147 62.54,
	97.2147 62.5025,
	97.2522 62.4276,
	97.3646 62.2778,
	97.4021 62.2403,
	97.5613 61.9406,
	97.6081 61.8656,
	97.6456 61.8282,
	97.7955 61.7626,
	97.8704 61.7345,
	97.9079 61.7251,
	97.9828 61.6502,
	98.0858 61.5003,
	98.0952 61.3505,
	98.1139 61.2755,
	98.1514 61.2381,
	98.3012 61.1912,
	98.4511 61.1163,
	98.526 61.0788,
	98.5635 61.0601,
	98.6384 61.0507,
	98.7883 61.0976,
	98.8632 61.0976,
	98.9382 61.0601,
	98.9569 61.0601,
	98.9756 61.0414,
	98.9944 61.0414,
	99.0693 60.9758,
	99.163 60.8259,
	99.2004 60.6761,
	99.2004 60.6386,
	99.2285 60.6105,
	99.3784 60.5543,
	99.4533 60.5169,
	99.6032 60.4888,
	99.7531 60.4981,
	99.828 60.4607,
	99.9029 60.4419,
	100.053 60.4513,
	100.128 60.4419,
	100.165 60.4513,
	100.203 60.4419,
	100.278 60.4607,
	100.353 60.5075,
	100.427 60.5356,
	100.577 60.5075,
	100.615 60.5075,
	100.69 60.545,
	100.727 60.5824,
	100.877 60.6667,
	101.027 60.7323,
	101.064 60.7604,
	101.364 60.8634,
	101.514 60.8821,
	101.589 60.929,
	101.626 60.9664,
	101.701 61.0133,
	101.851 61.1538,
	101.889 61.1912,
	102.038 61.2755,
	102.113 61.3411,
	102.216 61.491,
	102.273 61.5659,
	102.301 61.6034,
	102.376 61.6127,
	102.413 61.6034,
	102.451 61.6127,
	102.526 61.6596,
	102.657 61.8001,
	102.732 61.8563,
	102.732 61.8937,
	102.722 61.9125,
	102.853 62.0436,
	102.881 62.1185,
	102.91 62.156,
	102.984 62.1841,
	103.059 62.2497,
	103.144 62.3995,
	103.181 62.4744,
	103.181 62.5494,
	103.209 62.6243,
	103.209 62.643,
	103.256 62.718,
	103.303 62.8678,
	103.369 63.0177,
	103.387 63.1676,
	103.397 63.2425,
	103.425 63.3174,
	103.472 63.3924,
	103.5 63.5422,
	103.509 63.6172,
	103.518 63.6546,
	103.518 63.6734,
	103.546 63.7108,
	103.575 63.8607,
	103.546 64.0106,
	103.546 64.048,
	103.584 64.1229,
	103.603 64.1604,
	103.621 64.4601,
	103.612 64.61,
	103.631 64.7599,
	103.631 64.8348,
	103.565 64.9847,
	103.565 65.0221,
	103.593 65.0971,
	103.612 65.1345,
	103.556 65.4343,
	103.537 65.4717,
	103.528 65.5467,
	103.481 65.6965,
	103.397 65.8464,
	103.275 65.9962,
	102.984 66.2491,
	102.956 66.2866,
	102.919 66.4365,
	102.797 66.5863,
	102.75 66.6519,
	102.46 66.9329,
	102.404 67.0078,
	102.348 67.1577,
	102.291 67.2326,
	102.216 67.3076,
	102.179 67.345,
	102.104 67.3825,
	102.067 67.4012,
	102.067 67.4387,
	102.038 67.4761,
	101.889 67.5604,
	101.739 67.6635,
	101.664 67.7197,
	101.589 67.7478,
	101.514 67.7571,
	101.364 67.8227,
	101.064 67.9913,
	100.989 68.0381,
	100.943 68.1131,
	100.877 68.1786,
	100.84 68.2067,
	100.821 68.2067,
	100.746 68.2536,
	100.727 68.2723,
	100.69 68.2817,
	100.615 68.2723,
	100.577 68.2629,
	100.502 68.3098,
	100.465 68.3379,
	100.446 68.3566,
	100.296 68.3941,
	100.221 68.4128,
	100.146 68.4503,
	100.109 68.4596,
	100.034 68.4409,
	99.9966 68.4315,
	99.9591 68.4409,
	99.8842 68.4971,
	99.8561 68.5346,
	99.8186 68.5533,
	99.7437 68.5439,
	99.6032 68.469,
	99.5657 68.4503,
	99.4159 68.4503,
	99.266 68.4971,
	99.1911 68.5252,
	99.1536 68.5346,
	99.0037 68.4877,
	98.9288 68.4596,
	98.7789 68.4503,
	98.704 68.4409,
	98.6665 68.4315,
	98.6291 68.4034,
	98.5916 68.3285,
	98.5167 68.2817,
	98.4417 68.2536,
	98.2919 68.2442,
	98.2169 68.2161,
	98.1514 68.1412,
	97.8517 68.0194,
	97.7767 67.9726,
	97.6269 67.8508,
	97.5519 67.804,
	97.477 67.7384,
	97.4302 67.6635,
	97.3646 67.5885,
	97.3271 67.5698,
	97.3084 67.5511,
	97.2897 67.5511,
	97.2522 67.5136,
	97.2054 67.448,
	97.1773 67.4106,
	97.093 67.1109,
	97.0368 66.961,
	97.0087 66.8111,
	96.9899 66.7737,
	96.9806 66.6987,
	96.9525 66.6238,
	96.9056 66.5489,
	96.8307 66.502,
	96.7558 66.4365,
	96.7277 66.3615,
	96.7089 66.2117,
	96.6715 66.0618,
	96.5965 65.9119,
	96.5497 65.837,
	96.5122 65.7995,
	96.4935 65.7621,
	96.4935 65.7246,
	96.4935 65.7153,
	"/>
</Transform>

<Transform dim="0"
 xcoef=" 0 1 0 0 0 0"
 ycoef=" 0 0 1 0 0 0">
<Contour name="TB3_TC02_T2dying_cw" hidden="false" closed="true" simplified="true" border="0.321569 0.772549 1" fill="0.321569 0.772549 1" mode="15"
 points="95.1965 63.8802,
	95.392 63.5823,
	95.5224 63.4333,
	95.5503 63.3961,
	95.5503 63.3775,
	95.4758 63.3123,
	95.4665 63.2937,
	95.4758 63.2565,
	95.4572 63.182,
	95.4572 63.1447,
	95.5224 62.9958,
	95.5317 62.9586,
	95.6434 62.8096,
	95.6806 62.7724,
	95.6992 62.7538,
	95.6992 62.6793,
	95.7551 62.6048,
	95.7923 62.5303,
	95.8203 62.3814,
	95.8296 62.2324,
	95.9227 62.0835,
	95.9506 62.009,
	95.9599 61.9718,
	95.932 61.8973,
	95.9041 61.8601,
	95.8854 61.7856,
	95.9785 61.4877,
	95.9971 61.3388,
	96.0158 61.2643,
	96.1089 61.1153,
	96.1368 61.0781,
	96.1368 61.0036,
	96.1275 60.9664,
	96.2206 60.8174,
	96.2392 60.7802,
	96.3881 60.6778,
	96.5371 60.5475,
	96.6022 60.473,
	96.6209 60.3985,
	96.7419 60.2496,
	96.8908 60.1006,
	96.9281 60.0634,
	97.077 59.961,
	97.1515 59.9051,
	97.1887 59.8306,
	97.2074 59.7934,
	97.3563 59.6445,
	97.5052 59.5421,
	97.5797 59.5048,
	97.617 59.4676,
	97.7659 59.4304,
	97.8404 59.4304,
	97.9149 59.4117,
	98.0638 59.2907,
	98.1941 59.1418,
	98.3338 59.058,
	98.4082 59.0021,
	98.4827 58.9742,
	98.5572 58.9649,
	98.7061 58.9835,
	99.004 59.0766,
	99.153 59.1231,
	99.2926 59.2628,
	99.4416 59.2907,
	99.5905 59.2814,
	99.7395 59.2535,
	99.8884 59.2535,
	99.9257 59.2628,
	100 59.3186,
	100.019 59.3279,
	100.028 59.3186,
	100.103 59.3559,
	100.4 59.5979,
	100.475 59.6445,
	100.624 59.7841,
	100.698 59.8586,
	100.847 59.8772,
	100.996 59.961,
	101.071 60.0075,
	101.192 60.1565,
	101.21 60.1937,
	101.359 60.3427,
	101.508 60.4451,
	101.657 60.594,
	101.806 60.715,
	101.881 60.7616,
	101.918 60.7709,
	102.03 60.9105,
	102.076 60.985,
	102.095 61.0222,
	102.095 61.0409,
	102.123 61.0781,
	102.272 61.0315,
	102.346 61.0222,
	102.644 61.1246,
	102.942 61.3015,
	103.091 61.3853,
	103.165 61.4318,
	103.24 61.497,
	103.277 61.5156,
	103.296 61.5249,
	103.37 61.497,
	103.445 61.497,
	103.519 61.5249,
	103.649 61.6739,
	103.687 61.7018,
	103.705 61.7018,
	103.77 61.7763,
	103.817 61.8508,
	103.854 61.8787,
	103.929 61.888,
	103.984 61.9625,
	104.04 62.1114,
	104.068 62.1859,
	104.078 62.2231,
	104.18 62.3721,
	104.171 62.4466,
	104.143 62.4838,
	104.124 62.5583,
	104.152 62.6327,
	104.227 62.6886,
	104.264 62.7072,
	104.282 62.7072,
	104.32 62.7444,
	104.348 62.8189,
	104.357 62.9679,
	104.655 63.2192,
	104.804 63.3496,
	104.953 63.4985,
	105.018 63.5637,
	105.055 63.6381,
	105.074 63.7126,
	105.12 63.7871,
	105.195 63.8523,
	105.232 63.8709,
	105.269 63.9081,
	105.297 63.9826,
	105.297 64.0571,
	105.353 64.206,
	105.353 64.2805,
	105.474 64.5784,
	105.558 64.7273,
	105.688 65.0252,
	105.735 65.1742,
	105.763 65.2486,
	105.772 65.3231,
	105.763 65.3976,
	105.828 65.5465,
	105.837 65.621,
	105.79 65.77,
	105.763 65.8444,
	105.753 65.8817,
	105.763 65.9561,
	105.753 66.0306,
	105.725 66.1051,
	105.707 66.1423,
	105.632 66.2075,
	105.595 66.2354,
	105.465 66.5333,
	105.362 66.6823,
	105.223 66.8126,
	105.185 66.8405,
	105.157 66.915,
	105.13 67.0639,
	105.083 67.1384,
	105.064 67.1757,
	105.074 67.2129,
	105.204 67.3339,
	105.232 67.4084,
	105.241 67.4456,
	105.213 67.5201,
	105.213 67.5573,
	105.176 67.6318,
	105.12 67.7063,
	105.111 67.7435,
	105.139 67.818,
	105.139 67.8925,
	105.12 67.9297,
	105.139 68.0042,
	105.083 68.1531,
	105.046 68.3021,
	105.027 68.3766,
	104.925 68.5255,
	104.85 68.5907,
	104.813 68.6186,
	104.711 68.7675,
	104.655 68.842,
	104.515 68.991,
	104.487 69.0282,
	104.469 69.0468,
	104.469 69.0654,
	104.338 69.2144,
	104.189 69.3354,
	104.152 69.354,
	104.115 69.3913,
	104.068 69.4657,
	103.919 69.6147,
	103.845 69.6705,
	103.696 69.7264,
	103.621 69.7636,
	103.472 69.8009,
	103.398 69.8474,
	103.361 69.8753,
	103.286 69.8847,
	103.212 69.8567,
	103.063 70.0057,
	102.988 70.0802,
	102.933 70.1546,
	102.784 70.257,
	102.486 70.4339,
	102.421 70.5084,
	102.383 70.5456,
	102.309 70.6946,
	102.253 70.7597,
	101.955 70.918,
	101.834 71.0669,
	101.76 71.1135,
	101.611 71.1693,
	101.536 71.188,
	101.397 71.3276,
	101.359 71.3555,
	101.322 71.3462,
	101.173 71.2252,
	101.136 71.1973,
	101.117 71.1786,
	100.968 71.16,
	100.931 71.16,
	100.894 71.1786,
	100.745 71.3183,
	100.67 71.3928,
	100.596 71.4393,
	100.447 71.4952,
	100.373 71.5045,
	100.335 71.4952,
	100.261 71.4486,
	100.186 71.43,
	100.149 71.4114,
	100.112 71.43,
	100.037 71.43,
	100 71.4114,
	99.9815 71.4021,
	99.935 71.4765,
	99.8977 71.4858,
	99.8233 71.4672,
	99.786 71.4393,
	99.7674 71.4021,
	99.7488 71.3834,
	99.6743 71.3834,
	99.6371 71.3741,
	99.5626 71.309,
	99.5254 71.2717,
	99.2275 71.2066,
	99.153 71.1786,
	99.004 71.0856,
	98.9389 71.0111,
	98.8737 70.8621,
	98.8458 70.8249,
	98.6968 70.7504,
	98.6224 70.7318,
	98.5851 70.7132,
	98.5386 70.6387,
	98.5106 70.5642,
	98.4734 70.5363,
	98.4548 70.5177,
	98.3058 70.4991,
	98.1569 70.5084,
	98.0079 70.4432,
	97.859 70.3036,
	97.7845 70.2384,
	97.6635 70.0988,
	97.589 70.0336,
	97.5518 69.9964,
	97.5146 69.9219,
	97.5239 69.8847,
	97.5332 69.866,
	97.5146 69.8474,
	97.4773 69.8381,
	97.4028 69.7729,
	97.3749 69.6985,
	97.3935 69.624,
	97.4028 69.5868,
	97.3842 69.5123,
	97.3749 69.475,
	97.2539 69.3261,
	97.1887 69.1772,
	97.1608 69.0282,
	97.1515 68.8793,
	97.1701 68.7303,
	97.1236 68.5814,
	96.956 68.2835,
	96.9374 68.2462,
	96.8629 68.1904,
	96.835 68.1531,
	96.7977 68.0042,
	96.7698 67.9297,
	96.7512 67.8925,
	96.7605 67.818,
	96.7326 67.7435,
	96.6674 67.697,
	96.5929 67.6691,
	96.5557 67.6597,
	96.5185 67.6318,
	96.4161 67.4829,
	96.3323 67.3339,
	96.295 67.2594,
	96.2299 67.185,
	96.2113 67.1664,
	96.2019 67.0919,
	96.2113 67.0546,
	96.1647 66.9895,
	96.1368 66.915,
	96.0809 66.6171,
	96.0716 66.4682,
	96.0623 66.3937,
	96.0716 66.3751,
	95.9692 66.2261,
	95.9506 66.1516,
	95.9506 66.0772,
	95.9413 66.0399,
	95.9413 66.0213,
	95.8668 65.9748,
	95.6434 65.6769,
	95.6155 65.6024,
	95.5968 65.4534,
	95.6155 65.3045,
	95.6155 65.23,
	95.5689 65.0811,
	95.541 65.0438,
	95.5317 64.9694,
	95.5782 64.8204,
	95.7179 64.6715,
	95.7272 64.6528,
	95.6992 64.5784,
	95.6992 64.5598,
	95.6248 64.5318,
	95.5503 64.5411,
	95.5131 64.5132,
	95.4665 64.3643,
	95.4386 64.327,
	95.4014 64.3084,
	95.3362 64.2339,
	95.3083 64.1967,
	95.299 64.1222,
	95.3176 64.0477,
	95.3269 64.0105,
	95.299 63.9826,
	95.2245 63.9547,
	95.1965 63.8895,
	"/>
</Transform>

<Transform dim="0"
 xcoef=" 0 1 0 0 0 0"
 ycoef=" 0 0 1 0 0 0">
<Contour name="TB3_TC02_T2dying_cw" hidden="false" closed="true" simplified="true" border="0.322 0.773 1" fill="0.322 0.773 1" mode="15"
 points="103.876 49.5654,
	103.945 49.1239,
	104.028 48.9032,
	104.097 48.4618,
	104.235 48.0203,
	104.262 47.7996,
	104.276 47.6892,
	104.621 46.8064,
	104.745 46.3649,
	104.787 46.2546,
	104.869 46.1442,
	104.966 45.9235,
	105.063 45.4821,
	105.256 45.0406,
	105.352 44.8199,
	105.504 44.5992,
	105.518 44.5716,
	105.476 44.5164,
	105.449 44.406,
	105.421 44.3509,
	105.421 44.2957,
	105.476 44.1853,
	105.518 44.1301,
	105.573 44.1026,
	105.628 44.1163,
	105.67 44.1715,
	105.725 44.1991,
	105.78 44.1439,
	105.876 43.9232,
	105.918 43.8129,
	105.987 43.7025,
	106.001 43.6473,
	106.042 43.5921,
	106.056 43.537,
	106.221 43.3162,
	106.428 42.8748,
	106.497 42.6541,
	106.497 42.5989,
	106.552 42.4885,
	106.704 42.2678,
	106.939 41.8264,
	106.994 41.716,
	107.146 41.4953,
	107.201 41.3849,
	107.228 41.2746,
	107.215 41.1642,
	107.325 40.9435,
	107.394 40.8331,
	107.615 40.64,
	107.753 40.4193,
	107.808 40.3089,
	107.973 40.0882,
	108.084 39.9779,
	108.166 39.8675,
	108.194 39.8123,
	108.194 39.7847,
	108.235 39.7295,
	108.277 39.5088,
	108.277 39.3985,
	108.263 39.3433,
	108.249 39.3157,
	108.373 39.095,
	108.511 38.6535,
	108.553 38.4328,
	108.566 38.2121,
	108.663 37.7707,
	108.732 37.5499,
	108.884 37.3292,
	108.994 37.2189,
	109.063 37.1085,
	109.063 37.0533,
	109.132 36.943,
	109.242 36.8602,
	109.449 36.6395,
	109.463 36.5843,
	109.449 36.4739,
	109.546 36.2532,
	109.601 36.1428,
	109.629 36.0325,
	109.656 35.9773,
	109.877 35.8394,
	109.946 35.7428,
	110.015 35.6738,
	110.07 35.66,
	110.125 35.6186,
	110.181 35.6048,
	110.387 35.3979,
	110.498 35.3565,
	110.608 35.2876,
	110.691 35.1772,
	110.912 35.1358,
	111.022 35.0944,
	111.091 34.9841,
	111.132 34.8737,
	111.174 34.8185,
	111.284 34.7909,
	111.339 34.7496,
	111.45 34.722,
	111.505 34.7358,
	111.532 34.7358,
	111.574 34.7909,
	111.532 35.0117,
	111.505 35.122,
	111.477 35.1772,
	111.367 35.2876,
	111.257 35.3014,
	111.201 35.2876,
	111.16 35.3427,
	111.146 35.3703,
	111.243 35.5911,
	111.284 35.7014,
	111.574 36.1428,
	111.601 36.3636,
	111.615 36.4187,
	111.505 36.6395,
	111.574 36.7498,
	111.615 36.805,
	111.615 36.9154,
	111.698 37.1361,
	111.712 37.2464,
	111.767 37.2878,
	111.822 37.3016,
	111.919 37.2189,
	111.932 37.1085,
	112.153 36.6671,
	112.277 36.4463,
	112.333 36.3912,
	112.429 36.1704,
	112.429 36.0601,
	112.484 35.9497,
	112.498 35.8945,
	112.691 35.6738,
	112.912 35.5221,
	113.353 35.3703,
	113.464 35.3565,
	113.519 35.3565,
	113.629 35.2876,
	113.684 35.2324,
	113.74 35.2048,
	113.795 35.2048,
	113.905 35.1496,
	114.098 34.9289,
	114.319 34.7771,
	114.443 34.5564,
	114.485 34.5012,
	114.595 34.4599,
	114.65 34.4461,
	114.857 34.2391,
	114.954 34.1702,
	114.981 34.1564,
	115.036 34.1978,
	115.064 34.2529,
	115.036 34.3633,
	114.967 34.4737,
	114.94 34.584,
	114.912 34.6392,
	114.912 34.7496,
	114.926 34.8047,
	114.885 35.0255,
	114.871 35.1358,
	114.843 35.191,
	114.816 35.4117,
	114.857 35.6324,
	114.843 35.7428,
	114.843 35.798,
	114.774 35.9083,
	114.664 36.0187,
	114.595 36.1291,
	114.554 36.3498,
	114.347 36.5705,
	114.25 36.6809,
	114.14 36.7222,
	114.029 36.736,
	113.974 36.736,
	113.919 36.7636,
	113.822 36.874,
	113.753 36.9843,
	113.684 37.2051,
	113.698 37.2602,
	113.698 37.2878,
	113.74 37.343,
	113.753 37.3982,
	113.74 37.4534,
	113.643 37.5637,
	113.533 37.6327,
	113.478 37.6879,
	113.381 37.9086,
	113.312 38.1293,
	113.215 38.35,
	113.077 38.5708,
	112.967 38.6811,
	112.857 38.7501,
	112.802 38.7639,
	112.691 38.8743,
	112.622 38.9846,
	112.457 39.4261,
	112.333 39.6468,
	112.264 39.7571,
	112.195 39.9779,
	111.974 40.4193,
	111.919 40.5297,
	111.891 40.5572,
	111.877 40.6124,
	111.615 41.0539,
	111.215 41.4815,
	111.008 41.6884,
	110.953 41.7988,
	110.939 41.9092,
	110.953 42.0195,
	110.939 42.1299,
	110.787 42.3506,
	110.581 42.792,
	110.498 43.2335,
	110.443 43.4542,
	110.346 43.6749,
	110.291 43.7853,
	110.208 43.8956,
	110.181 43.9508,
	109.96 44.1715,
	109.863 44.2819,
	109.711 44.5026,
	109.615 44.613,
	109.491 44.8337,
	109.463 44.8889,
	109.27 45.1096,
	109.215 45.1648,
	109.187 45.1924,
	109.146 45.4131,
	108.967 45.8545,
	108.925 45.9649,
	108.911 46.0201,
	108.939 46.0752,
	109.049 46.158,
	109.063 46.2684,
	109.049 46.3787,
	109.008 46.4891,
	108.829 46.7098,
	108.608 46.9167,
	108.387 47.0685,
	108.166 47.1926,
	108.056 47.2478,
	108.001 47.2892,
	107.904 47.5099,
	107.863 47.6203,
	107.863 47.6755,
	107.794 47.8962,
	107.753 48.0065,
	107.601 48.2273,
	107.587 48.3376,
	107.601 48.448,
	107.587 48.5032,
	107.628 48.7239,
	107.601 48.9446,
	107.559 49.055,
	107.49 49.1653,
	107.394 49.2757,
	107.27 49.4964,
	107.201 49.7171,
	107.215 49.9378,
	107.215 50.0482,
	107.063 50.2689,
	106.994 50.3793,
	106.98 50.4069,
	107.049 50.6276,
	107.09 50.7379,
	107.104 50.9587,
	107.063 51.1794,
	106.925 51.6208,
	106.759 52.0623,
	106.718 52.1726,
	106.483 52.6141,
	106.373 52.8348,
	106.332 52.9451,
	106.346 53.3866,
	106.318 53.6073,
	106.359 53.7177,
	106.387 53.7728,
	106.373 53.9936,
	106.387 54.435,
	106.401 54.4902,
	106.304 54.7109,
	106.29 54.7661,
	106.304 54.8764,
	106.29 54.9868,
	106.111 55.4282,
	106.042 55.5386,
	105.945 55.7593,
	105.876 55.8697,
	105.863 55.9249,
	105.89 56.1456,
	105.849 56.2559,
	105.794 56.2973,
	105.739 56.3111,
	105.628 56.2559,
	105.559 56.1594,
	105.642 55.9386,
	105.601 55.7179,
	105.532 55.4972,
	105.504 55.442,
	105.504 55.3868,
	105.421 55.1661,
	105.394 55.0558,
	105.394 55.0006,
	105.338 54.8902,
	104.98 54.4488,
	104.745 54.0073,
	104.635 53.5659,
	104.566 53.3452,
	104.538 53.29,
	104.428 53.2348,
	104.373 53.1934,
	104.345 53.1659,
	104.318 53.0555,
	104.331 53.0003,
	104.29 52.89,
	104.152 52.6692,
	104.042 52.4485,
	104.014 52.4209,
	103.973 52.2002,
	103.973 52.0898,
	104.028 51.8691,
	104.111 51.6484,
	104.138 51.4277,
	104.152 51.3173,
	104.193 51.207,
	104.207 51.0966,
	104.221 51.0414,
	104.125 50.6,
	104.083 50.3793,
	104.042 50.2689,
	103.904 50.0482,
	103.876 50.0206,
	103.876 49.5792,
	"/>
</Transform>

</Section>