<?xml version="1.0"?>
<!DOCTYPE Section SYSTEM "section.dtd">

<Section index="622" thickness="0.085" alignLocked="true">
<Transform dim="0"
 xcoef=" 0 1 0 0 0 0"
 ycoef=" 0 0 1 0 0 0">
<Image mag="0.00855" contrast="1" brightness="0" red="true" green="true" blue="true"
 src="Aligned 633622.tif" />
<Contour name="domain1" hidden="false" closed="true" simplified="false" border="1 0 1" fill="1 0 1" mode="11"
 points="0 0,
	15991 0,
	15991 12171,
	0 12171,
	"/>
</Transform>

<Transform dim="0"
 xcoef=" 0 1 0 0 0 0"
 ycoef=" 0 0 1 0 0 0">
<Contour name="TB2 NF_24" hidden="true" closed="true" simplified="true" border="1 0.501961 0.25098" fill="1 0.501961 0.25098" mode="-9"
 points="100.954 14.4888,
	101.02 14.3105,
	101.11 14.2659,
	101.154 14.3105,
	101.31 14.2436,
	101.399 14.2882,
	101.466 14.3774,
	101.489 14.5557,
	101.444 14.734,
	101.355 14.8232,
	101.266 14.8678,
	101.087 14.8455,
	100.998 14.7563,
	100.954 14.6671,
	100.954 14.5111,
	"/>
</Transform>

<Transform dim="0"
 xcoef=" 0 1 0 0 0 0"
 ycoef=" 0 0 1 0 0 0">
<Contour name="TB2 NF_24_cw" hidden="false" closed="true" simplified="true" border="1 0.5 0" fill="1 0.682353 0.368627" mode="15"
 points="100.849 14.4792,
	100.86 14.4483,
	100.86 14.4406,
	100.914 14.3788,
	100.926 14.3634,
	100.937 14.3325,
	100.945 14.3171,
	100.976 14.2901,
	101.007 14.2746,
	101.022 14.2708,
	101.084 14.2283,
	101.146 14.2245,
	101.207 14.2322,
	101.223 14.2283,
	101.238 14.2167,
	101.3 14.2052,
	101.331 14.209,
	101.362 14.2245,
	101.389 14.2553,
	101.4 14.2708,
	101.462 14.2823,
	101.478 14.2939,
	101.493 14.3248,
	101.489 14.3865,
	101.493 14.402,
	101.485 14.4328,
	101.416 14.5563,
	101.373 14.6181,
	101.342 14.6451,
	101.312 14.6605,
	101.296 14.6682,
	101.281 14.6837,
	101.25 14.703,
	101.219 14.73,
	101.204 14.7416,
	101.173 14.7493,
	101.142 14.7493,
	101.126 14.7531,
	101.119 14.757,
	101.103 14.7531,
	101.088 14.7416,
	101.026 14.7184,
	100.995 14.7184,
	100.964 14.7068,
	100.949 14.703,
	100.918 14.6721,
	100.91 14.6567,
	100.903 14.5949,
	100.903 14.5641,
	100.86 14.5062,
	100.852 14.4907,
	100.849 14.483,
	"/>
</Transform>

<Transform dim="0"
 xcoef=" 0 1 0 0 0 0"
 ycoef=" 0 0 1 0 0 0">
<Image mag="0.00855" contrast="1" brightness="0" red="true" green="true" blue="true"
 src="..\TF21_robdata\Rob's_latest_seg_files_TF21_TB2\Aligned 633622.tif" />
<Contour name="domain1" hidden="false" closed="true" simplified="false" border="1 0 1" fill="1 0 1" mode="11"
 points="0 0,
	15991 0,
	15991 12171,
	0 12171,
	"/>
</Transform>

<Transform dim="0"
 xcoef=" 0 1 0 0 0 0"
 ycoef=" 0 0 1 0 0 0">
<Contour name="TB2 NF_24" hidden="true" closed="true" simplified="true" border="1 0.501961 0.25098" fill="1 0.501961 0.25098" mode="-9"
 points="100.954 14.4888,
	101.02 14.3105,
	101.11 14.2659,
	101.154 14.3105,
	101.31 14.2436,
	101.399 14.2882,
	101.466 14.3774,
	101.489 14.5557,
	101.444 14.734,
	101.355 14.8232,
	101.266 14.8678,
	101.087 14.8455,
	100.998 14.7563,
	100.954 14.6671,
	100.954 14.5111,
	"/>
</Transform>

<Transform dim="0"
 xcoef=" 0 1 0 0 0 0"
 ycoef=" 0 0 1 0 0 0">
<Contour name="TB2 NF_24_cw" hidden="false" closed="true" simplified="true" border="1 0.5 0" fill="1 0.682353 0.368627" mode="15"
 points="100.849 14.4792,
	100.86 14.4483,
	100.86 14.4406,
	100.914 14.3788,
	100.926 14.3634,
	100.937 14.3325,
	100.945 14.3171,
	100.976 14.2901,
	101.007 14.2746,
	101.022 14.2708,
	101.084 14.2283,
	101.146 14.2245,
	101.207 14.2322,
	101.223 14.2283,
	101.238 14.2167,
	101.3 14.2052,
	101.331 14.209,
	101.362 14.2245,
	101.389 14.2553,
	101.4 14.2708,
	101.462 14.2823,
	101.478 14.2939,
	101.493 14.3248,
	101.489 14.3865,
	101.493 14.402,
	101.485 14.4328,
	101.416 14.5563,
	101.373 14.6181,
	101.342 14.6451,
	101.312 14.6605,
	101.296 14.6682,
	101.281 14.6837,
	101.25 14.703,
	101.219 14.73,
	101.204 14.7416,
	101.173 14.7493,
	101.142 14.7493,
	101.126 14.7531,
	101.119 14.757,
	101.103 14.7531,
	101.088 14.7416,
	101.026 14.7184,
	100.995 14.7184,
	100.964 14.7068,
	100.949 14.703,
	100.918 14.6721,
	100.91 14.6567,
	100.903 14.5949,
	100.903 14.5641,
	100.86 14.5062,
	100.852 14.4907,
	100.849 14.483,
	"/>
</Transform>

<Transform dim="0"
 xcoef=" 0 1 0 0 0 0"
 ycoef=" 0 0 1 0 0 0">
<Image mag="0.00855" contrast="1" brightness="0" red="true" green="true" blue="true"
 src="Aligned 633622.tif" />
<Contour name="a1" hidden="false" closed="true" simplified="false" border="1 0.5 0" fill="1 0.5 0" mode="11"
 points="0 0,
	15991 0,
	15991 12171,
	0 12171,
	"/>
</Transform>

<Transform dim="0"
 xcoef=" 0 1 0 0 0 0"
 ycoef=" 0 0 1 0 0 0">
<Contour name="TB3_nucleus02_cw" hidden="false" closed="true" simplified="true" border="1 1 1" fill="1 1 1" mode="15"
 points="97.2582 65.1378,
	97.303 65.075,
	97.3748 65.0122,
	97.4197 64.9405,
	97.4017 64.6533,
	97.3389 64.3662,
	97.3299 64.2945,
	97.3389 64.2586,
	97.3658 64.2317,
	97.3838 64.2227,
	97.4555 64.2317,
	97.4914 64.2227,
	97.5273 64.1958,
	97.5184 64.124,
	97.5004 64.0881,
	97.5094 64.0163,
	97.5184 63.9804,
	97.5184 63.9625,
	97.617 63.8189,
	97.644 63.7472,
	97.644 63.6754,
	97.635 63.6395,
	97.5991 63.6036,
	97.5722 63.5318,
	97.5722 63.4601,
	97.617 63.3165,
	97.635 63.2447,
	97.7337 63.1101,
	97.8593 62.9756,
	97.9042 62.9038,
	97.9311 62.832,
	97.958 62.6884,
	98.0028 62.5449,
	98.0746 62.4013,
	98.1464 62.3296,
	98.4245 62.1053,
	98.5232 61.9707,
	98.5501 61.8271,
	98.6847 61.6925,
	98.8283 61.6118,
	98.8911 61.54,
	98.9629 61.5041,
	99.0346 61.4862,
	99.0705 61.4682,
	99.1064 61.4682,
	99.1513 61.4054,
	99.2141 61.3426,
	99.2859 61.3516,
	99.3218 61.3516,
	99.3397 61.3606,
	99.4115 61.3337,
	99.4743 61.2708,
	99.573 61.1273,
	99.6537 60.9837,
	99.6896 60.912,
	99.7524 60.8402,
	99.896 60.8043,
	99.9319 60.7953,
	100.004 60.8133,
	100.04 60.8133,
	100.057 60.8222,
	100.129 60.8133,
	100.416 60.8492,
	100.56 60.8761,
	100.847 60.9927,
	100.865 60.9927,
	101.009 61.0914,
	101.08 61.1452,
	101.116 61.1632,
	101.26 61.1363,
	101.403 61.0914,
	101.547 61.1004,
	101.69 61.1363,
	101.834 61.226,
	101.906 61.2888,
	101.942 61.2978,
	101.96 61.3067,
	102.031 61.2978,
	102.094 61.3426,
	102.193 61.4862,
	102.336 61.5669,
	102.408 61.6028,
	102.426 61.6118,
	102.462 61.6028,
	102.534 61.6208,
	102.606 61.6656,
	102.74 61.8002,
	102.803 61.854,
	102.839 61.8899,
	102.875 61.9079,
	102.911 61.8989,
	102.982 61.9168,
	103.054 61.9796,
	103.081 62.0155,
	103.225 62.0963,
	103.512 62.3296,
	103.655 62.4462,
	103.691 62.4821,
	103.763 62.509,
	103.799 62.509,
	103.817 62.509,
	103.889 62.5808,
	103.987 62.8679,
	104.005 62.9397,
	104.032 62.9756,
	104.032 62.9935,
	104.122 63.1371,
	104.167 63.2088,
	104.194 63.2806,
	104.203 63.4242,
	104.203 63.4959,
	104.212 63.5139,
	104.203 63.5498,
	104.212 63.5857,
	104.194 63.6216,
	104.176 63.6395,
	104.167 63.783,
	104.185 63.8548,
	104.158 63.9266,
	104.149 63.9984,
	104.158 64.0702,
	104.185 64.1419,
	104.203 64.1778,
	104.221 64.1958,
	104.238 64.2675,
	104.256 64.5547,
	104.265 64.5905,
	104.256 64.6264,
	104.265 64.6623,
	104.247 64.8059,
	104.203 64.9494,
	104.176 64.9853,
	104.167 65.0571,
	104.203 65.2006,
	104.23 65.2724,
	104.238 65.3442,
	104.185 65.4878,
	104.149 65.5595,
	104.095 65.6313,
	104.077 65.6672,
	104.068 65.739,
	104.041 65.8108,
	103.978 65.8736,
	103.96 65.8915,
	103.933 66.0351,
	103.942 66.0709,
	103.924 66.1427,
	103.907 66.1786,
	103.889 66.1966,
	103.817 66.1966,
	103.781 66.2145,
	103.763 66.2863,
	103.763 66.3581,
	103.745 66.4298,
	103.673 66.4837,
	103.628 66.5554,
	103.601 66.6272,
	103.601 66.6631,
	103.575 66.7349,
	103.53 66.8067,
	103.467 66.8605,
	103.386 67.0041,
	103.341 67.0758,
	103.323 67.1117,
	103.287 67.1386,
	103.252 67.1386,
	103.18 67.2014,
	103.144 67.2732,
	103.126 67.2912,
	103.099 67.3629,
	103.099 67.3809,
	102.991 67.5244,
	102.929 67.5872,
	102.857 67.6321,
	102.821 67.6411,
	102.677 67.7218,
	102.615 67.7846,
	102.579 67.8205,
	102.435 67.8654,
	102.363 67.9282,
	102.318 68,
	102.247 68.0628,
	102.103 68.1166,
	101.96 68.1973,
	101.816 68.2422,
	101.744 68.2871,
	101.726 68.323,
	101.69 68.3588,
	101.619 68.3768,
	101.583 68.3858,
	101.538 68.4575,
	101.538 68.4934,
	101.493 68.5652,
	101.466 68.5921,
	101.323 68.619,
	101.305 68.619,
	101.26 68.6818,
	101.26 68.7536,
	101.251 68.7895,
	101.188 68.8523,
	101.044 68.8972,
	100.973 68.96,
	100.955 68.96,
	100.937 68.9779,
	100.793 68.9959,
	100.721 69.0407,
	100.65 69.0587,
	100.614 69.0587,
	100.47 69.1484,
	100.434 69.1574,
	100.291 69.1305,
	100.255 69.1305,
	100.111 69.2291,
	100.075 69.2471,
	100.004 69.2471,
	99.9319 69.2202,
	99.7883 69.1215,
	99.6448 69.0676,
	99.573 69.0497,
	99.5012 69.0138,
	99.2141 68.9241,
	99.1423 68.8972,
	98.9988 68.8075,
	98.9808 68.7895,
	98.9449 68.7805,
	98.8821 68.7177,
	98.8373 68.646,
	98.8014 68.6101,
	98.6578 68.5293,
	98.6219 68.5114,
	98.5501 68.5024,
	98.5322 68.5024,
	98.4963 68.4665,
	98.4604 68.3947,
	98.4066 68.3319,
	98.3887 68.314,
	98.3169 68.305,
	98.2451 68.2691,
	98.2272 68.2691,
	98.1733 68.1973,
	98.1374 68.1256,
	98.1195 68.1076,
	98.0836 68.0987,
	98.0118 68.0359,
	97.9849 68,
	97.9849 67.982,
	97.958 67.9461,
	97.94 67.8026,
	97.8952 67.7308,
	97.8324 67.659,
	97.8055 67.6231,
	97.7516 67.336,
	97.7427 67.1925,
	97.7157 67.1207,
	97.5901 66.9951,
	97.5632 66.9233,
	97.4466 66.8067,
	97.4376 66.7349,
	97.4466 66.5913,
	97.4376 66.4478,
	97.4555 66.1607,
	97.4376 66.0171,
	97.3748 65.8736,
	97.3299 65.8018,
	97.303 65.73,
	97.294 65.6582,
	97.3299 65.5147,
	97.3299 65.4788,
	97.2671 65.3352,
	97.2582 65.1917,
	97.2582 65.1558,
	97.2582 65.1468,
	"/>
</Transform>

<Transform dim="0"
 xcoef=" 0 1 0 0 0 0"
 ycoef=" 0 0 1 0 0 0">
<Contour name="TB3_TC02_T2dying_cw" hidden="false" closed="true" simplified="true" border="0.321569 0.772549 1" fill="0.321569 0.772549 1" mode="15"
 points="96.0623 65.2207,
	96.1182 64.9228,
	96.1461 64.8483,
	96.1647 64.6994,
	96.2019 64.6249,
	96.3044 64.327,
	96.3416 64.1781,
	96.3137 64.0291,
	96.3323 63.9547,
	96.3695 63.8802,
	96.3788 63.8057,
	96.3323 63.6568,
	96.323 63.5823,
	96.3323 63.545,
	96.444 63.3961,
	96.4533 63.3589,
	96.4161 63.2844,
	96.4161 63.2099,
	96.4905 63.061,
	96.5464 62.912,
	96.5743 62.8375,
	96.6209 62.7631,
	96.6953 62.7072,
	96.7512 62.642,
	96.835 62.3442,
	96.8815 62.1952,
	96.9281 62.1207,
	97.0119 61.8228,
	97.0398 61.7484,
	97.0491 61.7111,
	97.0212 61.6366,
	96.9932 61.5994,
	97.0025 61.5249,
	97.0119 61.4877,
	97.0398 61.4505,
	97.0491 61.4132,
	97.077 61.376,
	97.1236 61.227,
	97.2074 61.0781,
	97.2446 61.0036,
	97.3563 60.8547,
	97.5052 60.743,
	97.5797 60.6871,
	97.7287 60.6033,
	97.8218 60.4544,
	97.9707 60.324,
	98.0452 60.2775,
	98.0824 60.2496,
	98.1103 60.1751,
	98.2593 60.0355,
	98.2965 60.0075,
	98.4455 59.9796,
	98.52 59.9517,
	98.6689 59.8213,
	98.7155 59.7469,
	98.7341 59.7096,
	98.7434 59.691,
	98.6875 59.6258,
	98.7155 59.5514,
	98.7899 59.5141,
	98.8644 59.5048,
	98.9016 59.5048,
	98.9761 59.5328,
	99.1251 59.4397,
	99.274 59.4117,
	99.3485 59.4024,
	99.4974 59.421,
	99.5719 59.4117,
	99.7209 59.4304,
	100.019 59.5607,
	100.168 59.6538,
	100.242 59.7003,
	100.54 59.9424,
	100.577 59.9796,
	100.652 60.0168,
	100.95 60.2309,
	101.099 60.3706,
	101.248 60.473,
	101.285 60.4916,
	101.434 60.6219,
	101.583 60.7709,
	101.732 60.8919,
	102.03 61.0409,
	102.327 61.1619,
	102.625 61.3574,
	102.923 61.5063,
	103.063 61.6366,
	103.1 61.6553,
	103.137 61.6925,
	103.212 61.7204,
	103.361 61.6925,
	103.51 61.7297,
	103.584 61.767,
	103.621 61.7763,
	103.77 61.8787,
	103.919 61.9997,
	104.217 62.2883,
	104.515 62.5117,
	104.636 62.6514,
	104.692 62.7258,
	104.72 62.7538,
	104.869 62.8096,
	104.943 62.8562,
	105.083 63.0051,
	105.204 63.1541,
	105.269 63.303,
	105.251 63.3775,
	105.278 63.452,
	105.288 63.4892,
	105.232 63.6381,
	105.176 63.936,
	105.176 64.0105,
	105.223 64.085,
	105.26 64.1129,
	105.334 64.1315,
	105.483 64.0757,
	105.558 64.0198,
	105.632 63.9919,
	105.781 64.0012,
	105.856 64.0664,
	105.958 64.2153,
	106.042 64.3643,
	106.107 64.5132,
	106.154 64.5877,
	106.209 64.7366,
	106.237 64.7739,
	106.284 64.9228,
	106.349 65.0718,
	106.396 65.1462,
	106.451 65.2952,
	106.47 65.3697,
	106.461 65.5186,
	106.451 65.5558,
	106.47 65.7048,
	106.461 65.742,
	106.433 65.7793,
	106.414 65.7979,
	106.433 65.8724,
	106.433 65.9096,
	106.368 65.9841,
	106.34 66.0213,
	106.349 66.0958,
	106.424 66.1609,
	106.498 66.1889,
	106.647 66.2168,
	106.721 66.254,
	106.759 66.282,
	106.805 66.3564,
	106.815 66.3937,
	106.805 66.4682,
	106.749 66.5426,
	106.675 66.5706,
	106.6 66.6171,
	106.563 66.6916,
	106.545 66.7288,
	106.517 66.8778,
	106.47 66.9429,
	106.433 66.9615,
	106.405 66.9988,
	106.386 67.0733,
	106.396 67.2222,
	106.396 67.2967,
	106.368 67.3712,
	106.358 67.4456,
	106.349 67.4829,
	106.358 67.5573,
	106.34 67.6318,
	106.191 67.9297,
	106.135 68.0042,
	106.098 68.0787,
	106.033 68.3766,
	106.014 68.5255,
	106.014 68.6,
	105.949 68.8979,
	105.884 69.0468,
	105.818 69.1213,
	105.744 69.2702,
	105.716 69.3447,
	105.688 69.382,
	105.614 69.3913,
	105.576 69.382,
	105.558 69.3726,
	105.511 69.4378,
	105.493 69.5123,
	105.455 69.5868,
	105.418 69.624,
	105.4 69.6612,
	105.102 69.9498,
	104.953 70.0336,
	104.878 70.0708,
	104.841 70.1453,
	104.785 70.2198,
	104.711 70.2291,
	104.636 70.2198,
	104.599 70.2012,
	104.524 70.2291,
	104.487 70.2477,
	104.422 70.3222,
	104.413 70.3594,
	104.422 70.4339,
	104.422 70.4525,
	104.441 70.4711,
	104.413 70.5456,
	104.348 70.6201,
	104.329 70.6573,
	104.338 70.6759,
	104.31 70.7132,
	104.273 70.7225,
	104.254 70.7225,
	104.227 70.7597,
	104.217 70.8342,
	103.966 71.1321,
	103.91 71.2066,
	103.882 71.281,
	103.826 71.3555,
	103.677 71.4952,
	103.612 71.551,
	103.51 71.7,
	103.472 71.7744,
	103.324 71.9141,
	103.249 71.9792,
	103.175 72.0258,
	103.054 72.1747,
	102.979 72.212,
	102.83 72.2399,
	102.681 72.2864,
	102.532 72.3144,
	102.234 72.4447,
	102.085 72.5006,
	102.011 72.5285,
	101.974 72.5378,
	101.899 72.5285,
	101.75 72.454,
	101.676 72.4261,
	101.639 72.4261,
	101.564 72.3982,
	101.527 72.4075,
	101.48 72.4819,
	101.536 72.6309,
	101.545 72.6681,
	101.518 72.7426,
	101.49 72.7705,
	101.415 72.7798,
	101.341 72.7705,
	101.303 72.7612,
	101.229 72.7054,
	101.201 72.6681,
	101.192 72.5937,
	101.21 72.5192,
	101.192 72.4819,
	101.154 72.4633,
	101.145 72.454,
	101.071 72.5192,
	100.996 72.5378,
	100.959 72.5378,
	100.885 72.4913,
	100.587 72.3888,
	100.512 72.3609,
	100.475 72.3609,
	100.4 72.3237,
	100.363 72.3144,
	100.289 72.333,
	100.27 72.3516,
	100.196 72.3516,
	99.8977 72.2492,
	99.8233 72.2213,
	99.786 72.212,
	99.7115 72.1468,
	99.6836 72.0723,
	99.6929 72.0351,
	99.7022 72.0165,
	99.6743 71.9886,
	99.6371 71.9979,
	99.5998 71.9886,
	99.5626 71.9141,
	99.5626 71.8955,
	99.5254 71.8675,
	99.4509 71.8489,
	99.3764 71.7837,
	99.274 71.6348,
	99.2461 71.4858,
	99.2368 71.4486,
	99.0971 71.309,
	99.0227 71.2345,
	98.9668 71.16,
	98.9482 71.0111,
	98.8923 70.8621,
	98.6968 70.5642,
	98.6317 70.4991,
	98.5944 70.4898,
	98.52 70.4339,
	98.4176 70.285,
	98.3896 70.2105,
	98.2686 70.0615,
	98.2314 70.0243,
	98.1941 69.9498,
	98.1662 69.9126,
	98.129 69.7636,
	98.129 69.6147,
	98.1197 69.5402,
	98.1197 69.503,
	98.0731 69.354,
	98.0359 69.2796,
	98.0079 69.1306,
	97.8683 68.991,
	97.7194 68.8699,
	97.6821 68.842,
	97.617 68.6931,
	97.6076 68.6186,
	97.5146 68.479,
	97.4959 68.4045,
	97.4587 68.33,
	97.3563 68.1904,
	97.3284 68.0414,
	97.2632 67.8925,
	97.2167 67.7435,
	97.226 67.5946,
	97.2353 67.5573,
	97.2074 67.4829,
	97.1329 67.4177,
	97.0956 67.3991,
	97.0305 67.3246,
	96.9374 67.1757,
	96.8164 67.0267,
	96.7512 66.8778,
	96.7605 66.8033,
	96.7884 66.7288,
	96.8071 66.6916,
	96.7419 66.5426,
	96.7233 66.5054,
	96.7419 66.4309,
	96.714 66.282,
	96.686 66.2075,
	96.6209 66.133,
	96.5836 66.0958,
	96.565 66.0585,
	96.4905 66.012,
	96.444 65.9375,
	96.3788 65.8817,
	96.3323 65.8072,
	96.3137 65.7327,
	96.2671 65.6582,
	96.2299 65.621,
	96.1926 65.5465,
	96.1833 65.5093,
	96.1833 65.4907,
	96.1461 65.4628,
	96.1275 65.4628,
	96.0809 65.3883,
	96.0623 65.3138,
	96.0623 65.2393,
	96.0623 65.23,
	"/>
</Transform>

<Transform dim="0"
 xcoef=" 0 1 0 0 0 0"
 ycoef=" 0 0 1 0 0 0">
<Contour name="TB3_TC02_T2dying_cw" hidden="false" closed="true" simplified="true" border="0.322 0.773 1" fill="0.322 0.773 1" mode="15"
 points="103.821 52.9038,
	104.014 52.4623,
	104.069 52.2416,
	104.083 52.0209,
	104.028 51.9243,
	104.056 51.8691,
	104.069 51.8553,
	104 51.745,
	103.945 51.6898,
	103.876 51.4691,
	103.862 51.3587,
	103.89 51.138,
	103.876 51.0828,
	103.931 50.6414,
	103.931 50.531,
	103.904 50.4207,
	103.904 50.3103,
	104.028 49.8689,
	104.069 49.6481,
	104.138 49.4274,
	104.166 49.3998,
	104.166 49.3722,
	104.221 49.3171,
	104.249 49.2895,
	104.29 49.0687,
	104.304 48.9584,
	104.442 48.7377,
	104.511 48.6273,
	104.538 48.5721,
	104.566 48.1307,
	104.649 47.6892,
	104.663 47.5789,
	104.718 47.4685,
	104.745 47.4133,
	104.8 47.372,
	104.869 46.9305,
	104.869 46.8202,
	104.883 46.765,
	104.966 46.6546,
	105.021 46.5443,
	105.049 46.3235,
	105.201 46.1028,
	105.297 45.9925,
	105.352 45.8821,
	105.325 45.7717,
	105.504 45.551,
	105.601 45.4407,
	105.67 45.3303,
	105.683 45.2199,
	105.835 44.7785,
	105.959 44.5578,
	106.042 44.4474,
	106.097 44.3922,
	106.125 44.3371,
	106.125 44.3095,
	106.166 44.2543,
	106.18 44.1991,
	106.221 44.1439,
	106.373 43.7025,
	106.497 43.2611,
	106.594 42.8196,
	106.594 42.5989,
	106.58 42.5437,
	106.552 42.5161,
	106.58 42.4058,
	106.69 42.3092,
	106.773 42.0885,
	106.773 42.0609,
	106.815 42.0057,
	106.815 41.9781,
	106.911 41.8678,
	106.966 41.854,
	107.063 41.7436,
	107.173 41.5229,
	107.228 41.4125,
	107.339 41.3298,
	107.49 41.109,
	107.67 40.8883,
	107.684 40.778,
	107.67 40.6676,
	107.711 40.4469,
	107.711 40.3365,
	107.753 40.1158,
	107.863 39.8951,
	108.153 39.4536,
	108.249 39.2329,
	108.318 38.7915,
	108.373 38.5708,
	108.58 38.1293,
	108.608 38.019,
	108.594 37.9086,
	108.677 37.6879,
	108.718 37.5775,
	108.704 37.4672,
	108.691 37.412,
	108.704 37.3568,
	108.704 37.3292,
	108.746 37.274,
	108.801 37.2464,
	108.911 37.1361,
	108.994 37.0257,
	109.091 36.805,
	109.201 36.7222,
	109.284 36.6119,
	109.339 36.5567,
	109.56 36.1153,
	109.643 35.8945,
	109.67 35.7842,
	109.78 35.5635,
	109.918 35.3427,
	110.084 35.122,
	110.291 34.9151,
	110.401 34.8461,
	110.608 34.6392,
	110.663 34.584,
	110.787 34.3633,
	110.994 34.1426,
	111.105 34.0598,
	111.229 33.8391,
	111.284 33.7839,
	111.339 33.6735,
	111.381 33.4528,
	111.491 33.3976,
	111.601 33.3701,
	111.698 33.2597,
	111.739 33.1493,
	111.753 33.039,
	111.781 32.9838,
	111.891 32.8734,
	111.974 32.7631,
	112.084 32.6803,
	112.333 32.2389,
	112.429 32.1285,
	112.539 32.0595,
	112.65 31.963,
	113.091 31.7009,
	113.146 31.6871,
	113.257 31.7009,
	113.312 31.7147,
	113.367 31.7009,
	113.588 31.7423,
	113.698 31.756,
	113.753 31.7698,
	113.781 31.7974,
	113.684 31.9078,
	113.574 31.9768,
	113.519 31.9906,
	113.491 32.0044,
	113.602 32.0733,
	113.657 32.0871,
	113.767 32.0182,
	113.878 31.9216,
	114.016 31.7009,
	114.057 31.6457,
	114.278 31.5767,
	114.388 31.5215,
	114.498 31.4939,
	114.554 31.4664,
	114.664 31.4939,
	114.885 31.4526,
	114.94 31.4388,
	115.05 31.4801,
	115.078 31.4939,
	115.188 31.4664,
	115.243 31.4664,
	115.298 31.4388,
	115.409 31.4801,
	115.464 31.5077,
	115.492 31.7285,
	115.423 31.8388,
	115.381 31.9492,
	115.367 32.0044,
	115.395 32.0595,
	115.616 32.1837,
	115.726 32.2389,
	115.823 32.3354,
	115.864 32.5562,
	115.836 32.7769,
	115.754 32.9976,
	115.767 33.0528,
	115.767 33.0804,
	115.712 33.1217,
	115.685 33.108,
	115.602 33.2045,
	115.588 33.2597,
	115.657 33.4804,
	115.754 33.5908,
	115.767 33.7011,
	115.823 33.8115,
	115.836 33.8667,
	115.657 34.3081,
	115.547 34.5288,
	115.478 34.6392,
	115.257 34.8461,
	115.174 34.9565,
	114.967 35.3979,
	114.719 35.8394,
	114.65 35.9497,
	114.54 36.0601,
	114.319 36.2118,
	114.209 36.2808,
	113.988 36.4739,
	113.933 36.5291,
	113.781 36.7498,
	113.671 36.9705,
	113.643 37.0809,
	113.643 37.1361,
	113.519 37.3568,
	113.422 37.4672,
	113.312 37.5223,
	113.091 37.6879,
	113.036 37.7431,
	112.981 37.7707,
	112.884 37.881,
	112.705 38.3225,
	112.705 38.3776,
	112.498 38.8191,
	112.415 39.0398,
	112.374 39.1502,
	112.236 39.3709,
	112.167 39.4812,
	112.126 39.5916,
	112.112 39.702,
	112.07 39.8123,
	111.891 40.033,
	111.795 40.1434,
	111.726 40.2538,
	111.629 40.6952,
	111.45 41.1366,
	111.381 41.247,
	111.284 41.3574,
	111.063 41.5091,
	110.843 41.6333,
	110.732 41.7022,
	110.622 41.8126,
	110.484 42.0333,
	110.429 42.1437,
	110.387 42.3644,
	110.374 42.5851,
	110.387 43.0265,
	110.36 43.468,
	110.346 43.5783,
	110.236 43.7991,
	110.222 43.9094,
	110.167 44.0198,
	109.725 44.406,
	109.629 44.5164,
	109.56 44.6268,
	109.449 44.7371,
	109.339 44.8199,
	109.118 45.0268,
	108.898 45.151,
	108.801 45.2613,
	108.732 45.3717,
	108.691 45.4821,
	108.677 45.5372,
	108.663 45.5648,
	108.704 45.6752,
	108.608 45.8959,
	108.553 46.0063,
	108.539 46.1166,
	108.58 46.227,
	108.663 46.3373,
	108.635 46.5581,
	108.594 46.6684,
	108.208 47.1099,
	107.987 47.2478,
	107.766 47.3168,
	107.656 47.303,
	107.546 47.3582,
	107.49 47.3996,
	107.463 47.4133,
	107.435 47.5237,
	107.422 47.5789,
	107.449 47.6892,
	107.504 47.7996,
	107.518 47.8548,
	107.463 48.0755,
	107.477 48.2962,
	107.518 48.5169,
	107.532 48.6273,
	107.504 48.848,
	107.422 48.9446,
	107.366 48.9584,
	107.339 48.9446,
	107.256 49.0412,
	107.215 49.2619,
	107.132 49.4826,
	107.09 49.593,
	107.104 49.7033,
	107.132 49.7585,
	107.146 49.9792,
	107.132 50.0896,
	107.035 50.3103,
	106.966 50.4207,
	106.856 50.531,
	106.732 50.7517,
	106.649 50.9725,
	106.663 51.1932,
	106.704 51.2484,
	106.759 51.2621,
	106.87 51.2346,
	106.925 51.2621,
	107.021 51.3725,
	107.035 51.4001,
	107.008 51.4553,
	106.787 51.6622,
	106.649 51.8829,
	106.552 52.1036,
	106.511 52.3244,
	106.525 52.5451,
	106.594 52.7658,
	106.69 52.9865,
	106.704 53.0969,
	106.69 53.2072,
	106.608 53.428,
	106.566 53.6487,
	106.608 53.8694,
	106.635 53.9798,
	106.621 54.2005,
	106.621 54.2557,
	106.594 54.3108,
	106.608 54.5316,
	106.58 54.6419,
	106.47 54.8626,
	106.511 55.0834,
	106.58 55.3041,
	106.677 55.5248,
	106.801 55.9662,
	106.856 56.4077,
	106.828 56.6284,
	106.815 56.7388,
	106.773 56.8491,
	106.759 56.9043,
	106.718 56.9595,
	106.69 56.9871,
	106.649 57.2078,
	106.69 57.4285,
	106.649 57.6492,
	106.58 57.8699,
	106.428 58.0907,
	106.373 58.201,
	106.346 58.2562,
	106.387 58.3666,
	106.414 58.4217,
	106.401 58.5321,
	106.346 58.6425,
	106.29 58.6976,
	106.263 58.7528,
	106.208 58.808,
	106.18 58.8356,
	106.125 58.8356,
	106.07 58.7942,
	106.001 58.5735,
	105.959 58.5183,
	105.849 58.4769,
	105.794 58.4217,
	105.752 58.201,
	105.573 57.9803,
	105.532 57.9251,
	105.518 57.8699,
	105.49 57.8424,
	105.49 57.7872,
	105.518 57.732,
	105.476 57.5113,
	105.394 57.2906,
	105.338 57.1802,
	105.283 56.9595,
	105.283 56.7388,
	105.201 56.518,
	105.132 56.4077,
	105.118 56.3525,
	105.049 56.2421,
	104.994 56.0214,
	104.98 55.9111,
	104.994 55.8559,
	104.98 55.8007,
	104.952 55.7731,
	104.952 55.7179,
	104.952 55.6903,
	104.897 55.649,
	104.869 55.6214,
	104.814 55.6076,
	104.773 55.5524,
	104.731 55.442,
	104.621 55.3731,
	104.511 55.2765,
	104.428 55.1661,
	104.387 55.0558,
	104.083 54.6143,
	103.959 54.3936,
	103.918 54.1729,
	103.904 54.0625,
	103.904 54.0073,
	103.959 53.966,
	104.069 53.9246,
	104.097 53.897,
	104.056 53.7866,
	104.028 53.7314,
	103.918 53.6211,
	103.876 53.5659,
	103.835 53.3452,
	103.821 53.1245,
	103.835 53.0141,
	103.821 52.9175,
	"/>
</Transform>

</Section>