<?xml version="1.0"?>
<!DOCTYPE Section SYSTEM "section.dtd">

<Section index="573" thickness="0.085" alignLocked="true">
<Transform dim="0"
 xcoef=" 0 1 0 0 0 0"
 ycoef=" 0 0 1 0 0 0">
<Image mag="0.00855" contrast="1" brightness="0" red="true" green="true" blue="true"
 src="Aligned 633573.tif" />
<Contour name="domain1" hidden="false" closed="true" simplified="false" border="1 0 1" fill="1 0 1" mode="11"
 points="0 0,
	15991 0,
	15991 12171,
	0 12171,
	"/>
</Transform>

<Transform dim="0"
 xcoef=" 0 1 0 0 0 0"
 ycoef=" 0 0 1 0 0 0">
<Contour name="TB2 Nucleus_75" hidden="false" closed="true" simplified="true" border="1 0 0" fill="1 0 0" mode="9"
 points="71.8248 62.8739,
	71.8559 62.6257,
	71.8869 62.5016,
	72.011 62.2534,
	72.0575 62.1293,
	72.0886 62.0827,
	72.1816 62.3154,
	72.2902 62.0672,
	72.4919 61.8345,
	72.7401 61.6794,
	72.7711 61.6484,
	72.8022 61.6484,
	72.8642 61.5863,
	72.8952 61.5863,
	73.1434 61.4312,
	73.2055 61.4157,
	73.3296 61.3381,
	73.3917 61.3071,
	73.4227 61.2761,
	73.4847 61.2605,
	73.6088 61.183,
	73.6709 61.1364,
	73.795 61.0899,
	74.0432 60.8882,
	74.1052 60.8572,
	74.3379 60.6245,
	74.462 60.5314,
	74.7103 60.4228,
	74.9585 60.3763,
	75.0826 60.3763,
	75.1446 60.3608,
	75.1601 60.3143,
	75.0515 60.2057,
	74.8033 60.0971,
	74.5551 60.035,
	74.4931 59.9885,
	74.462 59.9885,
	74.431 59.9575,
	74.3069 59.9264,
	74.0587 59.8023,
	74.0122 59.6782,
	74.0277 59.5541,
	74.0897 59.43,
	74.2914 59.1818,
	74.4155 59.1042,
	74.6637 59.0732,
	74.7878 59.0267,
	74.8499 59.0112,
	74.9119 58.9491,
	74.9429 58.9491,
	75.036 58.8405,
	75.0981 58.7785,
	75.2377 58.5303,
	75.3773 58.0339,
	75.4083 57.7856,
	75.579 57.2892,
	75.6565 57.041,
	75.7031 56.979,
	75.7651 56.948,
	75.7962 56.9324,
	75.9203 56.979,
	76.0444 57.0876,
	76.0754 57.1341,
	76.1374 57.1496,
	76.2615 57.1031,
	76.3236 57.0721,
	76.3856 57.01,
	76.4167 56.9635,
	76.5253 56.8394,
	76.5718 56.8083,
	76.82 56.6067,
	76.851 56.6067,
	76.9751 56.5136,
	77.0372 56.467,
	77.1613 56.467,
	77.4095 56.6067,
	77.5181 56.6997,
	77.6267 56.8238,
	77.7818 57.0721,
	77.8128 57.1341,
	77.8128 57.1962,
	77.7663 57.3203,
	77.7663 57.4444,
	77.8749 57.6926,
	77.9059 57.7546,
	77.9059 57.7856,
	77.9835 57.9098,
	78.1851 58.4062,
	78.2317 58.6544,
	78.4023 59.1508,
	78.4178 59.399,
	78.3868 59.8954,
	78.3713 60.0195,
	78.3403 60.0816,
	78.3403 60.1126,
	78.3092 60.1436,
	78.2937 60.2057,
	78.2162 60.3298,
	78.1851 60.3608,
	78.1851 60.3918,
	78.1541 60.4228,
	78.1541 60.4539,
	78.1231 60.4849,
	77.7818 61.4777,
	77.5957 61.9741,
	77.5026 62.2223,
	77.456 62.7188,
	77.5026 63.2152,
	77.4871 63.3393,
	77.4095 63.4634,
	77.2854 63.5875,
	76.789 63.9133,
	76.6804 64.1615,
	76.2771 64.6424,
	76.1374 64.8906,
	75.8892 64.9836,
	75.7651 65.0457,
	75.7341 65.0457,
	75.61 65.1233,
	75.5635 65.1853,
	75.5014 65.2008,
	75.3928 65.0922,
	75.1446 65.0147,
	75.0826 64.9992,
	74.8344 65.0302,
	74.7103 65.0302,
	74.5861 64.9992,
	74.0897 64.9836,
	73.8415 64.9992,
	73.7174 65.0302,
	73.6554 65.0457,
	73.6243 65.0457,
	73.5002 65.1233,
	73.4382 65.1853,
	73.19 65.2163,
	73.0659 65.2319,
	72.8177 65.1853,
	72.6936 65.1233,
	72.4454 65.0612,
	72.2127 64.9061,
	72.1506 64.782,
	72.1196 64.751,
	72.0886 64.6268,
	72.0886 64.3786,
	71.8714 63.3858,
	71.8248 62.8894,
	"/>
</Transform>

<Transform dim="0"
 xcoef=" 0 1 0 0 0 0"
 ycoef=" 0 0 1 0 0 0">
<Contour name="TB2 Nucleus_92" hidden="false" closed="true" simplified="true" border="1 0 0" fill="1 0 1" mode="9"
 points="61.1158 48.4367,
	61.2243 47.7419,
	61.4197 47.0472,
	61.6151 46.6998,
	61.8539 46.3524,
	61.8973 46.2656,
	61.9842 46.1788,
	62.1362 45.8314,
	62.1579 45.7445,
	62.1145 45.6794,
	62.2664 44.9847,
	62.3316 44.6373,
	62.3967 44.4636,
	62.4184 44.2899,
	62.6138 43.9426,
	62.7658 43.5952,
	62.8526 43.4215,
	62.9829 43.2478,
	63.0263 43.161,
	63.0697 43.1175,
	63.1349 42.9439,
	63.2434 42.7702,
	63.5256 42.4445,
	63.8513 42.1623,
	64.1987 41.9452,
	64.3724 41.8583,
	64.4592 41.8366,
	64.5026 41.8366,
	64.5461 41.7932,
	64.7197 41.7281,
	65.3059 41.1636,
	65.3928 41.0984,
	66.0875 40.9899,
	66.2612 40.903,
	66.348 40.8813,
	66.5217 40.9465,
	66.8257 41.207,
	66.8474 41.5544,
	66.8474 41.7281,
	66.8474 41.8149,
	66.9342 41.9886,
	67.1079 42.1406,
	67.2165 42.3142,
	67.2382 42.4879,
	67.325 42.6616,
	67.3467 42.7485,
	67.4553 42.9221,
	67.4987 43.009,
	67.4336 43.3564,
	67.325 43.7037,
	67.325 43.7472,
	67.2816 43.7906,
	67.2599 43.8774,
	67.1948 43.9643,
	67.1079 44.3116,
	66.4783 44.9412,
	66.1961 45.2886,
	65.9573 45.636,
	65.7619 45.9834,
	65.6099 46.3307,
	65.5665 46.3742,
	65.3711 47.0689,
	65.2408 47.4163,
	65.1974 47.5031,
	65.1974 47.59,
	65.1105 47.7636,
	65.0454 47.8505,
	64.9151 48.1979,
	64.7632 48.8926,
	64.7415 49.5873,
	64.6329 49.9347,
	64.5026 50.1084,
	64.3289 50.2604,
	64.1987 50.4341,
	64.0684 50.5643,
	64.0033 50.6078,
	63.8513 50.7814,
	63.6776 50.89,
	63.3303 50.89,
	63.1566 50.89,
	63.0697 50.9334,
	62.896 50.9334,
	62.7224 50.9768,
	62.375 50.9551,
	62.223 50.8249,
	62.1145 50.6512,
	62.1145 50.6078,
	62.0059 50.4341,
	61.9625 50.3472,
	61.9191 50.3038,
	61.7671 49.9564,
	61.5717 49.6091,
	61.4848 49.4354,
	61.4197 49.3485,
	61.1375 48.6538,
	61.1158 48.4801,
	61.1158 48.4584,
	"/>
</Transform>

<Transform dim="0"
 xcoef=" 0 1 0 0 0 0"
 ycoef=" 0 0 1 0 0 0">
<Contour name="TB2 Nucleus_41" hidden="false" closed="true" simplified="true" border="1 0 0" fill="1 0 0" mode="9"
 points="65.5663 57.0683,
	65.6762 56.7753,
	65.7128 56.6288,
	65.9326 56.3358,
	66.4821 55.9328,
	67.0681 55.7497,
	67.3612 55.6764,
	67.9472 55.7863,
	68.0937 55.8596,
	68.3868 55.8962,
	68.5333 55.9328,
	68.8263 55.8962,
	68.9728 55.9328,
	69.2659 56.1892,
	69.4857 56.4457,
	69.6322 56.5189,
	70.2182 56.5555,
	70.5113 56.6654,
	70.6578 56.7387,
	70.7311 56.7387,
	71.2805 57.2149,
	71.3904 57.3614,
	71.4636 57.6544,
	71.4636 57.9474,
	71.5369 58.2405,
	71.6834 58.5335,
	71.7933 59.1196,
	71.6834 59.7057,
	71.5735 59.8522,
	71.2805 59.9254,
	71.0973 60.5115,
	71.0241 60.8045,
	71.0241 60.8778,
	70.7677 61.1708,
	70.4746 61.2075,
	69.3025 61.1342,
	69.1926 61.1708,
	68.9728 61.3906,
	68.8263 61.4639,
	68.2403 61.3906,
	67.9472 61.2075,
	67.6542 60.9144,
	67.3978 60.7313,
	67.1048 60.658,
	66.8484 60.4749,
	66.7751 60.1818,
	66.885 59.8888,
	66.9949 59.7789,
	67.0315 59.6324,
	67.0315 59.5591,
	66.8117 59.2661,
	66.5187 59.0097,
	66.2989 58.7167,
	65.7495 58.3504,
	65.6396 58.2039,
	65.5663 57.6178,
	65.5663 57.3248,
	65.5663 57.1782,
	65.5663 57.105,
	"/>
</Transform>

<Transform dim="0"
 xcoef=" 0 1 0 0 0 0"
 ycoef=" 0 0 1 0 0 0">
<Contour name="TB2 Nucleus_53" hidden="false" closed="true" simplified="true" border="1 0 0" fill="1 0 0" mode="9"
 points="65.4989 49.7909,
	65.6119 49.2744,
	65.6442 49.0162,
	65.6926 48.8871,
	65.6926 48.8225,
	65.7894 48.5643,
	65.8379 48.4352,
	65.9186 48.3061,
	65.9508 48.177,
	66.0638 47.9187,
	66.1284 47.6605,
	66.1606 47.5959,
	66.2091 47.3377,
	66.2898 47.0795,
	66.3382 46.9504,
	66.3543 46.8858,
	66.4027 46.8374,
	66.4189 46.8535,
	66.4834 46.7244,
	66.5803 46.5953,
	66.7094 46.4985,
	67.2258 46.3209,
	67.2904 46.3048,
	67.5486 46.1273,
	67.6777 46.0304,
	67.7423 45.9659,
	68.0005 45.7883,
	68.2588 45.6431,
	68.7752 45.4494,
	69.0335 45.3687,
	69.2917 45.2396,
	69.5499 45.0621,
	69.8081 44.9652,
	70.3246 44.9168,
	70.5828 44.9007,
	70.6474 44.9329,
	70.7281 45.0621,
	70.7604 45.3203,
	70.7604 45.3848,
	70.7926 45.4494,
	70.8572 45.4817,
	70.9702 45.6108,
	71.1154 45.869,
	71.3575 46.0788,
	71.4866 46.1757,
	71.5673 46.3048,
	71.5996 46.3693,
	71.4866 46.6276,
	71.3575 46.7083,
	71.2284 46.7244,
	71.0993 46.7083,
	70.9702 46.7244,
	70.9056 46.7567,
	70.954 46.8858,
	71.2123 47.0633,
	71.4705 47.2086,
	71.7287 47.4507,
	71.7771 47.4991,
	71.7933 47.6282,
	71.8094 47.6766,
	71.7287 47.8057,
	71.6803 47.9349,
	71.7126 48.064,
	71.7771 48.0963,
	71.9063 48.0801,
	72.0354 48.1124,
	72.1483 48.2254,
	72.1322 48.3545,
	72.1161 48.419,
	72.0192 48.532,
	71.761 48.7096,
	71.6964 48.758,
	71.6319 48.7741,
	71.5028 48.8871,
	71.4544 49.0162,
	71.4705 49.0808,
	71.7126 49.3228,
	71.9708 49.3551,
	72.0354 49.3551,
	72.0999 49.4035,
	72.1161 49.4681,
	72.0999 49.5972,
	71.987 49.7263,
	71.9547 49.7586,
	71.9385 49.8877,
	71.987 50.0168,
	72.0192 50.2751,
	72.0192 50.3396,
	71.9547 50.4687,
	71.8417 50.5817,
	71.5835 50.6786,
	71.5189 50.6947,
	71.4544 50.7431,
	71.4382 50.7754,
	71.5028 50.9045,
	71.7287 51.1627,
	71.7771 51.2273,
	71.7933 51.3564,
	71.7126 51.6146,
	71.4705 51.8567,
	71.2123 52.0343,
	71.0832 52.0988,
	70.954 52.1957,
	70.6958 52.2279,
	70.5667 52.2441,
	70.5021 52.2602,
	70.4376 52.2441,
	69.9211 52.4055,
	69.6629 52.4862,
	69.5983 52.5346,
	69.5661 52.5346,
	69.4531 52.6637,
	69.3724 52.7928,
	69.3724 52.8574,
	69.324 52.9219,
	69.1948 52.9219,
	68.9366 52.8089,
	68.6945 52.5507,
	68.4363 52.3409,
	68.3717 52.2925,
	68.3395 52.2602,
	68.2103 52.2441,
	68.1619 52.2602,
	68.291 52.2763,
	68.3072 52.3086,
	68.2749 52.3248,
	68.2103 52.2925,
	67.7262 52.47,
	67.71 52.4862,
	67.6939 52.4539,
	67.823 52.3732,
	67.3065 52.2925,
	67.0483 52.2763,
	66.9192 52.2441,
	66.661 52.2441,
	66.4027 52.1311,
	66.2736 52.0504,
	66.1445 51.9213,
	66.08 51.8567,
	65.9508 51.5985,
	65.854 51.082,
	65.6926 50.5656,
	65.5635 50.3073,
	65.5151 50.1782,
	65.4989 49.92,
	65.4989 49.807,
	"/>
<Contour name="TB2 Nucleus_53" hidden="false" closed="true" simplified="true" border="1 0 0" fill="1 0 0" mode="9"
 points="67.8714 52.4055,
	"/>
</Transform>

<Transform dim="0"
 xcoef=" 0 1 0 0 0 0"
 ycoef=" 0 0 1 0 0 0">
<Contour name="TB2 Nucleus_93" hidden="false" closed="true" simplified="true" border="1 0 0" fill="1 0 1" mode="9"
 points="71.3758 35.7166,
	71.4522 35.5637,
	71.4905 35.4108,
	71.4905 35.2579,
	71.5096 35.1815,
	71.6433 35.0286,
	71.7962 34.9139,
	72.0064 34.6464,
	72.1402 34.5317,
	72.446 34.4362,
	72.5988 34.3789,
	72.7517 34.2642,
	72.8855 34.1113,
	72.9619 33.9584,
	73.0575 33.6527,
	73.1148 33.4998,
	73.1721 33.4234,
	73.1721 33.3851,
	73.2486 33.3087,
	73.4015 33.2514,
	73.4779 33.2514,
	73.6117 33.4043,
	73.669 33.4807,
	73.7072 33.5189,
	73.7072 33.6718,
	73.7645 33.8247,
	73.8028 33.8629,
	73.8219 33.9393,
	73.8792 34.0158,
	73.8983 34.1687,
	73.8792 34.2451,
	73.9365 34.398,
	74.0321 34.5509,
	74.185 34.57,
	74.3378 34.5509,
	74.4907 34.57,
	74.5672 34.6082,
	74.7009 34.7611,
	74.72 34.9139,
	74.6627 35.0668,
	74.6054 35.1433,
	74.5098 35.2388,
	73.9556 35.793,
	73.6499 35.965,
	73.497 36.0223,
	73.4206 36.0223,
	73.3441 36.0605,
	73.2677 36.0605,
	72.6562 36.309,
	72.3504 36.4045,
	72.0446 36.3854,
	71.8918 36.3472,
	71.7389 36.3663,
	71.6624 36.3472,
	71.5096 36.2325,
	71.414 36.0797,
	71.3758 35.7739,
	71.3758 35.7357,
	"/>
</Transform>

<Transform dim="0"
 xcoef=" 0 1 0 0 0 0"
 ycoef=" 0 0 1 0 0 0">
<Contour name="TB2 NF_24" hidden="true" closed="true" simplified="true" border="1 0.501961 0.25098" fill="1 0.501961 0.25098" mode="-9"
 points="98.0782 14.0207,
	98.145 13.8424,
	98.2565 13.6641,
	98.3456 13.5972,
	98.524 13.5749,
	98.6131 13.5972,
	98.7469 13.7532,
	98.7915 13.9316,
	98.7692 14.2882,
	98.7023 14.4665,
	98.5685 14.6449,
	98.4794 14.6894,
	98.145 14.3774,
	98.0782 14.199,
	98.0782 14.043,
	"/>
</Transform>

<Transform dim="0"
 xcoef=" 0 1 0 0 0 0"
 ycoef=" 0 0 1 0 0 0">
<Contour name="TB2 NF_24_cw" hidden="false" closed="true" simplified="true" border="1 0.5 0" fill="1 0.682353 0.368627" mode="15"
 points="98.0237 14.2167,
	98.0392 14.155,
	98.1009 14.0315,
	98.1241 13.9698,
	98.1897 13.8463,
	98.1974 13.8424,
	98.2012 13.827,
	98.2244 13.7961,
	98.2514 13.7344,
	98.2707 13.7035,
	98.3286 13.6417,
	98.3903 13.5993,
	98.4212 13.58,
	98.4829 13.5607,
	98.5447 13.58,
	98.6064 13.6147,
	98.6373 13.6302,
	98.6527 13.6417,
	98.6605 13.6417,
	98.6913 13.6649,
	98.7222 13.6765,
	98.7376 13.6803,
	98.7647 13.7112,
	98.7994 13.7729,
	98.8264 13.8347,
	98.8457 13.8964,
	98.8804 13.9582,
	98.9306 14.0199,
	98.9576 14.0508,
	98.9692 14.0817,
	98.9692 14.1125,
	98.9576 14.1434,
	98.9267 14.1666,
	98.9152 14.182,
	98.9074 14.2129,
	98.8997 14.2283,
	98.8997 14.2438,
	98.892 14.2592,
	98.892 14.2746,
	98.8688 14.3055,
	98.8418 14.3287,
	98.8187 14.3865,
	98.7839 14.4483,
	98.6759 14.5679,
	98.645 14.5949,
	98.5833 14.6219,
	98.5524 14.6451,
	98.5215 14.676,
	98.5061 14.6914,
	98.4752 14.7068,
	98.4135 14.7146,
	98.398 14.7261,
	98.3672 14.7339,
	98.3595 14.7377,
	98.371 14.7454,
	98.3556 14.757,
	98.3479 14.757,
	98.317 14.7377,
	98.3016 14.73,
	98.2861 14.7146,
	98.2784 14.6837,
	98.2784 14.6682,
	98.263 14.6374,
	98.236 14.6181,
	98.2051 14.6065,
	98.1704 14.5448,
	98.1588 14.483,
	98.1395 14.456,
	98.1086 14.4406,
	98.0816 14.4135,
	98.07 14.3981,
	98.0623 14.3904,
	98.0623 14.3287,
	98.0584 14.2978,
	98.0314 14.236,
	98.0237 14.2206,
	"/>
</Transform>

<Transform dim="0"
 xcoef=" 0 1 0 0 0 0"
 ycoef=" 0 0 1 0 0 0">
<Contour name="TB2 NF_10_cw" hidden="false" closed="true" simplified="true" border="0.807843 0 0.807843" fill="0.443137 0 0.443137" mode="15"
 points="70.0036 4.52713,
	70.02 4.43954,
	70.0528 4.0892,
	70.0693 3.91402,
	70.0747 3.87023,
	70.0638 3.85928,
	70.0693 3.84833,
	70.1568 3.85381,
	70.2444 3.84833,
	70.4196 3.87571,
	70.4415 3.87571,
	70.6167 3.95234,
	70.7918 3.99066,
	70.967 4.01803,
	71.0546 4.05088,
	71.0984 4.07278,
	71.1203 4.07825,
	71.1641 4.10562,
	71.2517 4.14394,
	71.2955 4.16036,
	71.3393 4.19321,
	71.3502 4.19868,
	71.3557 4.22058,
	71.3393 4.26437,
	71.2626 4.34648,
	71.2188 4.37385,
	71.1312 4.41217,
	71.0437 4.43407,
	70.9999 4.44502,
	70.8247 4.4286,
	70.7809 4.42312,
	70.6933 4.43407,
	70.6057 4.47239,
	70.5948 4.47239,
	70.5072 4.52166,
	70.4634 4.53808,
	70.2882 4.5545,
	70.2663 4.55998,
	70.1787 4.5545,
	70.0911 4.55998,
	70.0693 4.55998,
	70.0255 4.54355,
	70.0036 4.5326,
	"/>
</Transform>

<Transform dim="0"
 xcoef=" 0 1 0 0 0 0"
 ycoef=" 0 0 1 0 0 0">
<Contour name="TB2 NF_10_cw" hidden="false" closed="true" simplified="true" border="0.808 0 0.808" fill="0.443 0 0.443" mode="15"
 points="73.7426 52.4901,
	73.7682 52.163,
	73.7733 51.9995,
	73.7937 51.836,
	73.8193 51.7542,
	73.8397 51.7133,
	73.8499 51.6929,
	73.855 51.6878,
	73.8601 51.6929,
	73.8704 51.6725,
	73.8908 51.6571,
	73.9112 51.6622,
	73.9317 51.6776,
	73.9726 51.7593,
	74.0032 51.8411,
	74.0492 51.9229,
	74.0799 52.0046,
	74.0901 52.0864,
	74.0952 52.1273,
	74.085 52.209,
	74.085 52.2499,
	74.0645 52.3317,
	74.0339 52.4134,
	73.9521 52.5769,
	73.9419 52.5974,
	73.9061 52.6383,
	73.8653 52.6689,
	73.8244 52.6894,
	73.8039 52.6842,
	73.7682 52.6485,
	73.7528 52.6076,
	73.7477 52.5258,
	73.7426 52.5054,
	73.7426 52.4952,
	"/>
</Transform>

<Transform dim="0"
 xcoef=" 0 1 0 0 0 0"
 ycoef=" 0 0 1 0 0 0">
<Contour name="TB2 NF_13_cw" hidden="false" closed="true" simplified="true" border="1 0.501961 0.752941" fill="0.607843 0 0.305882" mode="15"
 points="75.4842 46.2844,
	75.4996 46.2535,
	75.4996 46.2227,
	75.5459 46.0992,
	75.7079 45.8523,
	75.7465 45.7905,
	75.7928 45.6671,
	75.8083 45.5436,
	75.7851 45.4201,
	75.7774 45.3584,
	75.7542 45.2967,
	75.7465 45.2349,
	75.7542 45.2041,
	75.8005 45.1501,
	75.8623 45.096,
	75.8931 45.096,
	75.9009 45.0883,
	75.8854 45.0729,
	76.0089 45.0266,
	76.0706 44.9726,
	76.1015 44.9571,
	76.1555 44.8954,
	76.1787 44.8337,
	76.2172 44.7719,
	76.2713 44.6485,
	76.441 44.417,
	76.5336 44.3012,
	76.5722 44.2395,
	76.6802 44.116,
	76.8037 44.0311,
	76.9272 43.9617,
	77.0506 43.9077,
	77.0815 43.9,
	77.0969 43.8845,
	77.2204 43.8537,
	77.2821 43.8382,
	77.313 43.8459,
	77.3439 43.8382,
	77.3747 43.8459,
	77.3902 43.8537,
	77.3825 43.9154,
	77.313 44.0389,
	77.2667 44.1006,
	77.2358 44.1315,
	77.1047 44.3784,
	76.958 44.6253,
	76.8809 44.7488,
	76.8346 44.8723,
	76.8423 44.9957,
	76.8732 45.0575,
	76.8886 45.0883,
	76.8886 45.1192,
	76.8963 45.1346,
	76.8809 45.2581,
	76.8423 45.3816,
	76.8269 45.4433,
	76.7497 45.5668,
	76.7265 45.5976,
	76.6802 45.7211,
	76.6648 45.968,
	76.6494 46.0298,
	76.5722 46.1532,
	76.5105 46.2072,
	76.387 46.2458,
	76.1401 46.2921,
	76.0783 46.2998,
	75.9549 46.3384,
	75.7079 46.485,
	75.6462 46.5313,
	75.6076 46.5854,
	75.5922 46.6162,
	75.5613 46.6471,
	75.5459 46.6317,
	75.5459 46.6008,
	75.5227 46.5699,
	75.4919 46.4465,
	75.4842 46.323,
	75.4842 46.2921,
	"/>
</Transform>

<Transform dim="0"
 xcoef=" 0 1 0 0 0 0"
 ycoef=" 0 0 1 0 0 0">
<Contour name="TB2 NF_15_cw" hidden="false" closed="true" simplified="true" border="1 0.282 0.282" fill="0.835 0 0" mode="15"
 points="64.199 66.2046,
	64.2197 66.1218,
	64.23 66.0805,
	64.2817 65.9978,
	64.4368 65.8531,
	64.4781 65.8427,
	64.5195 65.8117,
	64.5401 65.8117,
	64.6125 65.7393,
	64.6332 65.698,
	64.964 65.4912,
	65.0053 65.4706,
	65.1708 65.3258,
	65.2431 65.2638,
	65.2948 65.1811,
	65.3775 65.1087,
	65.4085 65.0674,
	65.4912 65.0157,
	65.5119 64.995,
	65.5946 64.9847,
	65.636 64.9847,
	65.6566 64.9847,
	65.6877 65.026,
	65.698 65.1087,
	65.7083 65.1501,
	65.698 65.1604,
	65.7083 65.2018,
	65.6877 65.2845,
	65.5843 65.4499,
	65.5326 65.6153,
	65.5222 65.698,
	65.5222 65.7393,
	65.5533 65.822,
	65.5533 65.8634,
	65.5739 65.9047,
	65.5946 66.0702,
	65.5533 66.401,
	65.5429 66.4217,
	65.5739 66.5871,
	65.5946 66.6284,
	65.5946 66.7111,
	65.5739 66.7938,
	65.5739 66.8765,
	65.5533 66.9592,
	65.4809 67.0419,
	65.3982 67.0729,
	65.2328 67.0936,
	65.1501 67.0833,
	65.1087 67.0626,
	65.0674 67.0626,
	65.026 67.0419,
	64.9743 66.9592,
	64.9537 66.9179,
	64.9123 66.8869,
	64.8296 66.8558,
	64.7882 66.8352,
	64.7159 66.7525,
	64.6642 66.6698,
	64.6332 66.5871,
	64.6125 66.5457,
	64.5298 66.494,
	64.4471 66.463,
	64.3644 66.401,
	64.2093 66.2356,
	64.2093 66.2149,
	"/>
</Transform>

<Transform dim="0"
 xcoef=" 0 1 0 0 0 0"
 ycoef=" 0 0 1 0 0 0">
<Contour name="TB2 NF_15_cw" hidden="false" closed="true" simplified="true" border="1 0.282 0.282" fill="0.835 0 0" mode="15"
 points="72.3298 66.9989,
	72.3518 66.955,
	72.3956 66.9111,
	72.5712 66.8563,
	72.6589 66.7905,
	72.7028 66.7466,
	72.7905 66.7137,
	72.8783 66.7137,
	72.9222 66.7137,
	73.0099 66.7576,
	73.1854 66.8014,
	73.3609 66.8124,
	73.7119 66.8782,
	73.7997 66.9002,
	73.8436 66.944,
	73.8765 67.0318,
	73.8874 67.0757,
	73.8545 67.2512,
	73.7887 67.4267,
	73.7558 67.5144,
	73.7229 67.5473,
	73.7339 67.5583,
	73.69 67.5912,
	73.6681 67.6131,
	73.5803 67.6351,
	73.4926 67.6351,
	73.4048 67.657,
	73.317 67.657,
	73.2293 67.6241,
	73.0538 67.5144,
	72.966 67.4596,
	72.8783 67.3828,
	72.8344 67.3389,
	72.8125 67.317,
	72.8015 67.2292,
	72.8015 67.1854,
	72.7796 67.1415,
	72.6918 67.0866,
	72.5163 67.0647,
	72.4944 67.0537,
	72.4505 67.0647,
	72.3627 67.0428,
	72.3408 67.0208,
	72.3408 67.0099,
	"/>
</Transform>

<Transform dim="0"
 xcoef=" 0 1 0 0 0 0"
 ycoef=" 0 0 1 0 0 0">
<Contour name="TB2 NF_15_cw" hidden="false" closed="true" simplified="true" border="1 0.282 0.282" fill="0.835 0 0" mode="15"
 points="73.9533 67.2512,
	74.052 67.0757,
	74.1288 66.9879,
	74.1726 66.955,
	74.3481 66.9221,
	74.4359 66.8892,
	74.4798 66.8892,
	74.6553 66.7685,
	74.743 66.7137,
	74.9185 66.7027,
	75.0063 66.7356,
	75.094 66.7905,
	75.1379 66.8343,
	75.2257 66.8782,
	75.3134 66.8782,
	75.3573 66.8453,
	75.3792 66.8453,
	75.456 66.7795,
	75.4999 66.7576,
	75.5876 66.7466,
	75.6315 66.7356,
	75.7193 66.6698,
	75.7851 66.5821,
	75.8619 66.5162,
	75.9057 66.4833,
	76.0812 66.4285,
	76.169 66.4285,
	76.3445 66.3956,
	76.52 66.3846,
	76.5639 66.3956,
	76.6078 66.4395,
	76.6516 66.5272,
	76.6516 66.615,
	76.6187 66.7027,
	76.509 66.8673,
	76.4323 66.944,
	76.2677 67.0428,
	76.0922 67.0866,
	75.7412 67.0976,
	75.6973 67.0976,
	75.6096 67.1305,
	75.456 67.306,
	75.4121 67.328,
	75.3244 67.317,
	75.1489 67.328,
	74.9734 67.2621,
	74.8856 67.2621,
	74.7979 67.328,
	74.6224 67.4047,
	74.5346 67.4376,
	74.4469 67.4486,
	74.3591 67.4376,
	74.1836 67.3609,
	74.0959 67.3718,
	74.0081 67.3609,
	73.9642 67.3389,
	73.9533 67.2621,
	"/>
</Transform>

<Transform dim="0"
 xcoef=" 0 1 0 0 0 0"
 ycoef=" 0 0 1 0 0 0">
<Contour name="TB2 NF_17_cw" hidden="false" closed="true" simplified="true" border="0.682 0 0" fill="1 0 0" mode="-15"
 points="64.5979 65.5476,
	64.6122 65.519,
	64.6193 65.4619,
	64.6622 65.3477,
	64.6836 65.2334,
	64.6836 65.1763,
	64.705 65.1192,
	64.705 65.1049,
	64.7193 65.0906,
	64.7407 65.0335,
	64.755 65.0049,
	64.8621 64.8978,
	64.8907 64.8693,
	64.9478 64.755,
	64.9621 64.6979,
	64.9764 64.6836,
	64.9764 64.6693,
	64.9978 64.6408,
	65.0478 64.5265,
	65.0835 64.4694,
	65.1334 64.4194,
	65.1906 64.3837,
	65.3048 64.3409,
	65.3619 64.3123,
	65.4762 64.3052,
	65.5333 64.298,
	65.5904 64.3052,
	65.619 64.3052,
	65.6761 64.3266,
	65.7047 64.3552,
	65.7261 64.4123,
	65.7404 64.5265,
	65.7404 64.6408,
	65.7404 64.6979,
	65.7261 64.755,
	65.6761 64.8693,
	65.6475 64.9264,
	65.6261 64.9549,
	65.5761 64.9835,
	65.469 65.062,
	65.3619 65.1549,
	65.3048 65.1977,
	65.2048 65.312,
	65.0977 65.4119,
	65.0406 65.4548,
	64.8121 65.5476,
	64.755 65.5761,
	64.7265 65.5833,
	64.6693 65.619,
	64.6408 65.6333,
	64.6122 65.6261,
	64.5979 65.6118,
	64.5979 65.5547,
	"/>
</Transform>

<Transform dim="0"
 xcoef=" 0 1 0 0 0 0"
 ycoef=" 0 0 1 0 0 0">
<Contour name="TB2 NF_17_cw" hidden="false" closed="true" simplified="true" border="0.682 0 0" fill="1 0 0" mode="-15"
 points="73.3733 52.0382,
	73.3876 51.924,
	73.4161 51.8097,
	73.4661 51.6955,
	73.6232 51.4813,
	73.6803 51.4598,
	73.7375 51.467,
	73.7874 51.5027,
	73.8017 51.5313,
	73.8089 51.6455,
	73.816 51.7026,
	73.7874 51.9311,
	73.7517 52.3881,
	73.7446 52.6166,
	73.7375 52.7308,
	73.7089 52.7879,
	73.6518 52.8308,
	73.6232 52.8451,
	73.5661 52.8522,
	73.509 52.8379,
	73.4518 52.8022,
	73.3876 52.688,
	73.3733 52.5737,
	73.3876 52.3452,
	73.3804 52.1168,
	73.3733 52.0596,
	73.3733 52.0454,
	"/>
</Transform>

<Transform dim="0"
 xcoef=" 0 1 0 0 0 0"
 ycoef=" 0 0 1 0 0 0">
<Image mag="0.00855" contrast="1" brightness="0" red="true" green="true" blue="true"
 src="..\TF21_robdata\Rob's_latest_seg_files_TF21_TB2\Aligned 633573.tif" />
<Contour name="domain1" hidden="false" closed="true" simplified="false" border="1 0 1" fill="1 0 1" mode="11"
 points="0 0,
	15991 0,
	15991 12171,
	0 12171,
	"/>
</Transform>

<Transform dim="0"
 xcoef=" 0 1 0 0 0 0"
 ycoef=" 0 0 1 0 0 0">
<Contour name="TB2 Nucleus_75" hidden="false" closed="true" simplified="true" border="1 0 0" fill="1 0 0" mode="9"
 points="71.8248 62.8739,
	71.8559 62.6257,
	71.8869 62.5016,
	72.011 62.2534,
	72.0575 62.1293,
	72.0886 62.0827,
	72.1816 62.3154,
	72.2902 62.0672,
	72.4919 61.8345,
	72.7401 61.6794,
	72.7711 61.6484,
	72.8022 61.6484,
	72.8642 61.5863,
	72.8952 61.5863,
	73.1434 61.4312,
	73.2055 61.4157,
	73.3296 61.3381,
	73.3917 61.3071,
	73.4227 61.2761,
	73.4847 61.2605,
	73.6088 61.183,
	73.6709 61.1364,
	73.795 61.0899,
	74.0432 60.8882,
	74.1052 60.8572,
	74.3379 60.6245,
	74.462 60.5314,
	74.7103 60.4228,
	74.9585 60.3763,
	75.0826 60.3763,
	75.1446 60.3608,
	75.1601 60.3143,
	75.0515 60.2057,
	74.8033 60.0971,
	74.5551 60.035,
	74.4931 59.9885,
	74.462 59.9885,
	74.431 59.9575,
	74.3069 59.9264,
	74.0587 59.8023,
	74.0122 59.6782,
	74.0277 59.5541,
	74.0897 59.43,
	74.2914 59.1818,
	74.4155 59.1042,
	74.6637 59.0732,
	74.7878 59.0267,
	74.8499 59.0112,
	74.9119 58.9491,
	74.9429 58.9491,
	75.036 58.8405,
	75.0981 58.7785,
	75.2377 58.5303,
	75.3773 58.0339,
	75.4083 57.7856,
	75.579 57.2892,
	75.6565 57.041,
	75.7031 56.979,
	75.7651 56.948,
	75.7962 56.9324,
	75.9203 56.979,
	76.0444 57.0876,
	76.0754 57.1341,
	76.1374 57.1496,
	76.2615 57.1031,
	76.3236 57.0721,
	76.3856 57.01,
	76.4167 56.9635,
	76.5253 56.8394,
	76.5718 56.8083,
	76.82 56.6067,
	76.851 56.6067,
	76.9751 56.5136,
	77.0372 56.467,
	77.1613 56.467,
	77.4095 56.6067,
	77.5181 56.6997,
	77.6267 56.8238,
	77.7818 57.0721,
	77.8128 57.1341,
	77.8128 57.1962,
	77.7663 57.3203,
	77.7663 57.4444,
	77.8749 57.6926,
	77.9059 57.7546,
	77.9059 57.7856,
	77.9835 57.9098,
	78.1851 58.4062,
	78.2317 58.6544,
	78.4023 59.1508,
	78.4178 59.399,
	78.3868 59.8954,
	78.3713 60.0195,
	78.3403 60.0816,
	78.3403 60.1126,
	78.3092 60.1436,
	78.2937 60.2057,
	78.2162 60.3298,
	78.1851 60.3608,
	78.1851 60.3918,
	78.1541 60.4228,
	78.1541 60.4539,
	78.1231 60.4849,
	77.7818 61.4777,
	77.5957 61.9741,
	77.5026 62.2223,
	77.456 62.7188,
	77.5026 63.2152,
	77.4871 63.3393,
	77.4095 63.4634,
	77.2854 63.5875,
	76.789 63.9133,
	76.6804 64.1615,
	76.2771 64.6424,
	76.1374 64.8906,
	75.8892 64.9836,
	75.7651 65.0457,
	75.7341 65.0457,
	75.61 65.1233,
	75.5635 65.1853,
	75.5014 65.2008,
	75.3928 65.0922,
	75.1446 65.0147,
	75.0826 64.9992,
	74.8344 65.0302,
	74.7103 65.0302,
	74.5861 64.9992,
	74.0897 64.9836,
	73.8415 64.9992,
	73.7174 65.0302,
	73.6554 65.0457,
	73.6243 65.0457,
	73.5002 65.1233,
	73.4382 65.1853,
	73.19 65.2163,
	73.0659 65.2319,
	72.8177 65.1853,
	72.6936 65.1233,
	72.4454 65.0612,
	72.2127 64.9061,
	72.1506 64.782,
	72.1196 64.751,
	72.0886 64.6268,
	72.0886 64.3786,
	71.8714 63.3858,
	71.8248 62.8894,
	"/>
</Transform>

<Transform dim="0"
 xcoef=" 0 1 0 0 0 0"
 ycoef=" 0 0 1 0 0 0">
<Contour name="TB2 Nucleus_92" hidden="false" closed="true" simplified="true" border="1 0 0" fill="1 0 1" mode="9"
 points="61.1158 48.4367,
	61.2243 47.7419,
	61.4197 47.0472,
	61.6151 46.6998,
	61.8539 46.3524,
	61.8973 46.2656,
	61.9842 46.1788,
	62.1362 45.8314,
	62.1579 45.7445,
	62.1145 45.6794,
	62.2664 44.9847,
	62.3316 44.6373,
	62.3967 44.4636,
	62.4184 44.2899,
	62.6138 43.9426,
	62.7658 43.5952,
	62.8526 43.4215,
	62.9829 43.2478,
	63.0263 43.161,
	63.0697 43.1175,
	63.1349 42.9439,
	63.2434 42.7702,
	63.5256 42.4445,
	63.8513 42.1623,
	64.1987 41.9452,
	64.3724 41.8583,
	64.4592 41.8366,
	64.5026 41.8366,
	64.5461 41.7932,
	64.7197 41.7281,
	65.3059 41.1636,
	65.3928 41.0984,
	66.0875 40.9899,
	66.2612 40.903,
	66.348 40.8813,
	66.5217 40.9465,
	66.8257 41.207,
	66.8474 41.5544,
	66.8474 41.7281,
	66.8474 41.8149,
	66.9342 41.9886,
	67.1079 42.1406,
	67.2165 42.3142,
	67.2382 42.4879,
	67.325 42.6616,
	67.3467 42.7485,
	67.4553 42.9221,
	67.4987 43.009,
	67.4336 43.3564,
	67.325 43.7037,
	67.325 43.7472,
	67.2816 43.7906,
	67.2599 43.8774,
	67.1948 43.9643,
	67.1079 44.3116,
	66.4783 44.9412,
	66.1961 45.2886,
	65.9573 45.636,
	65.7619 45.9834,
	65.6099 46.3307,
	65.5665 46.3742,
	65.3711 47.0689,
	65.2408 47.4163,
	65.1974 47.5031,
	65.1974 47.59,
	65.1105 47.7636,
	65.0454 47.8505,
	64.9151 48.1979,
	64.7632 48.8926,
	64.7415 49.5873,
	64.6329 49.9347,
	64.5026 50.1084,
	64.3289 50.2604,
	64.1987 50.4341,
	64.0684 50.5643,
	64.0033 50.6078,
	63.8513 50.7814,
	63.6776 50.89,
	63.3303 50.89,
	63.1566 50.89,
	63.0697 50.9334,
	62.896 50.9334,
	62.7224 50.9768,
	62.375 50.9551,
	62.223 50.8249,
	62.1145 50.6512,
	62.1145 50.6078,
	62.0059 50.4341,
	61.9625 50.3472,
	61.9191 50.3038,
	61.7671 49.9564,
	61.5717 49.6091,
	61.4848 49.4354,
	61.4197 49.3485,
	61.1375 48.6538,
	61.1158 48.4801,
	61.1158 48.4584,
	"/>
</Transform>

<Transform dim="0"
 xcoef=" 0 1 0 0 0 0"
 ycoef=" 0 0 1 0 0 0">
<Contour name="TB2 Nucleus_41" hidden="false" closed="true" simplified="true" border="1 0 0" fill="1 0 0" mode="9"
 points="65.5663 57.0683,
	65.6762 56.7753,
	65.7128 56.6288,
	65.9326 56.3358,
	66.4821 55.9328,
	67.0681 55.7497,
	67.3612 55.6764,
	67.9472 55.7863,
	68.0937 55.8596,
	68.3868 55.8962,
	68.5333 55.9328,
	68.8263 55.8962,
	68.9728 55.9328,
	69.2659 56.1892,
	69.4857 56.4457,
	69.6322 56.5189,
	70.2182 56.5555,
	70.5113 56.6654,
	70.6578 56.7387,
	70.7311 56.7387,
	71.2805 57.2149,
	71.3904 57.3614,
	71.4636 57.6544,
	71.4636 57.9474,
	71.5369 58.2405,
	71.6834 58.5335,
	71.7933 59.1196,
	71.6834 59.7057,
	71.5735 59.8522,
	71.2805 59.9254,
	71.0973 60.5115,
	71.0241 60.8045,
	71.0241 60.8778,
	70.7677 61.1708,
	70.4746 61.2075,
	69.3025 61.1342,
	69.1926 61.1708,
	68.9728 61.3906,
	68.8263 61.4639,
	68.2403 61.3906,
	67.9472 61.2075,
	67.6542 60.9144,
	67.3978 60.7313,
	67.1048 60.658,
	66.8484 60.4749,
	66.7751 60.1818,
	66.885 59.8888,
	66.9949 59.7789,
	67.0315 59.6324,
	67.0315 59.5591,
	66.8117 59.2661,
	66.5187 59.0097,
	66.2989 58.7167,
	65.7495 58.3504,
	65.6396 58.2039,
	65.5663 57.6178,
	65.5663 57.3248,
	65.5663 57.1782,
	65.5663 57.105,
	"/>
</Transform>

<Transform dim="0"
 xcoef=" 0 1 0 0 0 0"
 ycoef=" 0 0 1 0 0 0">
<Contour name="TB2 Nucleus_53" hidden="false" closed="true" simplified="true" border="1 0 0" fill="1 0 0" mode="9"
 points="65.4989 49.7909,
	65.6119 49.2744,
	65.6442 49.0162,
	65.6926 48.8871,
	65.6926 48.8225,
	65.7894 48.5643,
	65.8379 48.4352,
	65.9186 48.3061,
	65.9508 48.177,
	66.0638 47.9187,
	66.1284 47.6605,
	66.1606 47.5959,
	66.2091 47.3377,
	66.2898 47.0795,
	66.3382 46.9504,
	66.3543 46.8858,
	66.4027 46.8374,
	66.4189 46.8535,
	66.4834 46.7244,
	66.5803 46.5953,
	66.7094 46.4985,
	67.2258 46.3209,
	67.2904 46.3048,
	67.5486 46.1273,
	67.6777 46.0304,
	67.7423 45.9659,
	68.0005 45.7883,
	68.2588 45.6431,
	68.7752 45.4494,
	69.0335 45.3687,
	69.2917 45.2396,
	69.5499 45.0621,
	69.8081 44.9652,
	70.3246 44.9168,
	70.5828 44.9007,
	70.6474 44.9329,
	70.7281 45.0621,
	70.7604 45.3203,
	70.7604 45.3848,
	70.7926 45.4494,
	70.8572 45.4817,
	70.9702 45.6108,
	71.1154 45.869,
	71.3575 46.0788,
	71.4866 46.1757,
	71.5673 46.3048,
	71.5996 46.3693,
	71.4866 46.6276,
	71.3575 46.7083,
	71.2284 46.7244,
	71.0993 46.7083,
	70.9702 46.7244,
	70.9056 46.7567,
	70.954 46.8858,
	71.2123 47.0633,
	71.4705 47.2086,
	71.7287 47.4507,
	71.7771 47.4991,
	71.7933 47.6282,
	71.8094 47.6766,
	71.7287 47.8057,
	71.6803 47.9349,
	71.7126 48.064,
	71.7771 48.0963,
	71.9063 48.0801,
	72.0354 48.1124,
	72.1483 48.2254,
	72.1322 48.3545,
	72.1161 48.419,
	72.0192 48.532,
	71.761 48.7096,
	71.6964 48.758,
	71.6319 48.7741,
	71.5028 48.8871,
	71.4544 49.0162,
	71.4705 49.0808,
	71.7126 49.3228,
	71.9708 49.3551,
	72.0354 49.3551,
	72.0999 49.4035,
	72.1161 49.4681,
	72.0999 49.5972,
	71.987 49.7263,
	71.9547 49.7586,
	71.9385 49.8877,
	71.987 50.0168,
	72.0192 50.2751,
	72.0192 50.3396,
	71.9547 50.4687,
	71.8417 50.5817,
	71.5835 50.6786,
	71.5189 50.6947,
	71.4544 50.7431,
	71.4382 50.7754,
	71.5028 50.9045,
	71.7287 51.1627,
	71.7771 51.2273,
	71.7933 51.3564,
	71.7126 51.6146,
	71.4705 51.8567,
	71.2123 52.0343,
	71.0832 52.0988,
	70.954 52.1957,
	70.6958 52.2279,
	70.5667 52.2441,
	70.5021 52.2602,
	70.4376 52.2441,
	69.9211 52.4055,
	69.6629 52.4862,
	69.5983 52.5346,
	69.5661 52.5346,
	69.4531 52.6637,
	69.3724 52.7928,
	69.3724 52.8574,
	69.324 52.9219,
	69.1948 52.9219,
	68.9366 52.8089,
	68.6945 52.5507,
	68.4363 52.3409,
	68.3717 52.2925,
	68.3395 52.2602,
	68.2103 52.2441,
	68.1619 52.2602,
	68.291 52.2763,
	68.3072 52.3086,
	68.2749 52.3248,
	68.2103 52.2925,
	67.7262 52.47,
	67.71 52.4862,
	67.6939 52.4539,
	67.823 52.3732,
	67.3065 52.2925,
	67.0483 52.2763,
	66.9192 52.2441,
	66.661 52.2441,
	66.4027 52.1311,
	66.2736 52.0504,
	66.1445 51.9213,
	66.08 51.8567,
	65.9508 51.5985,
	65.854 51.082,
	65.6926 50.5656,
	65.5635 50.3073,
	65.5151 50.1782,
	65.4989 49.92,
	65.4989 49.807,
	"/>
<Contour name="TB2 Nucleus_53" hidden="false" closed="true" simplified="true" border="1 0 0" fill="1 0 0" mode="9"
 points="67.8714 52.4055,
	"/>
</Transform>

<Transform dim="0"
 xcoef=" 0 1 0 0 0 0"
 ycoef=" 0 0 1 0 0 0">
<Contour name="TB2 Nucleus_93" hidden="false" closed="true" simplified="true" border="1 0 0" fill="1 0 1" mode="9"
 points="71.3758 35.7166,
	71.4522 35.5637,
	71.4905 35.4108,
	71.4905 35.2579,
	71.5096 35.1815,
	71.6433 35.0286,
	71.7962 34.9139,
	72.0064 34.6464,
	72.1402 34.5317,
	72.446 34.4362,
	72.5988 34.3789,
	72.7517 34.2642,
	72.8855 34.1113,
	72.9619 33.9584,
	73.0575 33.6527,
	73.1148 33.4998,
	73.1721 33.4234,
	73.1721 33.3851,
	73.2486 33.3087,
	73.4015 33.2514,
	73.4779 33.2514,
	73.6117 33.4043,
	73.669 33.4807,
	73.7072 33.5189,
	73.7072 33.6718,
	73.7645 33.8247,
	73.8028 33.8629,
	73.8219 33.9393,
	73.8792 34.0158,
	73.8983 34.1687,
	73.8792 34.2451,
	73.9365 34.398,
	74.0321 34.5509,
	74.185 34.57,
	74.3378 34.5509,
	74.4907 34.57,
	74.5672 34.6082,
	74.7009 34.7611,
	74.72 34.9139,
	74.6627 35.0668,
	74.6054 35.1433,
	74.5098 35.2388,
	73.9556 35.793,
	73.6499 35.965,
	73.497 36.0223,
	73.4206 36.0223,
	73.3441 36.0605,
	73.2677 36.0605,
	72.6562 36.309,
	72.3504 36.4045,
	72.0446 36.3854,
	71.8918 36.3472,
	71.7389 36.3663,
	71.6624 36.3472,
	71.5096 36.2325,
	71.414 36.0797,
	71.3758 35.7739,
	71.3758 35.7357,
	"/>
</Transform>

<Transform dim="0"
 xcoef=" 0 1 0 0 0 0"
 ycoef=" 0 0 1 0 0 0">
<Contour name="TB2 NF_24" hidden="true" closed="true" simplified="true" border="1 0.501961 0.25098" fill="1 0.501961 0.25098" mode="-9"
 points="98.0782 14.0207,
	98.145 13.8424,
	98.2565 13.6641,
	98.3456 13.5972,
	98.524 13.5749,
	98.6131 13.5972,
	98.7469 13.7532,
	98.7915 13.9316,
	98.7692 14.2882,
	98.7023 14.4665,
	98.5685 14.6449,
	98.4794 14.6894,
	98.145 14.3774,
	98.0782 14.199,
	98.0782 14.043,
	"/>
</Transform>

<Transform dim="0"
 xcoef=" 0 1 0 0 0 0"
 ycoef=" 0 0 1 0 0 0">
<Contour name="TB2 NF_24_cw" hidden="false" closed="true" simplified="true" border="1 0.5 0" fill="1 0.682353 0.368627" mode="15"
 points="98.0237 14.2167,
	98.0392 14.155,
	98.1009 14.0315,
	98.1241 13.9698,
	98.1897 13.8463,
	98.1974 13.8424,
	98.2012 13.827,
	98.2244 13.7961,
	98.2514 13.7344,
	98.2707 13.7035,
	98.3286 13.6417,
	98.3903 13.5993,
	98.4212 13.58,
	98.4829 13.5607,
	98.5447 13.58,
	98.6064 13.6147,
	98.6373 13.6302,
	98.6527 13.6417,
	98.6605 13.6417,
	98.6913 13.6649,
	98.7222 13.6765,
	98.7376 13.6803,
	98.7647 13.7112,
	98.7994 13.7729,
	98.8264 13.8347,
	98.8457 13.8964,
	98.8804 13.9582,
	98.9306 14.0199,
	98.9576 14.0508,
	98.9692 14.0817,
	98.9692 14.1125,
	98.9576 14.1434,
	98.9267 14.1666,
	98.9152 14.182,
	98.9074 14.2129,
	98.8997 14.2283,
	98.8997 14.2438,
	98.892 14.2592,
	98.892 14.2746,
	98.8688 14.3055,
	98.8418 14.3287,
	98.8187 14.3865,
	98.7839 14.4483,
	98.6759 14.5679,
	98.645 14.5949,
	98.5833 14.6219,
	98.5524 14.6451,
	98.5215 14.676,
	98.5061 14.6914,
	98.4752 14.7068,
	98.4135 14.7146,
	98.398 14.7261,
	98.3672 14.7339,
	98.3595 14.7377,
	98.371 14.7454,
	98.3556 14.757,
	98.3479 14.757,
	98.317 14.7377,
	98.3016 14.73,
	98.2861 14.7146,
	98.2784 14.6837,
	98.2784 14.6682,
	98.263 14.6374,
	98.236 14.6181,
	98.2051 14.6065,
	98.1704 14.5448,
	98.1588 14.483,
	98.1395 14.456,
	98.1086 14.4406,
	98.0816 14.4135,
	98.07 14.3981,
	98.0623 14.3904,
	98.0623 14.3287,
	98.0584 14.2978,
	98.0314 14.236,
	98.0237 14.2206,
	"/>
</Transform>

<Transform dim="0"
 xcoef=" 0 1 0 0 0 0"
 ycoef=" 0 0 1 0 0 0">
<Contour name="TB2 NF_02_rsl" hidden="false" closed="true" simplified="true" border="0.502 1 1" fill="0.502 1 1" mode="-9"
 points="73.2293 44.9381,
	73.2721 44.9059,
	73.2935 44.8845,
	73.3792 44.8845,
	73.4221 44.8738,
	73.4649 44.8845,
	73.5506 44.9488,
	73.5828 44.9916,
	73.5828 45.0345,
	73.572 45.0559,
	73.5292 45.0666,
	73.5185 45.0881,
	73.3471 45.0881,
	73.2614 45.0666,
	73.2293 45.0238,
	73.2293 44.9488,
	"/>
</Transform>

<Transform dim="0"
 xcoef=" 0 1 0 0 0 0"
 ycoef=" 0 0 1 0 0 0">
<Contour name="TB2 NF_33-rsl" hidden="false" closed="true" simplified="true" border="0 1 0" fill="0 1 0" mode="-9"
 points="73.1664 46.8446,
	73.1887 46.7851,
	73.2408 46.7255,
	73.3004 46.7181,
	73.3599 46.7255,
	73.412 46.7479,
	73.4567 46.8074,
	73.4864 46.9265,
	73.4939 46.9861,
	73.479 47.0456,
	73.4641 47.0754,
	73.4046 47.0828,
	73.3822 47.1052,
	73.3227 47.1201,
	73.2631 47.1126,
	73.2259 47.0605,
	73.2036 47.0382,
	73.1887 46.9786,
	73.1738 46.9488,
	73.1664 46.8893,
	73.1664 46.8595,
	73.1664 46.8521,
	"/>
</Transform>

<Transform dim="0"
 xcoef=" 0 1 0 0 0 0"
 ycoef=" 0 0 1 0 0 0">
<Image mag="0.00855" contrast="1" brightness="0" red="true" green="true" blue="true"
 src="Aligned 633573.tif" />
<Contour name="a1" hidden="false" closed="true" simplified="false" border="1 0.5 0" fill="1 0.5 0" mode="11"
 points="0 0,
	15991 0,
	15991 12171,
	0 12171,
	"/>
</Transform>

<Transform dim="0"
 xcoef=" 0 1 0 0 0 0"
 ycoef=" 0 0 1 0 0 0">
<Contour name="TB2 NF_26_cw" hidden="false" closed="true" simplified="true" border="0.992 0.867 0.443" fill="0.992 0.867 0.443" mode="15"
 points="61.5086 11.96,
	61.5572 11.9235,
	61.6545 11.9053,
	61.8491 11.9235,
	61.9464 11.9053,
	61.995 11.8931,
	62.0437 11.9053,
	62.068 11.9174,
	62.1045 11.9661,
	62.1105 12.0147,
	62.1045 12.039,
	62.0984 12.0512,
	62.1045 12.0634,
	62.0072 12.1059,
	61.9585 12.1363,
	61.9099 12.1546,
	61.8856 12.1728,
	61.8369 12.1789,
	61.7396 12.1242,
	61.6424 12.0938,
	61.618 12.0816,
	61.5816 12.033,
	61.5329 12.0026,
	61.5086 11.9843,
	61.5086 11.9661,
	"/>
</Transform>

<Transform dim="0"
 xcoef=" 0 1 0 0 0 0"
 ycoef=" 0 0 1 0 0 0">
<Contour name="TB2 NF_26_cw" hidden="false" closed="true" simplified="true" border="0.992 0.867 0.443" fill="0.992 0.867 0.443" mode="15"
 points="57.7145 12.2883,
	57.751 12.2458,
	57.7753 12.2336,
	57.8239 12.2397,
	57.8483 12.2458,
	57.8969 12.2336,
	57.9455 12.2336,
	57.9942 12.2093,
	58.0367 12.1607,
	58.055 12.112,
	58.0915 12.0695,
	58.1036 12.0573,
	58.2009 12.0512,
	58.2496 12.033,
	58.2982 11.9904,
	58.3468 11.96,
	58.3955 11.9418,
	58.4198 11.9418,
	58.4441 11.9539,
	58.4928 11.9478,
	58.5597 11.8688,
	58.6569 11.7958,
	58.6691 11.7958,
	58.6813 11.7837,
	58.7299 11.7715,
	58.7542 11.7715,
	58.8454 11.8506,
	58.8941 11.8566,
	58.9184 11.8566,
	58.967 11.8323,
	59.0157 11.8384,
	59.04 11.8566,
	59.0886 11.8749,
	59.1373 11.8688,
	59.1799 11.8262,
	59.2042 11.8141,
	59.2285 11.8141,
	59.2528 11.8323,
	59.2954 11.9296,
	59.2954 12.0269,
	59.2832 12.1242,
	59.2954 12.1728,
	59.3136 12.1971,
	59.3258 12.2093,
	59.3319 12.2579,
	59.3258 12.3066,
	59.2954 12.3552,
	59.2771 12.3796,
	59.2285 12.3978,
	59.1799 12.4039,
	59.1312 12.4343,
	59.0826 12.4768,
	59.0582 12.4951,
	59.0096 12.5072,
	58.9853 12.5072,
	58.961 12.5255,
	58.9549 12.5498,
	58.9366 12.5741,
	58.9123 12.5863,
	58.9002 12.5924,
	58.8515 12.568,
	58.8272 12.5559,
	58.815 12.5437,
	58.7664 12.5316,
	58.7421 12.5376,
	58.6448 12.6045,
	58.5475 12.641,
	58.4502 12.6228,
	58.3529 12.641,
	58.3043 12.6228,
	58.2556 12.5802,
	58.2313 12.568,
	58.1827 12.568,
	58.1584 12.562,
	58.1097 12.568,
	58.0611 12.5559,
	58.0367 12.5437,
	57.9395 12.5376,
	57.8908 12.5255,
	57.8665 12.5194,
	57.8422 12.5012,
	57.83 12.4951,
	57.8239 12.5012,
	57.83 12.5072,
	57.8239 12.5133,
	57.7753 12.4768,
	57.7449 12.4282,
	57.751 12.3796,
	57.7449 12.3552,
	57.7145 12.3066,
	57.7145 12.2944,
	"/>
<Contour name="TB2 NF_26_cw" hidden="false" closed="true" simplified="true" border="0.992 0.867 0.443" fill="0.992 0.867 0.443" mode="15"
 points="54.5223 12.7565,
	54.5466 12.7322,
	54.5953 12.7018,
	54.6378 12.6532,
	54.6804 12.6228,
	54.7777 12.5376,
	54.8263 12.5072,
	54.8507 12.489,
	54.8628 12.489,
	54.954 12.4282,
	55.1486 12.3492,
	55.2459 12.3248,
	55.3432 12.2883,
	55.4404 12.264,
	55.5377 12.2519,
	55.635 12.2762,
	55.7323 12.2701,
	55.7809 12.2762,
	55.8296 12.2944,
	55.9269 12.3005,
	55.9512 12.3005,
	55.9998 12.2701,
	56.0485 12.264,
	56.0728 12.264,
	56.1701 12.3187,
	56.3647 12.3005,
	56.4619 12.3005,
	56.5592 12.3127,
	56.5836 12.3127,
	56.6322 12.3309,
	56.7295 12.3492,
	56.772 12.3735,
	56.7964 12.3978,
	56.8207 12.4464,
	56.8207 12.4951,
	56.7538 12.5924,
	56.6626 12.6775,
	56.5653 12.7261,
	56.1762 12.7809,
	55.9816 12.8113,
	55.933 12.8173,
	55.8357 12.8477,
	55.787 12.8538,
	55.5925 12.8113,
	55.3979 12.7809,
	55.3006 12.7991,
	55.2094 12.8295,
	55.1608 12.8173,
	55.1364 12.8234,
	55.1121 12.8477,
	55.0148 12.8538,
	54.9175 12.9025,
	54.8689 12.9085,
	54.8507 12.8842,
	54.8385 12.8721,
	54.8446 12.866,
	54.8203 12.8417,
	54.7959 12.8295,
	54.6986 12.8538,
	54.65 12.8599,
	54.6014 12.8417,
	54.577 12.8173,
	54.5284 12.7869,
	54.5223 12.7626,
	"/>
</Transform>

<Transform dim="0"
 xcoef=" 0 1 0 0 0 0"
 ycoef=" 0 0 1 0 0 0">
<Contour name="TB2 NF_26_cw" hidden="false" closed="true" simplified="true" border="0.992 0.867 0.443" fill="0.992 0.867 0.443" mode="15"
 points="57.1733 9.61908,
	57.1977 9.57044,
	57.2098 9.54612,
	57.2341 9.5218,
	57.2463 9.50356,
	57.2949 9.45491,
	57.3922 9.38803,
	57.4166 9.38195,
	57.4652 9.34547,
	57.5138 9.32723,
	57.526 9.31507,
	57.5746 9.29682,
	57.6233 9.26642,
	58.0124 9.11441,
	58.1097 9.08401,
	58.207 9.06577,
	58.2556 9.05361,
	58.28 9.05361,
	58.3286 9.03537,
	58.4259 9.01713,
	58.815 8.97457,
	59.0096 8.91984,
	59.0339 8.9016,
	59.0582 8.89552,
	59.2528 8.79216,
	59.3501 8.76784,
	59.3987 8.75568,
	59.496 8.74959,
	59.8852 8.68271,
	59.9825 8.67055,
	59.9946 8.66447,
	60.0433 8.67663,
	60.0615 8.70095,
	60.0554 8.74959,
	60.0433 8.77392,
	59.8548 8.93809,
	59.8304 8.96241,
	59.8061 8.97457,
	59.7088 9.05969,
	59.6663 9.09617,
	59.569 9.18738,
	59.4717 9.24818,
	59.4231 9.26642,
	59.2285 9.29682,
	59.1312 9.32115,
	59.0826 9.32723,
	58.9853 9.35763,
	58.9366 9.37587,
	58.8394 9.39411,
	58.6448 9.45491,
	58.5961 9.47923,
	58.4989 9.50356,
	58.4502 9.51572,
	58.4076 9.54612,
	58.359 9.58868,
	58.3104 9.60692,
	58.2131 9.62516,
	58.1158 9.66164,
	58.0185 9.65556,
	57.9699 9.66164,
	57.9212 9.70421,
	57.8969 9.71029,
	57.8483 9.69813,
	57.7996 9.70421,
	57.751 9.73461,
	57.3618 9.80757,
	57.3132 9.81365,
	57.2645 9.80757,
	57.1855 9.71029,
	57.1794 9.66164,
	57.1733 9.63732,
	57.1733 9.62516,
	"/>
</Transform>

<Transform dim="0"
 xcoef=" 0 1 0 0 0 0"
 ycoef=" 0 0 1 0 0 0">
<Contour name="TB2 NF_26_cw" hidden="false" closed="true" simplified="true" border="0.992 0.867 0.443" fill="0.992 0.867 0.443" mode="15"
 points="63.0469 7.49097,
	63.0591 7.47881,
	63.0652 7.45448,
	63.1321 7.3572,
	63.2233 7.28424,
	63.2476 7.25991,
	63.3449 7.20519,
	63.3692 7.18695,
	63.3814 7.18695,
	63.4786 7.12615,
	63.5273 7.0775,
	63.7219 6.9255,
	63.7705 6.89509,
	63.7948 6.88901,
	63.8435 6.85861,
	63.9408 6.77957,
	64.038 6.71876,
	64.0867 6.7066,
	64.184 6.71876,
	64.2326 6.71876,
	64.3299 6.69444,
	64.3785 6.68836,
	64.4758 6.70052,
	64.5245 6.7066,
	64.5731 6.72484,
	64.6217 6.75525,
	64.6278 6.80389,
	64.6217 6.85253,
	64.5305 6.93158,
	64.4333 6.99846,
	64.3846 7.02886,
	64.336 7.07142,
	64.2387 7.13223,
	64.19 7.15047,
	64.1414 7.18087,
	64.1292 7.18087,
	64.032 7.23559,
	63.9347 7.27816,
	63.7401 7.34504,
	63.351 7.50313,
	63.2537 7.52745,
	63.205 7.53353,
	63.1077 7.52137,
	63.0834 7.52137,
	63.0591 7.50921,
	63.053 7.52137,
	63.0469 7.49705,
	"/>
</Transform>

<Transform dim="0"
 xcoef=" 0 1 0 0 0 0"
 ycoef=" 0 0 1 0 0 0">
<Contour name="TB2 NF_26_cw" hidden="false" closed="true" simplified="true" border="0.992 0.867 0.443" fill="0.992 0.867 0.443" mode="15"
 points="64.6765 6.36003,
	64.7008 6.26274,
	64.7677 6.16545,
	64.8042 6.13505,
	64.8285 6.11073,
	64.871 6.08033,
	64.8832 6.06209,
	64.9318 6.02561,
	64.9562 6.01345,
	64.9987 5.97088,
	65.0899 5.91616,
	65.1386 5.88576,
	65.1629 5.86752,
	65.2602 5.83712,
	65.3088 5.83104,
	65.3331 5.83712,
	65.3818 5.82496,
	65.4791 5.83104,
	65.5764 5.84928,
	65.625 5.85536,
	65.6372 5.85536,
	65.6493 5.86752,
	65.8439 5.87968,
	65.9412 5.89184,
	65.9898 5.89184,
	66.0871 5.91616,
	66.2817 5.92832,
	66.4762 5.904,
	66.5735 5.88576,
	66.6708 5.87968,
	66.8654 5.89792,
	66.914 5.91616,
	66.9384 5.92832,
	66.9444 5.95264,
	66.9384 5.97696,
	66.914 6.00129,
	66.9019 6.02561,
	66.8532 6.06209,
	66.8107 6.11073,
	66.7559 6.20802,
	66.6769 6.3053,
	66.6283 6.34786,
	66.5796 6.37827,
	66.4823 6.41475,
	66.4337 6.43299,
	66.4094 6.44515,
	66.3972 6.44515,
	66.385 6.45731,
	66.1905 6.51203,
	66.1418 6.52419,
	66.0445 6.57284,
	65.9959 6.60324,
	65.9837 6.6154,
	65.7892 6.68836,
	65.5946 6.74917,
	65.546 6.75525,
	65.4487 6.78565,
	65.4 6.79781,
	65.3027 6.80389,
	65.2055 6.79781,
	65.1082 6.80389,
	65.096 6.80389,
	65.0474 6.77349,
	64.9501 6.76133,
	64.9014 6.75525,
	64.8771 6.74917,
	64.7798 6.67012,
	64.7312 6.62756,
	64.7008 6.57892,
	64.6826 6.53027,
	64.6765 6.43299,
	64.6765 6.38435,
	64.6765 6.36611,
	"/>
</Transform>

</Section>