<?xml version="1.0"?>
<!DOCTYPE Section SYSTEM "section.dtd">

<Section index="124" thickness="0.085" alignLocked="true">
<Transform dim="0"
 xcoef=" 0 1 0 0 0 0"
 ycoef=" 0 0 1 0 0 0">
<Image mag="0.00855" contrast="1" brightness="0" red="true" green="true" blue="true"
 src="Aligned 633124.tif" />
<Contour name="domain1" hidden="false" closed="true" simplified="false" border="1 0 1" fill="1 0 1" mode="11"
 points="0 0,
	15991 0,
	15991 12171,
	0 12171,
	"/>
</Transform>

<Transform dim="0"
 xcoef=" 0 1 0 0 0 0"
 ycoef=" 0 0 1 0 0 0">
<Contour name="TB2 NF_15" hidden="true" closed="true" simplified="false" border="1 1 0" fill="1 1 0" mode="-9"
 points="79.0339 3.45187,
	79.0938 3.39201,
	79.1736 3.37206,
	79.3332 3.41197,
	79.3931 3.49178,
	79.3731 3.57159,
	79.2135 3.59154,
	79.1337 3.57159,
	79.0539 3.49178,
	79.0539 3.47183,
	"/>
</Transform>

<Transform dim="0"
 xcoef=" 0 1 0 0 0 0"
 ycoef=" 0 0 1 0 0 0">
<Contour name="TB2 NF_15" hidden="true" closed="true" simplified="false" border="1 1 0" fill="1 1 0" mode="-9"
 points="78.6229 3.89578,
	78.6628 3.81607,
	78.7226 3.74632,
	78.8023 3.6965,
	78.882 3.67658,
	78.9218 3.66661,
	78.9418 3.67658,
	78.9816 3.66661,
	79.0613 3.67658,
	79.0813 3.66661,
	79.161 3.71643,
	79.2407 3.78618,
	79.3005 3.86588,
	79.3303 3.94559,
	79.3403 4.0253,
	79.3303 4.10501,
	79.2905 4.18472,
	79.2207 4.25447,
	79.141 4.29432,
	78.9816 4.29432,
	78.9418 4.28436,
	78.9019 4.25447,
	78.8621 4.2445,
	78.7126 4.12494,
	78.6727 4.08508,
	78.6329 4.09505,
	78.6229 3.93563,
	78.6229 3.90574,
	"/>
</Transform>

<Transform dim="0"
 xcoef=" 0 1 0 0 0 0"
 ycoef=" 0 0 1 0 0 0">
<Contour name="TB2 NF_15" hidden="true" closed="true" simplified="false" border="1 1 0" fill="1 1 0" mode="-9"
 points="78.6628 2.29163,
	78.7126 2.21192,
	78.7525 2.18203,
	78.8322 2.16211,
	78.9119 2.18203,
	78.9418 2.26174,
	78.9318 2.3016,
	78.8919 2.34145,
	78.8122 2.39127,
	78.7325 2.40123,
	78.6927 2.39127,
	78.6727 2.37134,
	78.6628 2.3016,
	"/>
</Transform>

<Transform dim="0"
 xcoef=" 0 1 0 0 0 0"
 ycoef=" 0 0 1 0 0 0">
<Contour name="TB2 NF_18" hidden="true" closed="true" simplified="true" border="0.501961 0.501961 1" fill="0.501961 0.501961 1" mode="-9"
 points="87.0302 7.06414,
	87.0656 6.92286,
	87.0832 6.85222,
	87.2775 6.56965,
	87.4188 6.44603,
	87.4894 6.37539,
	87.772 6.21645,
	87.9133 6.1458,
	88.0545 6.03984,
	88.1252 5.98686,
	88.3018 5.7043,
	88.4431 5.42173,
	88.4961 5.28045,
	88.5137 5.20981,
	88.708 4.96256,
	88.9552 4.69766,
	89.0965 4.55637,
	89.2025 4.43275,
	89.485 4.25615,
	89.6263 4.16784,
	89.9089 4.06188,
	90.474 3.72634,
	90.6153 3.65569,
	90.7566 3.63803,
	91.0391 3.69101,
	91.1098 3.744,
	91.1274 3.81464,
	91.1274 3.84996,
	91.0568 3.90294,
	90.9862 3.9206,
	90.8449 4.04422,
	90.5623 4.23849,
	90.421 4.30913,
	90.1385 4.39743,
	89.8559 4.45041,
	89.5733 4.57403,
	89.5027 4.60935,
	89.2731 4.89192,
	88.9022 5.45705,
	88.7433 5.73962,
	88.6373 6.02218,
	88.549 6.16347,
	88.4961 6.30475,
	88.4784 6.44603,
	88.4961 6.7286,
	88.4607 6.79924,
	88.3195 6.88754,
	88.2488 6.94052,
	88.1075 6.9935,
	87.825 7.17011,
	87.6837 7.29373,
	87.6484 7.34671,
	87.4011 7.61161,
	87.4011 7.64694,
	87.3305 7.69992,
	87.2598 7.6646,
	87.1715 7.52331,
	87.1185 7.45267,
	87.0302 7.17011,
	87.0302 7.09946,
	87.0302 7.0818,
	"/>
</Transform>

<Transform dim="0"
 xcoef=" 0 1 0 0 0 0"
 ycoef=" 0 0 1 0 0 0">
<Contour name="TB2 NF_18" hidden="true" closed="true" simplified="true" border="0.501961 0.501961 1" fill="0.501961 0.501961 1" mode="-9"
 points="87.2422 11.2143,
	87.3305 10.9318,
	87.4011 10.7905,
	87.4541 10.7198,
	87.5954 10.6315,
	87.666 10.5786,
	87.9486 10.5256,
	88.0899 10.5256,
	88.2312 10.6139,
	88.3548 10.7375,
	88.4431 10.8788,
	88.4961 11.0201,
	88.5314 11.3026,
	88.5137 11.4439,
	88.4431 11.5852,
	88.3724 11.6382,
	88.2312 11.6558,
	87.9486 11.6029,
	87.8073 11.5322,
	87.772 11.4969,
	87.6307 11.4792,
	87.3481 11.3556,
	87.2775 11.3026,
	87.2598 11.232,
	"/>
</Transform>

<Transform dim="0"
 xcoef=" 0 1 0 0 0 0"
 ycoef=" 0 0 1 0 0 0">
<Contour name="TB2 NF_18" hidden="true" closed="true" simplified="true" border="0.501961 0.501961 1" fill="0.501961 0.501961 1" mode="-9"
 points="91.6934 3.34559,
	91.7542 3.24826,
	91.9245 3.0901,
	92.1192 3.01711,
	92.1678 3.00494,
	92.3625 3.06577,
	92.4111 3.0901,
	92.472 3.18743,
	92.4476 3.28476,
	92.3625 3.36992,
	92.1678 3.44291,
	92.0705 3.44291,
	91.9732 3.47941,
	91.7907 3.50374,
	91.742 3.47941,
	91.7299 3.46724,
	91.7177 3.50374,
	91.6934 3.47941,
	91.6934 3.38208,
	91.6934 3.35775,
	"/>
</Transform>

<Transform dim="0"
 xcoef=" 0 1 0 0 0 0"
 ycoef=" 0 0 1 0 0 0">
<Contour name="TB2 NF_18" hidden="true" closed="true" simplified="true" border="0.501961 0.501961 1" fill="0.501961 0.501961 1" mode="-9"
 points="91.0486 3.21176,
	91.1337 3.13877,
	91.2311 3.0901,
	91.4257 3.05361,
	91.523 3.06577,
	91.5717 3.07794,
	91.669 3.15093,
	91.6934 3.17526,
	91.7055 3.22393,
	91.6812 3.32125,
	91.6325 3.41858,
	91.5352 3.50374,
	91.4379 3.5524,
	91.3406 3.56457,
	91.2432 3.5524,
	91.1581 3.49157,
	91.1337 3.44291,
	91.0851 3.40641,
	91.0486 3.30909,
	91.0486 3.22393,
	"/>
<Contour name="TB2 NF_18" hidden="true" closed="true" simplified="true" border="0.501961 0.501961 1" fill="0.501961 0.501961 1" mode="-9"
 points="95.6837 1.7762,
	95.7446 1.67888,
	95.8419 1.60588,
	95.9027 1.55722,
	96 1.53289,
	96.0974 1.48422,
	96.292 1.45989,
	96.4867 1.47206,
	96.584 1.48422,
	96.6327 1.49639,
	96.73 1.58155,
	96.7422 1.67888,
	96.6813 1.7762,
	96.4867 1.88569,
	96.292 1.93436,
	96.1947 1.95869,
	96 1.95869,
	95.9757 1.94652,
	95.9271 1.97085,
	95.9149 1.95869,
	95.8176 1.97085,
	95.7202 1.93436,
	95.6837 1.88569,
	95.6837 1.78837,
	"/>
</Transform>

<Transform dim="0"
 xcoef=" 0 1 0 0 0 0"
 ycoef=" 0 0 1 0 0 0">
<Contour name="TB2 NF_18" hidden="true" closed="true" simplified="true" border="0.501961 0.501961 1" fill="0.501961 0.501961 1" mode="-9"
 points="86.6752 8.35362,
	86.7157 8.27262,
	86.7866 8.20174,
	86.8676 8.16124,
	87.0296 8.17136,
	87.1916 8.21187,
	87.3536 8.28274,
	87.4245 8.35362,
	87.5156 8.51563,
	87.5055 8.59664,
	87.4548 8.67764,
	87.4245 8.71815,
	87.3435 8.75865,
	87.2625 8.8194,
	87.222 8.84978,
	87.0599 8.88015,
	86.9789 8.87003,
	86.9384 8.87003,
	86.8574 8.8194,
	86.7461 8.66752,
	86.7157 8.62701,
	86.6752 8.46501,
	86.6752 8.384,
	86.6752 8.36375,
	"/>
</Transform>

<Transform dim="0"
 xcoef=" 0 1 0 0 0 0"
 ycoef=" 0 0 1 0 0 0">
<Contour name="TB2 NF_18" hidden="true" closed="true" simplified="true" border="0.501961 0.501961 1" fill="0.501961 0.501961 1" mode="-9"
 points="86.0378 11.4607,
	86.0572 11.4509,
	86.067 11.4607,
	86.0475 11.4704,
	"/>
<Contour name="TB2 NF_18" hidden="true" closed="true" simplified="true" border="0.501961 0.501961 1" fill="0.501961 0.501961 1" mode="-9"
 points="85.9501 11.2854,
	85.9696 11.1296,
	86.0183 10.9738,
	86.1546 10.6622,
	86.213 10.5064,
	86.2325 10.4869,
	86.2325 10.4675,
	86.2909 10.3993,
	86.3299 10.3604,
	86.3688 10.3409,
	86.4078 10.3604,
	86.4467 10.3993,
	86.4954 10.5551,
	86.5149 10.633,
	86.4857 10.7888,
	86.4565 10.8667,
	86.4565 10.8862,
	86.437 10.9056,
	86.437 10.9251,
	86.4175 10.9446,
	86.3494 11.1004,
	86.3494 11.1199,
	86.1449 11.4315,
	86.1059 11.4607,
	86.067 11.4704,
	86.0378 11.4607,
	86.0378 11.4801,
	86.0183 11.4996,
	85.9793 11.4704,
	85.9501 11.3925,
	85.9501 11.3146,
	85.9501 11.2951,
	"/>
</Transform>

<Transform dim="0"
 xcoef=" 0 1 0 0 0 0"
 ycoef=" 0 0 1 0 0 0">
<Contour name="TB2 NF_15" hidden="true" closed="true" simplified="false" border="1 1 0" fill="1 1 0" mode="-9"
 points="78.0492 4.49796,
	78.1759 4.37126,
	78.3026 4.33958,
	78.4293 4.43461,
	78.461 4.56132,
	78.4293 4.68802,
	78.3026 4.75137,
	78.2392 4.75137,
	78.1442 4.65634,
	78.1125 4.68802,
	78.0492 4.56132,
	78.0492 4.52964,
	"/>
</Transform>

<Transform dim="0"
 xcoef=" 0 1 0 0 0 0"
 ycoef=" 0 0 1 0 0 0">
<Contour name="TB2 NF_17" hidden="true" closed="true" simplified="true" border="1 0.501961 0.501961" fill="1 0.501961 0.501961" mode="-9"
 points="87.022 13.2977,
	87.1256 13.0213,
	87.1601 12.9523,
	87.281 12.8314,
	87.3501 12.7623,
	87.4883 12.7105,
	87.6264 12.6932,
	87.7646 12.7105,
	87.8337 12.7105,
	88.3863 12.9005,
	88.6626 13.0732,
	88.7317 13.125,
	88.8008 13.1422,
	88.8353 13.1768,
	88.8698 13.1768,
	88.9389 13.2459,
	89.0771 13.3322,
	89.3361 13.5912,
	89.4397 13.7294,
	89.5606 14.0057,
	89.5779 14.1439,
	89.5952 14.213,
	89.5779 14.3511,
	89.5606 14.4202,
	89.4397 14.5411,
	89.1634 14.6102,
	88.6108 14.6274,
	88.5417 14.662,
	88.5072 14.662,
	88.3863 14.7483,
	88.2654 14.8692,
	88.1618 15.1455,
	88.11 15.4218,
	88.0927 15.6982,
	88.1791 16.2508,
	88.2136 16.3889,
	88.2481 16.458,
	88.2481 16.4926,
	88.2999 16.5616,
	88.2999 16.5962,
	88.3517 16.6653,
	88.3517 16.6998,
	88.3863 16.7343,
	88.559 17.287,
	88.6453 17.5633,
	88.749 18.1159,
	88.7835 18.185,
	88.818 18.4613,
	88.8526 18.5995,
	88.8526 19.1521,
	88.8526 19.4284,
	88.8008 19.7047,
	88.7835 19.8429,
	88.7662 19.912,
	88.7144 19.981,
	88.5763 19.9983,
	88.2999 19.8774,
	88.2309 19.8601,
	87.9718 19.6011,
	87.8682 19.4629,
	87.8337 19.4284,
	87.8164 19.3593,
	87.7818 19.3248,
	87.6782 19.0485,
	87.6264 18.9794,
	87.5746 18.8412,
	87.5746 18.8067,
	87.5228 18.7376,
	87.2292 17.6324,
	87.1774 17.0797,
	87.1774 16.5271,
	87.0911 15.4218,
	87.0393 14.3166,
	87.022 13.7639,
	87.022 13.4876,
	87.022 13.3495,
	87.022 13.3149,
	"/>
</Transform>

<Transform dim="0"
 xcoef=" 0 1 0 0 0 0"
 ycoef=" 0 0 1 0 0 0">
<Contour name="TB2 NF_15" hidden="true" closed="true" simplified="false" border="1 1 0" fill="1 1 0" mode="-9"
 points="78.0337 4.94533,
	78.1006 4.8785,
	78.1451 4.85622,
	78.1228 4.83395,
	78.301 4.72257,
	78.3902 4.67801,
	78.7466 4.65574,
	78.8357 4.65574,
	79.0139 4.74484,
	79.1921 4.8785,
	79.2589 4.92305,
	79.3926 5.10126,
	79.4371 5.19037,
	79.4371 5.23492,
	79.348 5.27947,
	78.9916 5.2572,
	78.6352 5.19037,
	78.2788 5.07899,
	78.1006 5.03443,
	78.0337 4.96761,
	"/>
</Transform>

<Transform dim="0"
 xcoef=" 0 1 0 0 0 0"
 ycoef=" 0 0 1 0 0 0">
<Contour name="TB2 NF_24" hidden="true" closed="true" simplified="true" border="1 0.501961 0.25098" fill="1 0.501961 0.25098" mode="-9"
 points="83.4448 69.709,
	83.4923 69.6456,
	83.5557 69.6139,
	83.6825 69.6298,
	83.8092 69.709,
	83.8884 69.8357,
	83.9043 69.9625,
	83.9043 70.0258,
	83.8092 70.1526,
	83.6825 70.1684,
	83.6191 70.1684,
	83.4923 70.0892,
	83.4448 69.8357,
	83.4448 69.7248,
	"/>
</Transform>

<Transform dim="0"
 xcoef=" 0 1 0 0 0 0"
 ycoef=" 0 0 1 0 0 0">
<Contour name="TB2 NF_17" hidden="true" closed="true" simplified="true" border="1 0.501961 0.501961" fill="1 0.501961 0.501961" mode="-9"
 points="79.8569 4.91955,
	79.9141 4.76701,
	80.0095 4.61446,
	80.0667 4.53819,
	80.2192 4.46192,
	80.3717 4.44285,
	80.5243 4.46192,
	80.6006 4.51912,
	80.6387 4.55726,
	80.6578 4.7098,
	80.6578 4.78608,
	80.6006 4.93862,
	80.5052 5.09116,
	80.3527 5.24371,
	80.2001 5.33905,
	80.0476 5.39625,
	79.9713 5.37718,
	79.9904 5.33905,
	79.9141 5.26278,
	79.8569 4.95769,
	79.8569 4.93862,
	"/>
</Transform>

<Transform dim="0"
 xcoef=" 0 1 0 0 0 0"
 ycoef=" 0 0 1 0 0 0">
<Contour name="TB2 NF_17" hidden="true" closed="true" simplified="true" border="1 0.501961 0.501961" fill="1 0.501961 0.501961" mode="-9"
 points="86.2638 20.4219,
	86.3019 20.3456,
	86.3782 20.2884,
	86.5307 20.2502,
	86.607 20.2693,
	86.7214 20.4219,
	86.7786 20.5744,
	86.7595 20.6507,
	86.7405 20.6697,
	86.7214 20.6507,
	86.8167 20.9558,
	86.8167 21.032,
	86.7786 21.1083,
	86.7023 21.1274,
	86.6261 21.1083,
	86.5879 21.1083,
	86.4735 20.9748,
	86.4163 20.8986,
	86.4163 20.8604,
	86.321 20.7079,
	86.2828 20.5553,
	86.2638 20.4791,
	86.2638 20.4409,
	"/>
<Contour name="TB2 NF_17" hidden="true" closed="true" simplified="true" border="1 0.501961 0.501961" fill="1 0.501961 0.501961" mode="-9"
 points="87.16 20.9939,
	87.179 20.9176,
	87.2553 20.8414,
	87.3316 20.8032,
	87.4078 20.8223,
	87.5413 20.9558,
	87.5795 21.1083,
	87.5795 21.4134,
	87.5604 21.4897,
	87.5032 21.5659,
	87.4269 21.6041,
	87.3506 21.585,
	87.2744 21.5278,
	87.1981 21.3753,
	87.16 21.0702,
	87.16 21.013,
	"/>
</Transform>

<Transform dim="0"
 xcoef=" 0 1 0 0 0 0"
 ycoef=" 0 0 1 0 0 0">
<Contour name="TB2 NF_28-FR" hidden="false" closed="true" simplified="true" border="1 0.501961 0.501961" fill="1 0.501961 0.501961" mode="-9"
 points="102.915 4.99125,
	102.943 4.93533,
	102.943 4.82348,
	102.929 4.76756,
	102.971 4.71163,
	103.083 4.65571,
	103.111 4.59978,
	103.125 4.57182,
	103.572 4.41803,
	103.628 4.40405,
	103.74 4.47395,
	103.768 4.52988,
	103.726 4.75358,
	103.726 4.86542,
	103.712 4.92135,
	103.614 5.0332,
	103.39 5.20097,
	103.278 5.24291,
	103.167 5.22893,
	103.083 5.11708,
	102.971 5.06116,
	102.915 5.01922,
	102.915 5.00524,
	"/>
<Contour name="TB2 NF_28-FR" hidden="false" closed="true" simplified="true" border="1 0.501961 0.501961" fill="1 0.501961 0.501961" mode="-9"
 points="102.803 5.87206,
	102.831 5.81614,
	102.943 5.80216,
	102.999 5.81614,
	103.097 5.90003,
	103.139 5.95595,
	103.153 6.01188,
	103.167 6.02586,
	103.153 6.13771,
	103.125 6.19363,
	103.069 6.24955,
	103.013 6.27752,
	102.957 6.26354,
	102.929 6.24955,
	102.901 6.13771,
	102.845 6.08178,
	102.817 6.0678,
	102.817 5.95595,
	102.803 5.90003,
	102.803 5.88605,
	"/>
</Transform>

<Transform dim="0"
 xcoef=" 0 1 0 0 0 0"
 ycoef=" 0 0 1 0 0 0">
<Contour name="TB2 NF_28-FR" hidden="false" closed="true" simplified="true" border="1 0.501961 0.501961" fill="1 0.501961 0.501961" mode="-9"
 points="102.621 7.35406,
	102.691 7.25619,
	102.803 7.29814,
	102.901 7.40999,
	103.041 7.63368,
	103.111 7.74553,
	103.125 7.85738,
	103.111 7.96923,
	103.055 8.02515,
	102.999 8.03914,
	102.943 8.02515,
	102.845 7.92729,
	102.817 7.81544,
	102.705 7.59174,
	102.649 7.52183,
	102.621 7.40999,
	102.621 7.36804,
	"/>
</Transform>

<Transform dim="0"
 xcoef=" 0 1 0 0 0 0"
 ycoef=" 0 0 1 0 0 0">
<Contour name="TB2 NF_24_cw" hidden="false" closed="true" simplified="true" border="1 0.5 0" fill="1 0.682353 0.368627" mode="15"
 points="83.404 69.9859,
	83.4099 69.98,
	83.4157 69.9859,
	83.4274 69.8925,
	83.4216 69.8691,
	83.4274 69.8458,
	83.4157 69.7991,
	83.4157 69.7524,
	83.4332 69.729,
	83.4332 69.7174,
	83.5033 69.6298,
	83.55 69.6006,
	83.5733 69.589,
	83.62 69.5948,
	83.6667 69.6123,
	83.7134 69.6182,
	83.7601 69.6415,
	83.8068 69.6824,
	83.8301 69.729,
	83.8476 69.8224,
	83.8476 69.8691,
	83.8535 69.8925,
	83.8359 69.9859,
	83.8068 70.0325,
	83.7834 70.0559,
	83.69 70.0851,
	83.6433 70.1026,
	83.5966 70.1026,
	83.5033 70.0676,
	83.4157 70.0092,
	83.404 69.9917,
	"/>
</Transform>

<Transform dim="0"
 xcoef=" 0 1 0 0 0 0"
 ycoef=" 0 0 1 0 0 0">
<Contour name="TB2 NF_19_cw" hidden="false" closed="true" simplified="true" border="1 1 0" fill="1 0.502 0" mode="15"
 points="86.0146 2.05732,
	86.036 1.94302,
	86.1074 1.82873,
	86.1646 1.71443,
	86.1646 1.70015,
	86.2289 1.58585,
	86.2646 1.5287,
	86.2789 1.50013,
	86.3075 1.4787,
	86.336 1.47156,
	86.4503 1.4787,
	86.4646 1.47156,
	86.5218 1.49299,
	86.5503 1.50013,
	86.6075 1.55013,
	86.7718 1.77873,
	86.8218 1.89302,
	86.8432 2.00732,
	86.8504 2.12161,
	86.8289 2.3502,
	86.8218 2.40735,
	86.8004 2.4645,
	86.8004 2.47879,
	86.7432 2.53593,
	86.7146 2.55736,
	86.6575 2.57165,
	86.6003 2.57165,
	86.486 2.54308,
	86.3717 2.50022,
	86.3146 2.47164,
	86.2574 2.42164,
	86.2003 2.38592,
	86.1717 2.37163,
	86.0646 2.26448,
	86.0289 2.20733,
	86.0146 2.15019,
	86.0146 2.09304,
	86.0146 2.06446,
	"/>
</Transform>

<Transform dim="0"
 xcoef=" 0 1 0 0 0 0"
 ycoef=" 0 0 1 0 0 0">
<Contour name="TB2 NF_01_cw" hidden="false" closed="true" simplified="true" border="0.501961 0 0.501961" fill="0.909804 0 0.909804" mode="15"
 points="87.7229 1.64951,
	87.7711 1.57234,
	87.8097 1.53375,
	87.8869 1.52411,
	87.9255 1.53375,
	88.0026 1.50481,
	88.0412 1.51446,
	88.0894 1.58198,
	88.0412 1.73632,
	87.9737 1.81349,
	87.8965 1.85208,
	87.8772 1.86172,
	87.8386 1.84243,
	87.8001 1.85208,
	87.7711 1.81349,
	87.7229 1.65915,
	"/>
</Transform>

<Transform dim="0"
 xcoef=" 0 1 0 0 0 0"
 ycoef=" 0 0 1 0 0 0">
<Contour name="TB2 NF_09_cw" hidden="false" closed="true" simplified="true" border="0.768627 0 0.384314" fill="0.501961 0 0.25098" mode="15"
 points="87.601 1.44807,
	87.6242 1.37357,
	87.6568 1.34097,
	87.6941 1.31769,
	87.6987 1.327,
	87.736 1.31769,
	87.7732 1.31769,
	87.7825 1.31769,
	87.8524 1.38288,
	87.871 1.42013,
	87.8803 1.45738,
	87.8757 1.49463,
	87.8431 1.52722,
	87.8058 1.5505,
	87.7872 1.56447,
	87.7779 1.56447,
	87.7406 1.59241,
	87.7034 1.59706,
	87.6848 1.59706,
	87.6475 1.57378,
	87.6149 1.54119,
	87.601 1.50394,
	87.601 1.46669,
	87.601 1.45272,
	"/>
</Transform>

<Transform dim="0"
 xcoef=" 0 1 0 0 0 0"
 ycoef=" 0 0 1 0 0 0">
<Contour name="TB2 NF_12_cw" hidden="false" closed="true" simplified="true" border="1 0.756863 1" fill="0.25098 0 0.25098" mode="15"
 points="89.8359 1.53208,
	89.8768 1.46654,
	89.9997 1.36003,
	90.0653 1.30268,
	90.1964 1.22075,
	90.2291 1.19617,
	90.2947 1.17979,
	90.3602 1.19617,
	90.4913 1.17979,
	90.5241 1.20437,
	90.5323 1.23714,
	90.5159 1.26991,
	90.4831 1.30268,
	90.4667 1.33545,
	90.4012 1.401,
	90.2701 1.47473,
	90.2046 1.5157,
	90.0735 1.57305,
	90.0079 1.61401,
	89.9424 1.6304,
	89.8768 1.62221,
	89.8359 1.55666,
	89.8359 1.54028,
	"/>
</Transform>

<Transform dim="0"
 xcoef=" 0 1 0 0 0 0"
 ycoef=" 0 0 1 0 0 0">
<Contour name="TB2 NF_02_cw" hidden="false" closed="true" simplified="true" border="1 0 0" fill="1 0 0" mode="15"
 points="101.679 5.5974,
	101.687 5.56462,
	101.909 5.31056,
	101.958 5.2532,
	102.089 5.14666,
	102.122 5.12207,
	102.187 5.10568,
	102.22 5.08109,
	102.286 5.0729,
	102.302 5.0729,
	102.327 5.10568,
	102.335 5.17124,
	102.31 5.2368,
	102.261 5.29417,
	102.228 5.35973,
	102.204 5.39252,
	102.179 5.45808,
	102.171 5.52364,
	102.196 5.5892,
	102.237 5.65477,
	102.261 5.72033,
	102.269 5.85145,
	102.261 5.91702,
	102.204 6.04814,
	102.204 6.06453,
	102.114 6.18746,
	102.048 6.24483,
	101.982 6.26122,
	101.917 6.25302,
	101.868 6.19566,
	101.851 6.16287,
	101.851 6.14648,
	101.835 6.13009,
	101.835 6.1137,
	101.794 6.04814,
	101.778 6.03175,
	101.745 5.90062,
	101.737 5.7695,
	101.72 5.70394,
	101.687 5.63837,
	101.687 5.60559,
	"/>
</Transform>

<Transform dim="0"
 xcoef=" 0 1 0 0 0 0"
 ycoef=" 0 0 1 0 0 0">
<Contour name="TB2 NF_16_cw" hidden="false" closed="true" simplified="true" border="0.651 0.094 0" fill="0.831 0 0" mode="15"
 points="79.4864 3.72537,
	79.5692 3.64258,
	79.6638 3.61893,
	79.7111 3.63076,
	79.7347 3.63076,
	79.8294 3.71354,
	79.8648 3.79633,
	79.782 3.98555,
	79.7466 4.03286,
	79.6993 4.04469,
	79.6756 4.05651,
	79.6283 4.03286,
	79.581 3.98555,
	79.581 3.9619,
	79.5573 3.93825,
	79.5455 3.89094,
	79.5219 3.86729,
	79.4982 3.77268,
	79.4864 3.7372,
	"/>
</Transform>

<Transform dim="0"
 xcoef=" 0 1 0 0 0 0"
 ycoef=" 0 0 1 0 0 0">
<Contour name="TB2 NF_06_cw" hidden="false" closed="true" simplified="true" border="1 1 0" fill="0.906 0.886 0.255" mode="15"
 points="77.9854 4.88406,
	78.0182 4.80899,
	78.037 4.79022,
	78.0464 4.77146,
	78.1168 4.70108,
	78.1543 4.66824,
	78.1918 4.64478,
	78.2106 4.64009,
	78.2247 4.65886,
	78.2294 4.73392,
	78.2435 4.748,
	78.2622 4.74331,
	78.2716 4.73862,
	78.281 4.75269,
	78.2998 4.74331,
	78.3607 4.66824,
	78.3842 4.63071,
	78.3983 4.59317,
	78.464 4.51811,
	78.478 4.49934,
	78.478 4.48996,
	78.4968 4.47119,
	78.5156 4.4665,
	78.5531 4.48057,
	78.6282 4.53218,
	78.6657 4.53687,
	78.6845 4.53687,
	78.6939 4.53218,
	78.7314 4.54156,
	78.7502 4.54626,
	78.783 4.5791,
	78.8581 4.58848,
	78.8956 4.60256,
	78.9144 4.60725,
	78.9519 4.6354,
	79.0223 4.71046,
	79.041 4.71985,
	79.0598 4.73862,
	79.0973 4.74331,
	79.1349 4.73862,
	79.2099 4.79961,
	79.2193 4.81837,
	79.2193 4.83714,
	79.2287 4.85122,
	79.2475 4.8606,
	79.2569 4.86998,
	79.2756 4.86998,
	79.2944 4.87937,
	79.3225 4.9169,
	79.346 4.99197,
	79.3554 5.01073,
	79.3648 5.02012,
	79.3695 5.05765,
	79.3741 5.07642,
	79.3648 5.11395,
	79.3601 5.13272,
	79.3038 5.20309,
	79.2756 5.23594,
	79.2381 5.25939,
	79.163 5.28285,
	79.088 5.27816,
	79.0692 5.27816,
	78.9941 5.24532,
	78.9566 5.24063,
	78.9378 5.23594,
	78.9003 5.25001,
	78.8628 5.25001,
	78.7877 5.23124,
	78.7502 5.22655,
	78.7126 5.20778,
	78.6939 5.19371,
	78.6188 5.17963,
	78.5813 5.16556,
	78.5437 5.1421,
	78.3936 5.07173,
	78.3748 5.06234,
	78.3654 5.06234,
	78.3561 5.05296,
	78.281 5.0295,
	78.2435 5.02012,
	78.2106 4.98258,
	78.1731 4.98258,
	78.1543 4.99197,
	78.1168 4.97789,
	78.098 4.96851,
	78.0605 4.97789,
	78.0229 4.9732,
	77.9901 4.94036,
	77.9854 4.90282,
	77.9854 4.88875,
	"/>
</Transform>

<Transform dim="0"
 xcoef=" 0 1 0 0 0 0"
 ycoef=" 0 0 1 0 0 0">
<Contour name="TB2 NF_07_cw" hidden="false" closed="true" simplified="true" border="1 0.502 0.251" fill="0.925 0.302 0" mode="15"
 points="78.193 3.67076,
	78.212 3.61987,
	78.2947 3.51808,
	78.3456 3.48627,
	78.3711 3.47355,
	78.422 3.47355,
	78.4474 3.47355,
	78.5492 3.54353,
	78.5747 3.56897,
	78.5747 3.61987,
	78.5556 3.67076,
	78.5429 3.69621,
	78.4983 3.7471,
	78.4856 3.77255,
	78.4347 3.82345,
	78.3838 3.84253,
	78.3329 3.82981,
	78.282 3.798,
	78.2375 3.75347,
	78.2057 3.70257,
	78.193 3.67712,
	"/>
</Transform>

<Transform dim="0"
 xcoef=" 0 1 0 0 0 0"
 ycoef=" 0 0 1 0 0 0">
<Contour name="TB2 NF_07_cw" hidden="false" closed="true" simplified="true" border="1 0.502 0.251" fill="0.925 0.302 0" mode="15"
 points="79.8597 2.45566,
	79.8725 2.40476,
	79.917 2.35387,
	79.9425 2.32842,
	80.0442 2.32206,
	80.0951 2.32842,
	80.146 2.36023,
	80.1969 2.40476,
	80.2415 2.50655,
	80.2415 2.55745,
	80.2287 2.58289,
	80.1778 2.6147,
	80.1715 2.60198,
	80.146 2.60834,
	80.0442 2.58289,
	79.9425 2.57017,
	79.8916 2.56381,
	79.8661 2.54472,
	79.8597 2.49383,
	79.8597 2.46838,
	79.8597 2.46202,
	"/>
</Transform>

<Transform dim="0"
 xcoef=" 0 1 0 0 0 0"
 ycoef=" 0 0 1 0 0 0">
<Contour name="TB2 NF_08_cw" hidden="false" closed="true" simplified="true" border="0.996 0.647 0.263" fill="0.996 0.647 0.263" mode="15"
 points="87.0682 7.12086,
	87.0914 7.07447,
	87.0798 6.98169,
	87.0856 6.9353,
	87.0856 6.91211,
	87.1262 6.81933,
	87.1436 6.77294,
	87.1436 6.68016,
	87.1436 6.65696,
	87.1958 6.56418,
	87.2248 6.51779,
	87.2596 6.483,
	87.3524 6.40762,
	87.3988 6.38442,
	87.422 6.37283,
	87.4336 6.36123,
	87.4451 6.36123,
	87.4915 6.33223,
	87.5147 6.32644,
	87.5379 6.30904,
	87.5611 6.30324,
	87.6075 6.27425,
	87.6191 6.27425,
	87.6423 6.25685,
	87.6539 6.25685,
	87.6771 6.23945,
	87.7235 6.22206,
	87.909 6.12348,
	88.0018 6.06549,
	88.0946 5.98431,
	88.17 5.89733,
	88.199 5.85094,
	88.2106 5.83934,
	88.2106 5.82774,
	88.2222 5.81615,
	88.2222 5.80455,
	88.2744 5.71177,
	88.3498 5.52621,
	88.3787 5.47982,
	88.3961 5.45662,
	88.4889 5.41603,
	88.5353 5.37544,
	88.5643 5.32905,
	88.5701 5.28266,
	88.5759 5.27106,
	88.5469 5.0855,
	88.5585 5.03911,
	88.5701 5.01592,
	88.5701 5.00432,
	88.6049 4.96373,
	88.6223 4.94053,
	88.6687 4.91734,
	88.7151 4.92314,
	88.7615 4.95213,
	88.8021 4.91154,
	88.8195 4.81876,
	88.8195 4.72598,
	88.8195 4.67959,
	88.831 4.6564,
	88.8774 4.6158,
	89.063 4.48243,
	89.237 4.35486,
	89.3297 4.31427,
	89.3761 4.29687,
	89.4225 4.26788,
	89.4689 4.22149,
	89.5501 4.14611,
	89.5907 4.09972,
	89.6371 4.08812,
	89.7299 4.11711,
	89.7531 4.12291,
	89.8458 4.09972,
	90.0314 3.97214,
	90.0778 3.93735,
	90.101 3.92575,
	90.1474 3.87936,
	90.1648 3.86197,
	90.188 3.85617,
	90.2749 3.77499,
	90.3503 3.68221,
	90.3851 3.63582,
	90.4315 3.58943,
	90.4779 3.56043,
	90.5243 3.54304,
	90.5475 3.53144,
	90.6403 3.53724,
	90.6866 3.54883,
	90.7794 3.55463,
	90.8722 3.59522,
	91.0578 3.65901,
	91.1042 3.68221,
	91.1505 3.717,
	91.1679 3.74019,
	91.1737 3.78658,
	91.1679 3.83297,
	91.1621 3.85617,
	91.0868 3.94315,
	90.994 4.03013,
	90.9476 4.06492,
	90.8548 4.11711,
	90.8084 4.14611,
	90.7156 4.22149,
	90.6229 4.27368,
	90.5301 4.29687,
	90.5069 4.29107,
	90.3213 4.32007,
	90.2981 4.32587,
	90.2865 4.33746,
	90.1938 4.34326,
	90.1474 4.32587,
	90.101 4.33167,
	90.0546 4.35486,
	90.014 4.38965,
	89.9676 4.38965,
	89.9444 4.38385,
	89.927 4.36066,
	89.9038 4.34906,
	89.8806 4.34906,
	89.8342 4.36646,
	89.811 4.37806,
	89.7183 4.36646,
	89.7009 4.36066,
	89.6545 4.37806,
	89.6081 4.40705,
	89.5849 4.41865,
	89.5791 4.44184,
	89.5849 4.48823,
	89.5849 4.49983,
	89.5327 4.59261,
	89.5211 4.6158,
	89.5211 4.6274,
	89.5095 4.639,
	89.5037 4.66219,
	89.4689 4.70279,
	89.3819 4.77817,
	89.3413 4.81296,
	89.3123 4.85355,
	89.2254 4.94053,
	89.208 4.98692,
	89.2138 5.03331,
	89.179 5.07391,
	89.1326 5.0913,
	89.1094 5.0971,
	89.0804 5.13769,
	89.0514 5.23047,
	89.0108 5.27106,
	88.9644 5.28846,
	88.9412 5.28266,
	88.918 5.26526,
	88.8948 5.27106,
	88.8484 5.31745,
	88.831 5.34065,
	88.8253 5.36384,
	88.7847 5.41023,
	88.7499 5.50301,
	88.7325 5.5494,
	88.7267 5.73496,
	88.7151 5.82774,
	88.7093 5.87413,
	88.6745 5.96691,
	88.5527 6.15247,
	88.5063 6.19886,
	88.4599 6.21626,
	88.4367 6.21046,
	88.4251 6.21046,
	88.3614 6.30324,
	88.3498 6.31484,
	88.3961 6.34383,
	88.4425 6.36123,
	88.4947 6.45401,
	88.5121 6.54679,
	88.5179 6.63957,
	88.5179 6.68596,
	88.5063 6.73235,
	88.4831 6.77874,
	88.4715 6.80193,
	88.4483 6.81933,
	88.4019 6.82513,
	88.3556 6.81933,
	88.3092 6.83093,
	88.2164 6.87152,
	88.1294 6.9469,
	88.0366 6.9759,
	87.9902 6.99329,
	87.967 7.01069,
	87.938 7.05708,
	87.8453 7.09187,
	87.8163 7.13826,
	87.7989 7.18465,
	87.7989 7.23104,
	87.7815 7.27743,
	87.7409 7.31802,
	87.6539 7.37021,
	87.6249 7.4166,
	87.6075 7.46299,
	87.5669 7.50938,
	87.4741 7.57317,
	87.4278 7.60216,
	87.3814 7.64855,
	87.3698 7.66595,
	87.3466 7.68914,
	87.3002 7.70654,
	87.277 7.70654,
	87.2364 7.66595,
	87.219 7.61956,
	87.2074 7.52678,
	87.2016 7.48039,
	87.1378 7.29483,
	87.1204 7.27163,
	87.1146 7.24844,
	87.0856 7.20205,
	87.0682 7.15566,
	87.0682 7.13246,
	87.0682 7.12666,
	"/>
</Transform>

<Transform dim="0"
 xcoef=" 0 1 0 0 0 0"
 ycoef=" 0 0 1 0 0 0">
<Contour name="TB2 NF_22_cw" hidden="false" closed="true" simplified="true" border="0.941 0.894 0.059" fill="0.91 0.847 0.09" mode="15"
 points="77.1288 3.99256,
	77.1432 3.95422,
	77.148 3.93504,
	77.1719 3.8967,
	77.2438 3.82481,
	77.2774 3.78646,
	77.287 3.77688,
	77.3013 3.73853,
	77.3253 3.70019,
	77.3637 3.67622,
	77.3828 3.66184,
	77.5362 3.63309,
	77.6129 3.61871,
	77.6321 3.61391,
	77.6704 3.6235,
	77.7087 3.64267,
	77.7854 3.64267,
	77.8238 3.65226,
	77.9005 3.70977,
	77.9196 3.72895,
	77.9963 3.77688,
	78.0634 3.83918,
	78.097 3.87274,
	78.1209 3.91108,
	78.1497 3.98777,
	78.1641 4.06446,
	78.1689 4.14114,
	78.1641 4.21783,
	78.1545 4.237,
	78.1545 4.24659,
	78.0922 4.32328,
	78.0155 4.38079,
	77.9388 4.42872,
	77.9196 4.4431,
	77.8813 4.4431,
	77.843 4.41434,
	77.8238 4.39517,
	77.8142 4.376,
	77.795 4.36162,
	77.7567 4.35203,
	77.7375 4.35203,
	77.6992 4.33766,
	77.6608 4.30411,
	77.5841 4.26097,
	77.5458 4.24659,
	77.5266 4.2418,
	77.517 4.2418,
	77.4787 4.21783,
	77.4595 4.20825,
	77.4499 4.21304,
	77.3732 4.19866,
	77.3349 4.19866,
	77.3157 4.20345,
	77.3061 4.20345,
	77.2965 4.21304,
	77.2582 4.21783,
	77.2199 4.21304,
	77.2007 4.20345,
	77.1815 4.18428,
	77.1719 4.17469,
	77.1623 4.13635,
	77.1623 4.09801,
	77.1336 4.02132,
	77.1288 4.00215,
	77.1288 3.99735,
	"/>
</Transform>

<Transform dim="0"
 xcoef=" 0 1 0 0 0 0"
 ycoef=" 0 0 1 0 0 0">
<Contour name="TB2 NF_22_cw" hidden="false" closed="true" simplified="true" border="0.941 0.894 0.059" fill="0.91 0.847 0.09" mode="15"
 points="77.9963 1.94116,
	78.0251 1.86447,
	78.0586 1.82613,
	78.097 1.80216,
	78.1162 1.78779,
	78.1928 1.78299,
	78.2312 1.7782,
	78.2695 1.78779,
	78.2887 1.78299,
	78.3654 1.79737,
	78.3846 1.80216,
	78.4229 1.83092,
	78.4517 1.86447,
	78.466 1.87885,
	78.4708 1.9172,
	78.466 1.93637,
	78.4708 1.97471,
	78.466 2.01306,
	78.4612 2.03223,
	78.4612 2.04181,
	78.4421 2.06099,
	78.4181 2.09454,
	78.3989 2.11371,
	78.3798 2.1185,
	78.3606 2.11371,
	78.3702 2.10412,
	78.2935 2.1185,
	78.2551 2.13288,
	78.2168 2.13288,
	78.1785 2.12329,
	78.1018 2.08016,
	78.0634 2.05619,
	78.0251 2.02264,
	78.0011 1.98909,
	77.9963 1.95075,
	77.9963 1.94595,
	"/>
</Transform>

<Transform dim="0"
 xcoef=" 0 1 0 0 0 0"
 ycoef=" 0 0 1 0 0 0">
<Contour name="TB2 NF_23_cw" hidden="false" closed="true" simplified="true" border="0.973 0.757 0.016" fill="0.902 0.8 0.102" mode="15"
 points="87.0008 13.2073,
	87.0292 13.1163,
	87.0804 13.0254,
	87.1088 12.9799,
	87.1884 12.889,
	87.2793 12.8151,
	87.3702 12.764,
	87.4611 12.6958,
	87.5521 12.6446,
	87.643 12.6105,
	87.6885 12.5878,
	87.7794 12.5708,
	87.8249 12.5594,
	87.8703 12.5651,
	87.9158 12.5594,
	87.9385 12.5651,
	87.9612 12.5594,
	88.0522 12.5764,
	88.0976 12.5878,
	88.1431 12.6162,
	88.1886 12.6617,
	88.2568 12.7526,
	88.3363 12.8435,
	88.3591 12.8492,
	88.4045 12.8379,
	88.4273 12.8208,
	88.45 12.8151,
	88.4727 12.7981,
	88.4954 12.7924,
	88.5409 12.8094,
	88.6318 12.8606,
	88.7228 12.889,
	88.8137 12.9061,
	88.9046 12.9686,
	88.9501 12.9913,
	88.9671 13.0311,
	88.9899 13.0425,
	89.0353 13.0425,
	89.0581 13.0311,
	89.0808 13.0311,
	89.1263 13.0765,
	89.1717 13.1675,
	89.2001 13.2073,
	89.2456 13.2243,
	89.257 13.2414,
	89.2513 13.2868,
	89.2513 13.3096,
	89.3365 13.3721,
	89.3649 13.4175,
	89.3934 13.5085,
	89.3934 13.5539,
	89.4161 13.5994,
	89.4388 13.6221,
	89.4786 13.713,
	89.5184 13.7471,
	89.5638 13.7585,
	89.5809 13.7756,
	89.5923 13.8665,
	89.6093 13.9119,
	89.6264 13.9347,
	89.6718 13.946,
	89.6832 13.9404,
	89.7287 13.9574,
	89.7628 14.0029,
	89.7798 14.0483,
	89.7741 14.1393,
	89.7741 14.1847,
	89.7628 14.2302,
	89.723 14.2757,
	89.6775 14.2984,
	89.4957 14.4348,
	89.4502 14.4632,
	89.4047 14.4802,
	89.382 14.4859,
	89.3365 14.4689,
	89.2911 14.4291,
	89.2456 14.4064,
	89.2229 14.4064,
	89.1319 14.4518,
	89.0865 14.4689,
	89.0467 14.4973,
	88.9956 14.5882,
	88.933 14.6792,
	88.8876 14.7246,
	88.8421 14.7417,
	88.8194 14.7417,
	88.7739 14.7132,
	88.683 14.6223,
	88.6375 14.5939,
	88.5921 14.5882,
	88.5466 14.5996,
	88.5011 14.628,
	88.4841 14.6735,
	88.4784 14.6962,
	88.4898 14.7871,
	88.4954 14.8326,
	88.4898 14.8781,
	88.467 14.9235,
	88.3363 15.1054,
	88.2965 15.1508,
	88.2056 15.1963,
	88.1204 15.2702,
	88.092 15.3156,
	88.0749 15.3384,
	88.0692 15.3611,
	88.0635 15.3668,
	88.109 15.4009,
	88.1317 15.4123,
	88.1488 15.435,
	88.1658 15.5259,
	88.1488 15.6168,
	88.1033 15.6566,
	88.0806 15.668,
	88.0692 15.6794,
	88.109 15.7703,
	88.1772 15.8612,
	88.1999 15.9067,
	88.2283 15.9976,
	88.2738 16.0885,
	88.2909 16.134,
	88.2965 16.1795,
	88.2909 16.2249,
	88.3477 16.3159,
	88.3932 16.3556,
	88.4159 16.367,
	88.4329 16.3897,
	88.45 16.4807,
	88.5239 16.5716,
	88.5409 16.617,
	88.5921 16.708,
	88.6318 16.7989,
	88.683 16.9808,
	88.7171 17.1626,
	88.7228 17.1853,
	88.7114 17.191,
	88.7285 17.2365,
	88.7341 17.282,
	88.7966 17.3729,
	88.8307 17.4184,
	88.8762 17.5093,
	88.8876 17.532,
	88.8933 17.6229,
	88.8762 17.8048,
	88.8648 17.8503,
	88.9046 17.9412,
	88.933 18.0321,
	88.9501 18.123,
	88.9671 18.1685,
	88.9671 18.1799,
	88.9785 18.1912,
	88.9956 18.2367,
	89.024 18.2822,
	89.0296 18.3731,
	89.0126 18.464,
	89.0296 18.5549,
	89.041 18.6004,
	89.024 18.7823,
	89.0069 18.8732,
	88.9956 18.8959,
	88.9842 18.9073,
	88.9785 18.93,
	88.9671 18.9414,
	88.9615 18.9869,
	88.9899 19.0778,
	88.9956 19.1687,
	88.9899 19.2596,
	88.9728 19.3506,
	88.9103 19.5324,
	88.8876 19.6233,
	88.8478 19.7143,
	88.8194 19.7597,
	88.7285 19.8223,
	88.683 19.862,
	88.6603 19.8848,
	88.6489 19.8961,
	88.6034 19.9018,
	88.558 19.8791,
	88.5352 19.8564,
	88.5125 19.845,
	88.467 19.8393,
	88.4443 19.8336,
	88.3534 19.8507,
	88.3079 19.845,
	88.2852 19.8279,
	88.2624 19.8223,
	88.217 19.8507,
	88.1942 19.8564,
	88.1488 19.8393,
	88.0579 19.7768,
	87.9669 19.7484,
	87.9215 19.7313,
	87.8305 19.6461,
	87.8135 19.6233,
	87.768 19.6177,
	87.7453 19.612,
	87.6998 19.5722,
	87.6828 19.5495,
	87.6771 19.504,
	87.6714 19.4813,
	87.6487 19.4585,
	87.6032 19.4358,
	87.5578 19.4017,
	87.518 19.3562,
	87.4896 19.3108,
	87.4839 19.2653,
	87.4839 19.2426,
	87.4839 19.2312,
	87.4384 19.1971,
	87.41 19.1573,
	87.4043 19.1119,
	87.4157 19.021,
	87.4214 18.9755,
	87.4157 18.93,
	87.4157 18.9073,
	87.3873 18.8164,
	87.3475 18.7254,
	87.3191 18.6345,
	87.302 18.589,
	87.2963 18.5436,
	87.2566 18.4527,
	87.2395 18.4072,
	87.2509 18.3617,
	87.2736 18.3163,
	87.285 18.2708,
	87.1827 18.0889,
	87.1713 18.0435,
	87.177 17.998,
	87.1827 17.9753,
	87.1486 17.8844,
	87.1429 17.8616,
	87.1258 17.8389,
	87.1145 17.7934,
	87.1258 17.748,
	87.1202 17.7025,
	87.0804 17.6116,
	87.0577 17.5661,
	87.0577 17.4752,
	87.069 17.3843,
	87.069 17.3388,
	87.1031 17.2479,
	87.1202 17.1569,
	87.1258 17.066,
	87.1543 16.8841,
	87.1656 16.8387,
	87.177 16.816,
	87.1997 16.7932,
	87.2452 16.7648,
	87.2622 16.7421,
	87.2679 16.6511,
	87.2509 16.4693,
	87.2452 16.4238,
	87.194 16.3329,
	87.177 16.2874,
	87.1827 16.1965,
	87.1656 16.1056,
	87.1486 16.0601,
	87.1202 15.8783,
	87.1031 15.7873,
	87.0861 15.7419,
	87.0804 15.6509,
	87.1372 15.4691,
	87.1827 15.3782,
	87.2054 15.2872,
	87.1997 15.1963,
	87.1713 15.0144,
	87.1656 14.9235,
	87.1827 14.8326,
	87.1827 14.7417,
	87.1827 14.6962,
	87.1429 14.5143,
	87.1145 14.4234,
	87.0974 14.378,
	87.069 14.1961,
	87.0804 14.1052,
	87.0577 14.0597,
	87.0463 13.9688,
	87.052 13.8779,
	87.0463 13.8324,
	87.0633 13.7415,
	87.0577 13.6505,
	87.0349 13.5596,
	87.0122 13.3777,
	87.0008 13.2868,
	87.0008 13.2414,
	87.0008 13.2186,
	87.0008 13.2129,
	"/>
</Transform>

<Transform dim="0"
 xcoef=" 0 1 0 0 0 0"
 ycoef=" 0 0 1 0 0 0">
<Contour name="TB2 NF_23_cw" hidden="false" closed="true" simplified="true" border="0.973 0.757 0.016" fill="0.902 0.8 0.102" mode="15"
 points="79.8537 4.88653,
	79.8723 4.81214,
	79.8769 4.79354,
	79.9048 4.75635,
	79.9745 4.7145,
	80.0489 4.69591,
	80.0861 4.69591,
	80.1187 4.67266,
	80.1187 4.59827,
	80.128 4.56107,
	80.1605 4.52388,
	80.2349 4.50063,
	80.2535 4.49598,
	80.2628 4.49598,
	80.2907 4.45879,
	80.3093 4.44019,
	80.3186 4.43554,
	80.3372 4.44019,
	80.3744 4.43089,
	80.393 4.42624,
	80.4302 4.39834,
	80.4488 4.39834,
	80.486 4.42159,
	80.4999 4.44019,
	80.5371 4.45414,
	80.5743 4.45879,
	80.5929 4.46809,
	80.6301 4.50528,
	80.6534 4.54248,
	80.6673 4.61687,
	80.6673 4.65406,
	80.672 4.67266,
	80.6487 4.82144,
	80.6441 4.84004,
	80.5883 4.90978,
	80.5185 4.96557,
	80.472 5.03996,
	80.4581 5.07716,
	80.4581 5.08646,
	80.4395 5.10505,
	80.4023 5.119,
	80.3837 5.12365,
	80.3697 5.16085,
	80.3558 5.17945,
	80.3186 5.19804,
	80.2814 5.20734,
	80.2442 5.22594,
	80.1698 5.24919,
	80.1326 5.27243,
	80.0954 5.28173,
	80.0582 5.26778,
	80.0257 5.23989,
	79.9931 5.20269,
	79.9466 5.1283,
	79.9094 5.09576,
	79.8862 5.06321,
	79.8723 5.02601,
	79.863 5.00742,
	79.8583 4.93303,
	79.8537 4.89583,
	79.8537 4.89118,
	"/>
</Transform>

<Transform dim="0"
 xcoef=" 0 1 0 0 0 0"
 ycoef=" 0 0 1 0 0 0">
<Image mag="0.00855" contrast="1" brightness="0" red="true" green="true" blue="true"
 src="..\TF21_robdata\Rob's_latest_seg_files_TF21_TB2\Aligned 633124.tif" />
<Contour name="domain1" hidden="false" closed="true" simplified="false" border="1 0 1" fill="1 0 1" mode="11"
 points="0 0,
	15991 0,
	15991 12171,
	0 12171,
	"/>
</Transform>

<Transform dim="0"
 xcoef=" 0 1 0 0 0 0"
 ycoef=" 0 0 1 0 0 0">
<Contour name="TB2 NF_15" hidden="true" closed="true" simplified="false" border="1 1 0" fill="1 1 0" mode="-9"
 points="79.0339 3.45187,
	79.0938 3.39201,
	79.1736 3.37206,
	79.3332 3.41197,
	79.3931 3.49178,
	79.3731 3.57159,
	79.2135 3.59154,
	79.1337 3.57159,
	79.0539 3.49178,
	79.0539 3.47183,
	"/>
</Transform>

<Transform dim="0"
 xcoef=" 0 1 0 0 0 0"
 ycoef=" 0 0 1 0 0 0">
<Contour name="TB2 NF_15" hidden="true" closed="true" simplified="false" border="1 1 0" fill="1 1 0" mode="-9"
 points="78.6229 3.89578,
	78.6628 3.81607,
	78.7226 3.74632,
	78.8023 3.6965,
	78.882 3.67658,
	78.9218 3.66661,
	78.9418 3.67658,
	78.9816 3.66661,
	79.0613 3.67658,
	79.0813 3.66661,
	79.161 3.71643,
	79.2407 3.78618,
	79.3005 3.86588,
	79.3303 3.94559,
	79.3403 4.0253,
	79.3303 4.10501,
	79.2905 4.18472,
	79.2207 4.25447,
	79.141 4.29432,
	78.9816 4.29432,
	78.9418 4.28436,
	78.9019 4.25447,
	78.8621 4.2445,
	78.7126 4.12494,
	78.6727 4.08508,
	78.6329 4.09505,
	78.6229 3.93563,
	78.6229 3.90574,
	"/>
</Transform>

<Transform dim="0"
 xcoef=" 0 1 0 0 0 0"
 ycoef=" 0 0 1 0 0 0">
<Contour name="TB2 NF_15" hidden="true" closed="true" simplified="false" border="1 1 0" fill="1 1 0" mode="-9"
 points="78.6628 2.29163,
	78.7126 2.21192,
	78.7525 2.18203,
	78.8322 2.16211,
	78.9119 2.18203,
	78.9418 2.26174,
	78.9318 2.3016,
	78.8919 2.34145,
	78.8122 2.39127,
	78.7325 2.40123,
	78.6927 2.39127,
	78.6727 2.37134,
	78.6628 2.3016,
	"/>
</Transform>

<Transform dim="0"
 xcoef=" 0 1 0 0 0 0"
 ycoef=" 0 0 1 0 0 0">
<Contour name="TB2 NF_18" hidden="true" closed="true" simplified="true" border="0.501961 0.501961 1" fill="0.501961 0.501961 1" mode="-9"
 points="95.6837 1.7762,
	95.7446 1.67888,
	95.8419 1.60588,
	95.9027 1.55722,
	96 1.53289,
	96.0974 1.48422,
	96.292 1.45989,
	96.4867 1.47206,
	96.584 1.48422,
	96.6327 1.49639,
	96.73 1.58155,
	96.7422 1.67888,
	96.6813 1.7762,
	96.4867 1.88569,
	96.292 1.93436,
	96.1947 1.95869,
	96 1.95869,
	95.9757 1.94652,
	95.9271 1.97085,
	95.9149 1.95869,
	95.8176 1.97085,
	95.7202 1.93436,
	95.6837 1.88569,
	95.6837 1.78837,
	"/>
</Transform>

<Transform dim="0"
 xcoef=" 0 1 0 0 0 0"
 ycoef=" 0 0 1 0 0 0">
<Contour name="TB2 NF_18" hidden="true" closed="true" simplified="true" border="0.501961 0.501961 1" fill="0.501961 0.501961 1" mode="-9"
 points="86.0378 11.4607,
	86.0572 11.4509,
	86.067 11.4607,
	86.0475 11.4704,
	"/>
</Transform>

<Transform dim="0"
 xcoef=" 0 1 0 0 0 0"
 ycoef=" 0 0 1 0 0 0">
<Contour name="TB2 NF_15" hidden="true" closed="true" simplified="false" border="1 1 0" fill="1 1 0" mode="-9"
 points="78.0492 4.49796,
	78.1759 4.37126,
	78.3026 4.33958,
	78.4293 4.43461,
	78.461 4.56132,
	78.4293 4.68802,
	78.3026 4.75137,
	78.2392 4.75137,
	78.1442 4.65634,
	78.1125 4.68802,
	78.0492 4.56132,
	78.0492 4.52964,
	"/>
</Transform>

<Transform dim="0"
 xcoef=" 0 1 0 0 0 0"
 ycoef=" 0 0 1 0 0 0">
<Contour name="TB2 NF_17" hidden="true" closed="true" simplified="true" border="1 0.501961 0.501961" fill="1 0.501961 0.501961" mode="-9"
 points="87.022 13.2977,
	87.1256 13.0213,
	87.1601 12.9523,
	87.281 12.8314,
	87.3501 12.7623,
	87.4883 12.7105,
	87.6264 12.6932,
	87.7646 12.7105,
	87.8337 12.7105,
	88.3863 12.9005,
	88.6626 13.0732,
	88.7317 13.125,
	88.8008 13.1422,
	88.8353 13.1768,
	88.8698 13.1768,
	88.9389 13.2459,
	89.0771 13.3322,
	89.3361 13.5912,
	89.4397 13.7294,
	89.5606 14.0057,
	89.5779 14.1439,
	89.5952 14.213,
	89.5779 14.3511,
	89.5606 14.4202,
	89.4397 14.5411,
	89.1634 14.6102,
	88.6108 14.6274,
	88.5417 14.662,
	88.5072 14.662,
	88.3863 14.7483,
	88.2654 14.8692,
	88.1618 15.1455,
	88.11 15.4218,
	88.0927 15.6982,
	88.1791 16.2508,
	88.2136 16.3889,
	88.2481 16.458,
	88.2481 16.4926,
	88.2999 16.5616,
	88.2999 16.5962,
	88.3517 16.6653,
	88.3517 16.6998,
	88.3863 16.7343,
	88.559 17.287,
	88.6453 17.5633,
	88.749 18.1159,
	88.7835 18.185,
	88.818 18.4613,
	88.8526 18.5995,
	88.8526 19.1521,
	88.8526 19.4284,
	88.8008 19.7047,
	88.7835 19.8429,
	88.7662 19.912,
	88.7144 19.981,
	88.5763 19.9983,
	88.2999 19.8774,
	88.2309 19.8601,
	87.9718 19.6011,
	87.8682 19.4629,
	87.8337 19.4284,
	87.8164 19.3593,
	87.7818 19.3248,
	87.6782 19.0485,
	87.6264 18.9794,
	87.5746 18.8412,
	87.5746 18.8067,
	87.5228 18.7376,
	87.2292 17.6324,
	87.1774 17.0797,
	87.1774 16.5271,
	87.0911 15.4218,
	87.0393 14.3166,
	87.022 13.7639,
	87.022 13.4876,
	87.022 13.3495,
	87.022 13.3149,
	"/>
</Transform>

<Transform dim="0"
 xcoef=" 0 1 0 0 0 0"
 ycoef=" 0 0 1 0 0 0">
<Contour name="TB2 NF_15" hidden="true" closed="true" simplified="false" border="1 1 0" fill="1 1 0" mode="-9"
 points="78.0337 4.94533,
	78.1006 4.8785,
	78.1451 4.85622,
	78.1228 4.83395,
	78.301 4.72257,
	78.3902 4.67801,
	78.7466 4.65574,
	78.8357 4.65574,
	79.0139 4.74484,
	79.1921 4.8785,
	79.2589 4.92305,
	79.3926 5.10126,
	79.4371 5.19037,
	79.4371 5.23492,
	79.348 5.27947,
	78.9916 5.2572,
	78.6352 5.19037,
	78.2788 5.07899,
	78.1006 5.03443,
	78.0337 4.96761,
	"/>
</Transform>

<Transform dim="0"
 xcoef=" 0 1 0 0 0 0"
 ycoef=" 0 0 1 0 0 0">
<Contour name="TB2 NF_24" hidden="true" closed="true" simplified="true" border="1 0.501961 0.25098" fill="1 0.501961 0.25098" mode="-9"
 points="83.4448 69.709,
	83.4923 69.6456,
	83.5557 69.6139,
	83.6825 69.6298,
	83.8092 69.709,
	83.8884 69.8357,
	83.9043 69.9625,
	83.9043 70.0258,
	83.8092 70.1526,
	83.6825 70.1684,
	83.6191 70.1684,
	83.4923 70.0892,
	83.4448 69.8357,
	83.4448 69.7248,
	"/>
</Transform>

<Transform dim="0"
 xcoef=" 0 1 0 0 0 0"
 ycoef=" 0 0 1 0 0 0">
<Contour name="TB2 NF_17" hidden="true" closed="true" simplified="true" border="1 0.501961 0.501961" fill="1 0.501961 0.501961" mode="-9"
 points="79.8569 4.91955,
	79.9141 4.76701,
	80.0095 4.61446,
	80.0667 4.53819,
	80.2192 4.46192,
	80.3717 4.44285,
	80.5243 4.46192,
	80.6006 4.51912,
	80.6387 4.55726,
	80.6578 4.7098,
	80.6578 4.78608,
	80.6006 4.93862,
	80.5052 5.09116,
	80.3527 5.24371,
	80.2001 5.33905,
	80.0476 5.39625,
	79.9713 5.37718,
	79.9904 5.33905,
	79.9141 5.26278,
	79.8569 4.95769,
	79.8569 4.93862,
	"/>
</Transform>

<Transform dim="0"
 xcoef=" 0 1 0 0 0 0"
 ycoef=" 0 0 1 0 0 0">
<Contour name="TB2 NF_17" hidden="true" closed="true" simplified="true" border="1 0.501961 0.501961" fill="1 0.501961 0.501961" mode="-9"
 points="86.2638 20.4219,
	86.3019 20.3456,
	86.3782 20.2884,
	86.5307 20.2502,
	86.607 20.2693,
	86.7214 20.4219,
	86.7786 20.5744,
	86.7595 20.6507,
	86.7405 20.6697,
	86.7214 20.6507,
	86.8167 20.9558,
	86.8167 21.032,
	86.7786 21.1083,
	86.7023 21.1274,
	86.6261 21.1083,
	86.5879 21.1083,
	86.4735 20.9748,
	86.4163 20.8986,
	86.4163 20.8604,
	86.321 20.7079,
	86.2828 20.5553,
	86.2638 20.4791,
	86.2638 20.4409,
	"/>
<Contour name="TB2 NF_17" hidden="true" closed="true" simplified="true" border="1 0.501961 0.501961" fill="1 0.501961 0.501961" mode="-9"
 points="87.16 20.9939,
	87.179 20.9176,
	87.2553 20.8414,
	87.3316 20.8032,
	87.4078 20.8223,
	87.5413 20.9558,
	87.5795 21.1083,
	87.5795 21.4134,
	87.5604 21.4897,
	87.5032 21.5659,
	87.4269 21.6041,
	87.3506 21.585,
	87.2744 21.5278,
	87.1981 21.3753,
	87.16 21.0702,
	87.16 21.013,
	"/>
</Transform>

<Transform dim="0"
 xcoef=" 0 1 0 0 0 0"
 ycoef=" 0 0 1 0 0 0">
<Contour name="TB2 NF_28-FR" hidden="false" closed="true" simplified="true" border="1 0.501961 0.501961" fill="1 0.501961 0.501961" mode="-9"
 points="102.915 4.99125,
	102.943 4.93533,
	102.943 4.82348,
	102.929 4.76756,
	102.971 4.71163,
	103.083 4.65571,
	103.111 4.59978,
	103.125 4.57182,
	103.572 4.41803,
	103.628 4.40405,
	103.74 4.47395,
	103.768 4.52988,
	103.726 4.75358,
	103.726 4.86542,
	103.712 4.92135,
	103.614 5.0332,
	103.39 5.20097,
	103.278 5.24291,
	103.167 5.22893,
	103.083 5.11708,
	102.971 5.06116,
	102.915 5.01922,
	102.915 5.00524,
	"/>
<Contour name="TB2 NF_28-FR" hidden="false" closed="true" simplified="true" border="1 0.501961 0.501961" fill="1 0.501961 0.501961" mode="-9"
 points="102.803 5.87206,
	102.831 5.81614,
	102.943 5.80216,
	102.999 5.81614,
	103.097 5.90003,
	103.139 5.95595,
	103.153 6.01188,
	103.167 6.02586,
	103.153 6.13771,
	103.125 6.19363,
	103.069 6.24955,
	103.013 6.27752,
	102.957 6.26354,
	102.929 6.24955,
	102.901 6.13771,
	102.845 6.08178,
	102.817 6.0678,
	102.817 5.95595,
	102.803 5.90003,
	102.803 5.88605,
	"/>
</Transform>

<Transform dim="0"
 xcoef=" 0 1 0 0 0 0"
 ycoef=" 0 0 1 0 0 0">
<Contour name="TB2 NF_28-FR" hidden="false" closed="true" simplified="true" border="1 0.501961 0.501961" fill="1 0.501961 0.501961" mode="-9"
 points="102.621 7.35406,
	102.691 7.25619,
	102.803 7.29814,
	102.901 7.40999,
	103.041 7.63368,
	103.111 7.74553,
	103.125 7.85738,
	103.111 7.96923,
	103.055 8.02515,
	102.999 8.03914,
	102.943 8.02515,
	102.845 7.92729,
	102.817 7.81544,
	102.705 7.59174,
	102.649 7.52183,
	102.621 7.40999,
	102.621 7.36804,
	"/>
</Transform>

<Transform dim="0"
 xcoef=" 0 1 0 0 0 0"
 ycoef=" 0 0 1 0 0 0">
<Contour name="TB2 NF_24_cw" hidden="false" closed="true" simplified="true" border="1 0.5 0" fill="1 0.682353 0.368627" mode="15"
 points="83.404 69.9859,
	83.4099 69.98,
	83.4157 69.9859,
	83.4274 69.8925,
	83.4216 69.8691,
	83.4274 69.8458,
	83.4157 69.7991,
	83.4157 69.7524,
	83.4332 69.729,
	83.4332 69.7174,
	83.5033 69.6298,
	83.55 69.6006,
	83.5733 69.589,
	83.62 69.5948,
	83.6667 69.6123,
	83.7134 69.6182,
	83.7601 69.6415,
	83.8068 69.6824,
	83.8301 69.729,
	83.8476 69.8224,
	83.8476 69.8691,
	83.8535 69.8925,
	83.8359 69.9859,
	83.8068 70.0325,
	83.7834 70.0559,
	83.69 70.0851,
	83.6433 70.1026,
	83.5966 70.1026,
	83.5033 70.0676,
	83.4157 70.0092,
	83.404 69.9917,
	"/>
</Transform>

<Transform dim="0"
 xcoef=" 0 1 0 0 0 0"
 ycoef=" 0 0 1 0 0 0">
<Contour name="TB2 NF_01_rsl" hidden="false" closed="true" simplified="true" border="0 1 0" fill="0 1 0" mode="-9"
 points="87.7547 1.67346,
	87.8057 1.59183,
	87.8772 1.53061,
	87.9588 1.5204,
	87.9996 1.53061,
	88.071 1.59183,
	88.0915 1.63265,
	88.0915 1.71428,
	88.1017 1.74489,
	88.1119 1.75509,
	88.0915 1.7653,
	88.0098 1.72448,
	87.9384 1.80611,
	87.8976 1.82652,
	87.8568 1.82652,
	87.7751 1.78571,
	87.7547 1.74489,
	87.7547 1.70407,
	87.7547 1.68367,
	"/>
</Transform>

<Transform dim="0"
 xcoef=" 0 1 0 0 0 0"
 ycoef=" 0 0 1 0 0 0">
<Contour name="TB2 NF_06_cw" hidden="false" closed="true" simplified="true" border="0.843137 0.843137 0" fill="0.843137 0.843137 0" mode="-9"
 points="77.9854 4.88406,
	78.0182 4.80899,
	78.037 4.79022,
	78.0464 4.77146,
	78.1168 4.70108,
	78.1543 4.66824,
	78.1918 4.64478,
	78.2106 4.64009,
	78.2247 4.65886,
	78.2294 4.73392,
	78.2435 4.748,
	78.2622 4.74331,
	78.2716 4.73862,
	78.281 4.75269,
	78.2998 4.74331,
	78.3607 4.66824,
	78.3842 4.63071,
	78.3983 4.59317,
	78.464 4.51811,
	78.478 4.49934,
	78.478 4.48996,
	78.4968 4.47119,
	78.5156 4.4665,
	78.5531 4.48057,
	78.6282 4.53218,
	78.6657 4.53687,
	78.6845 4.53687,
	78.6939 4.53218,
	78.7314 4.54156,
	78.7502 4.54626,
	78.783 4.5791,
	78.8581 4.58848,
	78.8956 4.60256,
	78.9144 4.60725,
	78.9519 4.6354,
	79.0223 4.71046,
	79.041 4.71985,
	79.0598 4.73862,
	79.0973 4.74331,
	79.1349 4.73862,
	79.2099 4.79961,
	79.2193 4.81837,
	79.2193 4.83714,
	79.2287 4.85122,
	79.2475 4.8606,
	79.2569 4.86998,
	79.2756 4.86998,
	79.2944 4.87937,
	79.3225 4.9169,
	79.346 4.99197,
	79.3554 5.01073,
	79.3648 5.02012,
	79.3695 5.05765,
	79.3741 5.07642,
	79.3648 5.11395,
	79.3601 5.13272,
	79.3038 5.20309,
	79.2756 5.23594,
	79.2381 5.25939,
	79.163 5.28285,
	79.088 5.27816,
	79.0692 5.27816,
	78.9941 5.24532,
	78.9566 5.24063,
	78.9378 5.23594,
	78.9003 5.25001,
	78.8628 5.25001,
	78.7877 5.23124,
	78.7502 5.22655,
	78.7126 5.20778,
	78.6939 5.19371,
	78.6188 5.17963,
	78.5813 5.16556,
	78.5437 5.1421,
	78.3936 5.07173,
	78.3748 5.06234,
	78.3654 5.06234,
	78.3561 5.05296,
	78.281 5.0295,
	78.2435 5.02012,
	78.2106 4.98258,
	78.1731 4.98258,
	78.1543 4.99197,
	78.1168 4.97789,
	78.098 4.96851,
	78.0605 4.97789,
	78.0229 4.9732,
	77.9901 4.94036,
	77.9854 4.90282,
	77.9854 4.88875,
	"/>
</Transform>

<Transform dim="0"
 xcoef=" 0 1 0 0 0 0"
 ycoef=" 0 0 1 0 0 0">
<Contour name="TB2 NF_07_cw" hidden="false" closed="true" simplified="true" border="0.25098 0.501961 0.501961" fill="0.25098 0.501961 0.501961" mode="-9"
 points="78.193 3.67076,
	78.212 3.61987,
	78.2947 3.51808,
	78.3456 3.48627,
	78.3711 3.47355,
	78.422 3.47355,
	78.4474 3.47355,
	78.5492 3.54353,
	78.5747 3.56897,
	78.5747 3.61987,
	78.5556 3.67076,
	78.5429 3.69621,
	78.4983 3.7471,
	78.4856 3.77255,
	78.4347 3.82345,
	78.3838 3.84253,
	78.3329 3.82981,
	78.282 3.798,
	78.2375 3.75347,
	78.2057 3.70257,
	78.193 3.67712,
	"/>
</Transform>

<Transform dim="0"
 xcoef=" 0 1 0 0 0 0"
 ycoef=" 0 0 1 0 0 0">
<Contour name="TB2 NF_07_cw" hidden="false" closed="true" simplified="true" border="0.25098 0.501961 0.501961" fill="0.25098 0.501961 0.501961" mode="-9"
 points="79.8597 2.45566,
	79.8725 2.40476,
	79.917 2.35387,
	79.9425 2.32842,
	80.0442 2.32206,
	80.0951 2.32842,
	80.146 2.36023,
	80.1969 2.40476,
	80.2415 2.50655,
	80.2415 2.55745,
	80.2287 2.58289,
	80.1778 2.6147,
	80.1715 2.60198,
	80.146 2.60834,
	80.0442 2.58289,
	79.9425 2.57017,
	79.8916 2.56381,
	79.8661 2.54472,
	79.8597 2.49383,
	79.8597 2.46838,
	79.8597 2.46202,
	"/>
</Transform>

<Transform dim="0"
 xcoef=" 0 1 0 0 0 0"
 ycoef=" 0 0 1 0 0 0">
<Contour name="TB2 NF_08_cw" hidden="false" closed="true" simplified="true" border="1 0.501961 0.752941" fill="1 0.501961 0.752941" mode="-9"
 points="87.0682 7.12086,
	87.0914 7.07447,
	87.0798 6.98169,
	87.0856 6.9353,
	87.0856 6.91211,
	87.1262 6.81933,
	87.1436 6.77294,
	87.1436 6.68016,
	87.1436 6.65696,
	87.1958 6.56418,
	87.2248 6.51779,
	87.2596 6.483,
	87.3524 6.40762,
	87.3988 6.38442,
	87.422 6.37283,
	87.4336 6.36123,
	87.4451 6.36123,
	87.4915 6.33223,
	87.5147 6.32644,
	87.5379 6.30904,
	87.5611 6.30324,
	87.6075 6.27425,
	87.6191 6.27425,
	87.6423 6.25685,
	87.6539 6.25685,
	87.6771 6.23945,
	87.7235 6.22206,
	87.909 6.12348,
	88.0018 6.06549,
	88.0946 5.98431,
	88.17 5.89733,
	88.199 5.85094,
	88.2106 5.83934,
	88.2106 5.82774,
	88.2222 5.81615,
	88.2222 5.80455,
	88.2744 5.71177,
	88.3498 5.52621,
	88.3787 5.47982,
	88.3961 5.45662,
	88.4889 5.41603,
	88.5353 5.37544,
	88.5643 5.32905,
	88.5701 5.28266,
	88.5759 5.27106,
	88.5469 5.0855,
	88.5585 5.03911,
	88.5701 5.01592,
	88.5701 5.00432,
	88.6049 4.96373,
	88.6223 4.94053,
	88.6687 4.91734,
	88.7151 4.92314,
	88.7615 4.95213,
	88.8021 4.91154,
	88.8195 4.81876,
	88.8195 4.72598,
	88.8195 4.67959,
	88.831 4.6564,
	88.8774 4.6158,
	89.063 4.48243,
	89.237 4.35486,
	89.3297 4.31427,
	89.3761 4.29687,
	89.4225 4.26788,
	89.4689 4.22149,
	89.5501 4.14611,
	89.5907 4.09972,
	89.6371 4.08812,
	89.7299 4.11711,
	89.7531 4.12291,
	89.8458 4.09972,
	90.0314 3.97214,
	90.0778 3.93735,
	90.101 3.92575,
	90.1474 3.87936,
	90.1648 3.86197,
	90.188 3.85617,
	90.2749 3.77499,
	90.3503 3.68221,
	90.3851 3.63582,
	90.4315 3.58943,
	90.4779 3.56043,
	90.5243 3.54304,
	90.5475 3.53144,
	90.6403 3.53724,
	90.6866 3.54883,
	90.7794 3.55463,
	90.8722 3.59522,
	91.0578 3.65901,
	91.1042 3.68221,
	91.1505 3.717,
	91.1679 3.74019,
	91.1737 3.78658,
	91.1679 3.83297,
	91.1621 3.85617,
	91.0868 3.94315,
	90.994 4.03013,
	90.9476 4.06492,
	90.8548 4.11711,
	90.8084 4.14611,
	90.7156 4.22149,
	90.6229 4.27368,
	90.5301 4.29687,
	90.5069 4.29107,
	90.3213 4.32007,
	90.2981 4.32587,
	90.2865 4.33746,
	90.1938 4.34326,
	90.1474 4.32587,
	90.101 4.33167,
	90.0546 4.35486,
	90.014 4.38965,
	89.9676 4.38965,
	89.9444 4.38385,
	89.927 4.36066,
	89.9038 4.34906,
	89.8806 4.34906,
	89.8342 4.36646,
	89.811 4.37806,
	89.7183 4.36646,
	89.7009 4.36066,
	89.6545 4.37806,
	89.6081 4.40705,
	89.5849 4.41865,
	89.5791 4.44184,
	89.5849 4.48823,
	89.5849 4.49983,
	89.5327 4.59261,
	89.5211 4.6158,
	89.5211 4.6274,
	89.5095 4.639,
	89.5037 4.66219,
	89.4689 4.70279,
	89.3819 4.77817,
	89.3413 4.81296,
	89.3123 4.85355,
	89.2254 4.94053,
	89.208 4.98692,
	89.2138 5.03331,
	89.179 5.07391,
	89.1326 5.0913,
	89.1094 5.0971,
	89.0804 5.13769,
	89.0514 5.23047,
	89.0108 5.27106,
	88.9644 5.28846,
	88.9412 5.28266,
	88.918 5.26526,
	88.8948 5.27106,
	88.8484 5.31745,
	88.831 5.34065,
	88.8253 5.36384,
	88.7847 5.41023,
	88.7499 5.50301,
	88.7325 5.5494,
	88.7267 5.73496,
	88.7151 5.82774,
	88.7093 5.87413,
	88.6745 5.96691,
	88.5527 6.15247,
	88.5063 6.19886,
	88.4599 6.21626,
	88.4367 6.21046,
	88.4251 6.21046,
	88.3614 6.30324,
	88.3498 6.31484,
	88.3961 6.34383,
	88.4425 6.36123,
	88.4947 6.45401,
	88.5121 6.54679,
	88.5179 6.63957,
	88.5179 6.68596,
	88.5063 6.73235,
	88.4831 6.77874,
	88.4715 6.80193,
	88.4483 6.81933,
	88.4019 6.82513,
	88.3556 6.81933,
	88.3092 6.83093,
	88.2164 6.87152,
	88.1294 6.9469,
	88.0366 6.9759,
	87.9902 6.99329,
	87.967 7.01069,
	87.938 7.05708,
	87.8453 7.09187,
	87.8163 7.13826,
	87.7989 7.18465,
	87.7989 7.23104,
	87.7815 7.27743,
	87.7409 7.31802,
	87.6539 7.37021,
	87.6249 7.4166,
	87.6075 7.46299,
	87.5669 7.50938,
	87.4741 7.57317,
	87.4278 7.60216,
	87.3814 7.64855,
	87.3698 7.66595,
	87.3466 7.68914,
	87.3002 7.70654,
	87.277 7.70654,
	87.2364 7.66595,
	87.219 7.61956,
	87.2074 7.52678,
	87.2016 7.48039,
	87.1378 7.29483,
	87.1204 7.27163,
	87.1146 7.24844,
	87.0856 7.20205,
	87.0682 7.15566,
	87.0682 7.13246,
	87.0682 7.12666,
	"/>
</Transform>

<Transform dim="0"
 xcoef=" 0 1 0 0 0 0"
 ycoef=" 0 0 1 0 0 0">
<Contour name="TB2 NF_10_rsl" hidden="false" closed="true" simplified="true" border="0.502 0.502 0.753" fill="0.502 0.502 0.753" mode="-9"
 points="78.1678 4.50438,
	78.1878 4.42421,
	78.1978 4.40417,
	78.2029 4.36409,
	78.2279 4.324,
	78.2379 4.30396,
	78.258 4.28392,
	78.278 4.2739,
	78.3582 4.2739,
	78.3983 4.28392,
	78.4784 4.33403,
	78.4885 4.33904,
	78.4734 4.4192,
	78.4684 4.43924,
	78.4233 4.51941,
	78.3632 4.59457,
	78.288 4.66972,
	78.2079 4.67474,
	78.1928 4.6597,
	78.2129 4.64467,
	78.1878 4.63966,
	78.1678 4.5595,
	78.1678 4.51941,
	78.1678 4.50939,
	"/>
</Transform>

<Transform dim="0"
 xcoef=" 0 1 0 0 0 0"
 ycoef=" 0 0 1 0 0 0">
<Contour name="TB2 NF_10_rsl" hidden="false" closed="true" simplified="true" border="0.502 0.502 0.753" fill="0.502 0.502 0.753" mode="-9"
 points="78.5639 0.467642,
	78.5839 0.414197,
	78.6173 0.360752,
	78.6641 0.313988,
	78.6841 0.287266,
	78.7376 0.260543,
	78.9513 0.253863,
	79.0048 0.287266,
	79.0916 0.387475,
	79.1117 0.414197,
	79.1183 0.44092,
	79.1384 0.467642,
	79.125 0.574532,
	79.0983 0.681421,
	79.0649 0.734866,
	79.0515 0.761588,
	79.0048 0.815033,
	78.9513 0.855117,
	78.8979 0.875159,
	78.791 0.868478,
	78.6841 0.835075,
	78.5973 0.734866,
	78.5772 0.681421,
	78.5639 0.574532,
	78.5639 0.474323,
	"/>
</Transform>

<Transform dim="0"
 xcoef=" 0 1 0 0 0 0"
 ycoef=" 0 0 1 0 0 0">
<Contour name="TB2 NF_13_rsl" hidden="false" closed="true" simplified="true" border="1 0.501961 0.752941" fill="1 0.501961 0.752941" mode="-9"
 points="77.1204 4.01126,
	77.1493 3.97269,
	77.1782 3.89555,
	77.2457 3.81841,
	77.2939 3.75091,
	77.3711 3.68342,
	77.4482 3.63521,
	77.6025 3.62556,
	77.6796 3.62556,
	77.7568 3.64485,
	77.7953 3.65449,
	77.8725 3.7027,
	77.9496 3.72199,
	77.9882 3.73163,
	78.0075 3.73163,
	78.075 3.80877,
	78.1232 3.96305,
	78.1328 4.11733,
	78.075 4.27161,
	78.0557 4.31018,
	77.9785 4.37767,
	77.9592 4.39696,
	77.8821 4.37767,
	77.805 4.31018,
	77.7664 4.28125,
	77.7471 4.26197,
	77.5928 4.21375,
	77.5157 4.19447,
	77.4964 4.17518,
	77.4193 4.20411,
	77.265 4.21375,
	77.1879 4.19447,
	77.1493 4.18483,
	77.13 4.14626,
	77.1204 4.06912,
	77.1204 4.03055,
	77.1204 4.0209,
	"/>
</Transform>

<Transform dim="0"
 xcoef=" 0 1 0 0 0 0"
 ycoef=" 0 0 1 0 0 0">
<Contour name="TB2 NF_13_rsl" hidden="false" closed="true" simplified="true" border="1 0.502 0.753" fill="1 0.502 0.753" mode="-9"
 points="78.019 1.94362,
	78.2098 1.78861,
	78.3052 1.77668,
	78.4006 1.81245,
	78.4841 1.89592,
	78.5079 1.94362,
	78.4721 1.97939,
	78.4483 2.07478,
	78.4244 2.12248,
	78.3767 2.17018,
	78.2814 2.21787,
	78.186 2.21787,
	78.1383 2.20595,
	78.0548 2.12248,
	78.019 2.02709,
	78.019 1.97939,
	78.019 1.95554,
	"/>
</Transform>

<Transform dim="0"
 xcoef=" 0 1 0 0 0 0"
 ycoef=" 0 0 1 0 0 0">
<Image mag="0.00855" contrast="1" brightness="0" red="true" green="true" blue="true"
 src="..\TF21_robdata\Rob's_latest_seg_files_TF21_TB2\Aligned 633124.tif" />
<Contour name="domain1" hidden="false" closed="true" simplified="false" border="1 0 1" fill="1 0 1" mode="11"
 points="0 0,
	15991 0,
	15991 12171,
	0 12171,
	"/>
</Transform>

<Transform dim="0"
 xcoef=" 0 1 0 0 0 0"
 ycoef=" 0 0 1 0 0 0">
<Contour name="TB2 NF_15" hidden="true" closed="true" simplified="false" border="1 1 0" fill="1 1 0" mode="-9"
 points="79.0339 3.45187,
	79.0938 3.39201,
	79.1736 3.37206,
	79.3332 3.41197,
	79.3931 3.49178,
	79.3731 3.57159,
	79.2135 3.59154,
	79.1337 3.57159,
	79.0539 3.49178,
	79.0539 3.47183,
	"/>
</Transform>

<Transform dim="0"
 xcoef=" 0 1 0 0 0 0"
 ycoef=" 0 0 1 0 0 0">
<Contour name="TB2 NF_15" hidden="true" closed="true" simplified="false" border="1 1 0" fill="1 1 0" mode="-9"
 points="78.6229 3.89578,
	78.6628 3.81607,
	78.7226 3.74632,
	78.8023 3.6965,
	78.882 3.67658,
	78.9218 3.66661,
	78.9418 3.67658,
	78.9816 3.66661,
	79.0613 3.67658,
	79.0813 3.66661,
	79.161 3.71643,
	79.2407 3.78618,
	79.3005 3.86588,
	79.3303 3.94559,
	79.3403 4.0253,
	79.3303 4.10501,
	79.2905 4.18472,
	79.2207 4.25447,
	79.141 4.29432,
	78.9816 4.29432,
	78.9418 4.28436,
	78.9019 4.25447,
	78.8621 4.2445,
	78.7126 4.12494,
	78.6727 4.08508,
	78.6329 4.09505,
	78.6229 3.93563,
	78.6229 3.90574,
	"/>
</Transform>

<Transform dim="0"
 xcoef=" 0 1 0 0 0 0"
 ycoef=" 0 0 1 0 0 0">
<Contour name="TB2 NF_15" hidden="true" closed="true" simplified="false" border="1 1 0" fill="1 1 0" mode="-9"
 points="78.6628 2.29163,
	78.7126 2.21192,
	78.7525 2.18203,
	78.8322 2.16211,
	78.9119 2.18203,
	78.9418 2.26174,
	78.9318 2.3016,
	78.8919 2.34145,
	78.8122 2.39127,
	78.7325 2.40123,
	78.6927 2.39127,
	78.6727 2.37134,
	78.6628 2.3016,
	"/>
</Transform>

<Transform dim="0"
 xcoef=" 0 1 0 0 0 0"
 ycoef=" 0 0 1 0 0 0">
<Contour name="TB2 NF_18" hidden="true" closed="true" simplified="true" border="0.501961 0.501961 1" fill="0.501961 0.501961 1" mode="-9"
 points="95.6837 1.7762,
	95.7446 1.67888,
	95.8419 1.60588,
	95.9027 1.55722,
	96 1.53289,
	96.0974 1.48422,
	96.292 1.45989,
	96.4867 1.47206,
	96.584 1.48422,
	96.6327 1.49639,
	96.73 1.58155,
	96.7422 1.67888,
	96.6813 1.7762,
	96.4867 1.88569,
	96.292 1.93436,
	96.1947 1.95869,
	96 1.95869,
	95.9757 1.94652,
	95.9271 1.97085,
	95.9149 1.95869,
	95.8176 1.97085,
	95.7202 1.93436,
	95.6837 1.88569,
	95.6837 1.78837,
	"/>
</Transform>

<Transform dim="0"
 xcoef=" 0 1 0 0 0 0"
 ycoef=" 0 0 1 0 0 0">
<Contour name="TB2 NF_18" hidden="true" closed="true" simplified="true" border="0.501961 0.501961 1" fill="0.501961 0.501961 1" mode="-9"
 points="86.0378 11.4607,
	86.0572 11.4509,
	86.067 11.4607,
	86.0475 11.4704,
	"/>
</Transform>

<Transform dim="0"
 xcoef=" 0 1 0 0 0 0"
 ycoef=" 0 0 1 0 0 0">
<Contour name="TB2 NF_15" hidden="true" closed="true" simplified="false" border="1 1 0" fill="1 1 0" mode="-9"
 points="78.0492 4.49796,
	78.1759 4.37126,
	78.3026 4.33958,
	78.4293 4.43461,
	78.461 4.56132,
	78.4293 4.68802,
	78.3026 4.75137,
	78.2392 4.75137,
	78.1442 4.65634,
	78.1125 4.68802,
	78.0492 4.56132,
	78.0492 4.52964,
	"/>
</Transform>

<Transform dim="0"
 xcoef=" 0 1 0 0 0 0"
 ycoef=" 0 0 1 0 0 0">
<Contour name="TB2 NF_17" hidden="true" closed="true" simplified="true" border="1 0.501961 0.501961" fill="1 0.501961 0.501961" mode="-9"
 points="87.022 13.2977,
	87.1256 13.0213,
	87.1601 12.9523,
	87.281 12.8314,
	87.3501 12.7623,
	87.4883 12.7105,
	87.6264 12.6932,
	87.7646 12.7105,
	87.8337 12.7105,
	88.3863 12.9005,
	88.6626 13.0732,
	88.7317 13.125,
	88.8008 13.1422,
	88.8353 13.1768,
	88.8698 13.1768,
	88.9389 13.2459,
	89.0771 13.3322,
	89.3361 13.5912,
	89.4397 13.7294,
	89.5606 14.0057,
	89.5779 14.1439,
	89.5952 14.213,
	89.5779 14.3511,
	89.5606 14.4202,
	89.4397 14.5411,
	89.1634 14.6102,
	88.6108 14.6274,
	88.5417 14.662,
	88.5072 14.662,
	88.3863 14.7483,
	88.2654 14.8692,
	88.1618 15.1455,
	88.11 15.4218,
	88.0927 15.6982,
	88.1791 16.2508,
	88.2136 16.3889,
	88.2481 16.458,
	88.2481 16.4926,
	88.2999 16.5616,
	88.2999 16.5962,
	88.3517 16.6653,
	88.3517 16.6998,
	88.3863 16.7343,
	88.559 17.287,
	88.6453 17.5633,
	88.749 18.1159,
	88.7835 18.185,
	88.818 18.4613,
	88.8526 18.5995,
	88.8526 19.1521,
	88.8526 19.4284,
	88.8008 19.7047,
	88.7835 19.8429,
	88.7662 19.912,
	88.7144 19.981,
	88.5763 19.9983,
	88.2999 19.8774,
	88.2309 19.8601,
	87.9718 19.6011,
	87.8682 19.4629,
	87.8337 19.4284,
	87.8164 19.3593,
	87.7818 19.3248,
	87.6782 19.0485,
	87.6264 18.9794,
	87.5746 18.8412,
	87.5746 18.8067,
	87.5228 18.7376,
	87.2292 17.6324,
	87.1774 17.0797,
	87.1774 16.5271,
	87.0911 15.4218,
	87.0393 14.3166,
	87.022 13.7639,
	87.022 13.4876,
	87.022 13.3495,
	87.022 13.3149,
	"/>
</Transform>

<Transform dim="0"
 xcoef=" 0 1 0 0 0 0"
 ycoef=" 0 0 1 0 0 0">
<Contour name="TB2 NF_15" hidden="true" closed="true" simplified="false" border="1 1 0" fill="1 1 0" mode="-9"
 points="78.0337 4.94533,
	78.1006 4.8785,
	78.1451 4.85622,
	78.1228 4.83395,
	78.301 4.72257,
	78.3902 4.67801,
	78.7466 4.65574,
	78.8357 4.65574,
	79.0139 4.74484,
	79.1921 4.8785,
	79.2589 4.92305,
	79.3926 5.10126,
	79.4371 5.19037,
	79.4371 5.23492,
	79.348 5.27947,
	78.9916 5.2572,
	78.6352 5.19037,
	78.2788 5.07899,
	78.1006 5.03443,
	78.0337 4.96761,
	"/>
</Transform>

<Transform dim="0"
 xcoef=" 0 1 0 0 0 0"
 ycoef=" 0 0 1 0 0 0">
<Contour name="TB2 NF_24" hidden="true" closed="true" simplified="true" border="1 0.501961 0.25098" fill="1 0.501961 0.25098" mode="-9"
 points="83.4448 69.709,
	83.4923 69.6456,
	83.5557 69.6139,
	83.6825 69.6298,
	83.8092 69.709,
	83.8884 69.8357,
	83.9043 69.9625,
	83.9043 70.0258,
	83.8092 70.1526,
	83.6825 70.1684,
	83.6191 70.1684,
	83.4923 70.0892,
	83.4448 69.8357,
	83.4448 69.7248,
	"/>
</Transform>

<Transform dim="0"
 xcoef=" 0 1 0 0 0 0"
 ycoef=" 0 0 1 0 0 0">
<Contour name="TB2 NF_17" hidden="true" closed="true" simplified="true" border="1 0.501961 0.501961" fill="1 0.501961 0.501961" mode="-9"
 points="79.8569 4.91955,
	79.9141 4.76701,
	80.0095 4.61446,
	80.0667 4.53819,
	80.2192 4.46192,
	80.3717 4.44285,
	80.5243 4.46192,
	80.6006 4.51912,
	80.6387 4.55726,
	80.6578 4.7098,
	80.6578 4.78608,
	80.6006 4.93862,
	80.5052 5.09116,
	80.3527 5.24371,
	80.2001 5.33905,
	80.0476 5.39625,
	79.9713 5.37718,
	79.9904 5.33905,
	79.9141 5.26278,
	79.8569 4.95769,
	79.8569 4.93862,
	"/>
</Transform>

<Transform dim="0"
 xcoef=" 0 1 0 0 0 0"
 ycoef=" 0 0 1 0 0 0">
<Contour name="TB2 NF_17" hidden="true" closed="true" simplified="true" border="1 0.501961 0.501961" fill="1 0.501961 0.501961" mode="-9"
 points="86.2638 20.4219,
	86.3019 20.3456,
	86.3782 20.2884,
	86.5307 20.2502,
	86.607 20.2693,
	86.7214 20.4219,
	86.7786 20.5744,
	86.7595 20.6507,
	86.7405 20.6697,
	86.7214 20.6507,
	86.8167 20.9558,
	86.8167 21.032,
	86.7786 21.1083,
	86.7023 21.1274,
	86.6261 21.1083,
	86.5879 21.1083,
	86.4735 20.9748,
	86.4163 20.8986,
	86.4163 20.8604,
	86.321 20.7079,
	86.2828 20.5553,
	86.2638 20.4791,
	86.2638 20.4409,
	"/>
<Contour name="TB2 NF_17" hidden="true" closed="true" simplified="true" border="1 0.501961 0.501961" fill="1 0.501961 0.501961" mode="-9"
 points="87.16 20.9939,
	87.179 20.9176,
	87.2553 20.8414,
	87.3316 20.8032,
	87.4078 20.8223,
	87.5413 20.9558,
	87.5795 21.1083,
	87.5795 21.4134,
	87.5604 21.4897,
	87.5032 21.5659,
	87.4269 21.6041,
	87.3506 21.585,
	87.2744 21.5278,
	87.1981 21.3753,
	87.16 21.0702,
	87.16 21.013,
	"/>
</Transform>

<Transform dim="0"
 xcoef=" 0 1 0 0 0 0"
 ycoef=" 0 0 1 0 0 0">
<Contour name="TB2 NF_28-FR" hidden="false" closed="true" simplified="true" border="1 0.501961 0.501961" fill="1 0.501961 0.501961" mode="-9"
 points="102.915 4.99125,
	102.943 4.93533,
	102.943 4.82348,
	102.929 4.76756,
	102.971 4.71163,
	103.083 4.65571,
	103.111 4.59978,
	103.125 4.57182,
	103.572 4.41803,
	103.628 4.40405,
	103.74 4.47395,
	103.768 4.52988,
	103.726 4.75358,
	103.726 4.86542,
	103.712 4.92135,
	103.614 5.0332,
	103.39 5.20097,
	103.278 5.24291,
	103.167 5.22893,
	103.083 5.11708,
	102.971 5.06116,
	102.915 5.01922,
	102.915 5.00524,
	"/>
<Contour name="TB2 NF_28-FR" hidden="false" closed="true" simplified="true" border="1 0.501961 0.501961" fill="1 0.501961 0.501961" mode="-9"
 points="102.803 5.87206,
	102.831 5.81614,
	102.943 5.80216,
	102.999 5.81614,
	103.097 5.90003,
	103.139 5.95595,
	103.153 6.01188,
	103.167 6.02586,
	103.153 6.13771,
	103.125 6.19363,
	103.069 6.24955,
	103.013 6.27752,
	102.957 6.26354,
	102.929 6.24955,
	102.901 6.13771,
	102.845 6.08178,
	102.817 6.0678,
	102.817 5.95595,
	102.803 5.90003,
	102.803 5.88605,
	"/>
</Transform>

<Transform dim="0"
 xcoef=" 0 1 0 0 0 0"
 ycoef=" 0 0 1 0 0 0">
<Contour name="TB2 NF_28-FR" hidden="false" closed="true" simplified="true" border="1 0.501961 0.501961" fill="1 0.501961 0.501961" mode="-9"
 points="102.621 7.35406,
	102.691 7.25619,
	102.803 7.29814,
	102.901 7.40999,
	103.041 7.63368,
	103.111 7.74553,
	103.125 7.85738,
	103.111 7.96923,
	103.055 8.02515,
	102.999 8.03914,
	102.943 8.02515,
	102.845 7.92729,
	102.817 7.81544,
	102.705 7.59174,
	102.649 7.52183,
	102.621 7.40999,
	102.621 7.36804,
	"/>
</Transform>

<Transform dim="0"
 xcoef=" 0 1 0 0 0 0"
 ycoef=" 0 0 1 0 0 0">
<Contour name="TB2 NF_24_cw" hidden="false" closed="true" simplified="true" border="1 0.5 0" fill="1 0.682353 0.368627" mode="15"
 points="83.404 69.9859,
	83.4099 69.98,
	83.4157 69.9859,
	83.4274 69.8925,
	83.4216 69.8691,
	83.4274 69.8458,
	83.4157 69.7991,
	83.4157 69.7524,
	83.4332 69.729,
	83.4332 69.7174,
	83.5033 69.6298,
	83.55 69.6006,
	83.5733 69.589,
	83.62 69.5948,
	83.6667 69.6123,
	83.7134 69.6182,
	83.7601 69.6415,
	83.8068 69.6824,
	83.8301 69.729,
	83.8476 69.8224,
	83.8476 69.8691,
	83.8535 69.8925,
	83.8359 69.9859,
	83.8068 70.0325,
	83.7834 70.0559,
	83.69 70.0851,
	83.6433 70.1026,
	83.5966 70.1026,
	83.5033 70.0676,
	83.4157 70.0092,
	83.404 69.9917,
	"/>
</Transform>

<Transform dim="0"
 xcoef=" 0 1 0 0 0 0"
 ycoef=" 0 0 1 0 0 0">
<Contour name="TB2 NF_01_rsl" hidden="false" closed="true" simplified="true" border="0 1 0" fill="0 1 0" mode="-9"
 points="87.7547 1.67346,
	87.8057 1.59183,
	87.8772 1.53061,
	87.9588 1.5204,
	87.9996 1.53061,
	88.071 1.59183,
	88.0915 1.63265,
	88.0915 1.71428,
	88.1017 1.74489,
	88.1119 1.75509,
	88.0915 1.7653,
	88.0098 1.72448,
	87.9384 1.80611,
	87.8976 1.82652,
	87.8568 1.82652,
	87.7751 1.78571,
	87.7547 1.74489,
	87.7547 1.70407,
	87.7547 1.68367,
	"/>
</Transform>

<Transform dim="0"
 xcoef=" 0 1 0 0 0 0"
 ycoef=" 0 0 1 0 0 0">
<Contour name="TB2 NF_06_cw" hidden="false" closed="true" simplified="true" border="0.843137 0.843137 0" fill="0.843137 0.843137 0" mode="-9"
 points="77.9854 4.88406,
	78.0182 4.80899,
	78.037 4.79022,
	78.0464 4.77146,
	78.1168 4.70108,
	78.1543 4.66824,
	78.1918 4.64478,
	78.2106 4.64009,
	78.2247 4.65886,
	78.2294 4.73392,
	78.2435 4.748,
	78.2622 4.74331,
	78.2716 4.73862,
	78.281 4.75269,
	78.2998 4.74331,
	78.3607 4.66824,
	78.3842 4.63071,
	78.3983 4.59317,
	78.464 4.51811,
	78.478 4.49934,
	78.478 4.48996,
	78.4968 4.47119,
	78.5156 4.4665,
	78.5531 4.48057,
	78.6282 4.53218,
	78.6657 4.53687,
	78.6845 4.53687,
	78.6939 4.53218,
	78.7314 4.54156,
	78.7502 4.54626,
	78.783 4.5791,
	78.8581 4.58848,
	78.8956 4.60256,
	78.9144 4.60725,
	78.9519 4.6354,
	79.0223 4.71046,
	79.041 4.71985,
	79.0598 4.73862,
	79.0973 4.74331,
	79.1349 4.73862,
	79.2099 4.79961,
	79.2193 4.81837,
	79.2193 4.83714,
	79.2287 4.85122,
	79.2475 4.8606,
	79.2569 4.86998,
	79.2756 4.86998,
	79.2944 4.87937,
	79.3225 4.9169,
	79.346 4.99197,
	79.3554 5.01073,
	79.3648 5.02012,
	79.3695 5.05765,
	79.3741 5.07642,
	79.3648 5.11395,
	79.3601 5.13272,
	79.3038 5.20309,
	79.2756 5.23594,
	79.2381 5.25939,
	79.163 5.28285,
	79.088 5.27816,
	79.0692 5.27816,
	78.9941 5.24532,
	78.9566 5.24063,
	78.9378 5.23594,
	78.9003 5.25001,
	78.8628 5.25001,
	78.7877 5.23124,
	78.7502 5.22655,
	78.7126 5.20778,
	78.6939 5.19371,
	78.6188 5.17963,
	78.5813 5.16556,
	78.5437 5.1421,
	78.3936 5.07173,
	78.3748 5.06234,
	78.3654 5.06234,
	78.3561 5.05296,
	78.281 5.0295,
	78.2435 5.02012,
	78.2106 4.98258,
	78.1731 4.98258,
	78.1543 4.99197,
	78.1168 4.97789,
	78.098 4.96851,
	78.0605 4.97789,
	78.0229 4.9732,
	77.9901 4.94036,
	77.9854 4.90282,
	77.9854 4.88875,
	"/>
</Transform>

<Transform dim="0"
 xcoef=" 0 1 0 0 0 0"
 ycoef=" 0 0 1 0 0 0">
<Contour name="TB2 NF_07_cw" hidden="false" closed="true" simplified="true" border="0.25098 0.501961 0.501961" fill="0.25098 0.501961 0.501961" mode="-9"
 points="78.193 3.67076,
	78.212 3.61987,
	78.2947 3.51808,
	78.3456 3.48627,
	78.3711 3.47355,
	78.422 3.47355,
	78.4474 3.47355,
	78.5492 3.54353,
	78.5747 3.56897,
	78.5747 3.61987,
	78.5556 3.67076,
	78.5429 3.69621,
	78.4983 3.7471,
	78.4856 3.77255,
	78.4347 3.82345,
	78.3838 3.84253,
	78.3329 3.82981,
	78.282 3.798,
	78.2375 3.75347,
	78.2057 3.70257,
	78.193 3.67712,
	"/>
</Transform>

<Transform dim="0"
 xcoef=" 0 1 0 0 0 0"
 ycoef=" 0 0 1 0 0 0">
<Contour name="TB2 NF_07_cw" hidden="false" closed="true" simplified="true" border="0.25098 0.501961 0.501961" fill="0.25098 0.501961 0.501961" mode="-9"
 points="79.8597 2.45566,
	79.8725 2.40476,
	79.917 2.35387,
	79.9425 2.32842,
	80.0442 2.32206,
	80.0951 2.32842,
	80.146 2.36023,
	80.1969 2.40476,
	80.2415 2.50655,
	80.2415 2.55745,
	80.2287 2.58289,
	80.1778 2.6147,
	80.1715 2.60198,
	80.146 2.60834,
	80.0442 2.58289,
	79.9425 2.57017,
	79.8916 2.56381,
	79.8661 2.54472,
	79.8597 2.49383,
	79.8597 2.46838,
	79.8597 2.46202,
	"/>
</Transform>

<Transform dim="0"
 xcoef=" 0 1 0 0 0 0"
 ycoef=" 0 0 1 0 0 0">
<Contour name="TB2 NF_08_cw" hidden="false" closed="true" simplified="true" border="1 0.501961 0.752941" fill="1 0.501961 0.752941" mode="-9"
 points="87.0682 7.12086,
	87.0914 7.07447,
	87.0798 6.98169,
	87.0856 6.9353,
	87.0856 6.91211,
	87.1262 6.81933,
	87.1436 6.77294,
	87.1436 6.68016,
	87.1436 6.65696,
	87.1958 6.56418,
	87.2248 6.51779,
	87.2596 6.483,
	87.3524 6.40762,
	87.3988 6.38442,
	87.422 6.37283,
	87.4336 6.36123,
	87.4451 6.36123,
	87.4915 6.33223,
	87.5147 6.32644,
	87.5379 6.30904,
	87.5611 6.30324,
	87.6075 6.27425,
	87.6191 6.27425,
	87.6423 6.25685,
	87.6539 6.25685,
	87.6771 6.23945,
	87.7235 6.22206,
	87.909 6.12348,
	88.0018 6.06549,
	88.0946 5.98431,
	88.17 5.89733,
	88.199 5.85094,
	88.2106 5.83934,
	88.2106 5.82774,
	88.2222 5.81615,
	88.2222 5.80455,
	88.2744 5.71177,
	88.3498 5.52621,
	88.3787 5.47982,
	88.3961 5.45662,
	88.4889 5.41603,
	88.5353 5.37544,
	88.5643 5.32905,
	88.5701 5.28266,
	88.5759 5.27106,
	88.5469 5.0855,
	88.5585 5.03911,
	88.5701 5.01592,
	88.5701 5.00432,
	88.6049 4.96373,
	88.6223 4.94053,
	88.6687 4.91734,
	88.7151 4.92314,
	88.7615 4.95213,
	88.8021 4.91154,
	88.8195 4.81876,
	88.8195 4.72598,
	88.8195 4.67959,
	88.831 4.6564,
	88.8774 4.6158,
	89.063 4.48243,
	89.237 4.35486,
	89.3297 4.31427,
	89.3761 4.29687,
	89.4225 4.26788,
	89.4689 4.22149,
	89.5501 4.14611,
	89.5907 4.09972,
	89.6371 4.08812,
	89.7299 4.11711,
	89.7531 4.12291,
	89.8458 4.09972,
	90.0314 3.97214,
	90.0778 3.93735,
	90.101 3.92575,
	90.1474 3.87936,
	90.1648 3.86197,
	90.188 3.85617,
	90.2749 3.77499,
	90.3503 3.68221,
	90.3851 3.63582,
	90.4315 3.58943,
	90.4779 3.56043,
	90.5243 3.54304,
	90.5475 3.53144,
	90.6403 3.53724,
	90.6866 3.54883,
	90.7794 3.55463,
	90.8722 3.59522,
	91.0578 3.65901,
	91.1042 3.68221,
	91.1505 3.717,
	91.1679 3.74019,
	91.1737 3.78658,
	91.1679 3.83297,
	91.1621 3.85617,
	91.0868 3.94315,
	90.994 4.03013,
	90.9476 4.06492,
	90.8548 4.11711,
	90.8084 4.14611,
	90.7156 4.22149,
	90.6229 4.27368,
	90.5301 4.29687,
	90.5069 4.29107,
	90.3213 4.32007,
	90.2981 4.32587,
	90.2865 4.33746,
	90.1938 4.34326,
	90.1474 4.32587,
	90.101 4.33167,
	90.0546 4.35486,
	90.014 4.38965,
	89.9676 4.38965,
	89.9444 4.38385,
	89.927 4.36066,
	89.9038 4.34906,
	89.8806 4.34906,
	89.8342 4.36646,
	89.811 4.37806,
	89.7183 4.36646,
	89.7009 4.36066,
	89.6545 4.37806,
	89.6081 4.40705,
	89.5849 4.41865,
	89.5791 4.44184,
	89.5849 4.48823,
	89.5849 4.49983,
	89.5327 4.59261,
	89.5211 4.6158,
	89.5211 4.6274,
	89.5095 4.639,
	89.5037 4.66219,
	89.4689 4.70279,
	89.3819 4.77817,
	89.3413 4.81296,
	89.3123 4.85355,
	89.2254 4.94053,
	89.208 4.98692,
	89.2138 5.03331,
	89.179 5.07391,
	89.1326 5.0913,
	89.1094 5.0971,
	89.0804 5.13769,
	89.0514 5.23047,
	89.0108 5.27106,
	88.9644 5.28846,
	88.9412 5.28266,
	88.918 5.26526,
	88.8948 5.27106,
	88.8484 5.31745,
	88.831 5.34065,
	88.8253 5.36384,
	88.7847 5.41023,
	88.7499 5.50301,
	88.7325 5.5494,
	88.7267 5.73496,
	88.7151 5.82774,
	88.7093 5.87413,
	88.6745 5.96691,
	88.5527 6.15247,
	88.5063 6.19886,
	88.4599 6.21626,
	88.4367 6.21046,
	88.4251 6.21046,
	88.3614 6.30324,
	88.3498 6.31484,
	88.3961 6.34383,
	88.4425 6.36123,
	88.4947 6.45401,
	88.5121 6.54679,
	88.5179 6.63957,
	88.5179 6.68596,
	88.5063 6.73235,
	88.4831 6.77874,
	88.4715 6.80193,
	88.4483 6.81933,
	88.4019 6.82513,
	88.3556 6.81933,
	88.3092 6.83093,
	88.2164 6.87152,
	88.1294 6.9469,
	88.0366 6.9759,
	87.9902 6.99329,
	87.967 7.01069,
	87.938 7.05708,
	87.8453 7.09187,
	87.8163 7.13826,
	87.7989 7.18465,
	87.7989 7.23104,
	87.7815 7.27743,
	87.7409 7.31802,
	87.6539 7.37021,
	87.6249 7.4166,
	87.6075 7.46299,
	87.5669 7.50938,
	87.4741 7.57317,
	87.4278 7.60216,
	87.3814 7.64855,
	87.3698 7.66595,
	87.3466 7.68914,
	87.3002 7.70654,
	87.277 7.70654,
	87.2364 7.66595,
	87.219 7.61956,
	87.2074 7.52678,
	87.2016 7.48039,
	87.1378 7.29483,
	87.1204 7.27163,
	87.1146 7.24844,
	87.0856 7.20205,
	87.0682 7.15566,
	87.0682 7.13246,
	87.0682 7.12666,
	"/>
</Transform>

<Transform dim="0"
 xcoef=" 0 1 0 0 0 0"
 ycoef=" 0 0 1 0 0 0">
<Contour name="TB2 NF_10_rsl" hidden="false" closed="true" simplified="true" border="0.502 0.502 0.753" fill="0.502 0.502 0.753" mode="-9"
 points="78.1678 4.50438,
	78.1878 4.42421,
	78.1978 4.40417,
	78.2029 4.36409,
	78.2279 4.324,
	78.2379 4.30396,
	78.258 4.28392,
	78.278 4.2739,
	78.3582 4.2739,
	78.3983 4.28392,
	78.4784 4.33403,
	78.4885 4.33904,
	78.4734 4.4192,
	78.4684 4.43924,
	78.4233 4.51941,
	78.3632 4.59457,
	78.288 4.66972,
	78.2079 4.67474,
	78.1928 4.6597,
	78.2129 4.64467,
	78.1878 4.63966,
	78.1678 4.5595,
	78.1678 4.51941,
	78.1678 4.50939,
	"/>
</Transform>

<Transform dim="0"
 xcoef=" 0 1 0 0 0 0"
 ycoef=" 0 0 1 0 0 0">
<Contour name="TB2 NF_10_rsl" hidden="false" closed="true" simplified="true" border="0.502 0.502 0.753" fill="0.502 0.502 0.753" mode="-9"
 points="78.5639 0.467642,
	78.5839 0.414197,
	78.6173 0.360752,
	78.6641 0.313988,
	78.6841 0.287266,
	78.7376 0.260543,
	78.9513 0.253863,
	79.0048 0.287266,
	79.0916 0.387475,
	79.1117 0.414197,
	79.1183 0.44092,
	79.1384 0.467642,
	79.125 0.574532,
	79.0983 0.681421,
	79.0649 0.734866,
	79.0515 0.761588,
	79.0048 0.815033,
	78.9513 0.855117,
	78.8979 0.875159,
	78.791 0.868478,
	78.6841 0.835075,
	78.5973 0.734866,
	78.5772 0.681421,
	78.5639 0.574532,
	78.5639 0.474323,
	"/>
</Transform>

<Transform dim="0"
 xcoef=" 0 1 0 0 0 0"
 ycoef=" 0 0 1 0 0 0">
<Contour name="TB2 NF_13_rsl" hidden="false" closed="true" simplified="true" border="1 0.501961 0.752941" fill="1 0.501961 0.752941" mode="-9"
 points="77.1204 4.01126,
	77.1493 3.97269,
	77.1782 3.89555,
	77.2457 3.81841,
	77.2939 3.75091,
	77.3711 3.68342,
	77.4482 3.63521,
	77.6025 3.62556,
	77.6796 3.62556,
	77.7568 3.64485,
	77.7953 3.65449,
	77.8725 3.7027,
	77.9496 3.72199,
	77.9882 3.73163,
	78.0075 3.73163,
	78.075 3.80877,
	78.1232 3.96305,
	78.1328 4.11733,
	78.075 4.27161,
	78.0557 4.31018,
	77.9785 4.37767,
	77.9592 4.39696,
	77.8821 4.37767,
	77.805 4.31018,
	77.7664 4.28125,
	77.7471 4.26197,
	77.5928 4.21375,
	77.5157 4.19447,
	77.4964 4.17518,
	77.4193 4.20411,
	77.265 4.21375,
	77.1879 4.19447,
	77.1493 4.18483,
	77.13 4.14626,
	77.1204 4.06912,
	77.1204 4.03055,
	77.1204 4.0209,
	"/>
</Transform>

<Transform dim="0"
 xcoef=" 0 1 0 0 0 0"
 ycoef=" 0 0 1 0 0 0">
<Contour name="TB2 NF_13_rsl" hidden="false" closed="true" simplified="true" border="1 0.502 0.753" fill="1 0.502 0.753" mode="-9"
 points="78.019 1.94362,
	78.2098 1.78861,
	78.3052 1.77668,
	78.4006 1.81245,
	78.4841 1.89592,
	78.5079 1.94362,
	78.4721 1.97939,
	78.4483 2.07478,
	78.4244 2.12248,
	78.3767 2.17018,
	78.2814 2.21787,
	78.186 2.21787,
	78.1383 2.20595,
	78.0548 2.12248,
	78.019 2.02709,
	78.019 1.97939,
	78.019 1.95554,
	"/>
</Transform>

<Transform dim="0"
 xcoef=" 0 1 0 0 0 0"
 ycoef=" 0 0 1 0 0 0">
<Image mag="0.00855" contrast="1" brightness="0" red="true" green="true" blue="true"
 src="Aligned 633124.tif" />
<Contour name="a1" hidden="false" closed="true" simplified="false" border="1 0.5 0" fill="1 0.5 0" mode="11"
 points="0 0,
	15991 0,
	15991 12171,
	0 12171,
	"/>
</Transform>

<Transform dim="0"
 xcoef=" 0 1 0 0 0 0"
 ycoef=" 0 0 1 0 0 0">
<Contour name="TB2 Nucleus_98_cw" hidden="false" closed="true" simplified="true" border="1 0 0" fill="1 0 0" mode="15"
 points="88.4385 12.0603,
	88.4934 11.8847,
	88.5263 11.7969,
	88.647 11.6213,
	88.7129 11.5555,
	88.8555 11.2043,
	88.8884 11.0288,
	88.8884 10.941,
	88.8555 10.7654,
	88.8445 10.5898,
	88.8445 10.502,
	88.8884 10.3264,
	88.9323 10.2386,
	89.0969 10.063,
	89.2725 9.94234,
	89.3164 9.92039,
	89.3384 9.89844,
	89.3823 9.88747,
	89.4042 9.86552,
	89.5798 9.79968,
	89.7554 9.71189,
	89.931 9.64604,
	90.1065 9.63507,
	90.2821 9.64604,
	90.3699 9.65702,
	90.4577 9.68994,
	90.5455 9.70091,
	90.7211 9.64604,
	90.8967 9.50338,
	90.9845 9.47046,
	91.16 9.49241,
	91.2478 9.56923,
	91.3356 9.5802,
	91.4234 9.56923,
	91.5112 9.5802,
	91.599 9.63507,
	91.6978 9.81065,
	91.8733 9.90942,
	91.9282 9.99721,
	91.9721 10.1728,
	91.9941 10.2606,
	91.9941 10.4362,
	91.8843 10.7873,
	91.8624 10.8751,
	91.8624 10.919,
	91.9282 11.0068,
	92.016 11.0617,
	92.0599 11.0946,
	92.0818 11.1165,
	92.1257 11.1275,
	92.2135 11.2043,
	92.2794 11.2702,
	92.3452 11.358,
	92.3672 11.4458,
	92.3781 11.4897,
	92.3672 11.5774,
	92.3672 11.6213,
	92.3342 11.7091,
	92.3452 11.8847,
	92.3672 11.9725,
	92.444 12.0603,
	92.4769 12.0822,
	92.6415 12.2359,
	92.7183 12.4115,
	92.7622 12.587,
	92.839 12.7626,
	92.8939 12.8504,
	92.9817 12.9382,
	93.3109 13.2235,
	93.4097 13.3991,
	93.4646 13.5747,
	93.4646 13.6625,
	93.5414 13.8381,
	93.695 14.0027,
	93.8706 14.1453,
	93.9584 14.1892,
	94.0462 14.2551,
	94.123 14.3429,
	94.1449 14.3648,
	94.1669 14.4526,
	94.1669 14.4965,
	94.2327 14.6721,
	94.2766 14.716,
	94.2986 14.7489,
	94.4742 14.8696,
	94.6278 15.0342,
	94.7266 15.2098,
	94.8473 15.561,
	94.8582 15.9121,
	94.8582 15.9999,
	94.9131 16.1755,
	94.946 16.3511,
	94.968 16.7022,
	94.968 16.7461,
	95.0009 16.8339,
	95.0338 17.0095,
	95.0448 17.3607,
	95.0228 17.5363,
	94.8912 17.8874,
	94.8034 18.063,
	94.7485 18.1508,
	94.5839 18.3154,
	94.4961 18.3703,
	94.4522 18.4032,
	94.4303 18.4032,
	94.3425 18.4581,
	94.2547 18.48,
	93.9035 18.6556,
	93.7279 18.7324,
	93.6401 18.7653,
	93.2999 19.0068,
	93.1244 19.0616,
	93.0146 19.2372,
	92.9488 19.325,
	92.861 19.3908,
	92.8171 19.4238,
	92.1148 19.5225,
	92.027 19.5445,
	91.8514 19.5555,
	91.6758 19.5445,
	91.5002 19.4896,
	91.3246 19.3689,
	90.9845 19.0507,
	90.8089 18.908,
	90.6443 18.7873,
	90.5565 18.7324,
	90.4797 18.6446,
	90.4687 18.5568,
	90.4687 18.5349,
	90.4906 18.5129,
	90.4906 18.491,
	90.5565 18.4142,
	90.6443 18.3374,
	90.6772 18.2935,
	90.6882 18.2496,
	90.6443 18.1618,
	90.5674 18.085,
	90.3919 17.9752,
	90.3041 17.9313,
	90.2163 17.9203,
	90.0407 17.8545,
	89.8651 17.7338,
	89.7993 17.668,
	89.7554 17.635,
	89.7334 17.6021,
	89.6566 17.5143,
	89.5469 17.3387,
	89.5359 17.2948,
	89.481 17.207,
	89.3384 16.8559,
	89.2616 16.6803,
	89.2616 16.5925,
	89.2725 16.5486,
	89.2945 16.5267,
	89.3164 16.4389,
	89.3274 16.395,
	89.2835 16.2194,
	89.2616 16.0438,
	89.2945 15.6927,
	89.3713 15.5171,
	89.4591 15.4403,
	89.5469 15.4073,
	89.5908 15.3854,
	89.6676 15.2976,
	89.6895 15.2537,
	89.7334 15.2098,
	89.8541 14.8586,
	89.931 14.6831,
	89.9858 14.6062,
	90.1285 14.4307,
	90.2053 14.3429,
	90.326 14.1673,
	90.348 14.1234,
	90.337 13.9478,
	90.337 13.9039,
	90.1943 13.5527,
	90.1504 13.465,
	90.1285 13.4211,
	90.0407 13.3333,
	89.9529 13.3003,
	89.6017 13.2564,
	89.4262 13.1577,
	89.3823 13.1357,
	89.2067 12.9711,
	89.1628 12.9272,
	88.9872 12.8065,
	88.8994 12.7736,
	88.8555 12.7407,
	88.6799 12.6639,
	88.5921 12.609,
	88.5153 12.5212,
	88.4714 12.4334,
	88.4385 12.2578,
	88.4385 12.0822,
	88.4385 12.0713,
	"/>
</Transform>

<Transform dim="0"
 xcoef=" 0 1 0 0 0 0"
 ycoef=" 0 0 1 0 0 0">
<Contour name="TB2 Nucleus_99_cw" hidden="false" closed="true" simplified="true" border="1 0 0" fill="1 0 0" mode="15"
 points="85.8159 50.862,
	85.8847 50.4217,
	85.9398 50.2015,
	85.9811 49.7611,
	85.9673 49.541,
	85.9536 49.4309,
	85.9673 49.2107,
	86.0086 48.9905,
	86.0086 48.7703,
	85.9811 48.5501,
	85.9811 48.1098,
	86.0086 47.6694,
	86.0774 47.229,
	86.1187 47.0089,
	86.16 46.8988,
	86.2013 46.6786,
	86.3251 46.2382,
	86.4214 45.7979,
	86.5453 45.3575,
	86.5866 45.2474,
	86.6141 45.1924,
	86.6141 45.1648,
	86.6554 45.1098,
	86.6967 44.9997,
	86.7655 44.8896,
	86.793 44.8346,
	86.8205 44.807,
	87.0269 44.3667,
	87.2058 44.1603,
	87.371 44.0089,
	87.426 43.9538,
	87.5086 43.885,
	87.715 43.6924,
	87.7563 43.6648,
	87.8664 43.5548,
	88.0453 43.3759,
	88.1416 43.2658,
	88.2655 43.0456,
	88.293 42.9905,
	88.4031 42.8804,
	88.5132 42.8116,
	88.6233 42.7841,
	88.7334 42.7979,
	88.7884 42.8116,
	88.8159 42.8392,
	89.0361 42.8804,
	89.2563 42.8942,
	89.3664 42.908,
	89.4765 42.9493,
	89.5315 42.9768,
	89.5866 43.0318,
	89.6416 43.1419,
	89.6691 43.1694,
	89.7104 43.2795,
	89.793 43.3896,
	89.8893 43.4722,
	90.0269 43.6924,
	90.1095 43.9126,
	90.1645 44.0226,
	90.2196 44.2428,
	90.2333 44.463,
	90.2333 44.5731,
	90.371 45.0135,
	90.426 45.1236,
	90.481 45.3437,
	90.5086 45.4538,
	90.5223 45.674,
	90.481 46.1144,
	90.481 46.2245,
	90.4673 46.252,
	90.5086 46.4722,
	90.5361 46.5823,
	90.5223 46.6923,
	90.426 46.9125,
	90.2746 47.1327,
	90.1783 47.229,
	90.1233 47.3391,
	90.0957 47.4492,
	90.1233 47.5043,
	90.3297 47.7245,
	90.3847 47.8345,
	90.426 48.0547,
	90.4398 48.1648,
	90.4122 48.385,
	90.2609 48.8254,
	90.2333 48.8804,
	90.2471 49.1006,
	90.2884 49.2107,
	90.4122 49.4309,
	90.4673 49.541,
	90.5223 49.7611,
	90.5911 50.2015,
	90.6049 50.3116,
	90.5636 51.1923,
	90.481 51.6327,
	90.426 52.073,
	90.3847 52.2932,
	90.2333 52.7336,
	90.1645 52.9538,
	89.9856 53.3941,
	89.9031 53.6143,
	89.8893 53.6694,
	89.8618 53.6969,
	89.7379 54.1373,
	89.6416 54.3574,
	89.5866 54.4675,
	89.2425 54.9079,
	89.0361 55.1281,
	88.9673 55.2382,
	88.8572 55.3483,
	88.7471 55.4308,
	88.5407 55.4859,
	88.5682 55.5134,
	88.4581 55.5409,
	88.0178 55.5134,
	87.7976 55.4996,
	87.5912 55.3483,
	87.3985 55.1281,
	87.2334 54.9079,
	87.0407 54.6877,
	86.9444 54.5776,
	86.793 54.385,
	86.6967 54.2749,
	86.5728 54.0547,
	86.5178 53.9446,
	86.4902 53.9171,
	86.3114 53.4767,
	86.2013 53.0363,
	86.1462 52.596,
	86.1049 52.3758,
	85.9536 51.9354,
	85.8847 51.7153,
	85.8297 51.2749,
	85.8159 51.0547,
	85.8159 50.9446,
	85.8159 50.8896,
	85.8159 50.8758,
	"/>
</Transform>

<Transform dim="0"
 xcoef=" 0 1 0 0 0 0"
 ycoef=" 0 0 1 0 0 0">
<Contour name="TB2 Nucleus_100_cw" hidden="false" closed="true" simplified="true" border="1 0 0" fill="1 0 0" mode="15"
 points="86.5554 23.3911,
	86.6737 23.1209,
	86.7074 23.0533,
	86.775 23.0026,
	87.0452 22.9689,
	87.1128 22.9351,
	87.1972 22.6817,
	87.2141 22.6142,
	87.3323 22.496,
	87.3999 22.4622,
	87.535 22.4791,
	87.7883 22.648,
	88.3288 22.8844,
	88.4639 22.9689,
	88.7172 23.2053,
	88.9705 23.4755,
	89.0719 23.6106,
	89.2239 23.8809,
	89.2914 24.016,
	89.4772 24.2862,
	89.5785 24.4213,
	89.7981 24.9617,
	89.9332 25.232,
	90.119 25.7724,
	90.3723 26.3129,
	90.5074 26.5831,
	90.5919 26.8533,
	90.6257 26.9884,
	90.6088 27.2586,
	90.6257 27.3937,
	90.727 27.664,
	90.7945 27.9342,
	90.8283 28.0693,
	90.8283 28.2044,
	91.0141 28.7448,
	91.1323 29.0151,
	91.183 29.2853,
	91.2168 29.4204,
	91.2337 29.9608,
	91.1999 30.2311,
	91.183 30.2986,
	91.1999 30.3662,
	91.2337 30.4,
	91.2505 30.4675,
	91.2168 30.5351,
	91.3012 30.6702,
	91.3519 30.8053,
	91.3857 30.8728,
	91.4025 31.008,
	91.3688 31.5484,
	91.3519 31.616,
	91.2337 31.7342,
	91.1661 31.768,
	91.1492 31.8186,
	91.2168 31.8862,
	91.2843 31.92,
	91.3519 31.9875,
	91.3857 32.0551,
	91.3857 32.1226,
	91.3519 32.1733,
	91.4701 32.2915,
	91.487 32.3591,
	91.4194 32.4942,
	91.3181 32.6293,
	91.3012 32.6968,
	91.183 32.7982,
	90.9128 32.8826,
	90.8452 32.8657,
	90.7777 32.8151,
	90.7439 32.7475,
	90.727 32.4773,
	90.7439 32.3422,
	90.7101 32.2071,
	90.6932 32.1395,
	90.5919 32.0044,
	90.4905 31.7342,
	90.4737 31.6666,
	90.3048 31.3964,
	90.2203 31.2613,
	90.1528 30.9911,
	89.8825 30.4506,
	89.8488 30.4168,
	89.8488 30.3831,
	89.6968 30.1128,
	89.663 30.0453,
	89.6292 30.0115,
	89.6292 29.9777,
	89.5954 29.944,
	89.5954 29.9102,
	89.3083 29.3697,
	89.207 29.0995,
	89.0212 28.8293,
	88.9199 28.5591,
	88.903 28.4915,
	88.8017 28.3564,
	88.6665 28.2382,
	88.4977 27.968,
	88.4301 27.9004,
	88.0585 27.3769,
	87.8052 26.8364,
	87.6363 26.5662,
	87.5012 26.296,
	87.4505 26.1609,
	87.3661 26.0257,
	87.2479 25.7555,
	87.2141 25.688,
	87.1803 25.4177,
	86.8088 24.3369,
	86.623 23.7964,
	86.5723 23.6613,
	86.5554 23.408,
	"/>
</Transform>

<Transform dim="0"
 xcoef=" 0 1 0 0 0 0"
 ycoef=" 0 0 1 0 0 0">
<Contour name="TB2 NF_30_cw" hidden="false" closed="true" simplified="true" border="1 1 0.502" fill="1 1 0" mode="15"
 points="87.2324 11.0784,
	87.3034 10.9362,
	87.3301 10.8652,
	87.3567 10.8296,
	87.3745 10.8119,
	87.3745 10.7941,
	87.4811 10.6608,
	87.6144 10.5542,
	87.7565 10.4743,
	87.7921 10.4565,
	87.8631 10.4476,
	87.8987 10.4476,
	87.9697 10.4743,
	88.0053 10.5009,
	88.0763 10.5098,
	88.0941 10.5276,
	88.2363 10.5898,
	88.3784 10.6697,
	88.4406 10.7408,
	88.4939 10.8829,
	88.5117 11.1672,
	88.5383 11.3094,
	88.5383 11.3805,
	88.5383 11.416,
	88.5028 11.4871,
	88.4495 11.5581,
	88.3873 11.6114,
	88.2451 11.6647,
	88.103 11.6736,
	88.0675 11.647,
	87.9964 11.6559,
	87.9786 11.647,
	87.9875 11.6292,
	87.8454 11.6203,
	87.5611 11.5492,
	87.49 11.5315,
	87.4189 11.4871,
	87.3478 11.4249,
	87.2945 11.3538,
	87.259 11.2827,
	87.2324 11.1406,
	87.2324 11.105,
	87.2324 11.0873,
	"/>
</Transform>

<Transform dim="0"
 xcoef=" 0 1 0 0 0 0"
 ycoef=" 0 0 1 0 0 0">
<Contour name="TB2 NF_30_cw" hidden="false" closed="true" simplified="true" border="1 1 0.502" fill="1 1 0" mode="15"
 points="91.6833 3.3404,
	91.7099 3.26933,
	91.7277 3.23379,
	91.7988 3.18049,
	91.8609 3.10941,
	91.8787 3.08276,
	91.9142 3.05611,
	91.9853 3.02946,
	92.0031 3.01169,
	92.1452 3.01169,
	92.2874 3.03834,
	92.3584 3.07388,
	92.4206 3.13606,
	92.4473 3.1716,
	92.4562 3.24267,
	92.4473 3.27821,
	92.4473 3.29598,
	92.3851 3.36705,
	92.314 3.41147,
	92.243 3.42924,
	92.1008 3.50031,
	91.9587 3.55361,
	91.9231 3.55361,
	91.8876 3.52696,
	91.8165 3.53585,
	91.781 3.53585,
	91.7454 3.50919,
	91.6833 3.36705,
	91.6833 3.34928,
	"/>
</Transform>

<Transform dim="0"
 xcoef=" 0 1 0 0 0 0"
 ycoef=" 0 0 1 0 0 0">
<Contour name="EP_NF01_cw" hidden="false" closed="true" simplified="true" border="0.972549 0.756863 0.0156863" fill="0.972549 0.623529 0.262745" mode="15"
 points="124.179 77.676,
	124.19 77.5866,
	124.201 77.5418,
	124.212 77.5194,
	124.212 77.5083,
	124.279 77.4244,
	124.291 77.402,
	124.33 77.3573,
	124.408 77.2957,
	124.453 77.2622,
	124.498 77.2398,
	124.677 77.2063,
	124.766 77.2007,
	124.855 77.2118,
	124.9 77.2174,
	124.99 77.2118,
	125.034 77.2174,
	125.057 77.2286,
	125.079 77.2286,
	125.102 77.2398,
	125.146 77.2398,
	125.169 77.2342,
	125.258 77.251,
	125.303 77.2566,
	125.392 77.2901,
	125.482 77.3461,
	125.527 77.3796,
	125.706 77.4523,
	125.739 77.4859,
	125.767 77.5306,
	125.789 77.6201,
	125.795 77.6649,
	125.789 77.7096,
	125.795 77.7991,
	125.795 77.8438,
	125.817 77.9333,
	125.812 77.978,
	125.795 78.0228,
	125.767 78.0675,
	125.683 78.2465,
	125.666 78.2912,
	125.644 78.3136,
	125.555 78.3527,
	125.532 78.3527,
	125.487 78.3695,
	125.465 78.3807,
	125.42 78.3807,
	125.409 78.3807,
	125.387 78.3975,
	125.342 78.4031,
	125.253 78.3863,
	125.163 78.3807,
	125.074 78.3639,
	124.895 78.3527,
	124.805 78.3416,
	124.76 78.3416,
	124.738 78.3304,
	124.716 78.3304,
	124.626 78.2968,
	124.581 78.28,
	124.537 78.28,
	124.492 78.2577,
	124.402 78.1906,
	124.313 78.1123,
	124.274 78.0675,
	124.251 78.0228,
	124.24 77.9333,
	124.19 77.7543,
	124.184 77.7096,
	124.179 77.6872,
	124.179 77.6816,
	"/>
</Transform>

</Section>