<?xml version="1.0"?>
<!DOCTYPE Section SYSTEM "section.dtd">

<Section index="597" thickness="0.085" alignLocked="true">
<Transform dim="0"
 xcoef=" 0 1 0 0 0 0"
 ycoef=" 0 0 1 0 0 0">
<Image mag="0.00855" contrast="1" brightness="0" red="true" green="true" blue="true"
 src="Aligned 633597.tif" />
<Contour name="domain1" hidden="false" closed="true" simplified="false" border="1 0 1" fill="1 0 1" mode="11"
 points="0 0,
	15991 0,
	15991 12171,
	0 12171,
	"/>
</Transform>

<Transform dim="0"
 xcoef=" 0 1 0 0 0 0"
 ycoef=" 0 0 1 0 0 0">
<Contour name="TB2 Nucleus_75" hidden="false" closed="true" simplified="true" border="1 0 0" fill="1 0 0" mode="9"
 points="70.7143 57.756,
	70.8071 57.2611,
	70.8844 57.0137,
	70.8999 56.9519,
	70.9308 56.9209,
	70.9617 56.7972,
	71.1009 56.5498,
	71.1782 56.4261,
	71.2865 56.3024,
	71.3329 56.1942,
	71.3483 56.0704,
	71.503 55.5756,
	71.5339 55.4519,
	71.5339 55.3282,
	71.5803 55.0808,
	71.6112 54.9571,
	71.6576 54.4622,
	71.6576 54.4004,
	71.7349 54.153,
	71.7813 53.9056,
	71.9205 53.6581,
	72.137 53.4107,
	72.3071 53.1633,
	72.3998 53.0396,
	72.5235 52.9314,
	72.5854 52.885,
	72.8328 52.7767,
	72.9565 52.7458,
	73.0802 52.7613,
	73.2039 52.8077,
	73.2349 52.8077,
	73.2967 52.7458,
	73.374 52.4984,
	73.3895 52.4365,
	73.4977 52.3283,
	73.7452 52.1891,
	73.9926 52.1118,
	74.24 52.0654,
	74.3637 52.0036,
	74.4255 51.9881,
	74.441 51.9726,
	74.4719 51.9881,
	74.5338 51.9726,
	74.5956 51.9881,
	74.8121 52.22,
	74.9358 52.3283,
	75.0596 52.3901,
	75.1833 52.4829,
	75.2451 52.5139,
	75.3534 52.6376,
	75.3997 52.6839,
	75.4307 52.8077,
	75.4461 53.3025,
	75.4461 53.4262,
	75.4152 53.5499,
	75.3997 53.5808,
	75.4152 53.6118,
	75.3534 53.7355,
	75.3379 53.7973,
	75.276 53.8437,
	75.2142 53.9674,
	75.1987 54.0293,
	75.1523 54.0911,
	75.075 54.3385,
	75.0441 54.4622,
	75.0441 54.586,
	75.0905 54.7097,
	75.1214 54.7715,
	75.1369 54.8024,
	75.2451 54.7097,
	75.3224 54.586,
	75.3534 54.5241,
	75.3534 54.4932,
	75.3843 54.4622,
	75.3843 54.4313,
	75.4152 54.4004,
	75.4152 54.3695,
	75.4771 54.3231,
	75.6008 54.354,
	75.709 54.4313,
	75.7554 54.555,
	75.7399 54.8024,
	75.6936 55.0499,
	75.6626 55.1736,
	75.6626 55.2973,
	75.7399 55.7921,
	75.6936 56.2869,
	75.6781 56.5343,
	75.6317 56.7818,
	75.5544 57.0292,
	75.4152 57.2766,
	75.3379 57.524,
	75.307 57.7714,
	75.2915 57.8951,
	74.9049 58.8848,
	74.6884 59.8745,
	74.6266 60.1219,
	74.5802 60.6167,
	74.5029 60.8641,
	74.4565 61.3589,
	74.441 61.4826,
	74.3328 61.7301,
	74.1936 61.9775,
	74.1163 62.1012,
	74.0699 62.1321,
	74.008 62.194,
	73.8843 62.2404,
	73.6369 62.2558,
	73.1421 62.3331,
	73.0184 62.3177,
	72.8947 62.2713,
	72.6473 62.1012,
	72.539 62.0393,
	72.2916 62.0084,
	71.7968 61.9929,
	71.704 61.8692,
	71.6421 61.7455,
	71.5493 61.6218,
	71.4411 61.3744,
	71.3947 61.2507,
	71.3638 61.1888,
	71.3174 60.9414,
	71.2865 60.8796,
	71.1782 60.7559,
	71.0391 60.5085,
	71.0081 60.4466,
	70.9772 59.9518,
	70.9617 59.8281,
	70.869 59.5806,
	70.8226 59.4569,
	70.7762 59.2095,
	70.7298 58.2199,
	70.7143 57.9724,
	70.7143 57.8487,
	70.7143 57.7869,
	70.7143 57.7714,
	"/>
</Transform>

<Transform dim="0"
 xcoef=" 0 1 0 0 0 0"
 ycoef=" 0 0 1 0 0 0">
<Contour name="TB2 Nucleus_92" hidden="false" closed="true" simplified="true" border="1 0 0" fill="1 0 1" mode="9"
 points="64.1118 49.8045,
	64.1987 49.4571,
	64.2421 48.7623,
	64.2855 48.415,
	64.2638 47.7202,
	64.2855 47.3729,
	64.3072 47.1992,
	64.3507 47.1123,
	64.3507 47.0255,
	64.4375 46.8518,
	64.4809 46.6781,
	64.5678 46.5044,
	64.5678 46.4176,
	64.85 45.7228,
	64.9368 45.5492,
	64.9803 45.3755,
	65.002 45.3103,
	65.154 45.484,
	65.2408 45.5492,
	65.2408 45.3755,
	65.3276 45.2018,
	66.0007 44.7241,
	66.1744 44.5939,
	66.5217 44.4202,
	66.8691 44.2899,
	67.2165 44.2248,
	67.3902 44.1814,
	67.5638 44.2031,
	67.6507 44.2465,
	67.7158 44.3333,
	67.7592 44.3768,
	67.8027 44.7241,
	67.8027 45.4189,
	67.7592 45.7663,
	67.5856 46.1136,
	67.3467 46.461,
	67.2599 46.6347,
	67.1079 47.3294,
	67.0645 47.5031,
	66.8908 47.8505,
	66.7823 48.1979,
	66.6303 48.5452,
	66.5869 48.6321,
	66.5869 48.6755,
	66.3915 49.0229,
	66.1092 49.3702,
	65.8704 49.7176,
	65.523 50.0216,
	65.4362 50.065,
	65.2625 50.217,
	64.9151 50.4124,
	64.7415 50.4558,
	64.5678 50.4558,
	64.4809 50.4341,
	64.3072 50.2821,
	64.1987 50.1301,
	64.1336 49.9564,
	64.1118 49.8696,
	64.1118 49.8262,
	"/>
</Transform>

<Transform dim="0"
 xcoef=" 0 1 0 0 0 0"
 ycoef=" 0 0 1 0 0 0">
<Contour name="TB2 Nucleus_53" hidden="false" closed="true" simplified="true" border="1 0 0" fill="1 0 0" mode="9"
 points="69.4374 46.4785,
	69.5495 46.1197,
	69.6392 45.9404,
	69.6168 45.9179,
	69.5495 45.9852,
	69.5271 45.9628,
	69.5944 45.8731,
	69.6168 45.7834,
	69.6841 45.6937,
	69.8634 45.6265,
	70.0428 45.604,
	70.2222 45.5368,
	70.3118 45.4695,
	70.6706 45.3126,
	70.8499 45.2229,
	71.2087 45.1332,
	71.5674 45.1108,
	72.2849 45.178,
	72.3746 45.2005,
	72.5315 45.3798,
	72.6884 45.5144,
	72.8678 45.604,
	73.2265 45.6713,
	73.4059 45.6713,
	73.5853 45.6265,
	73.944 45.604,
	74.1234 45.5816,
	74.3027 45.4919,
	74.4821 45.4471,
	74.8408 45.4247,
	74.9978 45.5816,
	74.9754 45.761,
	74.8633 45.9404,
	74.8408 46.1197,
	74.9081 46.2991,
	75.0202 46.4785,
	75.0875 46.6578,
	75.1099 46.8372,
	74.9754 47.5547,
	74.8857 47.734,
	74.2131 48.4066,
	73.8543 48.6309,
	73.1369 48.8326,
	73.0472 48.8999,
	73.0023 48.9447,
	72.823 48.9672,
	72.4642 48.8999,
	72.2849 48.8775,
	72.1055 48.9223,
	71.9261 48.9223,
	71.5674 48.8551,
	71.2087 48.8326,
	70.8499 48.8999,
	70.6706 48.8999,
	69.9755 48.3394,
	69.7962 48.1824,
	69.7065 48.0928,
	69.5271 47.734,
	69.4374 47.3753,
	69.4374 46.6578,
	69.4374 46.5009,
	"/>
</Transform>

<Transform dim="0"
 xcoef=" 0 1 0 0 0 0"
 ycoef=" 0 0 1 0 0 0">
<Contour name="TB2 NF_24" hidden="true" closed="true" simplified="true" border="1 0.501961 0.25098" fill="1 0.501961 0.25098" mode="-9"
 points="98.9475 13.7755,
	98.9698 13.6864,
	99.1035 13.5303,
	99.2818 13.3966,
	99.4602 13.3297,
	99.6385 13.3074,
	99.7277 13.2851,
	99.8168 13.3297,
	99.8837 13.4189,
	99.906 13.5972,
	99.8837 13.7755,
	99.6831 14.1322,
	99.5939 14.199,
	99.4156 14.2436,
	99.2373 14.2213,
	99.1481 14.199,
	98.9698 14.0207,
	98.9475 13.8424,
	98.9475 13.7978,
	"/>
</Transform>

<Transform dim="0"
 xcoef=" 0 1 0 0 0 0"
 ycoef=" 0 0 1 0 0 0">
<Contour name="TB2 NF_24_cw" hidden="false" closed="true" simplified="true" border="1 0.5 0" fill="1 0.682353 0.368627" mode="15"
 points="98.9576 13.8347,
	98.9692 13.7729,
	98.9923 13.7112,
	99.0232 13.6495,
	99.0309 13.634,
	99.0386 13.6263,
	99.0386 13.6186,
	99.0464 13.6109,
	99.0734 13.5491,
	99.1004 13.5183,
	99.1158 13.5028,
	99.1235 13.4912,
	99.139 13.4758,
	99.2007 13.4372,
	99.2586 13.387,
	99.3204 13.3485,
	99.3782 13.2983,
	99.3975 13.2674,
	99.4053 13.2558,
	99.4361 13.2365,
	99.4979 13.2288,
	99.5596 13.2404,
	99.5905 13.2327,
	99.6059 13.225,
	99.6175 13.2095,
	99.6792 13.1902,
	99.7101 13.1864,
	99.7256 13.1825,
	99.7873 13.1864,
	99.8182 13.1825,
	99.8336 13.1864,
	99.849 13.1825,
	99.9108 13.1864,
	99.9417 13.1825,
	99.9725 13.1864,
	99.988 13.1902,
	99.9957 13.1902,
	100.011 13.2018,
	100.027 13.2057,
	100.042 13.2211,
	100.05 13.2365,
	100.054 13.2674,
	100.073 13.2983,
	100.092 13.36,
	100.096 13.3755,
	100.135 13.4372,
	100.146 13.4526,
	100.158 13.5144,
	100.15 13.5761,
	100.142 13.5916,
	100.142 13.5993,
	100.119 13.6263,
	100.088 13.6456,
	100.077 13.6572,
	100.065 13.7189,
	100.065 13.7498,
	100.05 13.8115,
	100.038 13.8424,
	100.019 13.8733,
	99.961 13.935,
	99.9108 13.9968,
	99.8529 14.0469,
	99.8259 14.074,
	99.8105 14.1048,
	99.795 14.1666,
	99.7757 14.1974,
	99.7256 14.2592,
	99.7024 14.2901,
	99.687 14.3055,
	99.6908 14.3094,
	99.6754 14.3248,
	99.6445 14.3325,
	99.6291 14.3325,
	99.6136 14.3248,
	99.5828 14.2978,
	99.5519 14.2785,
	99.5365 14.2746,
	99.4747 14.2862,
	99.4438 14.2862,
	99.413 14.2785,
	99.3821 14.2592,
	99.3744 14.2592,
	99.3126 14.209,
	99.2818 14.1897,
	99.2663 14.1859,
	99.2355 14.1666,
	99.1737 14.155,
	99.1583 14.1511,
	99.1351 14.1241,
	99.1351 14.1164,
	99.1158 14.0855,
	99.1081 14.0701,
	99.0811 14.0392,
	99.0194 14.0006,
	99.0039 13.9929,
	98.9769 13.962,
	98.9653 13.9312,
	98.9576 13.8694,
	98.9576 13.8386,
	"/>
</Transform>

<Transform dim="0"
 xcoef=" 0 1 0 0 0 0"
 ycoef=" 0 0 1 0 0 0">
<Contour name="TB2 NF_10_cw" hidden="false" closed="true" simplified="true" border="0.808 0 0.808" fill="0.443 0 0.443" mode="15"
 points="70.9844 52.3096,
	70.9964 52.2453,
	71.0165 52.1811,
	71.0366 52.1489,
	71.0486 52.1168,
	71.0687 52.0847,
	71.1209 52.0244,
	71.129 52.0084,
	71.1812 51.9441,
	71.2133 51.92,
	71.2294 51.916,
	71.2575 51.8919,
	71.2896 51.8919,
	71.2976 51.8839,
	71.3298 51.8798,
	71.3378 51.8839,
	71.3699 51.8798,
	71.386 51.8798,
	71.39 51.8758,
	71.4061 51.8839,
	71.4221 51.8839,
	71.4543 51.8959,
	71.4703 51.8959,
	71.5346 51.924,
	71.5667 51.9441,
	71.631 51.9521,
	71.647 51.9521,
	71.7113 51.9883,
	71.7434 52.0164,
	71.8358 52.1409,
	71.8478 52.173,
	71.8519 52.2373,
	71.8278 52.3015,
	71.8157 52.3176,
	71.8117 52.3337,
	71.7715 52.3979,
	71.7113 52.4501,
	71.6792 52.4702,
	71.6149 52.4903,
	71.5547 52.5345,
	71.5306 52.5666,
	71.4984 52.5827,
	71.4824 52.5907,
	71.4181 52.5786,
	71.386 52.5867,
	71.2615 52.671,
	71.1972 52.7192,
	71.1812 52.7152,
	71.1731 52.7192,
	71.1571 52.7112,
	71.141 52.7112,
	71.1129 52.6831,
	71.0928 52.6509,
	71.0808 52.6349,
	71.0366 52.5064,
	71.0085 52.4421,
	70.9884 52.3778,
	70.9844 52.3136,
	"/>
</Transform>

<Transform dim="0"
 xcoef=" 0 1 0 0 0 0"
 ycoef=" 0 0 1 0 0 0">
<Contour name="TB2 NF_17_cw" hidden="false" closed="true" simplified="true" border="0.682 0 0" fill="1 0 0" mode="-15"
 points="65.9689 59.2999,
	65.976 59.2427,
	66.0688 59.0142,
	66.1188 58.9,
	66.1259 58.8714,
	66.1759 58.8215,
	66.2045 58.8143,
	66.2616 58.7715,
	66.3401 58.6572,
	66.4758 58.4359,
	66.5187 58.393,
	66.5401 58.3645,
	66.6543 58.2931,
	66.7114 58.2431,
	66.7971 58.1503,
	66.8257 58.1217,
	66.8614 58.0717,
	66.8828 58.0146,
	66.8971 57.986,
	66.9042 57.9289,
	66.8971 57.8147,
	66.8899 57.8075,
	66.9114 57.6933,
	66.9257 57.6362,
	66.9828 57.5219,
	67.0399 57.4862,
	67.0685 57.4719,
	67.1184 57.4148,
	67.147 57.3577,
	67.1541 57.3006,
	67.1756 57.2435,
	67.1898 57.2149,
	67.2184 57.1935,
	67.2755 57.1863,
	67.2969 57.1578,
	67.3112 57.1435,
	67.3112 57.1292,
	67.3326 57.1007,
	67.3541 56.9864,
	67.3326 56.9293,
	67.3326 56.9007,
	67.3255 56.8864,
	67.404 56.658,
	67.4397 56.608,
	67.5469 56.5152,
	67.604 56.5009,
	67.6325 56.508,
	67.6825 56.5509,
	67.7254 56.608,
	67.7539 56.6651,
	67.7682 56.6794,
	67.7468 56.7936,
	67.7325 56.8507,
	67.7539 56.9079,
	67.7968 56.965,
	67.7968 57.0221,
	67.7468 57.1364,
	67.7254 57.2506,
	67.7539 57.3648,
	67.7968 57.4791,
	67.8253 57.5933,
	67.8396 57.7076,
	67.8467 57.7647,
	67.8396 57.8218,
	67.7968 57.8789,
	67.7396 57.9146,
	67.6254 57.9575,
	67.5683 58.0003,
	67.504 58.1146,
	67.4897 58.1717,
	67.4826 58.186,
	67.554 58.3002,
	67.5683 58.3573,
	67.5683 58.4145,
	67.5611 58.443,
	67.5112 58.5001,
	67.4755 58.5573,
	67.4183 58.6001,
	67.3898 58.6072,
	67.3612 58.6358,
	67.3041 58.6715,
	67.197 58.7786,
	67.1684 58.8,
	67.1399 58.8,
	67.0256 58.8429,
	66.9756 58.8929,
	66.9471 58.95,
	66.9185 58.9714,
	66.8614 58.9928,
	66.8043 59.0428,
	66.7686 59.0999,
	66.7471 59.1285,
	66.7329 59.1856,
	66.6829 59.2999,
	66.6615 59.357,
	66.6329 59.3784,
	66.6186 59.3784,
	66.5901 59.3998,
	66.5686 59.4569,
	66.5758 59.5141,
	66.5544 59.6283,
	66.5472 59.6569,
	66.5758 59.7711,
	66.5686 59.8282,
	66.5258 59.8854,
	66.4687 59.9068,
	66.4401 59.9139,
	66.383 59.8925,
	66.3544 59.8854,
	66.1259 59.7568,
	66.0688 59.6997,
	66.0474 59.6711,
	66.0046 59.5569,
	65.976 59.4427,
	65.9689 59.3284,
	65.9689 59.307,
	"/>
</Transform>

<Transform dim="0"
 xcoef=" 0 1 0 0 0 0"
 ycoef=" 0 0 1 0 0 0">
<Contour name="TB2 NF_17_cw" hidden="false" closed="true" simplified="true" border="0.682 0 0" fill="1 0 0" mode="-15"
 points="70.8242 52.8879,
	70.8671 52.7737,
	70.8885 52.7165,
	70.967 52.6023,
	70.9813 52.5737,
	71.0099 52.5452,
	71.0242 52.5309,
	71.0527 52.5309,
	71.0813 52.5523,
	71.1027 52.6666,
	71.1098 52.6951,
	71.1384 52.7165,
	71.1955 52.7023,
	71.2241 52.6737,
	71.2526 52.6594,
	71.3098 52.6094,
	71.3669 52.5737,
	71.3955 52.5594,
	71.4526 52.5666,
	71.4811 52.5809,
	71.4954 52.588,
	71.5525 52.5523,
	71.5811 52.5309,
	71.6097 52.5237,
	71.6382 52.5309,
	71.6882 52.6451,
	71.7096 52.7023,
	71.7025 52.7308,
	71.6525 52.7879,
	71.6239 52.8165,
	71.5668 52.8451,
	71.5168 52.8879,
	71.4883 52.9165,
	71.374 52.9736,
	71.3241 53.0307,
	71.2883 53.145,
	71.2312 53.2021,
	71.1741 53.2378,
	71.117 53.2449,
	71.0599 53.2663,
	71.0313 53.2735,
	70.9742 53.2521,
	70.9599 53.2521,
	70.9313 53.2235,
	70.9028 53.2092,
	70.8528 53.1521,
	70.8385 53.0378,
	70.8314 52.9807,
	70.8242 52.9736,
	70.8314 52.945,
	70.8242 52.895,
	"/>
</Transform>

<Transform dim="0"
 xcoef=" 0 1 0 0 0 0"
 ycoef=" 0 0 1 0 0 0">
<Image mag="0.00855" contrast="1" brightness="0" red="true" green="true" blue="true"
 src="..\TF21_robdata\Rob's_latest_seg_files_TF21_TB2\Aligned 633597.tif" />
<Contour name="domain1" hidden="false" closed="true" simplified="false" border="1 0 1" fill="1 0 1" mode="11"
 points="0 0,
	15991 0,
	15991 12171,
	0 12171,
	"/>
</Transform>

<Transform dim="0"
 xcoef=" 0 1 0 0 0 0"
 ycoef=" 0 0 1 0 0 0">
<Contour name="TB2 Nucleus_75" hidden="false" closed="true" simplified="true" border="1 0 0" fill="1 0 0" mode="9"
 points="70.7143 57.756,
	70.8071 57.2611,
	70.8844 57.0137,
	70.8999 56.9519,
	70.9308 56.9209,
	70.9617 56.7972,
	71.1009 56.5498,
	71.1782 56.4261,
	71.2865 56.3024,
	71.3329 56.1942,
	71.3483 56.0704,
	71.503 55.5756,
	71.5339 55.4519,
	71.5339 55.3282,
	71.5803 55.0808,
	71.6112 54.9571,
	71.6576 54.4622,
	71.6576 54.4004,
	71.7349 54.153,
	71.7813 53.9056,
	71.9205 53.6581,
	72.137 53.4107,
	72.3071 53.1633,
	72.3998 53.0396,
	72.5235 52.9314,
	72.5854 52.885,
	72.8328 52.7767,
	72.9565 52.7458,
	73.0802 52.7613,
	73.2039 52.8077,
	73.2349 52.8077,
	73.2967 52.7458,
	73.374 52.4984,
	73.3895 52.4365,
	73.4977 52.3283,
	73.7452 52.1891,
	73.9926 52.1118,
	74.24 52.0654,
	74.3637 52.0036,
	74.4255 51.9881,
	74.441 51.9726,
	74.4719 51.9881,
	74.5338 51.9726,
	74.5956 51.9881,
	74.8121 52.22,
	74.9358 52.3283,
	75.0596 52.3901,
	75.1833 52.4829,
	75.2451 52.5139,
	75.3534 52.6376,
	75.3997 52.6839,
	75.4307 52.8077,
	75.4461 53.3025,
	75.4461 53.4262,
	75.4152 53.5499,
	75.3997 53.5808,
	75.4152 53.6118,
	75.3534 53.7355,
	75.3379 53.7973,
	75.276 53.8437,
	75.2142 53.9674,
	75.1987 54.0293,
	75.1523 54.0911,
	75.075 54.3385,
	75.0441 54.4622,
	75.0441 54.586,
	75.0905 54.7097,
	75.1214 54.7715,
	75.1369 54.8024,
	75.2451 54.7097,
	75.3224 54.586,
	75.3534 54.5241,
	75.3534 54.4932,
	75.3843 54.4622,
	75.3843 54.4313,
	75.4152 54.4004,
	75.4152 54.3695,
	75.4771 54.3231,
	75.6008 54.354,
	75.709 54.4313,
	75.7554 54.555,
	75.7399 54.8024,
	75.6936 55.0499,
	75.6626 55.1736,
	75.6626 55.2973,
	75.7399 55.7921,
	75.6936 56.2869,
	75.6781 56.5343,
	75.6317 56.7818,
	75.5544 57.0292,
	75.4152 57.2766,
	75.3379 57.524,
	75.307 57.7714,
	75.2915 57.8951,
	74.9049 58.8848,
	74.6884 59.8745,
	74.6266 60.1219,
	74.5802 60.6167,
	74.5029 60.8641,
	74.4565 61.3589,
	74.441 61.4826,
	74.3328 61.7301,
	74.1936 61.9775,
	74.1163 62.1012,
	74.0699 62.1321,
	74.008 62.194,
	73.8843 62.2404,
	73.6369 62.2558,
	73.1421 62.3331,
	73.0184 62.3177,
	72.8947 62.2713,
	72.6473 62.1012,
	72.539 62.0393,
	72.2916 62.0084,
	71.7968 61.9929,
	71.704 61.8692,
	71.6421 61.7455,
	71.5493 61.6218,
	71.4411 61.3744,
	71.3947 61.2507,
	71.3638 61.1888,
	71.3174 60.9414,
	71.2865 60.8796,
	71.1782 60.7559,
	71.0391 60.5085,
	71.0081 60.4466,
	70.9772 59.9518,
	70.9617 59.8281,
	70.869 59.5806,
	70.8226 59.4569,
	70.7762 59.2095,
	70.7298 58.2199,
	70.7143 57.9724,
	70.7143 57.8487,
	70.7143 57.7869,
	70.7143 57.7714,
	"/>
</Transform>

<Transform dim="0"
 xcoef=" 0 1 0 0 0 0"
 ycoef=" 0 0 1 0 0 0">
<Contour name="TB2 Nucleus_92" hidden="false" closed="true" simplified="true" border="1 0 0" fill="1 0 1" mode="9"
 points="64.1118 49.8045,
	64.1987 49.4571,
	64.2421 48.7623,
	64.2855 48.415,
	64.2638 47.7202,
	64.2855 47.3729,
	64.3072 47.1992,
	64.3507 47.1123,
	64.3507 47.0255,
	64.4375 46.8518,
	64.4809 46.6781,
	64.5678 46.5044,
	64.5678 46.4176,
	64.85 45.7228,
	64.9368 45.5492,
	64.9803 45.3755,
	65.002 45.3103,
	65.154 45.484,
	65.2408 45.5492,
	65.2408 45.3755,
	65.3276 45.2018,
	66.0007 44.7241,
	66.1744 44.5939,
	66.5217 44.4202,
	66.8691 44.2899,
	67.2165 44.2248,
	67.3902 44.1814,
	67.5638 44.2031,
	67.6507 44.2465,
	67.7158 44.3333,
	67.7592 44.3768,
	67.8027 44.7241,
	67.8027 45.4189,
	67.7592 45.7663,
	67.5856 46.1136,
	67.3467 46.461,
	67.2599 46.6347,
	67.1079 47.3294,
	67.0645 47.5031,
	66.8908 47.8505,
	66.7823 48.1979,
	66.6303 48.5452,
	66.5869 48.6321,
	66.5869 48.6755,
	66.3915 49.0229,
	66.1092 49.3702,
	65.8704 49.7176,
	65.523 50.0216,
	65.4362 50.065,
	65.2625 50.217,
	64.9151 50.4124,
	64.7415 50.4558,
	64.5678 50.4558,
	64.4809 50.4341,
	64.3072 50.2821,
	64.1987 50.1301,
	64.1336 49.9564,
	64.1118 49.8696,
	64.1118 49.8262,
	"/>
</Transform>

<Transform dim="0"
 xcoef=" 0 1 0 0 0 0"
 ycoef=" 0 0 1 0 0 0">
<Contour name="TB2 Nucleus_53" hidden="false" closed="true" simplified="true" border="1 0 0" fill="1 0 0" mode="9"
 points="69.4374 46.4785,
	69.5495 46.1197,
	69.6392 45.9404,
	69.6168 45.9179,
	69.5495 45.9852,
	69.5271 45.9628,
	69.5944 45.8731,
	69.6168 45.7834,
	69.6841 45.6937,
	69.8634 45.6265,
	70.0428 45.604,
	70.2222 45.5368,
	70.3118 45.4695,
	70.6706 45.3126,
	70.8499 45.2229,
	71.2087 45.1332,
	71.5674 45.1108,
	72.2849 45.178,
	72.3746 45.2005,
	72.5315 45.3798,
	72.6884 45.5144,
	72.8678 45.604,
	73.2265 45.6713,
	73.4059 45.6713,
	73.5853 45.6265,
	73.944 45.604,
	74.1234 45.5816,
	74.3027 45.4919,
	74.4821 45.4471,
	74.8408 45.4247,
	74.9978 45.5816,
	74.9754 45.761,
	74.8633 45.9404,
	74.8408 46.1197,
	74.9081 46.2991,
	75.0202 46.4785,
	75.0875 46.6578,
	75.1099 46.8372,
	74.9754 47.5547,
	74.8857 47.734,
	74.2131 48.4066,
	73.8543 48.6309,
	73.1369 48.8326,
	73.0472 48.8999,
	73.0023 48.9447,
	72.823 48.9672,
	72.4642 48.8999,
	72.2849 48.8775,
	72.1055 48.9223,
	71.9261 48.9223,
	71.5674 48.8551,
	71.2087 48.8326,
	70.8499 48.8999,
	70.6706 48.8999,
	69.9755 48.3394,
	69.7962 48.1824,
	69.7065 48.0928,
	69.5271 47.734,
	69.4374 47.3753,
	69.4374 46.6578,
	69.4374 46.5009,
	"/>
</Transform>

<Transform dim="0"
 xcoef=" 0 1 0 0 0 0"
 ycoef=" 0 0 1 0 0 0">
<Contour name="TB2 NF_24" hidden="true" closed="true" simplified="true" border="1 0.501961 0.25098" fill="1 0.501961 0.25098" mode="-9"
 points="98.9475 13.7755,
	98.9698 13.6864,
	99.1035 13.5303,
	99.2818 13.3966,
	99.4602 13.3297,
	99.6385 13.3074,
	99.7277 13.2851,
	99.8168 13.3297,
	99.8837 13.4189,
	99.906 13.5972,
	99.8837 13.7755,
	99.6831 14.1322,
	99.5939 14.199,
	99.4156 14.2436,
	99.2373 14.2213,
	99.1481 14.199,
	98.9698 14.0207,
	98.9475 13.8424,
	98.9475 13.7978,
	"/>
</Transform>

<Transform dim="0"
 xcoef=" 0 1 0 0 0 0"
 ycoef=" 0 0 1 0 0 0">
<Contour name="TB2 NF_24_cw" hidden="false" closed="true" simplified="true" border="1 0.5 0" fill="1 0.682353 0.368627" mode="15"
 points="98.9576 13.8347,
	98.9692 13.7729,
	98.9923 13.7112,
	99.0232 13.6495,
	99.0309 13.634,
	99.0386 13.6263,
	99.0386 13.6186,
	99.0464 13.6109,
	99.0734 13.5491,
	99.1004 13.5183,
	99.1158 13.5028,
	99.1235 13.4912,
	99.139 13.4758,
	99.2007 13.4372,
	99.2586 13.387,
	99.3204 13.3485,
	99.3782 13.2983,
	99.3975 13.2674,
	99.4053 13.2558,
	99.4361 13.2365,
	99.4979 13.2288,
	99.5596 13.2404,
	99.5905 13.2327,
	99.6059 13.225,
	99.6175 13.2095,
	99.6792 13.1902,
	99.7101 13.1864,
	99.7256 13.1825,
	99.7873 13.1864,
	99.8182 13.1825,
	99.8336 13.1864,
	99.849 13.1825,
	99.9108 13.1864,
	99.9417 13.1825,
	99.9725 13.1864,
	99.988 13.1902,
	99.9957 13.1902,
	100.011 13.2018,
	100.027 13.2057,
	100.042 13.2211,
	100.05 13.2365,
	100.054 13.2674,
	100.073 13.2983,
	100.092 13.36,
	100.096 13.3755,
	100.135 13.4372,
	100.146 13.4526,
	100.158 13.5144,
	100.15 13.5761,
	100.142 13.5916,
	100.142 13.5993,
	100.119 13.6263,
	100.088 13.6456,
	100.077 13.6572,
	100.065 13.7189,
	100.065 13.7498,
	100.05 13.8115,
	100.038 13.8424,
	100.019 13.8733,
	99.961 13.935,
	99.9108 13.9968,
	99.8529 14.0469,
	99.8259 14.074,
	99.8105 14.1048,
	99.795 14.1666,
	99.7757 14.1974,
	99.7256 14.2592,
	99.7024 14.2901,
	99.687 14.3055,
	99.6908 14.3094,
	99.6754 14.3248,
	99.6445 14.3325,
	99.6291 14.3325,
	99.6136 14.3248,
	99.5828 14.2978,
	99.5519 14.2785,
	99.5365 14.2746,
	99.4747 14.2862,
	99.4438 14.2862,
	99.413 14.2785,
	99.3821 14.2592,
	99.3744 14.2592,
	99.3126 14.209,
	99.2818 14.1897,
	99.2663 14.1859,
	99.2355 14.1666,
	99.1737 14.155,
	99.1583 14.1511,
	99.1351 14.1241,
	99.1351 14.1164,
	99.1158 14.0855,
	99.1081 14.0701,
	99.0811 14.0392,
	99.0194 14.0006,
	99.0039 13.9929,
	98.9769 13.962,
	98.9653 13.9312,
	98.9576 13.8694,
	98.9576 13.8386,
	"/>
</Transform>

<Transform dim="0"
 xcoef=" 0 1 0 0 0 0"
 ycoef=" 0 0 1 0 0 0">
<Image mag="0.00855" contrast="1" brightness="0" red="true" green="true" blue="true"
 src="Aligned 633597.tif" />
<Contour name="a1" hidden="false" closed="true" simplified="false" border="1 0.5 0" fill="1 0.5 0" mode="11"
 points="0 0,
	15991 0,
	15991 12171,
	0 12171,
	"/>
</Transform>

<Transform dim="0"
 xcoef=" 0 1 0 0 0 0"
 ycoef=" 0 0 1 0 0 0">
<Contour name="TB3_nucleus02_cw" hidden="false" closed="true" simplified="true" border="1 1 1" fill="1 1 1" mode="15"
 points="97.8923 64.8702,
	97.9275 64.814,
	97.9626 64.7015,
	97.9697 64.6733,
	97.9626 64.5609,
	98.0259 64.4484,
	98.0751 64.3359,
	98.0681 64.3078,
	98.047 64.2796,
	98.0329 64.2656,
	98.04 64.2375,
	98.0892 64.1812,
	98.1103 64.1531,
	98.1173 64.125,
	98.1665 64.0687,
	98.2017 64.0125,
	98.2157 63.9844,
	98.2228 63.9703,
	98.2157 63.9141,
	98.2579 63.8578,
	98.265 63.8016,
	98.2509 63.7734,
	98.2509 63.7453,
	98.265 63.7172,
	98.3212 63.675,
	98.3493 63.6539,
	98.3774 63.5977,
	98.3915 63.5696,
	98.4056 63.4571,
	98.4126 63.4008,
	98.4337 63.3446,
	98.4477 63.3165,
	98.4759 63.2883,
	98.4899 63.2883,
	98.5391 63.2321,
	98.5532 63.1759,
	98.5673 62.9509,
	98.5602 62.8384,
	98.5602 62.7821,
	98.5602 62.754,
	98.5743 62.7259,
	98.6305 62.6767,
	98.6798 62.6486,
	98.736 62.6064,
	98.7711 62.5501,
	98.7782 62.4939,
	98.7641 62.3814,
	98.7641 62.3252,
	98.7922 62.2689,
	98.8415 62.2127,
	98.8907 62.1705,
	98.9469 62.1424,
	98.975 62.1283,
	99.0032 62.1002,
	99.0242 62.0439,
	99.0313 61.9877,
	99.0383 61.9596,
	99.0946 61.9104,
	99.1227 61.8963,
	99.1789 61.8471,
	99.2211 61.7979,
	99.3336 61.6995,
	99.4461 61.6502,
	99.5586 61.6221,
	99.6711 61.5799,
	99.7273 61.5659,
	99.9523 61.5659,
	100.177 61.5799,
	100.29 61.594,
	100.402 61.6291,
	100.515 61.7065,
	100.571 61.7276,
	100.683 61.7416,
	100.74 61.7346,
	100.796 61.7416,
	100.908 61.7908,
	100.965 61.8401,
	101.028 61.9525,
	101.063 62.0088,
	101.112 62.058,
	101.14 62.0791,
	101.169 62.0861,
	101.183 62.0861,
	101.197 62.1002,
	101.309 62.1424,
	101.365 62.1564,
	101.394 62.1635,
	101.45 62.2056,
	101.506 62.2267,
	101.618 62.3041,
	101.675 62.3533,
	101.696 62.3814,
	101.808 62.4306,
	101.865 62.4517,
	101.893 62.4587,
	101.942 62.508,
	101.97 62.522,
	102.083 62.515,
	102.139 62.522,
	102.251 62.5923,
	102.307 62.6275,
	102.42 62.6134,
	102.476 62.6134,
	102.589 62.6626,
	102.645 62.7189,
	102.673 62.7751,
	102.687 62.8032,
	102.743 62.8595,
	102.779 62.9157,
	102.8 62.972,
	102.807 63.0845,
	102.793 63.1969,
	102.793 63.2532,
	102.821 63.3657,
	102.877 63.4149,
	102.919 63.4641,
	102.947 63.5766,
	102.947 63.6328,
	102.926 63.7453,
	102.926 63.8578,
	102.926 63.9141,
	102.947 63.9703,
	102.982 64.0265,
	102.989 64.0547,
	102.954 64.1109,
	102.926 64.125,
	102.898 64.125,
	102.842 64.1461,
	102.828 64.1461,
	102.771 64.1882,
	102.729 64.2445,
	102.673 64.357,
	102.666 64.4132,
	102.68 64.4695,
	102.708 64.5257,
	102.715 64.5819,
	102.722 64.596,
	102.701 64.6523,
	102.659 64.7085,
	102.603 64.7577,
	102.582 64.7858,
	102.568 64.8421,
	102.561 64.9546,
	102.539 65.0108,
	102.504 65.0671,
	102.455 65.1233,
	102.399 65.1444,
	102.371 65.1725,
	102.293 65.3975,
	102.286 65.4256,
	102.293 65.4818,
	102.258 65.5381,
	102.23 65.5662,
	102.174 65.5943,
	102.146 65.5873,
	102.132 65.5873,
	102.083 65.5451,
	102.026 65.5311,
	101.914 65.5381,
	101.858 65.5522,
	101.808 65.6014,
	101.78 65.6154,
	101.71 65.7279,
	101.647 65.9529,
	101.633 66.0654,
	101.633 66.1216,
	101.647 66.1779,
	101.689 66.2341,
	101.696 66.2904,
	101.675 66.3185,
	101.647 66.3325,
	101.59 66.3325,
	101.534 66.3114,
	101.478 66.3114,
	101.422 66.3325,
	101.365 66.3677,
	101.344 66.3958,
	101.337 66.4521,
	101.337 66.4802,
	101.323 66.5083,
	101.295 66.5294,
	101.281 66.5294,
	101.253 66.5505,
	101.197 66.5435,
	101.14 66.5224,
	101.112 66.5153,
	101.056 66.5224,
	101 66.5505,
	100.944 66.5927,
	100.915 66.6489,
	100.901 66.677,
	100.873 66.6981,
	100.845 66.7052,
	100.733 66.677,
	100.676 66.6841,
	100.62 66.7122,
	100.592 66.7192,
	100.564 66.7122,
	100.508 66.67,
	100.48 66.663,
	100.423 66.677,
	100.367 66.7052,
	100.255 66.6981,
	100.142 66.67,
	100.086 66.6208,
	100.044 66.5645,
	100.03 66.5364,
	100.023 66.5294,
	100.037 66.5224,
	99.9874 66.5013,
	99.9312 66.4661,
	99.8187 66.445,
	99.7062 66.4661,
	99.5937 66.4731,
	99.5656 66.4802,
	99.5304 66.5224,
	99.5234 66.5505,
	99.4812 66.5997,
	99.425 66.5997,
	99.3687 66.5645,
	99.3617 66.5364,
	99.3828 66.4239,
	99.3828 66.3958,
	99.3687 66.3677,
	99.3125 66.3466,
	99.2844 66.3255,
	99.2703 66.3185,
	99.2703 66.2622,
	99.2633 66.2341,
	99.2141 66.199,
	99.1578 66.1919,
	99.0453 66.213,
	99.0172 66.199,
	98.975 66.1427,
	98.961 66.1287,
	98.9539 66.0724,
	98.968 66.0162,
	98.968 65.9599,
	98.9188 65.9107,
	98.8907 65.8896,
	98.8344 65.8685,
	98.7782 65.8896,
	98.7571 65.9107,
	98.7501 65.967,
	98.7501 65.9951,
	98.7008 66.0513,
	98.6727 66.0583,
	98.6165 66.0302,
	98.5954 65.974,
	98.5884 65.9177,
	98.4899 65.6928,
	98.4548 65.5803,
	98.4196 65.5311,
	98.3634 65.51,
	98.3071 65.51,
	98.2509 65.4889,
	98.1947 65.4467,
	98.1736 65.4186,
	98.1665 65.4045,
	98.1103 65.4186,
	98.0822 65.4186,
	98.0329 65.3764,
	97.9837 65.3201,
	97.9626 65.2639,
	97.9486 65.1514,
	97.9486 65.0389,
	97.9275 64.9827,
	97.9064 64.9546,
	97.8923 64.8983,
	97.8923 64.8772,
	"/>
</Transform>

</Section>