<?xml version="1.0"?>
<!DOCTYPE Section SYSTEM "section.dtd">

<Section index="563" thickness="0.085" alignLocked="true">
<Transform dim="0"
 xcoef=" 0 1 0 0 0 0"
 ycoef=" 0 0 1 0 0 0">
<Image mag="0.00855" contrast="1" brightness="0" red="true" green="true" blue="true"
 src="Aligned 633563.tif" />
<Contour name="domain1" hidden="false" closed="true" simplified="false" border="1 0 1" fill="1 0 1" mode="11"
 points="0 0,
	15991 0,
	15991 12171,
	0 12171,
	"/>
</Transform>

<Transform dim="0"
 xcoef=" 0 1 0 0 0 0"
 ycoef=" 0 0 1 0 0 0">
<Contour name="TB2 Nucleus_72" hidden="false" closed="true" simplified="true" border="1 0 0" fill="1 0 0" mode="9"
 points="75.8018 47.089,
	76.1846 46.6515,
	76.4034 46.4874,
	76.7862 46.3233,
	76.9503 45.8858,
	77.0597 45.0107,
	77.4972 44.1357,
	77.7707 43.6982,
	77.8801 43.4794,
	78.3176 43.2059,
	78.5364 43.1512,
	78.6457 43.1512,
	79.0833 42.8778,
	79.2473 42.7137,
	79.4661 42.7684,
	79.8489 43.1512,
	80.013 43.37,
	80.1771 44.2451,
	80.1771 44.6826,
	80.2318 44.9014,
	80.1224 45.7764,
	80.1224 46.2139,
	80.0677 46.4327,
	80.2865 47.3078,
	80.3959 48.1828,
	80.3412 49.0579,
	80.3959 49.4954,
	80.2865 49.9329,
	80.2318 50.1517,
	79.9036 50.5892,
	79.4661 50.9721,
	79.0286 51.0814,
	78.8098 51.0268,
	78.3723 51.1908,
	77.9348 51.2455,
	77.716 51.1908,
	77.4972 51.0268,
	77.2785 50.9721,
	76.8409 50.5892,
	76.5675 50.1517,
	76.4034 49.7142,
	76.2393 49.4954,
	75.9659 48.6203,
	75.8018 47.7453,
	75.8018 47.3078,
	75.8018 47.1437,
	"/>
</Transform>

<Transform dim="0"
 xcoef=" 0 1 0 0 0 0"
 ycoef=" 0 0 1 0 0 0">
<Contour name="TB2 Nucleus_73" hidden="false" closed="true" simplified="true" border="1 0 0" fill="1 0 0" mode="9"
 points="79.3231 24.4326,
	79.4556 24.1677,
	79.588 24.3664,
	80.1177 24.4988,
	80.6474 24.8299,
	81.3757 25.8893,
	81.8392 26.3528,
	82.1041 26.6176,
	82.2365 26.8825,
	82.2365 27.1473,
	82.0379 27.4122,
	81.5082 27.0149,
	81.3757 26.8825,
	81.1109 27.0149,
	80.9784 27.0149,
	80.515 26.4852,
	80.3163 26.2203,
	79.7866 25.8893,
	79.3893 25.3596,
	79.3231 24.8299,
	79.3231 24.565,
	79.3231 24.4988,
	"/>
</Transform>

<Transform dim="0"
 xcoef=" 0 1 0 0 0 0"
 ycoef=" 0 0 1 0 0 0">
<Contour name="TB2 Nucleus_75" hidden="false" closed="true" simplified="true" border="1 0 0" fill="1 0 0" mode="9"
 points="72.0575 65.2784,
	72.1196 65.1543,
	72.1816 65.0922,
	72.4299 64.9992,
	72.554 64.9061,
	72.6781 64.844,
	72.8022 64.813,
	72.8797 64.6889,
	72.9263 64.5648,
	73.0659 64.3166,
	73.1124 64.0684,
	73.1279 64.0063,
	73.1124 63.8822,
	73.0814 63.8202,
	73.0193 63.7736,
	72.9883 63.7426,
	72.9263 63.7271,
	72.8952 63.7116,
	72.8797 63.7271,
	72.9108 63.7892,
	72.8952 63.8202,
	72.7866 63.6961,
	72.8487 63.6806,
	72.9573 63.4324,
	72.9883 63.3703,
	73.2365 63.1376,
	73.2986 63.0911,
	73.795 62.9204,
	74.2914 62.8429,
	74.4155 62.8894,
	74.5396 62.998,
	74.6637 63.0756,
	74.7878 63.06,
	74.8344 62.998,
	74.9585 62.5016,
	75.036 62.2534,
	75.0826 62.0052,
	75.1912 61.757,
	75.2067 61.6949,
	75.1912 61.5708,
	75.2532 61.4467,
	75.3618 61.3691,
	75.5945 61.152,
	75.6255 61.0899,
	75.7496 60.9658,
	75.7806 60.9037,
	75.8117 60.8727,
	75.8117 60.8417,
	75.8427 60.8107,
	75.8892 60.5625,
	75.9047 60.3143,
	75.8737 60.066,
	75.8427 59.9419,
	75.8582 59.8799,
	75.9203 59.8489,
	76.0444 59.8489,
	76.2926 59.9109,
	76.4167 59.9419,
	76.5408 59.9264,
	76.7269 59.7403,
	76.851 59.6472,
	77.0992 59.5386,
	77.2233 59.4921,
	77.3474 59.4766,
	77.4716 59.4921,
	77.5336 59.5231,
	77.5646 59.5541,
	77.6887 59.6007,
	77.8128 59.5696,
	77.8749 59.5851,
	77.9525 59.8334,
	78.0145 59.9575,
	78.061 60.2057,
	78.1851 60.4539,
	78.2937 60.9503,
	78.2317 61.4467,
	78.1851 61.6949,
	78.0766 61.9431,
	77.999 62.0672,
	77.968 62.1913,
	77.9835 62.4395,
	77.999 62.5016,
	77.9369 62.998,
	77.9369 63.029,
	77.8904 63.0911,
	77.9059 63.2152,
	77.8904 63.3393,
	77.7042 63.5875,
	77.5646 63.8357,
	77.4716 64.0839,
	77.3785 64.208,
	77.2699 64.3011,
	77.0837 64.5493,
	77.0217 64.6113,
	76.7735 64.7665,
	76.6494 64.8751,
	76.5563 64.9836,
	76.3081 65.1853,
	76.1995 65.2784,
	76.153 65.3404,
	76.1064 65.4645,
	75.9978 65.5731,
	75.8737 65.6507,
	75.7496 65.6662,
	75.6255 65.7128,
	75.5169 65.8213,
	75.4859 65.8524,
	75.3618 65.8834,
	74.8654 65.9144,
	74.6172 65.8679,
	74.369 65.8524,
	74.2449 65.8524,
	73.7484 65.992,
	73.6243 66.0075,
	73.5002 66.054,
	73.252 66.0696,
	73.19 66.0696,
	72.6936 65.9144,
	72.4454 65.8679,
	72.3213 65.8524,
	72.1972 65.7438,
	72.0886 65.4956,
	72.0731 65.3715,
	72.0575 65.3094,
	72.0575 65.2939,
	"/>
</Transform>

<Transform dim="0"
 xcoef=" 0 1 0 0 0 0"
 ycoef=" 0 0 1 0 0 0">
<Contour name="TB2 Nucleus_92" hidden="false" closed="true" simplified="true" border="1 0 0" fill="1 0 1" mode="9"
 points="60.5296 47.8722,
	60.573 47.6985,
	60.6381 47.0038,
	60.6598 46.309,
	60.6815 45.9617,
	60.8118 45.2669,
	60.9421 44.9195,
	61.0072 44.7459,
	61.1375 44.5722,
	61.2243 44.659,
	61.2677 44.5722,
	61.3112 44.5287,
	61.3112 44.4853,
	61.8756 43.834,
	61.9408 43.7472,
	61.9625 43.6603,
	62.1796 43.3347,
	62.2013 43.2478,
	62.2447 43.2044,
	62.527 42.5096,
	62.6572 42.1623,
	62.7006 41.9886,
	62.7875 41.8149,
	62.9177 41.6412,
	62.9177 41.5978,
	63.1566 41.2504,
	63.2 41.1636,
	63.3737 41.0116,
	63.4605 40.9899,
	63.5039 40.9465,
	63.6776 40.8813,
	63.8513 40.7728,
	64.025 40.7294,
	64.1118 40.6859,
	64.1553 40.6425,
	64.2421 40.6208,
	64.2855 40.5774,
	64.6329 40.4471,
	64.9803 40.4254,
	65.154 40.4254,
	65.5013 40.4905,
	65.675 40.5991,
	65.827 40.7511,
	65.8704 40.9248,
	65.8921 41.0116,
	65.8704 41.1853,
	65.8053 41.359,
	65.7619 41.7063,
	65.7401 41.88,
	65.8487 42.2274,
	65.9138 42.5748,
	65.9573 42.6616,
	66.0224 43.009,
	66.0441 43.1827,
	66.1092 43.3564,
	66.1309 43.4432,
	66.1092 43.7906,
	66.1092 43.8774,
	66.0007 44.2248,
	66.0007 44.3985,
	65.9573 44.5722,
	65.6316 44.9195,
	65.4579 45.0281,
	65.3059 45.2018,
	65.2191 45.2886,
	65.0671 45.636,
	64.9586 45.9834,
	64.8934 46.0702,
	64.7632 46.4176,
	64.698 46.5913,
	64.6329 46.6781,
	64.5243 47.0255,
	64.177 47.7202,
	63.9599 48.0676,
	63.8513 48.2413,
	63.6993 48.415,
	63.5908 48.7623,
	63.5908 48.936,
	63.4171 49.2834,
	63.1783 49.9781,
	63.0046 50.3255,
	62.8526 50.4992,
	62.7658 50.586,
	62.5921 50.6946,
	62.4184 50.738,
	62.2447 50.738,
	61.8973 50.6512,
	61.55 50.4992,
	61.4631 50.4558,
	61.1158 50.1735,
	60.9638 50.0216,
	60.8986 49.9564,
	60.7467 49.2617,
	60.6381 48.5669,
	60.5513 48.2196,
	60.5296 47.8939,
	"/>
</Transform>

<Transform dim="0"
 xcoef=" 0 1 0 0 0 0"
 ycoef=" 0 0 1 0 0 0">
<Contour name="TB2 Nucleus_41" hidden="false" closed="true" simplified="true" border="1 0 0" fill="1 0 0" mode="9"
 points="63.8814 60.1452,
	64.0279 60.1086,
	64.1012 60.0719,
	64.1378 58.8998,
	64.1012 57.7277,
	64.0645 57.5812,
	64.1378 57.4346,
	64.4308 57.2149,
	64.5773 57.105,
	64.8704 56.9951,
	65.1634 56.7753,
	65.2367 56.7753,
	65.3099 56.7021,
	65.4564 56.6654,
	65.603 56.5555,
	66.189 56.4823,
	66.4821 56.4823,
	66.6286 56.4823,
	66.9216 56.6288,
	66.9949 56.6288,
	67.178 56.9218,
	67.2879 57.2149,
	67.4344 57.3614,
	67.5809 57.4346,
	67.874 57.3248,
	68.0205 57.2881,
	68.6066 57.4713,
	68.7531 57.4346,
	68.9362 57.1782,
	69.0827 57.0683,
	69.3758 57.0317,
	69.6688 57.1416,
	69.9252 57.398,
	70.1084 57.691,
	70.2182 57.9841,
	70.2915 58.1306,
	70.438 58.2771,
	70.7311 58.3504,
	70.8776 58.3137,
	71.4636 58.4969,
	71.5735 58.6434,
	71.7567 59.2295,
	71.8666 60.4016,
	71.8299 60.6946,
	71.6834 60.9877,
	71.6102 61.1342,
	71.4636 61.2807,
	71.2805 61.5371,
	71.0973 62.7093,
	70.8409 63.0023,
	70.7311 63.1122,
	70.5845 63.1488,
	70.2915 63.3319,
	69.9985 63.5884,
	69.7054 63.7349,
	69.4124 63.9913,
	69.1194 64.1378,
	68.8263 64.1012,
	68.5333 63.918,
	68.2403 63.8448,
	68.0937 63.7715,
	67.5077 63.8814,
	67.2146 63.8448,
	66.6286 63.3686,
	66.4088 63.0755,
	66.2623 62.929,
	66.0791 62.636,
	65.7861 62.4528,
	65.4931 62.1964,
	65.2 62.0133,
	64.614 61.7569,
	64.4675 61.6836,
	64.3576 61.5371,
	64.2477 60.951,
	63.918 60.365,
	63.8814 60.2185,
	63.8814 60.1818,
	"/>
</Transform>

<Transform dim="0"
 xcoef=" 0 1 0 0 0 0"
 ycoef=" 0 0 1 0 0 0">
<Contour name="TB2 Nucleus_53" hidden="false" closed="true" simplified="true" border="1 0 0" fill="1 0 0" mode="9"
 points="65.1414 49.6905,
	65.2164 49.3904,
	65.2351 48.7904,
	65.2351 48.6404,
	65.4039 48.0404,
	65.4226 47.9653,
	65.8539 47.3841,
	65.9664 47.2341,
	66.1164 47.084,
	66.3414 46.8028,
	66.9227 46.3528,
	67.2227 46.2777,
	67.3728 46.2402,
	67.6728 46.109,
	67.9728 46.0152,
	68.0478 46.0152,
	68.1978 46.109,
	68.3478 46.1277,
	68.4978 46.0902,
	68.5728 46.0715,
	68.6478 46.0902,
	68.7978 46.184,
	68.9291 46.334,
	68.9666 46.409,
	69.0041 46.4465,
	68.9853 46.5028,
	68.9103 46.4278,
	68.8728 46.3903,
	68.9853 46.6903,
	69.2104 46.9903,
	69.2291 47.1403,
	69.2479 47.2153,
	69.1729 47.5153,
	69.1541 47.6653,
	69.1916 47.9653,
	69.1916 48.2654,
	69.1541 48.4154,
	69.1166 48.4904,
	68.9666 49.6905,
	68.8353 50.2905,
	68.7978 50.5905,
	68.6291 51.1905,
	68.5353 51.3405,
	68.2916 51.6406,
	68.2166 51.6968,
	68.0665 51.6968,
	68.029 51.7718,
	68.0478 51.9218,
	68.0853 51.9968,
	68.3478 52.2969,
	68.4416 52.4469,
	68.4791 52.5219,
	68.4603 52.6719,
	68.3103 52.7281,
	68.2353 52.7281,
	68.0853 52.8406,
	67.7853 52.9344,
	67.4853 52.9531,
	67.3352 52.9531,
	67.0352 52.8594,
	66.8852 52.7844,
	66.8102 52.7656,
	66.7727 52.7281,
	66.4727 52.6156,
	66.1727 52.5406,
	66.0227 52.5219,
	65.8727 52.4281,
	65.7414 52.2781,
	65.5539 51.9781,
	65.4789 51.8281,
	65.4226 51.7531,
	65.2351 51.153,
	65.1789 50.853,
	65.1414 50.253,
	65.1414 49.953,
	65.1414 49.803,
	65.1414 49.728,
	65.1414 49.7092,
	"/>
</Transform>

<Transform dim="0"
 xcoef=" 0 1 0 0 0 0"
 ycoef=" 0 0 1 0 0 0">
<Contour name="TB2 Nucleus_44" hidden="false" closed="true" simplified="true" border="1 0 0" fill="1 0 1" mode="9"
 points="82.7089 44.9421,
	82.7841 44.8669,
	82.8378 44.7917,
	82.8701 44.7058,
	82.8808 44.6199,
	82.8593 44.5769,
	82.8486 44.405,
	82.8593 44.3191,
	82.8916 44.2332,
	82.9023 44.1902,
	82.9345 44.1472,
	83.0204 44.0935,
	83.0634 44.0613,
	83.1171 44.1365,
	83.1386 44.1687,
	83.1493 44.1472,
	83.1601 44.3191,
	83.1493 44.491,
	83.1708 44.6628,
	83.1708 44.7488,
	83.2031 44.9206,
	83.1708 45.0066,
	83.0956 45.0925,
	83.0097 45.1032,
	82.9775 45.1892,
	82.9453 45.2214,
	82.9023 45.2321,
	82.8271 45.1677,
	82.7519 45.0817,
	82.7197 45.0388,
	82.7089 44.9529,
	"/>
<Contour name="TB2 Nucleus_44" hidden="false" closed="true" simplified="true" border="1 0 0" fill="1 0 1" mode="9"
 points="81.9033 44.4373,
	81.9678 44.2654,
	82.0108 44.2332,
	82.0322 44.2117,
	82.1182 44.1795,
	82.2041 44.1687,
	82.29 44.1365,
	82.3652 44.0721,
	82.4082 44.0506,
	82.4941 44.0828,
	82.5693 44.158,
	82.5478 44.1687,
	82.5049 44.1472,
	82.4941 44.1795,
	82.5049 44.2654,
	82.4941 44.3513,
	82.4726 44.3943,
	82.4297 44.4373,
	82.4082 44.4695,
	82.3652 44.491,
	82.29 44.5769,
	82.2041 44.6306,
	82.1182 44.6413,
	81.9463 44.5769,
	81.9141 44.5339,
	81.9033 44.448,
	"/>
<Contour name="TB2 Nucleus_44" hidden="false" closed="true" simplified="true" border="1 0 0" fill="1 0 1" mode="9"
 points="81.7207 43.3953,
	81.7959 43.3416,
	81.8819 43.3202,
	81.9678 43.2772,
	81.957 43.2342,
	81.9033 43.1483,
	81.8819 43.1053,
	81.8926 43.0194,
	81.957 42.9442,
	81.9893 42.9012,
	82.0752 42.8475,
	82.1611 42.826,
	82.2471 42.8475,
	82.29 42.8475,
	82.3115 42.8475,
	82.376 42.9335,
	82.3867 43.0194,
	82.376 43.1053,
	82.376 43.1268,
	82.3437 43.1698,
	82.3223 43.1913,
	82.3437 43.2772,
	82.3974 43.3631,
	82.4619 43.4276,
	82.5478 43.5028,
	82.6015 43.5887,
	82.5908 43.6317,
	82.5156 43.7068,
	82.4834 43.7176,
	82.3974 43.6854,
	82.3115 43.6746,
	82.2685 43.6531,
	82.1826 43.6424,
	82.0108 43.5887,
	81.9893 43.5779,
	81.9785 43.5887,
	82.0645 43.6424,
	82.0859 43.6639,
	82.1074 43.6639,
	82.1182 43.6854,
	82.1074 43.6961,
	82.0215 43.6854,
	81.9785 43.6746,
	81.8067 43.5135,
	81.7315 43.4383,
	81.7207 43.4061,
	"/>
</Transform>

<Transform dim="0"
 xcoef=" 0 1 0 0 0 0"
 ycoef=" 0 0 1 0 0 0">
<Contour name="TB2 Nucleus_93" hidden="false" closed="true" simplified="true" border="1 0 0" fill="1 0 1" mode="9"
 points="69.5676 34.4386,
	69.6443 34.1318,
	69.6826 34.0935,
	69.7401 33.7867,
	69.836 33.4799,
	69.8744 33.3265,
	69.8935 33.2498,
	69.9511 33.1731,
	69.9702 33.0964,
	70.1812 32.8279,
	70.3729 32.5211,
	70.4304 32.4444,
	70.4496 32.3677,
	70.5071 32.291,
	70.5647 32.1376,
	70.6989 31.9842,
	70.6989 31.9459,
	70.8139 31.7924,
	70.8906 31.639,
	71.1591 31.3514,
	71.2933 31.198,
	71.6001 30.9871,
	71.7535 30.8912,
	72.0028 30.6036,
	72.0028 30.5652,
	72.1179 30.4118,
	72.2904 30.1242,
	72.3671 29.9708,
	72.5972 29.664,
	72.7123 29.5106,
	72.7506 29.4339,
	73.0191 29.1463,
	73.1725 29.012,
	73.2108 28.9737,
	73.2492 28.9737,
	73.2875 28.9353,
	73.3642 28.9162,
	73.4026 28.9162,
	73.4409 28.8778,
	73.5943 28.8203,
	73.9011 28.6094,
	74.0545 28.5135,
	74.2079 28.456,
	74.2846 28.456,
	74.323 28.4368,
	74.4764 28.5135,
	74.6298 28.6285,
	74.764 28.7819,
	74.764 28.8586,
	74.9174 28.8203,
	74.9558 28.8203,
	75.0517 29.1271,
	75.1092 29.2805,
	75.2051 29.4339,
	75.2242 29.5106,
	75.6653 30.105,
	75.7995 30.4118,
	75.8954 30.7186,
	75.9145 31.0254,
	75.857 31.639,
	75.7995 31.9459,
	75.7611 32.0993,
	75.7611 32.176,
	75.7036 32.3294,
	75.5119 32.6362,
	75.416 32.7896,
	75.3776 32.8663,
	75.2242 33.0005,
	75.1092 33.1347,
	75.0708 33.2114,
	74.9174 33.3073,
	74.764 33.3648,
	74.4572 33.384,
	74.3805 33.3648,
	74.3038 33.4032,
	74.2079 33.5566,
	74.1504 33.6333,
	73.9203 34.2469,
	73.8628 34.4003,
	73.7669 34.5537,
	73.7477 34.6304,
	73.4985 34.9372,
	73.3451 35.0906,
	73.23 35.244,
	72.9232 35.5316,
	72.6164 35.7425,
	72.463 35.8192,
	71.8494 36.2219,
	71.5426 36.3561,
	71.3892 36.3753,
	71.0824 36.3178,
	70.929 36.3178,
	70.7756 36.2794,
	70.7372 36.2794,
	70.4304 36.0302,
	69.9511 35.4549,
	69.9511 35.4166,
	69.7401 35.1098,
	69.6443 34.9564,
	69.5867 34.803,
	69.5676 34.4961,
	69.5676 34.4578,
	"/>
</Transform>

<Transform dim="0"
 xcoef=" 0 1 0 0 0 0"
 ycoef=" 0 0 1 0 0 0">
<Contour name="TB2_T2C-02_AM_36" hidden="false" closed="true" simplified="true" border="1 0.5 0" fill="1 0.5 0" mode="13"
 points="71.766 43.3726,
	71.786 43.2923,
	71.8562 43.2121,
	71.8964 43.192,
	71.9365 43.202,
	72.097 43.3425,
	72.1773 43.4228,
	72.2576 43.4729,
	72.3378 43.493,
	72.378 43.5231,
	72.4582 43.5231,
	72.4883 43.5331,
	72.6489 43.503,
	72.8094 43.503,
	72.8896 43.503,
	72.9699 43.5231,
	73.01 43.5432,
	73.0301 43.5432,
	73.1104 43.6034,
	73.1706 43.6836,
	73.2107 43.7639,
	73.2007 43.8442,
	73.1906 43.8843,
	73.1605 43.9244,
	73.0803 43.9545,
	73.0401 43.9545,
	72.9599 43.9244,
	72.9398 43.9043,
	72.8595 43.8843,
	72.7793 43.9144,
	72.7392 43.9545,
	72.5686 44.2756,
	72.5084 44.4361,
	72.4783 44.5966,
	72.5084 44.7572,
	72.5385 44.7973,
	72.5586 44.8174,
	72.5786 44.8174,
	72.6188 44.8474,
	72.6589 44.8575,
	72.679 44.8675,
	72.7592 44.8174,
	72.7993 44.7973,
	72.8696 44.717,
	72.8997 44.6769,
	72.9097 44.6368,
	72.9599 44.5565,
	73.0201 44.396,
	73.0401 44.3157,
	73.0602 44.2756,
	73.0602 44.2555,
	73.1304 44.1853,
	73.2107 44.1953,
	73.2508 44.2254,
	73.3311 44.3859,
	73.3612 44.4662,
	73.3813 44.6267,
	73.3512 44.9478,
	73.3211 45.1083,
	73.2809 45.1886,
	73.2207 45.2688,
	73.1906 45.2989,
	73.1706 45.2789,
	73.1706 45.2588,
	73.0903 45.319,
	72.9298 45.3892,
	72.8896 45.4093,
	72.7291 45.4193,
	72.6489 45.3892,
	72.5987 45.309,
	72.5786 45.2287,
	72.5887 45.0682,
	72.5586 45.0381,
	72.5184 45.0481,
	72.4382 45.0983,
	72.398 45.1284,
	72.2375 45.1685,
	72.1572 45.1384,
	72.1171 45.0983,
	72.097 45.0782,
	72.077 44.9979,
	72.087 44.8374,
	72.1171 44.7572,
	72.1572 44.7271,
	72.2375 44.707,
	72.2676 44.6669,
	72.2676 44.6267,
	72.2174 44.5565,
	72.0569 44.4662,
	71.8964 44.3358,
	71.8562 44.2956,
	71.7961 44.1351,
	71.766 44.0548,
	71.766 43.4127,
	71.766 43.3826,
	"/>
</Transform>

<Transform dim="0"
 xcoef=" 0 1 0 0 0 0"
 ycoef=" 0 0 1 0 0 0">
<Contour name="TB2 NF_24" hidden="true" closed="true" simplified="true" border="1 0.501961 0.25098" fill="1 0.501961 0.25098" mode="-9"
 points="98.0559 14.4219,
	98.2119 14.0653,
	98.3902 13.9093,
	98.5685 13.8424,
	98.6577 13.9093,
	98.68 14.0876,
	98.6577 14.2659,
	98.5685 14.4442,
	98.4794 14.5334,
	98.3679 14.7117,
	98.1896 14.8232,
	98.1004 14.8009,
	98.0559 14.7117,
	98.0559 14.5334,
	98.0559 14.4442,
	"/>
</Transform>

<Transform dim="0"
 xcoef=" 0 1 0 0 0 0"
 ycoef=" 0 0 1 0 0 0">
<Contour name="TB2 NF_24_cw" hidden="false" closed="true" simplified="true" border="1 0.5 0" fill="1 0.682353 0.368627" mode="15"
 points="97.9195 14.6297,
	97.9388 14.5988,
	97.9504 14.537,
	97.935 14.4753,
	97.9388 14.4444,
	97.9581 14.4135,
	97.9851 14.3827,
	98.0044 14.3518,
	98.0276 14.2901,
	98.043 14.2592,
	98.0662 14.2283,
	98.1279 14.1666,
	98.1819 14.1125,
	98.2282 14.0508,
	98.2668 13.9891,
	98.2939 13.9582,
	98.3556 13.908,
	98.3865 13.8849,
	98.4173 13.8694,
	98.4328 13.8656,
	98.4482 13.854,
	98.4636 13.8501,
	98.4791 13.854,
	98.5408 13.9003,
	98.5717 13.9196,
	98.6296 13.9736,
	98.6566 14.0045,
	98.6605 14.0662,
	98.7299 14.1897,
	98.7415 14.2052,
	98.7531 14.236,
	98.7647 14.2978,
	98.7685 14.3595,
	98.7801 14.3904,
	98.7878 14.3981,
	98.7878 14.4058,
	98.7994 14.4174,
	98.7955 14.4328,
	98.7569 14.4946,
	98.7454 14.51,
	98.7376 14.5409,
	98.6913 14.5949,
	98.6759 14.5949,
	98.6682 14.5988,
	98.6373 14.5795,
	98.6103 14.5525,
	98.5949 14.5448,
	98.5794 14.5448,
	98.591 14.6065,
	98.5794 14.6374,
	98.5485 14.6567,
	98.5177 14.6682,
	98.4868 14.6721,
	98.4559 14.6682,
	98.4251 14.6721,
	98.3942 14.6837,
	98.3787 14.6914,
	98.3633 14.7068,
	98.3016 14.7454,
	98.2707 14.7609,
	98.2553 14.7647,
	98.2475 14.7609,
	98.2398 14.7647,
	98.209 14.757,
	98.1472 14.7686,
	98.1163 14.7763,
	98.0546 14.7686,
	97.9928 14.7454,
	97.9311 14.6953,
	97.9195 14.6644,
	97.9195 14.6335,
	"/>
</Transform>

<Transform dim="0"
 xcoef=" 0 1 0 0 0 0"
 ycoef=" 0 0 1 0 0 0">
<Contour name="TB2 NF_01_cw" hidden="false" closed="true" simplified="true" border="0.502 0 0.502" fill="0.91 0 0.91" mode="15"
 points="78.2559 34.3308,
	78.3215 34.2898,
	78.3872 34.2734,
	78.42 34.2652,
	78.5513 34.1585,
	78.7811 33.9122,
	78.8878 33.7809,
	78.9699 33.6496,
	79.0356 33.6004,
	79.052 33.584,
	79.0848 33.5758,
	79.1176 33.5429,
	79.1833 33.5101,
	79.1997 33.4937,
	79.2161 33.4937,
	79.331 33.3706,
	79.3885 33.3131,
	79.4623 33.1818,
	79.487 33.1161,
	79.4952 33.0505,
	79.5198 32.9848,
	79.6347 32.8535,
	79.6511 32.8207,
	79.6511 32.8043,
	79.6675 32.7879,
	79.7086 32.6565,
	79.725 32.5252,
	79.7004 32.4596,
	79.7168 32.3283,
	79.7578 32.1969,
	79.7906 32.1313,
	79.807 32.0985,
	79.8153 32.0328,
	79.8481 31.9671,
	79.963 31.8358,
	80.0779 31.7291,
	80.3405 31.565,
	80.3733 31.5568,
	80.3898 31.5404,
	80.4226 31.5322,
	80.5539 31.4501,
	80.6196 31.4173,
	80.6852 31.409,
	80.7345 31.4583,
	80.7837 31.5896,
	80.8083 31.7209,
	80.8165 31.8522,
	80.8329 31.9179,
	80.8329 31.9836,
	80.8247 32.0164,
	80.7591 32.082,
	80.718 32.1395,
	80.6688 32.2708,
	80.6031 32.4021,
	80.5539 32.5334,
	80.5293 32.5991,
	80.5211 32.6319,
	80.3487 32.8946,
	80.1353 33.1572,
	80.0861 33.2228,
	80.0204 33.2803,
	79.9794 33.346,
	79.9219 33.4116,
	79.9055 33.428,
	79.8727 33.428,
	79.807 33.4691,
	79.7004 33.5758,
	79.6347 33.6168,
	79.6019 33.6496,
	79.5362 33.6824,
	79.5034 33.7071,
	79.4705 33.7153,
	79.3474 33.8056,
	79.2243 33.9287,
	79.1587 33.9779,
	78.896 34.1256,
	78.7729 34.1995,
	78.7073 34.2405,
	78.576 34.2816,
	78.5431 34.3062,
	78.4775 34.3144,
	78.3462 34.3636,
	78.2805 34.3554,
	78.2559 34.339,
	"/>
</Transform>

<Transform dim="0"
 xcoef=" 0 1 0 0 0 0"
 ycoef=" 0 0 1 0 0 0">
<Contour name="TB2 NF_01_cw" hidden="false" closed="true" simplified="true" border="0.502 0 0.502" fill="0.91 0 0.91" mode="15"
 points="73.5778 39.6327,
	73.627 39.5014,
	73.6434 39.4357,
	73.6434 39.4029,
	73.6598 39.3701,
	73.668 39.3044,
	73.7173 39.1731,
	73.7419 39.1074,
	73.7911 39.0418,
	73.8076 39.0089,
	73.8732 38.9433,
	73.9389 38.9104,
	74.0045 38.9022,
	74.0702 38.8776,
	74.103 38.8448,
	74.1112 38.7791,
	74.2179 38.5165,
	74.2918 38.3852,
	74.3246 38.3195,
	74.341 38.3031,
	74.341 38.2867,
	74.4806 38.0241,
	74.5462 37.8928,
	74.5462 37.8763,
	74.5708 37.8435,
	74.6201 37.7122,
	74.6529 37.6465,
	74.6693 37.6301,
	74.6775 37.5973,
	74.7268 37.5316,
	74.7596 37.5152,
	74.7924 37.5234,
	74.8088 37.5563,
	74.8006 37.6876,
	74.7432 37.9502,
	74.7186 38.0815,
	74.7268 38.3441,
	74.7268 38.4098,
	74.6939 38.5411,
	74.6775 38.6068,
	74.6447 38.6724,
	74.6283 38.6889,
	74.5708 38.8202,
	74.497 38.9515,
	74.3985 39.0828,
	74.3657 39.1156,
	74.2918 39.3783,
	74.2836 39.4111,
	74.2015 39.5424,
	74.1441 39.6081,
	74.0948 39.6573,
	73.9635 39.7476,
	73.8978 39.7722,
	73.8322 39.8132,
	73.7665 39.8379,
	73.7009 39.8379,
	73.6352 39.8132,
	73.6024 39.7886,
	73.5778 39.723,
	73.5778 39.6573,
	73.5778 39.6409,
	"/>
</Transform>

<Transform dim="0"
 xcoef=" 0 1 0 0 0 0"
 ycoef=" 0 0 1 0 0 0">
<Contour name="TB2 NF_01_cw" hidden="false" closed="true" simplified="true" border="0.502 0 0.502" fill="0.91 0 0.91" mode="15"
 points="72.413 44.6268,
	72.4919 44.3742,
	72.7602 43.8692,
	72.7681 43.8376,
	72.8154 43.7745,
	72.8391 43.7429,
	72.847 43.7114,
	72.8628 43.6956,
	72.918 43.7508,
	72.9496 43.8139,
	72.9575 43.8771,
	73.0285 44.0033,
	73.0837 44.2559,
	73.068 44.3821,
	73.0601 44.4453,
	73.068 44.4768,
	73.0127 44.6031,
	72.9101 44.7294,
	72.7917 44.8477,
	72.7286 44.8951,
	72.6655 44.9188,
	72.6339 44.9267,
	72.5077 44.8714,
	72.4524 44.8162,
	72.4208 44.753,
	72.413 44.6347,
	"/>
</Transform>

<Transform dim="0"
 xcoef=" 0 1 0 0 0 0"
 ycoef=" 0 0 1 0 0 0">
<Contour name="TB2 NF_01_cw" hidden="false" closed="true" simplified="true" border="0.502 0 0.502" fill="0.91 0 0.91" mode="15"
 points="74.9619 37.6112,
	75.0172 37.3586,
	75.0251 37.3271,
	75.0251 37.3113,
	75.1198 37.185,
	75.1592 37.1219,
	75.1671 36.9956,
	75.1829 36.9325,
	75.2381 36.8062,
	75.3881 36.5537,
	75.4828 36.3012,
	75.5854 36.1749,
	75.6248 36.1118,
	75.6485 36.0486,
	75.6643 36.0171,
	75.6722 35.8908,
	75.6485 35.6383,
	75.6485 35.512,
	75.6643 35.4489,
	75.7274 35.3226,
	75.83 35.1964,
	76.0825 34.9596,
	76.1141 34.9438,
	76.1614 34.8807,
	76.193 34.857,
	76.2719 34.7308,
	76.3193 34.6045,
	76.3351 34.5414,
	76.3351 34.5256,
	76.3824 34.4624,
	76.5087 34.3756,
	76.6349 34.3204,
	76.6665 34.3283,
	76.6902 34.3599,
	76.6823 34.423,
	76.6428 34.4861,
	76.6192 34.5492,
	76.6113 34.5808,
	76.5639 34.6439,
	76.5008 34.6992,
	76.4061 34.8176,
	76.3824 34.8491,
	76.3351 34.9754,
	76.2719 35.2279,
	76.2561 35.3542,
	76.2009 35.6067,
	76.2088 35.8592,
	76.2167 35.9224,
	76.1772 36.1749,
	76.1614 36.238,
	76.1772 36.3012,
	76.2167 36.3643,
	76.264 36.4906,
	76.2719 36.5221,
	76.2561 36.5853,
	76.2483 36.6168,
	76.2483 36.6326,
	76.2325 36.6484,
	76.2167 36.7115,
	76.2088 36.8378,
	76.1851 36.9009,
	76.0273 37.1535,
	75.8221 37.406,
	75.759 37.4612,
	75.6406 37.5402,
	75.609 37.5638,
	75.5933 37.5638,
	75.5775 37.5796,
	75.5617 37.5796,
	75.5301 37.6033,
	75.5143 37.6033,
	75.4828 37.627,
	75.3565 37.6585,
	75.2302 37.7059,
	75.1671 37.7295,
	75.104 37.7769,
	75.0408 37.8006,
	75.0093 37.8085,
	74.9935 37.8085,
	74.9698 37.7453,
	74.9619 37.6191,
	"/>
</Transform>

<Transform dim="0"
 xcoef=" 0 1 0 0 0 0"
 ycoef=" 0 0 1 0 0 0">
<Contour name="TB2 NF_01_cw" hidden="false" closed="true" simplified="true" border="0.502 0 0.502" fill="0.91 0 0.91" mode="15"
 points="74.5674 38.8659,
	74.591 38.8344,
	74.6305 38.7081,
	74.6936 38.5818,
	74.6936 38.5661,
	74.7173 38.5345,
	74.7646 38.4082,
	74.8278 38.282,
	74.8514 38.2583,
	74.8672 38.2662,
	74.8751 38.3293,
	74.8357 38.5818,
	74.7804 38.8344,
	74.7331 38.9606,
	74.7015 39.0238,
	74.6857 39.0553,
	74.6226 39.079,
	74.591 39.0632,
	74.5674 39.0001,
	74.5674 38.8738,
	"/>
</Transform>

<Transform dim="0"
 xcoef=" 0 1 0 0 0 0"
 ycoef=" 0 0 1 0 0 0">
<Contour name="TB2 NF_09_cw" hidden="false" closed="true" simplified="true" border="0.768627 0 0.384314" fill="0.501961 0 0.25098" mode="15"
 points="70.1014 5.26293,
	70.1139 5.1628,
	70.1202 5.11274,
	70.1139 5.10022,
	70.1202 5.0877,
	70.1327 5.0877,
	70.1765 5.03764,
	70.2016 5.01887,
	70.2516 5.02512,
	70.3017 5.00635,
	70.3517 4.9688,
	70.3768 4.95003,
	70.4331 4.8499,
	70.4706 4.74978,
	70.5019 4.69971,
	70.552 4.67468,
	70.6021 4.67468,
	70.6271 4.68094,
	70.6396 4.6872,
	70.6897 4.65591,
	70.7335 4.60584,
	70.7773 4.56829,
	70.8023 4.55578,
	70.8273 4.56204,
	70.8399 4.57455,
	70.8399 4.59958,
	70.8148 4.64965,
	70.8023 4.67468,
	70.7522 4.71849,
	70.7022 4.73726,
	70.6521 4.73726,
	70.6021 4.74978,
	70.577 4.76855,
	70.552 4.77481,
	70.5082 4.82487,
	70.4769 4.925,
	70.4581 4.97506,
	70.3768 5.07519,
	70.333 5.12525,
	70.2328 5.18783,
	70.2078 5.20035,
	70.1765 5.23789,
	70.1327 5.27544,
	70.1139 5.29422,
	70.1077 5.30047,
	70.1014 5.27544,
	70.1014 5.26918,
	"/>
</Transform>

<Transform dim="0"
 xcoef=" 0 1 0 0 0 0"
 ycoef=" 0 0 1 0 0 0">
<Contour name="TB2 NF_10_cw" hidden="false" closed="true" simplified="true" border="0.807843 0 0.807843" fill="0.443137 0 0.443137" mode="15"
 points="71.1367 4.22058,
	71.1696 4.13299,
	71.1915 4.0892,
	71.2352 4.06183,
	71.4104 3.99614,
	71.5856 3.94687,
	71.6732 3.90855,
	71.8484 3.89213,
	71.8703 3.89213,
	71.8812 3.88665,
	71.9031 3.89213,
	71.9907 3.87571,
	72.0783 3.84286,
	72.4286 3.78812,
	72.5162 3.77717,
	72.6038 3.77717,
	72.6476 3.78264,
	72.6695 3.78264,
	72.7571 3.81549,
	72.8447 3.87023,
	72.8884 3.8976,
	72.9706 3.97971,
	73.0089 4.02351,
	73.0527 4.05088,
	73.1403 4.07825,
	73.184 4.0892,
	73.2278 4.12752,
	73.2497 4.17131,
	73.2662 4.19321,
	73.2716 4.237,
	73.2224 4.32459,
	73.1786 4.35743,
	73.1567 4.36838,
	73.0089 4.54355,
	72.8337 4.62567,
	72.7899 4.64209,
	72.7023 4.64756,
	72.6147 4.63661,
	72.5272 4.64209,
	72.4396 4.63661,
	72.3958 4.65851,
	72.352 4.66398,
	72.1768 4.64756,
	72.0892 4.64209,
	72.0016 4.61472,
	71.9578 4.60377,
	71.914 4.60924,
	71.8265 4.59829,
	71.6513 4.55998,
	71.4761 4.58735,
	71.3885 4.58735,
	71.3447 4.58187,
	71.2571 4.54355,
	71.2134 4.51618,
	71.175 4.47239,
	71.1367 4.3848,
	71.1367 4.29722,
	71.1367 4.25342,
	71.1367 4.23153,
	71.1367 4.22605,
	"/>
</Transform>

<Transform dim="0"
 xcoef=" 0 1 0 0 0 0"
 ycoef=" 0 0 1 0 0 0">
<Contour name="TB2 NF_10_cw" hidden="false" closed="true" simplified="true" border="0.808 0 0.808" fill="0.443 0 0.443" mode="15"
 points="80.2978 33.1483,
	80.3081 33.1071,
	80.3081 33.0865,
	80.3339 33.0041,
	80.3442 32.9629,
	80.3648 32.9217,
	80.3751 32.8805,
	80.4214 32.7981,
	80.4369 32.7568,
	80.4936 32.6744,
	80.5193 32.6332,
	80.5863 32.4684,
	80.6223 32.386,
	80.6687 32.2211,
	80.7048 32.1387,
	80.7614 32.0563,
	80.7975 32.0151,
	80.849 31.9326,
	80.8851 31.8502,
	80.9417 31.773,
	80.9778 31.7421,
	80.9984 31.7214,
	81.0396 31.7008,
	81.0808 31.7008,
	81.122 31.7214,
	81.1426 31.7266,
	81.1838 31.7678,
	81.2868 31.9326,
	81.3435 32.0975,
	81.3641 32.1799,
	81.3744 32.2623,
	81.3847 32.3035,
	81.3899 32.3241,
	81.3744 32.489,
	81.3487 32.6538,
	81.3384 32.7362,
	81.3384 32.7775,
	81.3126 32.8599,
	81.2972 32.9011,
	81.2817 32.9217,
	81.2765 32.9423,
	81.2405 32.9835,
	81.2199 33.0041,
	81.1735 33.0865,
	81.1478 33.1226,
	81.1117 33.1535,
	81.0705 33.1483,
	81.0499 33.1329,
	81.0138 33.0505,
	80.9778 32.8856,
	80.952 32.8496,
	80.9314 32.8702,
	80.8954 32.9526,
	80.849 33.035,
	80.8232 33.0762,
	80.8078 33.1174,
	80.782 33.1586,
	80.7717 33.1793,
	80.7511 33.1999,
	80.7099 33.2205,
	80.6687 33.2256,
	80.5863 33.2153,
	80.5451 33.2205,
	80.5039 33.2359,
	80.4626 33.2617,
	80.3854 33.3389,
	80.3648 33.3544,
	80.3442 33.3544,
	80.3287 33.3338,
	80.3133 33.2926,
	80.303 33.272,
	80.2978 33.1896,
	80.2978 33.1535,
	"/>
</Transform>

<Transform dim="0"
 xcoef=" 0 1 0 0 0 0"
 ycoef=" 0 0 1 0 0 0">
<Contour name="TB2 NF_10_cw" hidden="false" closed="true" simplified="true" border="0.808 0 0.808" fill="0.443 0 0.443" mode="15"
 points="76.248 36.0087,
	76.2529 35.9695,
	76.2628 35.9499,
	76.2628 35.94,
	76.3118 35.8615,
	76.3609 35.7045,
	76.3953 35.6259,
	76.4149 35.5867,
	76.4493 35.4296,
	76.464 35.3511,
	76.4885 35.2726,
	76.4934 35.2529,
	76.5032 35.2431,
	76.5376 35.1646,
	76.5376 35.1548,
	76.5474 35.145,
	76.5818 35.0664,
	76.6014 35.0272,
	76.6309 34.9879,
	76.6309 34.9781,
	76.6505 34.9585,
	76.6505 34.9487,
	76.6799 34.9094,
	76.6799 34.8996,
	76.7143 34.8603,
	76.7683 34.7818,
	76.7977 34.7474,
	76.8075 34.7327,
	76.8812 34.664,
	76.9155 34.6346,
	76.9351 34.6247,
	76.9548 34.6051,
	77.1118 34.5119,
	77.264 34.4431,
	77.421 34.399,
	77.5781 34.3744,
	77.6173 34.3695,
	77.6566 34.3744,
	77.8136 34.3646,
	77.8922 34.3597,
	78.0492 34.3646,
	78.3633 34.3499,
	78.4418 34.3401,
	78.4811 34.3352,
	78.5596 34.3057,
	78.5989 34.2959,
	78.6774 34.2616,
	78.697 34.2517,
	78.7069 34.2419,
	78.7854 34.2125,
	78.8247 34.1928,
	78.8443 34.1781,
	78.9228 34.1438,
	78.9621 34.1192,
	78.9817 34.1094,
	79.0013 34.0898,
	79.0406 34.0702,
	79.0602 34.0505,
	79.0995 34.0309,
	79.178 33.9671,
	79.2565 33.918,
	79.2958 33.8886,
	79.3154 33.8787,
	79.3351 33.8591,
	79.3547 33.8493,
	79.394 33.8149,
	79.4332 33.7953,
	79.5117 33.7217,
	79.5854 33.6579,
	79.6639 33.6039,
	79.6737 33.5941,
	79.6835 33.5941,
	79.7228 33.5646,
	79.7326 33.5646,
	79.8111 33.5205,
	79.8504 33.5058,
	79.87 33.5156,
	79.8749 33.5352,
	79.87 33.5745,
	79.8062 33.7315,
	79.7817 33.7708,
	79.7179 33.9278,
	79.6933 34.0064,
	79.659 34.0849,
	79.6148 34.1634,
	79.6001 34.2027,
	79.5903 34.2223,
	79.5706 34.2419,
	79.4921 34.291,
	79.4529 34.3057,
	79.4332 34.3155,
	79.394 34.3106,
	79.3743 34.3057,
	79.3351 34.3205,
	79.2614 34.3646,
	79.2222 34.3843,
	79.1878 34.4235,
	79.1338 34.502,
	79.1044 34.5413,
	79.0357 34.5953,
	78.9572 34.6493,
	78.9326 34.6885,
	78.8934 34.7278,
	78.8148 34.7818,
	78.7363 34.8161,
	78.697 34.8309,
	78.6774 34.8407,
	78.6676 34.8505,
	78.6283 34.8652,
	78.4713 34.9634,
	78.432 34.9879,
	78.3928 35.0026,
	78.3731 35.0125,
	78.2946 35.0272,
	78.1376 35.0419,
	78.059 35.0566,
	78.0198 35.0566,
	77.9412 35.0763,
	77.8627 35.1106,
	77.8431 35.1253,
	77.8038 35.1401,
	77.7646 35.1646,
	77.7449 35.1744,
	77.7351 35.1744,
	77.6958 35.2039,
	77.6566 35.2431,
	77.6026 35.3167,
	77.4603 35.4689,
	77.3817 35.518,
	77.2247 35.6505,
	77.1903 35.675,
	77.1609 35.7094,
	77.1216 35.7486,
	77.0922 35.783,
	77.0726 35.8026,
	77.048 35.837,
	76.9842 35.9106,
	76.9302 35.9793,
	76.9106 36.0186,
	76.8812 36.0578,
	76.837 36.1363,
	76.8272 36.156,
	76.7585 36.2296,
	76.7192 36.2689,
	76.6996 36.2885,
	76.5474 36.3916,
	76.4738 36.4603,
	76.3511 36.6026,
	76.3364 36.6173,
	76.2971 36.6173,
	76.2824 36.5977,
	76.2529 36.4406,
	76.2677 36.3621,
	76.2726 36.3228,
	76.2579 36.2443,
	76.248 36.2247,
	76.248 36.1462,
	76.2529 36.1069,
	76.248 36.0284,
	76.248 36.0137,
	"/>
</Transform>

<Transform dim="0"
 xcoef=" 0 1 0 0 0 0"
 ycoef=" 0 0 1 0 0 0">
<Contour name="TB2 NF_10_cw" hidden="false" closed="true" simplified="true" border="0.808 0 0.808" fill="0.443 0 0.443" mode="15"
 points="73.0436 40.5081,
	73.0694 40.4393,
	73.078 40.4049,
	73.1038 40.3705,
	73.1382 40.3705,
	73.207 40.3447,
	73.2758 40.3017,
	73.3704 40.1641,
	73.4134 40.0953,
	73.4736 39.9577,
	73.508 39.8889,
	73.5596 39.8287,
	73.5768 39.8201,
	73.6113 39.8287,
	73.6457 39.8545,
	73.7145 39.8287,
	73.7833 39.8287,
	73.9209 39.7771,
	73.9897 39.7341,
	74.0241 39.7083,
	74.0413 39.7083,
	74.1101 39.6653,
	74.1617 39.5965,
	74.2993 39.4761,
	74.3681 39.4675,
	74.4025 39.4761,
	74.4111 39.4847,
	74.4455 39.4589,
	74.4541 39.4245,
	74.5573 39.2869,
	74.6089 39.2181,
	74.6777 39.0804,
	74.7121 39.046,
	74.7809 38.9084,
	74.8153 38.7708,
	74.8325 38.7364,
	74.8325 38.702,
	74.8755 38.5644,
	74.9185 38.014,
	74.9357 37.9452,
	74.9787 37.8764,
	75.0389 37.8162,
	75.0733 37.7818,
	75.2109 37.7044,
	75.2797 37.6786,
	75.3141 37.6528,
	75.5894 37.541,
	75.727 37.4808,
	75.9764 37.2141,
	76.0108 37.1883,
	76.0366 37.2571,
	76.028 37.3948,
	76.0366 37.5324,
	75.9936 37.67,
	75.9076 37.8076,
	75.8044 37.9366,
	75.8044 37.9538,
	75.7614 38.0226,
	75.7012 38.1602,
	75.6926 38.1946,
	75.6324 38.2634,
	75.598 38.2892,
	75.5722 38.358,
	75.555 38.3924,
	75.5292 38.53,
	75.512 38.5988,
	75.3227 38.8568,
	75.2711 38.917,
	75.2367 38.9428,
	75.2281 38.9772,
	75.0991 39.1062,
	75.0389 39.1664,
	75.0217 39.1836,
	74.8841 39.2267,
	74.6605 39.4847,
	74.5401 39.6137,
	74.4713 39.6395,
	74.4369 39.6481,
	74.4283 39.6309,
	74.3595 39.6567,
	74.2907 39.7943,
	74.2907 39.8115,
	74.2735 39.8287,
	74.2649 39.8975,
	74.2133 40.0351,
	74.1531 40.0953,
	74.0843 40.1383,
	74.0499 40.1641,
	74.0413 40.1813,
	74.0585 40.2157,
	74.0929 40.2415,
	74.1101 40.2759,
	74.1015 40.3447,
	74.0585 40.4135,
	73.9209 40.5253,
	73.8521 40.5941,
	73.7403 40.7231,
	73.6113 40.8435,
	73.4822 40.9381,
	73.4134 40.9811,
	73.3446 40.9811,
	73.207 40.9381,
	73.1468 40.8779,
	73.1124 40.8435,
	73.078 40.7747,
	73.0436 40.6371,
	73.0436 40.5683,
	73.0436 40.5339,
	73.0436 40.5167,
	"/>
</Transform>

<Transform dim="0"
 xcoef=" 0 1 0 0 0 0"
 ycoef=" 0 0 1 0 0 0">
<Contour name="TB2 NF_10_cw" hidden="false" closed="true" simplified="true" border="0.808 0 0.808" fill="0.443 0 0.443" mode="15"
 points="71.5471 41.5058,
	71.5729 41.4714,
	71.5815 41.4542,
	71.5987 41.4628,
	71.6331 41.437,
	71.6503 41.437,
	71.7192 41.3854,
	71.788 41.351,
	71.9256 41.3166,
	71.9944 41.2908,
	72.0632 41.2908,
	72.132 41.3338,
	72.2696 41.351,
	72.3384 41.3596,
	72.3728 41.3596,
	72.4416 41.3854,
	72.5792 41.3768,
	72.6136 41.3854,
	72.6824 41.437,
	72.7168 41.5058,
	72.777 41.5746,
	72.8114 41.6004,
	72.8372 41.6692,
	72.863 41.7036,
	72.9318 41.7122,
	72.9662 41.7036,
	73.0006 41.6778,
	73.0178 41.6778,
	73.0522 41.7036,
	73.078 41.7724,
	73.0866 41.8412,
	73.0608 41.9788,
	73.0178 42.1164,
	72.992 42.254,
	72.992 42.3916,
	73.0178 42.5292,
	72.9748 42.8044,
	72.949 42.942,
	72.9404 42.9764,
	72.949 42.9936,
	72.9232 43.1313,
	72.906 43.2001,
	72.8286 43.3377,
	72.7082 43.4667,
	72.648 43.5183,
	72.5792 43.5527,
	72.5104 43.5699,
	72.4416 43.5699,
	72.304 43.5183,
	72.2352 43.4667,
	72.2008 43.4495,
	72.0718 43.3377,
	71.9342 43.2087,
	71.8138 43.0711,
	71.7794 43.0022,
	71.7622 42.9334,
	71.745 42.899,
	71.7192 42.6238,
	71.7106 42.4862,
	71.7278 42.211,
	71.7192 41.9358,
	71.6934 41.7982,
	71.6761 41.7294,
	71.6417 41.6606,
	71.6245 41.6262,
	71.5557 41.5746,
	71.5471 41.5144,
	"/>
</Transform>

<Transform dim="0"
 xcoef=" 0 1 0 0 0 0"
 ycoef=" 0 0 1 0 0 0">
<Contour name="TB2 NF_13_cw" hidden="false" closed="true" simplified="true" border="1 0.501961 0.752941" fill="0.607843 0 0.305882" mode="15"
 points="77.6779 42.8913,
	77.8059 42.7633,
	77.91 42.6433,
	77.99 42.5152,
	78.03 42.3872,
	78.07 42.1312,
	78.086 42.0672,
	78.238 41.8112,
	78.278 41.7472,
	78.326 41.6192,
	78.334 41.5872,
	78.526 41.3312,
	78.766 41.0751,
	78.878 40.9471,
	78.95 40.8191,
	79.006 40.6911,
	79.014 40.6271,
	79.094 40.3711,
	79.1661 40.2431,
	79.2061 40.1791,
	79.2221 40.0511,
	79.2941 39.9231,
	79.5021 39.667,
	79.6141 39.539,
	79.6621 39.475,
	79.7021 39.347,
	79.7581 39.291,
	79.7901 39.267,
	79.8221 39.259,
	79.8781 39.195,
	79.9181 39.131,
	80.0461 39.011,
	80.1021 38.947,
	80.2301 38.867,
	80.2621 38.835,
	80.2941 38.827,
	80.3021 38.859,
	80.3661 38.915,
	80.4061 38.979,
	80.4702 39.019,
	80.5022 39.027,
	80.5262 39.059,
	80.5342 39.091,
	80.5822 39.155,
	80.6382 39.283,
	80.7022 39.347,
	80.7262 39.379,
	80.7502 39.507,
	80.7582 39.523,
	80.8862 39.515,
	80.9502 39.515,
	81.0142 39.491,
	81.1262 39.363,
	81.2542 39.243,
	81.3182 39.219,
	81.3422 39.235,
	81.3582 39.299,
	81.3102 39.555,
	81.2382 39.683,
	81.0302 39.9391,
	80.9182 40.0671,
	80.7902 40.1871,
	80.7262 40.2431,
	80.6942 40.2751,
	80.6302 40.2991,
	80.5662 40.3071,
	80.4381 40.3551,
	80.3101 40.4271,
	80.0781 40.6751,
	79.9741 40.8031,
	79.8941 40.9311,
	79.8621 40.9951,
	79.8461 41.0111,
	79.8381 41.0431,
	79.7661 41.1711,
	79.7101 41.2992,
	79.6781 41.3632,
	79.4541 41.6192,
	79.4141 41.6832,
	79.2061 41.9392,
	79.102 42.0672,
	78.862 42.3232,
	78.742 42.4512,
	78.678 42.5152,
	78.622 42.5633,
	78.406 42.8193,
	78.342 42.8753,
	78.214 42.9313,
	78.15 42.9873,
	78.142 43.0193,
	78.054 43.1473,
	77.99 43.1713,
	77.926 43.2113,
	77.894 43.2193,
	77.862 43.2433,
	77.7979 43.2593,
	77.7659 43.2513,
	77.7419 43.2193,
	77.7339 43.0913,
	77.7259 43.0273,
	77.6779 42.9633,
	77.6779 42.8993,
	"/>
</Transform>

<Transform dim="0"
 xcoef=" 0 1 0 0 0 0"
 ycoef=" 0 0 1 0 0 0">
<Contour name="TB2 NF_13_cw" hidden="false" closed="true" simplified="true" border="1 0.501961 0.752941" fill="0.607843 0 0.305882" mode="15"
 points="75.8391 45.86,
	75.8931 45.6131,
	76.0552 45.1192,
	76.0783 45.0575,
	76.1787 44.9494,
	76.2404 44.8954,
	76.2713 44.88,
	76.2867 44.88,
	76.4102 44.8105,
	76.4719 44.7874,
	76.5028 44.7797,
	76.5336 44.7874,
	76.5954 44.7642,
	76.6108 44.7488,
	76.7343 44.7179,
	76.796 44.7102,
	76.8577 44.7179,
	76.9195 44.7488,
	76.9503 44.7488,
	76.9735 44.7642,
	76.9658 44.7719,
	76.9966 44.7719,
	77.0275 44.7951,
	77.0429 44.826,
	77.0429 44.8568,
	77.0506 44.8723,
	77.0275 44.9957,
	76.9735 45.1192,
	76.9349 45.2427,
	76.904 45.4896,
	76.8423 45.6131,
	76.7651 45.7365,
	76.7265 45.7983,
	76.6725 45.86,
	76.6571 45.8831,
	76.4102 46.0452,
	76.3639 46.0992,
	76.3021 46.1609,
	76.1787 46.2458,
	76.1478 46.269,
	76.0861 46.269,
	75.9626 46.2304,
	75.9009 46.1995,
	75.87 46.1764,
	75.8391 46.0529,
	75.8391 45.9294,
	75.8391 45.8677,
	"/>
</Transform>

<Transform dim="0"
 xcoef=" 0 1 0 0 0 0"
 ycoef=" 0 0 1 0 0 0">
<Contour name="TB2 NF_15_cw" hidden="false" closed="true" simplified="true" border="1 0.282 0.282" fill="0.835 0 0" mode="15"
 points="63.1135 66.7318,
	63.1652 66.6801,
	63.2479 66.6594,
	63.3306 66.5974,
	63.3616 66.5767,
	63.434 66.494,
	63.4753 66.463,
	63.5167 66.4527,
	63.558 66.463,
	63.7234 66.4113,
	63.8888 66.3906,
	63.9302 66.401,
	64.0956 66.3596,
	64.1783 66.37,
	64.2507 66.4527,
	64.2507 66.4733,
	64.3024 66.556,
	64.3334 66.6387,
	64.3437 66.7215,
	64.3541 66.7628,
	64.3334 66.8455,
	64.199 67.0006,
	64.199 67.0213,
	64.1266 67.104,
	64.0853 67.1246,
	64.0026 67.135,
	63.9199 67.166,
	63.7544 67.197,
	63.6717 67.228,
	63.589 67.228,
	63.5063 67.197,
	63.4236 67.135,
	63.3409 67.0523,
	63.2892 66.9696,
	63.1548 66.8042,
	63.1238 66.7628,
	63.1135 66.7421,
	"/>
</Transform>

<Transform dim="0"
 xcoef=" 0 1 0 0 0 0"
 ycoef=" 0 0 1 0 0 0">
<Contour name="TB2 NF_01_cw" hidden="false" closed="true" simplified="true" border="0.424 0 0" fill="0.749 0 0" mode="15"
 points="73.0484 55.2496,
	73.0649 55.1616,
	73.0649 55.1176,
	73.1144 54.9416,
	73.1419 54.8976,
	73.1804 54.8097,
	73.2298 54.6337,
	73.2573 54.4578,
	73.2573 54.2818,
	73.2683 54.1058,
	73.2628 53.9299,
	73.2573 53.8419,
	73.2628 53.7539,
	73.2573 53.402,
	73.2518 53.358,
	73.2134 53.2701,
	73.1969 53.1821,
	73.1859 53.0061,
	73.2408 52.8302,
	73.2628 52.8082,
	73.2848 52.8027,
	73.3068 52.8137,
	73.3398 52.8577,
	73.3618 52.9017,
	73.3783 52.9237,
	73.3783 52.9347,
	73.3948 52.9567,
	73.4498 53.1326,
	73.4828 53.2206,
	73.5268 53.3086,
	73.5873 53.3965,
	73.6367 53.4845,
	73.7082 53.6605,
	73.7302 53.7484,
	73.7522 53.9244,
	73.7577 54.0124,
	73.7467 54.1004,
	73.7357 54.1443,
	73.7137 54.1883,
	73.7082 54.2323,
	73.7412 54.3203,
	73.7467 54.3313,
	73.7137 54.6832,
	73.7027 54.7712,
	73.6587 54.9471,
	73.6367 55.0351,
	73.5653 55.2111,
	73.5323 55.299,
	73.5103 55.343,
	73.5048 55.365,
	73.4938 55.376,
	73.4883 55.398,
	73.4718 55.42,
	73.4278 55.4365,
	73.3838 55.4695,
	73.3398 55.4805,
	73.2958 55.4805,
	73.2518 55.4695,
	73.1639 55.464,
	73.1419 55.4585,
	73.1309 55.4585,
	73.0869 55.4255,
	73.0594 55.3815,
	73.0484 55.3375,
	73.0484 55.255,
	"/>
</Transform>

<Transform dim="0"
 xcoef=" 0 1 0 0 0 0"
 ycoef=" 0 0 1 0 0 0">
<Contour name="TB2 NF_01_cw" hidden="false" closed="true" simplified="true" border="0.424 0 0" fill="0.749 0 0" mode="15"
 points="72.8669 49.1297,
	72.9054 49.0417,
	72.9384 48.9977,
	72.9769 48.9647,
	72.9989 48.9592,
	73.0429 48.9757,
	73.0814 49.0032,
	73.1034 49.0252,
	73.1089 49.0692,
	73.1034 49.1132,
	73.0924 49.1351,
	73.0924 49.1461,
	73.0594 49.1901,
	73.0539 49.2121,
	73.0154 49.2561,
	72.9989 49.2781,
	72.9769 49.2836,
	72.9659 49.2946,
	72.9439 49.2836,
	72.9054 49.2451,
	72.8779 49.2011,
	72.8669 49.1571,
	72.8669 49.1351,
	"/>
</Transform>

<Transform dim="0"
 xcoef=" 0 1 0 0 0 0"
 ycoef=" 0 0 1 0 0 0">
<Contour name="TB2 NF_17_cw" hidden="false" closed="true" simplified="true" border="0.682 0 0" fill="1 0 0" mode="-15"
 points="63.3555 66.1259,
	63.3698 66.0974,
	63.4269 66.0474,
	63.4412 66.0331,
	63.4983 66.0117,
	63.5554 66.0046,
	63.6697 66.0188,
	63.6983 66.0188,
	63.7554 66.0403,
	63.9839 66.0902,
	64.041 66.1188,
	64.0981 66.1688,
	64.1195 66.1973,
	64.1409 66.2545,
	64.1481 66.3116,
	64.1552 66.3259,
	64.1338 66.3544,
	64.0196 66.3759,
	63.9624 66.3901,
	63.8482 66.3901,
	63.734 66.4116,
	63.6768 66.433,
	63.5626 66.4544,
	63.5055 66.4615,
	63.4769 66.4544,
	63.4626 66.4544,
	63.3912 66.2259,
	63.3627 66.1688,
	63.3555 66.1402,
	63.3555 66.1331,
	"/>
</Transform>

<Transform dim="0"
 xcoef=" 0 1 0 0 0 0"
 ycoef=" 0 0 1 0 0 0">
<Image mag="0.00855" contrast="1" brightness="0" red="true" green="true" blue="true"
 src="..\TF21_robdata\Rob's_latest_seg_files_TF21_TB2\Aligned 633563.tif" />
<Contour name="domain1" hidden="false" closed="true" simplified="false" border="1 0 1" fill="1 0 1" mode="11"
 points="0 0,
	15991 0,
	15991 12171,
	0 12171,
	"/>
</Transform>

<Transform dim="0"
 xcoef=" 0 1 0 0 0 0"
 ycoef=" 0 0 1 0 0 0">
<Contour name="TB2 Nucleus_72" hidden="false" closed="true" simplified="true" border="1 0 0" fill="1 0 0" mode="9"
 points="75.8018 47.089,
	76.1846 46.6515,
	76.4034 46.4874,
	76.7862 46.3233,
	76.9503 45.8858,
	77.0597 45.0107,
	77.4972 44.1357,
	77.7707 43.6982,
	77.8801 43.4794,
	78.3176 43.2059,
	78.5364 43.1512,
	78.6457 43.1512,
	79.0833 42.8778,
	79.2473 42.7137,
	79.4661 42.7684,
	79.8489 43.1512,
	80.013 43.37,
	80.1771 44.2451,
	80.1771 44.6826,
	80.2318 44.9014,
	80.1224 45.7764,
	80.1224 46.2139,
	80.0677 46.4327,
	80.2865 47.3078,
	80.3959 48.1828,
	80.3412 49.0579,
	80.3959 49.4954,
	80.2865 49.9329,
	80.2318 50.1517,
	79.9036 50.5892,
	79.4661 50.9721,
	79.0286 51.0814,
	78.8098 51.0268,
	78.3723 51.1908,
	77.9348 51.2455,
	77.716 51.1908,
	77.4972 51.0268,
	77.2785 50.9721,
	76.8409 50.5892,
	76.5675 50.1517,
	76.4034 49.7142,
	76.2393 49.4954,
	75.9659 48.6203,
	75.8018 47.7453,
	75.8018 47.3078,
	75.8018 47.1437,
	"/>
</Transform>

<Transform dim="0"
 xcoef=" 0 1 0 0 0 0"
 ycoef=" 0 0 1 0 0 0">
<Contour name="TB2 Nucleus_73" hidden="false" closed="true" simplified="true" border="1 0 0" fill="1 0 0" mode="9"
 points="79.3231 24.4326,
	79.4556 24.1677,
	79.588 24.3664,
	80.1177 24.4988,
	80.6474 24.8299,
	81.3757 25.8893,
	81.8392 26.3528,
	82.1041 26.6176,
	82.2365 26.8825,
	82.2365 27.1473,
	82.0379 27.4122,
	81.5082 27.0149,
	81.3757 26.8825,
	81.1109 27.0149,
	80.9784 27.0149,
	80.515 26.4852,
	80.3163 26.2203,
	79.7866 25.8893,
	79.3893 25.3596,
	79.3231 24.8299,
	79.3231 24.565,
	79.3231 24.4988,
	"/>
</Transform>

<Transform dim="0"
 xcoef=" 0 1 0 0 0 0"
 ycoef=" 0 0 1 0 0 0">
<Contour name="TB2 Nucleus_75" hidden="false" closed="true" simplified="true" border="1 0 0" fill="1 0 0" mode="9"
 points="72.0575 65.2784,
	72.1196 65.1543,
	72.1816 65.0922,
	72.4299 64.9992,
	72.554 64.9061,
	72.6781 64.844,
	72.8022 64.813,
	72.8797 64.6889,
	72.9263 64.5648,
	73.0659 64.3166,
	73.1124 64.0684,
	73.1279 64.0063,
	73.1124 63.8822,
	73.0814 63.8202,
	73.0193 63.7736,
	72.9883 63.7426,
	72.9263 63.7271,
	72.8952 63.7116,
	72.8797 63.7271,
	72.9108 63.7892,
	72.8952 63.8202,
	72.7866 63.6961,
	72.8487 63.6806,
	72.9573 63.4324,
	72.9883 63.3703,
	73.2365 63.1376,
	73.2986 63.0911,
	73.795 62.9204,
	74.2914 62.8429,
	74.4155 62.8894,
	74.5396 62.998,
	74.6637 63.0756,
	74.7878 63.06,
	74.8344 62.998,
	74.9585 62.5016,
	75.036 62.2534,
	75.0826 62.0052,
	75.1912 61.757,
	75.2067 61.6949,
	75.1912 61.5708,
	75.2532 61.4467,
	75.3618 61.3691,
	75.5945 61.152,
	75.6255 61.0899,
	75.7496 60.9658,
	75.7806 60.9037,
	75.8117 60.8727,
	75.8117 60.8417,
	75.8427 60.8107,
	75.8892 60.5625,
	75.9047 60.3143,
	75.8737 60.066,
	75.8427 59.9419,
	75.8582 59.8799,
	75.9203 59.8489,
	76.0444 59.8489,
	76.2926 59.9109,
	76.4167 59.9419,
	76.5408 59.9264,
	76.7269 59.7403,
	76.851 59.6472,
	77.0992 59.5386,
	77.2233 59.4921,
	77.3474 59.4766,
	77.4716 59.4921,
	77.5336 59.5231,
	77.5646 59.5541,
	77.6887 59.6007,
	77.8128 59.5696,
	77.8749 59.5851,
	77.9525 59.8334,
	78.0145 59.9575,
	78.061 60.2057,
	78.1851 60.4539,
	78.2937 60.9503,
	78.2317 61.4467,
	78.1851 61.6949,
	78.0766 61.9431,
	77.999 62.0672,
	77.968 62.1913,
	77.9835 62.4395,
	77.999 62.5016,
	77.9369 62.998,
	77.9369 63.029,
	77.8904 63.0911,
	77.9059 63.2152,
	77.8904 63.3393,
	77.7042 63.5875,
	77.5646 63.8357,
	77.4716 64.0839,
	77.3785 64.208,
	77.2699 64.3011,
	77.0837 64.5493,
	77.0217 64.6113,
	76.7735 64.7665,
	76.6494 64.8751,
	76.5563 64.9836,
	76.3081 65.1853,
	76.1995 65.2784,
	76.153 65.3404,
	76.1064 65.4645,
	75.9978 65.5731,
	75.8737 65.6507,
	75.7496 65.6662,
	75.6255 65.7128,
	75.5169 65.8213,
	75.4859 65.8524,
	75.3618 65.8834,
	74.8654 65.9144,
	74.6172 65.8679,
	74.369 65.8524,
	74.2449 65.8524,
	73.7484 65.992,
	73.6243 66.0075,
	73.5002 66.054,
	73.252 66.0696,
	73.19 66.0696,
	72.6936 65.9144,
	72.4454 65.8679,
	72.3213 65.8524,
	72.1972 65.7438,
	72.0886 65.4956,
	72.0731 65.3715,
	72.0575 65.3094,
	72.0575 65.2939,
	"/>
</Transform>

<Transform dim="0"
 xcoef=" 0 1 0 0 0 0"
 ycoef=" 0 0 1 0 0 0">
<Contour name="TB2 Nucleus_92" hidden="false" closed="true" simplified="true" border="1 0 0" fill="1 0 1" mode="9"
 points="60.5296 47.8722,
	60.573 47.6985,
	60.6381 47.0038,
	60.6598 46.309,
	60.6815 45.9617,
	60.8118 45.2669,
	60.9421 44.9195,
	61.0072 44.7459,
	61.1375 44.5722,
	61.2243 44.659,
	61.2677 44.5722,
	61.3112 44.5287,
	61.3112 44.4853,
	61.8756 43.834,
	61.9408 43.7472,
	61.9625 43.6603,
	62.1796 43.3347,
	62.2013 43.2478,
	62.2447 43.2044,
	62.527 42.5096,
	62.6572 42.1623,
	62.7006 41.9886,
	62.7875 41.8149,
	62.9177 41.6412,
	62.9177 41.5978,
	63.1566 41.2504,
	63.2 41.1636,
	63.3737 41.0116,
	63.4605 40.9899,
	63.5039 40.9465,
	63.6776 40.8813,
	63.8513 40.7728,
	64.025 40.7294,
	64.1118 40.6859,
	64.1553 40.6425,
	64.2421 40.6208,
	64.2855 40.5774,
	64.6329 40.4471,
	64.9803 40.4254,
	65.154 40.4254,
	65.5013 40.4905,
	65.675 40.5991,
	65.827 40.7511,
	65.8704 40.9248,
	65.8921 41.0116,
	65.8704 41.1853,
	65.8053 41.359,
	65.7619 41.7063,
	65.7401 41.88,
	65.8487 42.2274,
	65.9138 42.5748,
	65.9573 42.6616,
	66.0224 43.009,
	66.0441 43.1827,
	66.1092 43.3564,
	66.1309 43.4432,
	66.1092 43.7906,
	66.1092 43.8774,
	66.0007 44.2248,
	66.0007 44.3985,
	65.9573 44.5722,
	65.6316 44.9195,
	65.4579 45.0281,
	65.3059 45.2018,
	65.2191 45.2886,
	65.0671 45.636,
	64.9586 45.9834,
	64.8934 46.0702,
	64.7632 46.4176,
	64.698 46.5913,
	64.6329 46.6781,
	64.5243 47.0255,
	64.177 47.7202,
	63.9599 48.0676,
	63.8513 48.2413,
	63.6993 48.415,
	63.5908 48.7623,
	63.5908 48.936,
	63.4171 49.2834,
	63.1783 49.9781,
	63.0046 50.3255,
	62.8526 50.4992,
	62.7658 50.586,
	62.5921 50.6946,
	62.4184 50.738,
	62.2447 50.738,
	61.8973 50.6512,
	61.55 50.4992,
	61.4631 50.4558,
	61.1158 50.1735,
	60.9638 50.0216,
	60.8986 49.9564,
	60.7467 49.2617,
	60.6381 48.5669,
	60.5513 48.2196,
	60.5296 47.8939,
	"/>
</Transform>

<Transform dim="0"
 xcoef=" 0 1 0 0 0 0"
 ycoef=" 0 0 1 0 0 0">
<Contour name="TB2 Nucleus_41" hidden="false" closed="true" simplified="true" border="1 0 0" fill="1 0 0" mode="9"
 points="63.8814 60.1452,
	64.0279 60.1086,
	64.1012 60.0719,
	64.1378 58.8998,
	64.1012 57.7277,
	64.0645 57.5812,
	64.1378 57.4346,
	64.4308 57.2149,
	64.5773 57.105,
	64.8704 56.9951,
	65.1634 56.7753,
	65.2367 56.7753,
	65.3099 56.7021,
	65.4564 56.6654,
	65.603 56.5555,
	66.189 56.4823,
	66.4821 56.4823,
	66.6286 56.4823,
	66.9216 56.6288,
	66.9949 56.6288,
	67.178 56.9218,
	67.2879 57.2149,
	67.4344 57.3614,
	67.5809 57.4346,
	67.874 57.3248,
	68.0205 57.2881,
	68.6066 57.4713,
	68.7531 57.4346,
	68.9362 57.1782,
	69.0827 57.0683,
	69.3758 57.0317,
	69.6688 57.1416,
	69.9252 57.398,
	70.1084 57.691,
	70.2182 57.9841,
	70.2915 58.1306,
	70.438 58.2771,
	70.7311 58.3504,
	70.8776 58.3137,
	71.4636 58.4969,
	71.5735 58.6434,
	71.7567 59.2295,
	71.8666 60.4016,
	71.8299 60.6946,
	71.6834 60.9877,
	71.6102 61.1342,
	71.4636 61.2807,
	71.2805 61.5371,
	71.0973 62.7093,
	70.8409 63.0023,
	70.7311 63.1122,
	70.5845 63.1488,
	70.2915 63.3319,
	69.9985 63.5884,
	69.7054 63.7349,
	69.4124 63.9913,
	69.1194 64.1378,
	68.8263 64.1012,
	68.5333 63.918,
	68.2403 63.8448,
	68.0937 63.7715,
	67.5077 63.8814,
	67.2146 63.8448,
	66.6286 63.3686,
	66.4088 63.0755,
	66.2623 62.929,
	66.0791 62.636,
	65.7861 62.4528,
	65.4931 62.1964,
	65.2 62.0133,
	64.614 61.7569,
	64.4675 61.6836,
	64.3576 61.5371,
	64.2477 60.951,
	63.918 60.365,
	63.8814 60.2185,
	63.8814 60.1818,
	"/>
</Transform>

<Transform dim="0"
 xcoef=" 0 1 0 0 0 0"
 ycoef=" 0 0 1 0 0 0">
<Contour name="TB2 Nucleus_53" hidden="false" closed="true" simplified="true" border="1 0 0" fill="1 0 0" mode="9"
 points="65.1414 49.6905,
	65.2164 49.3904,
	65.2351 48.7904,
	65.2351 48.6404,
	65.4039 48.0404,
	65.4226 47.9653,
	65.8539 47.3841,
	65.9664 47.2341,
	66.1164 47.084,
	66.3414 46.8028,
	66.9227 46.3528,
	67.2227 46.2777,
	67.3728 46.2402,
	67.6728 46.109,
	67.9728 46.0152,
	68.0478 46.0152,
	68.1978 46.109,
	68.3478 46.1277,
	68.4978 46.0902,
	68.5728 46.0715,
	68.6478 46.0902,
	68.7978 46.184,
	68.9291 46.334,
	68.9666 46.409,
	69.0041 46.4465,
	68.9853 46.5028,
	68.9103 46.4278,
	68.8728 46.3903,
	68.9853 46.6903,
	69.2104 46.9903,
	69.2291 47.1403,
	69.2479 47.2153,
	69.1729 47.5153,
	69.1541 47.6653,
	69.1916 47.9653,
	69.1916 48.2654,
	69.1541 48.4154,
	69.1166 48.4904,
	68.9666 49.6905,
	68.8353 50.2905,
	68.7978 50.5905,
	68.6291 51.1905,
	68.5353 51.3405,
	68.2916 51.6406,
	68.2166 51.6968,
	68.0665 51.6968,
	68.029 51.7718,
	68.0478 51.9218,
	68.0853 51.9968,
	68.3478 52.2969,
	68.4416 52.4469,
	68.4791 52.5219,
	68.4603 52.6719,
	68.3103 52.7281,
	68.2353 52.7281,
	68.0853 52.8406,
	67.7853 52.9344,
	67.4853 52.9531,
	67.3352 52.9531,
	67.0352 52.8594,
	66.8852 52.7844,
	66.8102 52.7656,
	66.7727 52.7281,
	66.4727 52.6156,
	66.1727 52.5406,
	66.0227 52.5219,
	65.8727 52.4281,
	65.7414 52.2781,
	65.5539 51.9781,
	65.4789 51.8281,
	65.4226 51.7531,
	65.2351 51.153,
	65.1789 50.853,
	65.1414 50.253,
	65.1414 49.953,
	65.1414 49.803,
	65.1414 49.728,
	65.1414 49.7092,
	"/>
</Transform>

<Transform dim="0"
 xcoef=" 0 1 0 0 0 0"
 ycoef=" 0 0 1 0 0 0">
<Contour name="TB2 Nucleus_44" hidden="false" closed="true" simplified="true" border="1 0 0" fill="1 0 1" mode="9"
 points="82.7089 44.9421,
	82.7841 44.8669,
	82.8378 44.7917,
	82.8701 44.7058,
	82.8808 44.6199,
	82.8593 44.5769,
	82.8486 44.405,
	82.8593 44.3191,
	82.8916 44.2332,
	82.9023 44.1902,
	82.9345 44.1472,
	83.0204 44.0935,
	83.0634 44.0613,
	83.1171 44.1365,
	83.1386 44.1687,
	83.1493 44.1472,
	83.1601 44.3191,
	83.1493 44.491,
	83.1708 44.6628,
	83.1708 44.7488,
	83.2031 44.9206,
	83.1708 45.0066,
	83.0956 45.0925,
	83.0097 45.1032,
	82.9775 45.1892,
	82.9453 45.2214,
	82.9023 45.2321,
	82.8271 45.1677,
	82.7519 45.0817,
	82.7197 45.0388,
	82.7089 44.9529,
	"/>
<Contour name="TB2 Nucleus_44" hidden="false" closed="true" simplified="true" border="1 0 0" fill="1 0 1" mode="9"
 points="81.9033 44.4373,
	81.9678 44.2654,
	82.0108 44.2332,
	82.0322 44.2117,
	82.1182 44.1795,
	82.2041 44.1687,
	82.29 44.1365,
	82.3652 44.0721,
	82.4082 44.0506,
	82.4941 44.0828,
	82.5693 44.158,
	82.5478 44.1687,
	82.5049 44.1472,
	82.4941 44.1795,
	82.5049 44.2654,
	82.4941 44.3513,
	82.4726 44.3943,
	82.4297 44.4373,
	82.4082 44.4695,
	82.3652 44.491,
	82.29 44.5769,
	82.2041 44.6306,
	82.1182 44.6413,
	81.9463 44.5769,
	81.9141 44.5339,
	81.9033 44.448,
	"/>
<Contour name="TB2 Nucleus_44" hidden="false" closed="true" simplified="true" border="1 0 0" fill="1 0 1" mode="9"
 points="81.7207 43.3953,
	81.7959 43.3416,
	81.8819 43.3202,
	81.9678 43.2772,
	81.957 43.2342,
	81.9033 43.1483,
	81.8819 43.1053,
	81.8926 43.0194,
	81.957 42.9442,
	81.9893 42.9012,
	82.0752 42.8475,
	82.1611 42.826,
	82.2471 42.8475,
	82.29 42.8475,
	82.3115 42.8475,
	82.376 42.9335,
	82.3867 43.0194,
	82.376 43.1053,
	82.376 43.1268,
	82.3437 43.1698,
	82.3223 43.1913,
	82.3437 43.2772,
	82.3974 43.3631,
	82.4619 43.4276,
	82.5478 43.5028,
	82.6015 43.5887,
	82.5908 43.6317,
	82.5156 43.7068,
	82.4834 43.7176,
	82.3974 43.6854,
	82.3115 43.6746,
	82.2685 43.6531,
	82.1826 43.6424,
	82.0108 43.5887,
	81.9893 43.5779,
	81.9785 43.5887,
	82.0645 43.6424,
	82.0859 43.6639,
	82.1074 43.6639,
	82.1182 43.6854,
	82.1074 43.6961,
	82.0215 43.6854,
	81.9785 43.6746,
	81.8067 43.5135,
	81.7315 43.4383,
	81.7207 43.4061,
	"/>
</Transform>

<Transform dim="0"
 xcoef=" 0 1 0 0 0 0"
 ycoef=" 0 0 1 0 0 0">
<Contour name="TB2 Nucleus_93" hidden="false" closed="true" simplified="true" border="1 0 0" fill="1 0 1" mode="9"
 points="69.5676 34.4386,
	69.6443 34.1318,
	69.6826 34.0935,
	69.7401 33.7867,
	69.836 33.4799,
	69.8744 33.3265,
	69.8935 33.2498,
	69.9511 33.1731,
	69.9702 33.0964,
	70.1812 32.8279,
	70.3729 32.5211,
	70.4304 32.4444,
	70.4496 32.3677,
	70.5071 32.291,
	70.5647 32.1376,
	70.6989 31.9842,
	70.6989 31.9459,
	70.8139 31.7924,
	70.8906 31.639,
	71.1591 31.3514,
	71.2933 31.198,
	71.6001 30.9871,
	71.7535 30.8912,
	72.0028 30.6036,
	72.0028 30.5652,
	72.1179 30.4118,
	72.2904 30.1242,
	72.3671 29.9708,
	72.5972 29.664,
	72.7123 29.5106,
	72.7506 29.4339,
	73.0191 29.1463,
	73.1725 29.012,
	73.2108 28.9737,
	73.2492 28.9737,
	73.2875 28.9353,
	73.3642 28.9162,
	73.4026 28.9162,
	73.4409 28.8778,
	73.5943 28.8203,
	73.9011 28.6094,
	74.0545 28.5135,
	74.2079 28.456,
	74.2846 28.456,
	74.323 28.4368,
	74.4764 28.5135,
	74.6298 28.6285,
	74.764 28.7819,
	74.764 28.8586,
	74.9174 28.8203,
	74.9558 28.8203,
	75.0517 29.1271,
	75.1092 29.2805,
	75.2051 29.4339,
	75.2242 29.5106,
	75.6653 30.105,
	75.7995 30.4118,
	75.8954 30.7186,
	75.9145 31.0254,
	75.857 31.639,
	75.7995 31.9459,
	75.7611 32.0993,
	75.7611 32.176,
	75.7036 32.3294,
	75.5119 32.6362,
	75.416 32.7896,
	75.3776 32.8663,
	75.2242 33.0005,
	75.1092 33.1347,
	75.0708 33.2114,
	74.9174 33.3073,
	74.764 33.3648,
	74.4572 33.384,
	74.3805 33.3648,
	74.3038 33.4032,
	74.2079 33.5566,
	74.1504 33.6333,
	73.9203 34.2469,
	73.8628 34.4003,
	73.7669 34.5537,
	73.7477 34.6304,
	73.4985 34.9372,
	73.3451 35.0906,
	73.23 35.244,
	72.9232 35.5316,
	72.6164 35.7425,
	72.463 35.8192,
	71.8494 36.2219,
	71.5426 36.3561,
	71.3892 36.3753,
	71.0824 36.3178,
	70.929 36.3178,
	70.7756 36.2794,
	70.7372 36.2794,
	70.4304 36.0302,
	69.9511 35.4549,
	69.9511 35.4166,
	69.7401 35.1098,
	69.6443 34.9564,
	69.5867 34.803,
	69.5676 34.4961,
	69.5676 34.4578,
	"/>
</Transform>

<Transform dim="0"
 xcoef=" 0 1 0 0 0 0"
 ycoef=" 0 0 1 0 0 0">
<Contour name="TB2_T2C-02_AM_36" hidden="false" closed="true" simplified="true" border="1 0.5 0" fill="1 0.5 0" mode="13"
 points="71.766 43.3726,
	71.786 43.2923,
	71.8562 43.2121,
	71.8964 43.192,
	71.9365 43.202,
	72.097 43.3425,
	72.1773 43.4228,
	72.2576 43.4729,
	72.3378 43.493,
	72.378 43.5231,
	72.4582 43.5231,
	72.4883 43.5331,
	72.6489 43.503,
	72.8094 43.503,
	72.8896 43.503,
	72.9699 43.5231,
	73.01 43.5432,
	73.0301 43.5432,
	73.1104 43.6034,
	73.1706 43.6836,
	73.2107 43.7639,
	73.2007 43.8442,
	73.1906 43.8843,
	73.1605 43.9244,
	73.0803 43.9545,
	73.0401 43.9545,
	72.9599 43.9244,
	72.9398 43.9043,
	72.8595 43.8843,
	72.7793 43.9144,
	72.7392 43.9545,
	72.5686 44.2756,
	72.5084 44.4361,
	72.4783 44.5966,
	72.5084 44.7572,
	72.5385 44.7973,
	72.5586 44.8174,
	72.5786 44.8174,
	72.6188 44.8474,
	72.6589 44.8575,
	72.679 44.8675,
	72.7592 44.8174,
	72.7993 44.7973,
	72.8696 44.717,
	72.8997 44.6769,
	72.9097 44.6368,
	72.9599 44.5565,
	73.0201 44.396,
	73.0401 44.3157,
	73.0602 44.2756,
	73.0602 44.2555,
	73.1304 44.1853,
	73.2107 44.1953,
	73.2508 44.2254,
	73.3311 44.3859,
	73.3612 44.4662,
	73.3813 44.6267,
	73.3512 44.9478,
	73.3211 45.1083,
	73.2809 45.1886,
	73.2207 45.2688,
	73.1906 45.2989,
	73.1706 45.2789,
	73.1706 45.2588,
	73.0903 45.319,
	72.9298 45.3892,
	72.8896 45.4093,
	72.7291 45.4193,
	72.6489 45.3892,
	72.5987 45.309,
	72.5786 45.2287,
	72.5887 45.0682,
	72.5586 45.0381,
	72.5184 45.0481,
	72.4382 45.0983,
	72.398 45.1284,
	72.2375 45.1685,
	72.1572 45.1384,
	72.1171 45.0983,
	72.097 45.0782,
	72.077 44.9979,
	72.087 44.8374,
	72.1171 44.7572,
	72.1572 44.7271,
	72.2375 44.707,
	72.2676 44.6669,
	72.2676 44.6267,
	72.2174 44.5565,
	72.0569 44.4662,
	71.8964 44.3358,
	71.8562 44.2956,
	71.7961 44.1351,
	71.766 44.0548,
	71.766 43.4127,
	71.766 43.3826,
	"/>
</Transform>

<Transform dim="0"
 xcoef=" 0 1 0 0 0 0"
 ycoef=" 0 0 1 0 0 0">
<Contour name="TB2 NF_24" hidden="true" closed="true" simplified="true" border="1 0.501961 0.25098" fill="1 0.501961 0.25098" mode="-9"
 points="98.0559 14.4219,
	98.2119 14.0653,
	98.3902 13.9093,
	98.5685 13.8424,
	98.6577 13.9093,
	98.68 14.0876,
	98.6577 14.2659,
	98.5685 14.4442,
	98.4794 14.5334,
	98.3679 14.7117,
	98.1896 14.8232,
	98.1004 14.8009,
	98.0559 14.7117,
	98.0559 14.5334,
	98.0559 14.4442,
	"/>
</Transform>

<Transform dim="0"
 xcoef=" 0 1 0 0 0 0"
 ycoef=" 0 0 1 0 0 0">
<Contour name="TB2 NF_24_cw" hidden="false" closed="true" simplified="true" border="1 0.5 0" fill="1 0.682353 0.368627" mode="15"
 points="97.9195 14.6297,
	97.9388 14.5988,
	97.9504 14.537,
	97.935 14.4753,
	97.9388 14.4444,
	97.9581 14.4135,
	97.9851 14.3827,
	98.0044 14.3518,
	98.0276 14.2901,
	98.043 14.2592,
	98.0662 14.2283,
	98.1279 14.1666,
	98.1819 14.1125,
	98.2282 14.0508,
	98.2668 13.9891,
	98.2939 13.9582,
	98.3556 13.908,
	98.3865 13.8849,
	98.4173 13.8694,
	98.4328 13.8656,
	98.4482 13.854,
	98.4636 13.8501,
	98.4791 13.854,
	98.5408 13.9003,
	98.5717 13.9196,
	98.6296 13.9736,
	98.6566 14.0045,
	98.6605 14.0662,
	98.7299 14.1897,
	98.7415 14.2052,
	98.7531 14.236,
	98.7647 14.2978,
	98.7685 14.3595,
	98.7801 14.3904,
	98.7878 14.3981,
	98.7878 14.4058,
	98.7994 14.4174,
	98.7955 14.4328,
	98.7569 14.4946,
	98.7454 14.51,
	98.7376 14.5409,
	98.6913 14.5949,
	98.6759 14.5949,
	98.6682 14.5988,
	98.6373 14.5795,
	98.6103 14.5525,
	98.5949 14.5448,
	98.5794 14.5448,
	98.591 14.6065,
	98.5794 14.6374,
	98.5485 14.6567,
	98.5177 14.6682,
	98.4868 14.6721,
	98.4559 14.6682,
	98.4251 14.6721,
	98.3942 14.6837,
	98.3787 14.6914,
	98.3633 14.7068,
	98.3016 14.7454,
	98.2707 14.7609,
	98.2553 14.7647,
	98.2475 14.7609,
	98.2398 14.7647,
	98.209 14.757,
	98.1472 14.7686,
	98.1163 14.7763,
	98.0546 14.7686,
	97.9928 14.7454,
	97.9311 14.6953,
	97.9195 14.6644,
	97.9195 14.6335,
	"/>
</Transform>

<Transform dim="0"
 xcoef=" 0 1 0 0 0 0"
 ycoef=" 0 0 1 0 0 0">
<Contour name="TB2 NF_02_rsl" hidden="false" closed="true" simplified="true" border="0.502 1 1" fill="0.502 1 1" mode="-9"
 points="74.8635 37.9694,
	74.8785 37.7304,
	74.9009 37.611,
	74.9083 37.5811,
	74.9233 37.5662,
	74.9382 37.5064,
	74.9531 37.4915,
	74.9606 37.4616,
	75.0353 37.3422,
	75.095 37.2227,
	75.1398 37.1032,
	75.2593 36.8643,
	75.3265 36.7448,
	75.3713 36.6253,
	75.4012 36.5656,
	75.4086 36.5357,
	75.431 36.5059,
	75.5132 36.2669,
	75.5281 36.2371,
	75.5281 36.2072,
	75.6028 36.0952,
	75.67 35.6173,
	75.6849 35.5576,
	75.6849 35.4978,
	75.7073 35.4381,
	75.7446 35.3784,
	75.7969 35.2589,
	75.8193 35.1992,
	75.8641 35.1469,
	75.9836 35.0498,
	76.0807 34.9453,
	76.1105 34.9154,
	76.1777 34.7959,
	76.1852 34.7661,
	76.2076 34.7362,
	76.2076 34.7213,
	76.3719 34.4823,
	76.4017 34.4525,
	76.4764 34.333,
	76.5287 34.2957,
	76.6481 34.3106,
	76.678 34.3181,
	76.7004 34.3405,
	76.7004 34.4002,
	76.6631 34.5197,
	76.6332 34.5794,
	76.5361 34.6989,
	76.4167 34.8109,
	76.3121 35.0498,
	76.2599 35.1618,
	76.23 35.2813,
	76.2001 35.5202,
	76.1852 35.6397,
	76.1852 35.7592,
	76.2001 35.8786,
	76.2076 35.9384,
	76.2151 35.9682,
	76.2076 35.9981,
	76.1927 35.9832,
	76.1852 36.2221,
	76.1852 36.2819,
	76.2001 36.3416,
	76.2599 36.4611,
	76.2599 36.5208,
	76.1777 36.7597,
	76.1479 36.8195,
	76.1404 36.8493,
	76.118 36.8792,
	76.0284 37.1182,
	75.9164 37.2376,
	75.8342 37.3496,
	75.7894 37.4094,
	75.6774 37.4915,
	75.558 37.5214,
	75.543 37.5363,
	75.4833 37.5587,
	75.3638 37.6334,
	75.1249 37.7603,
	75.0129 37.8499,
	74.9158 37.9694,
	74.871 38.0217,
	74.8635 37.9918,
	74.8635 37.9769,
	"/>
</Transform>

<Transform dim="0"
 xcoef=" 0 1 0 0 0 0"
 ycoef=" 0 0 1 0 0 0">
<Contour name="TB2 NF_33-rsl" hidden="false" closed="true" simplified="true" border="0 1 0.501961" fill="0 1 0.501961" mode="-9"
 points="70.9585 53.3755,
	71.0221 53.0849,
	71.0675 52.9396,
	71.3127 52.3583,
	71.3399 52.2857,
	71.5034 51.9951,
	71.5488 51.9224,
	71.676 51.7862,
	71.6941 51.768,
	71.7123 51.768,
	71.7759 51.7226,
	71.8395 51.6953,
	71.9848 51.6136,
	72.0029 51.5954,
	72.0211 51.5954,
	72.1664 51.5046,
	72.2391 51.4955,
	72.3844 51.5228,
	72.5024 51.6409,
	72.6205 51.7771,
	72.6568 51.8134,
	72.7477 51.9406,
	72.9384 52.2312,
	72.9838 52.3038,
	72.9929 52.3402,
	73.0201 52.3765,
	73.0383 52.3947,
	73.1019 52.54,
	73.1836 52.8306,
	73.229 53.1212,
	73.2381 53.4119,
	73.2653 53.7025,
	73.2835 54.2837,
	73.2835 54.5744,
	73.2835 54.647,
	73.2744 54.6834,
	73.2563 54.7015,
	73.229 54.7742,
	73.2199 54.7833,
	73.2018 54.7469,
	73.2018 54.7106,
	73.1836 54.6834,
	73.1473 54.756,
	73.1382 54.7923,
	73.0383 54.9377,
	72.9202 55.0739,
	72.8657 55.1375,
	72.7295 55.2374,
	72.6568 55.2919,
	72.6205 55.31,
	72.5479 55.31,
	72.4752 55.2737,
	72.448 55.2464,
	72.4116 55.2374,
	72.1301 55.0466,
	71.9848 54.9649,
	71.8395 54.865,
	71.7123 54.7469,
	71.5761 54.6016,
	71.5125 54.538,
	71.4671 54.4745,
	71.3399 54.3382,
	71.24 54.1929,
	71.1583 54.0476,
	71.122 53.975,
	71.1038 53.9386,
	71.0856 53.9205,
	71.0311 53.7751,
	71.013 53.757,
	70.9767 53.6117,
	70.9585 53.4664,
	70.9585 53.3937,
	70.9585 53.3846,
	"/>
</Transform>

<Transform dim="0"
 xcoef=" 0 1 0 0 0 0"
 ycoef=" 0 0 1 0 0 0">
<Contour name="TB2_T2C-02_AM_09" hidden="false" closed="true" simplified="true" border="1 0.501961 0" fill="1 0.501961 0" mode="9"
 points="72.4223 51.409,
	72.4275 51.3251,
	72.4328 51.2832,
	72.4537 51.2412,
	72.611 51.1259,
	72.632 51.1155,
	72.7158 51.1207,
	72.7578 51.1259,
	72.7997 51.1417,
	72.8416 51.1679,
	72.8783 51.2098,
	72.894 51.2308,
	72.9045 51.2412,
	72.9045 51.2517,
	72.9202 51.2727,
	72.9517 51.3566,
	72.9989 51.4404,
	73.0775 51.5243,
	73.1142 51.5662,
	73.1509 51.5977,
	73.1823 51.6396,
	73.198 51.6606,
	73.2085 51.7444,
	73.2085 51.8283,
	73.198 51.9122,
	73.2033 51.996,
	73.219 52.0799,
	73.2505 52.1638,
	73.2609 52.2057,
	73.2714 52.2267,
	73.3029 52.3944,
	73.3186 52.4783,
	73.3238 52.646,
	73.3186 52.7298,
	73.2976 52.7456,
	73.2557 52.7508,
	73.2138 52.7351,
	73.1771 52.6932,
	73.1351 52.6093,
	73.1037 52.5254,
	73.088 52.4835,
	73.088 52.473,
	73.0775 52.4625,
	73.067 52.4206,
	73.0198 52.3367,
	72.9045 52.169,
	72.8835 52.148,
	72.8731 52.1271,
	72.8521 52.1061,
	72.7997 52.0275,
	72.7368 51.9436,
	72.7263 51.9226,
	72.7053 51.9017,
	72.59 51.734,
	72.4747 51.5819,
	72.4433 51.54,
	72.4433 51.5295,
	72.4275 51.5086,
	72.4223 51.4247,
	72.4223 51.4142,
	"/>
</Transform>

<Transform dim="0"
 xcoef=" 0 1 0 0 0 0"
 ycoef=" 0 0 1 0 0 0">
<Contour name="TB2 NF_09_rsl" hidden="false" closed="true" simplified="true" border="1 0.501961 1" fill="1 0.501961 1" mode="-9"
 points="73.7062 54.7663,
	73.7424 54.573,
	73.8028 54.3798,
	73.8874 53.9932,
	73.9236 53.8,
	73.9961 53.6067,
	74.129 53.4134,
	74.2014 53.3168,
	74.3947 53.1477,
	74.4793 53.0631,
	74.5517 53.0027,
	74.6725 52.8095,
	74.7088 52.7612,
	74.745 52.737,
	74.9383 52.58,
	75.0349 52.5679,
	75.059 52.5679,
	75.059 52.5437,
	75.1557 52.4713,
	75.204 52.4592,
	75.2402 52.423,
	75.2523 52.3746,
	75.3127 52.278,
	75.3127 52.2538,
	75.3852 52.1693,
	75.4335 52.1331,
	75.5301 52.121,
	75.6268 52.1331,
	75.6751 52.1693,
	75.7113 52.2659,
	75.7475 52.6525,
	75.7596 52.8457,
	75.8442 53.2323,
	75.8563 53.4255,
	75.8683 53.5221,
	75.8079 53.9087,
	75.7717 54.0053,
	75.6509 54.1865,
	75.6388 54.2348,
	75.6147 54.259,
	75.5543 54.4522,
	75.506 54.5489,
	75.4697 54.5851,
	75.4093 54.7784,
	75.3731 54.875,
	75.1194 55.2615,
	75.059 55.3582,
	75.0349 55.4065,
	75.0107 55.4306,
	75.0107 55.4548,
	74.8899 55.636,
	74.7933 55.8292,
	74.7329 55.9259,
	74.6846 55.9621,
	74.6846 55.9863,
	74.588 56.0708,
	74.4913 56.0829,
	74.443 56.0829,
	74.3464 56.0104,
	74.2014 55.8413,
	73.9236 55.4548,
	73.7907 55.2615,
	73.7304 55.0683,
	73.7062 54.875,
	73.7062 54.7784,
	"/>
</Transform>

<Transform dim="0"
 xcoef=" 0 1 0 0 0 0"
 ycoef=" 0 0 1 0 0 0">
<Contour name="TB2_T2C-02_AM_07" hidden="false" closed="true" simplified="true" border="1 0.502 0" fill="1 0.502 0" mode="9"
 points="73.4824 44.8021,
	73.5199 44.6821,
	73.5349 44.6521,
	73.5949 44.6446,
	73.655 44.6596,
	73.7 44.7196,
	73.73 44.7796,
	73.73 44.7946,
	73.745 44.8021,
	73.76 44.9222,
	73.745 45.0422,
	73.73 45.1022,
	73.7075 45.1322,
	73.6475 45.1247,
	73.6174 45.1022,
	73.5574 45.0797,
	73.5274 45.0647,
	73.4974 45.0347,
	73.4824 44.9147,
	73.4824 44.8547,
	73.4824 44.8246,
	73.4824 44.8096,
	"/>
</Transform>

<Transform dim="0"
 xcoef=" 0 1 0 0 0 0"
 ycoef=" 0 0 1 0 0 0">
<Image mag="0.00855" contrast="1" brightness="0" red="true" green="true" blue="true"
 src="Aligned 633563.tif" />
<Contour name="a1" hidden="false" closed="true" simplified="false" border="1 0.5 0" fill="1 0.5 0" mode="11"
 points="0 0,
	15991 0,
	15991 12171,
	0 12171,
	"/>
</Transform>

<Transform dim="0"
 xcoef=" 0 1 0 0 0 0"
 ycoef=" 0 0 1 0 0 0">
<Contour name="TB2 NF_10_cw" hidden="false" closed="true" simplified="true" border="1 1 0.501961" fill="1 1 0.501961" mode="15"
 points="71.2591 40.9112,
	71.2774 40.8136,
	71.2835 40.7892,
	71.2896 40.777,
	71.2957 40.7831,
	71.3323 40.7404,
	71.3506 40.716,
	71.3994 40.7099,
	71.4238 40.716,
	71.436 40.716,
	71.5275 40.7831,
	71.5702 40.8319,
	71.5885 40.8807,
	71.5946 40.9295,
	71.5946 40.9539,
	71.6373 40.9966,
	71.6739 41.0942,
	71.7166 41.1429,
	71.7714 41.2405,
	71.7775 41.2649,
	71.7714 41.3137,
	71.7775 41.3381,
	71.7653 41.3625,
	71.741 41.3869,
	71.6922 41.4052,
	71.6678 41.4113,
	71.5702 41.4052,
	71.5458 41.393,
	71.5275 41.3686,
	71.5153 41.3564,
	71.5153 41.332,
	71.497 41.3137,
	71.4482 41.3015,
	71.4238 41.2893,
	71.4116 41.2771,
	71.4116 41.2527,
	71.3262 41.1612,
	71.2835 41.0637,
	71.2591 40.9661,
	71.2591 40.9173,
	"/>
</Transform>

<Transform dim="0"
 xcoef=" 0 1 0 0 0 0"
 ycoef=" 0 0 1 0 0 0">
<Contour name="TB2 NF_26_cw" hidden="false" closed="true" simplified="true" border="0.992 0.867 0.443" fill="0.992 0.867 0.443" mode="15"
 points="59.6785 12.2909,
	59.6977 12.2141,
	59.7121 12.1757,
	59.7601 12.0989,
	59.7889 12.0605,
	59.8273 12.0365,
	59.9041 12.0125,
	59.9425 11.9933,
	60.0193 11.9741,
	60.0577 11.9597,
	60.1345 11.9549,
	60.288 11.9597,
	60.5952 11.9069,
	60.672 11.9021,
	60.8256 11.9117,
	60.9791 11.9405,
	61.0559 11.9453,
	61.3631 11.9213,
	61.5167 11.9309,
	61.5934 11.9357,
	61.747 11.9213,
	61.9006 11.9213,
	61.9774 11.9117,
	62.0158 11.9069,
	62.035 11.9069,
	62.0542 11.8973,
	62.0926 11.9261,
	62.131 11.9213,
	62.2077 11.8973,
	62.2461 11.9117,
	62.2845 11.9165,
	62.3037 11.9165,
	62.3805 11.8877,
	62.4189 11.8829,
	62.4381 11.8781,
	62.4573 11.8829,
	62.5341 11.8637,
	62.5725 11.8829,
	62.5821 11.8925,
	62.6205 11.8685,
	62.6493 11.8301,
	62.6877 11.8109,
	62.7069 11.8013,
	62.7261 11.8013,
	62.7309 11.7965,
	62.7693 11.8157,
	62.7885 11.8349,
	62.7981 11.8397,
	62.8364 11.8253,
	62.8748 11.7965,
	62.9516 11.7725,
	63.0284 11.7773,
	63.0668 11.7869,
	63.086 11.7917,
	63.0956 11.7965,
	63.1052 11.7917,
	63.1004 11.7869,
	63.254 11.7437,
	63.2732 11.7293,
	63.3116 11.7149,
	63.35 11.7101,
	63.3884 11.7197,
	63.4268 11.7389,
	63.4459 11.7485,
	63.4651 11.7437,
	63.5035 11.7101,
	63.5227 11.6957,
	63.5419 11.6909,
	63.5611 11.6957,
	63.5707 11.7053,
	63.6091 11.6909,
	63.6283 11.6765,
	63.7051 11.6622,
	63.7435 11.6478,
	63.7819 11.643,
	63.8203 11.6478,
	63.8587 11.6622,
	64.1658 11.6861,
	64.2426 11.6861,
	64.281 11.6861,
	64.3002 11.6861,
	64.3098 11.6813,
	64.4634 11.7149,
	64.5018 11.7101,
	64.5402 11.6909,
	64.617 11.6861,
	64.6937 11.7005,
	64.7705 11.7389,
	64.8089 11.7533,
	64.8857 11.7533,
	64.9625 11.7725,
	65.0009 11.7773,
	65.0777 11.8109,
	65.1161 11.8157,
	65.2697 11.7965,
	65.2793 11.7917,
	65.356 11.8109,
	65.4328 11.8157,
	65.5096 11.8013,
	65.5864 11.7965,
	65.6248 11.8013,
	65.6344 11.7965,
	65.7112 11.8109,
	65.788 11.8157,
	65.9416 11.8397,
	66.0183 11.8541,
	66.0951 11.8589,
	66.2487 11.8925,
	66.2871 11.9021,
	66.3063 11.9021,
	66.3447 11.9165,
	66.4983 11.9405,
	66.6518 11.9453,
	66.6902 11.9453,
	66.7094 11.9453,
	66.7478 11.9645,
	66.8246 12.0365,
	66.863 12.0605,
	67.0166 12.1133,
	67.055 12.1277,
	67.0934 12.1517,
	67.1702 12.2237,
	67.2229 12.3005,
	67.2421 12.3148,
	67.2613 12.3532,
	67.2613 12.3916,
	67.2709 12.43,
	67.2805 12.4492,
	67.2757 12.4684,
	67.2853 12.5068,
	67.2853 12.5452,
	67.2853 12.5644,
	67.2757 12.5836,
	67.2805 12.5932,
	67.2613 12.6316,
	67.2277 12.67,
	67.2086 12.7084,
	67.199 12.7276,
	67.1606 12.7612,
	67.0838 12.8044,
	67.007 12.8284,
	66.9302 12.8332,
	66.623 12.8188,
	66.4695 12.8092,
	66.3159 12.8236,
	66.2967 12.8284,
	66.2583 12.8572,
	66.2391 12.862,
	66.2007 12.886,
	66.1239 12.9052,
	66.0471 12.8908,
	66.0087 12.8764,
	65.932 12.8236,
	65.8936 12.7948,
	65.74 12.7228,
	65.5864 12.6892,
	65.4328 12.6748,
	65.356 12.6604,
	65.2793 12.6364,
	65.2409 12.6076,
	65.1689 12.5308,
	65.1353 12.4924,
	65.0969 12.4876,
	65.0585 12.4924,
	65.0393 12.4972,
	65.0153 12.5356,
	64.9769 12.55,
	64.9385 12.5548,
	64.8617 12.5404,
	64.8233 12.5356,
	64.7849 12.5116,
	64.7753 12.502,
	64.7609 12.4636,
	64.7273 12.43,
	64.7081 12.4252,
	64.6698 12.4492,
	64.593 12.4732,
	64.5546 12.4636,
	64.5162 12.4348,
	64.4826 12.3964,
	64.4442 12.3772,
	64.4058 12.3676,
	64.329 12.3724,
	64.2522 12.3916,
	64.2138 12.382,
	64.1946 12.382,
	64.1178 12.3436,
	64.0794 12.3292,
	64.0027 12.3292,
	63.9259 12.2909,
	63.9163 12.2861,
	63.8779 12.3053,
	63.8587 12.3148,
	63.8203 12.2957,
	63.8011 12.2909,
	63.7243 12.3148,
	63.6475 12.2669,
	63.6091 12.2381,
	63.5899 12.2237,
	63.5803 12.2141,
	63.5611 12.2093,
	63.5419 12.2141,
	63.5035 12.2477,
	63.4843 12.2573,
	63.4459 12.2909,
	63.3692 12.3196,
	63.3308 12.3388,
	63.2924 12.3724,
	63.254 12.3964,
	63.1772 12.43,
	63.1004 12.454,
	63.0236 12.4924,
	62.9852 12.5116,
	62.9468 12.5164,
	62.87 12.5116,
	62.8508 12.5116,
	62.7741 12.5596,
	62.7357 12.5644,
	62.7165 12.5644,
	62.6781 12.5836,
	62.6493 12.622,
	62.6109 12.6556,
	62.5725 12.6796,
	62.5629 12.6892,
	62.5437 12.694,
	62.5245 12.7084,
	62.3709 12.742,
	62.2941 12.7708,
	62.2557 12.766,
	62.2173 12.7516,
	62.1981 12.7372,
	62.1598 12.7372,
	62.1214 12.7708,
	62.1022 12.7852,
	62.0638 12.7804,
	62.0446 12.7708,
	62.0254 12.7708,
	62.0062 12.7612,
	61.9678 12.7612,
	61.9294 12.7948,
	61.891 12.8092,
	61.8526 12.8092,
	61.8142 12.79,
	61.7758 12.7804,
	61.699 12.8044,
	61.6798 12.8044,
	61.6414 12.8188,
	61.4879 12.8428,
	61.4111 12.8524,
	61.3727 12.8476,
	61.2959 12.7996,
	61.2575 12.7948,
	61.2191 12.814,
	61.1423 12.8236,
	61.1231 12.8236,
	60.9695 12.7708,
	60.816 12.7996,
	60.7392 12.7948,
	60.6624 12.7804,
	60.5856 12.7564,
	60.5472 12.7468,
	60.528 12.742,
	60.4896 12.7516,
	60.4512 12.7468,
	60.3744 12.7084,
	60.2976 12.6844,
	60.2593 12.6748,
	60.1825 12.6748,
	60.1057 12.6892,
	60.0673 12.6892,
	60.0481 12.6892,
	59.9713 12.646,
	59.9329 12.622,
	59.8657 12.5452,
	59.8321 12.5068,
	59.8129 12.4876,
	59.7937 12.478,
	59.7745 12.4924,
	59.7553 12.4924,
	59.7169 12.454,
	59.6977 12.4156,
	59.6881 12.3964,
	59.6881 12.3772,
	59.6785 12.358,
	59.6785 12.3196,
	59.6785 12.3005,
	59.6785 12.2957,
	"/>
</Transform>

<Transform dim="0"
 xcoef=" 0 1 0 0 0 0"
 ycoef=" 0 0 1 0 0 0">
<Contour name="TB2 NF_26_cw" hidden="false" closed="true" simplified="true" border="0.992 0.867 0.443" fill="0.992 0.867 0.443" mode="15"
 points="52.4064 12.6349,
	52.4185 12.5863,
	52.4611 12.5376,
	52.4793 12.5255,
	52.4976 12.5012,
	52.4915 12.4768,
	52.4732 12.4525,
	52.4793 12.4039,
	52.5158 12.3552,
	52.5341 12.3309,
	52.5462 12.2336,
	52.5645 12.185,
	52.68 11.9904,
	52.7773 11.9053,
	52.8259 11.8627,
	52.8685 11.8323,
	52.9171 11.7837,
	52.9475 11.735,
	52.9658 11.6864,
	52.9779 11.5891,
	52.9901 11.5405,
	53.0144 11.4918,
	53.057 11.4493,
	53.0813 11.4249,
	53.1786 11.3824,
	53.2272 11.3398,
	53.2637 11.2912,
	53.3184 11.1939,
	53.3975 11.0966,
	53.4887 11.0297,
	53.5373 10.9993,
	53.5859 10.9811,
	53.6346 10.9507,
	53.8292 10.8655,
	53.9204 10.8108,
	53.969 10.7865,
	53.9933 10.7804,
	54.042 10.8047,
	54.0906 10.8108,
	54.1879 10.7804,
	54.2365 10.7865,
	54.419 10.9385,
	54.4676 10.9811,
	54.4919 10.9932,
	54.5041 11.0176,
	54.5527 11.048,
	54.5892 11.0966,
	54.6135 11.1148,
	54.6378 11.1635,
	54.6439 11.2121,
	54.6257 11.2608,
	54.6196 11.2851,
	54.5345 11.3702,
	54.5162 11.3945,
	54.5041 11.4432,
	54.4737 11.4918,
	54.4311 11.5344,
	54.3338 11.5587,
	54.3217 11.5587,
	54.2973 11.583,
	54.273 11.6256,
	54.1757 11.656,
	54.0785 11.6986,
	54.0298 11.729,
	54.0055 11.7411,
	53.9629 11.7898,
	53.9204 11.887,
	53.9204 11.9843,
	53.9143 12.033,
	53.8474 12.1303,
	53.817 12.1789,
	53.7927 12.2762,
	53.7988 12.3735,
	53.8535 12.568,
	53.89 12.6106,
	53.9143 12.6288,
	53.9204 12.7261,
	53.9508 12.8234,
	53.9751 12.8721,
	53.9873 12.9207,
	53.9933 12.945,
	53.9629 12.9876,
	53.8839 13.0849,
	53.7866 13.1761,
	53.6893 13.2369,
	53.592 13.2794,
	53.4947 13.3098,
	53.3975 13.3281,
	53.3002 13.3706,
	53.2515 13.395,
	53.2272 13.4071,
	53.1786 13.4071,
	53.1542 13.4071,
	52.9597 13.3281,
	52.9354 13.3159,
	52.911 13.3159,
	52.8867 13.3038,
	52.7894 13.2916,
	52.6921 13.2612,
	52.6678 13.2551,
	52.6435 13.2369,
	52.5949 13.2186,
	52.5462 13.1882,
	52.4976 13.1457,
	52.4732 13.1335,
	52.4428 13.091,
	52.4307 13.0666,
	52.4246 12.9693,
	52.4428 12.8721,
	52.4489 12.8477,
	52.4307 12.7991,
	52.4124 12.7748,
	52.4064 12.6775,
	52.4064 12.6532,
	52.4064 12.641,
	"/>
</Transform>

<Transform dim="0"
 xcoef=" 0 1 0 0 0 0"
 ycoef=" 0 0 1 0 0 0">
<Contour name="TB2 NF_26_cw" hidden="false" closed="true" simplified="true" border="0.992 0.867 0.443" fill="0.992 0.867 0.443" mode="15"
 points="54.8207 10.8529,
	54.8488 10.763,
	54.8937 10.6732,
	54.978 10.5833,
	55.0679 10.5327,
	55.1578 10.5046,
	55.2476 10.499,
	55.3375 10.4765,
	55.3825 10.4597,
	55.4723 10.3979,
	55.5173 10.353,
	55.5397 10.308,
	55.5847 10.2743,
	55.7644 10.1788,
	55.7813 10.1676,
	55.7925 10.1732,
	55.8375 10.1451,
	55.8599 10.1339,
	55.9049 10.0889,
	56.0846 9.99345,
	56.1296 9.97098,
	56.2195 9.95412,
	56.2644 9.93727,
	56.4442 9.89795,
	56.6239 9.84178,
	56.7138 9.82492,
	56.8037 9.79684,
	56.8486 9.7856,
	56.8936 9.76313,
	56.9385 9.7519,
	57.1183 9.67325,
	57.2081 9.62831,
	57.298 9.61146,
	57.3429 9.60584,
	57.3879 9.61146,
	57.4328 9.62831,
	57.4497 9.66763,
	57.4104 9.75751,
	57.0565 10.1058,
	56.8767 10.2799,
	56.7868 10.3473,
	56.7419 10.3867,
	56.6969 10.4148,
	56.6745 10.4372,
	56.6295 10.4653,
	56.5397 10.544,
	56.4947 10.572,
	56.4498 10.6114,
	56.4385 10.6114,
	56.4161 10.6338,
	56.3936 10.6451,
	56.3824 10.6563,
	56.3599 10.6619,
	56.27 10.7293,
	56.0903 10.8192,
	56.0453 10.8417,
	55.9554 10.8361,
	55.9105 10.8248,
	55.8656 10.8248,
	55.8206 10.8417,
	55.7757 10.8361,
	55.7307 10.8192,
	55.6858 10.8136,
	55.6633 10.8248,
	55.624 10.8698,
	55.5791 10.9596,
	55.551 11.0046,
	55.4723 11.0945,
	55.3825 11.1675,
	55.3375 11.1956,
	55.2476 11.2124,
	55.2027 11.2181,
	55.1578 11.2124,
	55.1128 11.1956,
	55.0679 11.1956,
	55.0454 11.1843,
	55.0005 11.1843,
	54.9555 11.1675,
	54.9106 11.1394,
	54.8488 11.0495,
	54.8263 11.0046,
	54.8207 10.9147,
	54.8207 10.8698,
	54.8207 10.8585,
	"/>
</Transform>

<Transform dim="0"
 xcoef=" 0 1 0 0 0 0"
 ycoef=" 0 0 1 0 0 0">
<Contour name="TB2 NF_26_cw" hidden="false" closed="true" simplified="true" border="0.992 0.867 0.443" fill="0.992 0.867 0.443" mode="15"
 points="64.8224 6.51203,
	64.8528 6.46339,
	64.944 6.38435,
	64.9926 6.35394,
	65.017 6.34178,
	65.0291 6.34178,
	65.0778 6.3053,
	65.1751 6.2749,
	65.2723 6.25666,
	65.321 6.25058,
	65.3696 6.26274,
	65.4122 6.31138,
	65.4183 6.36003,
	65.4122 6.40867,
	65.4122 6.43299,
	65.4 6.45731,
	65.4 6.46947,
	65.3392 6.56676,
	65.2906 6.6154,
	65.2419 6.65188,
	65.1933 6.66404,
	65.096 6.67012,
	65.0474 6.6762,
	64.9987 6.67012,
	64.9501 6.65188,
	64.9014 6.62148,
	64.8771 6.60324,
	64.8528 6.59716,
	64.8224 6.54852,
	64.8224 6.52419,
	64.8224 6.51811,
	"/>
</Transform>

<Transform dim="0"
 xcoef=" 0 1 0 0 0 0"
 ycoef=" 0 0 1 0 0 0">
<Contour name="TB2_T2C-02_AM_10" hidden="false" closed="true" simplified="true" border="1 0.5 0" fill="1 0.5 0" mode="15"
 points="77.8731 35.2492,
	77.9269 35.1864,
	77.9987 35.1505,
	78.0346 35.1236,
	78.0525 35.1057,
	78.1961 35.0877,
	78.2319 35.0877,
	78.3755 35.016,
	78.4114 35.007,
	78.4832 34.9532,
	78.5549 34.9173,
	78.6267 34.8993,
	78.6985 34.8993,
	78.7344 34.9173,
	78.7613 34.9532,
	78.7344 35.0249,
	78.5998 35.1595,
	78.4562 35.2761,
	78.4204 35.3031,
	78.1333 35.4018,
	78.0615 35.4197,
	77.9897 35.4018,
	77.9179 35.3569,
	77.8731 35.2941,
	77.8731 35.2582,
	"/>
</Transform>

</Section>