<?xml version="1.0"?>
<!DOCTYPE Section SYSTEM "section.dtd">

<Section index="586" thickness="0.085" alignLocked="true">
<Transform dim="0"
 xcoef=" 0 1 0 0 0 0"
 ycoef=" 0 0 1 0 0 0">
<Image mag="0.00855" contrast="1" brightness="0" red="true" green="true" blue="true"
 src="Aligned 633586.tif" />
<Contour name="domain1" hidden="false" closed="true" simplified="false" border="1 0 1" fill="1 0 1" mode="11"
 points="0 0,
	15991 0,
	15991 12171,
	0 12171,
	"/>
</Transform>

<Transform dim="0"
 xcoef=" 0 1 0 0 0 0"
 ycoef=" 0 0 1 0 0 0">
<Contour name="TB2 Nucleus_75" hidden="false" closed="true" simplified="true" border="1 0 0" fill="1 0 0" mode="9"
 points="70.7079 59.7248,
	70.7389 59.6627,
	70.863 59.5541,
	70.9251 59.4921,
	71.0337 59.2439,
	71.0802 58.7474,
	71.0802 58.6233,
	71.0647 58.5613,
	70.9406 58.4682,
	70.832 58.3441,
	70.7545 58.0959,
	70.77 57.8477,
	70.8475 57.3513,
	70.8786 57.2272,
	70.8786 56.979,
	70.832 56.7308,
	70.7855 56.6067,
	70.801 56.4826,
	70.801 56.4515,
	70.8475 56.3895,
	70.9251 55.8931,
	70.9561 55.6449,
	71.0182 55.5208,
	71.0492 55.4897,
	71.0647 55.4277,
	71.1423 55.3036,
	71.2509 55.0554,
	71.5456 54.559,
	71.5922 54.4349,
	71.6697 54.3108,
	71.7007 54.2487,
	71.7938 54.1711,
	72.0265 53.954,
	72.1506 53.8764,
	72.2127 53.8299,
	72.2437 53.7988,
	72.2747 53.7988,
	72.3057 53.7678,
	72.8022 53.7988,
	73.0504 53.8454,
	73.1745 53.8454,
	73.4227 53.9229,
	73.4847 53.9074,
	73.5158 53.9074,
	73.5468 53.8764,
	73.5778 53.8764,
	73.6709 53.7523,
	73.8105 53.2559,
	73.8415 53.1318,
	73.8415 53.0697,
	73.8881 52.9456,
	74.0587 52.7129,
	74.1828 52.6509,
	74.3069 52.6198,
	74.431 52.6974,
	74.462 52.7595,
	74.4465 52.8836,
	74.462 53.0077,
	74.5086 53.0697,
	75.005 52.9766,
	75.1291 52.9611,
	75.1912 52.9301,
	75.4394 52.9611,
	75.5635 52.9766,
	75.6255 52.9922,
	75.7496 52.9766,
	75.8117 52.9611,
	75.8737 52.9766,
	76.1064 53.1938,
	76.2305 53.3024,
	76.4322 53.5196,
	76.6494 53.7678,
	76.8355 54.016,
	76.9441 54.2642,
	77.0527 54.7606,
	77.0682 54.8847,
	77.1148 55.0088,
	77.2854 55.257,
	77.4095 55.5052,
	77.456 55.6294,
	77.4871 55.8776,
	77.4871 56.1258,
	77.394 56.6222,
	77.3164 56.8704,
	77.2854 56.9014,
	77.2854 56.9324,
	77.2544 56.9635,
	77.2389 57.0876,
	77.2389 57.1496,
	77.3319 57.3978,
	77.3164 57.646,
	77.2233 58.1424,
	77.1768 58.3907,
	77.1303 58.5148,
	77.1303 58.5768,
	77.0372 58.825,
	77.0217 58.8871,
	76.9907 58.9181,
	76.9131 59.1663,
	76.8045 59.4145,
	76.6649 59.9109,
	76.5873 60.1591,
	76.5563 60.2832,
	76.5253 60.3453,
	76.5097 60.5935,
	76.5253 60.7176,
	76.4787 60.9658,
	76.4787 61.0278,
	76.4322 61.152,
	76.2771 61.4002,
	76.1995 61.5243,
	75.9668 61.6794,
	75.8427 61.7259,
	75.8117 61.757,
	75.6876 61.8035,
	75.5635 61.8966,
	75.4859 62.0207,
	75.4394 62.1448,
	75.4238 62.393,
	75.4083 62.5171,
	75.4238 62.7653,
	75.3928 62.8894,
	75.3618 62.9204,
	75.3618 62.9515,
	75.3308 62.9825,
	75.3308 63.0135,
	75.2997 63.0445,
	75.2842 63.1066,
	75.2222 63.1686,
	75.1912 63.2307,
	75.067 63.3393,
	74.9895 63.4634,
	74.9429 63.5254,
	74.8188 63.572,
	74.5706 63.5875,
	74.4465 63.603,
	74.3845 63.603,
	74.2604 63.6495,
	74.1363 63.665,
	73.6399 63.6185,
	73.1434 63.5409,
	72.647 63.4013,
	72.3988 63.4168,
	72.3368 63.4013,
	72.3057 63.3703,
	72.0575 63.2617,
	72.0265 63.2307,
	71.9024 63.1841,
	71.7783 63.0911,
	71.7473 63.0911,
	71.2664 62.7343,
	71.1888 62.6257,
	71.1578 62.5636,
	71.1578 62.3154,
	71.1733 62.1913,
	71.0802 61.6949,
	70.9871 61.4467,
	70.8786 60.9503,
	70.8165 60.7021,
	70.77 60.2057,
	70.7389 59.9575,
	70.7079 59.8334,
	70.7079 59.7713,
	70.7079 59.7403,
	"/>
</Transform>

<Transform dim="0"
 xcoef=" 0 1 0 0 0 0"
 ycoef=" 0 0 1 0 0 0">
<Contour name="TB2 Nucleus_92" hidden="false" closed="true" simplified="true" border="1 0 0" fill="1 0 1" mode="9"
 points="62.2881 49.4788,
	62.3316 49.1314,
	62.4835 48.4367,
	62.5704 47.7419,
	62.6138 47.3946,
	62.6572 46.0051,
	62.7006 45.6577,
	62.6789 45.3103,
	62.6789 45.2235,
	62.6572 45.1801,
	62.6789 45.1584,
	62.7441 45.2452,
	62.7658 45.2886,
	63.0046 44.963,
	63.6342 44.3985,
	63.9816 44.1597,
	64.1553 44.0077,
	64.2855 43.8557,
	64.4592 43.7254,
	64.7849 43.3781,
	65.2408 42.705,
	65.3276 42.3577,
	65.4145 42.184,
	65.5447 42.0103,
	65.7184 41.8583,
	65.8921 41.8149,
	66.0658 41.8149,
	66.1527 41.8366,
	66.3046 41.9886,
	66.3698 42.1623,
	66.4349 42.2491,
	66.7823 42.3577,
	66.8691 42.3794,
	66.9559 42.4445,
	67.3033 42.5748,
	67.477 42.6182,
	67.5638 42.6616,
	67.6507 42.7485,
	67.8461 43.0958,
	67.9546 43.4432,
	67.9546 43.7906,
	67.9546 43.9643,
	67.8244 44.3116,
	67.8027 44.659,
	67.6941 44.8327,
	67.3467 45.1801,
	67.2165 45.3103,
	67.0428 45.4623,
	66.9125 45.636,
	66.8257 45.7228,
	66.8257 45.7663,
	66.5 46.1136,
	66.4566 46.2005,
	66.3046 46.3742,
	66.2612 46.4176,
	66.2612 46.461,
	65.979 46.8084,
	65.8487 46.9821,
	65.6533 47.3294,
	65.5013 47.6768,
	65.4145 47.8505,
	65.3494 48.1979,
	65.2842 48.8926,
	65.2625 49.0663,
	65.0237 49.761,
	64.9368 50.1084,
	64.9151 50.1953,
	64.8066 50.3689,
	64.6329 50.5426,
	64.4592 50.6512,
	64.1118 50.7597,
	64.025 50.8032,
	63.6776 50.8683,
	63.5039 50.9117,
	63.4171 50.9117,
	63.3303 50.8683,
	62.9829 50.8466,
	62.896 50.8249,
	62.7224 50.6729,
	62.5487 50.5643,
	62.4184 50.3906,
	62.3098 50.0433,
	62.2881 49.6959,
	62.2881 49.5222,
	62.2881 49.5005,
	"/>
</Transform>

<Transform dim="0"
 xcoef=" 0 1 0 0 0 0"
 ycoef=" 0 0 1 0 0 0">
<Contour name="TB2 Nucleus_53" hidden="false" closed="true" simplified="true" border="1 0 0" fill="1 0 0" mode="9"
 points="66.2463 49.1947,
	66.2699 49.0057,
	66.3408 48.8168,
	66.3408 48.7696,
	66.4116 48.6751,
	66.6005 48.6042,
	66.6478 48.6042,
	66.695 48.2264,
	66.7423 48.0374,
	66.7423 47.6595,
	66.8131 47.2817,
	66.884 47.0927,
	67.002 46.9274,
	67.3799 46.5732,
	67.6397 46.1953,
	67.6869 46.1008,
	67.7814 46.0063,
	67.8286 45.9119,
	67.9231 45.8174,
	67.9703 45.7229,
	68.2774 45.3687,
	68.6316 45.1089,
	68.7261 45.038,
	68.7733 45.038,
	69.1512 44.731,
	69.5291 44.4948,
	69.907 44.2114,
	70.0959 44.0933,
	70.1904 43.9989,
	70.5682 43.8572,
	70.9461 43.7627,
	71.7019 43.5029,
	72.0797 43.4084,
	72.4576 43.3848,
	72.6466 43.4321,
	73.0244 43.3848,
	73.2134 43.3376,
	73.5912 43.125,
	73.6857 43.0542,
	74.0636 42.9597,
	74.8193 42.8652,
	75.0083 42.818,
	75.3862 42.818,
	75.5751 42.7944,
	76.3308 42.8889,
	76.7087 42.9361,
	76.8977 42.9597,
	77.0866 43.0306,
	77.1811 43.125,
	77.2283 43.2195,
	77.3228 43.314,
	77.2991 43.3612,
	77.1102 43.3376,
	77.0157 43.3376,
	76.9921 43.3612,
	77.2991 43.6682,
	77.5589 44.0461,
	77.677 44.235,
	77.7479 44.6129,
	77.7243 45.3687,
	77.5826 46.1244,
	77.37 46.8802,
	77.2991 47.0691,
	77.2519 47.1636,
	77.2519 47.2108,
	77.1102 47.3998,
	76.9213 47.5651,
	76.8268 47.6123,
	76.7796 47.6595,
	76.7323 47.6595,
	76.3545 47.9193,
	76.0947 48.2264,
	75.7876 48.5806,
	75.0555 49.2655,
	74.7957 49.6434,
	74.7013 49.7379,
	74.654 49.8323,
	74.4651 50.0213,
	73.7093 50.5645,
	73.544 50.7298,
	73.4259 50.8951,
	73.0717 51.2494,
	72.9536 51.3674,
	72.9063 51.3674,
	72.5285 51.6272,
	72.3395 51.7217,
	72.2451 51.7453,
	72.1506 51.8162,
	71.7727 51.9343,
	71.017 51.9815,
	70.828 51.9815,
	70.0723 52.0996,
	69.6944 52.1704,
	68.9387 52.2177,
	68.5608 52.2177,
	68.3718 52.194,
	67.6161 51.9106,
	67.4272 51.8162,
	67.3799 51.8162,
	67.191 51.6745,
	67.1201 51.58,
	67.0965 51.4855,
	67.0257 51.3911,
	66.9548 51.2021,
	66.8131 51.0132,
	66.8131 50.966,
	66.5533 50.5881,
	66.388 50.2102,
	66.2699 49.8323,
	66.2699 49.6434,
	66.2463 49.5489,
	66.2699 49.4545,
	66.2463 49.2655,
	66.2463 49.2183,
	"/>
</Transform>

<Transform dim="0"
 xcoef=" 0 1 0 0 0 0"
 ycoef=" 0 0 1 0 0 0">
<Contour name="TB2 NF_24" hidden="true" closed="true" simplified="true" border="1 0.501961 0.25098" fill="1 0.501961 0.25098" mode="-9"
 points="98.5463 13.5749,
	98.6577 13.3966,
	98.8137 13.2406,
	98.8583 13.2628,
	98.9029 13.2183,
	98.9252 13.2406,
	99.0144 13.196,
	99.1035 13.196,
	99.1481 13.2406,
	99.1258 13.4189,
	99.1035 13.508,
	98.9698 13.6864,
	98.7915 13.7532,
	98.6131 13.7087,
	98.5463 13.6195,
	98.5463 13.5972,
	"/>
</Transform>

<Transform dim="0"
 xcoef=" 0 1 0 0 0 0"
 ycoef=" 0 0 1 0 0 0">
<Contour name="TB2 NF_24_cw" hidden="false" closed="true" simplified="true" border="1 0.5 0" fill="1 0.682353 0.368627" mode="15"
 points="98.4135 13.499,
	98.4212 13.4372,
	98.4328 13.4063,
	98.4752 13.3446,
	98.5022 13.3137,
	98.6219 13.2172,
	98.6527 13.1941,
	98.7145 13.1632,
	98.7762 13.1246,
	98.838 13.0976,
	98.8688 13.086,
	98.9306 13.0783,
	98.9615 13.086,
	98.9923 13.086,
	99.0078 13.0899,
	99.0695 13.0822,
	99.085 13.0822,
	99.0888 13.0783,
	99.1197 13.086,
	99.1351 13.0899,
	99.1506 13.1015,
	99.166 13.1053,
	99.2239 13.1594,
	99.2432 13.2211,
	99.2432 13.2828,
	99.2316 13.3446,
	99.2007 13.4063,
	99.1699 13.4372,
	99.139 13.4604,
	99.1235 13.4758,
	99.1081 13.4835,
	99.1004 13.4912,
	99.0927 13.4912,
	99.0772 13.5028,
	99.0155 13.5298,
	98.9537 13.5646,
	98.9229 13.58,
	98.9152 13.58,
	98.8611 13.6417,
	98.8457 13.6495,
	98.8264 13.6803,
	98.7685 13.7344,
	98.7531 13.7459,
	98.6913 13.7575,
	98.6605 13.7652,
	98.645 13.7652,
	98.6142 13.7459,
	98.6064 13.7382,
	98.5756 13.7266,
	98.5138 13.7305,
	98.4984 13.7305,
	98.4829 13.7228,
	98.4714 13.7073,
	98.4636 13.6996,
	98.4559 13.6688,
	98.4559 13.607,
	98.4482 13.5761,
	98.4405 13.5607,
	98.4135 13.5337,
	98.4173 13.5183,
	98.4135 13.5028,
	"/>
</Transform>

<Transform dim="0"
 xcoef=" 0 1 0 0 0 0"
 ycoef=" 0 0 1 0 0 0">
<Contour name="TB2 NF_10_cw" hidden="false" closed="true" simplified="true" border="0.808 0 0.808" fill="0.443 0 0.443" mode="15"
 points="72.4191 52.6485,
	72.4344 52.6076,
	72.4396 52.5872,
	72.5009 52.5105,
	72.5418 52.4798,
	72.5826 52.4696,
	72.6031 52.4594,
	72.6235 52.4645,
	72.6644 52.4543,
	72.6848 52.4492,
	72.7666 52.4747,
	72.787 52.4901,
	72.8075 52.4952,
	72.8432 52.5361,
	72.8586 52.5769,
	72.8535 52.7405,
	72.8535 52.8222,
	72.8432 52.8631,
	72.8024 52.8989,
	72.7462 52.9806,
	72.7053 53.0164,
	72.6644 53.0419,
	72.5826 53.0471,
	72.5418 53.0266,
	72.4651 52.9449,
	72.4293 52.8631,
	72.4191 52.7813,
	72.4191 52.6996,
	72.4191 52.6587,
	72.4191 52.6536,
	"/>
</Transform>

<Transform dim="0"
 xcoef=" 0 1 0 0 0 0"
 ycoef=" 0 0 1 0 0 0">
<Contour name="TB2 NF_15_cw" hidden="false" closed="true" simplified="true" border="1 0.282 0.282" fill="0.835 0 0" mode="15"
 points="66.3846 63.6095,
	66.4066 63.5656,
	66.4943 63.5107,
	66.5821 63.4888,
	66.6588 63.4339,
	66.6698 63.3462,
	66.7247 63.2694,
	66.8014 63.2036,
	66.8453 63.2036,
	67.0208 63.3243,
	67.1963 63.4669,
	67.2731 63.5436,
	67.3609 63.5985,
	67.4486 63.6204,
	67.5364 63.6753,
	67.5693 63.763,
	67.5473 63.8069,
	67.4596 63.8398,
	67.4267 63.8508,
	67.4157 63.9385,
	67.3938 63.9495,
	67.2183 63.8617,
	67.1305 63.8179,
	67.0866 63.8069,
	67.0428 63.8179,
	66.955 63.7959,
	66.9111 63.774,
	66.8892 63.752,
	66.8014 63.763,
	66.7795 63.763,
	66.6917 63.8288,
	66.6479 63.8508,
	66.6259 63.8727,
	66.5382 63.8837,
	66.4943 63.8837,
	66.4066 63.8179,
	66.3846 63.7301,
	66.3846 63.6424,
	66.3846 63.6204,
	"/>
<Contour name="TB2 NF_15_cw" hidden="false" closed="true" simplified="true" border="1 0.282 0.282" fill="0.835 0 0" mode="15"
 points="68.1397 63.9056,
	68.1726 63.8179,
	68.2164 63.774,
	68.3042 63.774,
	68.6552 63.8727,
	68.6991 63.8837,
	68.7868 63.8617,
	68.8307 63.8617,
	68.8746 63.8837,
	68.9185 63.8837,
	68.9623 63.9056,
	69.1378 63.9385,
	69.2256 63.9824,
	69.4011 64.114,
	69.4889 64.1798,
	69.5108 64.1798,
	69.6863 64.3224,
	69.7521 64.4102,
	69.796 64.4979,
	69.8179 64.5857,
	69.8289 64.6296,
	69.8179 64.6734,
	69.7302 64.6734,
	69.5547 64.6296,
	69.5108 64.6076,
	69.3463 64.4431,
	69.2585 64.3883,
	69.083 64.3553,
	68.9075 64.4102,
	68.732 64.4431,
	68.6881 64.4431,
	68.6662 64.4321,
	68.6223 64.4431,
	68.4468 64.3883,
	68.359 64.3115,
	68.2384 64.136,
	68.1506 63.9605,
	68.1397 63.9166,
	"/>
</Transform>

<Transform dim="0"
 xcoef=" 0 1 0 0 0 0"
 ycoef=" 0 0 1 0 0 0">
<Contour name="TB2 NF_17_cw" hidden="false" closed="true" simplified="true" border="0.682 0 0" fill="1 0 0" mode="-15"
 points="65.1906 62.72,
	65.2263 62.6058,
	65.2405 62.4915,
	65.2477 62.4344,
	65.2763 62.3773,
	65.3691 62.2702,
	65.4191 62.2131,
	65.4262 62.1845,
	65.4048 62.1274,
	65.3334 62.0132,
	65.2548 61.7847,
	65.2548 61.7561,
	65.2477 61.7418,
	65.2691 61.5133,
	65.2834 61.4562,
	65.312 61.3991,
	65.3905 61.2848,
	65.4833 61.1706,
	65.5404 61.1349,
	65.5547 61.1206,
	65.519 61.0064,
	65.4548 60.8921,
	65.3477 60.785,
	65.3191 60.7565,
	65.3048 60.7279,
	65.3048 60.6993,
	65.3334 60.6779,
	65.4476 60.6422,
	65.5047 60.6065,
	65.5119 60.578,
	65.569 60.528,
	65.6261 60.4994,
	65.6761 60.4566,
	65.7047 60.428,
	65.7546 60.3138,
	65.7832 60.2566,
	65.8118 60.2352,
	65.8261 60.2209,
	65.876 60.2566,
	65.8832 60.3138,
	65.8832 60.3423,
	65.8689 60.3709,
	65.8546 60.4851,
	65.8475 60.4994,
	65.8618 60.6137,
	65.8618 60.6279,
	65.876 60.6422,
	65.9046 60.6351,
	65.9617 60.6708,
	65.9546 60.7279,
	65.9332 60.785,
	65.8546 60.8993,
	65.8189 60.9564,
	65.7832 61.0706,
	65.7832 61.1849,
	65.8046 61.2991,
	65.8261 61.3562,
	65.8332 61.3848,
	65.9617 61.6133,
	65.9831 61.6704,
	65.9974 61.7847,
	65.9903 62.0132,
	65.976 62.1274,
	65.9546 62.1845,
	65.8975 62.2345,
	65.8403 62.2488,
	65.8189 62.2773,
	65.8118 62.3345,
	65.8475 62.4487,
	65.876 62.5058,
	65.9189 62.563,
	65.9617 62.6772,
	65.9689 62.7058,
	65.9546 62.7629,
	65.9474 62.8771,
	65.9189 62.9914,
	65.9046 63.0199,
	65.9046 63.0342,
	65.8475 63.0913,
	65.8189 63.1199,
	65.7618 63.1485,
	65.7332 63.1556,
	65.6761 63.1485,
	65.619 63.1556,
	65.5976 63.1842,
	65.5904 63.1984,
	65.5976 63.227,
	65.5761 63.2841,
	65.5619 63.3127,
	65.5476 63.327,
	65.5476 63.3412,
	65.4905 63.3484,
	65.4619 63.3198,
	65.3548 63.0913,
	65.3477 63.0628,
	65.3262 63.0342,
	65.2763 62.92,
	65.212 62.8057,
	65.1977 62.7772,
	65.1906 62.7272,
	"/>
</Transform>

<Transform dim="0"
 xcoef=" 0 1 0 0 0 0"
 ycoef=" 0 0 1 0 0 0">
<Contour name="TB2 NF_17_cw" hidden="false" closed="true" simplified="true" border="0.682 0 0" fill="1 0 0" mode="-15"
 points="71.7882 52.8665,
	71.8096 52.7522,
	71.8453 52.638,
	71.8453 52.6237,
	71.9024 52.5737,
	72.0167 52.5309,
	72.0738 52.5166,
	72.1309 52.488,
	72.188 52.4809,
	72.2023 52.488,
	72.2594 52.4809,
	72.2737 52.4666,
	72.3308 52.4523,
	72.3594 52.4381,
	72.4165 52.4452,
	72.4736 52.4666,
	72.5022 52.4809,
	72.5165 52.4952,
	72.4379 52.6094,
	72.4165 52.6666,
	72.3951 52.7808,
	72.3951 52.8379,
	72.4451 52.9522,
	72.4594 52.9522,
	72.5165 53.0021,
	72.5308 53.0164,
	72.5236 53.045,
	72.4951 53.0593,
	72.4379 53.0521,
	72.3808 53.0807,
	72.2666 53.1021,
	72.1523 53.1378,
	72.0381 53.1592,
	71.981 53.1664,
	71.9238 53.1521,
	71.8167 53.045,
	71.7953 52.9879,
	71.7882 52.8736,
	"/>
</Transform>

<Transform dim="0"
 xcoef=" 0 1 0 0 0 0"
 ycoef=" 0 0 1 0 0 0">
<Image mag="0.00855" contrast="1" brightness="0" red="true" green="true" blue="true"
 src="..\TF21_robdata\Rob's_latest_seg_files_TF21_TB2\Aligned 633586.tif" />
<Contour name="domain1" hidden="false" closed="true" simplified="false" border="1 0 1" fill="1 0 1" mode="11"
 points="0 0,
	15991 0,
	15991 12171,
	0 12171,
	"/>
</Transform>

<Transform dim="0"
 xcoef=" 0 1 0 0 0 0"
 ycoef=" 0 0 1 0 0 0">
<Contour name="TB2 Nucleus_75" hidden="false" closed="true" simplified="true" border="1 0 0" fill="1 0 0" mode="9"
 points="70.7079 59.7248,
	70.7389 59.6627,
	70.863 59.5541,
	70.9251 59.4921,
	71.0337 59.2439,
	71.0802 58.7474,
	71.0802 58.6233,
	71.0647 58.5613,
	70.9406 58.4682,
	70.832 58.3441,
	70.7545 58.0959,
	70.77 57.8477,
	70.8475 57.3513,
	70.8786 57.2272,
	70.8786 56.979,
	70.832 56.7308,
	70.7855 56.6067,
	70.801 56.4826,
	70.801 56.4515,
	70.8475 56.3895,
	70.9251 55.8931,
	70.9561 55.6449,
	71.0182 55.5208,
	71.0492 55.4897,
	71.0647 55.4277,
	71.1423 55.3036,
	71.2509 55.0554,
	71.5456 54.559,
	71.5922 54.4349,
	71.6697 54.3108,
	71.7007 54.2487,
	71.7938 54.1711,
	72.0265 53.954,
	72.1506 53.8764,
	72.2127 53.8299,
	72.2437 53.7988,
	72.2747 53.7988,
	72.3057 53.7678,
	72.8022 53.7988,
	73.0504 53.8454,
	73.1745 53.8454,
	73.4227 53.9229,
	73.4847 53.9074,
	73.5158 53.9074,
	73.5468 53.8764,
	73.5778 53.8764,
	73.6709 53.7523,
	73.8105 53.2559,
	73.8415 53.1318,
	73.8415 53.0697,
	73.8881 52.9456,
	74.0587 52.7129,
	74.1828 52.6509,
	74.3069 52.6198,
	74.431 52.6974,
	74.462 52.7595,
	74.4465 52.8836,
	74.462 53.0077,
	74.5086 53.0697,
	75.005 52.9766,
	75.1291 52.9611,
	75.1912 52.9301,
	75.4394 52.9611,
	75.5635 52.9766,
	75.6255 52.9922,
	75.7496 52.9766,
	75.8117 52.9611,
	75.8737 52.9766,
	76.1064 53.1938,
	76.2305 53.3024,
	76.4322 53.5196,
	76.6494 53.7678,
	76.8355 54.016,
	76.9441 54.2642,
	77.0527 54.7606,
	77.0682 54.8847,
	77.1148 55.0088,
	77.2854 55.257,
	77.4095 55.5052,
	77.456 55.6294,
	77.4871 55.8776,
	77.4871 56.1258,
	77.394 56.6222,
	77.3164 56.8704,
	77.2854 56.9014,
	77.2854 56.9324,
	77.2544 56.9635,
	77.2389 57.0876,
	77.2389 57.1496,
	77.3319 57.3978,
	77.3164 57.646,
	77.2233 58.1424,
	77.1768 58.3907,
	77.1303 58.5148,
	77.1303 58.5768,
	77.0372 58.825,
	77.0217 58.8871,
	76.9907 58.9181,
	76.9131 59.1663,
	76.8045 59.4145,
	76.6649 59.9109,
	76.5873 60.1591,
	76.5563 60.2832,
	76.5253 60.3453,
	76.5097 60.5935,
	76.5253 60.7176,
	76.4787 60.9658,
	76.4787 61.0278,
	76.4322 61.152,
	76.2771 61.4002,
	76.1995 61.5243,
	75.9668 61.6794,
	75.8427 61.7259,
	75.8117 61.757,
	75.6876 61.8035,
	75.5635 61.8966,
	75.4859 62.0207,
	75.4394 62.1448,
	75.4238 62.393,
	75.4083 62.5171,
	75.4238 62.7653,
	75.3928 62.8894,
	75.3618 62.9204,
	75.3618 62.9515,
	75.3308 62.9825,
	75.3308 63.0135,
	75.2997 63.0445,
	75.2842 63.1066,
	75.2222 63.1686,
	75.1912 63.2307,
	75.067 63.3393,
	74.9895 63.4634,
	74.9429 63.5254,
	74.8188 63.572,
	74.5706 63.5875,
	74.4465 63.603,
	74.3845 63.603,
	74.2604 63.6495,
	74.1363 63.665,
	73.6399 63.6185,
	73.1434 63.5409,
	72.647 63.4013,
	72.3988 63.4168,
	72.3368 63.4013,
	72.3057 63.3703,
	72.0575 63.2617,
	72.0265 63.2307,
	71.9024 63.1841,
	71.7783 63.0911,
	71.7473 63.0911,
	71.2664 62.7343,
	71.1888 62.6257,
	71.1578 62.5636,
	71.1578 62.3154,
	71.1733 62.1913,
	71.0802 61.6949,
	70.9871 61.4467,
	70.8786 60.9503,
	70.8165 60.7021,
	70.77 60.2057,
	70.7389 59.9575,
	70.7079 59.8334,
	70.7079 59.7713,
	70.7079 59.7403,
	"/>
</Transform>

<Transform dim="0"
 xcoef=" 0 1 0 0 0 0"
 ycoef=" 0 0 1 0 0 0">
<Contour name="TB2 Nucleus_92" hidden="false" closed="true" simplified="true" border="1 0 0" fill="1 0 1" mode="9"
 points="62.2881 49.4788,
	62.3316 49.1314,
	62.4835 48.4367,
	62.5704 47.7419,
	62.6138 47.3946,
	62.6572 46.0051,
	62.7006 45.6577,
	62.6789 45.3103,
	62.6789 45.2235,
	62.6572 45.1801,
	62.6789 45.1584,
	62.7441 45.2452,
	62.7658 45.2886,
	63.0046 44.963,
	63.6342 44.3985,
	63.9816 44.1597,
	64.1553 44.0077,
	64.2855 43.8557,
	64.4592 43.7254,
	64.7849 43.3781,
	65.2408 42.705,
	65.3276 42.3577,
	65.4145 42.184,
	65.5447 42.0103,
	65.7184 41.8583,
	65.8921 41.8149,
	66.0658 41.8149,
	66.1527 41.8366,
	66.3046 41.9886,
	66.3698 42.1623,
	66.4349 42.2491,
	66.7823 42.3577,
	66.8691 42.3794,
	66.9559 42.4445,
	67.3033 42.5748,
	67.477 42.6182,
	67.5638 42.6616,
	67.6507 42.7485,
	67.8461 43.0958,
	67.9546 43.4432,
	67.9546 43.7906,
	67.9546 43.9643,
	67.8244 44.3116,
	67.8027 44.659,
	67.6941 44.8327,
	67.3467 45.1801,
	67.2165 45.3103,
	67.0428 45.4623,
	66.9125 45.636,
	66.8257 45.7228,
	66.8257 45.7663,
	66.5 46.1136,
	66.4566 46.2005,
	66.3046 46.3742,
	66.2612 46.4176,
	66.2612 46.461,
	65.979 46.8084,
	65.8487 46.9821,
	65.6533 47.3294,
	65.5013 47.6768,
	65.4145 47.8505,
	65.3494 48.1979,
	65.2842 48.8926,
	65.2625 49.0663,
	65.0237 49.761,
	64.9368 50.1084,
	64.9151 50.1953,
	64.8066 50.3689,
	64.6329 50.5426,
	64.4592 50.6512,
	64.1118 50.7597,
	64.025 50.8032,
	63.6776 50.8683,
	63.5039 50.9117,
	63.4171 50.9117,
	63.3303 50.8683,
	62.9829 50.8466,
	62.896 50.8249,
	62.7224 50.6729,
	62.5487 50.5643,
	62.4184 50.3906,
	62.3098 50.0433,
	62.2881 49.6959,
	62.2881 49.5222,
	62.2881 49.5005,
	"/>
</Transform>

<Transform dim="0"
 xcoef=" 0 1 0 0 0 0"
 ycoef=" 0 0 1 0 0 0">
<Contour name="TB2 Nucleus_53" hidden="false" closed="true" simplified="true" border="1 0 0" fill="1 0 0" mode="9"
 points="66.2463 49.1947,
	66.2699 49.0057,
	66.3408 48.8168,
	66.3408 48.7696,
	66.4116 48.6751,
	66.6005 48.6042,
	66.6478 48.6042,
	66.695 48.2264,
	66.7423 48.0374,
	66.7423 47.6595,
	66.8131 47.2817,
	66.884 47.0927,
	67.002 46.9274,
	67.3799 46.5732,
	67.6397 46.1953,
	67.6869 46.1008,
	67.7814 46.0063,
	67.8286 45.9119,
	67.9231 45.8174,
	67.9703 45.7229,
	68.2774 45.3687,
	68.6316 45.1089,
	68.7261 45.038,
	68.7733 45.038,
	69.1512 44.731,
	69.5291 44.4948,
	69.907 44.2114,
	70.0959 44.0933,
	70.1904 43.9989,
	70.5682 43.8572,
	70.9461 43.7627,
	71.7019 43.5029,
	72.0797 43.4084,
	72.4576 43.3848,
	72.6466 43.4321,
	73.0244 43.3848,
	73.2134 43.3376,
	73.5912 43.125,
	73.6857 43.0542,
	74.0636 42.9597,
	74.8193 42.8652,
	75.0083 42.818,
	75.3862 42.818,
	75.5751 42.7944,
	76.3308 42.8889,
	76.7087 42.9361,
	76.8977 42.9597,
	77.0866 43.0306,
	77.1811 43.125,
	77.2283 43.2195,
	77.3228 43.314,
	77.2991 43.3612,
	77.1102 43.3376,
	77.0157 43.3376,
	76.9921 43.3612,
	77.2991 43.6682,
	77.5589 44.0461,
	77.677 44.235,
	77.7479 44.6129,
	77.7243 45.3687,
	77.5826 46.1244,
	77.37 46.8802,
	77.2991 47.0691,
	77.2519 47.1636,
	77.2519 47.2108,
	77.1102 47.3998,
	76.9213 47.5651,
	76.8268 47.6123,
	76.7796 47.6595,
	76.7323 47.6595,
	76.3545 47.9193,
	76.0947 48.2264,
	75.7876 48.5806,
	75.0555 49.2655,
	74.7957 49.6434,
	74.7013 49.7379,
	74.654 49.8323,
	74.4651 50.0213,
	73.7093 50.5645,
	73.544 50.7298,
	73.4259 50.8951,
	73.0717 51.2494,
	72.9536 51.3674,
	72.9063 51.3674,
	72.5285 51.6272,
	72.3395 51.7217,
	72.2451 51.7453,
	72.1506 51.8162,
	71.7727 51.9343,
	71.017 51.9815,
	70.828 51.9815,
	70.0723 52.0996,
	69.6944 52.1704,
	68.9387 52.2177,
	68.5608 52.2177,
	68.3718 52.194,
	67.6161 51.9106,
	67.4272 51.8162,
	67.3799 51.8162,
	67.191 51.6745,
	67.1201 51.58,
	67.0965 51.4855,
	67.0257 51.3911,
	66.9548 51.2021,
	66.8131 51.0132,
	66.8131 50.966,
	66.5533 50.5881,
	66.388 50.2102,
	66.2699 49.8323,
	66.2699 49.6434,
	66.2463 49.5489,
	66.2699 49.4545,
	66.2463 49.2655,
	66.2463 49.2183,
	"/>
</Transform>

<Transform dim="0"
 xcoef=" 0 1 0 0 0 0"
 ycoef=" 0 0 1 0 0 0">
<Contour name="TB2 NF_24" hidden="true" closed="true" simplified="true" border="1 0.501961 0.25098" fill="1 0.501961 0.25098" mode="-9"
 points="98.5463 13.5749,
	98.6577 13.3966,
	98.8137 13.2406,
	98.8583 13.2628,
	98.9029 13.2183,
	98.9252 13.2406,
	99.0144 13.196,
	99.1035 13.196,
	99.1481 13.2406,
	99.1258 13.4189,
	99.1035 13.508,
	98.9698 13.6864,
	98.7915 13.7532,
	98.6131 13.7087,
	98.5463 13.6195,
	98.5463 13.5972,
	"/>
</Transform>

<Transform dim="0"
 xcoef=" 0 1 0 0 0 0"
 ycoef=" 0 0 1 0 0 0">
<Contour name="TB2 NF_24_cw" hidden="false" closed="true" simplified="true" border="1 0.5 0" fill="1 0.682353 0.368627" mode="15"
 points="98.4135 13.499,
	98.4212 13.4372,
	98.4328 13.4063,
	98.4752 13.3446,
	98.5022 13.3137,
	98.6219 13.2172,
	98.6527 13.1941,
	98.7145 13.1632,
	98.7762 13.1246,
	98.838 13.0976,
	98.8688 13.086,
	98.9306 13.0783,
	98.9615 13.086,
	98.9923 13.086,
	99.0078 13.0899,
	99.0695 13.0822,
	99.085 13.0822,
	99.0888 13.0783,
	99.1197 13.086,
	99.1351 13.0899,
	99.1506 13.1015,
	99.166 13.1053,
	99.2239 13.1594,
	99.2432 13.2211,
	99.2432 13.2828,
	99.2316 13.3446,
	99.2007 13.4063,
	99.1699 13.4372,
	99.139 13.4604,
	99.1235 13.4758,
	99.1081 13.4835,
	99.1004 13.4912,
	99.0927 13.4912,
	99.0772 13.5028,
	99.0155 13.5298,
	98.9537 13.5646,
	98.9229 13.58,
	98.9152 13.58,
	98.8611 13.6417,
	98.8457 13.6495,
	98.8264 13.6803,
	98.7685 13.7344,
	98.7531 13.7459,
	98.6913 13.7575,
	98.6605 13.7652,
	98.645 13.7652,
	98.6142 13.7459,
	98.6064 13.7382,
	98.5756 13.7266,
	98.5138 13.7305,
	98.4984 13.7305,
	98.4829 13.7228,
	98.4714 13.7073,
	98.4636 13.6996,
	98.4559 13.6688,
	98.4559 13.607,
	98.4482 13.5761,
	98.4405 13.5607,
	98.4135 13.5337,
	98.4173 13.5183,
	98.4135 13.5028,
	"/>
</Transform>

<Transform dim="0"
 xcoef=" 0 1 0 0 0 0"
 ycoef=" 0 0 1 0 0 0">
<Image mag="0.00855" contrast="1" brightness="0" red="true" green="true" blue="true"
 src="Aligned 633586.tif" />
<Contour name="a1" hidden="false" closed="true" simplified="false" border="1 0.5 0" fill="1 0.5 0" mode="11"
 points="0 0,
	15991 0,
	15991 12171,
	0 12171,
	"/>
</Transform>

<Transform dim="0"
 xcoef=" 0 1 0 0 0 0"
 ycoef=" 0 0 1 0 0 0">
<Contour name="TB3_TC02_T2dying_cw" hidden="false" closed="true" simplified="true" border="0.322 0.773 1" fill="0.322 0.773 1" mode="15"
 points="97.6744 64.0275,
	97.8384 63.5901,
	98.016 63.3715,
	98.2347 62.9342,
	98.262 62.8795,
	98.2757 62.6608,
	98.262 62.4422,
	98.221 62.3328,
	98.262 62.2235,
	98.3987 62.0048,
	98.4123 61.9502,
	98.4123 61.9228,
	98.5763 61.7042,
	98.836 61.2668,
	98.9043 61.1575,
	99.0137 61.0755,
	99.0683 61.0482,
	99.164 60.9389,
	99.2187 60.8979,
	99.4237 60.8569,
	99.533 60.8569,
	99.6423 60.8842,
	99.7517 60.8705,
	99.861 60.7749,
	99.9977 60.5562,
	100.175 60.3375,
	100.285 60.2965,
	100.339 60.2965,
	100.449 60.2009,
	100.49 60.1462,
	100.544 60.1189,
	100.572 60.0915,
	100.681 60.0915,
	100.79 60.0505,
	100.872 59.9412,
	100.927 59.9002,
	101.036 59.8592,
	101.091 59.8045,
	101.132 59.6952,
	101.146 59.5859,
	101.146 59.5312,
	101.255 59.4355,
	101.31 59.4082,
	101.419 59.4082,
	101.474 59.4219,
	101.528 59.3945,
	101.597 59.2852,
	101.61 59.1759,
	101.597 59.0665,
	101.556 58.9572,
	101.528 58.7385,
	101.515 58.6292,
	101.528 58.5199,
	101.528 58.4652,
	101.501 58.4106,
	101.392 58.3969,
	101.337 58.4106,
	101.282 58.3969,
	101.255 58.2876,
	101.282 58.2329,
	101.392 58.2192,
	101.446 58.2192,
	101.501 58.1919,
	101.597 58.0962,
	101.706 58.0416,
	101.829 57.8229,
	101.938 57.7682,
	101.993 57.7682,
	102.048 57.7272,
	102.184 57.5086,
	102.225 57.3992,
	102.294 57.2899,
	102.348 57.2352,
	102.417 57.1259,
	102.499 56.9072,
	102.526 56.7979,
	102.526 56.5792,
	102.594 56.1419,
	102.635 55.9233,
	102.704 55.0486,
	102.84 54.6113,
	102.95 54.1739,
	102.991 53.9553,
	103.086 53.7366,
	103.114 53.6819,
	103.223 53.5726,
	103.319 53.354,
	103.387 53.1353,
	103.51 52.9166,
	103.537 52.862,
	103.592 52.8346,
	103.633 52.862,
	103.674 52.9713,
	103.66 53.0806,
	103.647 53.108,
	103.715 53.2036,
	103.824 53.1626,
	103.852 53.1353,
	103.811 52.9166,
	103.742 52.698,
	103.715 52.5886,
	103.701 52.534,
	103.715 52.4793,
	103.742 52.4656,
	103.934 52.6706,
	103.947 52.7253,
	104.029 52.8346,
	104.07 52.8893,
	104.084 52.944,
	104.057 53.0533,
	104.043 53.108,
	104.029 53.1353,
	104.057 53.19,
	104.111 53.231,
	104.125 53.4496,
	104.111 53.6683,
	104.111 53.7776,
	104.057 53.9963,
	104.043 54.1056,
	104.057 54.2149,
	104.07 54.2696,
	104.221 54.4883,
	104.234 54.5429,
	104.262 54.5703,
	104.289 54.7889,
	104.385 55.2263,
	104.439 55.6636,
	104.48 55.7729,
	104.549 56.2102,
	104.562 56.3196,
	104.508 56.7569,
	104.48 56.8662,
	104.508 57.0849,
	104.521 57.1942,
	104.48 57.4129,
	104.467 57.4676,
	104.453 57.4949,
	104.494 57.6042,
	104.508 57.6589,
	104.508 57.6862,
	104.617 57.7546,
	104.672 57.7682,
	104.726 57.8092,
	104.754 57.8639,
	104.754 57.9186,
	104.713 57.9732,
	104.685 58.0006,
	104.467 58.0142,
	104.357 58.0006,
	104.248 58.0689,
	104.234 58.0826,
	104.453 58.1919,
	104.508 58.2329,
	104.562 58.2466,
	104.672 58.3422,
	104.631 58.5609,
	104.59 58.6702,
	104.59 58.7795,
	104.754 59.2169,
	104.781 59.3262,
	104.767 59.5449,
	104.781 59.7635,
	104.945 60.6382,
	105 60.7475,
	105.041 60.8022,
	105.082 61.0208,
	105.095 61.1302,
	105.054 61.3488,
	105.027 61.4582,
	105.013 61.5128,
	104.617 61.9365,
	104.631 61.9638,
	104.658 61.9638,
	104.672 62.1825,
	104.617 62.2918,
	104.439 62.5105,
	104.398 62.6198,
	104.412 62.7292,
	104.494 62.9478,
	104.508 63.0025,
	104.467 63.2212,
	104.48 63.4398,
	104.521 63.4945,
	104.631 63.5355,
	104.658 63.5355,
	104.713 63.5901,
	104.931 63.7131,
	105.041 63.8088,
	105.136 64.0275,
	105.15 64.1368,
	105.136 64.2461,
	105.205 64.6835,
	105.246 64.9021,
	105.246 64.9568,
	105.437 65.3941,
	105.464 65.5035,
	105.56 65.7221,
	105.601 65.8315,
	105.751 66.0501,
	105.833 66.2688,
	105.915 66.7061,
	105.984 66.9248,
	106.093 67.0204,
	106.134 67.0751,
	106.216 67.5124,
	106.23 67.5671,
	106.189 67.7858,
	106.161 67.8404,
	106.107 67.8951,
	105.97 68.3324,
	105.97 68.3871,
	106.011 68.4964,
	105.997 68.5511,
	105.956 68.6057,
	105.888 68.8244,
	105.861 68.9337,
	105.847 69.1524,
	105.861 69.3711,
	105.874 69.4257,
	105.806 69.6444,
	105.724 69.7537,
	105.615 69.8357,
	105.546 69.9451,
	105.505 70.1637,
	105.478 70.6011,
	105.505 70.7104,
	105.492 70.929,
	105.451 71.1477,
	105.355 71.3664,
	105 71.8037,
	104.89 71.8994,
	104.836 72.0087,
	104.863 72.118,
	104.877 72.1727,
	104.836 72.282,
	104.795 72.3367,
	104.781 72.3914,
	104.672 72.4597,
	104.617 72.446,
	104.508 72.364,
	104.453 72.3367,
	104.33 72.5554,
	104.221 72.6237,
	104.002 72.7057,
	103.893 72.7194,
	103.783 72.7057,
	103.674 72.7194,
	103.619 72.733,
	103.51 72.8287,
	103.455 72.8697,
	103.346 72.8834,
	103.237 72.938,
	103.059 73.1567,
	102.977 73.266,
	102.772 73.471,
	102.567 73.6487,
	102.458 73.717,
	102.403 73.7443,
	102.075 74.1817,
	101.979 74.291,
	101.925 74.3457,
	101.87 74.373,
	101.815 74.373,
	101.706 74.3183,
	101.651 74.3457,
	101.61 74.455,
	101.515 74.5507,
	101.46 74.5917,
	101.351 74.5643,
	101.255 74.455,
	101.241 74.4003,
	101.241 74.373,
	101.146 74.2637,
	101.118 74.2363,
	101.009 74.2637,
	100.9 74.2227,
	100.845 74.1817,
	100.626 74.1133,
	100.517 74.0313,
	100.408 73.922,
	100.353 73.8673,
	100.326 73.8127,
	100.271 73.758,
	100.162 73.7033,
	100.052 73.6213,
	99.9567 73.512,
	99.902 73.4573,
	99.738 73.02,
	99.6833 72.5827,
	99.656 72.528,
	99.656 72.4734,
	99.6287 72.4187,
	99.6287 72.364,
	99.6013 72.3094,
	99.615 72.2,
	99.574 71.9814,
	99.5467 71.9267,
	99.492 71.872,
	99.3827 71.8037,
	99.3417 71.749,
	99.3143 71.6397,
	99.3417 71.5304,
	99.3963 71.421,
	99.3827 71.3117,
	99.3143 71.2024,
	99.2733 71.093,
	99.2597 70.8744,
	99.2733 70.6557,
	99.2323 70.5464,
	99.0547 70.3277,
	99 70.2731,
	98.8907 70.0544,
	98.8633 69.8357,
	98.713 69.3984,
	98.59 68.9611,
	98.549 68.8517,
	98.3577 68.6331,
	98.3167 68.5237,
	98.2893 68.4691,
	98.2893 68.4144,
	98.344 68.3051,
	98.3713 68.2504,
	98.3713 68.1411,
	98.344 68.0318,
	98.2893 67.9224,
	98.1937 67.8131,
	98.0844 67.7311,
	98.0434 67.5124,
	98.0297 66.6378,
	97.9614 66.2004,
	97.9204 66.0911,
	97.9067 66.0364,
	97.8657 65.9818,
	97.7974 65.7631,
	97.77 65.6538,
	97.7154 64.7791,
	97.7017 64.6698,
	97.7154 64.5605,
	97.6744 64.1231,
	97.6744 64.0685,
	97.6744 64.0411,
	"/>
</Transform>

<Transform dim="0"
 xcoef=" 0 1 0 0 0 0"
 ycoef=" 0 0 1 0 0 0">
<Contour name="TB3_TC02_T2dying_cw" hidden="false" closed="true" simplified="true" border="0.322 0.773 1" fill="0.322 0.773 1" mode="15"
 points="104.33 38.2662,
	104.412 38.1568,
	104.453 38.0475,
	104.426 37.9928,
	104.453 37.9382,
	104.549 37.8288,
	104.631 37.6102,
	104.699 37.5008,
	104.89 37.2958,
	105 37.2275,
	105.095 37.1318,
	105.191 36.9132,
	105.191 36.8038,
	105.232 36.6945,
	105.273 36.6398,
	105.382 36.5715,
	105.437 36.5168,
	105.451 36.4075,
	105.382 36.2982,
	105.341 36.1888,
	105.464 35.7515,
	105.587 35.5329,
	105.738 35.3142,
	105.847 35.0955,
	105.97 34.6582,
	105.997 34.5489,
	105.97 34.4395,
	106.079 34.2209,
	106.161 34.0022,
	106.216 33.8929,
	106.298 33.7835,
	106.353 33.7562,
	106.407 33.6469,
	106.435 33.5922,
	106.448 33.3736,
	106.489 33.2642,
	106.64 33.0456,
	106.694 32.9362,
	106.749 32.7176,
	106.79 32.6082,
	106.831 32.3896,
	107.227 31.5149,
	107.419 31.3099,
	107.46 31.2552,
	107.61 30.8179,
	107.637 30.7086,
	107.665 30.6539,
	107.719 30.5993,
	107.774 30.5719,
	107.801 30.5719,
	107.842 30.5173,
	107.87 30.2986,
	107.993 29.8613,
	108.102 29.6426,
	108.184 29.4239,
	108.198 29.3693,
	108.266 29.2599,
	108.307 29.1506,
	108.375 29.0413,
	108.635 28.1666,
	108.676 28.0573,
	108.69 27.948,
	108.731 27.8386,
	108.744 27.784,
	108.703 27.5653,
	108.676 27.456,
	108.662 27.0186,
	108.69 26.8,
	108.758 26.5813,
	108.881 26.3626,
	108.949 26.2533,
	109.127 26.0347,
	109.236 25.9253,
	109.264 25.8707,
	109.359 25.775,
	109.428 25.6657,
	109.605 25.447,
	109.715 25.3513,
	109.824 25.283,
	110.043 25.1053,
	110.193 24.8867,
	110.248 24.832,
	110.466 24.709,
	110.562 24.6133,
	110.699 24.3947,
	110.753 24.2853,
	110.931 24.0667,
	111.04 24.012,
	111.095 23.9847,
	111.286 23.766,
	111.505 23.5884,
	111.942 23.4517,
	111.969 23.438,
	112.024 23.4517,
	112.051 23.4517,
	112.147 23.561,
	112.12 23.6157,
	112.106 23.643,
	112.147 23.684,
	112.174 23.6977,
	112.284 23.643,
	112.393 23.6567,
	112.448 23.7113,
	112.666 23.6703,
	112.721 23.643,
	112.817 23.5337,
	112.912 23.315,
	112.94 23.0964,
	112.994 22.8777,
	113.022 22.7684,
	113.09 22.659,
	113.145 22.6044,
	113.172 22.5497,
	113.268 22.4404,
	113.309 22.3857,
	113.309 22.3584,
	113.363 22.3174,
	113.418 22.3037,
	113.445 22.3037,
	113.541 22.413,
	113.596 22.4267,
	113.705 22.413,
	113.814 22.454,
	113.842 22.5087,
	113.951 22.5497,
	114.06 22.536,
	114.115 22.536,
	114.142 22.577,
	114.115 22.6317,
	114.006 22.7,
	113.814 22.905,
	113.76 23.0144,
	113.705 23.233,
	113.664 23.3424,
	113.637 23.561,
	113.65 23.6703,
	113.719 23.7797,
	113.828 23.8207,
	114.047 23.7797,
	114.265 23.643,
	114.375 23.5474,
	114.429 23.5064,
	114.539 23.4654,
	114.648 23.4517,
	114.757 23.3834,
	114.853 23.1647,
	115.072 22.987,
	115.29 22.8504,
	115.386 22.741,
	115.605 22.659,
	115.714 22.618,
	115.933 22.4814,
	116.042 22.4404,
	116.097 22.3857,
	116.206 22.3174,
	116.261 22.2627,
	116.315 22.3037,
	116.343 22.3584,
	116.206 22.7957,
	116.124 23.233,
	116.138 23.4517,
	116.165 23.5064,
	116.192 23.5337,
	116.411 23.561,
	116.493 23.7797,
	116.534 23.8343,
	116.643 23.8343,
	116.753 23.8753,
	116.739 23.93,
	116.52 24.1077,
	116.425 24.217,
	116.37 24.3263,
	116.274 24.422,
	116.22 24.4767,
	116.151 24.6953,
	116.11 24.914,
	116.042 25.1327,
	115.946 25.3513,
	115.892 25.4607,
	115.7 25.6793,
	115.659 25.734,
	115.646 25.8433,
	115.646 25.898,
	115.7 25.9527,
	115.728 26.062,
	115.687 26.2806,
	115.755 26.4993,
	115.796 26.718,
	115.7 27.1553,
	115.632 27.2646,
	115.523 27.292,
	115.468 27.333,
	115.4 27.4423,
	115.345 27.4833,
	115.236 27.4696,
	115.14 27.579,
	115.044 27.7976,
	115.031 27.8523,
	115.017 27.866,
	115.072 27.9753,
	115.058 28.0846,
	114.908 28.3033,
	114.812 28.522,
	114.798 28.5766,
	114.716 28.6859,
	114.607 28.7816,
	114.498 28.8226,
	114.443 28.8363,
	114.388 28.9456,
	114.224 29.1643,
	114.211 29.2736,
	114.238 29.4923,
	114.224 29.7109,
	114.183 29.8203,
	114.047 30.0389,
	114.006 30.0936,
	114.006 30.1483,
	113.664 30.5856,
	113.527 30.8043,
	113.418 30.8863,
	113.199 30.9273,
	113.104 31.0366,
	113.076 31.0639,
	113.035 31.2826,
	112.94 31.5012,
	112.885 31.6106,
	112.844 31.6652,
	112.803 31.7746,
	112.666 31.9932,
	112.489 32.2119,
	112.448 32.4306,
	112.297 32.6492,
	112.092 32.8269,
	111.997 32.9362,
	111.888 33.0046,
	111.778 33.0456,
	111.573 33.2096,
	111.423 33.4282,
	111.396 33.4556,
	111.355 33.6742,
	111.286 33.8929,
	111.163 34.1115,
	111.081 34.3302,
	110.876 34.7675,
	110.849 34.8222,
	110.835 34.9315,
	110.849 35.0409,
	110.822 35.1502,
	110.808 35.2049,
	110.699 35.3142,
	110.589 35.3689,
	110.507 35.4782,
	110.453 35.4919,
	110.343 35.4645,
	110.316 35.4509,
	110.097 35.6422,
	110.043 35.6832,
	109.988 35.6969,
	109.879 35.6695,
	109.824 35.6285,
	109.797 35.5192,
	109.81 35.4645,
	109.81 35.4372,
	109.756 35.3962,
	109.701 35.3962,
	109.646 35.4235,
	109.619 35.4509,
	109.51 35.4509,
	109.455 35.4509,
	109.359 35.3415,
	109.318 35.2869,
	109.209 35.2322,
	109.154 35.1229,
	109.045 35.1365,
	109.018 35.1365,
	108.949 35.0272,
	108.936 34.9179,
	108.922 34.8632,
	108.908 34.8359,
	108.854 34.8632,
	108.813 34.9179,
	108.772 35.1365,
	108.813 35.3552,
	108.881 35.4645,
	108.895 35.5739,
	108.881 35.6832,
	108.895 35.9019,
	108.936 36.1205,
	108.867 36.3392,
	108.84 36.4485,
	108.772 36.5578,
	108.58 36.7765,
	108.362 36.9542,
	108.252 37.0362,
	108.198 37.0635,
	108.17 37.0635,
	108.061 37.1318,
	107.842 37.1728,
	107.733 37.1592,
	107.624 37.1182,
	107.569 37.0908,
	107.514 37.0908,
	107.487 37.0908,
	107.432 37.1455,
	107.405 37.2548,
	107.391 37.4735,
	107.378 37.5828,
	107.337 37.6922,
	106.927 38.1158,
	106.817 38.1978,
	106.667 38.4165,
	106.626 38.6351,
	106.612 38.6625,
	106.722 38.7718,
	106.776 38.8265,
	106.886 38.8128,
	107.104 38.8401,
	107.214 38.8538,
	107.323 38.9495,
	107.391 39.0588,
	107.501 39.1545,
	107.719 39.2775,
	107.733 39.3321,
	107.651 39.4415,
	107.214 39.6055,
	107.104 39.7011,
	106.995 39.7695,
	106.776 39.8378,
	106.667 39.9061,
	106.558 39.9335,
	106.503 39.9335,
	106.476 39.9335,
	106.462 39.8241,
	106.353 39.7285,
	106.243 39.6875,
	106.025 39.6738,
	105.806 39.6055,
	105.587 39.5098,
	105.369 39.4688,
	105.15 39.3458,
	105.041 39.2501,
	104.931 39.2091,
	104.877 39.1955,
	104.836 39.1545,
	104.863 39.0998,
	104.918 39.0588,
	104.931 39.0041,
	104.89 38.7855,
	104.822 38.6761,
	104.726 38.5805,
	104.617 38.5395,
	104.398 38.5258,
	104.371 38.4165,
	104.385 38.3618,
	104.344 38.3072,
	104.33 38.2798,
	"/>
</Transform>

<Transform dim="0"
 xcoef=" 0 1 0 0 0 0"
 ycoef=" 0 0 1 0 0 0">
<Contour name="TB3_TC02_T2dying_cw" hidden="false" closed="true" simplified="true" border="0.322 0.773 1" fill="0.322 0.773 1" mode="15"
 points="103.524 41.2318,
	103.551 41.1224,
	103.66 40.9038,
	103.715 40.7945,
	103.77 40.5758,
	103.879 40.5621,
	103.906 40.6168,
	103.906 40.6715,
	103.961 40.6305,
	104.029 40.5348,
	104.139 40.5075,
	104.248 40.5758,
	104.316 40.6851,
	104.344 40.7945,
	104.344 40.9038,
	104.33 40.9585,
	104.371 41.0678,
	104.385 41.1224,
	104.289 41.2181,
	104.234 41.2591,
	104.166 41.3684,
	103.961 41.5598,
	103.906 41.6008,
	103.852 41.6144,
	103.824 41.6281,
	103.729 41.5461,
	103.674 41.5188,
	103.674 41.4641,
	103.756 41.2454,
	103.756 41.1361,
	103.756 41.1088,
	103.729 41.1088,
	103.592 41.3274,
	103.565 41.3411,
	103.524 41.2864,
	103.524 41.2454,
	"/>
</Transform>

<Transform dim="0"
 xcoef=" 0 1 0 0 0 0"
 ycoef=" 0 0 1 0 0 0">
<Contour name="TB3_TC02_T2dying_cw" hidden="false" closed="true" simplified="true" border="0.322 0.773 1" fill="0.322 0.773 1" mode="15"
 points="116.329 23.1374,
	116.343 23.0827,
	116.438 22.987,
	116.548 22.9187,
	116.657 22.8777,
	116.766 22.8914,
	116.985 22.8504,
	117.094 22.8367,
	117.149 22.8367,
	117.368 22.9597,
	117.422 23.0007,
	117.45 23.0554,
	117.45 23.1647,
	117.409 23.274,
	117.258 23.479,
	117.149 23.561,
	117.094 23.5884,
	116.876 23.561,
	116.821 23.602,
	116.78 23.7113,
	116.725 23.7523,
	116.671 23.766,
	116.561 23.7387,
	116.452 23.6703,
	116.37 23.4517,
	116.329 23.3424,
	116.329 23.233,
	116.329 23.1784,
	116.329 23.151,
	"/>
</Transform>

<Transform dim="0"
 xcoef=" 0 1 0 0 0 0"
 ycoef=" 0 0 1 0 0 0">
<Contour name="TB3_TC02_T2dying_cw" hidden="false" closed="true" simplified="true" border="0.322 0.773 1" fill="0.322 0.773 1" mode="15"
 points="119.049 20.9917,
	119.09 20.8824,
	119.09 20.8551,
	119.158 20.7457,
	119.172 20.6911,
	119.308 20.4724,
	119.418 20.2537,
	119.513 20.1581,
	119.623 20.0897,
	119.841 20.0214,
	119.951 20.0077,
	120.005 20.0214,
	120.033 20.0214,
	120.074 20.0761,
	120.101 20.1854,
	120.074 20.2947,
	120.033 20.3494,
	120.005 20.4587,
	119.992 20.6774,
	119.978 20.7867,
	119.937 20.8961,
	119.8 21.1147,
	119.787 21.1694,
	119.746 21.224,
	119.636 21.2787,
	119.582 21.3197,
	119.527 21.3334,
	119.418 21.2924,
	119.39 21.2787,
	119.281 21.3197,
	119.267 21.306,
	119.281 21.2787,
	119.185 21.265,
	119.076 21.1967,
	119.062 21.0874,
	119.049 21.0327,
	119.049 21.0054,
	"/>
</Transform>

<Transform dim="0"
 xcoef=" 0 1 0 0 0 0"
 ycoef=" 0 0 1 0 0 0">
<Contour name="TB3_TC02_T2dying_cw" hidden="false" closed="true" simplified="true" border="0.322 0.773 1" fill="0.322 0.773 1" mode="15"
 points="118.379 23.0417,
	118.406 22.9324,
	118.461 22.823,
	118.557 22.7274,
	118.666 22.7,
	118.775 22.7137,
	118.83 22.7547,
	119.049 22.741,
	119.103 22.7137,
	119.158 22.7274,
	119.185 22.7274,
	119.281 22.8367,
	119.349 22.946,
	119.377 23.0007,
	119.363 23.11,
	119.308 23.2194,
	119.144 23.4244,
	119.049 23.5337,
	118.994 23.5747,
	118.939 23.5884,
	118.83 23.5474,
	118.775 23.52,
	118.557 23.5064,
	118.447 23.4107,
	118.393 23.192,
	118.379 23.0827,
	118.379 23.0554,
	"/>
</Transform>

<Transform dim="0"
 xcoef=" 0 1 0 0 0 0"
 ycoef=" 0 0 1 0 0 0">
<Contour name="TB2 Nucleus_52_cw" hidden="false" closed="true" simplified="true" border="1 0 0" fill="1 0 0" mode="15"
 points="70.003 31.917,
	70.0653 31.5182,
	70.1775 31.1194,
	70.2398 30.92,
	70.2647 30.7206,
	70.2647 30.6707,
	70.4766 30.2719,
	70.5888 30.085,
	70.6386 29.9853,
	70.7757 29.7859,
	70.8006 29.7485,
	70.8505 29.6986,
	70.9876 29.5117,
	71.0374 29.4618,
	71.0623 29.4369,
	71.0623 29.412,
	71.1122 29.3621,
	71.1371 29.3372,
	71.1371 29.3123,
	71.2991 29.1129,
	71.4861 28.9135,
	71.5858 28.8262,
	71.6356 28.7764,
	71.6606 28.7764,
	71.7104 28.7265,
	71.9098 28.6144,
	72.1092 28.5396,
	72.3086 28.5271,
	72.4083 28.5147,
	72.6077 28.5396,
	72.7074 28.5645,
	72.7573 28.5271,
	73.0065 28.1408,
	73.2059 27.9788,
	73.3056 27.8791,
	73.505 27.7544,
	73.6047 27.7171,
	73.8041 27.7295,
	73.9038 27.7669,
	74.0035 27.8541,
	74.0908 28.0535,
	74.1157 28.253,
	74.1157 28.4524,
	74.1157 28.5521,
	74.0908 28.6518,
	74.0908 28.7016,
	74.0534 28.8013,
	73.9288 29.0007,
	73.854 29.1004,
	73.8291 29.2001,
	73.8291 29.25,
	73.8166 29.2624,
	73.8291 29.3123,
	73.7792 29.7111,
	73.7294 29.9105,
	73.5424 30.3093,
	73.4676 30.409,
	73.4303 30.4589,
	73.4178 30.5087,
	73.2433 30.7081,
	73.181 30.8078,
	73.019 30.9947,
	72.9318 31.0944,
	72.9318 31.1194,
	72.5953 31.4808,
	72.4083 31.6802,
	72.0095 32.0167,
	71.8101 32.1912,
	71.4238 32.4778,
	71.3241 32.5401,
	71.2244 32.5775,
	70.8256 32.5401,
	70.7259 32.5277,
	70.7134 32.5401,
	70.7508 32.5526,
	70.6511 32.5775,
	70.4517 32.565,
	70.352 32.565,
	70.2523 32.5401,
	70.1526 32.4903,
	70.0653 32.403,
	70.0279 32.3033,
	70.003 32.2535,
	70.003 32.0541,
	70.003 31.9544,
	70.003 31.9295,
	"/>
</Transform>

<Transform dim="0"
 xcoef=" 0 1 0 0 0 0"
 ycoef=" 0 0 1 0 0 0">
<Contour name="TB2 Nucleus_57_cw" hidden="false" closed="true" simplified="true" border="1 0 0" fill="1 0 0" mode="15"
 points="73.6541 33.1798,
	73.7215 32.8201,
	73.7553 32.7302,
	73.7553 32.7077,
	73.7777 32.6852,
	73.789 32.6402,
	73.8227 32.5953,
	73.9014 32.4155,
	73.9463 32.3255,
	73.9576 32.2806,
	74.07 32.1007,
	74.1262 32.0108,
	74.1262 31.9883,
	74.2498 31.8085,
	74.2948 31.7635,
	74.5533 31.4264,
	74.6994 31.2465,
	75.0254 30.8981,
	75.3064 30.5609,
	75.4525 30.3811,
	75.5087 30.2911,
	75.5873 30.2125,
	75.6435 30.1225,
	75.7897 29.9539,
	75.9583 29.7853,
	76.0482 29.7067,
	76.1156 29.628,
	76.1606 29.583,
	76.228 29.5268,
	76.5652 29.1784,
	76.9136 28.8974,
	77.0822 28.7738,
	77.1722 28.7063,
	77.2171 28.6726,
	77.2621 28.6614,
	77.352 28.6052,
	77.5318 28.5377,
	77.6217 28.504,
	77.6667 28.504,
	77.7566 28.4591,
	77.9365 28.4478,
	78.1163 28.4591,
	78.2062 28.4703,
	78.5659 28.6164,
	78.6558 28.6839,
	78.7457 28.7288,
	78.7682 28.7513,
	78.948 28.83,
	78.993 28.83,
	79.038 28.8524,
	79.2178 28.8749,
	79.5775 28.8749,
	79.7573 28.8637,
	79.8472 28.9086,
	80.027 29.0548,
	80.1057 29.1447,
	80.2406 29.2908,
	80.4991 29.6505,
	80.5328 29.6954,
	80.5666 29.7853,
	80.5778 29.8303,
	80.589 29.8528,
	80.5778 29.8753,
	80.589 29.9202,
	80.5328 30.1001,
	80.5216 30.19,
	80.5441 30.2799,
	80.6452 30.4597,
	80.7352 30.5497,
	80.8251 30.5721,
	80.915 30.5721,
	81.0049 30.6508,
	81.1285 30.8306,
	81.151 30.8756,
	81.1735 30.8981,
	81.2747 31.2578,
	81.3533 31.4376,
	81.4545 31.6174,
	81.5332 31.7073,
	81.5444 31.7523,
	81.5332 31.7973,
	81.5669 32.1569,
	81.5894 32.2019,
	81.7467 32.3593,
	81.8704 32.5391,
	82.1401 33.2584,
	82.2413 33.6181,
	82.2862 33.7979,
	82.4099 34.1576,
	82.4548 34.3374,
	82.4773 34.3824,
	82.4773 34.4274,
	82.511 34.5173,
	82.5785 34.877,
	82.601 35.2366,
	82.5897 35.4165,
	82.556 35.5064,
	82.5335 35.5513,
	82.5335 35.5738,
	82.4886 35.6188,
	82.4548 35.7087,
	82.4436 35.7537,
	82.4548 35.7986,
	82.4886 35.8436,
	82.5223 36.0234,
	82.5223 36.1133,
	82.4998 36.2032,
	82.4548 36.2932,
	82.3874 36.3718,
	82.2188 36.5067,
	82.1289 36.5854,
	82.0052 36.7652,
	81.9715 36.8552,
	81.8928 37.2148,
	81.8591 37.3047,
	81.8029 37.3947,
	81.8029 37.4171,
	81.7355 37.5071,
	81.5557 37.6757,
	81.4657 37.7431,
	81.4208 37.7656,
	81.3983 37.7881,
	81.3758 37.7881,
	81.2072 37.9117,
	81.0499 38.0578,
	81.0161 38.0803,
	80.9712 38.1252,
	80.6115 38.3725,
	80.5216 38.4175,
	80.3418 38.4624,
	80.1619 38.4624,
	79.4426 38.5299,
	78.7232 38.5748,
	78.5434 38.5748,
	78.3636 38.5186,
	78.0039 38.4624,
	77.6442 38.3838,
	77.2845 38.3613,
	77.1047 38.3276,
	77.0148 38.3163,
	76.9249 38.2714,
	76.8799 38.2376,
	76.835 38.2264,
	76.6551 38.114,
	76.4753 38.0353,
	76.4528 38.0128,
	76.4078 38.0016,
	76.3629 37.9679,
	76.1831 37.9005,
	76.0032 37.7993,
	75.9807 37.7993,
	75.8908 37.7319,
	75.711 37.6307,
	75.3626 37.3609,
	75.0254 37.035,
	74.7668 36.6753,
	74.7106 36.5854,
	74.6657 36.5404,
	74.4409 36.1808,
	74.3959 36.0909,
	74.3622 36.0459,
	74.3622 36.0234,
	74.3285 35.9785,
	74.3173 35.9335,
	74.2835 35.8885,
	74.1599 35.5289,
	74.1374 35.5064,
	74.1262 35.4614,
	74.0025 35.2816,
	73.9351 35.1917,
	73.8564 35.0231,
	73.789 34.6634,
	73.744 34.3037,
	73.744 33.9441,
	73.7215 33.7642,
	73.7103 33.6743,
	73.6766 33.5844,
	73.6541 33.2247,
	73.6541 33.191,
	"/>
</Transform>

</Section>