<?xml version="1.0"?>
<!DOCTYPE Section SYSTEM "section.dtd">

<Section index="16" thickness="0.085" alignLocked="true">
<Transform dim="0"
 xcoef=" 0 1 0 0 0 0"
 ycoef=" 0 0 1 0 0 0">
<Image mag="0.00855" contrast="1" brightness="0" red="true" green="true" blue="true"
 src="Aligned 633016.tif" />
<Contour name="domain1" hidden="false" closed="true" simplified="false" border="1 0 1" fill="1 0 1" mode="11"
 points="0 0,
	15991 0,
	15991 12171,
	0 12171,
	"/>
</Transform>

<Transform dim="0"
 xcoef=" 0 1 0 0 0 0"
 ycoef=" 0 0 1 0 0 0">
<Contour name="TB2 NF_15" hidden="true" closed="true" simplified="false" border="1 1 0" fill="1 1 0" mode="-9"
 points="78.8727 1.93222,
	78.9678 1.80552,
	78.9361 1.77384,
	79.1895 1.61547,
	79.2529 1.61547,
	79.3479 1.74217,
	79.3796 1.86887,
	79.2212 2.12228,
	79.0945 2.15395,
	78.9678 2.12228,
	78.8727 2.02725,
	78.8727 1.9639,
	"/>
</Transform>

<Transform dim="0"
 xcoef=" 0 1 0 0 0 0"
 ycoef=" 0 0 1 0 0 0">
<Contour name="TB2 NF_17" hidden="true" closed="true" simplified="true" border="1 0.501961 0.501961" fill="1 0.501961 0.501961" mode="-9"
 points="81.1232 0.560824,
	81.2915 0.364536,
	81.5158 0.280412,
	81.7402 0.308453,
	82.1888 0.504742,
	82.3851 0.644948,
	82.4412 0.869278,
	82.4412 1.09361,
	82.4412 1.20577,
	82.2449 1.40206,
	82.0206 1.4301,
	81.5719 1.2899,
	81.3476 1.17773,
	81.2354 1.06557,
	81.1232 0.841237,
	81.1232 0.616907,
	81.1232 0.588866,
	"/>
<Contour name="TB2 NF_17" hidden="true" closed="true" simplified="true" border="1 0.501961 0.501961" fill="1 0.501961 0.501961" mode="-9"
 points="81.2915 0.588866,
	81.4878 0.364536,
	81.7121 0.252371,
	81.9364 0.252371,
	82.1608 0.336495,
	82.3851 0.532783,
	82.5253 0.757113,
	82.5534 0.981443,
	82.5253 1.20577,
	82.4692 1.31794,
	82.2449 1.51423,
	81.7962 1.54227,
	81.5719 1.40206,
	81.4317 1.20577,
	81.3476 0.981443,
	81.2915 0.869278,
	81.2915 0.644948,
	81.2915 0.616907,
	"/>
</Transform>

<Transform dim="0"
 xcoef=" 0 1 0 0 0 0"
 ycoef=" 0 0 1 0 0 0">
<Contour name="TB2 NF_19_cw" hidden="false" closed="true" simplified="true" border="1 1 0" fill="1 0.502 0" mode="15"
 points="89.2506 0.671487,
	89.3006 0.614339,
	89.4149 0.550048,
	89.5292 0.471469,
	89.5577 0.442895,
	89.672 0.392891,
	89.7006 0.392891,
	89.7578 0.435752,
	89.8006 0.4929,
	89.8149 0.521474,
	89.8078 0.578621,
	89.7649 0.635769,
	89.7363 0.692917,
	89.6935 0.750065,
	89.6363 0.785782,
	89.6077 0.814356,
	89.5506 0.84293,
	89.4934 0.857217,
	89.4363 0.857217,
	89.3791 0.835786,
	89.3506 0.828643,
	89.3363 0.828643,
	89.2863 0.785782,
	89.2506 0.728634,
	89.2506 0.67863,
	"/>
</Transform>

<Transform dim="0"
 xcoef=" 0 1 0 0 0 0"
 ycoef=" 0 0 1 0 0 0">
<Contour name="TB2 NF_23_cw" hidden="false" closed="true" simplified="true" border="0.973 0.757 0.016" fill="0.902 0.8 0.102" mode="15"
 points="81.2252 0.953129,
	81.2438 0.934532,
	81.2485 0.929882,
	81.2392 0.925233,
	81.2624 0.888038,
	81.3275 0.813647,
	81.3833 0.748555,
	81.3973 0.71136,
	81.4019 0.692762,
	81.4019 0.683464,
	81.4531 0.613722,
	81.5274 0.55328,
	81.6018 0.502137,
	81.6204 0.488188,
	81.6576 0.483539,
	81.6948 0.488188,
	81.732 0.47424,
	81.7692 0.441694,
	81.7785 0.432395,
	81.8157 0.437045,
	81.8529 0.450993,
	81.9273 0.427746,
	81.9645 0.418447,
	82.0017 0.418447,
	82.0389 0.427746,
	82.0575 0.427746,
	82.0947 0.441694,
	82.1133 0.441694,
	82.1505 0.455642,
	82.1877 0.455642,
	82.2249 0.469591,
	82.2806 0.520734,
	82.3457 0.576527,
	82.3829 0.609073,
	82.4015 0.627671,
	82.4155 0.664866,
	82.4155 0.739257,
	82.4015 0.776452,
	82.3969 0.795049,
	82.4294 0.86944,
	82.4434 0.943831,
	82.448 0.981026,
	82.448 0.999624,
	82.4852 1.07401,
	82.5038 1.1484,
	82.5038 1.1856,
	82.4945 1.2228,
	82.4248 1.29254,
	82.355 1.34833,
	82.3271 1.38088,
	82.3085 1.41807,
	82.2992 1.43667,
	82.262 1.46921,
	82.2249 1.47386,
	82.1877 1.46921,
	82.1691 1.46921,
	82.1319 1.45527,
	82.1133 1.45527,
	82.0761 1.47386,
	82.0389 1.47386,
	81.9645 1.44132,
	81.9273 1.42737,
	81.8529 1.41807,
	81.7785 1.41807,
	81.7413 1.40877,
	81.7227 1.40412,
	81.6902 1.37623,
	81.6762 1.35763,
	81.6716 1.33903,
	81.6716 1.32973,
	81.653 1.31113,
	81.6158 1.30184,
	81.5972 1.29719,
	81.56 1.26929,
	81.5274 1.23209,
	81.4809 1.1577,
	81.467 1.12051,
	81.3926 1.06007,
	81.374 1.05077,
	81.3647 1.04147,
	81.2903 1.01822,
	81.2531 0.994974,
	81.2252 0.962428,
	81.2252 0.957779,
	"/>
</Transform>

<Transform dim="0"
 xcoef=" 0 1 0 0 0 0"
 ycoef=" 0 0 1 0 0 0">
<Image mag="0.00855" contrast="1" brightness="0" red="true" green="true" blue="true"
 src="..\TF21_robdata\Rob's_latest_seg_files_TF21_TB2\Aligned 633016.tif" />
<Contour name="domain1" hidden="false" closed="true" simplified="false" border="1 0 1" fill="1 0 1" mode="11"
 points="0 0,
	15991 0,
	15991 12171,
	0 12171,
	"/>
</Transform>

<Transform dim="0"
 xcoef=" 0 1 0 0 0 0"
 ycoef=" 0 0 1 0 0 0">
<Contour name="TB2 NF_15" hidden="true" closed="true" simplified="false" border="1 1 0" fill="1 1 0" mode="-9"
 points="78.8727 1.93222,
	78.9678 1.80552,
	78.9361 1.77384,
	79.1895 1.61547,
	79.2529 1.61547,
	79.3479 1.74217,
	79.3796 1.86887,
	79.2212 2.12228,
	79.0945 2.15395,
	78.9678 2.12228,
	78.8727 2.02725,
	78.8727 1.9639,
	"/>
</Transform>

<Transform dim="0"
 xcoef=" 0 1 0 0 0 0"
 ycoef=" 0 0 1 0 0 0">
<Contour name="TB2 NF_10_rsl" hidden="false" closed="true" simplified="true" border="0.502 0.502 0.753" fill="0.502 0.502 0.753" mode="-9"
 points="78.9444 1.97411,
	78.9795 1.89394,
	79.0396 1.81378,
	79.0697 1.7787,
	79.1097 1.73862,
	79.1448 1.66346,
	79.1649 1.65344,
	79.1899 1.61837,
	79.23 1.58831,
	79.2701 1.56827,
	79.2801 1.56326,
	79.24 1.54822,
	79.22 1.5382,
	79.3001 1.53319,
	79.3202 1.53319,
	79.3603 1.55825,
	79.4004 1.57328,
	79.4204 1.57829,
	79.4404 1.59332,
	79.4404 1.60334,
	79.4705 1.64342,
	79.4855 1.68351,
	79.5156 1.72359,
	79.5156 1.73361,
	79.5256 1.74363,
	79.5306 1.8238,
	79.5006 1.98413,
	79.4805 2.02422,
	79.4505 2.0643,
	79.3703 2.08935,
	79.2901 2.08434,
	79.25 2.06931,
	79.1699 2.0643,
	79.0897 2.07432,
	79.0095 2.07432,
	78.9895 2.06931,
	78.9795 2.06931,
	78.9494 2.03424,
	78.9444 1.99415,
	78.9444 1.97912,
	"/>
<Contour name="TB2 NF_10_rsl" hidden="false" closed="true" simplified="true" border="0.502 0.502 0.753" fill="0.502 0.502 0.753" mode="-9"
 points="78.1578 1.16743,
	78.1828 1.08726,
	78.1978 1.0071,
	78.2029 0.967014,
	78.2179 0.92693,
	78.268 0.846763,
	78.2981 0.81169,
	78.3732 0.736534,
	78.4133 0.706471,
	78.4333 0.68643,
	78.5937 0.611273,
	78.6738 0.606263,
	78.754 0.616283,
	78.8342 0.651356,
	78.8743 0.666388,
	78.9143 0.69645,
	78.9945 0.741544,
	79.0346 0.771607,
	79.0947 0.841753,
	79.1148 0.861795,
	79.1298 0.901878,
	79.1398 0.92192,
	79.1398 0.962003,
	79.1298 1.00209,
	79.0997 1.04217,
	79.0246 1.11733,
	79.0246 1.15741,
	79.0246 1.16743,
	79.1298 1.32777,
	79.1548 1.36785,
	79.1699 1.40793,
	79.1749 1.42797,
	79.1649 1.46806,
	79.1599 1.4881,
	79.1498 1.49812,
	79.1498 1.50814,
	79.1398 1.51816,
	79.1398 1.52818,
	79.0947 1.60835,
	79.0847 1.62839,
	79.1248 1.59332,
	79.1448 1.57328,
	79.1548 1.56326,
	79.1599 1.57328,
	79.0847 1.64843,
	79.0647 1.66847,
	79.0246 1.74864,
	79.0045 1.78371,
	78.8943 1.93403,
	78.8292 2.00918,
	78.749 2.07432,
	78.729 2.07933,
	78.6889 2.06931,
	78.6789 2.02923,
	78.6889 2.00918,
	78.729 1.97411,
	78.749 1.95407,
	78.6388 1.79875,
	78.5586 1.77369,
	78.5386 1.76367,
	78.5185 1.76367,
	78.4784 1.74363,
	78.4033 1.6785,
	78.3381 1.59833,
	78.3281 1.58831,
	78.3281 1.57829,
	78.2981 1.5382,
	78.288 1.51816,
	78.278 1.50814,
	78.278 1.49812,
	78.268 1.4881,
	78.268 1.47808,
	78.2129 1.39791,
	78.1778 1.31774,
	78.1628 1.27766,
	78.1578 1.19749,
	78.1578 1.17745,
	78.1578 1.17244,
	"/>
</Transform>

<Transform dim="0"
 xcoef=" 0 1 0 0 0 0"
 ycoef=" 0 0 1 0 0 0">
<Contour name="TB2 NF_17" hidden="true" closed="true" simplified="true" border="1 0.501961 0.501961" fill="1 0.501961 0.501961" mode="-9"
 points="81.2257 0.922225,
	81.3654 0.698655,
	81.4632 0.600844,
	81.575 0.530978,
	81.6309 0.475086,
	81.7427 0.419193,
	81.9662 0.447139,
	82.0221 0.475086,
	82.078 0.419193,
	82.1339 0.433166,
	82.2457 0.530978,
	82.3016 0.58687,
	82.3295 0.642763,
	82.3854 0.698655,
	82.4273 0.81044,
	82.4972 1.25758,
	82.4832 1.31347,
	82.4832 1.34142,
	82.4273 1.38334,
	82.2038 1.39731,
	81.7566 1.34142,
	81.6449 1.2995,
	81.5331 1.22963,
	81.3095 1.03401,
	81.2536 1.02004,
	81.2257 1.00606,
	81.2257 0.950171,
	81.2257 0.936198,
	"/>
</Transform>

<Transform dim="0"
 xcoef=" 0 1 0 0 0 0"
 ycoef=" 0 0 1 0 0 0">
<Image mag="0.00855" contrast="1" brightness="0" red="true" green="true" blue="true"
 src="..\TF21_robdata\Rob's_latest_seg_files_TF21_TB2\Aligned 633016.tif" />
<Contour name="domain1" hidden="false" closed="true" simplified="false" border="1 0 1" fill="1 0 1" mode="11"
 points="0 0,
	15991 0,
	15991 12171,
	0 12171,
	"/>
</Transform>

<Transform dim="0"
 xcoef=" 0 1 0 0 0 0"
 ycoef=" 0 0 1 0 0 0">
<Contour name="TB2 NF_15" hidden="true" closed="true" simplified="false" border="1 1 0" fill="1 1 0" mode="-9"
 points="78.8727 1.93222,
	78.9678 1.80552,
	78.9361 1.77384,
	79.1895 1.61547,
	79.2529 1.61547,
	79.3479 1.74217,
	79.3796 1.86887,
	79.2212 2.12228,
	79.0945 2.15395,
	78.9678 2.12228,
	78.8727 2.02725,
	78.8727 1.9639,
	"/>
</Transform>

<Transform dim="0"
 xcoef=" 0 1 0 0 0 0"
 ycoef=" 0 0 1 0 0 0">
<Contour name="TB2 NF_10_rsl" hidden="false" closed="true" simplified="true" border="0.502 0.502 0.753" fill="0.502 0.502 0.753" mode="-9"
 points="78.9444 1.97411,
	78.9795 1.89394,
	79.0396 1.81378,
	79.0697 1.7787,
	79.1097 1.73862,
	79.1448 1.66346,
	79.1649 1.65344,
	79.1899 1.61837,
	79.23 1.58831,
	79.2701 1.56827,
	79.2801 1.56326,
	79.24 1.54822,
	79.22 1.5382,
	79.3001 1.53319,
	79.3202 1.53319,
	79.3603 1.55825,
	79.4004 1.57328,
	79.4204 1.57829,
	79.4404 1.59332,
	79.4404 1.60334,
	79.4705 1.64342,
	79.4855 1.68351,
	79.5156 1.72359,
	79.5156 1.73361,
	79.5256 1.74363,
	79.5306 1.8238,
	79.5006 1.98413,
	79.4805 2.02422,
	79.4505 2.0643,
	79.3703 2.08935,
	79.2901 2.08434,
	79.25 2.06931,
	79.1699 2.0643,
	79.0897 2.07432,
	79.0095 2.07432,
	78.9895 2.06931,
	78.9795 2.06931,
	78.9494 2.03424,
	78.9444 1.99415,
	78.9444 1.97912,
	"/>
<Contour name="TB2 NF_10_rsl" hidden="false" closed="true" simplified="true" border="0.502 0.502 0.753" fill="0.502 0.502 0.753" mode="-9"
 points="78.1578 1.16743,
	78.1828 1.08726,
	78.1978 1.0071,
	78.2029 0.967014,
	78.2179 0.92693,
	78.268 0.846763,
	78.2981 0.81169,
	78.3732 0.736534,
	78.4133 0.706471,
	78.4333 0.68643,
	78.5937 0.611273,
	78.6738 0.606263,
	78.754 0.616283,
	78.8342 0.651356,
	78.8743 0.666388,
	78.9143 0.69645,
	78.9945 0.741544,
	79.0346 0.771607,
	79.0947 0.841753,
	79.1148 0.861795,
	79.1298 0.901878,
	79.1398 0.92192,
	79.1398 0.962003,
	79.1298 1.00209,
	79.0997 1.04217,
	79.0246 1.11733,
	79.0246 1.15741,
	79.0246 1.16743,
	79.1298 1.32777,
	79.1548 1.36785,
	79.1699 1.40793,
	79.1749 1.42797,
	79.1649 1.46806,
	79.1599 1.4881,
	79.1498 1.49812,
	79.1498 1.50814,
	79.1398 1.51816,
	79.1398 1.52818,
	79.0947 1.60835,
	79.0847 1.62839,
	79.1248 1.59332,
	79.1448 1.57328,
	79.1548 1.56326,
	79.1599 1.57328,
	79.0847 1.64843,
	79.0647 1.66847,
	79.0246 1.74864,
	79.0045 1.78371,
	78.8943 1.93403,
	78.8292 2.00918,
	78.749 2.07432,
	78.729 2.07933,
	78.6889 2.06931,
	78.6789 2.02923,
	78.6889 2.00918,
	78.729 1.97411,
	78.749 1.95407,
	78.6388 1.79875,
	78.5586 1.77369,
	78.5386 1.76367,
	78.5185 1.76367,
	78.4784 1.74363,
	78.4033 1.6785,
	78.3381 1.59833,
	78.3281 1.58831,
	78.3281 1.57829,
	78.2981 1.5382,
	78.288 1.51816,
	78.278 1.50814,
	78.278 1.49812,
	78.268 1.4881,
	78.268 1.47808,
	78.2129 1.39791,
	78.1778 1.31774,
	78.1628 1.27766,
	78.1578 1.19749,
	78.1578 1.17745,
	78.1578 1.17244,
	"/>
</Transform>

<Transform dim="0"
 xcoef=" 0 1 0 0 0 0"
 ycoef=" 0 0 1 0 0 0">
<Contour name="TB2 NF_17" hidden="true" closed="true" simplified="true" border="1 0.501961 0.501961" fill="1 0.501961 0.501961" mode="-9"
 points="81.2257 0.922225,
	81.3654 0.698655,
	81.4632 0.600844,
	81.575 0.530978,
	81.6309 0.475086,
	81.7427 0.419193,
	81.9662 0.447139,
	82.0221 0.475086,
	82.078 0.419193,
	82.1339 0.433166,
	82.2457 0.530978,
	82.3016 0.58687,
	82.3295 0.642763,
	82.3854 0.698655,
	82.4273 0.81044,
	82.4972 1.25758,
	82.4832 1.31347,
	82.4832 1.34142,
	82.4273 1.38334,
	82.2038 1.39731,
	81.7566 1.34142,
	81.6449 1.2995,
	81.5331 1.22963,
	81.3095 1.03401,
	81.2536 1.02004,
	81.2257 1.00606,
	81.2257 0.950171,
	81.2257 0.936198,
	"/>
</Transform>

<Transform dim="0"
 xcoef=" 0 1 0 0 0 0"
 ycoef=" 0 0 1 0 0 0">
<Image mag="0.00855" contrast="1" brightness="0" red="true" green="true" blue="true"
 src="Aligned 633016.tif" />
<Contour name="a1" hidden="false" closed="true" simplified="false" border="1 0.5 0" fill="1 0.5 0" mode="11"
 points="0 0,
	15991 0,
	15991 12171,
	0 12171,
	"/>
</Transform>

<Transform dim="0"
 xcoef=" 0 1 0 0 0 0"
 ycoef=" 0 0 1 0 0 0">
<Contour name="EP_NF01_cw" hidden="false" closed="true" simplified="true" border="0.972549 0.756863 0.0156863" fill="0.972549 0.623529 0.262745" mode="15"
 points="127.91 73.4732,
	127.958 73.3471,
	128.029 73.2211,
	128.076 73.1659,
	128.139 73.1108,
	128.202 73.0714,
	128.265 73.0477,
	128.391 73.032,
	128.454 73.0083,
	128.517 72.9689,
	128.58 72.9611,
	128.706 72.9847,
	128.769 72.9847,
	128.777 72.9926,
	128.84 72.9847,
	128.966 73.0004,
	129.092 72.9768,
	129.155 72.9689,
	129.407 73.0162,
	129.439 73.032,
	129.47 73.032,
	129.596 73.0714,
	129.628 73.0871,
	129.644 73.0871,
	129.707 73.1265,
	129.723 73.1265,
	129.849 73.2053,
	130.101 73.2841,
	130.227 73.355,
	130.353 73.4417,
	130.479 73.5441,
	130.542 73.6071,
	130.581 73.6702,
	130.605 73.7017,
	130.629 73.7175,
	130.652 73.749,
	130.66 73.7647,
	130.629 73.8278,
	130.597 73.8435,
	130.534 73.8435,
	130.503 73.8356,
	130.44 73.8593,
	130.392 73.9223,
	130.361 73.9853,
	130.345 74.0484,
	130.329 74.0799,
	130.329 74.206,
	130.313 74.2375,
	130.282 74.2611,
	130.219 74.2848,
	130.156 74.2926,
	130.124 74.3084,
	130.093 74.3399,
	130.03 74.3714,
	129.904 74.4108,
	129.778 74.4739,
	129.715 74.5054,
	129.683 74.5132,
	129.62 74.4975,
	129.589 74.4896,
	129.526 74.5054,
	129.273 74.4581,
	129.21 74.4502,
	129.147 74.4266,
	129.084 74.3714,
	129.037 74.3084,
	129.006 74.2926,
	128.974 74.2926,
	128.848 74.3557,
	128.785 74.3793,
	128.659 74.3951,
	128.627 74.4029,
	128.501 74.3714,
	128.47 74.3557,
	128.462 74.3241,
	128.438 74.3005,
	128.407 74.3005,
	128.391 74.2926,
	128.328 74.3005,
	128.265 74.2611,
	128.147 74.1508,
	128.107 74.0878,
	128.084 74.0247,
	128.076 73.9932,
	128.084 73.9617,
	128.06 73.8356,
	128.052 73.8041,
	128.005 73.7411,
	127.981 73.6781,
	127.942 73.615,
	127.926 73.5993,
	127.91 73.5362,
	127.91 73.4811,
	"/>
</Transform>

<Transform dim="0"
 xcoef=" 0 1 0 0 0 0"
 ycoef=" 0 0 1 0 0 0">
<Contour name="EP_NF01_cw" hidden="false" closed="true" simplified="true" border="0.972549 0.756863 0.0156863" fill="0.972549 0.623529 0.262745" mode="15"
 points="130.786 73.9696,
	130.818 73.9066,
	130.873 73.8435,
	130.904 73.812,
	130.936 73.8041,
	131.062 73.9066,
	131.086 73.9696,
	131.094 74.0326,
	131.086 74.0957,
	131.062 74.1587,
	131.023 74.1981,
	130.967 74.1744,
	130.904 74.1823,
	130.873 74.1744,
	130.818 74.1193,
	130.794 74.0563,
	130.786 73.9932,
	130.786 73.9775,
	"/>
</Transform>

</Section>