<?xml version="1.0"?>
<!DOCTYPE Section SYSTEM "section.dtd">

<Section index="589" thickness="0.085" alignLocked="true">
<Transform dim="0"
 xcoef=" 0 1 0 0 0 0"
 ycoef=" 0 0 1 0 0 0">
<Image mag="0.00855" contrast="1" brightness="0" red="true" green="true" blue="true"
 src="Aligned 633589.tif" />
<Contour name="domain1" hidden="false" closed="true" simplified="false" border="1 0 1" fill="1 0 1" mode="11"
 points="0 0,
	15991 0,
	15991 12171,
	0 12171,
	"/>
</Transform>

<Transform dim="0"
 xcoef=" 0 1 0 0 0 0"
 ycoef=" 0 0 1 0 0 0">
<Contour name="TB2 Nucleus_75" hidden="false" closed="true" simplified="true" border="1 0 0" fill="1 0 0" mode="9"
 points="70.8786 58.4837,
	70.9096 57.9873,
	70.9716 57.7391,
	70.9871 57.2427,
	70.9871 57.1186,
	71.0027 57.1031,
	71.1113 57.3513,
	71.1578 57.1031,
	71.1578 57.041,
	71.1888 56.979,
	71.2974 55.9861,
	71.3284 55.7379,
	71.3595 55.6138,
	71.3595 55.4897,
	71.4215 55.2415,
	71.437 55.1174,
	71.6077 54.621,
	71.7163 54.3728,
	72.0731 53.8764,
	72.3213 53.6437,
	72.5695 53.5041,
	72.6315 53.4575,
	73.1279 53.2248,
	73.3761 53.1318,
	73.5002 53.1007,
	73.6243 53.0387,
	73.857 52.806,
	73.9501 52.6819,
	74.0122 52.6198,
	74.0432 52.5578,
	74.1673 52.4492,
	74.2914 52.3716,
	74.3535 52.3251,
	74.4155 52.3096,
	74.5396 52.2165,
	74.6637 52.1545,
	74.7878 52.1389,
	74.9119 52.1545,
	75.1446 52.3251,
	75.1912 52.3561,
	75.3153 52.4647,
	75.5169 52.6354,
	75.641 52.7284,
	75.8892 52.8681,
	76.1374 53.0697,
	76.3546 53.3179,
	76.3856 53.38,
	76.4942 53.5041,
	76.5718 53.6282,
	76.5873 53.6902,
	76.6339 53.7523,
	76.6649 53.8764,
	76.7114 54.3728,
	76.758 54.621,
	76.9286 55.1174,
	77.0062 55.3656,
	77.0527 55.6138,
	77.0682 56.1103,
	77.0682 56.3585,
	77.0527 56.4826,
	77.0527 56.5136,
	76.82 56.7463,
	76.5718 56.948,
	76.3856 57.1962,
	76.3856 57.2272,
	76.3546 57.2582,
	76.2771 57.5064,
	76.2771 57.6305,
	76.4322 58.1269,
	76.4787 58.251,
	76.4632 58.7474,
	76.4632 58.8095,
	76.4012 58.9336,
	76.2926 59.0422,
	76.215 59.1663,
	76.1219 59.4145,
	76.0444 59.9109,
	75.9978 60.1591,
	75.9668 60.6555,
	75.9047 60.9037,
	75.8582 61.0278,
	75.8272 61.0899,
	75.7031 61.1364,
	75.579 61.1209,
	75.5169 61.1209,
	75.3928 61.183,
	75.1446 61.4157,
	75.1136 61.4157,
	74.9895 61.5088,
	74.8964 61.6329,
	74.8654 61.6949,
	74.8499 61.819,
	74.9274 62.3154,
	74.9429 62.8118,
	74.9429 62.9359,
	74.9119 63.06,
	74.6637 63.3082,
	74.4465 63.4944,
	74.3224 63.572,
	74.0742 63.5875,
	73.826 63.5409,
	73.5778 63.4479,
	73.4537 63.3858,
	73.2055 63.3548,
	73.0814 63.3393,
	73.0193 63.3082,
	72.7711 63.2617,
	72.647 63.2462,
	72.5384 63.1997,
	72.3057 62.967,
	72.1972 62.8429,
	71.9645 62.6567,
	71.8404 62.5791,
	71.7783 62.5326,
	71.7007 62.424,
	71.5766 62.3154,
	71.5146 62.2534,
	71.406 62.0207,
	71.3595 61.7725,
	71.2819 61.5243,
	71.2354 61.4002,
	71.2043 61.152,
	71.1423 60.9037,
	71.0492 60.6555,
	71.0337 60.5314,
	71.0027 60.4694,
	70.9871 60.2212,
	70.9406 59.973,
	70.9251 59.4766,
	70.9406 59.3525,
	70.9251 59.1042,
	70.8786 58.856,
	70.8786 58.6078,
	70.8786 58.4992,
	"/>
</Transform>

<Transform dim="0"
 xcoef=" 0 1 0 0 0 0"
 ycoef=" 0 0 1 0 0 0">
<Contour name="TB2 Nucleus_92" hidden="false" closed="true" simplified="true" border="1 0 0" fill="1 0 1" mode="9"
 points="62.7224 49.24,
	62.7441 49.0663,
	63.0046 48.3715,
	63.1566 48.0242,
	63.2651 47.6768,
	63.2868 47.5031,
	63.2434 47.3294,
	63.1349 47.1557,
	63.1131 46.461,
	63.2651 45.7663,
	63.3954 45.4189,
	63.5908 45.0715,
	63.5908 45.0281,
	63.6342 44.9847,
	63.6559 45.0715,
	63.6559 45.1149,
	63.7645 44.963,
	63.8079 44.8761,
	64.1336 44.5722,
	64.698 43.8774,
	64.9586 43.5735,
	65.0888 43.3998,
	65.4145 43.0524,
	65.7401 42.7702,
	66.0875 42.5314,
	66.1744 42.4879,
	66.348 42.5096,
	66.6954 42.6182,
	67.0428 42.6616,
	67.3902 42.6616,
	67.5638 42.705,
	67.6507 42.7268,
	67.8244 42.8787,
	67.9546 43.2261,
	68.0415 43.5735,
	68.0415 43.9208,
	67.9981 44.2682,
	67.9546 44.4419,
	67.9329 44.5287,
	67.8895 44.5722,
	67.7592 44.9195,
	67.2382 45.6143,
	66.9559 45.9617,
	66.7171 46.309,
	66.5217 46.6564,
	66.3915 46.8301,
	66.348 46.8735,
	66.3263 46.9603,
	66.2829 47.0038,
	66.2829 47.0472,
	66.2395 47.0906,
	66.1309 47.438,
	66.0658 47.7854,
	66.0224 47.959,
	66.0007 48.3064,
	65.9355 48.4801,
	65.9355 48.6538,
	65.979 48.7406,
	66.0007 48.9143,
	65.979 49.2617,
	65.9355 49.4354,
	65.9355 49.4788,
	65.8921 49.5222,
	65.8704 49.6091,
	65.827 49.6525,
	65.8053 49.7393,
	65.675 49.913,
	65.5447 50.2604,
	65.4145 50.4124,
	65.2408 50.4775,
	64.8934 50.4775,
	64.5461 50.5209,
	64.3724 50.586,
	64.1987 50.5643,
	63.8513 50.6078,
	63.6776 50.6295,
	63.5039 50.6078,
	63.3303 50.5426,
	63.1566 50.3906,
	62.9395 50.0433,
	62.7658 49.6959,
	62.7224 49.3485,
	62.7224 49.2617,
	"/>
</Transform>

<Transform dim="0"
 xcoef=" 0 1 0 0 0 0"
 ycoef=" 0 0 1 0 0 0">
<Contour name="TB2 Nucleus_53" hidden="false" closed="true" simplified="true" border="1 0 0" fill="1 0 0" mode="9"
 points="67.0729 49.0766,
	67.1201 48.9821,
	67.2146 48.8876,
	67.4035 48.8168,
	67.5925 48.8168,
	67.6869 48.7932,
	67.7106 48.6987,
	67.5452 48.5098,
	67.3799 48.1319,
	67.3091 47.754,
	67.2854 47.3761,
	67.4035 46.9983,
	67.5925 46.6204,
	67.7106 46.4314,
	67.7578 46.337,
	67.9467 46.148,
	68.3246 45.9355,
	68.5135 45.7938,
	68.608 45.7465,
	68.6552 45.5576,
	68.6552 45.4631,
	68.7733 45.2742,
	69.5291 44.6602,
	69.907 44.3295,
	70.2376 44.0697,
	70.4029 43.9516,
	70.4974 43.9044,
	70.5446 43.8572,
	70.9225 43.7627,
	71.3004 43.621,
	71.6783 43.3848,
	72.0561 43.2195,
	72.2451 43.1487,
	72.434 43.1487,
	72.6229 43.1959,
	73.0008 43.125,
	73.1898 43.0542,
	73.5676 43.0306,
	73.6621 42.9833,
	74.4178 43.0542,
	74.5123 43.0778,
	74.7013 43.0542,
	74.7249 43.0778,
	74.8193 43.0542,
	75.0083 43.125,
	75.1027 43.1959,
	75.2917 43.2667,
	75.3862 43.2904,
	75.4806 43.3612,
	75.6459 43.314,
	75.7404 43.2431,
	76.1183 43.1959,
	76.3072 43.2195,
	76.4017 43.1959,
	76.4489 43.1959,
	76.4725 43.2431,
	76.4489 43.2904,
	76.8268 43.5265,
	77.0157 43.6682,
	77.1574 43.8336,
	77.2519 43.928,
	77.37 44.117,
	77.4409 44.3059,
	77.3464 45.8174,
	77.2755 46.1953,
	77.1102 46.5732,
	77.0157 46.7621,
	76.6851 47.1163,
	76.5906 47.2108,
	76.4489 47.3289,
	75.764 47.9429,
	75.6932 47.9902,
	75.5515 48.1791,
	75.2445 48.4861,
	75.0083 48.864,
	74.5123 49.5253,
	74.3234 49.667,
	74.1344 49.8559,
	73.9219 50.2102,
	73.851 50.3991,
	73.4732 50.7298,
	73.2842 50.8479,
	72.93 51.1549,
	72.741 51.3202,
	72.3632 51.4855,
	71.6074 51.5328,
	71.4185 51.5564,
	71.0406 51.7689,
	70.6627 51.9343,
	69.907 52.076,
	69.5291 52.0523,
	69.1512 51.9106,
	69.0567 51.887,
	69.0095 51.887,
	68.9623 51.8398,
	68.5844 51.6981,
	68.3955 51.58,
	68.301 51.5328,
	68.2538 51.4855,
	68.2065 51.4855,
	67.8286 51.2021,
	67.5689 50.8242,
	67.498 50.7298,
	67.498 50.6825,
	67.2854 50.3047,
	67.1437 49.5489,
	67.1201 49.36,
	67.0729 49.2655,
	67.0729 49.1002,
	"/>
</Transform>

<Transform dim="0"
 xcoef=" 0 1 0 0 0 0"
 ycoef=" 0 0 1 0 0 0">
<Contour name="TB2 NF_24" hidden="true" closed="true" simplified="true" border="1 0.501961 0.25098" fill="1 0.501961 0.25098" mode="-9"
 points="98.68 13.6864,
	98.836 13.508,
	98.9252 13.4412,
	98.9698 13.4189,
	98.9029 13.352,
	99.0812 13.2406,
	99.2596 13.2628,
	99.2818 13.4412,
	99.1927 13.6195,
	99.1481 13.7087,
	99.0589 13.7978,
	98.9698 13.8424,
	98.7915 13.8424,
	98.7023 13.7978,
	98.68 13.7087,
	"/>
</Transform>

<Transform dim="0"
 xcoef=" 0 1 0 0 0 0"
 ycoef=" 0 0 1 0 0 0">
<Contour name="TB2 NF_24_cw" hidden="false" closed="true" simplified="true" border="1 0.5 0" fill="1 0.682353 0.368627" mode="15"
 points="98.645 13.6109,
	98.6682 13.5491,
	98.6798 13.5337,
	98.6913 13.5028,
	98.7492 13.4488,
	98.7801 13.4256,
	98.7994 13.4025,
	98.9229 13.306,
	98.9808 13.252,
	99.0425 13.2095,
	99.1043 13.2018,
	99.1351 13.1979,
	99.166 13.1825,
	99.1814 13.1748,
	99.2432 13.1709,
	99.274 13.1825,
	99.3049 13.2095,
	99.3281 13.2404,
	99.3358 13.2558,
	99.3512 13.2713,
	99.3744 13.333,
	99.3782 13.3446,
	99.3705 13.3755,
	99.3705 13.4063,
	99.3628 13.4372,
	99.3397 13.4681,
	99.2856 13.5144,
	99.2548 13.5337,
	99.2239 13.5453,
	99.193 13.5646,
	99.1621 13.5723,
	99.1313 13.5954,
	99.0695 13.6302,
	99.0502 13.661,
	98.9923 13.7035,
	98.973 13.7344,
	98.9615 13.7652,
	98.9345 13.7961,
	98.919 13.8038,
	98.7955 13.7961,
	98.7647 13.7884,
	98.7376 13.7614,
	98.7299 13.7305,
	98.7299 13.7151,
	98.7222 13.6996,
	98.6913 13.688,
	98.6605 13.6688,
	98.6489 13.6533,
	98.645 13.6224,
	98.645 13.6147,
	"/>
</Transform>

<Transform dim="0"
 xcoef=" 0 1 0 0 0 0"
 ycoef=" 0 0 1 0 0 0">
<Contour name="TB2 NF_10_cw" hidden="false" closed="true" simplified="true" border="0.808 0 0.808" fill="0.443 0 0.443" mode="15"
 points="72.4498 52.4543,
	72.4855 52.3725,
	72.5264 52.3368,
	72.5469 52.3214,
	72.6286 52.3163,
	72.7921 52.3419,
	72.833 52.3572,
	72.9097 52.4134,
	72.9352 52.439,
	72.9454 52.4798,
	72.9454 52.5616,
	72.9046 52.6434,
	72.8841 52.6842,
	72.8739 52.6945,
	72.8586 52.7353,
	72.7819 52.812,
	72.7615 52.8324,
	72.7513 52.8427,
	72.741 52.8427,
	72.7206 52.858,
	72.6797 52.8631,
	72.6388 52.8529,
	72.598 52.8273,
	72.5571 52.7864,
	72.5111 52.7047,
	72.4958 52.6842,
	72.4702 52.6025,
	72.4549 52.5616,
	72.4498 52.4798,
	72.4498 52.4594,
	"/>
</Transform>

<Transform dim="0"
 xcoef=" 0 1 0 0 0 0"
 ycoef=" 0 0 1 0 0 0">
<Contour name="TB2 NF_15_cw" hidden="false" closed="true" simplified="true" border="1 0.282 0.282" fill="0.835 0 0" mode="15"
 points="68.8417 63.8946,
	68.8965 63.8069,
	68.9185 63.785,
	69.094 63.752,
	69.1817 63.774,
	69.2256 63.785,
	69.2475 63.8069,
	69.2695 63.8069,
	69.3133 63.8398,
	69.3243 63.8837,
	69.3353 63.8946,
	69.3243 63.9385,
	69.1708 64.0811,
	69.083 64.1579,
	69.0391 64.1798,
	69.0172 64.1908,
	68.9404 64.136,
	68.8965 64.0921,
	68.8746 64.0482,
	68.8527 64.0263,
	68.8417 63.9385,
	68.8417 63.9056,
	"/>
</Transform>

<Transform dim="0"
 xcoef=" 0 1 0 0 0 0"
 ycoef=" 0 0 1 0 0 0">
<Contour name="TB2 NF_17_cw" hidden="false" closed="true" simplified="true" border="0.682 0 0" fill="1 0 0" mode="-15"
 points="65.6975 62.6415,
	65.7332 62.5844,
	65.7546 62.5558,
	65.7832 62.5415,
	65.8403 62.5415,
	65.8546 62.5344,
	65.9117 62.563,
	65.9403 62.5915,
	65.9474 62.6201,
	65.9117 62.6772,
	65.9332 62.7058,
	65.926 62.7629,
	65.876 62.82,
	65.8546 62.8771,
	65.8403 62.8914,
	65.7832 62.8843,
	65.7261 62.8557,
	65.7047 62.8271,
	65.6975 62.7129,
	65.6975 62.6558,
	65.6975 62.6486,
	"/>
<Contour name="TB2 NF_17_cw" hidden="false" closed="true" simplified="true" border="0.682 0 0" fill="1 0 0" mode="-15"
 points="65.5404 60.4994,
	65.5547 60.4423,
	65.5904 60.3852,
	65.619 60.3566,
	65.7332 60.3138,
	65.7903 60.3066,
	65.8261 60.2495,
	65.8475 60.1353,
	65.9546 59.9068,
	65.9689 59.8782,
	65.9974 59.8497,
	66.0117 59.8211,
	66.0403 59.7925,
	66.1117 59.6854,
	66.1259 59.6711,
	66.1545 59.5569,
	66.1759 59.3284,
	66.1902 59.2999,
	66.2188 59.2713,
	66.233 59.2427,
	66.2902 59.1928,
	66.3473 59.1785,
	66.4044 59.1856,
	66.433 59.1999,
	66.4473 59.1999,
	66.4758 59.2285,
	66.5044 59.2427,
	66.5329 59.2713,
	66.5472 59.3284,
	66.5401 59.3855,
	66.5472 59.3998,
	66.5401 59.4284,
	66.5044 59.4855,
	66.4544 59.5426,
	66.4258 59.5997,
	66.4044 59.8282,
	66.3973 59.8854,
	66.4044 59.9996,
	66.3973 60.0567,
	66.4187 60.1138,
	66.4615 60.171,
	66.4473 60.3995,
	66.4544 60.4566,
	66.433 60.5708,
	66.4258 60.6279,
	66.433 60.6851,
	66.4258 60.7422,
	66.4187 60.7707,
	66.3901 60.7993,
	66.3401 60.835,
	66.2902 60.885,
	66.3116 61.1135,
	66.2759 61.2277,
	66.2473 61.2848,
	66.233 61.3134,
	66.2259 61.3277,
	66.2759 61.3777,
	66.2902 61.4348,
	66.2973 61.4491,
	66.283 61.5633,
	66.283 61.5919,
	66.2473 61.649,
	66.233 61.7061,
	66.2259 61.7347,
	66.1902 61.7918,
	66.1402 61.8418,
	66.026 61.8632,
	65.9117 61.8489,
	65.7975 61.8204,
	65.7404 61.7989,
	65.6832 61.7418,
	65.619 61.6276,
	65.5976 61.5705,
	65.5904 61.342,
	65.5904 61.2848,
	65.6475 61.0564,
	65.6333 60.8279,
	65.6333 60.7707,
	65.6261 60.7422,
	65.5761 60.6851,
	65.5547 60.6565,
	65.5404 60.5994,
	65.5404 60.5423,
	65.5404 60.5137,
	65.5404 60.5066,
	"/>
</Transform>

<Transform dim="0"
 xcoef=" 0 1 0 0 0 0"
 ycoef=" 0 0 1 0 0 0">
<Contour name="TB2 NF_17_cw" hidden="false" closed="true" simplified="true" border="0.682 0 0" fill="1 0 0" mode="-15"
 points="71.8239 52.7165,
	71.8524 52.6594,
	71.9453 52.5523,
	71.981 52.4952,
	72.0381 52.4452,
	72.0666 52.4166,
	72.0952 52.4166,
	72.1523 52.3952,
	72.1809 52.3809,
	72.2094 52.3809,
	72.2666 52.3595,
	72.3237 52.3524,
	72.3808 52.3595,
	72.4308 52.4024,
	72.4451 52.5166,
	72.4379 52.5452,
	72.4736 52.6594,
	72.5379 52.7737,
	72.5736 52.8308,
	72.6236 52.8879,
	72.6236 52.9165,
	72.595 52.9379,
	72.5665 52.945,
	72.5093 52.9879,
	72.3951 53.0378,
	72.1666 53.1092,
	72.1095 53.1164,
	72.0524 53.1092,
	72.0238 53.1021,
	71.9952 53.0807,
	71.931 52.9664,
	71.8953 52.9093,
	71.8881 52.8808,
	71.8381 52.8236,
	71.8239 52.7951,
	71.8239 52.738,
	71.8239 52.7237,
	"/>
</Transform>

<Transform dim="0"
 xcoef=" 0 1 0 0 0 0"
 ycoef=" 0 0 1 0 0 0">
<Image mag="0.00855" contrast="1" brightness="0" red="true" green="true" blue="true"
 src="..\TF21_robdata\Rob's_latest_seg_files_TF21_TB2\Aligned 633589.tif" />
<Contour name="domain1" hidden="false" closed="true" simplified="false" border="1 0 1" fill="1 0 1" mode="11"
 points="0 0,
	15991 0,
	15991 12171,
	0 12171,
	"/>
</Transform>

<Transform dim="0"
 xcoef=" 0 1 0 0 0 0"
 ycoef=" 0 0 1 0 0 0">
<Contour name="TB2 Nucleus_75" hidden="false" closed="true" simplified="true" border="1 0 0" fill="1 0 0" mode="9"
 points="70.8786 58.4837,
	70.9096 57.9873,
	70.9716 57.7391,
	70.9871 57.2427,
	70.9871 57.1186,
	71.0027 57.1031,
	71.1113 57.3513,
	71.1578 57.1031,
	71.1578 57.041,
	71.1888 56.979,
	71.2974 55.9861,
	71.3284 55.7379,
	71.3595 55.6138,
	71.3595 55.4897,
	71.4215 55.2415,
	71.437 55.1174,
	71.6077 54.621,
	71.7163 54.3728,
	72.0731 53.8764,
	72.3213 53.6437,
	72.5695 53.5041,
	72.6315 53.4575,
	73.1279 53.2248,
	73.3761 53.1318,
	73.5002 53.1007,
	73.6243 53.0387,
	73.857 52.806,
	73.9501 52.6819,
	74.0122 52.6198,
	74.0432 52.5578,
	74.1673 52.4492,
	74.2914 52.3716,
	74.3535 52.3251,
	74.4155 52.3096,
	74.5396 52.2165,
	74.6637 52.1545,
	74.7878 52.1389,
	74.9119 52.1545,
	75.1446 52.3251,
	75.1912 52.3561,
	75.3153 52.4647,
	75.5169 52.6354,
	75.641 52.7284,
	75.8892 52.8681,
	76.1374 53.0697,
	76.3546 53.3179,
	76.3856 53.38,
	76.4942 53.5041,
	76.5718 53.6282,
	76.5873 53.6902,
	76.6339 53.7523,
	76.6649 53.8764,
	76.7114 54.3728,
	76.758 54.621,
	76.9286 55.1174,
	77.0062 55.3656,
	77.0527 55.6138,
	77.0682 56.1103,
	77.0682 56.3585,
	77.0527 56.4826,
	77.0527 56.5136,
	76.82 56.7463,
	76.5718 56.948,
	76.3856 57.1962,
	76.3856 57.2272,
	76.3546 57.2582,
	76.2771 57.5064,
	76.2771 57.6305,
	76.4322 58.1269,
	76.4787 58.251,
	76.4632 58.7474,
	76.4632 58.8095,
	76.4012 58.9336,
	76.2926 59.0422,
	76.215 59.1663,
	76.1219 59.4145,
	76.0444 59.9109,
	75.9978 60.1591,
	75.9668 60.6555,
	75.9047 60.9037,
	75.8582 61.0278,
	75.8272 61.0899,
	75.7031 61.1364,
	75.579 61.1209,
	75.5169 61.1209,
	75.3928 61.183,
	75.1446 61.4157,
	75.1136 61.4157,
	74.9895 61.5088,
	74.8964 61.6329,
	74.8654 61.6949,
	74.8499 61.819,
	74.9274 62.3154,
	74.9429 62.8118,
	74.9429 62.9359,
	74.9119 63.06,
	74.6637 63.3082,
	74.4465 63.4944,
	74.3224 63.572,
	74.0742 63.5875,
	73.826 63.5409,
	73.5778 63.4479,
	73.4537 63.3858,
	73.2055 63.3548,
	73.0814 63.3393,
	73.0193 63.3082,
	72.7711 63.2617,
	72.647 63.2462,
	72.5384 63.1997,
	72.3057 62.967,
	72.1972 62.8429,
	71.9645 62.6567,
	71.8404 62.5791,
	71.7783 62.5326,
	71.7007 62.424,
	71.5766 62.3154,
	71.5146 62.2534,
	71.406 62.0207,
	71.3595 61.7725,
	71.2819 61.5243,
	71.2354 61.4002,
	71.2043 61.152,
	71.1423 60.9037,
	71.0492 60.6555,
	71.0337 60.5314,
	71.0027 60.4694,
	70.9871 60.2212,
	70.9406 59.973,
	70.9251 59.4766,
	70.9406 59.3525,
	70.9251 59.1042,
	70.8786 58.856,
	70.8786 58.6078,
	70.8786 58.4992,
	"/>
</Transform>

<Transform dim="0"
 xcoef=" 0 1 0 0 0 0"
 ycoef=" 0 0 1 0 0 0">
<Contour name="TB2 Nucleus_92" hidden="false" closed="true" simplified="true" border="1 0 0" fill="1 0 1" mode="9"
 points="62.7224 49.24,
	62.7441 49.0663,
	63.0046 48.3715,
	63.1566 48.0242,
	63.2651 47.6768,
	63.2868 47.5031,
	63.2434 47.3294,
	63.1349 47.1557,
	63.1131 46.461,
	63.2651 45.7663,
	63.3954 45.4189,
	63.5908 45.0715,
	63.5908 45.0281,
	63.6342 44.9847,
	63.6559 45.0715,
	63.6559 45.1149,
	63.7645 44.963,
	63.8079 44.8761,
	64.1336 44.5722,
	64.698 43.8774,
	64.9586 43.5735,
	65.0888 43.3998,
	65.4145 43.0524,
	65.7401 42.7702,
	66.0875 42.5314,
	66.1744 42.4879,
	66.348 42.5096,
	66.6954 42.6182,
	67.0428 42.6616,
	67.3902 42.6616,
	67.5638 42.705,
	67.6507 42.7268,
	67.8244 42.8787,
	67.9546 43.2261,
	68.0415 43.5735,
	68.0415 43.9208,
	67.9981 44.2682,
	67.9546 44.4419,
	67.9329 44.5287,
	67.8895 44.5722,
	67.7592 44.9195,
	67.2382 45.6143,
	66.9559 45.9617,
	66.7171 46.309,
	66.5217 46.6564,
	66.3915 46.8301,
	66.348 46.8735,
	66.3263 46.9603,
	66.2829 47.0038,
	66.2829 47.0472,
	66.2395 47.0906,
	66.1309 47.438,
	66.0658 47.7854,
	66.0224 47.959,
	66.0007 48.3064,
	65.9355 48.4801,
	65.9355 48.6538,
	65.979 48.7406,
	66.0007 48.9143,
	65.979 49.2617,
	65.9355 49.4354,
	65.9355 49.4788,
	65.8921 49.5222,
	65.8704 49.6091,
	65.827 49.6525,
	65.8053 49.7393,
	65.675 49.913,
	65.5447 50.2604,
	65.4145 50.4124,
	65.2408 50.4775,
	64.8934 50.4775,
	64.5461 50.5209,
	64.3724 50.586,
	64.1987 50.5643,
	63.8513 50.6078,
	63.6776 50.6295,
	63.5039 50.6078,
	63.3303 50.5426,
	63.1566 50.3906,
	62.9395 50.0433,
	62.7658 49.6959,
	62.7224 49.3485,
	62.7224 49.2617,
	"/>
</Transform>

<Transform dim="0"
 xcoef=" 0 1 0 0 0 0"
 ycoef=" 0 0 1 0 0 0">
<Contour name="TB2 Nucleus_53" hidden="false" closed="true" simplified="true" border="1 0 0" fill="1 0 0" mode="9"
 points="67.0729 49.0766,
	67.1201 48.9821,
	67.2146 48.8876,
	67.4035 48.8168,
	67.5925 48.8168,
	67.6869 48.7932,
	67.7106 48.6987,
	67.5452 48.5098,
	67.3799 48.1319,
	67.3091 47.754,
	67.2854 47.3761,
	67.4035 46.9983,
	67.5925 46.6204,
	67.7106 46.4314,
	67.7578 46.337,
	67.9467 46.148,
	68.3246 45.9355,
	68.5135 45.7938,
	68.608 45.7465,
	68.6552 45.5576,
	68.6552 45.4631,
	68.7733 45.2742,
	69.5291 44.6602,
	69.907 44.3295,
	70.2376 44.0697,
	70.4029 43.9516,
	70.4974 43.9044,
	70.5446 43.8572,
	70.9225 43.7627,
	71.3004 43.621,
	71.6783 43.3848,
	72.0561 43.2195,
	72.2451 43.1487,
	72.434 43.1487,
	72.6229 43.1959,
	73.0008 43.125,
	73.1898 43.0542,
	73.5676 43.0306,
	73.6621 42.9833,
	74.4178 43.0542,
	74.5123 43.0778,
	74.7013 43.0542,
	74.7249 43.0778,
	74.8193 43.0542,
	75.0083 43.125,
	75.1027 43.1959,
	75.2917 43.2667,
	75.3862 43.2904,
	75.4806 43.3612,
	75.6459 43.314,
	75.7404 43.2431,
	76.1183 43.1959,
	76.3072 43.2195,
	76.4017 43.1959,
	76.4489 43.1959,
	76.4725 43.2431,
	76.4489 43.2904,
	76.8268 43.5265,
	77.0157 43.6682,
	77.1574 43.8336,
	77.2519 43.928,
	77.37 44.117,
	77.4409 44.3059,
	77.3464 45.8174,
	77.2755 46.1953,
	77.1102 46.5732,
	77.0157 46.7621,
	76.6851 47.1163,
	76.5906 47.2108,
	76.4489 47.3289,
	75.764 47.9429,
	75.6932 47.9902,
	75.5515 48.1791,
	75.2445 48.4861,
	75.0083 48.864,
	74.5123 49.5253,
	74.3234 49.667,
	74.1344 49.8559,
	73.9219 50.2102,
	73.851 50.3991,
	73.4732 50.7298,
	73.2842 50.8479,
	72.93 51.1549,
	72.741 51.3202,
	72.3632 51.4855,
	71.6074 51.5328,
	71.4185 51.5564,
	71.0406 51.7689,
	70.6627 51.9343,
	69.907 52.076,
	69.5291 52.0523,
	69.1512 51.9106,
	69.0567 51.887,
	69.0095 51.887,
	68.9623 51.8398,
	68.5844 51.6981,
	68.3955 51.58,
	68.301 51.5328,
	68.2538 51.4855,
	68.2065 51.4855,
	67.8286 51.2021,
	67.5689 50.8242,
	67.498 50.7298,
	67.498 50.6825,
	67.2854 50.3047,
	67.1437 49.5489,
	67.1201 49.36,
	67.0729 49.2655,
	67.0729 49.1002,
	"/>
</Transform>

<Transform dim="0"
 xcoef=" 0 1 0 0 0 0"
 ycoef=" 0 0 1 0 0 0">
<Contour name="TB2 NF_24" hidden="true" closed="true" simplified="true" border="1 0.501961 0.25098" fill="1 0.501961 0.25098" mode="-9"
 points="98.68 13.6864,
	98.836 13.508,
	98.9252 13.4412,
	98.9698 13.4189,
	98.9029 13.352,
	99.0812 13.2406,
	99.2596 13.2628,
	99.2818 13.4412,
	99.1927 13.6195,
	99.1481 13.7087,
	99.0589 13.7978,
	98.9698 13.8424,
	98.7915 13.8424,
	98.7023 13.7978,
	98.68 13.7087,
	"/>
</Transform>

<Transform dim="0"
 xcoef=" 0 1 0 0 0 0"
 ycoef=" 0 0 1 0 0 0">
<Contour name="TB2 NF_24_cw" hidden="false" closed="true" simplified="true" border="1 0.5 0" fill="1 0.682353 0.368627" mode="15"
 points="98.645 13.6109,
	98.6682 13.5491,
	98.6798 13.5337,
	98.6913 13.5028,
	98.7492 13.4488,
	98.7801 13.4256,
	98.7994 13.4025,
	98.9229 13.306,
	98.9808 13.252,
	99.0425 13.2095,
	99.1043 13.2018,
	99.1351 13.1979,
	99.166 13.1825,
	99.1814 13.1748,
	99.2432 13.1709,
	99.274 13.1825,
	99.3049 13.2095,
	99.3281 13.2404,
	99.3358 13.2558,
	99.3512 13.2713,
	99.3744 13.333,
	99.3782 13.3446,
	99.3705 13.3755,
	99.3705 13.4063,
	99.3628 13.4372,
	99.3397 13.4681,
	99.2856 13.5144,
	99.2548 13.5337,
	99.2239 13.5453,
	99.193 13.5646,
	99.1621 13.5723,
	99.1313 13.5954,
	99.0695 13.6302,
	99.0502 13.661,
	98.9923 13.7035,
	98.973 13.7344,
	98.9615 13.7652,
	98.9345 13.7961,
	98.919 13.8038,
	98.7955 13.7961,
	98.7647 13.7884,
	98.7376 13.7614,
	98.7299 13.7305,
	98.7299 13.7151,
	98.7222 13.6996,
	98.6913 13.688,
	98.6605 13.6688,
	98.6489 13.6533,
	98.645 13.6224,
	98.645 13.6147,
	"/>
</Transform>

<Transform dim="0"
 xcoef=" 0 1 0 0 0 0"
 ycoef=" 0 0 1 0 0 0">
<Image mag="0.00855" contrast="1" brightness="0" red="true" green="true" blue="true"
 src="Aligned 633589.tif" />
<Contour name="a1" hidden="false" closed="true" simplified="false" border="1 0.5 0" fill="1 0.5 0" mode="11"
 points="0 0,
	15991 0,
	15991 12171,
	0 12171,
	"/>
</Transform>

<Transform dim="0"
 xcoef=" 0 1 0 0 0 0"
 ycoef=" 0 0 1 0 0 0">
<Contour name="TB3_nucleus02_cw" hidden="false" closed="true" simplified="true" border="1 1 1" fill="1 1 1" mode="15"
 points="99.4168 63.7188,
	99.4379 63.6907,
	99.4519 63.6766,
	99.4801 63.6696,
	99.5363 63.6766,
	99.5644 63.6837,
	99.5855 63.6555,
	99.6136 63.543,
	99.6418 63.3181,
	99.6629 63.2056,
	99.6839 63.1493,
	99.7191 63.0931,
	99.7753 63.072,
	99.8035 63.065,
	99.8316 63.0439,
	99.8667 62.9314,
	99.8808 62.8751,
	99.8808 62.7627,
	99.8738 62.7345,
	99.9019 62.6783,
	99.93 62.6572,
	99.9863 62.6361,
	100.176 62.4111,
	100.204 62.383,
	100.232 62.376,
	100.289 62.4041,
	100.345 62.4463,
	100.373 62.4744,
	100.429 62.5025,
	100.542 62.4252,
	100.57 62.4252,
	100.598 62.4393,
	100.626 62.4393,
	100.675 62.383,
	100.696 62.3549,
	100.809 62.3408,
	100.851 62.3338,
	100.858 62.3338,
	100.851 62.3549,
	100.879 62.376,
	100.935 62.39,
	100.992 62.4252,
	101.048 62.4744,
	101.062 62.4885,
	101.118 62.4955,
	101.174 62.4814,
	101.203 62.4674,
	101.231 62.4744,
	101.343 62.5869,
	101.371 62.5939,
	101.428 62.5799,
	101.456 62.5799,
	101.47 62.5728,
	101.526 62.601,
	101.554 62.608,
	101.61 62.5869,
	101.638 62.5939,
	101.688 62.6502,
	101.681 62.7064,
	101.645 62.7627,
	101.638 62.7767,
	101.652 62.8048,
	101.709 62.847,
	101.737 62.8681,
	101.765 62.8541,
	101.877 62.8892,
	101.934 62.8962,
	101.962 62.8962,
	102.018 62.9173,
	102.046 62.9244,
	102.06 62.9384,
	102.074 62.9384,
	102.095 62.9665,
	102.088 63.0228,
	102.067 63.0509,
	102.067 63.065,
	102.124 63.1001,
	102.18 63.1493,
	102.187 63.1775,
	102.173 63.2337,
	102.159 63.2618,
	102.102 63.297,
	102.074 63.311,
	102.06 63.3181,
	102.053 63.3743,
	102.074 63.4024,
	102.102 63.4165,
	102.159 63.4165,
	102.187 63.4095,
	102.236 63.4657,
	102.222 63.5219,
	102.166 63.5571,
	102.053 63.5782,
	101.997 63.6274,
	101.941 63.6626,
	101.913 63.6555,
	101.884 63.6696,
	101.835 63.7821,
	101.913 63.8946,
	101.934 63.9227,
	101.983 63.8664,
	101.997 63.8383,
	102.053 63.8032,
	102.081 63.7961,
	102.109 63.8102,
	102.131 63.8664,
	102.074 63.9789,
	101.99 64.0914,
	101.934 64.1406,
	101.877 64.1688,
	101.765 64.2601,
	101.709 64.2953,
	101.61 64.4078,
	101.54 64.5203,
	101.484 64.6328,
	101.456 64.689,
	101.442 64.7171,
	101.329 64.8085,
	101.252 64.921,
	101.195 64.9773,
	101.167 64.9843,
	101.055 64.9562,
	101.02 65.0054,
	101.006 65.0616,
	101.02 65.1179,
	100.992 65.1741,
	100.942 65.2233,
	100.914 65.2304,
	100.802 65.1952,
	100.746 65.2163,
	100.724 65.2374,
	100.703 65.3499,
	100.689 65.378,
	100.633 65.4131,
	100.605 65.4131,
	100.492 65.3358,
	100.436 65.3147,
	100.324 65.3358,
	100.296 65.3569,
	100.282 65.3569,
	100.183 65.2655,
	100.127 65.2444,
	100.014 65.2233,
	99.9581 65.2022,
	99.9019 65.153,
	99.8246 65.0405,
	99.698 64.8156,
	99.6347 64.7031,
	99.5574 64.5906,
	99.5082 64.5343,
	99.473 64.4781,
	99.459 64.4219,
	99.5222 63.9719,
	99.5293 63.9157,
	99.5222 63.8594,
	99.466 63.8172,
	99.4308 63.7821,
	99.4168 63.7258,
	"/>
</Transform>

</Section>