<?xml version="1.0"?>
<!DOCTYPE Section SYSTEM "section.dtd">

<Section index="23" thickness="0.085" alignLocked="true">
<Transform dim="0"
 xcoef=" 0 1 0 0 0 0"
 ycoef=" 0 0 1 0 0 0">
<Image mag="0.00855" contrast="1" brightness="0" red="true" green="true" blue="true"
 src="Aligned 633023.tif" />
<Contour name="domain1" hidden="false" closed="true" simplified="false" border="1 0 1" fill="1 0 1" mode="11"
 points="0 0,
	15991 0,
	15991 12171,
	0 12171,
	"/>
</Transform>

<Transform dim="0"
 xcoef=" 0 1 0 0 0 0"
 ycoef=" 0 0 1 0 0 0">
<Contour name="TB2 NF_15" hidden="true" closed="true" simplified="false" border="1 1 0" fill="1 1 0" mode="-9"
 points="78.8411 1.52044,
	78.9044 1.45709,
	78.9044 1.39374,
	78.9678 1.33038,
	79.0945 1.36206,
	79.1578 1.42541,
	79.1895 1.67882,
	79.1261 1.80552,
	79.0628 1.8372,
	78.8411 1.61547,
	78.8411 1.55211,
	"/>
</Transform>

<Transform dim="0"
 xcoef=" 0 1 0 0 0 0"
 ycoef=" 0 0 1 0 0 0">
<Contour name="TB2 NF_17" hidden="true" closed="true" simplified="true" border="1 0.501961 0.501961" fill="1 0.501961 0.501961" mode="-9"
 points="81.2635 0.869278,
	81.3476 0.644948,
	81.3756 0.532783,
	81.5439 0.308453,
	81.7402 0.140206,
	81.9645 0.0560824,
	82.0767 0.0280412,
	82.301 0.0841237,
	82.4131 0.140206,
	82.6375 0.364536,
	82.8057 0.588866,
	82.8338 0.70103,
	82.7777 0.813195,
	82.6655 0.869278,
	82.6094 0.897319,
	82.5534 0.841237,
	82.5253 1.06557,
	82.4412 1.2899,
	82.2449 1.51423,
	81.7962 1.65443,
	81.5719 1.62639,
	81.3756 1.4301,
	81.2915 1.20577,
	81.2635 0.981443,
	81.2635 0.897319,
	"/>
</Transform>

<Transform dim="0"
 xcoef=" 0 1 0 0 0 0"
 ycoef=" 0 0 1 0 0 0">
<Contour name="TB2 NF_19_cw" hidden="false" closed="true" simplified="true" border="1 1 0" fill="1 0.502 0" mode="15"
 points="89.1148 0.135726,
	89.122 0.107152,
	89.1648 0.0500043,
	89.1863 0.0214304,
	89.2006 0.00714347,
	89.222 0.0285739,
	89.2506 0.00714347,
	89.3077 -0.00714347,
	89.5363 0.00714347,
	89.5935 0.0214304,
	89.6435 0.0571478,
	89.6935 0.171443,
	89.7006 0.285739,
	89.6506 0.51433,
	89.6506 0.542904,
	89.6292 0.600052,
	89.5935 0.6572,
	89.572 0.685774,
	89.5577 0.70006,
	89.5006 0.707204,
	89.472 0.70006,
	89.4149 0.650056,
	89.3363 0.535761,
	89.2863 0.478613,
	89.2649 0.450039,
	89.2577 0.392891,
	89.2434 0.364317,
	89.2148 0.335743,
	89.2006 0.335743,
	89.1506 0.285739,
	89.1363 0.257165,
	89.122 0.242878,
	89.1148 0.18573,
	89.1148 0.157156,
	89.1148 0.142869,
	"/>
</Transform>

<Transform dim="0"
 xcoef=" 0 1 0 0 0 0"
 ycoef=" 0 0 1 0 0 0">
<Contour name="TB2 NF_23_cw" hidden="false" closed="true" simplified="true" border="0.973 0.757 0.016" fill="0.902 0.8 0.102" mode="15"
 points="81.1834 1.2228,
	81.188 1.1856,
	81.2113 1.11121,
	81.2206 1.07401,
	81.2159 0.925233,
	81.2345 0.776452,
	81.2438 0.702061,
	81.2438 0.664866,
	81.2624 0.627671,
	81.2717 0.609073,
	81.3043 0.576527,
	81.3275 0.539332,
	81.3368 0.520734,
	81.3694 0.488188,
	81.3926 0.450993,
	81.4531 0.390551,
	81.467 0.381252,
	81.4856 0.362654,
	81.5228 0.339407,
	81.5367 0.330108,
	81.6111 0.269666,
	81.6855 0.255718,
	81.7041 0.255718,
	81.7367 0.232471,
	81.7506 0.218522,
	81.825 0.204574,
	81.8622 0.218522,
	81.8994 0.241769,
	81.9366 0.255718,
	81.9552 0.265016,
	82.104 0.251068,
	82.1226 0.251068,
	82.1598 0.265016,
	82.197 0.288264,
	82.2342 0.302212,
	82.3085 0.348706,
	82.3829 0.404499,
	82.3969 0.423097,
	82.4015 0.460292,
	82.3969 0.478889,
	82.4015 0.497487,
	82.4759 0.548631,
	82.5038 0.571878,
	82.541 0.599774,
	82.5829 0.669515,
	82.6015 0.743906,
	82.5922 0.892687,
	82.5782 0.967078,
	82.5643 1.00427,
	82.541 1.04147,
	82.5085 1.06936,
	82.3597 1.13911,
	82.2853 1.1856,
	82.2481 1.20885,
	82.2156 1.24139,
	82.197 1.25999,
	82.1737 1.29719,
	82.1644 1.33438,
	82.1412 1.37158,
	82.104 1.39947,
	82.0854 1.41342,
	82.0668 1.41342,
	82.0575 1.41807,
	81.9087 1.40877,
	81.8715 1.40877,
	81.8343 1.41807,
	81.7971 1.41807,
	81.7785 1.42272,
	81.7413 1.41807,
	81.7041 1.42272,
	81.6297 1.40412,
	81.5925 1.39482,
	81.4438 1.40877,
	81.4252 1.40877,
	81.4066 1.41807,
	81.3322 1.41807,
	81.295 1.40412,
	81.2764 1.39947,
	81.2671 1.39947,
	81.2299 1.37158,
	81.2066 1.33438,
	81.1927 1.29719,
	81.1834 1.22744,
	"/>
</Transform>

<Transform dim="0"
 xcoef=" 0 1 0 0 0 0"
 ycoef=" 0 0 1 0 0 0">
<Image mag="0.00855" contrast="1" brightness="0" red="true" green="true" blue="true"
 src="..\TF21_robdata\Rob's_latest_seg_files_TF21_TB2\Aligned 633023.tif" />
<Contour name="domain1" hidden="false" closed="true" simplified="false" border="1 0 1" fill="1 0 1" mode="11"
 points="0 0,
	15991 0,
	15991 12171,
	0 12171,
	"/>
</Transform>

<Transform dim="0"
 xcoef=" 0 1 0 0 0 0"
 ycoef=" 0 0 1 0 0 0">
<Contour name="TB2 NF_15" hidden="true" closed="true" simplified="false" border="1 1 0" fill="1 1 0" mode="-9"
 points="78.8411 1.52044,
	78.9044 1.45709,
	78.9044 1.39374,
	78.9678 1.33038,
	79.0945 1.36206,
	79.1578 1.42541,
	79.1895 1.67882,
	79.1261 1.80552,
	79.0628 1.8372,
	78.8411 1.61547,
	78.8411 1.55211,
	"/>
</Transform>

<Transform dim="0"
 xcoef=" 0 1 0 0 0 0"
 ycoef=" 0 0 1 0 0 0">
<Contour name="TB2 NF_17" hidden="true" closed="true" simplified="true" border="1 0.501961 0.501961" fill="1 0.501961 0.501961" mode="-9"
 points="81.2635 0.869278,
	81.3476 0.644948,
	81.3756 0.532783,
	81.5439 0.308453,
	81.7402 0.140206,
	81.9645 0.0560824,
	82.0767 0.0280412,
	82.301 0.0841237,
	82.4131 0.140206,
	82.6375 0.364536,
	82.8057 0.588866,
	82.8338 0.70103,
	82.7777 0.813195,
	82.6655 0.869278,
	82.6094 0.897319,
	82.5534 0.841237,
	82.5253 1.06557,
	82.4412 1.2899,
	82.2449 1.51423,
	81.7962 1.65443,
	81.5719 1.62639,
	81.3756 1.4301,
	81.2915 1.20577,
	81.2635 0.981443,
	81.2635 0.897319,
	"/>
</Transform>

<Transform dim="0"
 xcoef=" 0 1 0 0 0 0"
 ycoef=" 0 0 1 0 0 0">
<Contour name="TB2 NF_10_rsl" hidden="false" closed="true" simplified="true" border="0.502 0.502 0.753" fill="0.502 0.502 0.753" mode="-9"
 points="78.9244 1.62839,
	78.9344 1.60835,
	78.9344 1.58831,
	78.9494 1.54822,
	79.0045 1.47307,
	79.0346 1.43799,
	79.0747 1.35783,
	79.0847 1.33779,
	79.0847 1.31774,
	79.0897 1.31273,
	79.1097 1.32777,
	79.1148 1.34781,
	79.1248 1.34781,
	79.24 1.50814,
	79.245 1.51315,
	79.24 1.67349,
	79.235 1.71357,
	79.1999 1.75365,
	79.1599 1.77369,
	79.1198 1.78371,
	79.0396 1.78371,
	78.9995 1.78371,
	78.9594 1.77369,
	78.9444 1.75365,
	78.9294 1.71357,
	78.9244 1.6334,
	"/>
</Transform>

<Transform dim="0"
 xcoef=" 0 1 0 0 0 0"
 ycoef=" 0 0 1 0 0 0">
<Contour name="TB2 NF_10_rsl" hidden="false" closed="true" simplified="true" border="0.502 0.502 0.753" fill="0.502 0.502 0.753" mode="-9"
 points="78.2795 0.840163,
	78.2922 0.806217,
	78.2922 0.789244,
	78.3134 0.721352,
	78.3134 0.704379,
	78.3389 0.636487,
	78.3474 0.602541,
	78.3856 0.53465,
	78.411 0.500703,
	78.4704 0.449784,
	78.5044 0.432811,
	78.6402 0.403109,
	78.708 0.398865,
	78.7759 0.411595,
	78.8099 0.424325,
	78.8438 0.445541,
	78.8778 0.475244,
	78.9372 0.52192,
	78.9584 0.547379,
	79.0008 0.615271,
	79.0093 0.632244,
	79.0178 0.640731,
	79.0178 0.649217,
	79.0305 0.66619,
	79.0433 0.734082,
	79.039 0.768028,
	79.022 0.785001,
	78.9626 0.920785,
	78.9542 0.954731,
	78.9584 0.971704,
	78.9796 1.00141,
	79.039 1.05657,
	79.0687 1.08203,
	79.0857 1.09052,
	79.0984 1.10749,
	79.0942 1.14143,
	79.0815 1.17538,
	79.0093 1.31116,
	78.9881 1.34511,
	78.9754 1.36208,
	78.9754 1.37057,
	78.9669 1.37906,
	78.9542 1.413,
	78.9329 1.54879,
	78.9117 1.61668,
	78.899 1.65062,
	78.8693 1.68457,
	78.8353 1.71003,
	78.8269 1.71852,
	78.7929 1.72276,
	78.759 1.71852,
	78.6911 1.69306,
	78.6571 1.67184,
	78.6317 1.65062,
	78.5171 1.53181,
	78.4916 1.50211,
	78.4577 1.46816,
	78.4068 1.40027,
	78.3686 1.33238,
	78.3389 1.26449,
	78.3262 1.23054,
	78.3007 1.09476,
	78.288 0.958974,
	78.2795 0.891082,
	78.2795 0.857136,
	78.2795 0.844407,
	"/>
</Transform>

<Transform dim="0"
 xcoef=" 0 1 0 0 0 0"
 ycoef=" 0 0 1 0 0 0">
<Image mag="0.00855" contrast="1" brightness="0" red="true" green="true" blue="true"
 src="..\TF21_robdata\Rob's_latest_seg_files_TF21_TB2\Aligned 633023.tif" />
<Contour name="domain1" hidden="false" closed="true" simplified="false" border="1 0 1" fill="1 0 1" mode="11"
 points="0 0,
	15991 0,
	15991 12171,
	0 12171,
	"/>
</Transform>

<Transform dim="0"
 xcoef=" 0 1 0 0 0 0"
 ycoef=" 0 0 1 0 0 0">
<Contour name="TB2 NF_15" hidden="true" closed="true" simplified="false" border="1 1 0" fill="1 1 0" mode="-9"
 points="78.8411 1.52044,
	78.9044 1.45709,
	78.9044 1.39374,
	78.9678 1.33038,
	79.0945 1.36206,
	79.1578 1.42541,
	79.1895 1.67882,
	79.1261 1.80552,
	79.0628 1.8372,
	78.8411 1.61547,
	78.8411 1.55211,
	"/>
</Transform>

<Transform dim="0"
 xcoef=" 0 1 0 0 0 0"
 ycoef=" 0 0 1 0 0 0">
<Contour name="TB2 NF_17" hidden="true" closed="true" simplified="true" border="1 0.501961 0.501961" fill="1 0.501961 0.501961" mode="-9"
 points="81.2635 0.869278,
	81.3476 0.644948,
	81.3756 0.532783,
	81.5439 0.308453,
	81.7402 0.140206,
	81.9645 0.0560824,
	82.0767 0.0280412,
	82.301 0.0841237,
	82.4131 0.140206,
	82.6375 0.364536,
	82.8057 0.588866,
	82.8338 0.70103,
	82.7777 0.813195,
	82.6655 0.869278,
	82.6094 0.897319,
	82.5534 0.841237,
	82.5253 1.06557,
	82.4412 1.2899,
	82.2449 1.51423,
	81.7962 1.65443,
	81.5719 1.62639,
	81.3756 1.4301,
	81.2915 1.20577,
	81.2635 0.981443,
	81.2635 0.897319,
	"/>
</Transform>

<Transform dim="0"
 xcoef=" 0 1 0 0 0 0"
 ycoef=" 0 0 1 0 0 0">
<Contour name="TB2 NF_10_rsl" hidden="false" closed="true" simplified="true" border="0.502 0.502 0.753" fill="0.502 0.502 0.753" mode="-9"
 points="78.9244 1.62839,
	78.9344 1.60835,
	78.9344 1.58831,
	78.9494 1.54822,
	79.0045 1.47307,
	79.0346 1.43799,
	79.0747 1.35783,
	79.0847 1.33779,
	79.0847 1.31774,
	79.0897 1.31273,
	79.1097 1.32777,
	79.1148 1.34781,
	79.1248 1.34781,
	79.24 1.50814,
	79.245 1.51315,
	79.24 1.67349,
	79.235 1.71357,
	79.1999 1.75365,
	79.1599 1.77369,
	79.1198 1.78371,
	79.0396 1.78371,
	78.9995 1.78371,
	78.9594 1.77369,
	78.9444 1.75365,
	78.9294 1.71357,
	78.9244 1.6334,
	"/>
</Transform>

<Transform dim="0"
 xcoef=" 0 1 0 0 0 0"
 ycoef=" 0 0 1 0 0 0">
<Contour name="TB2 NF_10_rsl" hidden="false" closed="true" simplified="true" border="0.502 0.502 0.753" fill="0.502 0.502 0.753" mode="-9"
 points="78.2795 0.840163,
	78.2922 0.806217,
	78.2922 0.789244,
	78.3134 0.721352,
	78.3134 0.704379,
	78.3389 0.636487,
	78.3474 0.602541,
	78.3856 0.53465,
	78.411 0.500703,
	78.4704 0.449784,
	78.5044 0.432811,
	78.6402 0.403109,
	78.708 0.398865,
	78.7759 0.411595,
	78.8099 0.424325,
	78.8438 0.445541,
	78.8778 0.475244,
	78.9372 0.52192,
	78.9584 0.547379,
	79.0008 0.615271,
	79.0093 0.632244,
	79.0178 0.640731,
	79.0178 0.649217,
	79.0305 0.66619,
	79.0433 0.734082,
	79.039 0.768028,
	79.022 0.785001,
	78.9626 0.920785,
	78.9542 0.954731,
	78.9584 0.971704,
	78.9796 1.00141,
	79.039 1.05657,
	79.0687 1.08203,
	79.0857 1.09052,
	79.0984 1.10749,
	79.0942 1.14143,
	79.0815 1.17538,
	79.0093 1.31116,
	78.9881 1.34511,
	78.9754 1.36208,
	78.9754 1.37057,
	78.9669 1.37906,
	78.9542 1.413,
	78.9329 1.54879,
	78.9117 1.61668,
	78.899 1.65062,
	78.8693 1.68457,
	78.8353 1.71003,
	78.8269 1.71852,
	78.7929 1.72276,
	78.759 1.71852,
	78.6911 1.69306,
	78.6571 1.67184,
	78.6317 1.65062,
	78.5171 1.53181,
	78.4916 1.50211,
	78.4577 1.46816,
	78.4068 1.40027,
	78.3686 1.33238,
	78.3389 1.26449,
	78.3262 1.23054,
	78.3007 1.09476,
	78.288 0.958974,
	78.2795 0.891082,
	78.2795 0.857136,
	78.2795 0.844407,
	"/>
</Transform>

<Transform dim="0"
 xcoef=" 0 1 0 0 0 0"
 ycoef=" 0 0 1 0 0 0">
<Image mag="0.00855" contrast="1" brightness="0" red="true" green="true" blue="true"
 src="Aligned 633023.tif" />
<Contour name="a1" hidden="false" closed="true" simplified="false" border="1 0.5 0" fill="1 0.5 0" mode="11"
 points="0 0,
	15991 0,
	15991 12171,
	0 12171,
	"/>
</Transform>

<Transform dim="0"
 xcoef=" 0 1 0 0 0 0"
 ycoef=" 0 0 1 0 0 0">
<Contour name="EP_NF01_cw" hidden="false" closed="true" simplified="true" border="0.972549 0.756863 0.0156863" fill="0.972549 0.623529 0.262745" mode="15"
 points="128.241 78.3583,
	128.296 78.2952,
	128.328 78.2716,
	128.391 78.248,
	128.415 78.2165,
	128.422 78.2007,
	128.407 78.1377,
	128.399 78.1061,
	128.415 78.0431,
	128.47 77.988,
	128.533 77.9801,
	128.541 77.9958,
	128.604 77.9958,
	128.635 78.0037,
	128.698 78.0589,
	128.73 78.1219,
	128.738 78.1849,
	128.73 78.248,
	128.659 78.374,
	128.635 78.4056,
	128.572 78.4371,
	128.541 78.4449,
	128.525 78.4607,
	128.462 78.4843,
	128.399 78.5237,
	128.367 78.5316,
	128.304 78.508,
	128.249 78.4528,
	128.241 78.3898,
	128.241 78.3662,
	"/>
<Contour name="EP_NF01_cw" hidden="false" closed="true" simplified="true" border="0.972549 0.756863 0.0156863" fill="0.972549 0.623529 0.262745" mode="15"
 points="127.532 73.8908,
	127.572 73.7647,
	127.587 73.6387,
	127.611 73.5756,
	127.65 73.5126,
	127.674 73.4811,
	127.698 73.4653,
	127.761 73.4023,
	127.887 73.3471,
	128.013 73.3077,
	128.044 73.3077,
	128.162 73.2053,
	128.226 73.1423,
	128.289 73.1265,
	128.415 73.1344,
	128.446 73.1502,
	128.509 73.158,
	128.572 73.1817,
	128.698 73.1974,
	128.761 73.2132,
	128.824 73.2053,
	128.856 73.2053,
	128.887 73.1895,
	128.95 73.1817,
	129.076 73.2053,
	129.139 73.2211,
	129.266 73.2999,
	129.329 73.3471,
	129.392 73.3708,
	129.455 73.3708,
	129.486 73.3708,
	129.549 73.3944,
	129.581 73.4102,
	129.699 73.5284,
	129.738 73.5914,
	129.754 73.6071,
	129.801 73.7332,
	129.849 73.7962,
	129.975 73.8672,
	130.038 73.9066,
	130.101 73.9617,
	130.14 74.0169,
	130.266 74.0326,
	130.392 74.0878,
	130.455 74.1272,
	130.495 74.1902,
	130.518 74.2217,
	130.581 74.2296,
	130.597 74.2217,
	130.66 74.2611,
	130.676 74.3241,
	130.676 74.3872,
	130.637 74.4502,
	130.605 74.4739,
	130.589 74.4739,
	130.573 74.4896,
	130.447 74.5054,
	130.416 74.5054,
	130.353 74.4817,
	130.29 74.4423,
	130.227 74.4187,
	130.164 74.4345,
	130.038 74.4423,
	129.975 74.4345,
	129.912 74.4108,
	129.88 74.4108,
	129.849 74.3951,
	129.809 74.332,
	129.786 74.3005,
	129.762 74.2375,
	129.738 74.206,
	129.707 74.1902,
	129.581 74.1981,
	129.344 74.4108,
	129.281 74.4739,
	129.226 74.5211,
	129.163 74.5448,
	129.1 74.5526,
	129.069 74.5763,
	129.006 74.5842,
	128.974 74.592,
	128.911 74.6314,
	128.785 74.6708,
	128.659 74.6787,
	128.596 74.6787,
	128.47 74.7023,
	128.344 74.6945,
	127.839 74.5211,
	127.776 74.4896,
	127.729 74.4345,
	127.721 74.3714,
	127.729 74.3399,
	127.713 74.2769,
	127.642 74.1508,
	127.595 74.0878,
	127.572 74.0563,
	127.532 73.9302,
	127.532 73.8987,
	"/>
</Transform>

<Transform dim="0"
 xcoef=" 0 1 0 0 0 0"
 ycoef=" 0 0 1 0 0 0">
<Contour name="EP_NF01_cw" hidden="false" closed="true" simplified="true" border="0.972549 0.756863 0.0156863" fill="0.972549 0.623529 0.262745" mode="15"
 points="130.778 74.4423,
	130.834 74.3872,
	130.865 74.3714,
	130.928 74.3635,
	131.054 74.3872,
	131.117 74.4266,
	131.149 74.4581,
	131.164 74.4739,
	131.164 74.5369,
	131.157 74.5448,
	131.172 74.5526,
	131.141 74.5763,
	131.015 74.5999,
	130.983 74.6078,
	130.92 74.592,
	130.904 74.5763,
	130.889 74.5763,
	130.826 74.529,
	130.794 74.5054,
	130.778 74.4739,
	130.778 74.4502,
	"/>
</Transform>

</Section>