<?xml version="1.0"?>
<!DOCTYPE Section SYSTEM "section.dtd">

<Section index="559" thickness="0.085" alignLocked="true">
<Transform dim="0"
 xcoef=" 0 1 0 0 0 0"
 ycoef=" 0 0 1 0 0 0">
<Image mag="0.00855" contrast="1" brightness="0" red="true" green="true" blue="true"
 src="Aligned 633559.tif" />
<Contour name="domain1" hidden="false" closed="true" simplified="false" border="1 0 1" fill="1 0 1" mode="11"
 points="0 0,
	15991 0,
	15991 12171,
	0 12171,
	"/>
</Transform>

<Transform dim="0"
 xcoef=" 0 1 0 0 0 0"
 ycoef=" 0 0 1 0 0 0">
<Contour name="TB2 Nucleus_72" hidden="false" closed="true" simplified="true" border="1 0 0" fill="1 0 0" mode="9"
 points="75.583 47.3625,
	75.7471 46.4874,
	75.9112 46.0499,
	76.294 45.6123,
	76.294 45.3936,
	76.294 45.2842,
	76.0753 45.0654,
	76.13 44.6279,
	76.13 44.4091,
	76.294 43.9716,
	76.4581 43.7528,
	76.6769 43.6435,
	76.8956 43.6435,
	77.3332 43.4794,
	78.0988 42.8778,
	78.3176 42.7137,
	78.427 42.6043,
	78.8645 42.4403,
	78.9739 42.2215,
	79.1927 42.0574,
	79.4114 42.0027,
	79.6302 42.1668,
	80.0677 43.0419,
	80.5052 44.792,
	80.6693 45.667,
	80.6146 46.5421,
	80.5599 46.7609,
	80.724 47.1984,
	80.7787 47.6359,
	80.6693 49.386,
	80.3959 50.2611,
	80.0677 50.6986,
	79.6849 51.0268,
	79.2473 51.4643,
	79.0833 51.683,
	78.6457 51.8471,
	77.7707 51.7924,
	77.5519 51.7377,
	76.7316 51.1361,
	76.3487 50.6986,
	76.13 50.2611,
	75.8565 49.386,
	75.6924 48.511,
	75.583 48.0734,
	75.583 47.6359,
	75.583 47.4171,
	"/>
</Transform>

<Transform dim="0"
 xcoef=" 0 1 0 0 0 0"
 ycoef=" 0 0 1 0 0 0">
<Contour name="TB2 Nucleus_73" hidden="false" closed="true" simplified="true" border="1 0 0" fill="1 0 0" mode="9"
 points="77.8884 24.5185,
	77.9663 24.3109,
	78.0182 24.2331,
	78.0182 24.1293,
	78.096 24.0515,
	78.1479 24.0774,
	78.2517 24.0255,
	78.2517 23.6104,
	78.2776 23.4029,
	78.3295 23.2991,
	78.5371 23.1953,
	78.6409 23.0915,
	78.8484 23.1175,
	79.056 23.1953,
	79.1857 23.4029,
	79.5749 23.818,
	79.7825 23.8439,
	79.8344 23.8439,
	80.016 23.6623,
	80.0679 23.4547,
	80.1716 23.2472,
	80.2754 23.1434,
	80.3792 23.1175,
	80.5868 23.1434,
	80.6906 23.1434,
	81.1057 23.325,
	81.3132 23.3769,
	81.4949 23.4807,
	81.8841 23.792,
	82.0397 23.9996,
	82.1695 24.4147,
	82.2473 24.6223,
	82.2732 24.7261,
	82.6105 25.1412,
	82.8181 25.3228,
	82.9219 25.4007,
	82.9738 25.5044,
	83.0257 25.9196,
	83.0257 26.1271,
	83.0257 26.179,
	82.8181 26.3347,
	82.7921 26.5423,
	82.8181 26.646,
	82.7403 26.8536,
	82.6884 26.8536,
	82.6365 26.7498,
	82.4289 26.7239,
	82.4808 26.9314,
	82.5067 27.0352,
	82.844 27.4244,
	82.87 27.4763,
	82.844 27.5801,
	82.7662 27.6839,
	82.5586 27.7098,
	82.3511 27.6839,
	81.9619 27.4504,
	81.8581 27.3985,
	81.7543 27.4244,
	81.5468 27.5801,
	81.4689 27.606,
	81.3651 27.5282,
	81.1576 27.5282,
	80.3273 27.3206,
	79.4971 26.7758,
	79.3933 26.6979,
	79.3414 26.646,
	79.2376 26.646,
	79.1338 26.5942,
	78.9782 26.4125,
	78.7706 26.2828,
	78.7187 26.2828,
	78.5371 26.0752,
	78.3036 25.6601,
	78.1479 25.4526,
	77.9663 25.0374,
	77.8884 24.6223,
	77.8884 24.5445,
	"/>
</Transform>

<Transform dim="0"
 xcoef=" 0 1 0 0 0 0"
 ycoef=" 0 0 1 0 0 0">
<Contour name="TB2 Nucleus_75" hidden="false" closed="true" simplified="true" border="1 0 0" fill="1 0 0" mode="9"
 points="72.0886 65.9765,
	72.3213 65.7593,
	72.3523 65.6972,
	72.4764 65.6042,
	72.6005 65.5576,
	72.8487 65.6352,
	72.9108 65.6817,
	72.9728 65.6507,
	73.0659 65.4025,
	73.0969 65.2784,
	73.1124 65.0302,
	73.1124 64.9061,
	73.1434 64.782,
	73.221 64.6579,
	73.4537 64.4252,
	73.5313 64.3011,
	73.5468 64.0529,
	73.6088 63.9288,
	73.6243 63.8667,
	73.7329 63.7426,
	73.9811 63.6806,
	74.1052 63.665,
	74.1673 63.665,
	74.2293 63.7116,
	74.3069 63.8357,
	74.4155 63.9598,
	74.5396 64.0063,
	74.5706 64.0063,
	74.7258 63.7581,
	74.8188 63.634,
	74.9274 63.5565,
	75.1756 63.4789,
	75.2997 63.4324,
	75.4238 63.3393,
	75.4859 63.3082,
	75.579 63.1841,
	75.5635 63.1221,
	75.5635 63.0911,
	75.5169 63.029,
	75.5169 62.998,
	75.4394 62.8739,
	75.3928 62.7498,
	75.3773 62.6257,
	75.3928 62.5016,
	75.4394 62.3775,
	75.4704 62.3154,
	75.6876 62.1138,
	75.8117 62.0052,
	75.8892 61.757,
	75.9047 61.6329,
	75.9203 61.5708,
	76.0444 61.4467,
	76.2926 61.2761,
	76.4167 61.183,
	76.6649 61.0744,
	76.789 61.0278,
	76.851 60.9968,
	77.0992 60.9813,
	77.3474 61.0123,
	77.4716 61.0589,
	77.5957 61.152,
	77.6267 61.183,
	77.7508 61.183,
	77.8749 61.152,
	77.9369 61.1364,
	77.968 61.1364,
	78.0455 61.2605,
	78.0921 61.3846,
	78.0921 61.5088,
	78.0455 61.757,
	77.999 61.8811,
	77.9835 62.0052,
	77.8904 62.2534,
	77.8594 62.3154,
	77.8594 62.3464,
	77.8283 62.3775,
	77.7818 62.5016,
	77.7818 62.5636,
	77.7508 62.6257,
	77.7198 62.8739,
	77.7042 62.9359,
	77.7508 63.06,
	77.7353 63.3082,
	77.6732 63.5565,
	77.5801 63.8047,
	77.5181 64.0529,
	77.5026 64.177,
	77.5026 64.239,
	77.4405 64.3631,
	77.3474 64.4872,
	77.1458 64.6424,
	77.0217 64.7199,
	76.9596 64.751,
	76.9131 64.813,
	76.8355 65.0612,
	76.789 65.1853,
	76.758 65.2474,
	76.6959 65.3094,
	76.5718 65.387,
	76.4632 65.4956,
	75.9668 65.7593,
	75.8427 65.8679,
	75.7496 65.992,
	75.6255 66.1006,
	75.5635 66.1471,
	75.3153 66.1781,
	75.1912 66.2402,
	75.067 66.2712,
	74.9429 66.3333,
	74.8499 66.4574,
	74.7878 66.5039,
	74.5396 66.566,
	74.4155 66.5815,
	74.2914 66.5505,
	74.2293 66.5194,
	74.1983 66.5194,
	74.1673 66.4884,
	73.9191 66.4574,
	73.8881 66.4574,
	73.8726 66.5194,
	73.8415 66.5505,
	73.826 66.6125,
	73.7174 66.6901,
	73.5933 66.7056,
	73.0969 66.628,
	72.9728 66.5815,
	72.9108 66.566,
	72.8797 66.5349,
	72.7556 66.4884,
	72.5074 66.3178,
	72.3368 66.0696,
	72.2902 65.9454,
	72.2747 65.8369,
	72.1506 65.9454,
	72.1041 65.992,
	"/>
</Transform>

<Transform dim="0"
 xcoef=" 0 1 0 0 0 0"
 ycoef=" 0 0 1 0 0 0">
<Contour name="TB2 Nucleus_76" hidden="false" closed="true" simplified="true" border="1 0 0" fill="1 0 0" mode="9"
 points="62.4172 37.1089,
	62.4543 36.9605,
	62.4914 36.8863,
	62.4914 36.8492,
	62.5842 36.7007,
	62.6399 36.6265,
	62.7141 36.3296,
	62.8254 36.0328,
	62.9924 35.439,
	63.0666 35.2906,
	63.0852 35.2164,
	63.0852 35.1793,
	63.3264 34.8824,
	63.6232 34.6041,
	63.6975 34.5484,
	63.7346 34.5113,
	63.883 34.4927,
	64.0314 34.6226,
	64.0685 34.6968,
	64.1057 34.6783,
	64.1242 34.7525,
	64.1057 34.9009,
	64.05 34.9752,
	63.9572 35.5689,
	63.9943 35.7173,
	63.9758 36.0142,
	63.9201 36.1626,
	63.9201 36.1998,
	63.8644 36.274,
	63.8459 36.3482,
	63.7902 36.4224,
	63.6975 36.7193,
	63.6789 36.7935,
	63.4563 37.0904,
	63.382 37.1646,
	63.215 37.4615,
	63.0852 37.6099,
	62.9367 37.6656,
	62.8625 37.7027,
	62.7883 37.7027,
	62.7512 37.7027,
	62.6027 37.5728,
	62.4358 37.2945,
	62.4172 37.146,
	62.4172 37.1275,
	"/>
</Transform>

<Transform dim="0"
 xcoef=" 0 1 0 0 0 0"
 ycoef=" 0 0 1 0 0 0">
<Contour name="TB2 Nucleus_92" hidden="false" closed="true" simplified="true" border="1 0 0" fill="1 0 1" mode="9"
 points="60.4427 45.9399,
	60.5079 45.5926,
	60.6381 45.2452,
	60.6815 45.0715,
	60.8335 44.7241,
	60.8769 44.6373,
	60.8769 44.5505,
	61.2894 43.8557,
	61.3329 43.8123,
	61.4197 43.7906,
	61.4631 43.834,
	61.7454 43.4866,
	61.8973 43.3129,
	62.2447 43.0741,
	62.3316 43.0307,
	62.4835 42.857,
	62.5487 42.7702,
	62.5921 42.7268,
	62.6355 42.5531,
	62.6572 41.8583,
	62.7441 41.511,
	62.8309 41.3373,
	62.8309 41.2938,
	62.9612 41.1202,
	63.2868 40.8813,
	63.6125 40.6859,
	63.7862 40.5774,
	64.1336 40.4688,
	64.3072 40.4037,
	64.3941 40.4037,
	64.4809 40.3603,
	64.6546 40.3386,
	64.8283 40.3603,
	65.002 40.4254,
	65.3494 40.4905,
	65.4145 40.5774,
	65.4579 40.7511,
	65.4579 41.4458,
	65.5013 41.7932,
	65.5882 41.9669,
	65.5882 42.0103,
	65.6316 42.0537,
	65.6316 42.0971,
	65.675 42.1406,
	65.675 42.184,
	65.7836 42.3577,
	65.9138 42.705,
	65.9573 42.8787,
	65.979 42.9656,
	65.8487 43.6603,
	65.8487 44.0077,
	65.7836 44.3551,
	65.5665 44.6807,
	65.4362 44.8544,
	65.1105 45.5492,
	64.698 46.2439,
	64.5026 46.5913,
	64.3507 46.9386,
	64.2855 47.1123,
	63.8947 47.8071,
	63.8079 47.9808,
	63.721 48.0676,
	63.4822 48.415,
	63.2 48.7406,
	62.8743 49.0446,
	62.6789 49.392,
	62.5487 49.7393,
	62.4835 49.913,
	62.4184 49.9999,
	62.4184 50.0433,
	62.2881 50.217,
	62.2447 50.2821,
	62.1579 50.3689,
	61.9842 50.4341,
	61.8105 50.4124,
	61.6368 50.3472,
	61.4631 50.2387,
	61.3763 50.217,
	61.2894 50.2387,
	61.1158 50.1518,
	60.8335 49.8479,
	60.6381 49.1531,
	60.5296 48.4584,
	60.4861 48.111,
	60.4427 46.7215,
	60.4427 46.0268,
	60.4427 45.9617,
	"/>
</Transform>

<Transform dim="0"
 xcoef=" 0 1 0 0 0 0"
 ycoef=" 0 0 1 0 0 0">
<Contour name="TB2 Nucleus_41" hidden="false" closed="true" simplified="true" border="1 0 0" fill="1 0 0" mode="9"
 points="63.4418 59.9254,
	63.8081 59.3394,
	63.8448 59.0463,
	63.6982 58.7533,
	63.7349 58.4603,
	64.1012 57.8742,
	64.1744 57.7277,
	64.4675 57.5445,
	64.7605 57.4713,
	65.0535 57.5079,
	65.2 57.5445,
	65.4931 57.3248,
	65.6396 57.2149,
	65.9326 57.1782,
	66.2257 57.2515,
	66.7751 57.8009,
	66.9216 57.8742,
	67.5077 57.9474,
	67.8007 57.8742,
	67.9472 57.8009,
	68.0937 57.8009,
	68.3868 57.9474,
	68.9728 58.094,
	69.2659 58.2405,
	69.4124 58.387,
	69.7054 58.387,
	69.9985 58.4603,
	70.1816 58.7167,
	70.2549 58.8632,
	70.8043 59.1196,
	70.9508 59.2661,
	71.0241 59.4126,
	71.3171 59.5225,
	71.427 59.669,
	71.4636 59.8155,
	71.5369 59.8888,
	71.7933 61.0609,
	71.8299 61.354,
	71.7933 61.647,
	71.4636 62.2331,
	71.3537 62.8191,
	71.1706 63.4052,
	71.0607 63.5517,
	70.9875 63.625,
	70.9142 63.625,
	70.3648 64.1012,
	70.0351 64.6872,
	69.8886 64.7239,
	69.7421 64.6872,
	69.6688 64.6872,
	69.5955 64.614,
	69.5955 64.6872,
	69.449 64.7605,
	69.156 64.7239,
	69.0827 64.7605,
	68.7897 64.5773,
	68.2036 64.614,
	67.9106 64.7239,
	67.7641 64.7239,
	67.4711 64.5407,
	66.2989 64.3209,
	65.7128 64.0645,
	65.4931 63.7715,
	65.3832 63.6616,
	65.0902 63.5884,
	65.0169 63.5884,
	64.7239 63.3319,
	64.3209 62.7459,
	64.2477 62.5994,
	64.1012 62.4528,
	63.5517 61.2807,
	63.4418 60.6946,
	63.4418 60.1086,
	63.4418 59.9621,
	"/>
</Transform>

<Transform dim="0"
 xcoef=" 0 1 0 0 0 0"
 ycoef=" 0 0 1 0 0 0">
<Contour name="TB2 Nucleus_53" hidden="false" closed="true" simplified="true" border="1 0 0" fill="1 0 0" mode="9"
 points="64.8613 49.2104,
	64.9964 48.9017,
	65.4209 48.2841,
	65.6332 47.9753,
	65.7683 47.8403,
	65.8069 47.8017,
	65.942 47.5122,
	66.0771 47.3578,
	66.1736 47.2034,
	66.2122 47.1262,
	66.2122 47.0876,
	66.3086 46.9332,
	66.5595 46.6245,
	66.7139 46.4701,
	67.0227 46.2964,
	67.3314 46.1999,
	67.6402 46.2964,
	67.7946 46.3543,
	67.8718 46.3736,
	68.0069 46.4701,
	68.0841 46.5473,
	68.2578 46.856,
	68.6051 48.0911,
	68.663 48.2455,
	68.6823 48.3999,
	68.7016 48.4771,
	68.663 48.6315,
	68.6244 48.7087,
	68.335 48.9017,
	68.1806 48.9403,
	68.1034 48.9982,
	68.0648 49.0367,
	68.0841 49.3455,
	68.1034 49.4999,
	68.0841 49.8087,
	68.0262 50.1174,
	67.9104 50.2718,
	67.8718 50.4262,
	67.7753 50.5806,
	67.7367 50.6192,
	67.4279 50.735,
	67.2736 50.7929,
	67.1192 50.8894,
	67.0034 51.0245,
	66.9455 51.1595,
	66.9648 51.3139,
	67.0999 51.6227,
	67.1771 51.7771,
	67.235 51.8543,
	67.2543 51.9315,
	67.37 52.0859,
	67.37 52.2402,
	67.3314 52.3946,
	67.2543 52.549,
	67.1964 52.6262,
	67.1192 52.6648,
	67.0806 52.6841,
	66.7911 52.4525,
	66.4823 52.3174,
	66.3279 52.2402,
	66.1736 52.2788,
	66.0964 52.3174,
	65.7876 52.2595,
	65.6332 52.1631,
	65.4981 52.028,
	65.4402 51.7192,
	65.17 51.1017,
	65.1315 50.9473,
	65.0929 50.8701,
	64.8613 49.635,
	64.8613 49.3262,
	64.8613 49.249,
	64.8613 49.2297,
	"/>
</Transform>

<Transform dim="0"
 xcoef=" 0 1 0 0 0 0"
 ycoef=" 0 0 1 0 0 0">
<Contour name="TB2 Nucleus_44" hidden="false" closed="true" simplified="true" border="1 0 0" fill="1 0 1" mode="9"
 points="81.3018 43.2127,
	81.3555 43.0409,
	81.4307 42.869,
	81.4415 42.826,
	81.4952 42.7401,
	81.5381 42.6972,
	81.5596 42.6972,
	81.6455 42.6112,
	81.7207 42.5468,
	81.7959 42.4608,
	81.8282 42.4179,
	81.8496 42.3319,
	81.8926 42.246,
	81.9141 42.203,
	82 42.1493,
	82.0859 42.1386,
	82.1719 42.1923,
	82.2148 42.2245,
	82.2363 42.2675,
	82.29 42.1923,
	82.3008 42.1816,
	82.3115 42.203,
	82.29 42.246,
	82.3008 42.3319,
	82.3974 42.5038,
	82.4189 42.5468,
	82.4189 42.5683,
	82.5156 42.7401,
	82.6123 43.0838,
	82.666 43.2557,
	82.7304 43.5994,
	82.7627 43.9432,
	82.7412 44.115,
	82.6552 44.4587,
	82.6123 44.6306,
	82.5156 44.8025,
	82.3867 44.9636,
	82.2148 45.1247,
	82.1826 45.1677,
	82.0967 45.1999,
	82.0537 45.1999,
	81.9678 45.1462,
	81.9356 45.1032,
	81.9141 45.0817,
	81.8819 44.9099,
	81.8496 44.8669,
	81.6885 44.7702,
	81.6563 44.7488,
	81.5918 44.6736,
	81.4307 44.5125,
	81.4092 44.4265,
	81.4092 44.3406,
	81.4522 44.1687,
	81.5274 44.0828,
	81.6026 44.0291,
	81.6885 43.9969,
	81.7315 43.9861,
	81.7637 43.9539,
	81.6993 43.782,
	81.6778 43.7606,
	81.6778 43.7391,
	81.6455 43.6961,
	81.4844 43.5887,
	81.4415 43.5672,
	81.3985 43.5242,
	81.3448 43.4383,
	81.3126 43.3524,
	81.3018 43.2664,
	81.3018 43.2235,
	"/>
<Contour name="TB2 Nucleus_44" hidden="false" closed="true" simplified="true" border="1 0 0" fill="1 0 1" mode="9"
 points="81.6993 46.2526,
	81.7422 46.1666,
	81.7637 46.0807,
	81.8067 45.9948,
	81.8604 45.8229,
	81.8604 45.8014,
	82 45.6296,
	82.0215 45.6081,
	82.0215 45.5866,
	82.0967 45.5007,
	82.1504 45.4147,
	82.3008 45.2429,
	82.4189 45.071,
	82.5586 44.9206,
	82.6338 44.8454,
	82.6875 44.7595,
	82.7089 44.6736,
	82.7197 44.3298,
	82.7412 44.158,
	82.8164 43.8143,
	82.8271 43.6424,
	82.7519 42.9549,
	82.7412 42.7831,
	82.6875 42.4394,
	82.6982 42.2675,
	82.6767 42.0956,
	82.6875 42.0527,
	82.7197 42.0097,
	82.7627 41.9882,
	82.8056 41.999,
	82.8808 42.0849,
	82.913 42.1279,
	82.9238 42.1493,
	83.0097 42.1601,
	83.0527 42.5038,
	83.0956 42.6757,
	83.1708 42.8475,
	83.2245 42.9227,
	83.3964 43.0624,
	83.4716 43.1375,
	83.5253 43.2235,
	83.5575 43.2664,
	83.5683 43.3094,
	83.6864 43.4813,
	83.7186 43.5242,
	83.7509 43.6102,
	83.8583 43.7713,
	83.912 43.8572,
	83.9335 43.9002,
	83.955 43.9217,
	83.9442 44.0935,
	83.8905 44.2654,
	83.9012 44.4373,
	83.9657 44.6091,
	83.9979 44.6951,
	84.0194 44.738,
	84.0516 45.0817,
	84.0624 45.2536,
	84.0516 45.4255,
	84.0624 45.5114,
	84.0301 45.6833,
	83.9979 45.7692,
	83.9227 46.1129,
	83.9012 46.1989,
	83.8583 46.2848,
	83.8368 46.3278,
	83.8368 46.3707,
	83.7401 46.5426,
	83.7401 46.5641,
	83.6757 46.65,
	83.6112 46.7144,
	83.5683 46.7359,
	83.536 46.8219,
	83.4823 46.9078,
	83.4394 46.9508,
	83.4179 46.983,
	83.2568 47.0797,
	83.2138 47.0904,
	83.1708 47.1226,
	83.1279 47.1334,
	83.0849 47.1656,
	82.913 47.1763,
	82.7412 47.1656,
	82.6552 47.1334,
	82.5693 47.1226,
	82.4834 47.0904,
	82.3974 47.0797,
	82.2256 47.0259,
	82.1397 46.983,
	82.1182 46.9615,
	82.0752 46.9508,
	81.9033 46.8219,
	81.7959 46.6607,
	81.7315 46.4889,
	81.6993 46.317,
	81.6993 46.274,
	81.6993 46.2633,
	"/>
</Transform>

<Transform dim="0"
 xcoef=" 0 1 0 0 0 0"
 ycoef=" 0 0 1 0 0 0">
<Contour name="TB2 Nucleus_44" hidden="false" closed="true" simplified="true" border="1 0 0" fill="1 0 1" mode="9"
 points="82.0357 39.4861,
	82.0546 39.4104,
	82.1303 39.3537,
	82.2059 39.3348,
	82.2816 39.3537,
	82.4139 39.4861,
	82.4896 39.5617,
	82.5463 39.713,
	82.5652 39.7886,
	82.5463 39.8643,
	82.4518 40.0156,
	82.395 40.0912,
	82.3572 40.1101,
	82.395 40.148,
	82.3572 40.1669,
	82.2248 40.0723,
	82.1114 39.9399,
	82.0546 39.7886,
	82.0357 39.505,
	"/>
</Transform>

<Transform dim="0"
 xcoef=" 0 1 0 0 0 0"
 ycoef=" 0 0 1 0 0 0">
<Contour name="TB2 Nucleus_93" hidden="false" closed="true" simplified="true" border="1 0 0" fill="1 0 1" mode="9"
 points="69.4909 34.4961,
	69.5484 34.3427,
	69.6826 33.7291,
	69.7785 33.4223,
	69.8744 33.2689,
	69.9319 33.1922,
	69.9319 33.1539,
	70.1812 32.8663,
	70.3154 32.7129,
	70.488 32.4061,
	70.5647 32.2527,
	70.603 32.176,
	70.6414 32.1376,
	70.8906 31.524,
	70.9482 31.3706,
	70.9865 31.2939,
	70.9865 31.2555,
	71.044 31.1788,
	71.044 31.1405,
	71.1399 30.9871,
	71.696 30.4118,
	71.8494 30.2776,
	72.1179 30.0859,
	72.2713 29.9516,
	72.5014 29.664,
	72.6548 29.5106,
	72.6548 29.4723,
	72.9424 29.1846,
	73.2492 29.0504,
	73.4026 28.9545,
	73.4601 28.8778,
	73.4985 28.8395,
	73.4985 28.8011,
	73.6135 28.6477,
	73.6135 28.6094,
	73.6902 28.5327,
	73.7286 28.456,
	73.8053 28.3793,
	73.8436 28.3217,
	73.997 28.2067,
	74.1504 28.1492,
	74.4572 28.2067,
	75.0708 28.2259,
	75.2242 28.2642,
	75.3009 28.2834,
	75.3776 28.3409,
	75.531 28.3793,
	75.6844 28.3793,
	75.8378 28.3217,
	75.9145 28.2834,
	75.9529 28.245,
	76.1063 28.2259,
	76.2597 28.245,
	76.3364 28.2834,
	76.509 28.5902,
	76.5665 28.7436,
	76.5665 28.7819,
	76.624 28.8586,
	76.6815 29.1654,
	76.6432 29.7791,
	76.6048 30.0859,
	76.6048 30.3927,
	76.5281 31.0063,
	76.5281 31.3131,
	76.4706 31.6199,
	76.4131 31.7733,
	76.3939 31.85,
	76.298 32.0034,
	76.2597 32.0417,
	76.2022 32.1951,
	76.1446 32.2718,
	76.1446 32.3102,
	76.0104 32.4636,
	75.9145 32.617,
	75.7803 32.7704,
	75.7036 32.8471,
	75.09 33.0388,
	75.0133 33.0772,
	74.975 33.0772,
	74.9366 33.1155,
	74.8983 33.1155,
	74.8599 33.1539,
	74.2463 33.3456,
	74.0929 33.4032,
	73.9587 33.5566,
	73.8628 33.71,
	73.8053 33.7867,
	73.7669 33.825,
	73.6327 34.1318,
	73.556 34.2852,
	73.3259 34.5537,
	72.7315 35.1098,
	72.4247 35.3207,
	72.2329 35.5891,
	71.9645 35.8576,
	71.9261 35.9343,
	71.8878 35.9726,
	71.8686 36.0493,
	71.8302 36.0877,
	71.8302 36.126,
	71.7727 36.2027,
	71.6385 36.2986,
	71.0249 36.3945,
	70.8715 36.3753,
	70.5838 36.1644,
	70.0278 35.57,
	69.8552 35.2632,
	69.7401 35.1098,
	69.5867 34.803,
	69.51 34.6496,
	69.4909 34.5153,
	"/>
</Transform>

<Transform dim="0"
 xcoef=" 0 1 0 0 0 0"
 ycoef=" 0 0 1 0 0 0">
<Contour name="TB2_T2C-02_AM_36" hidden="false" closed="true" simplified="true" border="1 0.5 0" fill="1 0.5 0" mode="13"
 points="71.9942 43.8757,
	72.0487 43.6265,
	72.0643 43.5642,
	72.0954 43.5018,
	72.15 43.4473,
	72.1811 43.424,
	72.2434 43.4084,
	72.3058 43.4162,
	72.555 43.533,
	72.6796 43.6109,
	72.8043 43.7044,
	72.9211 43.829,
	73.0068 43.9536,
	73.0691 44.0782,
	73.0924 44.1405,
	73.108 44.2652,
	73.0847 44.3898,
	73.0769 44.421,
	72.9834 44.5456,
	72.9211 44.5923,
	72.8588 44.6235,
	72.8276 44.6313,
	72.812 44.6235,
	72.7497 44.6624,
	72.6874 44.6858,
	72.6251 44.6936,
	72.5005 44.678,
	72.3759 44.6313,
	72.3135 44.6001,
	72.1889 44.4755,
	72.1344 44.4132,
	72.0954 44.3509,
	72.0098 44.1016,
	71.9942 44.0393,
	71.9942 43.9147,
	71.9942 43.8835,
	"/>
</Transform>

<Transform dim="0"
 xcoef=" 0 1 0 0 0 0"
 ycoef=" 0 0 1 0 0 0">
<Contour name="TB2 NF_24" hidden="true" closed="true" simplified="true" border="1 0.501961 0.25098" fill="1 0.501961 0.25098" mode="-9"
 points="97.7215 14.4665,
	97.7438 14.3774,
	97.833 14.2882,
	97.8775 14.2436,
	97.9667 14.2436,
	98.0113 14.1768,
	98.1004 14.2213,
	98.145 14.2659,
	98.1673 14.4442,
	98.1004 14.6226,
	97.9444 14.734,
	97.7661 14.6226,
	97.7215 14.5334,
	97.7215 14.4888,
	"/>
</Transform>

<Transform dim="0"
 xcoef=" 0 1 0 0 0 0"
 ycoef=" 0 0 1 0 0 0">
<Contour name="TB2 NF_24_cw" hidden="false" closed="true" simplified="true" border="1 0.5 0" fill="1 0.682353 0.368627" mode="15"
 points="97.7266 14.5525,
	97.7304 14.4907,
	97.7343 14.4599,
	97.7613 14.3981,
	97.769 14.3364,
	97.7883 14.2746,
	97.8462 14.2167,
	97.8539 14.1859,
	97.8578 14.1704,
	97.9079 14.1087,
	97.9234 14.0932,
	97.9427 14.0701,
	97.9735 14.0431,
	97.989 14.0354,
	98.0199 14.0354,
	98.0353 14.0392,
	98.0662 14.0585,
	98.097 14.0701,
	98.1125 14.0778,
	98.1433 14.0778,
	98.1588 14.0778,
	98.1897 14.0971,
	98.2051 14.1125,
	98.2051 14.1434,
	98.2012 14.1511,
	98.2128 14.1627,
	98.2282 14.1666,
	98.2591 14.1897,
	98.2823 14.2206,
	98.2939 14.2515,
	98.2939 14.2823,
	98.2823 14.3132,
	98.2746 14.3287,
	98.2746 14.3364,
	98.2553 14.3672,
	98.2475 14.3827,
	98.1897 14.4406,
	98.1819 14.456,
	98.1819 14.4869,
	98.1742 14.5177,
	98.1742 14.5255,
	98.1511 14.5525,
	98.0932 14.6142,
	98.0623 14.6451,
	98.0006 14.6875,
	97.9388 14.7068,
	97.9079 14.7107,
	97.8925 14.7107,
	97.8848 14.7068,
	97.8809 14.7107,
	97.8655 14.703,
	97.8578 14.6991,
	97.8269 14.7068,
	97.796 14.6875,
	97.7652 14.6605,
	97.7497 14.649,
	97.7343 14.6181,
	97.7266 14.5872,
	97.7266 14.5563,
	"/>
</Transform>

<Transform dim="0"
 xcoef=" 0 1 0 0 0 0"
 ycoef=" 0 0 1 0 0 0">
<Contour name="TB2 NF_01_cw" hidden="false" closed="true" simplified="true" border="0.502 0 0.502" fill="0.91 0 0.91" mode="15"
 points="80.0861 31.6553,
	80.1517 31.5239,
	80.1682 31.4911,
	80.1682 31.4747,
	80.2092 31.409,
	80.2338 31.3434,
	80.2502 31.327,
	80.3405 31.0643,
	80.3898 30.9987,
	80.4226 30.9823,
	80.5457 30.8674,
	80.5621 30.8674,
	80.6278 30.8181,
	80.6934 30.7853,
	80.7591 30.7771,
	80.8165 30.8345,
	80.8494 30.9659,
	80.8329 31.2285,
	80.8247 31.2941,
	80.8001 31.3598,
	80.7098 31.4911,
	80.6934 31.5075,
	80.6852 31.5732,
	80.6688 31.606,
	80.6524 31.6224,
	80.5211 31.6471,
	80.4554 31.6717,
	80.4226 31.6881,
	80.3569 31.6963,
	80.2913 31.6717,
	80.2995 31.6635,
	80.2338 31.6553,
	80.1682 31.6799,
	80.1353 31.6963,
	80.1025 31.6881,
	80.0861 31.6717,
	80.0861 31.6635,
	"/>
</Transform>

<Transform dim="0"
 xcoef=" 0 1 0 0 0 0"
 ycoef=" 0 0 1 0 0 0">
<Contour name="TB2 NF_01_cw" hidden="false" closed="true" simplified="true" border="0.502 0 0.502" fill="0.91 0 0.91" mode="15"
 points="76.319 35.2664,
	76.3518 35.2008,
	76.4093 35.1351,
	76.4749 35.0859,
	76.5077 35.0613,
	76.5324 34.9956,
	76.5406 34.9299,
	76.5898 34.8807,
	76.6555 34.8233,
	76.6801 34.7904,
	76.7047 34.7248,
	76.8196 34.6099,
	76.9509 34.5114,
	77.0166 34.4539,
	77.1479 34.3965,
	77.2792 34.3554,
	77.312 34.3472,
	77.3449 34.3226,
	77.3777 34.3144,
	77.3941 34.3062,
	77.5254 34.3636,
	77.5911 34.3554,
	77.6568 34.3144,
	77.7224 34.2898,
	77.8537 34.2816,
	77.9194 34.2898,
	77.9358 34.2898,
	77.9522 34.3062,
	78.0835 34.339,
	78.1492 34.3801,
	78.1574 34.3883,
	78.1246 34.4539,
	78.0917 34.4868,
	78.0261 34.5196,
	77.8948 34.5606,
	77.8783 34.5606,
	77.8619 34.577,
	77.7963 34.6017,
	77.5419 34.8068,
	77.4352 34.9299,
	77.3695 34.9792,
	77.312 35.0448,
	77.2464 35.0777,
	77.1807 35.0777,
	77.1151 35.0531,
	76.9838 35.1105,
	76.8524 35.1515,
	76.7211 35.1597,
	76.6555 35.1844,
	76.5242 35.2664,
	76.4585 35.3075,
	76.3928 35.2993,
	76.3272 35.3157,
	76.319 35.2993,
	76.3272 35.2911,
	76.319 35.2746,
	"/>
</Transform>

<Transform dim="0"
 xcoef=" 0 1 0 0 0 0"
 ycoef=" 0 0 1 0 0 0">
<Contour name="TB2 NF_01_cw" hidden="false" closed="true" simplified="true" border="0.502 0 0.502" fill="0.91 0 0.91" mode="15"
 points="74.4559 37.6137,
	74.4888 37.4824,
	74.538 37.3511,
	74.5544 37.3182,
	74.5544 37.3018,
	74.6365 37.1705,
	74.6611 37.1377,
	74.7514 36.8751,
	74.776 36.8094,
	74.8499 36.6781,
	74.9402 36.555,
	75.0058 36.4893,
	75.0715 36.4483,
	75.1043 36.4319,
	75.1371 36.399,
	75.1946 36.2677,
	75.2192 36.2021,
	75.2274 36.1364,
	75.2028 36.0707,
	75.2028 36.0051,
	75.2274 35.9394,
	75.2684 35.8738,
	75.3259 35.7425,
	75.3998 35.6111,
	75.4408 35.4798,
	75.4572 35.447,
	75.4572 35.4306,
	75.49 35.406,
	75.5229 35.3978,
	75.6542 35.4142,
	75.7198 35.4306,
	75.8512 35.488,
	75.9168 35.5127,
	75.9825 35.5537,
	76.0399 35.6111,
	76.0563 35.6276,
	76.0728 35.6932,
	76.0728 35.7589,
	76.0728 35.7917,
	76.0399 35.8574,
	76.0317 35.8902,
	75.9414 36.0215,
	75.8347 36.1528,
	75.7034 36.2431,
	75.6378 36.2759,
	75.5311 36.3908,
	75.4408 36.5221,
	75.2849 36.7848,
	75.211 36.9161,
	75.1782 36.9818,
	75.1535 37.0146,
	75.0304 37.2772,
	74.9648 37.4085,
	74.932 37.4742,
	74.8827 37.5398,
	74.8499 37.6055,
	74.6775 37.8681,
	74.6119 37.9338,
	74.579 37.9666,
	74.5626 37.983,
	74.579 37.9912,
	74.5298 38.0487,
	74.5134 38.0569,
	74.4888 38.0241,
	74.4641 37.9584,
	74.4559 37.6958,
	74.4559 37.6301,
	74.4559 37.6219,
	"/>
</Transform>

<Transform dim="0"
 xcoef=" 0 1 0 0 0 0"
 ycoef=" 0 0 1 0 0 0">
<Contour name="TB2 NF_01_cw" hidden="false" closed="true" simplified="true" border="0.502 0 0.502" fill="0.91 0 0.91" mode="15"
 points="75.8616 35.1332,
	75.9484 34.8807,
	75.9957 34.7544,
	76.0115 34.6913,
	76.0825 34.565,
	76.1062 34.5019,
	76.1851 34.3756,
	76.2246 34.3283,
	76.2483 34.3125,
	76.3508 34.1941,
	76.414 34.1626,
	76.4377 34.1389,
	76.4613 34.0758,
	76.5166 34.0205,
	76.5323 33.8943,
	76.5876 33.768,
	76.5955 33.7364,
	76.5955 33.7206,
	76.6113 33.7049,
	76.8164 33.1998,
	76.8717 33.0735,
	76.9427 32.9552,
	76.9901 32.9078,
	77.0216 32.8762,
	77.0848 32.8447,
	77.1163 32.8368,
	77.1795 32.8447,
	77.211 32.8605,
	77.2742 32.9236,
	77.2978 32.9473,
	77.3215 33.0104,
	77.3215 33.0735,
	77.3373 33.1367,
	77.3373 33.2629,
	77.3373 33.3261,
	77.2899 33.4523,
	77.2663 33.5155,
	77.2505 33.5312,
	77.1479 33.7838,
	77.0611 34.0363,
	77.0295 34.1626,
	76.9822 34.2888,
	76.9033 34.4151,
	76.777 34.5177,
	76.6586 34.6361,
	76.556 34.7544,
	76.5087 34.8176,
	76.4929 34.8491,
	76.4613 34.8807,
	76.4455 34.9123,
	76.3193 35.0306,
	76.2167 35.1332,
	76.0904 35.2516,
	76.0589 35.2832,
	75.9957 35.3068,
	75.9326 35.2989,
	75.8695 35.2595,
	75.8616 35.1411,
	"/>
</Transform>

<Transform dim="0"
 xcoef=" 0 1 0 0 0 0"
 ycoef=" 0 0 1 0 0 0">
<Contour name="TB2 NF_09_cw" hidden="false" closed="true" simplified="true" border="0.768627 0 0.384314" fill="0.501961 0 0.25098" mode="15"
 points="69.9637 5.2817,
	70.0263 4.48068,
	70.0326 4.38056,
	70.0388 4.33049,
	70.0388 4.31798,
	70.0701 4.26791,
	70.1202 4.21785,
	70.189 4.11772,
	70.2454 4.0176,
	70.3455 3.93624,
	70.4143 3.83612,
	70.4581 3.79857,
	70.5082 3.77979,
	70.7084 3.76728,
	70.7585 3.77354,
	70.7835 3.76728,
	70.8086 3.74851,
	70.8586 3.74225,
	70.8837 3.74225,
	70.9337 3.77354,
	70.9838 3.81734,
	71.0088 3.83612,
	71.0339 3.84237,
	71.0589 3.83612,
	71.109 3.84863,
	71.1277 3.87366,
	71.134 3.92373,
	71.134 3.93624,
	71.1528 3.95502,
	71.2529 3.96127,
	71.353 3.93624,
	71.378 3.93624,
	71.4031 3.94876,
	71.4156 3.94876,
	71.4531 3.99256,
	71.4594 4.0176,
	71.4719 4.03011,
	71.4907 4.08018,
	71.4969 4.13024,
	71.4907 4.1803,
	71.4469 4.28043,
	71.3468 4.36804,
	71.2466 4.43688,
	71.1966 4.46191,
	71.0026 4.59958,
	70.9087 4.69971,
	70.8837 4.72474,
	70.7648 4.925,
	70.7335 4.97506,
	70.6834 5.02512,
	70.5833 5.09396,
	70.4832 5.15028,
	70.4331 5.1628,
	70.333 5.15654,
	70.3079 5.15654,
	70.2454 5.25667,
	70.2203 5.27544,
	70.1202 5.30673,
	70.0201 5.31925,
	69.97 5.33802,
	69.9637 5.28796,
	"/>
</Transform>

<Transform dim="0"
 xcoef=" 0 1 0 0 0 0"
 ycoef=" 0 0 1 0 0 0">
<Contour name="TB2 NF_10_cw" hidden="false" closed="true" simplified="true" border="0.807843 0 0.807843" fill="0.443137 0 0.443137" mode="15"
 points="71.821 4.01256,
	71.8319 3.99066,
	71.8757 3.96329,
	72.0509 3.92497,
	72.1385 3.91402,
	72.1604 3.91402,
	72.248 3.88118,
	72.2918 3.88118,
	72.3137 3.88118,
	72.3191 3.87571,
	72.3575 3.90308,
	72.3793 3.9195,
	72.3903 3.93045,
	72.4341 3.9414,
	72.456 3.94687,
	72.5436 3.93045,
	72.5874 3.91402,
	72.6312 3.90855,
	72.7187 3.87023,
	72.7625 3.84833,
	72.8501 3.82644,
	72.8939 3.81549,
	72.9158 3.80454,
	73.0034 3.81002,
	73.1786 3.84286,
	73.2662 3.87023,
	73.3537 3.90855,
	73.7041 4.10015,
	73.7917 4.13299,
	73.8026 4.14394,
	73.8902 4.17131,
	73.934 4.18773,
	74.0216 4.20416,
	74.1092 4.237,
	74.1311 4.24795,
	74.1694 4.29174,
	74.2077 4.37933,
	74.2406 4.42312,
	74.246 4.44502,
	74.3227 4.52713,
	74.35 4.57092,
	74.361 4.59282,
	74.361 4.63661,
	74.3665 4.65851,
	74.361 4.68041,
	74.3774 4.76799,
	74.3829 4.77894,
	74.3774 4.78989,
	74.3829 4.83368,
	74.3555 4.92127,
	74.3446 4.93222,
	74.3446 4.94317,
	74.3063 4.97601,
	74.2625 4.99791,
	74.1749 4.99791,
	74.1311 4.99243,
	73.9559 4.93222,
	73.8683 4.92127,
	73.7807 4.92127,
	73.7369 4.9158,
	73.6931 4.89937,
	73.6712 4.8939,
	73.6603 4.88295,
	73.5727 4.84463,
	73.5289 4.82821,
	73.507 4.81726,
	73.4961 4.81726,
	73.4742 4.80084,
	73.3866 4.76799,
	73.3428 4.7461,
	73.299 4.71325,
	73.2662 4.66946,
	73.2607 4.64756,
	73.2443 4.62567,
	73.2388 4.60377,
	73.2443 4.59282,
	73.2333 4.54903,
	73.2169 4.5326,
	73.1731 4.51618,
	73.0855 4.51071,
	73.0417 4.51071,
	72.9541 4.5326,
	72.9432 4.53808,
	72.768 4.47786,
	72.5928 4.40122,
	72.5709 4.39028,
	72.56 4.39028,
	72.5162 4.36291,
	72.4724 4.32459,
	72.4505 4.30816,
	72.4231 4.26985,
	72.4122 4.24795,
	72.4122 4.237,
	72.3684 4.19321,
	72.3465 4.18226,
	72.3027 4.19321,
	72.2589 4.2151,
	72.2151 4.20963,
	72.1932 4.20963,
	72.1494 4.17678,
	72.0618 4.16036,
	71.9743 4.16584,
	71.9305 4.17678,
	71.8867 4.17131,
	71.8648 4.16584,
	71.8429 4.14394,
	71.821 4.10015,
	71.821 4.01803,
	"/>
</Transform>

<Transform dim="0"
 xcoef=" 0 1 0 0 0 0"
 ycoef=" 0 0 1 0 0 0">
<Contour name="TB2 NF_10_cw" hidden="false" closed="true" simplified="true" border="0.808 0 0.808" fill="0.443 0 0.443" mode="15"
 points="80.7048 31.8142,
	80.7357 31.7317,
	80.746 31.7111,
	80.7408 31.6699,
	80.7254 31.6493,
	80.7202 31.6287,
	80.7305 31.5875,
	80.7666 31.5463,
	80.8078 31.536,
	80.8284 31.5412,
	80.8644 31.5102,
	80.916 31.4278,
	80.9469 31.3866,
	80.9675 31.366,
	80.9778 31.3454,
	81.019 31.3042,
	81.055 31.2836,
	81.0963 31.2887,
	81.1375 31.2836,
	81.1787 31.263,
	81.2199 31.263,
	81.2405 31.2784,
	81.2868 31.3557,
	81.2972 31.3969,
	81.3332 31.4793,
	81.3384 31.4896,
	81.3229 31.5721,
	81.3178 31.5927,
	81.3229 31.6133,
	81.359 31.6545,
	81.3796 31.6957,
	81.3899 31.7369,
	81.3796 31.8193,
	81.3693 31.8605,
	81.3487 31.9017,
	81.3384 31.9223,
	81.3023 31.9636,
	81.2611 31.9945,
	81.2199 32.0151,
	81.1993 32.0151,
	81.189 32.0099,
	81.1684 32.0254,
	81.1529 32.1078,
	81.1066 32.1902,
	81.0293 32.2675,
	80.9623 32.3447,
	80.9211 32.3808,
	80.8799 32.3911,
	80.8593 32.3963,
	80.8387 32.3911,
	80.8181 32.3757,
	80.7975 32.3344,
	80.7872 32.2932,
	80.746 32.2108,
	80.7305 32.1902,
	80.7202 32.149,
	80.7254 32.1078,
	80.7614 32.0254,
	80.7666 31.9842,
	80.7717 31.9636,
	80.7614 31.9223,
	80.746 31.9017,
	80.7099 31.876,
	80.7048 31.8348,
	80.7048 31.8193,
	"/>
</Transform>

<Transform dim="0"
 xcoef=" 0 1 0 0 0 0"
 ycoef=" 0 0 1 0 0 0">
<Contour name="TB2 NF_10_cw" hidden="false" closed="true" simplified="true" border="0.808 0 0.808" fill="0.443 0 0.443" mode="15"
 points="73.4134 40.0007,
	73.4306 39.9835,
	73.465 39.9749,
	73.4994 39.9405,
	73.4908 39.8029,
	73.5166 39.6653,
	73.5596 39.5277,
	73.6371 39.3901,
	73.8263 39.1148,
	73.9295 38.9772,
	74.0499 38.874,
	74.1101 38.8224,
	74.1101 38.8052,
	74.1445 38.7794,
	74.2133 38.7708,
	74.2477 38.7536,
	74.3165 38.616,
	74.3337 38.5988,
	74.3509 38.5988,
	74.4197 38.5386,
	74.5143 38.401,
	74.6691 38.1258,
	74.7551 37.9882,
	74.8927 37.713,
	74.9357 37.6442,
	74.9615 37.6098,
	75.0217 37.4722,
	75.1851 37.2141,
	75.3915 36.9389,
	75.5808 36.6723,
	75.6926 36.5347,
	75.856 36.2595,
	75.9506 36.1219,
	76.028 35.9843,
	76.1226 35.7091,
	76.243 35.4339,
	76.2774 35.3651,
	76.3376 35.3048,
	76.4752 35.2704,
	76.544 35.2188,
	76.5784 35.2016,
	76.5956 35.1844,
	76.7332 35.1414,
	76.802 35.1242,
	76.8708 35.1328,
	77.0084 35.0898,
	77.0772 35.064,
	77.1116 35.064,
	77.146 35.0812,
	77.2148 35.0726,
	77.2836 35.0468,
	77.3524 35.0554,
	77.3696 35.0898,
	77.3438 35.2274,
	77.2664 35.3651,
	77.1374 35.4941,
	77.103 35.5285,
	77.0858 35.5629,
	77.0772 35.6317,
	77.017 35.7693,
	76.9396 35.9069,
	76.931 35.9413,
	76.888 36.0101,
	76.8364 36.1477,
	76.6214 36.4229,
	76.458 36.6981,
	76.3204 36.9733,
	76.2602 37.1109,
	76.243 37.1797,
	76.2086 37.2485,
	76.0538 37.799,
	75.8216 38.3494,
	75.7442 38.487,
	75.6324 38.6246,
	75.3571 38.8568,
	75.2367 38.9514,
	74.9787 39.1664,
	74.8411 39.2783,
	74.7207 39.3987,
	74.6519 39.4589,
	74.4025 39.6481,
	74.3681 39.6825,
	74.3423 39.7427,
	74.3509 39.8115,
	74.3423 39.8803,
	74.2735 39.9491,
	73.9983 40.1297,
	73.9381 40.1813,
	73.8005 40.2243,
	73.6629 40.2071,
	73.5941 40.1813,
	73.5252 40.1727,
	73.4908 40.1641,
	73.4736 40.1641,
	73.4306 40.0953,
	73.4134 40.0609,
	73.4134 40.0265,
	73.4134 40.0093,
	"/>
</Transform>

<Transform dim="0"
 xcoef=" 0 1 0 0 0 0"
 ycoef=" 0 0 1 0 0 0">
<Contour name="TB2 NF_13_cw" hidden="false" closed="true" simplified="true" border="1 0.501961 0.752941" fill="0.607843 0 0.305882" mode="15"
 points="81.1982 38.851,
	81.2462 38.3389,
	81.2702 38.0829,
	81.2702 38.0189,
	81.3422 37.7629,
	81.3742 37.6349,
	81.4222 37.5069,
	81.4622 37.4429,
	81.5182 37.3789,
	81.6382 37.2828,
	81.6702 37.2588,
	81.6862 37.2588,
	81.7502 37.2108,
	81.7662 37.2188,
	81.7823 37.2108,
	81.8143 37.2188,
	81.8783 37.2108,
	82.0063 37.2748,
	82.0463 37.4029,
	82.0543 37.5309,
	82.0383 37.6589,
	82.0223 37.6909,
	82.0223 37.7229,
	81.9503 37.9789,
	81.9103 38.1069,
	81.8863 38.2349,
	81.8703 38.2989,
	81.8703 38.3309,
	81.8223 38.4589,
	81.7823 38.5229,
	81.7582 38.5549,
	81.7342 38.619,
	81.6462 38.747,
	81.5742 38.875,
	81.4862 39.003,
	81.4302 39.067,
	81.3742 39.107,
	81.3422 39.123,
	81.2782 39.115,
	81.2462 39.107,
	81.2142 39.083,
	81.1982 39.019,
	81.1982 38.891,
	81.1982 38.859,
	"/>
</Transform>

<Transform dim="0"
 xcoef=" 0 1 0 0 0 0"
 ycoef=" 0 0 1 0 0 0">
<Contour name="TB2 NF_13_cw" hidden="false" closed="true" simplified="true" border="1 0.501961 0.752941" fill="0.607843 0 0.305882" mode="15"
 points="78.166 42.3472,
	78.206 42.2912,
	78.262 42.2272,
	78.278 42.1952,
	78.27 42.1632,
	78.27 42.1472,
	78.238 42.1152,
	78.222 42.0992,
	78.246 42.0352,
	78.302 41.9792,
	78.366 41.9392,
	78.494 41.9312,
	78.558 41.9072,
	78.582 41.8912,
	78.614 41.8992,
	78.614 41.9312,
	78.526 42.0512,
	78.462 42.1072,
	78.414 42.1632,
	78.398 42.1792,
	78.39 42.2112,
	78.35 42.2752,
	78.318 42.2992,
	78.302 42.3232,
	78.238 42.3792,
	78.206 42.4032,
	78.174 42.3952,
	78.166 42.3632,
	78.166 42.3552,
	"/>
<Contour name="TB2 NF_13_cw" hidden="false" closed="true" simplified="true" border="1 0.501961 0.752941" fill="0.607843 0 0.305882" mode="15"
 points="78.942 41.4032,
	78.966 41.2752,
	78.974 41.1471,
	78.974 41.0831,
	78.99 41.0191,
	79.046 40.9631,
	79.07 40.9471,
	79.094 40.9151,
	79.11 40.7871,
	79.11 40.7551,
	79.134 40.7231,
	79.1981 40.7071,
	79.2621 40.7311,
	79.3261 40.7711,
	79.3581 40.7871,
	79.3901 40.8191,
	79.3981 40.8831,
	79.3821 40.9151,
	79.3581 40.9311,
	79.3421 40.9231,
	79.2781 40.9471,
	79.2461 40.9551,
	79.2221 40.9791,
	79.2221 41.0111,
	79.2301 41.0271,
	79.2941 41.0431,
	79.3581 41.0831,
	79.3821 41.1151,
	79.3901 41.1471,
	79.3821 41.1791,
	79.3341 41.2432,
	79.3181 41.3072,
	79.3421 41.3392,
	79.3421 41.3712,
	79.3181 41.4032,
	79.1901 41.3632,
	79.126 41.3712,
	79.062 41.4112,
	78.998 41.4672,
	78.966 41.4912,
	78.942 41.4672,
	78.942 41.4112,
	"/>
</Transform>

<Transform dim="0"
 xcoef=" 0 1 0 0 0 0"
 ycoef=" 0 0 1 0 0 0">
<Contour name="TB2 NF_15_cw" hidden="false" closed="true" simplified="true" border="1 0.282 0.282" fill="0.835 0 0" mode="15"
 points="62.9481 66.9489,
	63.1032 66.8248,
	63.1755 66.7421,
	63.2169 66.7111,
	63.2996 66.7215,
	63.3823 66.7525,
	63.465 66.7628,
	63.5477 66.7938,
	63.6304 66.8455,
	63.7958 66.8558,
	63.8165 66.8455,
	63.8992 66.8662,
	63.9819 66.9179,
	64.0129 67.0006,
	64.0026 67.0833,
	63.9302 67.2487,
	63.8888 67.2797,
	63.8682 67.3004,
	63.7855 67.3314,
	63.7441 67.3624,
	63.5787 67.4141,
	63.5477 67.4554,
	63.5063 67.4658,
	63.4236 67.4451,
	63.3409 67.4451,
	63.2582 67.4244,
	63.1755 67.3727,
	63.1342 67.3314,
	63.0618 67.166,
	63.0204 67.0833,
	62.9481 67.0006,
	62.9481 66.9592,
	"/>
</Transform>

<Transform dim="0"
 xcoef=" 0 1 0 0 0 0"
 ycoef=" 0 0 1 0 0 0">
<Contour name="TB2 NF_01_cw" hidden="false" closed="true" simplified="true" border="0.424 0 0" fill="0.749 0 0" mode="15"
 points="73.0759 55.7609,
	73.0814 55.6729,
	73.0869 55.629,
	73.1034 55.585,
	73.1089 55.563,
	73.1254 55.5465,
	73.1474 55.552,
	73.1859 55.5135,
	73.2353 55.4255,
	73.2738 55.3375,
	73.2793 55.3155,
	73.3068 55.2715,
	73.3288 55.2496,
	73.3398 55.2386,
	73.3838 55.2496,
	73.4278 55.277,
	73.4498 55.2935,
	73.4773 55.3375,
	73.4883 55.3815,
	73.4773 55.4695,
	73.4608 55.5135,
	73.4498 55.6015,
	73.4553 55.6894,
	73.4608 55.7334,
	73.4718 55.7554,
	73.4718 55.7664,
	73.4938 55.7884,
	73.5378 55.8104,
	73.6257 55.8269,
	73.6697 55.8434,
	73.8457 55.9479,
	73.8897 55.9809,
	73.9777 56.0193,
	74.0656 56.0853,
	74.1481 56.1678,
	74.2196 56.2558,
	74.2361 56.2998,
	74.2416 56.3878,
	74.2251 56.5637,
	74.1976 56.6077,
	74.1536 56.6187,
	74.1371 56.6352,
	74.0491 56.6462,
	74.0051 56.6517,
	73.9832 56.6517,
	73.9392 56.6737,
	73.9172 56.6957,
	73.8732 56.7836,
	73.8677 56.8056,
	73.8347 56.8496,
	73.8237 56.8606,
	73.8017 56.8606,
	73.7907 56.8661,
	73.6147 56.7836,
	73.5268 56.7287,
	73.4828 56.7067,
	73.3123 56.5472,
	73.2298 56.4647,
	73.2079 56.4207,
	73.1804 56.3328,
	73.1529 56.2888,
	73.1419 56.2668,
	73.1254 56.0908,
	73.1199 56.0029,
	73.1199 55.9589,
	73.0924 55.8709,
	73.0759 55.7829,
	73.0759 55.7664,
	"/>
</Transform>

<Transform dim="0"
 xcoef=" 0 1 0 0 0 0"
 ycoef=" 0 0 1 0 0 0">
<Contour name="TB2 NF_17_cw" hidden="false" closed="true" simplified="true" border="0.682 0 0" fill="1 0 0" mode="-15"
 points="63.0771 66.3901,
	63.0913 66.3616,
	63.1485 66.3044,
	63.2627 66.2402,
	63.2913 66.233,
	63.3055 66.2188,
	63.3627 66.2045,
	63.4769 66.2045,
	63.534 66.2116,
	63.6483 66.2473,
	63.7054 66.2687,
	63.7625 66.3044,
	63.8768 66.4187,
	63.9696 66.5258,
	63.9981 66.5829,
	64.0338 66.6972,
	64.041 66.7257,
	64.0338 66.7543,
	63.9839 66.7971,
	63.9267 66.8257,
	63.8125 66.8542,
	63.7554 66.8685,
	63.6411 66.8471,
	63.5269 66.7971,
	63.4126 66.7828,
	63.2984 66.7543,
	63.2413 66.7329,
	63.2127 66.7043,
	63.1984 66.69,
	63.1699 66.5758,
	63.1699 66.5472,
	63.1056 66.433,
	63.0771 66.4044,
	63.0771 66.3973,
	"/>
</Transform>

<Transform dim="0"
 xcoef=" 0 1 0 0 0 0"
 ycoef=" 0 0 1 0 0 0">
<Image mag="0.00855" contrast="1" brightness="0" red="true" green="true" blue="true"
 src="..\TF21_robdata\Rob's_latest_seg_files_TF21_TB2\Aligned 633559.tif" />
<Contour name="domain1" hidden="false" closed="true" simplified="false" border="1 0 1" fill="1 0 1" mode="11"
 points="0 0,
	15991 0,
	15991 12171,
	0 12171,
	"/>
</Transform>

<Transform dim="0"
 xcoef=" 0 1 0 0 0 0"
 ycoef=" 0 0 1 0 0 0">
<Contour name="TB2 Nucleus_72" hidden="false" closed="true" simplified="true" border="1 0 0" fill="1 0 0" mode="9"
 points="75.583 47.3625,
	75.7471 46.4874,
	75.9112 46.0499,
	76.294 45.6123,
	76.294 45.3936,
	76.294 45.2842,
	76.0753 45.0654,
	76.13 44.6279,
	76.13 44.4091,
	76.294 43.9716,
	76.4581 43.7528,
	76.6769 43.6435,
	76.8956 43.6435,
	77.3332 43.4794,
	78.0988 42.8778,
	78.3176 42.7137,
	78.427 42.6043,
	78.8645 42.4403,
	78.9739 42.2215,
	79.1927 42.0574,
	79.4114 42.0027,
	79.6302 42.1668,
	80.0677 43.0419,
	80.5052 44.792,
	80.6693 45.667,
	80.6146 46.5421,
	80.5599 46.7609,
	80.724 47.1984,
	80.7787 47.6359,
	80.6693 49.386,
	80.3959 50.2611,
	80.0677 50.6986,
	79.6849 51.0268,
	79.2473 51.4643,
	79.0833 51.683,
	78.6457 51.8471,
	77.7707 51.7924,
	77.5519 51.7377,
	76.7316 51.1361,
	76.3487 50.6986,
	76.13 50.2611,
	75.8565 49.386,
	75.6924 48.511,
	75.583 48.0734,
	75.583 47.6359,
	75.583 47.4171,
	"/>
</Transform>

<Transform dim="0"
 xcoef=" 0 1 0 0 0 0"
 ycoef=" 0 0 1 0 0 0">
<Contour name="TB2 Nucleus_73" hidden="false" closed="true" simplified="true" border="1 0 0" fill="1 0 0" mode="9"
 points="77.8884 24.5185,
	77.9663 24.3109,
	78.0182 24.2331,
	78.0182 24.1293,
	78.096 24.0515,
	78.1479 24.0774,
	78.2517 24.0255,
	78.2517 23.6104,
	78.2776 23.4029,
	78.3295 23.2991,
	78.5371 23.1953,
	78.6409 23.0915,
	78.8484 23.1175,
	79.056 23.1953,
	79.1857 23.4029,
	79.5749 23.818,
	79.7825 23.8439,
	79.8344 23.8439,
	80.016 23.6623,
	80.0679 23.4547,
	80.1716 23.2472,
	80.2754 23.1434,
	80.3792 23.1175,
	80.5868 23.1434,
	80.6906 23.1434,
	81.1057 23.325,
	81.3132 23.3769,
	81.4949 23.4807,
	81.8841 23.792,
	82.0397 23.9996,
	82.1695 24.4147,
	82.2473 24.6223,
	82.2732 24.7261,
	82.6105 25.1412,
	82.8181 25.3228,
	82.9219 25.4007,
	82.9738 25.5044,
	83.0257 25.9196,
	83.0257 26.1271,
	83.0257 26.179,
	82.8181 26.3347,
	82.7921 26.5423,
	82.8181 26.646,
	82.7403 26.8536,
	82.6884 26.8536,
	82.6365 26.7498,
	82.4289 26.7239,
	82.4808 26.9314,
	82.5067 27.0352,
	82.844 27.4244,
	82.87 27.4763,
	82.844 27.5801,
	82.7662 27.6839,
	82.5586 27.7098,
	82.3511 27.6839,
	81.9619 27.4504,
	81.8581 27.3985,
	81.7543 27.4244,
	81.5468 27.5801,
	81.4689 27.606,
	81.3651 27.5282,
	81.1576 27.5282,
	80.3273 27.3206,
	79.4971 26.7758,
	79.3933 26.6979,
	79.3414 26.646,
	79.2376 26.646,
	79.1338 26.5942,
	78.9782 26.4125,
	78.7706 26.2828,
	78.7187 26.2828,
	78.5371 26.0752,
	78.3036 25.6601,
	78.1479 25.4526,
	77.9663 25.0374,
	77.8884 24.6223,
	77.8884 24.5445,
	"/>
</Transform>

<Transform dim="0"
 xcoef=" 0 1 0 0 0 0"
 ycoef=" 0 0 1 0 0 0">
<Contour name="TB2 Nucleus_75" hidden="false" closed="true" simplified="true" border="1 0 0" fill="1 0 0" mode="9"
 points="72.0886 65.9765,
	72.3213 65.7593,
	72.3523 65.6972,
	72.4764 65.6042,
	72.6005 65.5576,
	72.8487 65.6352,
	72.9108 65.6817,
	72.9728 65.6507,
	73.0659 65.4025,
	73.0969 65.2784,
	73.1124 65.0302,
	73.1124 64.9061,
	73.1434 64.782,
	73.221 64.6579,
	73.4537 64.4252,
	73.5313 64.3011,
	73.5468 64.0529,
	73.6088 63.9288,
	73.6243 63.8667,
	73.7329 63.7426,
	73.9811 63.6806,
	74.1052 63.665,
	74.1673 63.665,
	74.2293 63.7116,
	74.3069 63.8357,
	74.4155 63.9598,
	74.5396 64.0063,
	74.5706 64.0063,
	74.7258 63.7581,
	74.8188 63.634,
	74.9274 63.5565,
	75.1756 63.4789,
	75.2997 63.4324,
	75.4238 63.3393,
	75.4859 63.3082,
	75.579 63.1841,
	75.5635 63.1221,
	75.5635 63.0911,
	75.5169 63.029,
	75.5169 62.998,
	75.4394 62.8739,
	75.3928 62.7498,
	75.3773 62.6257,
	75.3928 62.5016,
	75.4394 62.3775,
	75.4704 62.3154,
	75.6876 62.1138,
	75.8117 62.0052,
	75.8892 61.757,
	75.9047 61.6329,
	75.9203 61.5708,
	76.0444 61.4467,
	76.2926 61.2761,
	76.4167 61.183,
	76.6649 61.0744,
	76.789 61.0278,
	76.851 60.9968,
	77.0992 60.9813,
	77.3474 61.0123,
	77.4716 61.0589,
	77.5957 61.152,
	77.6267 61.183,
	77.7508 61.183,
	77.8749 61.152,
	77.9369 61.1364,
	77.968 61.1364,
	78.0455 61.2605,
	78.0921 61.3846,
	78.0921 61.5088,
	78.0455 61.757,
	77.999 61.8811,
	77.9835 62.0052,
	77.8904 62.2534,
	77.8594 62.3154,
	77.8594 62.3464,
	77.8283 62.3775,
	77.7818 62.5016,
	77.7818 62.5636,
	77.7508 62.6257,
	77.7198 62.8739,
	77.7042 62.9359,
	77.7508 63.06,
	77.7353 63.3082,
	77.6732 63.5565,
	77.5801 63.8047,
	77.5181 64.0529,
	77.5026 64.177,
	77.5026 64.239,
	77.4405 64.3631,
	77.3474 64.4872,
	77.1458 64.6424,
	77.0217 64.7199,
	76.9596 64.751,
	76.9131 64.813,
	76.8355 65.0612,
	76.789 65.1853,
	76.758 65.2474,
	76.6959 65.3094,
	76.5718 65.387,
	76.4632 65.4956,
	75.9668 65.7593,
	75.8427 65.8679,
	75.7496 65.992,
	75.6255 66.1006,
	75.5635 66.1471,
	75.3153 66.1781,
	75.1912 66.2402,
	75.067 66.2712,
	74.9429 66.3333,
	74.8499 66.4574,
	74.7878 66.5039,
	74.5396 66.566,
	74.4155 66.5815,
	74.2914 66.5505,
	74.2293 66.5194,
	74.1983 66.5194,
	74.1673 66.4884,
	73.9191 66.4574,
	73.8881 66.4574,
	73.8726 66.5194,
	73.8415 66.5505,
	73.826 66.6125,
	73.7174 66.6901,
	73.5933 66.7056,
	73.0969 66.628,
	72.9728 66.5815,
	72.9108 66.566,
	72.8797 66.5349,
	72.7556 66.4884,
	72.5074 66.3178,
	72.3368 66.0696,
	72.2902 65.9454,
	72.2747 65.8369,
	72.1506 65.9454,
	72.1041 65.992,
	"/>
</Transform>

<Transform dim="0"
 xcoef=" 0 1 0 0 0 0"
 ycoef=" 0 0 1 0 0 0">
<Contour name="TB2 Nucleus_76" hidden="false" closed="true" simplified="true" border="1 0 0" fill="1 0 0" mode="9"
 points="62.4172 37.1089,
	62.4543 36.9605,
	62.4914 36.8863,
	62.4914 36.8492,
	62.5842 36.7007,
	62.6399 36.6265,
	62.7141 36.3296,
	62.8254 36.0328,
	62.9924 35.439,
	63.0666 35.2906,
	63.0852 35.2164,
	63.0852 35.1793,
	63.3264 34.8824,
	63.6232 34.6041,
	63.6975 34.5484,
	63.7346 34.5113,
	63.883 34.4927,
	64.0314 34.6226,
	64.0685 34.6968,
	64.1057 34.6783,
	64.1242 34.7525,
	64.1057 34.9009,
	64.05 34.9752,
	63.9572 35.5689,
	63.9943 35.7173,
	63.9758 36.0142,
	63.9201 36.1626,
	63.9201 36.1998,
	63.8644 36.274,
	63.8459 36.3482,
	63.7902 36.4224,
	63.6975 36.7193,
	63.6789 36.7935,
	63.4563 37.0904,
	63.382 37.1646,
	63.215 37.4615,
	63.0852 37.6099,
	62.9367 37.6656,
	62.8625 37.7027,
	62.7883 37.7027,
	62.7512 37.7027,
	62.6027 37.5728,
	62.4358 37.2945,
	62.4172 37.146,
	62.4172 37.1275,
	"/>
</Transform>

<Transform dim="0"
 xcoef=" 0 1 0 0 0 0"
 ycoef=" 0 0 1 0 0 0">
<Contour name="TB2 Nucleus_92" hidden="false" closed="true" simplified="true" border="1 0 0" fill="1 0 1" mode="9"
 points="60.4427 45.9399,
	60.5079 45.5926,
	60.6381 45.2452,
	60.6815 45.0715,
	60.8335 44.7241,
	60.8769 44.6373,
	60.8769 44.5505,
	61.2894 43.8557,
	61.3329 43.8123,
	61.4197 43.7906,
	61.4631 43.834,
	61.7454 43.4866,
	61.8973 43.3129,
	62.2447 43.0741,
	62.3316 43.0307,
	62.4835 42.857,
	62.5487 42.7702,
	62.5921 42.7268,
	62.6355 42.5531,
	62.6572 41.8583,
	62.7441 41.511,
	62.8309 41.3373,
	62.8309 41.2938,
	62.9612 41.1202,
	63.2868 40.8813,
	63.6125 40.6859,
	63.7862 40.5774,
	64.1336 40.4688,
	64.3072 40.4037,
	64.3941 40.4037,
	64.4809 40.3603,
	64.6546 40.3386,
	64.8283 40.3603,
	65.002 40.4254,
	65.3494 40.4905,
	65.4145 40.5774,
	65.4579 40.7511,
	65.4579 41.4458,
	65.5013 41.7932,
	65.5882 41.9669,
	65.5882 42.0103,
	65.6316 42.0537,
	65.6316 42.0971,
	65.675 42.1406,
	65.675 42.184,
	65.7836 42.3577,
	65.9138 42.705,
	65.9573 42.8787,
	65.979 42.9656,
	65.8487 43.6603,
	65.8487 44.0077,
	65.7836 44.3551,
	65.5665 44.6807,
	65.4362 44.8544,
	65.1105 45.5492,
	64.698 46.2439,
	64.5026 46.5913,
	64.3507 46.9386,
	64.2855 47.1123,
	63.8947 47.8071,
	63.8079 47.9808,
	63.721 48.0676,
	63.4822 48.415,
	63.2 48.7406,
	62.8743 49.0446,
	62.6789 49.392,
	62.5487 49.7393,
	62.4835 49.913,
	62.4184 49.9999,
	62.4184 50.0433,
	62.2881 50.217,
	62.2447 50.2821,
	62.1579 50.3689,
	61.9842 50.4341,
	61.8105 50.4124,
	61.6368 50.3472,
	61.4631 50.2387,
	61.3763 50.217,
	61.2894 50.2387,
	61.1158 50.1518,
	60.8335 49.8479,
	60.6381 49.1531,
	60.5296 48.4584,
	60.4861 48.111,
	60.4427 46.7215,
	60.4427 46.0268,
	60.4427 45.9617,
	"/>
</Transform>

<Transform dim="0"
 xcoef=" 0 1 0 0 0 0"
 ycoef=" 0 0 1 0 0 0">
<Contour name="TB2 Nucleus_41" hidden="false" closed="true" simplified="true" border="1 0 0" fill="1 0 0" mode="9"
 points="63.4418 59.9254,
	63.8081 59.3394,
	63.8448 59.0463,
	63.6982 58.7533,
	63.7349 58.4603,
	64.1012 57.8742,
	64.1744 57.7277,
	64.4675 57.5445,
	64.7605 57.4713,
	65.0535 57.5079,
	65.2 57.5445,
	65.4931 57.3248,
	65.6396 57.2149,
	65.9326 57.1782,
	66.2257 57.2515,
	66.7751 57.8009,
	66.9216 57.8742,
	67.5077 57.9474,
	67.8007 57.8742,
	67.9472 57.8009,
	68.0937 57.8009,
	68.3868 57.9474,
	68.9728 58.094,
	69.2659 58.2405,
	69.4124 58.387,
	69.7054 58.387,
	69.9985 58.4603,
	70.1816 58.7167,
	70.2549 58.8632,
	70.8043 59.1196,
	70.9508 59.2661,
	71.0241 59.4126,
	71.3171 59.5225,
	71.427 59.669,
	71.4636 59.8155,
	71.5369 59.8888,
	71.7933 61.0609,
	71.8299 61.354,
	71.7933 61.647,
	71.4636 62.2331,
	71.3537 62.8191,
	71.1706 63.4052,
	71.0607 63.5517,
	70.9875 63.625,
	70.9142 63.625,
	70.3648 64.1012,
	70.0351 64.6872,
	69.8886 64.7239,
	69.7421 64.6872,
	69.6688 64.6872,
	69.5955 64.614,
	69.5955 64.6872,
	69.449 64.7605,
	69.156 64.7239,
	69.0827 64.7605,
	68.7897 64.5773,
	68.2036 64.614,
	67.9106 64.7239,
	67.7641 64.7239,
	67.4711 64.5407,
	66.2989 64.3209,
	65.7128 64.0645,
	65.4931 63.7715,
	65.3832 63.6616,
	65.0902 63.5884,
	65.0169 63.5884,
	64.7239 63.3319,
	64.3209 62.7459,
	64.2477 62.5994,
	64.1012 62.4528,
	63.5517 61.2807,
	63.4418 60.6946,
	63.4418 60.1086,
	63.4418 59.9621,
	"/>
</Transform>

<Transform dim="0"
 xcoef=" 0 1 0 0 0 0"
 ycoef=" 0 0 1 0 0 0">
<Contour name="TB2 Nucleus_53" hidden="false" closed="true" simplified="true" border="1 0 0" fill="1 0 0" mode="9"
 points="64.8613 49.2104,
	64.9964 48.9017,
	65.4209 48.2841,
	65.6332 47.9753,
	65.7683 47.8403,
	65.8069 47.8017,
	65.942 47.5122,
	66.0771 47.3578,
	66.1736 47.2034,
	66.2122 47.1262,
	66.2122 47.0876,
	66.3086 46.9332,
	66.5595 46.6245,
	66.7139 46.4701,
	67.0227 46.2964,
	67.3314 46.1999,
	67.6402 46.2964,
	67.7946 46.3543,
	67.8718 46.3736,
	68.0069 46.4701,
	68.0841 46.5473,
	68.2578 46.856,
	68.6051 48.0911,
	68.663 48.2455,
	68.6823 48.3999,
	68.7016 48.4771,
	68.663 48.6315,
	68.6244 48.7087,
	68.335 48.9017,
	68.1806 48.9403,
	68.1034 48.9982,
	68.0648 49.0367,
	68.0841 49.3455,
	68.1034 49.4999,
	68.0841 49.8087,
	68.0262 50.1174,
	67.9104 50.2718,
	67.8718 50.4262,
	67.7753 50.5806,
	67.7367 50.6192,
	67.4279 50.735,
	67.2736 50.7929,
	67.1192 50.8894,
	67.0034 51.0245,
	66.9455 51.1595,
	66.9648 51.3139,
	67.0999 51.6227,
	67.1771 51.7771,
	67.235 51.8543,
	67.2543 51.9315,
	67.37 52.0859,
	67.37 52.2402,
	67.3314 52.3946,
	67.2543 52.549,
	67.1964 52.6262,
	67.1192 52.6648,
	67.0806 52.6841,
	66.7911 52.4525,
	66.4823 52.3174,
	66.3279 52.2402,
	66.1736 52.2788,
	66.0964 52.3174,
	65.7876 52.2595,
	65.6332 52.1631,
	65.4981 52.028,
	65.4402 51.7192,
	65.17 51.1017,
	65.1315 50.9473,
	65.0929 50.8701,
	64.8613 49.635,
	64.8613 49.3262,
	64.8613 49.249,
	64.8613 49.2297,
	"/>
</Transform>

<Transform dim="0"
 xcoef=" 0 1 0 0 0 0"
 ycoef=" 0 0 1 0 0 0">
<Contour name="TB2 Nucleus_44" hidden="false" closed="true" simplified="true" border="1 0 0" fill="1 0 1" mode="9"
 points="81.3018 43.2127,
	81.3555 43.0409,
	81.4307 42.869,
	81.4415 42.826,
	81.4952 42.7401,
	81.5381 42.6972,
	81.5596 42.6972,
	81.6455 42.6112,
	81.7207 42.5468,
	81.7959 42.4608,
	81.8282 42.4179,
	81.8496 42.3319,
	81.8926 42.246,
	81.9141 42.203,
	82 42.1493,
	82.0859 42.1386,
	82.1719 42.1923,
	82.2148 42.2245,
	82.2363 42.2675,
	82.29 42.1923,
	82.3008 42.1816,
	82.3115 42.203,
	82.29 42.246,
	82.3008 42.3319,
	82.3974 42.5038,
	82.4189 42.5468,
	82.4189 42.5683,
	82.5156 42.7401,
	82.6123 43.0838,
	82.666 43.2557,
	82.7304 43.5994,
	82.7627 43.9432,
	82.7412 44.115,
	82.6552 44.4587,
	82.6123 44.6306,
	82.5156 44.8025,
	82.3867 44.9636,
	82.2148 45.1247,
	82.1826 45.1677,
	82.0967 45.1999,
	82.0537 45.1999,
	81.9678 45.1462,
	81.9356 45.1032,
	81.9141 45.0817,
	81.8819 44.9099,
	81.8496 44.8669,
	81.6885 44.7702,
	81.6563 44.7488,
	81.5918 44.6736,
	81.4307 44.5125,
	81.4092 44.4265,
	81.4092 44.3406,
	81.4522 44.1687,
	81.5274 44.0828,
	81.6026 44.0291,
	81.6885 43.9969,
	81.7315 43.9861,
	81.7637 43.9539,
	81.6993 43.782,
	81.6778 43.7606,
	81.6778 43.7391,
	81.6455 43.6961,
	81.4844 43.5887,
	81.4415 43.5672,
	81.3985 43.5242,
	81.3448 43.4383,
	81.3126 43.3524,
	81.3018 43.2664,
	81.3018 43.2235,
	"/>
<Contour name="TB2 Nucleus_44" hidden="false" closed="true" simplified="true" border="1 0 0" fill="1 0 1" mode="9"
 points="81.6993 46.2526,
	81.7422 46.1666,
	81.7637 46.0807,
	81.8067 45.9948,
	81.8604 45.8229,
	81.8604 45.8014,
	82 45.6296,
	82.0215 45.6081,
	82.0215 45.5866,
	82.0967 45.5007,
	82.1504 45.4147,
	82.3008 45.2429,
	82.4189 45.071,
	82.5586 44.9206,
	82.6338 44.8454,
	82.6875 44.7595,
	82.7089 44.6736,
	82.7197 44.3298,
	82.7412 44.158,
	82.8164 43.8143,
	82.8271 43.6424,
	82.7519 42.9549,
	82.7412 42.7831,
	82.6875 42.4394,
	82.6982 42.2675,
	82.6767 42.0956,
	82.6875 42.0527,
	82.7197 42.0097,
	82.7627 41.9882,
	82.8056 41.999,
	82.8808 42.0849,
	82.913 42.1279,
	82.9238 42.1493,
	83.0097 42.1601,
	83.0527 42.5038,
	83.0956 42.6757,
	83.1708 42.8475,
	83.2245 42.9227,
	83.3964 43.0624,
	83.4716 43.1375,
	83.5253 43.2235,
	83.5575 43.2664,
	83.5683 43.3094,
	83.6864 43.4813,
	83.7186 43.5242,
	83.7509 43.6102,
	83.8583 43.7713,
	83.912 43.8572,
	83.9335 43.9002,
	83.955 43.9217,
	83.9442 44.0935,
	83.8905 44.2654,
	83.9012 44.4373,
	83.9657 44.6091,
	83.9979 44.6951,
	84.0194 44.738,
	84.0516 45.0817,
	84.0624 45.2536,
	84.0516 45.4255,
	84.0624 45.5114,
	84.0301 45.6833,
	83.9979 45.7692,
	83.9227 46.1129,
	83.9012 46.1989,
	83.8583 46.2848,
	83.8368 46.3278,
	83.8368 46.3707,
	83.7401 46.5426,
	83.7401 46.5641,
	83.6757 46.65,
	83.6112 46.7144,
	83.5683 46.7359,
	83.536 46.8219,
	83.4823 46.9078,
	83.4394 46.9508,
	83.4179 46.983,
	83.2568 47.0797,
	83.2138 47.0904,
	83.1708 47.1226,
	83.1279 47.1334,
	83.0849 47.1656,
	82.913 47.1763,
	82.7412 47.1656,
	82.6552 47.1334,
	82.5693 47.1226,
	82.4834 47.0904,
	82.3974 47.0797,
	82.2256 47.0259,
	82.1397 46.983,
	82.1182 46.9615,
	82.0752 46.9508,
	81.9033 46.8219,
	81.7959 46.6607,
	81.7315 46.4889,
	81.6993 46.317,
	81.6993 46.274,
	81.6993 46.2633,
	"/>
</Transform>

<Transform dim="0"
 xcoef=" 0 1 0 0 0 0"
 ycoef=" 0 0 1 0 0 0">
<Contour name="TB2 Nucleus_44" hidden="false" closed="true" simplified="true" border="1 0 0" fill="1 0 1" mode="9"
 points="82.0357 39.4861,
	82.0546 39.4104,
	82.1303 39.3537,
	82.2059 39.3348,
	82.2816 39.3537,
	82.4139 39.4861,
	82.4896 39.5617,
	82.5463 39.713,
	82.5652 39.7886,
	82.5463 39.8643,
	82.4518 40.0156,
	82.395 40.0912,
	82.3572 40.1101,
	82.395 40.148,
	82.3572 40.1669,
	82.2248 40.0723,
	82.1114 39.9399,
	82.0546 39.7886,
	82.0357 39.505,
	"/>
</Transform>

<Transform dim="0"
 xcoef=" 0 1 0 0 0 0"
 ycoef=" 0 0 1 0 0 0">
<Contour name="TB2 Nucleus_93" hidden="false" closed="true" simplified="true" border="1 0 0" fill="1 0 1" mode="9"
 points="69.4909 34.4961,
	69.5484 34.3427,
	69.6826 33.7291,
	69.7785 33.4223,
	69.8744 33.2689,
	69.9319 33.1922,
	69.9319 33.1539,
	70.1812 32.8663,
	70.3154 32.7129,
	70.488 32.4061,
	70.5647 32.2527,
	70.603 32.176,
	70.6414 32.1376,
	70.8906 31.524,
	70.9482 31.3706,
	70.9865 31.2939,
	70.9865 31.2555,
	71.044 31.1788,
	71.044 31.1405,
	71.1399 30.9871,
	71.696 30.4118,
	71.8494 30.2776,
	72.1179 30.0859,
	72.2713 29.9516,
	72.5014 29.664,
	72.6548 29.5106,
	72.6548 29.4723,
	72.9424 29.1846,
	73.2492 29.0504,
	73.4026 28.9545,
	73.4601 28.8778,
	73.4985 28.8395,
	73.4985 28.8011,
	73.6135 28.6477,
	73.6135 28.6094,
	73.6902 28.5327,
	73.7286 28.456,
	73.8053 28.3793,
	73.8436 28.3217,
	73.997 28.2067,
	74.1504 28.1492,
	74.4572 28.2067,
	75.0708 28.2259,
	75.2242 28.2642,
	75.3009 28.2834,
	75.3776 28.3409,
	75.531 28.3793,
	75.6844 28.3793,
	75.8378 28.3217,
	75.9145 28.2834,
	75.9529 28.245,
	76.1063 28.2259,
	76.2597 28.245,
	76.3364 28.2834,
	76.509 28.5902,
	76.5665 28.7436,
	76.5665 28.7819,
	76.624 28.8586,
	76.6815 29.1654,
	76.6432 29.7791,
	76.6048 30.0859,
	76.6048 30.3927,
	76.5281 31.0063,
	76.5281 31.3131,
	76.4706 31.6199,
	76.4131 31.7733,
	76.3939 31.85,
	76.298 32.0034,
	76.2597 32.0417,
	76.2022 32.1951,
	76.1446 32.2718,
	76.1446 32.3102,
	76.0104 32.4636,
	75.9145 32.617,
	75.7803 32.7704,
	75.7036 32.8471,
	75.09 33.0388,
	75.0133 33.0772,
	74.975 33.0772,
	74.9366 33.1155,
	74.8983 33.1155,
	74.8599 33.1539,
	74.2463 33.3456,
	74.0929 33.4032,
	73.9587 33.5566,
	73.8628 33.71,
	73.8053 33.7867,
	73.7669 33.825,
	73.6327 34.1318,
	73.556 34.2852,
	73.3259 34.5537,
	72.7315 35.1098,
	72.4247 35.3207,
	72.2329 35.5891,
	71.9645 35.8576,
	71.9261 35.9343,
	71.8878 35.9726,
	71.8686 36.0493,
	71.8302 36.0877,
	71.8302 36.126,
	71.7727 36.2027,
	71.6385 36.2986,
	71.0249 36.3945,
	70.8715 36.3753,
	70.5838 36.1644,
	70.0278 35.57,
	69.8552 35.2632,
	69.7401 35.1098,
	69.5867 34.803,
	69.51 34.6496,
	69.4909 34.5153,
	"/>
</Transform>

<Transform dim="0"
 xcoef=" 0 1 0 0 0 0"
 ycoef=" 0 0 1 0 0 0">
<Contour name="TB2_T2C-02_AM_36" hidden="false" closed="true" simplified="true" border="1 0.5 0" fill="1 0.5 0" mode="13"
 points="71.9942 43.8757,
	72.0487 43.6265,
	72.0643 43.5642,
	72.0954 43.5018,
	72.15 43.4473,
	72.1811 43.424,
	72.2434 43.4084,
	72.3058 43.4162,
	72.555 43.533,
	72.6796 43.6109,
	72.8043 43.7044,
	72.9211 43.829,
	73.0068 43.9536,
	73.0691 44.0782,
	73.0924 44.1405,
	73.108 44.2652,
	73.0847 44.3898,
	73.0769 44.421,
	72.9834 44.5456,
	72.9211 44.5923,
	72.8588 44.6235,
	72.8276 44.6313,
	72.812 44.6235,
	72.7497 44.6624,
	72.6874 44.6858,
	72.6251 44.6936,
	72.5005 44.678,
	72.3759 44.6313,
	72.3135 44.6001,
	72.1889 44.4755,
	72.1344 44.4132,
	72.0954 44.3509,
	72.0098 44.1016,
	71.9942 44.0393,
	71.9942 43.9147,
	71.9942 43.8835,
	"/>
</Transform>

<Transform dim="0"
 xcoef=" 0 1 0 0 0 0"
 ycoef=" 0 0 1 0 0 0">
<Contour name="TB2 NF_24" hidden="true" closed="true" simplified="true" border="1 0.501961 0.25098" fill="1 0.501961 0.25098" mode="-9"
 points="97.7215 14.4665,
	97.7438 14.3774,
	97.833 14.2882,
	97.8775 14.2436,
	97.9667 14.2436,
	98.0113 14.1768,
	98.1004 14.2213,
	98.145 14.2659,
	98.1673 14.4442,
	98.1004 14.6226,
	97.9444 14.734,
	97.7661 14.6226,
	97.7215 14.5334,
	97.7215 14.4888,
	"/>
</Transform>

<Transform dim="0"
 xcoef=" 0 1 0 0 0 0"
 ycoef=" 0 0 1 0 0 0">
<Contour name="TB2 NF_24_cw" hidden="false" closed="true" simplified="true" border="1 0.5 0" fill="1 0.682353 0.368627" mode="15"
 points="97.7266 14.5525,
	97.7304 14.4907,
	97.7343 14.4599,
	97.7613 14.3981,
	97.769 14.3364,
	97.7883 14.2746,
	97.8462 14.2167,
	97.8539 14.1859,
	97.8578 14.1704,
	97.9079 14.1087,
	97.9234 14.0932,
	97.9427 14.0701,
	97.9735 14.0431,
	97.989 14.0354,
	98.0199 14.0354,
	98.0353 14.0392,
	98.0662 14.0585,
	98.097 14.0701,
	98.1125 14.0778,
	98.1433 14.0778,
	98.1588 14.0778,
	98.1897 14.0971,
	98.2051 14.1125,
	98.2051 14.1434,
	98.2012 14.1511,
	98.2128 14.1627,
	98.2282 14.1666,
	98.2591 14.1897,
	98.2823 14.2206,
	98.2939 14.2515,
	98.2939 14.2823,
	98.2823 14.3132,
	98.2746 14.3287,
	98.2746 14.3364,
	98.2553 14.3672,
	98.2475 14.3827,
	98.1897 14.4406,
	98.1819 14.456,
	98.1819 14.4869,
	98.1742 14.5177,
	98.1742 14.5255,
	98.1511 14.5525,
	98.0932 14.6142,
	98.0623 14.6451,
	98.0006 14.6875,
	97.9388 14.7068,
	97.9079 14.7107,
	97.8925 14.7107,
	97.8848 14.7068,
	97.8809 14.7107,
	97.8655 14.703,
	97.8578 14.6991,
	97.8269 14.7068,
	97.796 14.6875,
	97.7652 14.6605,
	97.7497 14.649,
	97.7343 14.6181,
	97.7266 14.5872,
	97.7266 14.5563,
	"/>
</Transform>

<Transform dim="0"
 xcoef=" 0 1 0 0 0 0"
 ycoef=" 0 0 1 0 0 0">
<Contour name="TB2 NF_02_rsl" hidden="false" closed="true" simplified="true" border="0.502 1 1" fill="0.502 1 1" mode="-9"
 points="75.8417 35.1021,
	75.9238 34.8631,
	75.9537 34.8034,
	75.9612 34.7735,
	76.118 34.5346,
	76.1777 34.4226,
	76.2076 34.3629,
	76.3047 34.2434,
	76.4167 34.1463,
	76.4913 34.0343,
	76.4988 34.0119,
	76.5212 33.982,
	76.5959 33.7431,
	76.6257 33.6236,
	76.6257 33.6087,
	76.6407 33.5938,
	76.6407 33.5788,
	76.6556 33.5639,
	76.6631 33.534,
	76.6855 33.5042,
	76.7079 33.4444,
	76.7527 33.3847,
	76.7601 33.3548,
	76.8348 33.2353,
	76.8871 33.1159,
	76.9543 32.9964,
	76.9842 32.9665,
	77.1036 32.9292,
	77.1634 32.9292,
	77.2231 32.9516,
	77.2754 33.0039,
	77.2903 33.0188,
	77.3127 33.2578,
	77.3127 33.3772,
	77.3127 33.437,
	77.2978 33.4967,
	77.2306 33.6162,
	77.2007 33.6759,
	77.1634 33.7954,
	77.1634 33.8103,
	77.1111 33.8476,
	76.9543 34.3255,
	76.9244 34.3853,
	76.8124 34.4973,
	76.6929 34.5943,
	76.6332 34.6466,
	76.4615 34.8781,
	76.3569 34.9975,
	76.2673 35.117,
	76.1628 35.229,
	76.1031 35.2589,
	76.0732 35.2664,
	75.9537 35.244,
	75.894 35.229,
	75.879 35.229,
	75.8566 35.1992,
	75.8417 35.1394,
	75.8417 35.1096,
	"/>
</Transform>

<Transform dim="0"
 xcoef=" 0 1 0 0 0 0"
 ycoef=" 0 0 1 0 0 0">
<Contour name="TB2 NF_33-rsl" hidden="false" closed="true" simplified="true" border="0 1 0.501961" fill="0 1 0.501961" mode="-9"
 points="70.7405 54.9831,
	70.8132 54.4018,
	70.8404 54.1112,
	70.8586 53.9659,
	70.9494 53.6752,
	71.0221 53.5299,
	71.1129 53.3846,
	71.1492 53.312,
	71.1765 53.2756,
	71.1855 53.2393,
	71.231 53.1666,
	71.2945 53.0213,
	71.3763 52.876,
	71.3944 52.8397,
	71.4126 52.8215,
	71.4217 52.7852,
	71.5307 52.6399,
	71.5852 52.5763,
	71.6578 52.5037,
	71.7214 52.4492,
	71.7395 52.431,
	71.7577 52.431,
	71.794 52.3947,
	71.9394 52.3493,
	72.23 52.3038,
	72.3753 52.2766,
	72.4116 52.2584,
	72.4843 52.2675,
	72.6296 52.3311,
	72.7749 52.431,
	72.9021 52.5491,
	72.9929 52.6944,
	73.002 52.7307,
	73.0837 52.876,
	73.1473 53.0213,
	73.2472 53.312,
	73.2835 53.4573,
	73.2926 53.5299,
	73.3108 53.5663,
	73.3471 53.8569,
	73.4288 54.1475,
	73.4742 54.4381,
	73.4924 54.5108,
	73.4924 54.8014,
	73.4288 55.0921,
	73.4107 55.1284,
	73.4107 55.1465,
	73.3652 55.2192,
	73.338 55.2555,
	73.338 55.2737,
	73.2472 55.419,
	73.2109 55.4917,
	73.1836 55.528,
	73.0837 55.8186,
	73.0837 55.9639,
	73.0565 56.1092,
	72.9929 56.2546,
	72.9566 56.3272,
	72.8385 56.4725,
	72.7749 56.527,
	72.7386 56.5543,
	72.7204 56.5724,
	72.6478 56.5997,
	72.5751 56.6088,
	72.2845 56.5452,
	72.2118 56.527,
	72.1392 56.4907,
	71.9938 56.4453,
	71.9212 56.418,
	71.8849 56.3999,
	71.8667 56.3999,
	71.8485 56.3817,
	71.8304 56.3817,
	71.5397 56.2091,
	71.4126 56.1092,
	71.1401 55.864,
	71.0039 55.7369,
	70.8858 55.6006,
	70.8041 55.4553,
	70.7587 55.31,
	70.7405 55.1647,
	70.7405 55.0194,
	70.7405 54.9921,
	"/>
</Transform>

<Transform dim="0"
 xcoef=" 0 1 0 0 0 0"
 ycoef=" 0 0 1 0 0 0">
<Contour name="TB2_T2C-02_AM_09" hidden="false" closed="true" simplified="true" border="1 0.501961 0" fill="1 0.501961 0" mode="9"
 points="72.9517 52.4678,
	72.9727 52.4573,
	72.9936 52.4573,
	73.0356 52.473,
	73.0775 52.5045,
	73.1089 52.5359,
	73.1509 52.5778,
	73.2085 52.6617,
	73.2557 52.7403,
	73.3238 52.9081,
	73.3291 52.929,
	73.3448 52.95,
	73.371 53.0339,
	73.3815 53.0758,
	73.392 53.0968,
	73.392 53.1072,
	73.4025 53.1177,
	73.4601 53.2854,
	73.4601 53.3064,
	73.5125 53.4741,
	73.5178 53.5161,
	73.5335 53.558,
	73.5387 53.579,
	73.5545 53.5999,
	73.5492 53.6104,
	73.5754 53.6943,
	73.6016 53.862,
	73.6016 54.1975,
	73.5964 54.2813,
	73.5964 54.3233,
	73.5807 54.3442,
	73.5387 54.3547,
	73.5178 54.36,
	73.5073 54.36,
	73.4654 54.318,
	73.4339 54.2342,
	73.4182 54.1503,
	73.4129 54.0664,
	73.3972 53.9826,
	73.392 53.8987,
	73.3553 53.731,
	73.2662 53.3955,
	73.2557 53.2278,
	73.2347 53.1439,
	73.2295 53.102,
	73.1614 52.9343,
	73.1351 52.8504,
	73.046 52.6827,
	73.0356 52.6617,
	73.0356 52.6512,
	72.9884 52.5674,
	72.9779 52.5464,
	72.9779 52.5359,
	72.9674 52.5254,
	72.9569 52.4835,
	72.9517 52.473,
	"/>
</Transform>

<Transform dim="0"
 xcoef=" 0 1 0 0 0 0"
 ycoef=" 0 0 1 0 0 0">
<Contour name="TB2_T2C-02_AM_09" hidden="false" closed="true" simplified="true" border="1 0.501961 0" fill="1 0.501961 0" mode="9"
 points="72.5533 51.8231,
	72.5691 51.8021,
	72.59 51.7969,
	72.6267 51.8283,
	72.6477 51.8493,
	72.611 51.8755,
	72.59 51.8702,
	72.5533 51.8283,
	"/>
</Transform>

<Transform dim="0"
 xcoef=" 0 1 0 0 0 0"
 ycoef=" 0 0 1 0 0 0">
<Contour name="TB2 NF_09_rsl" hidden="false" closed="true" simplified="true" border="1 0.501961 1" fill="1 0.501961 1" mode="-9"
 points="73.5492 55.2978,
	73.6216 55.1045,
	73.8391 54.718,
	74.2135 53.9449,
	74.2497 53.8966,
	74.2618 53.8483,
	74.3826 53.655,
	74.4068 53.6309,
	74.4068 53.6067,
	74.5396 53.4134,
	74.9141 53.0752,
	74.9624 53.0269,
	75.047 52.9786,
	75.1436 52.894,
	75.3369 52.8095,
	75.4335 52.7853,
	75.5301 52.7974,
	75.5784 52.8457,
	75.5784 52.8699,
	75.6509 52.9544,
	75.6872 53.0027,
	75.7475 53.196,
	75.7475 53.5825,
	75.7355 53.7758,
	75.7475 54.1623,
	75.7355 54.3556,
	75.6992 54.5489,
	75.6872 54.6455,
	75.5664 55.032,
	75.506 55.2253,
	75.3973 55.4186,
	75.361 55.5152,
	75.3369 55.5393,
	75.2644 55.7326,
	75.2644 55.7568,
	75.2402 55.7809,
	75.1678 55.9742,
	75.1678 56.1675,
	75.1678 56.2158,
	75.1678 56.2399,
	75.2161 56.2882,
	75.2281 56.3849,
	75.2161 56.4332,
	75.1194 56.4453,
	75.0711 56.4453,
	75.047 56.4332,
	74.9624 56.5177,
	74.8658 56.5781,
	74.6725 56.6023,
	74.5759 56.5902,
	74.4793 56.554,
	74.4309 56.554,
	74.3464 56.4694,
	74.2981 56.3728,
	74.2739 56.3486,
	74.2497 56.252,
	74.2256 56.2278,
	74.2256 56.2037,
	74.2014 56.1795,
	74.2014 56.1554,
	74.0202 55.9742,
	73.9236 55.9017,
	73.827 55.8534,
	73.7304 55.7688,
	73.6579 55.6722,
	73.6337 55.6601,
	73.5975 55.5635,
	73.5733 55.5152,
	73.5492 55.3219,
	73.5492 55.3098,
	"/>
</Transform>

<Transform dim="0"
 xcoef=" 0 1 0 0 0 0"
 ycoef=" 0 0 1 0 0 0">
<Contour name="TB2_T2C-02_AM_07" hidden="false" closed="true" simplified="true" border="1 0.502 0" fill="1 0.502 0" mode="9"
 points="73.6324 44.8922,
	73.6399 44.8622,
	73.6925 44.8021,
	73.7225 44.7796,
	73.7825 44.7646,
	73.8125 44.7646,
	73.865 44.8171,
	73.8875 44.9372,
	73.8875 44.9672,
	73.8575 45.0272,
	73.835 45.0572,
	73.82 45.0722,
	73.7 45.0497,
	73.67 45.0422,
	73.6475 45.0197,
	73.6324 44.9597,
	73.6324 44.8997,
	"/>
</Transform>

<Transform dim="0"
 xcoef=" 0 1 0 0 0 0"
 ycoef=" 0 0 1 0 0 0">
<Image mag="0.00855" contrast="1" brightness="0" red="true" green="true" blue="true"
 src="Aligned 633559.tif" />
<Contour name="a1" hidden="false" closed="true" simplified="false" border="1 0.5 0" fill="1 0.5 0" mode="11"
 points="0 0,
	15991 0,
	15991 12171,
	0 12171,
	"/>
</Transform>

<Transform dim="0"
 xcoef=" 0 1 0 0 0 0"
 ycoef=" 0 0 1 0 0 0">
<Contour name="TB2 NF_10_cw" hidden="false" closed="true" simplified="true" border="1 1 0.501961" fill="1 1 0.501961" mode="15"
 points="71.1189 40.4477,
	71.1372 40.3989,
	71.1433 40.3501,
	71.1738 40.3013,
	71.2164 40.2586,
	71.2408 40.2464,
	71.2896 40.2464,
	71.314 40.2525,
	71.3628 40.283,
	71.4421 40.3684,
	71.4604 40.3928,
	71.4604 40.405,
	71.4787 40.4294,
	71.5153 40.527,
	71.5336 40.5758,
	71.5397 40.6733,
	71.5275 40.7221,
	71.5153 40.7465,
	71.4665 40.777,
	71.4177 40.7831,
	71.3689 40.7526,
	71.3445 40.7404,
	71.2957 40.6916,
	71.2713 40.6794,
	71.2469 40.655,
	71.2225 40.6428,
	71.1372 40.5453,
	71.125 40.5209,
	71.1189 40.4721,
	71.1189 40.4538,
	"/>
</Transform>

<Transform dim="0"
 xcoef=" 0 1 0 0 0 0"
 ycoef=" 0 0 1 0 0 0">
<Contour name="TB2 NF_26_cw" hidden="false" closed="true" simplified="true" border="0.992 0.867 0.443" fill="0.992 0.867 0.443" mode="15"
 points="64.0626 11.8047,
	64.0711 11.7706,
	64.0711 11.7535,
	64.0796 11.7365,
	64.0796 11.728,
	64.0967 11.7109,
	64.1308 11.6939,
	64.1606 11.6853,
	64.2288 11.6896,
	64.297 11.6853,
	64.3312 11.6811,
	64.3994 11.6853,
	64.4676 11.6811,
	64.5017 11.6725,
	64.5699 11.6427,
	64.7063 11.6342,
	64.7745 11.6342,
	64.8086 11.6342,
	64.8257 11.6384,
	64.8342 11.6342,
	64.9024 11.6384,
	65.0388 11.6256,
	65.0729 11.6384,
	65.1198 11.7066,
	65.1539 11.7194,
	65.188 11.7237,
	65.2563 11.7109,
	65.3245 11.6853,
	65.3586 11.6725,
	65.4268 11.6256,
	65.4609 11.6129,
	65.5291 11.6086,
	65.5973 11.6214,
	65.7337 11.6683,
	65.8019 11.6811,
	65.9384 11.6853,
	65.9725 11.6939,
	65.9895 11.6939,
	66.1259 11.7322,
	66.1942 11.7535,
	66.2283 11.7663,
	66.2453 11.7749,
	66.3135 11.7706,
	66.3476 11.7621,
	66.3817 11.7621,
	66.3903 11.7663,
	66.4244 11.7621,
	66.5608 11.7791,
	66.6972 11.809,
	66.9701 11.8857,
	67.2429 11.9411,
	67.277 11.9539,
	67.3111 11.9838,
	67.3793 12.0179,
	67.4134 12.0349,
	67.4305 12.0392,
	67.4944 12.0903,
	67.5797 12.2225,
	67.6181 12.2907,
	67.6351 12.3078,
	67.6735 12.376,
	67.6905 12.4442,
	67.7033 12.4783,
	67.7673 12.538,
	67.7971 12.5678,
	67.8184 12.6019,
	67.8269 12.636,
	67.8227 12.6701,
	67.7971 12.7383,
	67.7715 12.7724,
	67.7545 12.7852,
	67.6863 12.7895,
	67.6692 12.7852,
	67.6351 12.798,
	67.601 12.8193,
	67.5839 12.8364,
	67.5498 12.8492,
	67.4816 12.8449,
	67.4475 12.8407,
	67.4134 12.8534,
	67.3793 12.8748,
	67.3111 12.9344,
	67.277 12.9515,
	67.2599 12.96,
	67.2258 12.96,
	67.1917 12.9515,
	67.1747 12.9472,
	67.115 12.9003,
	67.0809 12.8833,
	67.0468 12.879,
	66.9104 12.8833,
	66.8763 12.8748,
	66.8422 12.8577,
	66.8251 12.8407,
	66.8038 12.8108,
	66.791 12.7767,
	66.7697 12.7426,
	66.7015 12.7469,
	66.6333 12.7682,
	66.6162 12.7724,
	66.5821 12.7682,
	66.5651 12.7639,
	66.5437 12.7298,
	66.5309 12.717,
	66.3945 12.6957,
	66.3775 12.7,
	66.3604 12.7128,
	66.2922 12.7085,
	66.2581 12.6914,
	66.2411 12.6829,
	66.1728 12.6744,
	65.9 12.6659,
	65.8318 12.6616,
	65.6954 12.636,
	65.6783 12.6275,
	65.6613 12.6275,
	65.6272 12.6104,
	65.6101 12.6062,
	65.576 12.5849,
	65.5419 12.555,
	65.4737 12.5124,
	65.4055 12.5081,
	65.3714 12.5124,
	65.3373 12.5081,
	65.3032 12.4868,
	65.2946 12.4783,
	65.2989 12.4101,
	65.2904 12.376,
	65.2605 12.3419,
	65.2563 12.2737,
	65.252 12.2395,
	65.2349 12.2054,
	65.2264 12.1884,
	65.1923 12.1671,
	65.1753 12.1628,
	65.1412 12.1756,
	65.1454 12.2438,
	65.1412 12.2779,
	65.1369 12.295,
	65.107 12.3291,
	65.09 12.3376,
	65.0559 12.3333,
	65.0005 12.2737,
	64.9578 12.2097,
	64.928 12.1799,
	64.9109 12.1628,
	64.9024 12.1458,
	64.8726 12.1117,
	64.864 12.1031,
	64.864 12.0946,
	64.8555 12.0861,
	64.8555 12.052,
	64.8726 11.9838,
	64.8768 11.9497,
	64.8726 11.9326,
	64.8555 11.9198,
	64.8385 11.9155,
	64.8342 11.9113,
	64.8172 11.9155,
	64.7873 11.9369,
	64.7532 11.9667,
	64.7362 11.9795,
	64.702 11.988,
	64.6679 11.9795,
	64.6552 11.971,
	64.6424 11.9539,
	64.6381 11.9198,
	64.6381 11.9028,
	64.6765 11.8345,
	64.6978 11.8004,
	64.6978 11.7663,
	64.6679 11.745,
	64.5997 11.7535,
	64.5656 11.7749,
	64.5486 11.7876,
	64.54 11.7876,
	64.523 11.8004,
	64.4889 11.809,
	64.4207 11.809,
	64.3866 11.7962,
	64.3184 11.7834,
	64.2843 11.7791,
	64.216 11.8004,
	64.1478 11.8303,
	64.1308 11.8388,
	64.118 11.8559,
	64.1009 11.8559,
	64.0668 11.826,
	64.0626 11.809,
	"/>
</Transform>

<Transform dim="0"
 xcoef=" 0 1 0 0 0 0"
 ycoef=" 0 0 1 0 0 0">
<Contour name="TB2 NF_26_cw" hidden="false" closed="true" simplified="true" border="0.992 0.867 0.443" fill="0.992 0.867 0.443" mode="15"
 points="60.4113 12.2269,
	60.4235 12.1942,
	60.4276 12.1778,
	60.4358 12.1697,
	60.4358 12.1615,
	60.4807 12.0961,
	60.4971 12.0798,
	60.5624 12.0512,
	60.6278 12.0349,
	60.6605 12.0349,
	60.7258 12.0185,
	60.7912 12.0144,
	60.8239 12.0226,
	60.8402 12.0185,
	60.8565 12.0226,
	60.8647 12.0267,
	60.8974 12.0185,
	60.9137 12.0144,
	60.9464 11.994,
	60.9587 11.9777,
	60.9709 11.9695,
	60.9995 11.9368,
	61.0322 11.9246,
	61.0649 11.9205,
	61.0976 11.9246,
	61.1629 11.945,
	61.1956 11.9491,
	61.261 11.9287,
	61.2773 11.9205,
	61.2855 11.9205,
	61.2937 11.9123,
	61.3263 11.9082,
	61.3427 11.9041,
	61.4734 11.9246,
	61.5388 11.945,
	61.6041 11.9572,
	61.6695 11.9613,
	61.7349 11.9736,
	61.8002 11.9981,
	61.8656 12.0063,
	61.9963 11.9981,
	62.0617 12.0022,
	62.0943 12.0022,
	62.1597 11.9858,
	62.1924 11.9899,
	62.2087 11.994,
	62.2414 12.0185,
	62.2537 12.0308,
	62.319 12.039,
	62.3844 12.0267,
	62.4498 12.0063,
	62.5805 11.9858,
	62.5968 11.9858,
	62.6295 11.9736,
	62.6949 11.9287,
	62.703 11.9205,
	62.7112 11.9205,
	62.7194 11.9123,
	62.8501 11.8633,
	62.8828 11.8551,
	62.891 11.8469,
	62.9563 11.8347,
	62.9645 11.8388,
	62.9808 11.8347,
	62.9972 11.8388,
	63.0299 11.8633,
	63.0421 11.8796,
	63.0544 11.9123,
	63.0584 11.9205,
	63.0748 11.9123,
	63.1401 11.8551,
	63.1524 11.8388,
	63.1851 11.8306,
	63.2504 11.8429,
	63.2586 11.8429,
	63.2709 11.8592,
	63.3036 11.8796,
	63.3362 11.9082,
	63.3607 11.9409,
	63.3812 12.0063,
	63.3853 12.0716,
	63.3648 12.137,
	63.3362 12.1697,
	63.324 12.186,
	63.2586 12.2146,
	63.1933 12.235,
	63.1769 12.2432,
	63.1687 12.2432,
	63.1361 12.2677,
	63.1034 12.3004,
	63.0707 12.3208,
	63.0625 12.329,
	62.9318 12.3535,
	62.8991 12.3576,
	62.8338 12.3944,
	62.8011 12.3984,
	62.7357 12.3903,
	62.6704 12.4107,
	62.6377 12.4311,
	62.6213 12.4393,
	62.4906 12.4434,
	62.4252 12.4638,
	62.3926 12.4761,
	62.3762 12.4842,
	62.3109 12.4842,
	62.2455 12.4761,
	62.1801 12.4761,
	62.1148 12.4638,
	62.0821 12.4393,
	62.0494 12.4352,
	61.9841 12.4393,
	61.8533 12.4761,
	61.8206 12.4924,
	61.8043 12.4965,
	61.7757 12.5169,
	61.743 12.5292,
	61.7349 12.5292,
	61.7185 12.5414,
	61.6858 12.5537,
	61.6532 12.5578,
	61.6205 12.5496,
	61.5878 12.5292,
	61.5551 12.5169,
	61.5224 12.5169,
	61.5061 12.5169,
	61.3754 12.5537,
	61.2446 12.6068,
	61.212 12.6109,
	61.1466 12.5986,
	61.1139 12.5823,
	61.0812 12.5782,
	61.0486 12.5659,
	60.9832 12.5578,
	60.9178 12.5864,
	60.8851 12.5945,
	60.7544 12.5864,
	60.6891 12.57,
	60.6237 12.5455,
	60.6074 12.5414,
	60.542 12.4965,
	60.5093 12.4761,
	60.4807 12.4434,
	60.4603 12.4107,
	60.4399 12.3453,
	60.4194 12.3127,
	60.4113 12.2963,
	60.4113 12.231,
	"/>
</Transform>

<Transform dim="0"
 xcoef=" 0 1 0 0 0 0"
 ycoef=" 0 0 1 0 0 0">
<Contour name="TB2 NF_26_cw" hidden="false" closed="true" simplified="true" border="0.992 0.867 0.443" fill="0.992 0.867 0.443" mode="15"
 points="52.3456 12.4951,
	52.3942 12.3005,
	52.4246 12.2032,
	52.4246 12.1789,
	52.455 12.0816,
	52.4976 11.9843,
	52.5097 11.9722,
	52.5158 11.9478,
	52.5827 11.8506,
	52.7651 11.6803,
	52.8077 11.6438,
	52.8685 11.5526,
	52.9171 11.5161,
	52.9293 11.504,
	53.0266 11.4675,
	53.0752 11.4432,
	53.1725 11.3763,
	53.215 11.3337,
	53.2819 11.2364,
	53.4643 11.0784,
	53.513 11.0419,
	53.5373 11.0176,
	53.7258 10.896,
	53.9204 10.7622,
	54.0116 10.6892,
	54.1028 10.6467,
	54.2973 10.6588,
	54.346 10.6527,
	54.5406 10.6831,
	54.6378 10.7075,
	54.7169 10.7987,
	54.7899 10.9932,
	54.7899 11.0419,
	54.7595 11.1392,
	54.7108 11.2364,
	54.6743 11.2851,
	54.5831 11.352,
	54.5345 11.3824,
	54.5102 11.3885,
	54.498 11.4006,
	54.4007 11.4371,
	54.2122 11.5405,
	54.1636 11.5709,
	54.0724 11.656,
	54.0359 11.6864,
	53.969 11.7837,
	53.9386 11.8323,
	53.9204 11.9296,
	53.9204 11.9539,
	53.8778 12.0026,
	53.8535 12.0512,
	53.8596 12.0999,
	53.8474 12.1242,
	53.8048 12.1728,
	53.7988 12.185,
	53.8109 12.2032,
	53.8352 12.2275,
	53.8413 12.2519,
	53.8352 12.2762,
	53.8109 12.3005,
	53.8048 12.3492,
	53.8109 12.5437,
	53.7988 12.5924,
	53.7866 12.6167,
	53.738 12.6653,
	53.6893 12.6957,
	53.4947 12.7748,
	53.3975 12.793,
	53.3488 12.7991,
	53.3002 12.8173,
	53.2515 12.8173,
	53.209 12.8599,
	53.1603 12.8781,
	53.1117 12.8781,
	53.0874 12.8842,
	53.063 12.9329,
	53.0144 12.9633,
	52.9658 12.9633,
	52.9414 12.9572,
	52.8928 12.9754,
	52.8806 12.9876,
	52.832 12.9997,
	52.7894 12.9815,
	52.7408 12.945,
	52.6435 12.8903,
	52.6192 12.8781,
	52.5705 12.8842,
	52.5219 12.8781,
	52.4732 12.8842,
	52.4489 12.8781,
	52.4246 12.8538,
	52.4064 12.8052,
	52.4003 12.7565,
	52.376 12.7079,
	52.3577 12.6836,
	52.3456 12.6349,
	52.3456 12.5376,
	52.3456 12.5133,
	52.3456 12.5012,
	"/>
</Transform>

<Transform dim="0"
 xcoef=" 0 1 0 0 0 0"
 ycoef=" 0 0 1 0 0 0">
<Contour name="TB2 NF_26_cw" hidden="false" closed="true" simplified="true" border="0.992 0.867 0.443" fill="0.992 0.867 0.443" mode="15"
 points="54.8811 10.7135,
	54.8871 10.6649,
	54.9115 10.6163,
	54.9601 10.5737,
	54.9723 10.5737,
	55.0209 10.5433,
	55.1182 10.5129,
	55.1668 10.5007,
	55.1912 10.5007,
	55.2398 10.4825,
	55.2884 10.4764,
	55.3371 10.4521,
	55.3614 10.446,
	55.41 10.4156,
	55.5073 10.3913,
	55.6046 10.3426,
	55.7019 10.2636,
	55.787 10.1724,
	55.8235 10.1237,
	55.9208 10.0386,
	56.0181 9.97782,
	56.0667 9.95958,
	56.091 9.94742,
	56.1397 9.94134,
	56.1883 9.9231,
	56.2856 9.90486,
	56.4802 9.83797,
	56.5288 9.81973,
	56.5531 9.81973,
	56.6018 9.80149,
	56.6991 9.78325,
	56.7234 9.78933,
	56.772 9.78325,
	56.9666 9.80149,
	56.9909 9.80757,
	57.0153 9.82581,
	57.0031 9.87446,
	56.9301 9.97174,
	56.845 10.069,
	56.8085 10.1177,
	56.7842 10.1359,
	56.772 10.1542,
	56.6808 10.2454,
	56.5896 10.3183,
	56.541 10.3609,
	56.5167 10.373,
	56.3343 10.5555,
	56.237 10.6345,
	56.1883 10.6588,
	56.164 10.671,
	56.1518 10.6831,
	56.1397 10.6831,
	56.1154 10.7014,
	56.0181 10.7318,
	55.9208 10.7318,
	55.8235 10.7196,
	55.7749 10.7135,
	55.7262 10.7196,
	55.7019 10.7257,
	55.6654 10.7683,
	55.6472 10.8169,
	55.6107 10.8655,
	55.5925 10.9628,
	55.5864 10.9872,
	55.5499 11.0358,
	55.5013 11.0784,
	55.404 11.1331,
	55.3553 11.1574,
	55.258 11.1756,
	55.1608 11.1756,
	55.1121 11.1635,
	55.0635 11.127,
	54.9783 11.0358,
	54.954 11.0115,
	54.9054 10.9142,
	54.8871 10.8169,
	54.8811 10.7196,
	"/>
</Transform>

<Transform dim="0"
 xcoef=" 0 1 0 0 0 0"
 ycoef=" 0 0 1 0 0 0">
<Contour name="TB2_T2C-02_AM_10" hidden="false" closed="true" simplified="true" border="1 0.5 0" fill="1 0.5 0" mode="15"
 points="77.7206 34.9083,
	77.7744 34.7648,
	77.8731 34.6212,
	78.0166 34.5315,
	78.1602 34.4687,
	78.2319 34.4508,
	78.3037 34.4597,
	78.3306 34.4956,
	78.3396 34.6392,
	78.3306 34.7109,
	78.3127 34.7468,
	78.3127 34.7648,
	78.0435 35.0339,
	77.9718 35.0967,
	77.9 35.1326,
	77.8282 35.1326,
	77.7565 35.1057,
	77.7295 35.0339,
	77.7206 34.9621,
	77.7206 34.9263,
	77.7206 34.9173,
	"/>
<Contour name="TB2_T2C-02_AM_10" hidden="false" closed="true" simplified="true" border="1 0.5 0" fill="1 0.5 0" mode="15"
 points="78.3576 34.4956,
	78.3665 34.4239,
	78.3934 34.3521,
	78.4473 34.2893,
	78.519 34.2624,
	78.5908 34.2534,
	78.7344 34.3341,
	78.7972 34.4059,
	78.8241 34.4777,
	78.8241 34.5495,
	78.8061 34.5853,
	78.8061 34.6212,
	78.7254 34.7648,
	78.6805 34.8276,
	78.6088 34.8724,
	78.5729 34.8904,
	78.5549 34.8814,
	78.5729 34.8545,
	78.5011 34.8545,
	78.4473 34.7917,
	78.3845 34.6481,
	78.3665 34.6123,
	78.3576 34.5405,
	78.3576 34.5046,
	"/>
</Transform>

</Section>